TOP File         : H:\Zeus\ZeusJune2005\data\top\problems\PROB1-4-r.prn
No. of members   : 11
No. of Shipments : 32

Shipments
1  10.5  14.4  0.0  
2  18.0  15.9  10.0  
3  18.3  13.3  10.0  
4  16.5  9.3  10.0  
5  15.4  11.0  10.0  
6  14.9  13.2  5.0  
7  16.3  13.3  5.0  
8  16.4  17.8  5.0  
9  15.0  17.9  5.0  
10  16.1  19.6  10.0  
11  15.7  20.6  10.0  
12  13.2  20.1  10.0  
13  14.3  15.3  5.0  
14  14.0  5.1  10.0  
15  11.4  6.7  15.0  
16  8.3  5.0  15.0  
17  7.9  9.8  10.0  
18  11.4  12.0  5.0  
19  11.2  17.6  5.0  
20  10.1  18.7  5.0  
21  11.7  20.3  10.0  
22  10.2  22.1  10.0  
23  9.7  23.8  10.0  
24  10.1  26.4  15.0  
25  7.4  24.0  15.0  
26  8.2  19.9  15.0  
27  8.7  17.7  10.0  
28  8.9  13.6  10.0  
29  5.6  11.1  10.0  
30  4.9  18.9  10.0  
31  7.3  18.8  10.0  
32  11.2  14.1  0.0  
Depot
0  10.5  14.4  11.2  14.1  