32
-1 null 0 0.0 0.0 0.0
1 1 0 10.5 14.399999618530273 0.0
2 1 0 18.0 15.899999618530273 0.0
3 1 0 18.299999237060547 13.300000190734863 0.0
4 1 0 16.5 9.300000190734863 0.0
5 1 0 15.399999618530273 11.0 0.0
6 1 0 14.899999618530273 13.199999809265137 0.0
7 1 0 16.299999237060547 13.300000190734863 0.0
8 1 0 16.399999618530273 17.799999237060547 0.0
9 1 0 15.0 17.899999618530273 0.0
10 1 0 16.100000381469727 19.600000381469727 0.0
11 1 0 15.699999809265137 20.600000381469727 0.0
12 1 0 13.199999809265137 20.100000381469727 0.0
13 1 0 14.300000190734863 15.300000190734863 0.0
14 1 0 14.0 5.099999904632568 0.0
15 1 0 11.399999618530273 6.699999809265137 0.0
16 1 0 8.300000190734863 5.0 0.0
17 1 0 7.900000095367432 9.800000190734863 0.0
18 1 0 11.399999618530273 12.0 0.0
19 1 0 11.199999809265137 17.600000381469727 0.0
20 1 0 10.100000381469727 18.700000762939453 0.0
21 1 0 11.699999809265137 20.299999237060547 0.0
22 1 0 10.199999809265137 22.100000381469727 0.0
23 1 0 9.699999809265137 23.799999237060547 0.0
24 1 0 10.100000381469727 26.399999618530273 0.0
25 1 0 7.400000095367432 24.0 0.0
26 1 0 8.199999809265137 19.899999618530273 0.0
27 1 0 8.699999809265137 17.700000762939453 0.0
28 1 0 8.899999618530273 13.600000381469727 0.0
29 1 0 5.599999904632568 11.100000381469727 0.0
30 1 0 4.900000095367432 18.899999618530273 0.0
31 1 0 7.300000190734863 18.799999237060547 0.0
32 1 0 11.199999809265137 14.100000381469727 0.0
