2
0 18.190000534057617 6.320000171661377 816.0 319.4080810546875 3
0 1 327.0 53.26839828491211 1.0E9 53.29999923706055 16
23 21 15.880000114440918 5.539999961853027 1
7 26 14.779999732971191 7.610000133514404 1
14 27 16.709999084472656 9.5 1
10 21 14.90999984741211 17.239999771118164 1
80 19 14.239999771118164 18.799999237060547 1
22 13 14.199999809265137 19.639999389648438 1
88 17 13.609999656677246 21.1200008392334 1
17 27 11.619999885559082 24.0 1
26 8 16.760000228881836 19.84000015258789 1
20 13 17.860000610351562 19.360000610351562 1
42 27 22.780000686645508 15.420000076293945 1
29 24 20.489999771118164 14.029999732971191 1
81 8 20.489999771118164 13.59000015258789 1
96 24 18.6299991607666 4.300000190734863 1
3 24 16.93000030517578 2.0899999141693115 1
50 28 17.459999084472656 2.559999942779541 1
1 1 229.0 53.28309631347656 1.0E9 53.29999923706055 12
87 11 10.350000381469727 6.179999828338623 1
84 24 7.489999771118164 6.590000152587891 1
63 25 6.480000019073486 2.4600000381469727 1
18 23 10.239999771118164 3.0199999809265137 1
92 22 14.5 0.30000001192092896 1
47 3 16.31999969482422 3.7300000190734863 1
30 8 20.899999618530273 7.670000076293945 1
57 21 21.479999542236328 10.300000190734863 1
54 23 28.469999313354492 6.079999923706055 1
58 18 29.079999923706055 2.619999885559082 1
40 24 28.8799991607666 0.8600000143051147 1
64 27 26.700000762939453 3.440000057220459 1
2 1 260.0 53.15254592895508 1.0E9 53.29999923706055 18
41 14 19.600000381469727 2.109999895095825 1
66 2 20.299999237060547 3.859999895095825 1
9 16 18.40999984741211 11.880000114440918 1
67 17 17.020000457763672 12.329999923706055 1
52 17 11.960000038146973 13.149999618530273 1
97 12 7.289999961853027 16.280000686645508 1
76 21 3.690000057220459 14.329999923706055 1
82 1 3.299999952316284 17.860000610351562 1
24 23 1.3200000524520874 19.31999969482422 1
78 19 1.5700000524520874 19.84000015258789 1
74 13 3.0799999237060547 21.030000686645508 1
55 17 6.519999980926514 19.420000076293945 1
62 13 6.820000171661377 21.100000381469727 1
39 8 7.0 21.440000534057617 1
45 20 4.309999942779541 23.1200008392334 1
19 18 3.5399999618530273 26.15999984741211 1
31 5 2.75 25.399999618530273 1
8 24 2.4100000858306885 25.059999465942383 1
1 2.380000114440918 18.260000228881836 0.0 0.0 0
