31
1 1 20 12.600000381469727 24.899999618530273
2 1 20 14.399999618530273 28.0
3 1 20 16.899999618530273 28.100000381469727
4 1 20 20.700000762939453 28.200000762939453
5 1 20 12.5 26.600000381469727
6 1 20 21.799999237060547 27.299999237060547
7 1 20 12.5 22.600000381469727
8 1 30 22.5 17.0
9 1 30 19.899999618530273 15.0
10 1 30 14.899999618530273 15.100000381469727
11 1 30 11.5 18.600000381469727
12 1 30 12.399999618530273 29.799999237060547
13 1 30 17.799999237060547 28.100000381469727
14 1 40 9.100000381469727 29.799999237060547
15 1 40 10.0 32.599998474121094
16 1 40 13.899999618530273 33.099998474121094
17 1 40 19.950000762939453 10.300000190734863
18 1 40 15.199999809265137 8.0
19 1 50 14.699999809265137 31.200000762939453
20 1 50 7.400000095367432 36.5
21 1 50 21.0 25.5
22 1 10 18.0 25.299999237060547
23 1 10 19.5 24.700000762939453
24 1 10 21.399999618530273 21.799999237060547
25 1 10 16.0 21.399999618530273
26 1 10 18.649999618530273 26.200000762939453
27 1 10 17.899999618530273 28.899999618530273
28 1 20 14.300000190734863 19.899999618530273
29 1 20 17.0 19.0
30 1 20 10.800000190734863 21.0
31 1 10 15.699999809265137 23.700000762939453
