2
0 18.190000534057617 6.320000171661377 1300.0 488.2476806640625 10
0 1 361.0 53.29937744140625 1.0E9 53.29999923706055 16
96 24 18.6299991607666 4.300000190734863 1
50 28 17.459999084472656 2.559999942779541 1
3 24 16.93000030517578 2.0899999141693115 1
23 21 15.880000114440918 5.539999961853027 1
7 26 14.779999732971191 7.610000133514404 1
14 27 16.709999084472656 9.5 1
10 21 14.90999984741211 17.239999771118164 1
80 19 14.239999771118164 18.799999237060547 1
22 13 14.199999809265137 19.639999389648438 1
88 17 13.609999656677246 21.1200008392334 1
17 27 11.619999885559082 24.0 1
1 7 15.520000457763672 28.030000686645508 1
13 27 17.540000915527344 29.43000030517578 1
5 23 18.43000030517578 29.93000030517578 1
95 28 26.649999618530273 20.040000915527344 1
83 29 28.719999313354492 20.920000076293945 1
1 1 211.0 52.95287322998047 1.0E9 53.29999923706055 10
94 8 10.920000076293945 4.130000114440918 1
63 25 6.480000019073486 2.4600000381469727 1
18 23 10.239999771118164 3.0199999809265137 1
41 14 19.600000381469727 2.109999895095825 1
64 27 26.700000762939453 3.440000057220459 1
54 23 28.469999313354492 6.079999923706055 1
72 16 27.219999313354492 11.979999542236328 1
77 24 26.93000030517578 13.0600004196167 1
27 24 27.5 17.65999984741211 1
42 27 22.780000686645508 15.420000076293945 1
2 1 212.0 53.2276496887207 1.0E9 53.29999923706055 14
40 24 28.8799991607666 0.8600000143051147 1
58 18 29.079999923706055 2.619999885559082 1
16 6 25.690000534057617 6.340000152587891 1
57 21 21.479999542236328 10.300000190734863 1
81 8 20.489999771118164 13.59000015258789 1
29 24 20.489999771118164 14.029999732971191 1
79 13 19.010000228881836 14.359999656677246 1
85 1 12.1899995803833 16.110000610351562 1
55 17 6.519999980926514 19.420000076293945 1
62 13 6.820000171661377 21.100000381469727 1
45 20 4.309999942779541 23.1200008392334 1
19 18 3.5399999618530273 26.15999984741211 1
31 5 2.75 25.399999618530273 1
8 24 2.4100000858306885 25.059999465942383 1
0 1 175.0 53.15317916870117 1.0E9 53.29999923706055 11
47 3 16.31999969482422 3.7300000190734863 1
92 22 14.5 0.30000001192092896 1
9 16 18.40999984741211 11.880000114440918 1
67 17 17.020000457763672 12.329999923706055 1
52 17 11.960000038146973 13.149999618530273 1
97 12 7.289999961853027 16.280000686645508 1
82 1 3.299999952316284 17.860000610351562 1
78 19 1.5700000524520874 19.84000015258789 1
24 23 1.3200000524520874 19.31999969482422 1
76 21 3.690000057220459 14.329999923706055 1
84 24 7.489999771118164 6.590000152587891 1
0 1 156.0 52.975894927978516 1.0E9 53.29999923706055 15
34 11 13.569999694824219 9.40999984741211 1
59 14 22.540000915527344 18.260000228881836 1
20 13 17.860000610351562 19.360000610351562 1
38 13 19.1200008392334 20.200000762939453 1
28 15 19.40999984741211 20.670000076293945 1
61 4 21.610000610351562 23.15999984741211 1
37 13 22.690000534057617 23.1299991607666 1
91 2 21.56999969482422 24.06999969482422 1
25 16 20.5 25.329999923706055 1
46 5 19.68000030517578 25.6200008392334 1
75 3 12.65999984741211 26.020000457763672 1
90 16 12.579999923706055 26.639999389648438 1
15 1 12.380000114440918 26.65999984741211 1
48 13 7.139999866485596 25.899999618530273 1
12 17 13.4399995803833 24.760000228881836 1
0 1 87.0 52.88107681274414 1.0E9 53.29999923706055 9
87 11 10.350000381469727 6.179999828338623 1
74 13 3.0799999237060547 21.030000686645508 1
36 10 0.44999998807907104 23.350000381469727 1
89 13 0.25999999046325684 14.369999885559082 1
49 6 1.0399999618530273 13.470000267028809 1
44 5 0.5099999904632568 11.0600004196167 1
35 7 0.30000001192092896 9.15999984741211 1
33 9 0.4300000071525574 1.1200000047683716 1
70 13 1.3799999952316284 3.3299999237060547 1
0 1 55.0 53.29104995727539 1.0E9 53.29999923706055 9
86 10 17.520000457763672 0.9700000286102295 1
43 1 13.510000228881836 8.050000190734863 1
4 3 8.640000343322754 19.850000381469727 1
39 8 7.0 21.440000534057617 1
69 4 13.970000267028809 18.489999771118164 1
32 3 16.100000381469727 19.739999771118164 1
26 8 16.760000228881836 19.84000015258789 1
30 8 20.899999618530273 7.670000076293945 1
73 10 22.049999237060547 7.739999771118164 1
0 1 29.0 50.53898620605469 1.0E9 53.29999923706055 7
53 2 22.850000381469727 14.850000381469727 1
51 5 23.399999618530273 17.75 1
11 6 7.139999866485596 0.47999998927116394 1
21 1 3.7699999809265137 7.840000152587891 1
98 5 4.340000152587891 9.510000228881836 1
6 3 3.940000057220459 10.770000457763672 1
60 7 4.460000038146973 7.849999904632568 1
0 1 12.0 47.7579345703125 1.0E9 53.29999923706055 5
66 2 20.299999237060547 3.859999895095825 1
71 1 14.25 23.829999923706055 1
68 3 0.20000000298023224 24.799999237060547 1
65 1 7.03000020980835 28.1200008392334 1
2 5 9.0 28.010000228881836 1
0 1 2.0 18.16965103149414 1.0E9 53.29999923706055 1
93 2 25.600000381469727 22.90999984741211 1
1 2.380000114440918 18.260000228881836 0.0 0.0 0
