File: p01 Num Depots: 1 Num Pick Up Points: 45 Num Trucks: 5Processing Time: 68 seconds
Total Demand = 880.00| Total Distance = 1584.77| Total Travel Time = 1188.58| Total Cost = $1584.77|

Truck #1 MaxCap: 20 Demand: 20.0 ROUTE:0 504 497 492 132 156 595 594 733 732 240 234 231 214 304 289 286 278 277 369 672 -1 
Truck #2 MaxCap: 40 Demand: 40.0 ROUTE:0 63 59 585 584 580 558 91 86 722 719 707 706 420 413 409 406 551 539 444 442 436 343 336 335 796 775 773 51 629 616 185 177 165 158 365 364 357 489 757 263 -1 
Truck #3 MaxCap: 60 Demand: 7.0 ROUTE:0 876 869 389 276 79 75 68 -1 
Truck #4 MaxCap: 40 Demand: 40.0 ROUTE:0 137 147 246 245 244 243 242 241 239 238 237 236 235 233 232 230 229 228 227 226 225 224 223 222 221 220 219 218 217 216 215 213 212 290 284 283 381 685 676 673 -1 
Truck #5 MaxCap: 80 Demand: 80.0 ROUTE:0 248 247 749 739 736 207 204 198 195 614 612 604 593 491 367 366 363 362 361 360 359 358 356 355 849 848 847 846 845 844 843 184 183 182 181 180 179 178 176 175 174 173 172 171 170 169 168 167 166 164 163 162 161 160 159 157 765 764 797 778 766 261 254 249 339 509 508 507 506 505 503 502 501 500 499 498 496 495 494 493 -1 
Truck #6 MaxCap: 120 Demand: 76.0 ROUTE:0 71 70 120 111 44 41 40 33 31 574 573 572 571 569 880 879 878 877 875 874 873 872 871 870 868 867 866 865 864 863 862 861 860 526 524 275 272 268 567 97 96 309 308 403 399 429 423 415 555 554 528 15 5 2 821 816 334 328 326 322 472 466 465 463 456 452 859 858 857 856 855 854 853 852 851 850 -1 
Truck #7 MaxCap: 60 Demand: 60.0 ROUTE:0 155 154 153 152 151 150 149 148 146 145 144 143 142 141 382 380 379 378 377 376 375 374 373 372 371 370 368 291 288 287 285 282 281 280 279 699 698 697 696 695 694 693 692 691 690 689 688 687 686 684 683 682 681 680 679 678 677 675 674 671 -1 
Truck #8 MaxCap: 100 Demand: 100.0 ROUTE:0 140 139 138 136 135 134 133 131 130 129 128 127 126 307 306 305 303 302 301 300 299 298 297 296 295 294 293 292 748 747 746 745 744 743 742 741 740 738 737 735 734 731 730 729 728 727 726 211 210 209 208 206 205 203 202 201 200 199 197 196 194 193 192 191 190 189 188 187 186 615 613 611 610 609 608 607 606 605 603 602 601 600 599 598 597 596 592 591 264 262 260 259 258 257 256 255 253 252 251 250 -1 
Truck #9 MaxCap: 160 Demand: 160.0 ROUTE:0 354 353 352 351 350 349 348 347 346 345 344 342 341 340 338 337 798 795 794 793 792 791 790 789 788 787 786 785 784 783 782 781 780 779 777 776 774 772 771 770 769 768 767 55 54 53 52 50 49 48 47 46 45 333 332 331 330 329 327 325 324 323 321 320 319 318 317 316 657 656 655 654 653 652 651 650 649 648 647 646 645 644 450 449 448 447 446 445 477 476 475 474 473 471 470 469 468 467 464 462 461 460 459 458 457 455 454 453 451 643 642 641 640 639 638 637 636 635 634 633 632 631 630 628 627 626 625 624 623 622 621 620 619 618 617 490 488 487 486 485 484 483 482 481 480 479 478 763 762 761 760 759 758 756 755 754 753 752 751 750 -1 
Truck #10 MaxCap: 60 Demand: 60.0 ROUTE:0 125 124 123 122 121 119 118 117 116 115 114 113 112 110 109 108 107 839 838 837 836 835 834 833 832 831 830 829 828 827 826 825 813 812 811 810 809 808 807 806 805 804 803 802 801 800 799 670 669 668 667 666 665 664 663 662 661 660 659 658 -1 
Truck #11 MaxCap: 60 Demand: 60.0 ROUTE:0 18 17 16 14 13 12 11 10 9 8 7 6 4 3 1 824 823 822 820 819 818 817 815 814 842 841 840 443 441 440 439 438 437 435 434 433 530 529 527 43 42 39 38 37 36 35 34 32 30 29 28 27 26 25 24 23 22 21 20 19 -1 
Truck #12 MaxCap: 60 Demand: 60.0 ROUTE:0 590 589 588 587 586 583 582 581 579 578 577 576 575 570 703 702 701 700 432 431 430 428 427 426 425 424 422 421 419 418 417 416 414 412 411 410 408 407 405 553 552 550 549 548 547 546 545 544 543 542 541 540 538 537 536 535 534 533 532 531 -1 
Truck #13 MaxCap: 60 Demand: 60.0 ROUTE:0 74 73 72 69 67 66 65 64 62 61 60 58 57 56 568 566 565 564 563 562 561 560 559 557 556 106 105 104 103 102 101 100 99 98 95 94 93 92 90 89 88 87 725 724 723 721 720 718 717 716 715 714 713 712 711 710 709 708 705 704 -1 
Truck #14 MaxCap: 60 Demand: 57.0 ROUTE:0 525 523 522 521 520 519 518 517 516 515 514 513 512 511 510 274 273 271 270 269 267 266 265 315 314 313 312 311 310 404 402 401 400 398 397 396 395 394 393 392 391 390 388 387 386 385 384 383 85 84 83 82 81 80 78 77 76 -1 


Inital Solution 0 changes  totQ=880.00 totD=1584.77 $1584.77
Sharing 0 changes  totQ=880.00 totD=1584.77 $1584.77
