1
0 40.0 40.0 880.0 1584.7744140625 14
1 1 20.0 133.18984985351562 20 500 22
0 0 40.0 40.0 D
504 1 41.0 46.0 1
497 1 41.0 46.0 1
492 1 41.0 46.0 1
132 1 50.0 50.0 1
156 1 55.0 45.0 1
595 1 31.0 76.0 1
594 1 31.0 76.0 1
733 1 47.0 66.0 1
732 1 47.0 66.0 1
240 1 55.0 65.0 1
234 1 55.0 65.0 1
231 1 55.0 65.0 1
214 1 55.0 65.0 1
304 1 62.0 57.0 1
289 1 62.0 57.0 1
286 1 62.0 57.0 1
278 1 62.0 57.0 1
277 1 62.0 57.0 1
369 1 62.0 48.0 1
672 1 50.0 40.0 1
-1 0 40.0 40.0 D
2 1 40.0 204.9083251953125 40 500 42
0 0 40.0 40.0 D
63 1 45.0 35.0 1
59 1 45.0 35.0 1
585 1 43.0 26.0 1
584 1 43.0 26.0 1
580 1 43.0 26.0 1
558 1 52.0 26.0 1
91 1 55.0 20.0 1
86 1 55.0 20.0 1
722 1 60.0 15.0 1
719 1 60.0 15.0 1
707 1 54.0 10.0 1
706 1 54.0 10.0 1
420 1 44.0 13.0 1
413 1 44.0 13.0 1
409 1 44.0 13.0 1
406 1 44.0 13.0 1
551 1 35.0 16.0 1
539 1 35.0 16.0 1
444 1 26.0 13.0 1
442 1 26.0 13.0 1
436 1 26.0 13.0 1
343 1 33.0 44.0 1
336 1 33.0 44.0 1
335 1 33.0 44.0 1
796 1 30.0 50.0 1
775 1 30.0 50.0 1
773 1 30.0 50.0 1
51 1 21.0 45.0 1
629 1 22.0 53.0 1
616 1 22.0 53.0 1
185 1 26.0 59.0 1
177 1 26.0 59.0 1
165 1 26.0 59.0 1
158 1 26.0 59.0 1
365 1 9.0 56.0 1
364 1 9.0 56.0 1
357 1 9.0 56.0 1
489 1 17.0 64.0 1
757 1 30.0 60.0 1
263 1 35.0 51.0 1
-1 0 40.0 40.0 D
3 1 7.0 82.21817779541016 60 500 9
0 0 40.0 40.0 D
876 1 50.0 30.0 1
869 1 50.0 30.0 1
389 1 66.0 14.0 1
276 1 62.0 35.0 1
79 1 45.0 35.0 1
75 1 45.0 35.0 1
68 1 45.0 35.0 1
-1 0 40.0 40.0 D
4 2 40.0 85.26555633544922 40 500 42
0 0 40.0 40.0 D
137 1 50.0 50.0 2
147 1 55.0 45.0 2
246 1 55.0 65.0 2
245 1 55.0 65.0 2
244 1 55.0 65.0 2
243 1 55.0 65.0 2
242 1 55.0 65.0 2
241 1 55.0 65.0 2
239 1 55.0 65.0 2
238 1 55.0 65.0 2
237 1 55.0 65.0 2
236 1 55.0 65.0 2
235 1 55.0 65.0 2
233 1 55.0 65.0 2
232 1 55.0 65.0 2
230 1 55.0 65.0 2
229 1 55.0 65.0 2
228 1 55.0 65.0 2
227 1 55.0 65.0 2
226 1 55.0 65.0 2
225 1 55.0 65.0 2
224 1 55.0 65.0 2
223 1 55.0 65.0 2
222 1 55.0 65.0 2
221 1 55.0 65.0 2
220 1 55.0 65.0 2
219 1 55.0 65.0 2
218 1 55.0 65.0 2
217 1 55.0 65.0 2
216 1 55.0 65.0 2
215 1 55.0 65.0 2
213 1 55.0 65.0 2
212 1 55.0 65.0 2
290 1 62.0 57.0 2
284 1 62.0 57.0 2
283 1 62.0 57.0 2
381 1 62.0 48.0 2
685 1 50.0 40.0 2
676 1 50.0 40.0 2
673 1 50.0 40.0 2
-1 0 40.0 40.0 D
5 2 80.0 154.7598876953125 80 500 82
0 0 40.0 40.0 D
248 1 55.0 65.0 2
247 1 55.0 65.0 2
749 1 47.0 66.0 2
739 1 47.0 66.0 2
736 1 47.0 66.0 2
207 1 40.0 66.0 2
204 1 40.0 66.0 2
198 1 40.0 66.0 2
195 1 40.0 66.0 2
614 1 31.0 76.0 2
612 1 31.0 76.0 2
604 1 31.0 76.0 2
593 1 31.0 76.0 2
491 1 17.0 64.0 2
367 1 9.0 56.0 2
366 1 9.0 56.0 2
363 1 9.0 56.0 2
362 1 9.0 56.0 2
361 1 9.0 56.0 2
360 1 9.0 56.0 2
359 1 9.0 56.0 2
358 1 9.0 56.0 2
356 1 9.0 56.0 2
355 1 9.0 56.0 2
849 1 21.0 48.0 2
848 1 21.0 48.0 2
847 1 21.0 48.0 2
846 1 21.0 48.0 2
845 1 21.0 48.0 2
844 1 21.0 48.0 2
843 1 21.0 48.0 2
184 1 26.0 59.0 2
183 1 26.0 59.0 2
182 1 26.0 59.0 2
181 1 26.0 59.0 2
180 1 26.0 59.0 2
179 1 26.0 59.0 2
178 1 26.0 59.0 2
176 1 26.0 59.0 2
175 1 26.0 59.0 2
174 1 26.0 59.0 2
173 1 26.0 59.0 2
172 1 26.0 59.0 2
171 1 26.0 59.0 2
170 1 26.0 59.0 2
169 1 26.0 59.0 2
168 1 26.0 59.0 2
167 1 26.0 59.0 2
166 1 26.0 59.0 2
164 1 26.0 59.0 2
163 1 26.0 59.0 2
162 1 26.0 59.0 2
161 1 26.0 59.0 2
160 1 26.0 59.0 2
159 1 26.0 59.0 2
157 1 26.0 59.0 2
765 1 30.0 60.0 2
764 1 30.0 60.0 2
797 1 30.0 50.0 2
778 1 30.0 50.0 2
766 1 30.0 50.0 2
261 1 35.0 51.0 2
254 1 35.0 51.0 2
249 1 35.0 51.0 2
339 1 33.0 44.0 2
509 1 41.0 46.0 2
508 1 41.0 46.0 2
507 1 41.0 46.0 2
506 1 41.0 46.0 2
505 1 41.0 46.0 2
503 1 41.0 46.0 2
502 1 41.0 46.0 2
501 1 41.0 46.0 2
500 1 41.0 46.0 2
499 1 41.0 46.0 2
498 1 41.0 46.0 2
496 1 41.0 46.0 2
495 1 41.0 46.0 2
494 1 41.0 46.0 2
493 1 41.0 46.0 2
-1 0 40.0 40.0 D
6 2 76.0 225.5826416015625 120 500 78
0 0 40.0 40.0 D
71 1 45.0 35.0 2
70 1 45.0 35.0 2
120 1 33.0 34.0 2
111 1 33.0 34.0 2
44 1 36.0 26.0 2
41 1 36.0 26.0 2
40 1 36.0 26.0 2
33 1 36.0 26.0 2
31 1 36.0 26.0 2
574 1 43.0 26.0 2
573 1 43.0 26.0 2
572 1 43.0 26.0 2
571 1 43.0 26.0 2
569 1 43.0 26.0 2
880 1 50.0 30.0 2
879 1 50.0 30.0 2
878 1 50.0 30.0 2
877 1 50.0 30.0 2
875 1 50.0 30.0 2
874 1 50.0 30.0 2
873 1 50.0 30.0 2
872 1 50.0 30.0 2
871 1 50.0 30.0 2
870 1 50.0 30.0 2
868 1 50.0 30.0 2
867 1 50.0 30.0 2
866 1 50.0 30.0 2
865 1 50.0 30.0 2
864 1 50.0 30.0 2
863 1 50.0 30.0 2
862 1 50.0 30.0 2
861 1 50.0 30.0 2
860 1 50.0 30.0 2
526 1 55.0 34.0 2
524 1 55.0 34.0 2
275 1 62.0 35.0 2
272 1 62.0 35.0 2
268 1 62.0 35.0 2
567 1 52.0 26.0 2
97 1 55.0 20.0 2
96 1 55.0 20.0 2
309 1 62.0 24.0 2
308 1 62.0 24.0 2
403 1 66.0 14.0 2
399 1 66.0 14.0 2
429 1 44.0 13.0 2
423 1 44.0 13.0 2
415 1 44.0 13.0 2
555 1 35.0 16.0 2
554 1 35.0 16.0 2
528 1 35.0 16.0 2
15 1 22.0 22.0 2
5 1 22.0 22.0 2
2 1 22.0 22.0 2
821 1 15.0 14.0 2
816 1 15.0 14.0 2
334 1 21.0 36.0 2
328 1 21.0 36.0 2
326 1 21.0 36.0 2
322 1 21.0 36.0 2
472 1 7.0 43.0 2
466 1 7.0 43.0 2
465 1 7.0 43.0 2
463 1 7.0 43.0 2
456 1 7.0 43.0 2
452 1 7.0 43.0 2
859 1 21.0 48.0 2
858 1 21.0 48.0 2
857 1 21.0 48.0 2
856 1 21.0 48.0 2
855 1 21.0 48.0 2
854 1 21.0 48.0 2
853 1 21.0 48.0 2
852 1 21.0 48.0 2
851 1 21.0 48.0 2
850 1 21.0 48.0 2
-1 0 40.0 40.0 D
7 4 60.0 63.506996154785156 60 500 62
0 0 40.0 40.0 D
155 1 55.0 45.0 4
154 1 55.0 45.0 4
153 1 55.0 45.0 4
152 1 55.0 45.0 4
151 1 55.0 45.0 4
150 1 55.0 45.0 4
149 1 55.0 45.0 4
148 1 55.0 45.0 4
146 1 55.0 45.0 4
145 1 55.0 45.0 4
144 1 55.0 45.0 4
143 1 55.0 45.0 4
142 1 55.0 45.0 4
141 1 55.0 45.0 4
382 1 62.0 48.0 4
380 1 62.0 48.0 4
379 1 62.0 48.0 4
378 1 62.0 48.0 4
377 1 62.0 48.0 4
376 1 62.0 48.0 4
375 1 62.0 48.0 4
374 1 62.0 48.0 4
373 1 62.0 48.0 4
372 1 62.0 48.0 4
371 1 62.0 48.0 4
370 1 62.0 48.0 4
368 1 62.0 48.0 4
291 1 62.0 57.0 4
288 1 62.0 57.0 4
287 1 62.0 57.0 4
285 1 62.0 57.0 4
282 1 62.0 57.0 4
281 1 62.0 57.0 4
280 1 62.0 57.0 4
279 1 62.0 57.0 4
699 1 55.0 50.0 4
698 1 55.0 50.0 4
697 1 55.0 50.0 4
696 1 55.0 50.0 4
695 1 55.0 50.0 4
694 1 55.0 50.0 4
693 1 55.0 50.0 4
692 1 55.0 50.0 4
691 1 55.0 50.0 4
690 1 55.0 50.0 4
689 1 50.0 40.0 4
688 1 50.0 40.0 4
687 1 50.0 40.0 4
686 1 50.0 40.0 4
684 1 50.0 40.0 4
683 1 50.0 40.0 4
682 1 50.0 40.0 4
681 1 50.0 40.0 4
680 1 50.0 40.0 4
679 1 50.0 40.0 4
678 1 50.0 40.0 4
677 1 50.0 40.0 4
675 1 50.0 40.0 4
674 1 50.0 40.0 4
671 1 50.0 40.0 4
-1 0 40.0 40.0 D
8 4 100.0 103.382080078125 100 500 102
0 0 40.0 40.0 D
140 1 50.0 50.0 4
139 1 50.0 50.0 4
138 1 50.0 50.0 4
136 1 50.0 50.0 4
135 1 50.0 50.0 4
134 1 50.0 50.0 4
133 1 50.0 50.0 4
131 1 50.0 50.0 4
130 1 50.0 50.0 4
129 1 50.0 50.0 4
128 1 50.0 50.0 4
127 1 50.0 50.0 4
126 1 50.0 50.0 4
307 1 62.0 57.0 4
306 1 62.0 57.0 4
305 1 62.0 57.0 4
303 1 62.0 57.0 4
302 1 62.0 57.0 4
301 1 62.0 57.0 4
300 1 62.0 57.0 4
299 1 62.0 57.0 4
298 1 62.0 57.0 4
297 1 62.0 57.0 4
296 1 62.0 57.0 4
295 1 62.0 57.0 4
294 1 62.0 57.0 4
293 1 62.0 57.0 4
292 1 62.0 57.0 4
748 1 47.0 66.0 4
747 1 47.0 66.0 4
746 1 47.0 66.0 4
745 1 47.0 66.0 4
744 1 47.0 66.0 4
743 1 47.0 66.0 4
742 1 47.0 66.0 4
741 1 47.0 66.0 4
740 1 47.0 66.0 4
738 1 47.0 66.0 4
737 1 47.0 66.0 4
735 1 47.0 66.0 4
734 1 47.0 66.0 4
731 1 47.0 66.0 4
730 1 47.0 66.0 4
729 1 47.0 66.0 4
728 1 47.0 66.0 4
727 1 47.0 66.0 4
726 1 47.0 66.0 4
211 1 40.0 66.0 4
210 1 40.0 66.0 4
209 1 40.0 66.0 4
208 1 40.0 66.0 4
206 1 40.0 66.0 4
205 1 40.0 66.0 4
203 1 40.0 66.0 4
202 1 40.0 66.0 4
201 1 40.0 66.0 4
200 1 40.0 66.0 4
199 1 40.0 66.0 4
197 1 40.0 66.0 4
196 1 40.0 66.0 4
194 1 40.0 66.0 4
193 1 40.0 66.0 4
192 1 40.0 66.0 4
191 1 40.0 66.0 4
190 1 40.0 66.0 4
189 1 40.0 66.0 4
188 1 40.0 66.0 4
187 1 40.0 66.0 4
186 1 40.0 66.0 4
615 1 31.0 76.0 4
613 1 31.0 76.0 4
611 1 31.0 76.0 4
610 1 31.0 76.0 4
609 1 31.0 76.0 4
608 1 31.0 76.0 4
607 1 31.0 76.0 4
606 1 31.0 76.0 4
605 1 31.0 76.0 4
603 1 31.0 76.0 4
602 1 31.0 76.0 4
601 1 31.0 76.0 4
600 1 31.0 76.0 4
599 1 31.0 76.0 4
598 1 31.0 76.0 4
597 1 31.0 76.0 4
596 1 31.0 76.0 4
592 1 31.0 76.0 4
591 1 31.0 76.0 4
264 1 35.0 51.0 4
262 1 35.0 51.0 4
260 1 35.0 51.0 4
259 1 35.0 51.0 4
258 1 35.0 51.0 4
257 1 35.0 51.0 4
256 1 35.0 51.0 4
255 1 35.0 51.0 4
253 1 35.0 51.0 4
252 1 35.0 51.0 4
251 1 35.0 51.0 4
250 1 35.0 51.0 4
-1 0 40.0 40.0 D
9 4 160.0 139.29884338378906 160 500 162
0 0 40.0 40.0 D
354 1 33.0 44.0 4
353 1 33.0 44.0 4
352 1 33.0 44.0 4
351 1 33.0 44.0 4
350 1 33.0 44.0 4
349 1 33.0 44.0 4
348 1 33.0 44.0 4
347 1 33.0 44.0 4
346 1 33.0 44.0 4
345 1 33.0 44.0 4
344 1 33.0 44.0 4
342 1 33.0 44.0 4
341 1 33.0 44.0 4
340 1 33.0 44.0 4
338 1 33.0 44.0 4
337 1 33.0 44.0 4
798 1 30.0 50.0 4
795 1 30.0 50.0 4
794 1 30.0 50.0 4
793 1 30.0 50.0 4
792 1 30.0 50.0 4
791 1 30.0 50.0 4
790 1 30.0 50.0 4
789 1 30.0 50.0 4
788 1 30.0 50.0 4
787 1 30.0 50.0 4
786 1 30.0 50.0 4
785 1 30.0 50.0 4
784 1 30.0 50.0 4
783 1 30.0 50.0 4
782 1 30.0 50.0 4
781 1 30.0 50.0 4
780 1 30.0 50.0 4
779 1 30.0 50.0 4
777 1 30.0 50.0 4
776 1 30.0 50.0 4
774 1 30.0 50.0 4
772 1 30.0 50.0 4
771 1 30.0 50.0 4
770 1 30.0 50.0 4
769 1 30.0 50.0 4
768 1 30.0 50.0 4
767 1 30.0 50.0 4
55 1 21.0 45.0 4
54 1 21.0 45.0 4
53 1 21.0 45.0 4
52 1 21.0 45.0 4
50 1 21.0 45.0 4
49 1 21.0 45.0 4
48 1 21.0 45.0 4
47 1 21.0 45.0 4
46 1 21.0 45.0 4
45 1 21.0 45.0 4
333 1 21.0 36.0 4
332 1 21.0 36.0 4
331 1 21.0 36.0 4
330 1 21.0 36.0 4
329 1 21.0 36.0 4
327 1 21.0 36.0 4
325 1 21.0 36.0 4
324 1 21.0 36.0 4
323 1 21.0 36.0 4
321 1 21.0 36.0 4
320 1 21.0 36.0 4
319 1 21.0 36.0 4
318 1 21.0 36.0 4
317 1 21.0 36.0 4
316 1 21.0 36.0 4
657 1 26.0 29.0 4
656 1 26.0 29.0 4
655 1 26.0 29.0 4
654 1 26.0 29.0 4
653 1 26.0 29.0 4
652 1 26.0 29.0 4
651 1 26.0 29.0 4
650 1 26.0 29.0 4
649 1 26.0 29.0 4
648 1 26.0 29.0 4
647 1 26.0 29.0 4
646 1 26.0 29.0 4
645 1 26.0 29.0 4
644 1 26.0 29.0 4
450 1 11.0 28.0 4
449 1 11.0 28.0 4
448 1 11.0 28.0 4
447 1 11.0 28.0 4
446 1 11.0 28.0 4
445 1 11.0 28.0 4
477 1 7.0 43.0 4
476 1 7.0 43.0 4
475 1 7.0 43.0 4
474 1 7.0 43.0 4
473 1 7.0 43.0 4
471 1 7.0 43.0 4
470 1 7.0 43.0 4
469 1 7.0 43.0 4
468 1 7.0 43.0 4
467 1 7.0 43.0 4
464 1 7.0 43.0 4
462 1 7.0 43.0 4
461 1 7.0 43.0 4
460 1 7.0 43.0 4
459 1 7.0 43.0 4
458 1 7.0 43.0 4
457 1 7.0 43.0 4
455 1 7.0 43.0 4
454 1 7.0 43.0 4
453 1 7.0 43.0 4
451 1 7.0 43.0 4
643 1 22.0 53.0 4
642 1 22.0 53.0 4
641 1 22.0 53.0 4
640 1 22.0 53.0 4
639 1 22.0 53.0 4
638 1 22.0 53.0 4
637 1 22.0 53.0 4
636 1 22.0 53.0 4
635 1 22.0 53.0 4
634 1 22.0 53.0 4
633 1 22.0 53.0 4
632 1 22.0 53.0 4
631 1 22.0 53.0 4
630 1 22.0 53.0 4
628 1 22.0 53.0 4
627 1 22.0 53.0 4
626 1 22.0 53.0 4
625 1 22.0 53.0 4
624 1 22.0 53.0 4
623 1 22.0 53.0 4
622 1 22.0 53.0 4
621 1 22.0 53.0 4
620 1 22.0 53.0 4
619 1 22.0 53.0 4
618 1 22.0 53.0 4
617 1 22.0 53.0 4
490 1 17.0 64.0 4
488 1 17.0 64.0 4
487 1 17.0 64.0 4
486 1 17.0 64.0 4
485 1 17.0 64.0 4
484 1 17.0 64.0 4
483 1 17.0 64.0 4
482 1 17.0 64.0 4
481 1 17.0 64.0 4
480 1 17.0 64.0 4
479 1 17.0 64.0 4
478 1 17.0 64.0 4
763 1 30.0 60.0 4
762 1 30.0 60.0 4
761 1 30.0 60.0 4
760 1 30.0 60.0 4
759 1 30.0 60.0 4
758 1 30.0 60.0 4
756 1 30.0 60.0 4
755 1 30.0 60.0 4
754 1 30.0 60.0 4
753 1 30.0 60.0 4
752 1 30.0 60.0 4
751 1 30.0 60.0 4
750 1 30.0 60.0 4
-1 0 40.0 40.0 D
10 4 60.0 72.60682678222656 60 500 62
0 0 40.0 40.0 D
125 1 33.0 34.0 4
124 1 33.0 34.0 4
123 1 33.0 34.0 4
122 1 33.0 34.0 4
121 1 33.0 34.0 4
119 1 33.0 34.0 4
118 1 33.0 34.0 4
117 1 33.0 34.0 4
116 1 33.0 34.0 4
115 1 33.0 34.0 4
114 1 33.0 34.0 4
113 1 33.0 34.0 4
112 1 33.0 34.0 4
110 1 33.0 34.0 4
109 1 33.0 34.0 4
108 1 33.0 34.0 4
107 1 33.0 34.0 4
839 1 16.0 19.0 4
838 1 16.0 19.0 4
837 1 16.0 19.0 4
836 1 16.0 19.0 4
835 1 16.0 19.0 4
834 1 16.0 19.0 4
833 1 16.0 19.0 4
832 1 16.0 19.0 4
831 1 16.0 19.0 4
830 1 16.0 19.0 4
829 1 16.0 19.0 4
828 1 16.0 19.0 4
827 1 16.0 19.0 4
826 1 16.0 19.0 4
825 1 16.0 19.0 4
813 1 12.0 17.0 4
812 1 12.0 17.0 4
811 1 12.0 17.0 4
810 1 12.0 17.0 4
809 1 12.0 17.0 4
808 1 12.0 17.0 4
807 1 12.0 17.0 4
806 1 12.0 17.0 4
805 1 12.0 17.0 4
804 1 12.0 17.0 4
803 1 12.0 17.0 4
802 1 12.0 17.0 4
801 1 12.0 17.0 4
800 1 12.0 17.0 4
799 1 12.0 17.0 4
670 1 26.0 29.0 4
669 1 26.0 29.0 4
668 1 26.0 29.0 4
667 1 26.0 29.0 4
666 1 26.0 29.0 4
665 1 26.0 29.0 4
664 1 26.0 29.0 4
663 1 26.0 29.0 4
662 1 26.0 29.0 4
661 1 26.0 29.0 4
660 1 26.0 29.0 4
659 1 26.0 29.0 4
658 1 26.0 29.0 4
-1 0 40.0 40.0 D
11 4 60.0 86.94384002685547 60 500 62
0 0 40.0 40.0 D
18 1 22.0 22.0 4
17 1 22.0 22.0 4
16 1 22.0 22.0 4
14 1 22.0 22.0 4
13 1 22.0 22.0 4
12 1 22.0 22.0 4
11 1 22.0 22.0 4
10 1 22.0 22.0 4
9 1 22.0 22.0 4
8 1 22.0 22.0 4
7 1 22.0 22.0 4
6 1 22.0 22.0 4
4 1 22.0 22.0 4
3 1 22.0 22.0 4
1 1 22.0 22.0 4
824 1 15.0 14.0 4
823 1 15.0 14.0 4
822 1 15.0 14.0 4
820 1 15.0 14.0 4
819 1 15.0 14.0 4
818 1 15.0 14.0 4
817 1 15.0 14.0 4
815 1 15.0 14.0 4
814 1 15.0 14.0 4
842 1 16.0 19.0 4
841 1 16.0 19.0 4
840 1 16.0 19.0 4
443 1 26.0 13.0 4
441 1 26.0 13.0 4
440 1 26.0 13.0 4
439 1 26.0 13.0 4
438 1 26.0 13.0 4
437 1 26.0 13.0 4
435 1 26.0 13.0 4
434 1 26.0 13.0 4
433 1 26.0 13.0 4
530 1 35.0 16.0 4
529 1 35.0 16.0 4
527 1 35.0 16.0 4
43 1 36.0 26.0 4
42 1 36.0 26.0 4
39 1 36.0 26.0 4
38 1 36.0 26.0 4
37 1 36.0 26.0 4
36 1 36.0 26.0 4
35 1 36.0 26.0 4
34 1 36.0 26.0 4
32 1 36.0 26.0 4
30 1 36.0 26.0 4
29 1 36.0 26.0 4
28 1 36.0 26.0 4
27 1 36.0 26.0 4
26 1 36.0 26.0 4
25 1 36.0 26.0 4
24 1 36.0 26.0 4
23 1 36.0 26.0 4
22 1 36.0 26.0 4
21 1 36.0 26.0 4
20 1 36.0 26.0 4
19 1 36.0 26.0 4
-1 0 40.0 40.0 D
12 4 60.0 78.17675018310547 60 500 62
0 0 40.0 40.0 D
590 1 43.0 26.0 4
589 1 43.0 26.0 4
588 1 43.0 26.0 4
587 1 43.0 26.0 4
586 1 43.0 26.0 4
583 1 43.0 26.0 4
582 1 43.0 26.0 4
581 1 43.0 26.0 4
579 1 43.0 26.0 4
578 1 43.0 26.0 4
577 1 43.0 26.0 4
576 1 43.0 26.0 4
575 1 43.0 26.0 4
570 1 43.0 26.0 4
703 1 54.0 10.0 4
702 1 54.0 10.0 4
701 1 54.0 10.0 4
700 1 54.0 10.0 4
432 1 44.0 13.0 4
431 1 44.0 13.0 4
430 1 44.0 13.0 4
428 1 44.0 13.0 4
427 1 44.0 13.0 4
426 1 44.0 13.0 4
425 1 44.0 13.0 4
424 1 44.0 13.0 4
422 1 44.0 13.0 4
421 1 44.0 13.0 4
419 1 44.0 13.0 4
418 1 44.0 13.0 4
417 1 44.0 13.0 4
416 1 44.0 13.0 4
414 1 44.0 13.0 4
412 1 44.0 13.0 4
411 1 44.0 13.0 4
410 1 44.0 13.0 4
408 1 44.0 13.0 4
407 1 44.0 13.0 4
405 1 44.0 13.0 4
553 1 35.0 16.0 4
552 1 35.0 16.0 4
550 1 35.0 16.0 4
549 1 35.0 16.0 4
548 1 35.0 16.0 4
547 1 35.0 16.0 4
546 1 35.0 16.0 4
545 1 35.0 16.0 4
544 1 35.0 16.0 4
543 1 35.0 16.0 4
542 1 35.0 16.0 4
541 1 35.0 16.0 4
540 1 35.0 16.0 4
538 1 35.0 16.0 4
537 1 35.0 16.0 4
536 1 35.0 16.0 4
535 1 35.0 16.0 4
534 1 35.0 16.0 4
533 1 35.0 16.0 4
532 1 35.0 16.0 4
531 1 35.0 16.0 4
-1 0 40.0 40.0 D
13 4 60.0 73.1682357788086 60 500 62
0 0 40.0 40.0 D
74 1 45.0 35.0 4
73 1 45.0 35.0 4
72 1 45.0 35.0 4
69 1 45.0 35.0 4
67 1 45.0 35.0 4
66 1 45.0 35.0 4
65 1 45.0 35.0 4
64 1 45.0 35.0 4
62 1 45.0 35.0 4
61 1 45.0 35.0 4
60 1 45.0 35.0 4
58 1 45.0 35.0 4
57 1 45.0 35.0 4
56 1 45.0 35.0 4
568 1 52.0 26.0 4
566 1 52.0 26.0 4
565 1 52.0 26.0 4
564 1 52.0 26.0 4
563 1 52.0 26.0 4
562 1 52.0 26.0 4
561 1 52.0 26.0 4
560 1 52.0 26.0 4
559 1 52.0 26.0 4
557 1 52.0 26.0 4
556 1 52.0 26.0 4
106 1 55.0 20.0 4
105 1 55.0 20.0 4
104 1 55.0 20.0 4
103 1 55.0 20.0 4
102 1 55.0 20.0 4
101 1 55.0 20.0 4
100 1 55.0 20.0 4
99 1 55.0 20.0 4
98 1 55.0 20.0 4
95 1 55.0 20.0 4
94 1 55.0 20.0 4
93 1 55.0 20.0 4
92 1 55.0 20.0 4
90 1 55.0 20.0 4
89 1 55.0 20.0 4
88 1 55.0 20.0 4
87 1 55.0 20.0 4
725 1 60.0 15.0 4
724 1 60.0 15.0 4
723 1 60.0 15.0 4
721 1 60.0 15.0 4
720 1 60.0 15.0 4
718 1 60.0 15.0 4
717 1 60.0 15.0 4
716 1 60.0 15.0 4
715 1 60.0 15.0 4
714 1 60.0 15.0 4
713 1 60.0 15.0 4
712 1 60.0 15.0 4
711 1 54.0 10.0 4
710 1 54.0 10.0 4
709 1 54.0 10.0 4
708 1 54.0 10.0 4
705 1 54.0 10.0 4
704 1 54.0 10.0 4
-1 0 40.0 40.0 D
14 4 57.0 81.76644134521484 60 500 59
0 0 40.0 40.0 D
525 1 55.0 34.0 4
523 1 55.0 34.0 4
522 1 55.0 34.0 4
521 1 55.0 34.0 4
520 1 55.0 34.0 4
519 1 55.0 34.0 4
518 1 55.0 34.0 4
517 1 55.0 34.0 4
516 1 55.0 34.0 4
515 1 55.0 34.0 4
514 1 55.0 34.0 4
513 1 55.0 34.0 4
512 1 55.0 34.0 4
511 1 55.0 34.0 4
510 1 55.0 34.0 4
274 1 62.0 35.0 4
273 1 62.0 35.0 4
271 1 62.0 35.0 4
270 1 62.0 35.0 4
269 1 62.0 35.0 4
267 1 62.0 35.0 4
266 1 62.0 35.0 4
265 1 62.0 35.0 4
315 1 62.0 24.0 4
314 1 62.0 24.0 4
313 1 62.0 24.0 4
312 1 62.0 24.0 4
311 1 62.0 24.0 4
310 1 62.0 24.0 4
404 1 66.0 14.0 4
402 1 66.0 14.0 4
401 1 66.0 14.0 4
400 1 66.0 14.0 4
398 1 66.0 14.0 4
397 1 66.0 14.0 4
396 1 66.0 14.0 4
395 1 66.0 14.0 4
394 1 66.0 14.0 4
393 1 66.0 14.0 4
392 1 66.0 14.0 4
391 1 66.0 14.0 4
390 1 66.0 14.0 4
388 1 66.0 14.0 4
387 1 66.0 14.0 4
386 1 66.0 14.0 4
385 1 66.0 14.0 4
384 1 66.0 14.0 4
383 1 66.0 14.0 4
85 1 45.0 35.0 4
84 1 45.0 35.0 4
83 1 45.0 35.0 4
82 1 45.0 35.0 4
81 1 45.0 35.0 4
80 1 45.0 35.0 4
78 1 45.0 35.0 4
77 1 45.0 35.0 4
76 1 45.0 35.0 4
-1 0 40.0 40.0 D
