880
1 4 1 22.0 22.0 1
2 2 1 22.0 22.0 1
3 4 1 22.0 22.0 1
4 4 1 22.0 22.0 1
5 2 1 22.0 22.0 1
6 4 1 22.0 22.0 1
7 4 1 22.0 22.0 1
8 4 1 22.0 22.0 1
9 4 1 22.0 22.0 1
10 4 1 22.0 22.0 1
11 4 1 22.0 22.0 1
12 4 1 22.0 22.0 1
13 4 1 22.0 22.0 1
14 4 1 22.0 22.0 1
15 2 1 22.0 22.0 1
16 4 1 22.0 22.0 1
17 4 1 22.0 22.0 1
18 4 1 22.0 22.0 1
19 4 1 36.0 26.0 2
20 4 1 36.0 26.0 2
21 4 1 36.0 26.0 2
22 4 1 36.0 26.0 2
23 4 1 36.0 26.0 2
24 4 1 36.0 26.0 2
25 4 1 36.0 26.0 2
26 4 1 36.0 26.0 2
27 4 1 36.0 26.0 2
28 4 1 36.0 26.0 2
29 4 1 36.0 26.0 2
30 4 1 36.0 26.0 2
31 2 1 36.0 26.0 2
32 4 1 36.0 26.0 2
33 2 1 36.0 26.0 2
34 4 1 36.0 26.0 2
35 4 1 36.0 26.0 2
36 4 1 36.0 26.0 2
37 4 1 36.0 26.0 2
38 4 1 36.0 26.0 2
39 4 1 36.0 26.0 2
40 2 1 36.0 26.0 2
41 2 1 36.0 26.0 2
42 4 1 36.0 26.0 2
43 4 1 36.0 26.0 2
44 2 1 36.0 26.0 2
45 4 1 21.0 45.0 3
46 4 1 21.0 45.0 3
47 4 1 21.0 45.0 3
48 4 1 21.0 45.0 3
49 4 1 21.0 45.0 3
50 4 1 21.0 45.0 3
51 1 1 21.0 45.0 3
52 4 1 21.0 45.0 3
53 4 1 21.0 45.0 3
54 4 1 21.0 45.0 3
55 4 1 21.0 45.0 3
56 4 1 45.0 35.0 4
57 4 1 45.0 35.0 4
58 4 1 45.0 35.0 4
59 1 1 45.0 35.0 4
60 4 1 45.0 35.0 4
61 4 1 45.0 35.0 4
62 4 1 45.0 35.0 4
63 1 1 45.0 35.0 4
64 4 1 45.0 35.0 4
65 4 1 45.0 35.0 4
66 4 1 45.0 35.0 4
67 4 1 45.0 35.0 4
68 1 1 45.0 35.0 4
69 4 1 45.0 35.0 4
70 2 1 45.0 35.0 4
71 2 1 45.0 35.0 4
72 4 1 45.0 35.0 4
73 4 1 45.0 35.0 4
74 4 1 45.0 35.0 4
75 1 1 45.0 35.0 4
76 4 1 45.0 35.0 4
77 4 1 45.0 35.0 4
78 4 1 45.0 35.0 4
79 1 1 45.0 35.0 4
80 4 1 45.0 35.0 4
81 4 1 45.0 35.0 4
82 4 1 45.0 35.0 4
83 4 1 45.0 35.0 4
84 4 1 45.0 35.0 4
85 4 1 45.0 35.0 4
86 1 1 55.0 20.0 5
87 4 1 55.0 20.0 5
88 4 1 55.0 20.0 5
89 4 1 55.0 20.0 5
90 4 1 55.0 20.0 5
91 1 1 55.0 20.0 5
92 4 1 55.0 20.0 5
93 4 1 55.0 20.0 5
94 4 1 55.0 20.0 5
95 4 1 55.0 20.0 5
96 2 1 55.0 20.0 5
97 2 1 55.0 20.0 5
98 4 1 55.0 20.0 5
99 4 1 55.0 20.0 5
100 4 1 55.0 20.0 5
101 4 1 55.0 20.0 5
102 4 1 55.0 20.0 5
103 4 1 55.0 20.0 5
104 4 1 55.0 20.0 5
105 4 1 55.0 20.0 5
106 4 1 55.0 20.0 5
107 4 1 33.0 34.0 6
108 4 1 33.0 34.0 6
109 4 1 33.0 34.0 6
110 4 1 33.0 34.0 6
111 2 1 33.0 34.0 6
112 4 1 33.0 34.0 6
113 4 1 33.0 34.0 6
114 4 1 33.0 34.0 6
115 4 1 33.0 34.0 6
116 4 1 33.0 34.0 6
117 4 1 33.0 34.0 6
118 4 1 33.0 34.0 6
119 4 1 33.0 34.0 6
120 2 1 33.0 34.0 6
121 4 1 33.0 34.0 6
122 4 1 33.0 34.0 6
123 4 1 33.0 34.0 6
124 4 1 33.0 34.0 6
125 4 1 33.0 34.0 6
126 4 1 50.0 50.0 7
127 4 1 50.0 50.0 7
128 4 1 50.0 50.0 7
129 4 1 50.0 50.0 7
130 4 1 50.0 50.0 7
131 4 1 50.0 50.0 7
132 1 1 50.0 50.0 7
133 4 1 50.0 50.0 7
134 4 1 50.0 50.0 7
135 4 1 50.0 50.0 7
136 4 1 50.0 50.0 7
137 2 1 50.0 50.0 7
138 4 1 50.0 50.0 7
139 4 1 50.0 50.0 7
140 4 1 50.0 50.0 7
141 4 1 55.0 45.0 8
142 4 1 55.0 45.0 8
143 4 1 55.0 45.0 8
144 4 1 55.0 45.0 8
145 4 1 55.0 45.0 8
146 4 1 55.0 45.0 8
147 2 1 55.0 45.0 8
148 4 1 55.0 45.0 8
149 4 1 55.0 45.0 8
150 4 1 55.0 45.0 8
151 4 1 55.0 45.0 8
152 4 1 55.0 45.0 8
153 4 1 55.0 45.0 8
154 4 1 55.0 45.0 8
155 4 1 55.0 45.0 8
156 1 1 55.0 45.0 8
157 2 1 26.0 59.0 9
158 1 1 26.0 59.0 9
159 2 1 26.0 59.0 9
160 2 1 26.0 59.0 9
161 2 1 26.0 59.0 9
162 2 1 26.0 59.0 9
163 2 1 26.0 59.0 9
164 2 1 26.0 59.0 9
165 1 1 26.0 59.0 9
166 2 1 26.0 59.0 9
167 2 1 26.0 59.0 9
168 2 1 26.0 59.0 9
169 2 1 26.0 59.0 9
170 2 1 26.0 59.0 9
171 2 1 26.0 59.0 9
172 2 1 26.0 59.0 9
173 2 1 26.0 59.0 9
174 2 1 26.0 59.0 9
175 2 1 26.0 59.0 9
176 2 1 26.0 59.0 9
177 1 1 26.0 59.0 9
178 2 1 26.0 59.0 9
179 2 1 26.0 59.0 9
180 2 1 26.0 59.0 9
181 2 1 26.0 59.0 9
182 2 1 26.0 59.0 9
183 2 1 26.0 59.0 9
184 2 1 26.0 59.0 9
185 1 1 26.0 59.0 9
186 4 1 40.0 66.0 10
187 4 1 40.0 66.0 10
188 4 1 40.0 66.0 10
189 4 1 40.0 66.0 10
190 4 1 40.0 66.0 10
191 4 1 40.0 66.0 10
192 4 1 40.0 66.0 10
193 4 1 40.0 66.0 10
194 4 1 40.0 66.0 10
195 2 1 40.0 66.0 10
196 4 1 40.0 66.0 10
197 4 1 40.0 66.0 10
198 2 1 40.0 66.0 10
199 4 1 40.0 66.0 10
200 4 1 40.0 66.0 10
201 4 1 40.0 66.0 10
202 4 1 40.0 66.0 10
203 4 1 40.0 66.0 10
204 2 1 40.0 66.0 10
205 4 1 40.0 66.0 10
206 4 1 40.0 66.0 10
207 2 1 40.0 66.0 10
208 4 1 40.0 66.0 10
209 4 1 40.0 66.0 10
210 4 1 40.0 66.0 10
211 4 1 40.0 66.0 10
212 2 1 55.0 65.0 11
213 2 1 55.0 65.0 11
214 1 1 55.0 65.0 11
215 2 1 55.0 65.0 11
216 2 1 55.0 65.0 11
217 2 1 55.0 65.0 11
218 2 1 55.0 65.0 11
219 2 1 55.0 65.0 11
220 2 1 55.0 65.0 11
221 2 1 55.0 65.0 11
222 2 1 55.0 65.0 11
223 2 1 55.0 65.0 11
224 2 1 55.0 65.0 11
225 2 1 55.0 65.0 11
226 2 1 55.0 65.0 11
227 2 1 55.0 65.0 11
228 2 1 55.0 65.0 11
229 2 1 55.0 65.0 11
230 2 1 55.0 65.0 11
231 1 1 55.0 65.0 11
232 2 1 55.0 65.0 11
233 2 1 55.0 65.0 11
234 1 1 55.0 65.0 11
235 2 1 55.0 65.0 11
236 2 1 55.0 65.0 11
237 2 1 55.0 65.0 11
238 2 1 55.0 65.0 11
239 2 1 55.0 65.0 11
240 1 1 55.0 65.0 11
241 2 1 55.0 65.0 11
242 2 1 55.0 65.0 11
243 2 1 55.0 65.0 11
244 2 1 55.0 65.0 11
245 2 1 55.0 65.0 11
246 2 1 55.0 65.0 11
247 2 1 55.0 65.0 11
248 2 1 55.0 65.0 11
249 2 1 35.0 51.0 12
250 4 1 35.0 51.0 12
251 4 1 35.0 51.0 12
252 4 1 35.0 51.0 12
253 4 1 35.0 51.0 12
254 2 1 35.0 51.0 12
255 4 1 35.0 51.0 12
256 4 1 35.0 51.0 12
257 4 1 35.0 51.0 12
258 4 1 35.0 51.0 12
259 4 1 35.0 51.0 12
260 4 1 35.0 51.0 12
261 2 1 35.0 51.0 12
262 4 1 35.0 51.0 12
263 1 1 35.0 51.0 12
264 4 1 35.0 51.0 12
265 4 1 62.0 35.0 13
266 4 1 62.0 35.0 13
267 4 1 62.0 35.0 13
268 2 1 62.0 35.0 13
269 4 1 62.0 35.0 13
270 4 1 62.0 35.0 13
271 4 1 62.0 35.0 13
272 2 1 62.0 35.0 13
273 4 1 62.0 35.0 13
274 4 1 62.0 35.0 13
275 2 1 62.0 35.0 13
276 1 1 62.0 35.0 13
277 1 1 62.0 57.0 14
278 1 1 62.0 57.0 14
279 4 1 62.0 57.0 14
280 4 1 62.0 57.0 14
281 4 1 62.0 57.0 14
282 4 1 62.0 57.0 14
283 2 1 62.0 57.0 14
284 2 1 62.0 57.0 14
285 4 1 62.0 57.0 14
286 1 1 62.0 57.0 14
287 4 1 62.0 57.0 14
288 4 1 62.0 57.0 14
289 1 1 62.0 57.0 14
290 2 1 62.0 57.0 14
291 4 1 62.0 57.0 14
292 4 1 62.0 57.0 14
293 4 1 62.0 57.0 14
294 4 1 62.0 57.0 14
295 4 1 62.0 57.0 14
296 4 1 62.0 57.0 14
297 4 1 62.0 57.0 14
298 4 1 62.0 57.0 14
299 4 1 62.0 57.0 14
300 4 1 62.0 57.0 14
301 4 1 62.0 57.0 14
302 4 1 62.0 57.0 14
303 4 1 62.0 57.0 14
304 1 1 62.0 57.0 14
305 4 1 62.0 57.0 14
306 4 1 62.0 57.0 14
307 4 1 62.0 57.0 14
308 2 1 62.0 24.0 15
309 2 1 62.0 24.0 15
310 4 1 62.0 24.0 15
311 4 1 62.0 24.0 15
312 4 1 62.0 24.0 15
313 4 1 62.0 24.0 15
314 4 1 62.0 24.0 15
315 4 1 62.0 24.0 15
316 4 1 21.0 36.0 16
317 4 1 21.0 36.0 16
318 4 1 21.0 36.0 16
319 4 1 21.0 36.0 16
320 4 1 21.0 36.0 16
321 4 1 21.0 36.0 16
322 2 1 21.0 36.0 16
323 4 1 21.0 36.0 16
324 4 1 21.0 36.0 16
325 4 1 21.0 36.0 16
326 2 1 21.0 36.0 16
327 4 1 21.0 36.0 16
328 2 1 21.0 36.0 16
329 4 1 21.0 36.0 16
330 4 1 21.0 36.0 16
331 4 1 21.0 36.0 16
332 4 1 21.0 36.0 16
333 4 1 21.0 36.0 16
334 2 1 21.0 36.0 16
335 1 1 33.0 44.0 17
336 1 1 33.0 44.0 17
337 4 1 33.0 44.0 17
338 4 1 33.0 44.0 17
339 2 1 33.0 44.0 17
340 4 1 33.0 44.0 17
341 4 1 33.0 44.0 17
342 4 1 33.0 44.0 17
343 1 1 33.0 44.0 17
344 4 1 33.0 44.0 17
345 4 1 33.0 44.0 17
346 4 1 33.0 44.0 17
347 4 1 33.0 44.0 17
348 4 1 33.0 44.0 17
349 4 1 33.0 44.0 17
350 4 1 33.0 44.0 17
351 4 1 33.0 44.0 17
352 4 1 33.0 44.0 17
353 4 1 33.0 44.0 17
354 4 1 33.0 44.0 17
355 2 1 9.0 56.0 18
356 2 1 9.0 56.0 18
357 1 1 9.0 56.0 18
358 2 1 9.0 56.0 18
359 2 1 9.0 56.0 18
360 2 1 9.0 56.0 18
361 2 1 9.0 56.0 18
362 2 1 9.0 56.0 18
363 2 1 9.0 56.0 18
364 1 1 9.0 56.0 18
365 1 1 9.0 56.0 18
366 2 1 9.0 56.0 18
367 2 1 9.0 56.0 18
368 4 1 62.0 48.0 19
369 1 1 62.0 48.0 19
370 4 1 62.0 48.0 19
371 4 1 62.0 48.0 19
372 4 1 62.0 48.0 19
373 4 1 62.0 48.0 19
374 4 1 62.0 48.0 19
375 4 1 62.0 48.0 19
376 4 1 62.0 48.0 19
377 4 1 62.0 48.0 19
378 4 1 62.0 48.0 19
379 4 1 62.0 48.0 19
380 4 1 62.0 48.0 19
381 2 1 62.0 48.0 19
382 4 1 62.0 48.0 19
383 4 1 66.0 14.0 20
384 4 1 66.0 14.0 20
385 4 1 66.0 14.0 20
386 4 1 66.0 14.0 20
387 4 1 66.0 14.0 20
388 4 1 66.0 14.0 20
389 1 1 66.0 14.0 20
390 4 1 66.0 14.0 20
391 4 1 66.0 14.0 20
392 4 1 66.0 14.0 20
393 4 1 66.0 14.0 20
394 4 1 66.0 14.0 20
395 4 1 66.0 14.0 20
396 4 1 66.0 14.0 20
397 4 1 66.0 14.0 20
398 4 1 66.0 14.0 20
399 2 1 66.0 14.0 20
400 4 1 66.0 14.0 20
401 4 1 66.0 14.0 20
402 4 1 66.0 14.0 20
403 2 1 66.0 14.0 20
404 4 1 66.0 14.0 20
405 4 1 44.0 13.0 21
406 1 1 44.0 13.0 21
407 4 1 44.0 13.0 21
408 4 1 44.0 13.0 21
409 1 1 44.0 13.0 21
410 4 1 44.0 13.0 21
411 4 1 44.0 13.0 21
412 4 1 44.0 13.0 21
413 1 1 44.0 13.0 21
414 4 1 44.0 13.0 21
415 2 1 44.0 13.0 21
416 4 1 44.0 13.0 21
417 4 1 44.0 13.0 21
418 4 1 44.0 13.0 21
419 4 1 44.0 13.0 21
420 1 1 44.0 13.0 21
421 4 1 44.0 13.0 21
422 4 1 44.0 13.0 21
423 2 1 44.0 13.0 21
424 4 1 44.0 13.0 21
425 4 1 44.0 13.0 21
426 4 1 44.0 13.0 21
427 4 1 44.0 13.0 21
428 4 1 44.0 13.0 21
429 2 1 44.0 13.0 21
430 4 1 44.0 13.0 21
431 4 1 44.0 13.0 21
432 4 1 44.0 13.0 21
433 4 1 26.0 13.0 22
434 4 1 26.0 13.0 22
435 4 1 26.0 13.0 22
436 1 1 26.0 13.0 22
437 4 1 26.0 13.0 22
438 4 1 26.0 13.0 22
439 4 1 26.0 13.0 22
440 4 1 26.0 13.0 22
441 4 1 26.0 13.0 22
442 1 1 26.0 13.0 22
443 4 1 26.0 13.0 22
444 1 1 26.0 13.0 22
445 4 1 11.0 28.0 23
446 4 1 11.0 28.0 23
447 4 1 11.0 28.0 23
448 4 1 11.0 28.0 23
449 4 1 11.0 28.0 23
450 4 1 11.0 28.0 23
451 4 1 7.0 43.0 24
452 2 1 7.0 43.0 24
453 4 1 7.0 43.0 24
454 4 1 7.0 43.0 24
455 4 1 7.0 43.0 24
456 2 1 7.0 43.0 24
457 4 1 7.0 43.0 24
458 4 1 7.0 43.0 24
459 4 1 7.0 43.0 24
460 4 1 7.0 43.0 24
461 4 1 7.0 43.0 24
462 4 1 7.0 43.0 24
463 2 1 7.0 43.0 24
464 4 1 7.0 43.0 24
465 2 1 7.0 43.0 24
466 2 1 7.0 43.0 24
467 4 1 7.0 43.0 24
468 4 1 7.0 43.0 24
469 4 1 7.0 43.0 24
470 4 1 7.0 43.0 24
471 4 1 7.0 43.0 24
472 2 1 7.0 43.0 24
473 4 1 7.0 43.0 24
474 4 1 7.0 43.0 24
475 4 1 7.0 43.0 24
476 4 1 7.0 43.0 24
477 4 1 7.0 43.0 24
478 4 1 17.0 64.0 25
479 4 1 17.0 64.0 25
480 4 1 17.0 64.0 25
481 4 1 17.0 64.0 25
482 4 1 17.0 64.0 25
483 4 1 17.0 64.0 25
484 4 1 17.0 64.0 25
485 4 1 17.0 64.0 25
486 4 1 17.0 64.0 25
487 4 1 17.0 64.0 25
488 4 1 17.0 64.0 25
489 1 1 17.0 64.0 25
490 4 1 17.0 64.0 25
491 2 1 17.0 64.0 25
492 1 1 41.0 46.0 26
493 2 1 41.0 46.0 26
494 2 1 41.0 46.0 26
495 2 1 41.0 46.0 26
496 2 1 41.0 46.0 26
497 1 1 41.0 46.0 26
498 2 1 41.0 46.0 26
499 2 1 41.0 46.0 26
500 2 1 41.0 46.0 26
501 2 1 41.0 46.0 26
502 2 1 41.0 46.0 26
503 2 1 41.0 46.0 26
504 1 1 41.0 46.0 26
505 2 1 41.0 46.0 26
506 2 1 41.0 46.0 26
507 2 1 41.0 46.0 26
508 2 1 41.0 46.0 26
509 2 1 41.0 46.0 26
510 4 1 55.0 34.0 27
511 4 1 55.0 34.0 27
512 4 1 55.0 34.0 27
513 4 1 55.0 34.0 27
514 4 1 55.0 34.0 27
515 4 1 55.0 34.0 27
516 4 1 55.0 34.0 27
517 4 1 55.0 34.0 27
518 4 1 55.0 34.0 27
519 4 1 55.0 34.0 27
520 4 1 55.0 34.0 27
521 4 1 55.0 34.0 27
522 4 1 55.0 34.0 27
523 4 1 55.0 34.0 27
524 2 1 55.0 34.0 27
525 4 1 55.0 34.0 27
526 2 1 55.0 34.0 27
527 4 1 35.0 16.0 28
528 2 1 35.0 16.0 28
529 4 1 35.0 16.0 28
530 4 1 35.0 16.0 28
531 4 1 35.0 16.0 28
532 4 1 35.0 16.0 28
533 4 1 35.0 16.0 28
534 4 1 35.0 16.0 28
535 4 1 35.0 16.0 28
536 4 1 35.0 16.0 28
537 4 1 35.0 16.0 28
538 4 1 35.0 16.0 28
539 1 1 35.0 16.0 28
540 4 1 35.0 16.0 28
541 4 1 35.0 16.0 28
542 4 1 35.0 16.0 28
543 4 1 35.0 16.0 28
544 4 1 35.0 16.0 28
545 4 1 35.0 16.0 28
546 4 1 35.0 16.0 28
547 4 1 35.0 16.0 28
548 4 1 35.0 16.0 28
549 4 1 35.0 16.0 28
550 4 1 35.0 16.0 28
551 1 1 35.0 16.0 28
552 4 1 35.0 16.0 28
553 4 1 35.0 16.0 28
554 2 1 35.0 16.0 28
555 2 1 35.0 16.0 28
556 4 1 52.0 26.0 29
557 4 1 52.0 26.0 29
558 1 1 52.0 26.0 29
559 4 1 52.0 26.0 29
560 4 1 52.0 26.0 29
561 4 1 52.0 26.0 29
562 4 1 52.0 26.0 29
563 4 1 52.0 26.0 29
564 4 1 52.0 26.0 29
565 4 1 52.0 26.0 29
566 4 1 52.0 26.0 29
567 2 1 52.0 26.0 29
568 4 1 52.0 26.0 29
569 2 1 43.0 26.0 30
570 4 1 43.0 26.0 30
571 2 1 43.0 26.0 30
572 2 1 43.0 26.0 30
573 2 1 43.0 26.0 30
574 2 1 43.0 26.0 30
575 4 1 43.0 26.0 30
576 4 1 43.0 26.0 30
577 4 1 43.0 26.0 30
578 4 1 43.0 26.0 30
579 4 1 43.0 26.0 30
580 1 1 43.0 26.0 30
581 4 1 43.0 26.0 30
582 4 1 43.0 26.0 30
583 4 1 43.0 26.0 30
584 1 1 43.0 26.0 30
585 1 1 43.0 26.0 30
586 4 1 43.0 26.0 30
587 4 1 43.0 26.0 30
588 4 1 43.0 26.0 30
589 4 1 43.0 26.0 30
590 4 1 43.0 26.0 30
591 4 1 31.0 76.0 31
592 4 1 31.0 76.0 31
593 2 1 31.0 76.0 31
594 1 1 31.0 76.0 31
595 1 1 31.0 76.0 31
596 4 1 31.0 76.0 31
597 4 1 31.0 76.0 31
598 4 1 31.0 76.0 31
599 4 1 31.0 76.0 31
600 4 1 31.0 76.0 31
601 4 1 31.0 76.0 31
602 4 1 31.0 76.0 31
603 4 1 31.0 76.0 31
604 2 1 31.0 76.0 31
605 4 1 31.0 76.0 31
606 4 1 31.0 76.0 31
607 4 1 31.0 76.0 31
608 4 1 31.0 76.0 31
609 4 1 31.0 76.0 31
610 4 1 31.0 76.0 31
611 4 1 31.0 76.0 31
612 2 1 31.0 76.0 31
613 4 1 31.0 76.0 31
614 2 1 31.0 76.0 31
615 4 1 31.0 76.0 31
616 1 1 22.0 53.0 32
617 4 1 22.0 53.0 32
618 4 1 22.0 53.0 32
619 4 1 22.0 53.0 32
620 4 1 22.0 53.0 32
621 4 1 22.0 53.0 32
622 4 1 22.0 53.0 32
623 4 1 22.0 53.0 32
624 4 1 22.0 53.0 32
625 4 1 22.0 53.0 32
626 4 1 22.0 53.0 32
627 4 1 22.0 53.0 32
628 4 1 22.0 53.0 32
629 1 1 22.0 53.0 32
630 4 1 22.0 53.0 32
631 4 1 22.0 53.0 32
632 4 1 22.0 53.0 32
633 4 1 22.0 53.0 32
634 4 1 22.0 53.0 32
635 4 1 22.0 53.0 32
636 4 1 22.0 53.0 32
637 4 1 22.0 53.0 32
638 4 1 22.0 53.0 32
639 4 1 22.0 53.0 32
640 4 1 22.0 53.0 32
641 4 1 22.0 53.0 32
642 4 1 22.0 53.0 32
643 4 1 22.0 53.0 32
644 4 1 26.0 29.0 33
645 4 1 26.0 29.0 33
646 4 1 26.0 29.0 33
647 4 1 26.0 29.0 33
648 4 1 26.0 29.0 33
649 4 1 26.0 29.0 33
650 4 1 26.0 29.0 33
651 4 1 26.0 29.0 33
652 4 1 26.0 29.0 33
653 4 1 26.0 29.0 33
654 4 1 26.0 29.0 33
655 4 1 26.0 29.0 33
656 4 1 26.0 29.0 33
657 4 1 26.0 29.0 33
658 4 1 26.0 29.0 33
659 4 1 26.0 29.0 33
660 4 1 26.0 29.0 33
661 4 1 26.0 29.0 33
662 4 1 26.0 29.0 33
663 4 1 26.0 29.0 33
664 4 1 26.0 29.0 33
665 4 1 26.0 29.0 33
666 4 1 26.0 29.0 33
667 4 1 26.0 29.0 33
668 4 1 26.0 29.0 33
669 4 1 26.0 29.0 33
670 4 1 26.0 29.0 33
671 4 1 50.0 40.0 34
672 1 1 50.0 40.0 34
673 2 1 50.0 40.0 34
674 4 1 50.0 40.0 34
675 4 1 50.0 40.0 34
676 2 1 50.0 40.0 34
677 4 1 50.0 40.0 34
678 4 1 50.0 40.0 34
679 4 1 50.0 40.0 34
680 4 1 50.0 40.0 34
681 4 1 50.0 40.0 34
682 4 1 50.0 40.0 34
683 4 1 50.0 40.0 34
684 4 1 50.0 40.0 34
685 2 1 50.0 40.0 34
686 4 1 50.0 40.0 34
687 4 1 50.0 40.0 34
688 4 1 50.0 40.0 34
689 4 1 50.0 40.0 34
690 4 1 55.0 50.0 35
691 4 1 55.0 50.0 35
692 4 1 55.0 50.0 35
693 4 1 55.0 50.0 35
694 4 1 55.0 50.0 35
695 4 1 55.0 50.0 35
696 4 1 55.0 50.0 35
697 4 1 55.0 50.0 35
698 4 1 55.0 50.0 35
699 4 1 55.0 50.0 35
700 4 1 54.0 10.0 36
701 4 1 54.0 10.0 36
702 4 1 54.0 10.0 36
703 4 1 54.0 10.0 36
704 4 1 54.0 10.0 36
705 4 1 54.0 10.0 36
706 1 1 54.0 10.0 36
707 1 1 54.0 10.0 36
708 4 1 54.0 10.0 36
709 4 1 54.0 10.0 36
710 4 1 54.0 10.0 36
711 4 1 54.0 10.0 36
712 4 1 60.0 15.0 37
713 4 1 60.0 15.0 37
714 4 1 60.0 15.0 37
715 4 1 60.0 15.0 37
716 4 1 60.0 15.0 37
717 4 1 60.0 15.0 37
718 4 1 60.0 15.0 37
719 1 1 60.0 15.0 37
720 4 1 60.0 15.0 37
721 4 1 60.0 15.0 37
722 1 1 60.0 15.0 37
723 4 1 60.0 15.0 37
724 4 1 60.0 15.0 37
725 4 1 60.0 15.0 37
726 4 1 47.0 66.0 38
727 4 1 47.0 66.0 38
728 4 1 47.0 66.0 38
729 4 1 47.0 66.0 38
730 4 1 47.0 66.0 38
731 4 1 47.0 66.0 38
732 1 1 47.0 66.0 38
733 1 1 47.0 66.0 38
734 4 1 47.0 66.0 38
735 4 1 47.0 66.0 38
736 2 1 47.0 66.0 38
737 4 1 47.0 66.0 38
738 4 1 47.0 66.0 38
739 2 1 47.0 66.0 38
740 4 1 47.0 66.0 38
741 4 1 47.0 66.0 38
742 4 1 47.0 66.0 38
743 4 1 47.0 66.0 38
744 4 1 47.0 66.0 38
745 4 1 47.0 66.0 38
746 4 1 47.0 66.0 38
747 4 1 47.0 66.0 38
748 4 1 47.0 66.0 38
749 2 1 47.0 66.0 38
750 4 1 30.0 60.0 39
751 4 1 30.0 60.0 39
752 4 1 30.0 60.0 39
753 4 1 30.0 60.0 39
754 4 1 30.0 60.0 39
755 4 1 30.0 60.0 39
756 4 1 30.0 60.0 39
757 1 1 30.0 60.0 39
758 4 1 30.0 60.0 39
759 4 1 30.0 60.0 39
760 4 1 30.0 60.0 39
761 4 1 30.0 60.0 39
762 4 1 30.0 60.0 39
763 4 1 30.0 60.0 39
764 2 1 30.0 60.0 39
765 2 1 30.0 60.0 39
766 2 1 30.0 50.0 40
767 4 1 30.0 50.0 40
768 4 1 30.0 50.0 40
769 4 1 30.0 50.0 40
770 4 1 30.0 50.0 40
771 4 1 30.0 50.0 40
772 4 1 30.0 50.0 40
773 1 1 30.0 50.0 40
774 4 1 30.0 50.0 40
775 1 1 30.0 50.0 40
776 4 1 30.0 50.0 40
777 4 1 30.0 50.0 40
778 2 1 30.0 50.0 40
779 4 1 30.0 50.0 40
780 4 1 30.0 50.0 40
781 4 1 30.0 50.0 40
782 4 1 30.0 50.0 40
783 4 1 30.0 50.0 40
784 4 1 30.0 50.0 40
785 4 1 30.0 50.0 40
786 4 1 30.0 50.0 40
787 4 1 30.0 50.0 40
788 4 1 30.0 50.0 40
789 4 1 30.0 50.0 40
790 4 1 30.0 50.0 40
791 4 1 30.0 50.0 40
792 4 1 30.0 50.0 40
793 4 1 30.0 50.0 40
794 4 1 30.0 50.0 40
795 4 1 30.0 50.0 40
796 1 1 30.0 50.0 40
797 2 1 30.0 50.0 40
798 4 1 30.0 50.0 40
799 4 1 12.0 17.0 41
800 4 1 12.0 17.0 41
801 4 1 12.0 17.0 41
802 4 1 12.0 17.0 41
803 4 1 12.0 17.0 41
804 4 1 12.0 17.0 41
805 4 1 12.0 17.0 41
806 4 1 12.0 17.0 41
807 4 1 12.0 17.0 41
808 4 1 12.0 17.0 41
809 4 1 12.0 17.0 41
810 4 1 12.0 17.0 41
811 4 1 12.0 17.0 41
812 4 1 12.0 17.0 41
813 4 1 12.0 17.0 41
814 4 1 15.0 14.0 42
815 4 1 15.0 14.0 42
816 2 1 15.0 14.0 42
817 4 1 15.0 14.0 42
818 4 1 15.0 14.0 42
819 4 1 15.0 14.0 42
820 4 1 15.0 14.0 42
821 2 1 15.0 14.0 42
822 4 1 15.0 14.0 42
823 4 1 15.0 14.0 42
824 4 1 15.0 14.0 42
825 4 1 16.0 19.0 43
826 4 1 16.0 19.0 43
827 4 1 16.0 19.0 43
828 4 1 16.0 19.0 43
829 4 1 16.0 19.0 43
830 4 1 16.0 19.0 43
831 4 1 16.0 19.0 43
832 4 1 16.0 19.0 43
833 4 1 16.0 19.0 43
834 4 1 16.0 19.0 43
835 4 1 16.0 19.0 43
836 4 1 16.0 19.0 43
837 4 1 16.0 19.0 43
838 4 1 16.0 19.0 43
839 4 1 16.0 19.0 43
840 4 1 16.0 19.0 43
841 4 1 16.0 19.0 43
842 4 1 16.0 19.0 43
843 2 1 21.0 48.0 44
844 2 1 21.0 48.0 44
845 2 1 21.0 48.0 44
846 2 1 21.0 48.0 44
847 2 1 21.0 48.0 44
848 2 1 21.0 48.0 44
849 2 1 21.0 48.0 44
850 2 1 21.0 48.0 44
851 2 1 21.0 48.0 44
852 2 1 21.0 48.0 44
853 2 1 21.0 48.0 44
854 2 1 21.0 48.0 44
855 2 1 21.0 48.0 44
856 2 1 21.0 48.0 44
857 2 1 21.0 48.0 44
858 2 1 21.0 48.0 44
859 2 1 21.0 48.0 44
860 2 1 50.0 30.0 45
861 2 1 50.0 30.0 45
862 2 1 50.0 30.0 45
863 2 1 50.0 30.0 45
864 2 1 50.0 30.0 45
865 2 1 50.0 30.0 45
866 2 1 50.0 30.0 45
867 2 1 50.0 30.0 45
868 2 1 50.0 30.0 45
869 1 1 50.0 30.0 45
870 2 1 50.0 30.0 45
871 2 1 50.0 30.0 45
872 2 1 50.0 30.0 45
873 2 1 50.0 30.0 45
874 2 1 50.0 30.0 45
875 2 1 50.0 30.0 45
876 1 1 50.0 30.0 45
877 2 1 50.0 30.0 45
878 2 1 50.0 30.0 45
879 2 1 50.0 30.0 45
880 2 1 50.0 30.0 45
