1
0 40.0 40.0 880.0 1287.623779296875 12
15 1 60.0 168.5418701171875 60 2147483647 62
0 0 40.0 40.0 D
263 1 35.0 51.0 1
258 1 35.0 51.0 1
255 1 35.0 51.0 1
500 1 41.0 46.0 1
150 1 55.0 45.0 1
147 1 55.0 45.0 1
379 1 62.0 48.0 1
296 1 62.0 57.0 1
293 1 62.0 57.0 1
290 1 62.0 57.0 1
281 1 62.0 57.0 1
279 1 62.0 57.0 1
278 1 62.0 57.0 1
248 1 55.0 65.0 1
238 1 55.0 65.0 1
232 1 55.0 65.0 1
224 1 55.0 65.0 1
215 1 55.0 65.0 1
747 1 47.0 66.0 1
746 1 47.0 66.0 1
737 1 47.0 66.0 1
733 1 47.0 66.0 1
726 1 47.0 66.0 1
610 1 31.0 76.0 1
603 1 31.0 76.0 1
602 1 31.0 76.0 1
601 1 31.0 76.0 1
595 1 31.0 76.0 1
168 1 26.0 59.0 1
167 1 26.0 59.0 1
166 1 26.0 59.0 1
165 1 26.0 59.0 1
164 1 26.0 59.0 1
163 1 26.0 59.0 1
162 1 26.0 59.0 1
161 1 26.0 59.0 1
160 1 26.0 59.0 1
159 1 26.0 59.0 1
158 1 26.0 59.0 1
157 1 26.0 59.0 1
763 1 30.0 60.0 1
760 1 30.0 60.0 1
759 1 30.0 60.0 1
755 1 30.0 60.0 1
200 1 40.0 66.0 1
199 1 40.0 66.0 1
197 1 40.0 66.0 1
186 1 40.0 66.0 1
695 1 55.0 50.0 1
692 1 55.0 50.0 1
690 1 55.0 50.0 1
132 1 50.0 50.0 1
131 1 50.0 50.0 1
130 1 50.0 50.0 1
126 1 50.0 50.0 1
687 1 50.0 40.0 1
680 1 50.0 40.0 1
678 1 50.0 40.0 1
677 1 50.0 40.0 1
673 1 50.0 40.0 1
-1 0 40.0 40.0 D
16 1 100.0 204.945068359375 100 2147483647 102
0 0 40.0 40.0 D
354 1 33.0 44.0 1
351 1 33.0 44.0 1
350 1 33.0 44.0 1
342 1 33.0 44.0 1
338 1 33.0 44.0 1
796 1 30.0 50.0 1
791 1 30.0 50.0 1
780 1 30.0 50.0 1
778 1 30.0 50.0 1
774 1 30.0 50.0 1
772 1 30.0 50.0 1
766 1 30.0 50.0 1
55 1 21.0 45.0 1
52 1 21.0 45.0 1
45 1 21.0 45.0 1
859 1 21.0 48.0 1
858 1 21.0 48.0 1
857 1 21.0 48.0 1
856 1 21.0 48.0 1
855 1 21.0 48.0 1
854 1 21.0 48.0 1
853 1 21.0 48.0 1
852 1 21.0 48.0 1
851 1 21.0 48.0 1
850 1 21.0 48.0 1
849 1 21.0 48.0 1
848 1 21.0 48.0 1
847 1 21.0 48.0 1
846 1 21.0 48.0 1
845 1 21.0 48.0 1
844 1 21.0 48.0 1
843 1 21.0 48.0 1
637 1 22.0 53.0 1
635 1 22.0 53.0 1
633 1 22.0 53.0 1
632 1 22.0 53.0 1
631 1 22.0 53.0 1
624 1 22.0 53.0 1
622 1 22.0 53.0 1
114 1 33.0 34.0 1
107 1 33.0 34.0 1
36 1 36.0 26.0 1
35 1 36.0 26.0 1
27 1 36.0 26.0 1
25 1 36.0 26.0 1
532 1 35.0 16.0 1
667 1 26.0 29.0 1
663 1 26.0 29.0 1
655 1 26.0 29.0 1
653 1 26.0 29.0 1
650 1 26.0 29.0 1
644 1 26.0 29.0 1
820 1 15.0 14.0 1
815 1 15.0 14.0 1
334 1 21.0 36.0 1
333 1 21.0 36.0 1
323 1 21.0 36.0 1
477 1 7.0 43.0 1
473 1 7.0 43.0 1
469 1 7.0 43.0 1
467 1 7.0 43.0 1
462 1 7.0 43.0 1
461 1 7.0 43.0 1
460 1 7.0 43.0 1
458 1 7.0 43.0 1
454 1 7.0 43.0 1
452 1 7.0 43.0 1
451 1 7.0 43.0 1
367 1 9.0 56.0 1
366 1 9.0 56.0 1
365 1 9.0 56.0 1
364 1 9.0 56.0 1
363 1 9.0 56.0 1
362 1 9.0 56.0 1
361 1 9.0 56.0 1
360 1 9.0 56.0 1
359 1 9.0 56.0 1
358 1 9.0 56.0 1
357 1 9.0 56.0 1
356 1 9.0 56.0 1
355 1 9.0 56.0 1
486 1 17.0 64.0 1
483 1 17.0 64.0 1
185 1 26.0 59.0 1
184 1 26.0 59.0 1
183 1 26.0 59.0 1
182 1 26.0 59.0 1
181 1 26.0 59.0 1
180 1 26.0 59.0 1
179 1 26.0 59.0 1
178 1 26.0 59.0 1
177 1 26.0 59.0 1
176 1 26.0 59.0 1
175 1 26.0 59.0 1
174 1 26.0 59.0 1
173 1 26.0 59.0 1
172 1 26.0 59.0 1
171 1 26.0 59.0 1
170 1 26.0 59.0 1
169 1 26.0 59.0 1
-1 0 40.0 40.0 D
17 1 65.0 138.44500732421875 160 2147483647 67
0 0 40.0 40.0 D
85 1 45.0 35.0 1
76 1 45.0 35.0 1
74 1 45.0 35.0 1
69 1 45.0 35.0 1
65 1 45.0 35.0 1
63 1 45.0 35.0 1
590 1 43.0 26.0 1
584 1 43.0 26.0 1
580 1 43.0 26.0 1
577 1 43.0 26.0 1
573 1 43.0 26.0 1
880 1 50.0 30.0 1
879 1 50.0 30.0 1
878 1 50.0 30.0 1
877 1 50.0 30.0 1
876 1 50.0 30.0 1
875 1 50.0 30.0 1
874 1 50.0 30.0 1
873 1 50.0 30.0 1
872 1 50.0 30.0 1
871 1 50.0 30.0 1
870 1 50.0 30.0 1
869 1 50.0 30.0 1
868 1 50.0 30.0 1
867 1 50.0 30.0 1
866 1 50.0 30.0 1
865 1 50.0 30.0 1
864 1 50.0 30.0 1
863 1 50.0 30.0 1
862 1 50.0 30.0 1
861 1 50.0 30.0 1
860 1 50.0 30.0 1
526 1 55.0 34.0 1
522 1 55.0 34.0 1
510 1 55.0 34.0 1
266 1 62.0 35.0 1
567 1 52.0 26.0 1
562 1 52.0 26.0 1
561 1 52.0 26.0 1
560 1 52.0 26.0 1
558 1 52.0 26.0 1
103 1 55.0 20.0 1
98 1 55.0 20.0 1
97 1 55.0 20.0 1
88 1 55.0 20.0 1
311 1 62.0 24.0 1
310 1 62.0 24.0 1
723 1 60.0 15.0 1
721 1 60.0 15.0 1
719 1 60.0 15.0 1
404 1 66.0 14.0 1
403 1 66.0 14.0 1
395 1 66.0 14.0 1
710 1 54.0 10.0 1
700 1 54.0 10.0 1
431 1 44.0 13.0 1
430 1 44.0 13.0 1
429 1 44.0 13.0 1
420 1 44.0 13.0 1
413 1 44.0 13.0 1
410 1 44.0 13.0 1
406 1 44.0 13.0 1
552 1 35.0 16.0 1
549 1 35.0 16.0 1
539 1 35.0 16.0 1
-1 0 40.0 40.0 D
18 2 60.0 63.506996154785156 60 2147483647 62
0 0 40.0 40.0 D
156 1 55.0 45.0 2
155 1 55.0 45.0 2
154 1 55.0 45.0 2
153 1 55.0 45.0 2
152 1 55.0 45.0 2
151 1 55.0 45.0 2
149 1 55.0 45.0 2
148 1 55.0 45.0 2
146 1 55.0 45.0 2
145 1 55.0 45.0 2
144 1 55.0 45.0 2
143 1 55.0 45.0 2
142 1 55.0 45.0 2
141 1 55.0 45.0 2
382 1 62.0 48.0 2
381 1 62.0 48.0 2
380 1 62.0 48.0 2
378 1 62.0 48.0 2
377 1 62.0 48.0 2
376 1 62.0 48.0 2
375 1 62.0 48.0 2
374 1 62.0 48.0 2
373 1 62.0 48.0 2
372 1 62.0 48.0 2
371 1 62.0 48.0 2
370 1 62.0 48.0 2
369 1 62.0 48.0 2
368 1 62.0 48.0 2
291 1 62.0 57.0 2
289 1 62.0 57.0 2
288 1 62.0 57.0 2
287 1 62.0 57.0 2
286 1 62.0 57.0 2
285 1 62.0 57.0 2
284 1 62.0 57.0 2
283 1 62.0 57.0 2
282 1 62.0 57.0 2
280 1 62.0 57.0 2
277 1 62.0 57.0 2
699 1 55.0 50.0 2
698 1 55.0 50.0 2
697 1 55.0 50.0 2
696 1 55.0 50.0 2
694 1 55.0 50.0 2
693 1 55.0 50.0 2
691 1 55.0 50.0 2
689 1 50.0 40.0 2
688 1 50.0 40.0 2
686 1 50.0 40.0 2
685 1 50.0 40.0 2
684 1 50.0 40.0 2
683 1 50.0 40.0 2
682 1 50.0 40.0 2
681 1 50.0 40.0 2
679 1 50.0 40.0 2
676 1 50.0 40.0 2
675 1 50.0 40.0 2
674 1 50.0 40.0 2
672 1 50.0 40.0 2
671 1 50.0 40.0 2
-1 0 40.0 40.0 D
19 2 100.0 79.83473205566406 100 2147483647 102
0 0 40.0 40.0 D
140 1 50.0 50.0 2
139 1 50.0 50.0 2
138 1 50.0 50.0 2
137 1 50.0 50.0 2
136 1 50.0 50.0 2
135 1 50.0 50.0 2
134 1 50.0 50.0 2
133 1 50.0 50.0 2
129 1 50.0 50.0 2
128 1 50.0 50.0 2
127 1 50.0 50.0 2
307 1 62.0 57.0 2
306 1 62.0 57.0 2
305 1 62.0 57.0 2
304 1 62.0 57.0 2
303 1 62.0 57.0 2
302 1 62.0 57.0 2
301 1 62.0 57.0 2
300 1 62.0 57.0 2
299 1 62.0 57.0 2
298 1 62.0 57.0 2
297 1 62.0 57.0 2
295 1 62.0 57.0 2
294 1 62.0 57.0 2
292 1 62.0 57.0 2
247 1 55.0 65.0 2
246 1 55.0 65.0 2
245 1 55.0 65.0 2
244 1 55.0 65.0 2
243 1 55.0 65.0 2
242 1 55.0 65.0 2
241 1 55.0 65.0 2
240 1 55.0 65.0 2
239 1 55.0 65.0 2
237 1 55.0 65.0 2
236 1 55.0 65.0 2
235 1 55.0 65.0 2
234 1 55.0 65.0 2
233 1 55.0 65.0 2
231 1 55.0 65.0 2
230 1 55.0 65.0 2
229 1 55.0 65.0 2
228 1 55.0 65.0 2
227 1 55.0 65.0 2
226 1 55.0 65.0 2
225 1 55.0 65.0 2
223 1 55.0 65.0 2
222 1 55.0 65.0 2
221 1 55.0 65.0 2
220 1 55.0 65.0 2
219 1 55.0 65.0 2
218 1 55.0 65.0 2
217 1 55.0 65.0 2
216 1 55.0 65.0 2
214 1 55.0 65.0 2
213 1 55.0 65.0 2
212 1 55.0 65.0 2
749 1 47.0 66.0 2
748 1 47.0 66.0 2
745 1 47.0 66.0 2
744 1 47.0 66.0 2
743 1 47.0 66.0 2
742 1 47.0 66.0 2
741 1 47.0 66.0 2
740 1 47.0 66.0 2
739 1 47.0 66.0 2
738 1 47.0 66.0 2
736 1 47.0 66.0 2
735 1 47.0 66.0 2
734 1 47.0 66.0 2
732 1 47.0 66.0 2
731 1 47.0 66.0 2
730 1 47.0 66.0 2
729 1 47.0 66.0 2
728 1 47.0 66.0 2
727 1 47.0 66.0 2
193 1 40.0 66.0 2
192 1 40.0 66.0 2
191 1 40.0 66.0 2
190 1 40.0 66.0 2
189 1 40.0 66.0 2
188 1 40.0 66.0 2
187 1 40.0 66.0 2
509 1 41.0 46.0 2
508 1 41.0 46.0 2
507 1 41.0 46.0 2
506 1 41.0 46.0 2
505 1 41.0 46.0 2
504 1 41.0 46.0 2
503 1 41.0 46.0 2
502 1 41.0 46.0 2
501 1 41.0 46.0 2
499 1 41.0 46.0 2
498 1 41.0 46.0 2
497 1 41.0 46.0 2
496 1 41.0 46.0 2
495 1 41.0 46.0 2
494 1 41.0 46.0 2
493 1 41.0 46.0 2
492 1 41.0 46.0 2
-1 0 40.0 40.0 D
20 2 160.0 160.59022521972656 160 2147483647 162
0 0 40.0 40.0 D
353 1 33.0 44.0 2
352 1 33.0 44.0 2
349 1 33.0 44.0 2
348 1 33.0 44.0 2
347 1 33.0 44.0 2
346 1 33.0 44.0 2
345 1 33.0 44.0 2
344 1 33.0 44.0 2
343 1 33.0 44.0 2
341 1 33.0 44.0 2
340 1 33.0 44.0 2
339 1 33.0 44.0 2
337 1 33.0 44.0 2
336 1 33.0 44.0 2
335 1 33.0 44.0 2
264 1 35.0 51.0 2
262 1 35.0 51.0 2
261 1 35.0 51.0 2
260 1 35.0 51.0 2
259 1 35.0 51.0 2
257 1 35.0 51.0 2
256 1 35.0 51.0 2
254 1 35.0 51.0 2
253 1 35.0 51.0 2
252 1 35.0 51.0 2
251 1 35.0 51.0 2
250 1 35.0 51.0 2
249 1 35.0 51.0 2
798 1 30.0 50.0 2
797 1 30.0 50.0 2
795 1 30.0 50.0 2
794 1 30.0 50.0 2
793 1 30.0 50.0 2
792 1 30.0 50.0 2
790 1 30.0 50.0 2
789 1 30.0 50.0 2
788 1 30.0 50.0 2
787 1 30.0 50.0 2
786 1 30.0 50.0 2
785 1 30.0 50.0 2
784 1 30.0 50.0 2
783 1 30.0 50.0 2
782 1 30.0 50.0 2
781 1 30.0 50.0 2
779 1 30.0 50.0 2
777 1 30.0 50.0 2
776 1 30.0 50.0 2
775 1 30.0 50.0 2
773 1 30.0 50.0 2
771 1 30.0 50.0 2
770 1 30.0 50.0 2
769 1 30.0 50.0 2
768 1 30.0 50.0 2
767 1 30.0 50.0 2
765 1 30.0 60.0 2
764 1 30.0 60.0 2
762 1 30.0 60.0 2
761 1 30.0 60.0 2
758 1 30.0 60.0 2
757 1 30.0 60.0 2
756 1 30.0 60.0 2
754 1 30.0 60.0 2
753 1 30.0 60.0 2
752 1 30.0 60.0 2
751 1 30.0 60.0 2
750 1 30.0 60.0 2
54 1 21.0 45.0 2
53 1 21.0 45.0 2
51 1 21.0 45.0 2
50 1 21.0 45.0 2
49 1 21.0 45.0 2
48 1 21.0 45.0 2
47 1 21.0 45.0 2
46 1 21.0 45.0 2
317 1 21.0 36.0 2
316 1 21.0 36.0 2
476 1 7.0 43.0 2
475 1 7.0 43.0 2
474 1 7.0 43.0 2
472 1 7.0 43.0 2
471 1 7.0 43.0 2
470 1 7.0 43.0 2
468 1 7.0 43.0 2
466 1 7.0 43.0 2
465 1 7.0 43.0 2
464 1 7.0 43.0 2
463 1 7.0 43.0 2
459 1 7.0 43.0 2
457 1 7.0 43.0 2
456 1 7.0 43.0 2
455 1 7.0 43.0 2
453 1 7.0 43.0 2
643 1 22.0 53.0 2
642 1 22.0 53.0 2
641 1 22.0 53.0 2
640 1 22.0 53.0 2
639 1 22.0 53.0 2
638 1 22.0 53.0 2
636 1 22.0 53.0 2
634 1 22.0 53.0 2
630 1 22.0 53.0 2
629 1 22.0 53.0 2
628 1 22.0 53.0 2
627 1 22.0 53.0 2
626 1 22.0 53.0 2
625 1 22.0 53.0 2
623 1 22.0 53.0 2
621 1 22.0 53.0 2
620 1 22.0 53.0 2
619 1 22.0 53.0 2
618 1 22.0 53.0 2
617 1 22.0 53.0 2
616 1 22.0 53.0 2
491 1 17.0 64.0 2
490 1 17.0 64.0 2
489 1 17.0 64.0 2
488 1 17.0 64.0 2
487 1 17.0 64.0 2
485 1 17.0 64.0 2
484 1 17.0 64.0 2
482 1 17.0 64.0 2
481 1 17.0 64.0 2
480 1 17.0 64.0 2
479 1 17.0 64.0 2
478 1 17.0 64.0 2
615 1 31.0 76.0 2
614 1 31.0 76.0 2
613 1 31.0 76.0 2
612 1 31.0 76.0 2
611 1 31.0 76.0 2
609 1 31.0 76.0 2
608 1 31.0 76.0 2
607 1 31.0 76.0 2
606 1 31.0 76.0 2
605 1 31.0 76.0 2
604 1 31.0 76.0 2
600 1 31.0 76.0 2
599 1 31.0 76.0 2
598 1 31.0 76.0 2
597 1 31.0 76.0 2
596 1 31.0 76.0 2
594 1 31.0 76.0 2
593 1 31.0 76.0 2
592 1 31.0 76.0 2
591 1 31.0 76.0 2
211 1 40.0 66.0 2
210 1 40.0 66.0 2
209 1 40.0 66.0 2
208 1 40.0 66.0 2
207 1 40.0 66.0 2
206 1 40.0 66.0 2
205 1 40.0 66.0 2
204 1 40.0 66.0 2
203 1 40.0 66.0 2
202 1 40.0 66.0 2
201 1 40.0 66.0 2
198 1 40.0 66.0 2
196 1 40.0 66.0 2
195 1 40.0 66.0 2
194 1 40.0 66.0 2
-1 0 40.0 40.0 D
21 2 60.0 79.529052734375 60 2147483647 62
0 0 40.0 40.0 D
332 1 21.0 36.0 2
331 1 21.0 36.0 2
330 1 21.0 36.0 2
329 1 21.0 36.0 2
328 1 21.0 36.0 2
327 1 21.0 36.0 2
326 1 21.0 36.0 2
325 1 21.0 36.0 2
324 1 21.0 36.0 2
322 1 21.0 36.0 2
321 1 21.0 36.0 2
320 1 21.0 36.0 2
319 1 21.0 36.0 2
318 1 21.0 36.0 2
450 1 11.0 28.0 2
449 1 11.0 28.0 2
448 1 11.0 28.0 2
447 1 11.0 28.0 2
446 1 11.0 28.0 2
445 1 11.0 28.0 2
813 1 12.0 17.0 2
812 1 12.0 17.0 2
811 1 12.0 17.0 2
810 1 12.0 17.0 2
809 1 12.0 17.0 2
808 1 12.0 17.0 2
807 1 12.0 17.0 2
806 1 12.0 17.0 2
805 1 12.0 17.0 2
804 1 12.0 17.0 2
803 1 12.0 17.0 2
802 1 12.0 17.0 2
801 1 12.0 17.0 2
800 1 12.0 17.0 2
799 1 12.0 17.0 2
670 1 26.0 29.0 2
669 1 26.0 29.0 2
668 1 26.0 29.0 2
666 1 26.0 29.0 2
665 1 26.0 29.0 2
664 1 26.0 29.0 2
662 1 26.0 29.0 2
661 1 26.0 29.0 2
660 1 26.0 29.0 2
659 1 26.0 29.0 2
658 1 26.0 29.0 2
657 1 26.0 29.0 2
656 1 26.0 29.0 2
654 1 26.0 29.0 2
652 1 26.0 29.0 2
651 1 26.0 29.0 2
649 1 26.0 29.0 2
648 1 26.0 29.0 2
647 1 26.0 29.0 2
646 1 26.0 29.0 2
645 1 26.0 29.0 2
111 1 33.0 34.0 2
110 1 33.0 34.0 2
109 1 33.0 34.0 2
108 1 33.0 34.0 2
-1 0 40.0 40.0 D
22 2 60.0 83.34019470214844 60 2147483647 62
0 0 40.0 40.0 D
18 1 22.0 22.0 2
17 1 22.0 22.0 2
16 1 22.0 22.0 2
15 1 22.0 22.0 2
14 1 22.0 22.0 2
13 1 22.0 22.0 2
12 1 22.0 22.0 2
11 1 22.0 22.0 2
10 1 22.0 22.0 2
9 1 22.0 22.0 2
8 1 22.0 22.0 2
7 1 22.0 22.0 2
6 1 22.0 22.0 2
5 1 22.0 22.0 2
4 1 22.0 22.0 2
3 1 22.0 22.0 2
2 1 22.0 22.0 2
1 1 22.0 22.0 2
434 1 26.0 13.0 2
433 1 26.0 13.0 2
824 1 15.0 14.0 2
823 1 15.0 14.0 2
822 1 15.0 14.0 2
821 1 15.0 14.0 2
819 1 15.0 14.0 2
818 1 15.0 14.0 2
817 1 15.0 14.0 2
816 1 15.0 14.0 2
814 1 15.0 14.0 2
842 1 16.0 19.0 2
841 1 16.0 19.0 2
840 1 16.0 19.0 2
839 1 16.0 19.0 2
838 1 16.0 19.0 2
837 1 16.0 19.0 2
836 1 16.0 19.0 2
835 1 16.0 19.0 2
834 1 16.0 19.0 2
833 1 16.0 19.0 2
832 1 16.0 19.0 2
831 1 16.0 19.0 2
830 1 16.0 19.0 2
829 1 16.0 19.0 2
828 1 16.0 19.0 2
827 1 16.0 19.0 2
826 1 16.0 19.0 2
825 1 16.0 19.0 2
125 1 33.0 34.0 2
124 1 33.0 34.0 2
123 1 33.0 34.0 2
122 1 33.0 34.0 2
121 1 33.0 34.0 2
120 1 33.0 34.0 2
119 1 33.0 34.0 2
118 1 33.0 34.0 2
117 1 33.0 34.0 2
116 1 33.0 34.0 2
115 1 33.0 34.0 2
113 1 33.0 34.0 2
112 1 33.0 34.0 2
-1 0 40.0 40.0 D
23 2 60.0 79.2120361328125 60 2147483647 62
0 0 40.0 40.0 D
44 1 36.0 26.0 2
43 1 36.0 26.0 2
42 1 36.0 26.0 2
41 1 36.0 26.0 2
40 1 36.0 26.0 2
39 1 36.0 26.0 2
38 1 36.0 26.0 2
37 1 36.0 26.0 2
34 1 36.0 26.0 2
33 1 36.0 26.0 2
32 1 36.0 26.0 2
31 1 36.0 26.0 2
30 1 36.0 26.0 2
29 1 36.0 26.0 2
28 1 36.0 26.0 2
26 1 36.0 26.0 2
24 1 36.0 26.0 2
23 1 36.0 26.0 2
22 1 36.0 26.0 2
21 1 36.0 26.0 2
20 1 36.0 26.0 2
19 1 36.0 26.0 2
408 1 44.0 13.0 2
407 1 44.0 13.0 2
405 1 44.0 13.0 2
555 1 35.0 16.0 2
554 1 35.0 16.0 2
553 1 35.0 16.0 2
551 1 35.0 16.0 2
550 1 35.0 16.0 2
548 1 35.0 16.0 2
547 1 35.0 16.0 2
546 1 35.0 16.0 2
545 1 35.0 16.0 2
544 1 35.0 16.0 2
543 1 35.0 16.0 2
542 1 35.0 16.0 2
541 1 35.0 16.0 2
540 1 35.0 16.0 2
538 1 35.0 16.0 2
537 1 35.0 16.0 2
536 1 35.0 16.0 2
535 1 35.0 16.0 2
534 1 35.0 16.0 2
533 1 35.0 16.0 2
531 1 35.0 16.0 2
530 1 35.0 16.0 2
529 1 35.0 16.0 2
528 1 35.0 16.0 2
527 1 35.0 16.0 2
444 1 26.0 13.0 2
443 1 26.0 13.0 2
442 1 26.0 13.0 2
441 1 26.0 13.0 2
440 1 26.0 13.0 2
439 1 26.0 13.0 2
438 1 26.0 13.0 2
437 1 26.0 13.0 2
436 1 26.0 13.0 2
435 1 26.0 13.0 2
-1 0 40.0 40.0 D
24 2 60.0 72.84640502929688 60 2147483647 62
0 0 40.0 40.0 D
589 1 43.0 26.0 2
588 1 43.0 26.0 2
587 1 43.0 26.0 2
586 1 43.0 26.0 2
585 1 43.0 26.0 2
583 1 43.0 26.0 2
582 1 43.0 26.0 2
581 1 43.0 26.0 2
579 1 43.0 26.0 2
578 1 43.0 26.0 2
576 1 43.0 26.0 2
575 1 43.0 26.0 2
574 1 43.0 26.0 2
572 1 43.0 26.0 2
571 1 43.0 26.0 2
570 1 43.0 26.0 2
569 1 43.0 26.0 2
432 1 44.0 13.0 2
428 1 44.0 13.0 2
427 1 44.0 13.0 2
426 1 44.0 13.0 2
425 1 44.0 13.0 2
424 1 44.0 13.0 2
423 1 44.0 13.0 2
422 1 44.0 13.0 2
421 1 44.0 13.0 2
419 1 44.0 13.0 2
418 1 44.0 13.0 2
417 1 44.0 13.0 2
416 1 44.0 13.0 2
415 1 44.0 13.0 2
414 1 44.0 13.0 2
412 1 44.0 13.0 2
411 1 44.0 13.0 2
409 1 44.0 13.0 2
711 1 54.0 10.0 2
709 1 54.0 10.0 2
708 1 54.0 10.0 2
707 1 54.0 10.0 2
706 1 54.0 10.0 2
705 1 54.0 10.0 2
704 1 54.0 10.0 2
703 1 54.0 10.0 2
702 1 54.0 10.0 2
701 1 54.0 10.0 2
104 1 55.0 20.0 2
102 1 55.0 20.0 2
101 1 55.0 20.0 2
100 1 55.0 20.0 2
99 1 55.0 20.0 2
96 1 55.0 20.0 2
95 1 55.0 20.0 2
94 1 55.0 20.0 2
93 1 55.0 20.0 2
92 1 55.0 20.0 2
91 1 55.0 20.0 2
90 1 55.0 20.0 2
89 1 55.0 20.0 2
87 1 55.0 20.0 2
86 1 55.0 20.0 2
-1 0 40.0 40.0 D
25 2 60.0 75.06574249267578 60 2147483647 62
0 0 40.0 40.0 D
84 1 45.0 35.0 2
83 1 45.0 35.0 2
82 1 45.0 35.0 2
81 1 45.0 35.0 2
80 1 45.0 35.0 2
79 1 45.0 35.0 2
78 1 45.0 35.0 2
77 1 45.0 35.0 2
75 1 45.0 35.0 2
73 1 45.0 35.0 2
72 1 45.0 35.0 2
71 1 45.0 35.0 2
70 1 45.0 35.0 2
68 1 45.0 35.0 2
67 1 45.0 35.0 2
66 1 45.0 35.0 2
64 1 45.0 35.0 2
62 1 45.0 35.0 2
61 1 45.0 35.0 2
60 1 45.0 35.0 2
59 1 45.0 35.0 2
58 1 45.0 35.0 2
57 1 45.0 35.0 2
56 1 45.0 35.0 2
568 1 52.0 26.0 2
566 1 52.0 26.0 2
565 1 52.0 26.0 2
564 1 52.0 26.0 2
563 1 52.0 26.0 2
559 1 52.0 26.0 2
557 1 52.0 26.0 2
556 1 52.0 26.0 2
398 1 66.0 14.0 2
397 1 66.0 14.0 2
396 1 66.0 14.0 2
394 1 66.0 14.0 2
393 1 66.0 14.0 2
392 1 66.0 14.0 2
391 1 66.0 14.0 2
390 1 66.0 14.0 2
389 1 66.0 14.0 2
388 1 66.0 14.0 2
387 1 66.0 14.0 2
386 1 66.0 14.0 2
385 1 66.0 14.0 2
384 1 66.0 14.0 2
383 1 66.0 14.0 2
725 1 60.0 15.0 2
724 1 60.0 15.0 2
722 1 60.0 15.0 2
720 1 60.0 15.0 2
718 1 60.0 15.0 2
717 1 60.0 15.0 2
716 1 60.0 15.0 2
715 1 60.0 15.0 2
714 1 60.0 15.0 2
713 1 60.0 15.0 2
712 1 60.0 15.0 2
106 1 55.0 20.0 2
105 1 55.0 20.0 2
-1 0 40.0 40.0 D
26 2 35.0 81.76644897460938 60 2147483647 37
0 0 40.0 40.0 D
525 1 55.0 34.0 2
524 1 55.0 34.0 2
523 1 55.0 34.0 2
521 1 55.0 34.0 2
520 1 55.0 34.0 2
519 1 55.0 34.0 2
518 1 55.0 34.0 2
517 1 55.0 34.0 2
516 1 55.0 34.0 2
515 1 55.0 34.0 2
514 1 55.0 34.0 2
513 1 55.0 34.0 2
512 1 55.0 34.0 2
511 1 55.0 34.0 2
276 1 62.0 35.0 2
275 1 62.0 35.0 2
274 1 62.0 35.0 2
273 1 62.0 35.0 2
272 1 62.0 35.0 2
271 1 62.0 35.0 2
270 1 62.0 35.0 2
269 1 62.0 35.0 2
268 1 62.0 35.0 2
267 1 62.0 35.0 2
265 1 62.0 35.0 2
315 1 62.0 24.0 2
314 1 62.0 24.0 2
313 1 62.0 24.0 2
312 1 62.0 24.0 2
309 1 62.0 24.0 2
308 1 62.0 24.0 2
402 1 66.0 14.0 2
401 1 66.0 14.0 2
400 1 66.0 14.0 2
399 1 66.0 14.0 2
-1 0 40.0 40.0 D
