880
1 2 1 22.0 22.0 1
2 2 1 22.0 22.0 1
3 2 1 22.0 22.0 1
4 2 1 22.0 22.0 1
5 2 1 22.0 22.0 1
6 2 1 22.0 22.0 1
7 2 1 22.0 22.0 1
8 2 1 22.0 22.0 1
9 2 1 22.0 22.0 1
10 2 1 22.0 22.0 1
11 2 1 22.0 22.0 1
12 2 1 22.0 22.0 1
13 2 1 22.0 22.0 1
14 2 1 22.0 22.0 1
15 2 1 22.0 22.0 1
16 2 1 22.0 22.0 1
17 2 1 22.0 22.0 1
18 2 1 22.0 22.0 1
19 2 1 36.0 26.0 2
20 2 1 36.0 26.0 2
21 2 1 36.0 26.0 2
22 2 1 36.0 26.0 2
23 2 1 36.0 26.0 2
24 2 1 36.0 26.0 2
25 1 1 36.0 26.0 2
26 2 1 36.0 26.0 2
27 1 1 36.0 26.0 2
28 2 1 36.0 26.0 2
29 2 1 36.0 26.0 2
30 2 1 36.0 26.0 2
31 2 1 36.0 26.0 2
32 2 1 36.0 26.0 2
33 2 1 36.0 26.0 2
34 2 1 36.0 26.0 2
35 1 1 36.0 26.0 2
36 1 1 36.0 26.0 2
37 2 1 36.0 26.0 2
38 2 1 36.0 26.0 2
39 2 1 36.0 26.0 2
40 2 1 36.0 26.0 2
41 2 1 36.0 26.0 2
42 2 1 36.0 26.0 2
43 2 1 36.0 26.0 2
44 2 1 36.0 26.0 2
45 1 1 21.0 45.0 3
46 2 1 21.0 45.0 3
47 2 1 21.0 45.0 3
48 2 1 21.0 45.0 3
49 2 1 21.0 45.0 3
50 2 1 21.0 45.0 3
51 2 1 21.0 45.0 3
52 1 1 21.0 45.0 3
53 2 1 21.0 45.0 3
54 2 1 21.0 45.0 3
55 1 1 21.0 45.0 3
56 2 1 45.0 35.0 4
57 2 1 45.0 35.0 4
58 2 1 45.0 35.0 4
59 2 1 45.0 35.0 4
60 2 1 45.0 35.0 4
61 2 1 45.0 35.0 4
62 2 1 45.0 35.0 4
63 1 1 45.0 35.0 4
64 2 1 45.0 35.0 4
65 1 1 45.0 35.0 4
66 2 1 45.0 35.0 4
67 2 1 45.0 35.0 4
68 2 1 45.0 35.0 4
69 1 1 45.0 35.0 4
70 2 1 45.0 35.0 4
71 2 1 45.0 35.0 4
72 2 1 45.0 35.0 4
73 2 1 45.0 35.0 4
74 1 1 45.0 35.0 4
75 2 1 45.0 35.0 4
76 1 1 45.0 35.0 4
77 2 1 45.0 35.0 4
78 2 1 45.0 35.0 4
79 2 1 45.0 35.0 4
80 2 1 45.0 35.0 4
81 2 1 45.0 35.0 4
82 2 1 45.0 35.0 4
83 2 1 45.0 35.0 4
84 2 1 45.0 35.0 4
85 1 1 45.0 35.0 4
86 2 1 55.0 20.0 5
87 2 1 55.0 20.0 5
88 1 1 55.0 20.0 5
89 2 1 55.0 20.0 5
90 2 1 55.0 20.0 5
91 2 1 55.0 20.0 5
92 2 1 55.0 20.0 5
93 2 1 55.0 20.0 5
94 2 1 55.0 20.0 5
95 2 1 55.0 20.0 5
96 2 1 55.0 20.0 5
97 1 1 55.0 20.0 5
98 1 1 55.0 20.0 5
99 2 1 55.0 20.0 5
100 2 1 55.0 20.0 5
101 2 1 55.0 20.0 5
102 2 1 55.0 20.0 5
103 1 1 55.0 20.0 5
104 2 1 55.0 20.0 5
105 2 1 55.0 20.0 5
106 2 1 55.0 20.0 5
107 1 1 33.0 34.0 6
108 2 1 33.0 34.0 6
109 2 1 33.0 34.0 6
110 2 1 33.0 34.0 6
111 2 1 33.0 34.0 6
112 2 1 33.0 34.0 6
113 2 1 33.0 34.0 6
114 1 1 33.0 34.0 6
115 2 1 33.0 34.0 6
116 2 1 33.0 34.0 6
117 2 1 33.0 34.0 6
118 2 1 33.0 34.0 6
119 2 1 33.0 34.0 6
120 2 1 33.0 34.0 6
121 2 1 33.0 34.0 6
122 2 1 33.0 34.0 6
123 2 1 33.0 34.0 6
124 2 1 33.0 34.0 6
125 2 1 33.0 34.0 6
126 1 1 50.0 50.0 7
127 2 1 50.0 50.0 7
128 2 1 50.0 50.0 7
129 2 1 50.0 50.0 7
130 1 1 50.0 50.0 7
131 1 1 50.0 50.0 7
132 1 1 50.0 50.0 7
133 2 1 50.0 50.0 7
134 2 1 50.0 50.0 7
135 2 1 50.0 50.0 7
136 2 1 50.0 50.0 7
137 2 1 50.0 50.0 7
138 2 1 50.0 50.0 7
139 2 1 50.0 50.0 7
140 2 1 50.0 50.0 7
141 2 1 55.0 45.0 8
142 2 1 55.0 45.0 8
143 2 1 55.0 45.0 8
144 2 1 55.0 45.0 8
145 2 1 55.0 45.0 8
146 2 1 55.0 45.0 8
147 1 1 55.0 45.0 8
148 2 1 55.0 45.0 8
149 2 1 55.0 45.0 8
150 1 1 55.0 45.0 8
151 2 1 55.0 45.0 8
152 2 1 55.0 45.0 8
153 2 1 55.0 45.0 8
154 2 1 55.0 45.0 8
155 2 1 55.0 45.0 8
156 2 1 55.0 45.0 8
157 1 1 26.0 59.0 9
158 1 1 26.0 59.0 9
159 1 1 26.0 59.0 9
160 1 1 26.0 59.0 9
161 1 1 26.0 59.0 9
162 1 1 26.0 59.0 9
163 1 1 26.0 59.0 9
164 1 1 26.0 59.0 9
165 1 1 26.0 59.0 9
166 1 1 26.0 59.0 9
167 1 1 26.0 59.0 9
168 1 1 26.0 59.0 9
169 1 1 26.0 59.0 9
170 1 1 26.0 59.0 9
171 1 1 26.0 59.0 9
172 1 1 26.0 59.0 9
173 1 1 26.0 59.0 9
174 1 1 26.0 59.0 9
175 1 1 26.0 59.0 9
176 1 1 26.0 59.0 9
177 1 1 26.0 59.0 9
178 1 1 26.0 59.0 9
179 1 1 26.0 59.0 9
180 1 1 26.0 59.0 9
181 1 1 26.0 59.0 9
182 1 1 26.0 59.0 9
183 1 1 26.0 59.0 9
184 1 1 26.0 59.0 9
185 1 1 26.0 59.0 9
186 1 1 40.0 66.0 10
187 2 1 40.0 66.0 10
188 2 1 40.0 66.0 10
189 2 1 40.0 66.0 10
190 2 1 40.0 66.0 10
191 2 1 40.0 66.0 10
192 2 1 40.0 66.0 10
193 2 1 40.0 66.0 10
194 2 1 40.0 66.0 10
195 2 1 40.0 66.0 10
196 2 1 40.0 66.0 10
197 1 1 40.0 66.0 10
198 2 1 40.0 66.0 10
199 1 1 40.0 66.0 10
200 1 1 40.0 66.0 10
201 2 1 40.0 66.0 10
202 2 1 40.0 66.0 10
203 2 1 40.0 66.0 10
204 2 1 40.0 66.0 10
205 2 1 40.0 66.0 10
206 2 1 40.0 66.0 10
207 2 1 40.0 66.0 10
208 2 1 40.0 66.0 10
209 2 1 40.0 66.0 10
210 2 1 40.0 66.0 10
211 2 1 40.0 66.0 10
212 2 1 55.0 65.0 11
213 2 1 55.0 65.0 11
214 2 1 55.0 65.0 11
215 1 1 55.0 65.0 11
216 2 1 55.0 65.0 11
217 2 1 55.0 65.0 11
218 2 1 55.0 65.0 11
219 2 1 55.0 65.0 11
220 2 1 55.0 65.0 11
221 2 1 55.0 65.0 11
222 2 1 55.0 65.0 11
223 2 1 55.0 65.0 11
224 1 1 55.0 65.0 11
225 2 1 55.0 65.0 11
226 2 1 55.0 65.0 11
227 2 1 55.0 65.0 11
228 2 1 55.0 65.0 11
229 2 1 55.0 65.0 11
230 2 1 55.0 65.0 11
231 2 1 55.0 65.0 11
232 1 1 55.0 65.0 11
233 2 1 55.0 65.0 11
234 2 1 55.0 65.0 11
235 2 1 55.0 65.0 11
236 2 1 55.0 65.0 11
237 2 1 55.0 65.0 11
238 1 1 55.0 65.0 11
239 2 1 55.0 65.0 11
240 2 1 55.0 65.0 11
241 2 1 55.0 65.0 11
242 2 1 55.0 65.0 11
243 2 1 55.0 65.0 11
244 2 1 55.0 65.0 11
245 2 1 55.0 65.0 11
246 2 1 55.0 65.0 11
247 2 1 55.0 65.0 11
248 1 1 55.0 65.0 11
249 2 1 35.0 51.0 12
250 2 1 35.0 51.0 12
251 2 1 35.0 51.0 12
252 2 1 35.0 51.0 12
253 2 1 35.0 51.0 12
254 2 1 35.0 51.0 12
255 1 1 35.0 51.0 12
256 2 1 35.0 51.0 12
257 2 1 35.0 51.0 12
258 1 1 35.0 51.0 12
259 2 1 35.0 51.0 12
260 2 1 35.0 51.0 12
261 2 1 35.0 51.0 12
262 2 1 35.0 51.0 12
263 1 1 35.0 51.0 12
264 2 1 35.0 51.0 12
265 2 1 62.0 35.0 13
266 1 1 62.0 35.0 13
267 2 1 62.0 35.0 13
268 2 1 62.0 35.0 13
269 2 1 62.0 35.0 13
270 2 1 62.0 35.0 13
271 2 1 62.0 35.0 13
272 2 1 62.0 35.0 13
273 2 1 62.0 35.0 13
274 2 1 62.0 35.0 13
275 2 1 62.0 35.0 13
276 2 1 62.0 35.0 13
277 2 1 62.0 57.0 14
278 1 1 62.0 57.0 14
279 1 1 62.0 57.0 14
280 2 1 62.0 57.0 14
281 1 1 62.0 57.0 14
282 2 1 62.0 57.0 14
283 2 1 62.0 57.0 14
284 2 1 62.0 57.0 14
285 2 1 62.0 57.0 14
286 2 1 62.0 57.0 14
287 2 1 62.0 57.0 14
288 2 1 62.0 57.0 14
289 2 1 62.0 57.0 14
290 1 1 62.0 57.0 14
291 2 1 62.0 57.0 14
292 2 1 62.0 57.0 14
293 1 1 62.0 57.0 14
294 2 1 62.0 57.0 14
295 2 1 62.0 57.0 14
296 1 1 62.0 57.0 14
297 2 1 62.0 57.0 14
298 2 1 62.0 57.0 14
299 2 1 62.0 57.0 14
300 2 1 62.0 57.0 14
301 2 1 62.0 57.0 14
302 2 1 62.0 57.0 14
303 2 1 62.0 57.0 14
304 2 1 62.0 57.0 14
305 2 1 62.0 57.0 14
306 2 1 62.0 57.0 14
307 2 1 62.0 57.0 14
308 2 1 62.0 24.0 15
309 2 1 62.0 24.0 15
310 1 1 62.0 24.0 15
311 1 1 62.0 24.0 15
312 2 1 62.0 24.0 15
313 2 1 62.0 24.0 15
314 2 1 62.0 24.0 15
315 2 1 62.0 24.0 15
316 2 1 21.0 36.0 16
317 2 1 21.0 36.0 16
318 2 1 21.0 36.0 16
319 2 1 21.0 36.0 16
320 2 1 21.0 36.0 16
321 2 1 21.0 36.0 16
322 2 1 21.0 36.0 16
323 1 1 21.0 36.0 16
324 2 1 21.0 36.0 16
325 2 1 21.0 36.0 16
326 2 1 21.0 36.0 16
327 2 1 21.0 36.0 16
328 2 1 21.0 36.0 16
329 2 1 21.0 36.0 16
330 2 1 21.0 36.0 16
331 2 1 21.0 36.0 16
332 2 1 21.0 36.0 16
333 1 1 21.0 36.0 16
334 1 1 21.0 36.0 16
335 2 1 33.0 44.0 17
336 2 1 33.0 44.0 17
337 2 1 33.0 44.0 17
338 1 1 33.0 44.0 17
339 2 1 33.0 44.0 17
340 2 1 33.0 44.0 17
341 2 1 33.0 44.0 17
342 1 1 33.0 44.0 17
343 2 1 33.0 44.0 17
344 2 1 33.0 44.0 17
345 2 1 33.0 44.0 17
346 2 1 33.0 44.0 17
347 2 1 33.0 44.0 17
348 2 1 33.0 44.0 17
349 2 1 33.0 44.0 17
350 1 1 33.0 44.0 17
351 1 1 33.0 44.0 17
352 2 1 33.0 44.0 17
353 2 1 33.0 44.0 17
354 1 1 33.0 44.0 17
355 1 1 9.0 56.0 18
356 1 1 9.0 56.0 18
357 1 1 9.0 56.0 18
358 1 1 9.0 56.0 18
359 1 1 9.0 56.0 18
360 1 1 9.0 56.0 18
361 1 1 9.0 56.0 18
362 1 1 9.0 56.0 18
363 1 1 9.0 56.0 18
364 1 1 9.0 56.0 18
365 1 1 9.0 56.0 18
366 1 1 9.0 56.0 18
367 1 1 9.0 56.0 18
368 2 1 62.0 48.0 19
369 2 1 62.0 48.0 19
370 2 1 62.0 48.0 19
371 2 1 62.0 48.0 19
372 2 1 62.0 48.0 19
373 2 1 62.0 48.0 19
374 2 1 62.0 48.0 19
375 2 1 62.0 48.0 19
376 2 1 62.0 48.0 19
377 2 1 62.0 48.0 19
378 2 1 62.0 48.0 19
379 1 1 62.0 48.0 19
380 2 1 62.0 48.0 19
381 2 1 62.0 48.0 19
382 2 1 62.0 48.0 19
383 2 1 66.0 14.0 20
384 2 1 66.0 14.0 20
385 2 1 66.0 14.0 20
386 2 1 66.0 14.0 20
387 2 1 66.0 14.0 20
388 2 1 66.0 14.0 20
389 2 1 66.0 14.0 20
390 2 1 66.0 14.0 20
391 2 1 66.0 14.0 20
392 2 1 66.0 14.0 20
393 2 1 66.0 14.0 20
394 2 1 66.0 14.0 20
395 1 1 66.0 14.0 20
396 2 1 66.0 14.0 20
397 2 1 66.0 14.0 20
398 2 1 66.0 14.0 20
399 2 1 66.0 14.0 20
400 2 1 66.0 14.0 20
401 2 1 66.0 14.0 20
402 2 1 66.0 14.0 20
403 1 1 66.0 14.0 20
404 1 1 66.0 14.0 20
405 2 1 44.0 13.0 21
406 1 1 44.0 13.0 21
407 2 1 44.0 13.0 21
408 2 1 44.0 13.0 21
409 2 1 44.0 13.0 21
410 1 1 44.0 13.0 21
411 2 1 44.0 13.0 21
412 2 1 44.0 13.0 21
413 1 1 44.0 13.0 21
414 2 1 44.0 13.0 21
415 2 1 44.0 13.0 21
416 2 1 44.0 13.0 21
417 2 1 44.0 13.0 21
418 2 1 44.0 13.0 21
419 2 1 44.0 13.0 21
420 1 1 44.0 13.0 21
421 2 1 44.0 13.0 21
422 2 1 44.0 13.0 21
423 2 1 44.0 13.0 21
424 2 1 44.0 13.0 21
425 2 1 44.0 13.0 21
426 2 1 44.0 13.0 21
427 2 1 44.0 13.0 21
428 2 1 44.0 13.0 21
429 1 1 44.0 13.0 21
430 1 1 44.0 13.0 21
431 1 1 44.0 13.0 21
432 2 1 44.0 13.0 21
433 2 1 26.0 13.0 22
434 2 1 26.0 13.0 22
435 2 1 26.0 13.0 22
436 2 1 26.0 13.0 22
437 2 1 26.0 13.0 22
438 2 1 26.0 13.0 22
439 2 1 26.0 13.0 22
440 2 1 26.0 13.0 22
441 2 1 26.0 13.0 22
442 2 1 26.0 13.0 22
443 2 1 26.0 13.0 22
444 2 1 26.0 13.0 22
445 2 1 11.0 28.0 23
446 2 1 11.0 28.0 23
447 2 1 11.0 28.0 23
448 2 1 11.0 28.0 23
449 2 1 11.0 28.0 23
450 2 1 11.0 28.0 23
451 1 1 7.0 43.0 24
452 1 1 7.0 43.0 24
453 2 1 7.0 43.0 24
454 1 1 7.0 43.0 24
455 2 1 7.0 43.0 24
456 2 1 7.0 43.0 24
457 2 1 7.0 43.0 24
458 1 1 7.0 43.0 24
459 2 1 7.0 43.0 24
460 1 1 7.0 43.0 24
461 1 1 7.0 43.0 24
462 1 1 7.0 43.0 24
463 2 1 7.0 43.0 24
464 2 1 7.0 43.0 24
465 2 1 7.0 43.0 24
466 2 1 7.0 43.0 24
467 1 1 7.0 43.0 24
468 2 1 7.0 43.0 24
469 1 1 7.0 43.0 24
470 2 1 7.0 43.0 24
471 2 1 7.0 43.0 24
472 2 1 7.0 43.0 24
473 1 1 7.0 43.0 24
474 2 1 7.0 43.0 24
475 2 1 7.0 43.0 24
476 2 1 7.0 43.0 24
477 1 1 7.0 43.0 24
478 2 1 17.0 64.0 25
479 2 1 17.0 64.0 25
480 2 1 17.0 64.0 25
481 2 1 17.0 64.0 25
482 2 1 17.0 64.0 25
483 1 1 17.0 64.0 25
484 2 1 17.0 64.0 25
485 2 1 17.0 64.0 25
486 1 1 17.0 64.0 25
487 2 1 17.0 64.0 25
488 2 1 17.0 64.0 25
489 2 1 17.0 64.0 25
490 2 1 17.0 64.0 25
491 2 1 17.0 64.0 25
492 2 1 41.0 46.0 26
493 2 1 41.0 46.0 26
494 2 1 41.0 46.0 26
495 2 1 41.0 46.0 26
496 2 1 41.0 46.0 26
497 2 1 41.0 46.0 26
498 2 1 41.0 46.0 26
499 2 1 41.0 46.0 26
500 1 1 41.0 46.0 26
501 2 1 41.0 46.0 26
502 2 1 41.0 46.0 26
503 2 1 41.0 46.0 26
504 2 1 41.0 46.0 26
505 2 1 41.0 46.0 26
506 2 1 41.0 46.0 26
507 2 1 41.0 46.0 26
508 2 1 41.0 46.0 26
509 2 1 41.0 46.0 26
510 1 1 55.0 34.0 27
511 2 1 55.0 34.0 27
512 2 1 55.0 34.0 27
513 2 1 55.0 34.0 27
514 2 1 55.0 34.0 27
515 2 1 55.0 34.0 27
516 2 1 55.0 34.0 27
517 2 1 55.0 34.0 27
518 2 1 55.0 34.0 27
519 2 1 55.0 34.0 27
520 2 1 55.0 34.0 27
521 2 1 55.0 34.0 27
522 1 1 55.0 34.0 27
523 2 1 55.0 34.0 27
524 2 1 55.0 34.0 27
525 2 1 55.0 34.0 27
526 1 1 55.0 34.0 27
527 2 1 35.0 16.0 28
528 2 1 35.0 16.0 28
529 2 1 35.0 16.0 28
530 2 1 35.0 16.0 28
531 2 1 35.0 16.0 28
532 1 1 35.0 16.0 28
533 2 1 35.0 16.0 28
534 2 1 35.0 16.0 28
535 2 1 35.0 16.0 28
536 2 1 35.0 16.0 28
537 2 1 35.0 16.0 28
538 2 1 35.0 16.0 28
539 1 1 35.0 16.0 28
540 2 1 35.0 16.0 28
541 2 1 35.0 16.0 28
542 2 1 35.0 16.0 28
543 2 1 35.0 16.0 28
544 2 1 35.0 16.0 28
545 2 1 35.0 16.0 28
546 2 1 35.0 16.0 28
547 2 1 35.0 16.0 28
548 2 1 35.0 16.0 28
549 1 1 35.0 16.0 28
550 2 1 35.0 16.0 28
551 2 1 35.0 16.0 28
552 1 1 35.0 16.0 28
553 2 1 35.0 16.0 28
554 2 1 35.0 16.0 28
555 2 1 35.0 16.0 28
556 2 1 52.0 26.0 29
557 2 1 52.0 26.0 29
558 1 1 52.0 26.0 29
559 2 1 52.0 26.0 29
560 1 1 52.0 26.0 29
561 1 1 52.0 26.0 29
562 1 1 52.0 26.0 29
563 2 1 52.0 26.0 29
564 2 1 52.0 26.0 29
565 2 1 52.0 26.0 29
566 2 1 52.0 26.0 29
567 1 1 52.0 26.0 29
568 2 1 52.0 26.0 29
569 2 1 43.0 26.0 30
570 2 1 43.0 26.0 30
571 2 1 43.0 26.0 30
572 2 1 43.0 26.0 30
573 1 1 43.0 26.0 30
574 2 1 43.0 26.0 30
575 2 1 43.0 26.0 30
576 2 1 43.0 26.0 30
577 1 1 43.0 26.0 30
578 2 1 43.0 26.0 30
579 2 1 43.0 26.0 30
580 1 1 43.0 26.0 30
581 2 1 43.0 26.0 30
582 2 1 43.0 26.0 30
583 2 1 43.0 26.0 30
584 1 1 43.0 26.0 30
585 2 1 43.0 26.0 30
586 2 1 43.0 26.0 30
587 2 1 43.0 26.0 30
588 2 1 43.0 26.0 30
589 2 1 43.0 26.0 30
590 1 1 43.0 26.0 30
591 2 1 31.0 76.0 31
592 2 1 31.0 76.0 31
593 2 1 31.0 76.0 31
594 2 1 31.0 76.0 31
595 1 1 31.0 76.0 31
596 2 1 31.0 76.0 31
597 2 1 31.0 76.0 31
598 2 1 31.0 76.0 31
599 2 1 31.0 76.0 31
600 2 1 31.0 76.0 31
601 1 1 31.0 76.0 31
602 1 1 31.0 76.0 31
603 1 1 31.0 76.0 31
604 2 1 31.0 76.0 31
605 2 1 31.0 76.0 31
606 2 1 31.0 76.0 31
607 2 1 31.0 76.0 31
608 2 1 31.0 76.0 31
609 2 1 31.0 76.0 31
610 1 1 31.0 76.0 31
611 2 1 31.0 76.0 31
612 2 1 31.0 76.0 31
613 2 1 31.0 76.0 31
614 2 1 31.0 76.0 31
615 2 1 31.0 76.0 31
616 2 1 22.0 53.0 32
617 2 1 22.0 53.0 32
618 2 1 22.0 53.0 32
619 2 1 22.0 53.0 32
620 2 1 22.0 53.0 32
621 2 1 22.0 53.0 32
622 1 1 22.0 53.0 32
623 2 1 22.0 53.0 32
624 1 1 22.0 53.0 32
625 2 1 22.0 53.0 32
626 2 1 22.0 53.0 32
627 2 1 22.0 53.0 32
628 2 1 22.0 53.0 32
629 2 1 22.0 53.0 32
630 2 1 22.0 53.0 32
631 1 1 22.0 53.0 32
632 1 1 22.0 53.0 32
633 1 1 22.0 53.0 32
634 2 1 22.0 53.0 32
635 1 1 22.0 53.0 32
636 2 1 22.0 53.0 32
637 1 1 22.0 53.0 32
638 2 1 22.0 53.0 32
639 2 1 22.0 53.0 32
640 2 1 22.0 53.0 32
641 2 1 22.0 53.0 32
642 2 1 22.0 53.0 32
643 2 1 22.0 53.0 32
644 1 1 26.0 29.0 33
645 2 1 26.0 29.0 33
646 2 1 26.0 29.0 33
647 2 1 26.0 29.0 33
648 2 1 26.0 29.0 33
649 2 1 26.0 29.0 33
650 1 1 26.0 29.0 33
651 2 1 26.0 29.0 33
652 2 1 26.0 29.0 33
653 1 1 26.0 29.0 33
654 2 1 26.0 29.0 33
655 1 1 26.0 29.0 33
656 2 1 26.0 29.0 33
657 2 1 26.0 29.0 33
658 2 1 26.0 29.0 33
659 2 1 26.0 29.0 33
660 2 1 26.0 29.0 33
661 2 1 26.0 29.0 33
662 2 1 26.0 29.0 33
663 1 1 26.0 29.0 33
664 2 1 26.0 29.0 33
665 2 1 26.0 29.0 33
666 2 1 26.0 29.0 33
667 1 1 26.0 29.0 33
668 2 1 26.0 29.0 33
669 2 1 26.0 29.0 33
670 2 1 26.0 29.0 33
671 2 1 50.0 40.0 34
672 2 1 50.0 40.0 34
673 1 1 50.0 40.0 34
674 2 1 50.0 40.0 34
675 2 1 50.0 40.0 34
676 2 1 50.0 40.0 34
677 1 1 50.0 40.0 34
678 1 1 50.0 40.0 34
679 2 1 50.0 40.0 34
680 1 1 50.0 40.0 34
681 2 1 50.0 40.0 34
682 2 1 50.0 40.0 34
683 2 1 50.0 40.0 34
684 2 1 50.0 40.0 34
685 2 1 50.0 40.0 34
686 2 1 50.0 40.0 34
687 1 1 50.0 40.0 34
688 2 1 50.0 40.0 34
689 2 1 50.0 40.0 34
690 1 1 55.0 50.0 35
691 2 1 55.0 50.0 35
692 1 1 55.0 50.0 35
693 2 1 55.0 50.0 35
694 2 1 55.0 50.0 35
695 1 1 55.0 50.0 35
696 2 1 55.0 50.0 35
697 2 1 55.0 50.0 35
698 2 1 55.0 50.0 35
699 2 1 55.0 50.0 35
700 1 1 54.0 10.0 36
701 2 1 54.0 10.0 36
702 2 1 54.0 10.0 36
703 2 1 54.0 10.0 36
704 2 1 54.0 10.0 36
705 2 1 54.0 10.0 36
706 2 1 54.0 10.0 36
707 2 1 54.0 10.0 36
708 2 1 54.0 10.0 36
709 2 1 54.0 10.0 36
710 1 1 54.0 10.0 36
711 2 1 54.0 10.0 36
712 2 1 60.0 15.0 37
713 2 1 60.0 15.0 37
714 2 1 60.0 15.0 37
715 2 1 60.0 15.0 37
716 2 1 60.0 15.0 37
717 2 1 60.0 15.0 37
718 2 1 60.0 15.0 37
719 1 1 60.0 15.0 37
720 2 1 60.0 15.0 37
721 1 1 60.0 15.0 37
722 2 1 60.0 15.0 37
723 1 1 60.0 15.0 37
724 2 1 60.0 15.0 37
725 2 1 60.0 15.0 37
726 1 1 47.0 66.0 38
727 2 1 47.0 66.0 38
728 2 1 47.0 66.0 38
729 2 1 47.0 66.0 38
730 2 1 47.0 66.0 38
731 2 1 47.0 66.0 38
732 2 1 47.0 66.0 38
733 1 1 47.0 66.0 38
734 2 1 47.0 66.0 38
735 2 1 47.0 66.0 38
736 2 1 47.0 66.0 38
737 1 1 47.0 66.0 38
738 2 1 47.0 66.0 38
739 2 1 47.0 66.0 38
740 2 1 47.0 66.0 38
741 2 1 47.0 66.0 38
742 2 1 47.0 66.0 38
743 2 1 47.0 66.0 38
744 2 1 47.0 66.0 38
745 2 1 47.0 66.0 38
746 1 1 47.0 66.0 38
747 1 1 47.0 66.0 38
748 2 1 47.0 66.0 38
749 2 1 47.0 66.0 38
750 2 1 30.0 60.0 39
751 2 1 30.0 60.0 39
752 2 1 30.0 60.0 39
753 2 1 30.0 60.0 39
754 2 1 30.0 60.0 39
755 1 1 30.0 60.0 39
756 2 1 30.0 60.0 39
757 2 1 30.0 60.0 39
758 2 1 30.0 60.0 39
759 1 1 30.0 60.0 39
760 1 1 30.0 60.0 39
761 2 1 30.0 60.0 39
762 2 1 30.0 60.0 39
763 1 1 30.0 60.0 39
764 2 1 30.0 60.0 39
765 2 1 30.0 60.0 39
766 1 1 30.0 50.0 40
767 2 1 30.0 50.0 40
768 2 1 30.0 50.0 40
769 2 1 30.0 50.0 40
770 2 1 30.0 50.0 40
771 2 1 30.0 50.0 40
772 1 1 30.0 50.0 40
773 2 1 30.0 50.0 40
774 1 1 30.0 50.0 40
775 2 1 30.0 50.0 40
776 2 1 30.0 50.0 40
777 2 1 30.0 50.0 40
778 1 1 30.0 50.0 40
779 2 1 30.0 50.0 40
780 1 1 30.0 50.0 40
781 2 1 30.0 50.0 40
782 2 1 30.0 50.0 40
783 2 1 30.0 50.0 40
784 2 1 30.0 50.0 40
785 2 1 30.0 50.0 40
786 2 1 30.0 50.0 40
787 2 1 30.0 50.0 40
788 2 1 30.0 50.0 40
789 2 1 30.0 50.0 40
790 2 1 30.0 50.0 40
791 1 1 30.0 50.0 40
792 2 1 30.0 50.0 40
793 2 1 30.0 50.0 40
794 2 1 30.0 50.0 40
795 2 1 30.0 50.0 40
796 1 1 30.0 50.0 40
797 2 1 30.0 50.0 40
798 2 1 30.0 50.0 40
799 2 1 12.0 17.0 41
800 2 1 12.0 17.0 41
801 2 1 12.0 17.0 41
802 2 1 12.0 17.0 41
803 2 1 12.0 17.0 41
804 2 1 12.0 17.0 41
805 2 1 12.0 17.0 41
806 2 1 12.0 17.0 41
807 2 1 12.0 17.0 41
808 2 1 12.0 17.0 41
809 2 1 12.0 17.0 41
810 2 1 12.0 17.0 41
811 2 1 12.0 17.0 41
812 2 1 12.0 17.0 41
813 2 1 12.0 17.0 41
814 2 1 15.0 14.0 42
815 1 1 15.0 14.0 42
816 2 1 15.0 14.0 42
817 2 1 15.0 14.0 42
818 2 1 15.0 14.0 42
819 2 1 15.0 14.0 42
820 1 1 15.0 14.0 42
821 2 1 15.0 14.0 42
822 2 1 15.0 14.0 42
823 2 1 15.0 14.0 42
824 2 1 15.0 14.0 42
825 2 1 16.0 19.0 43
826 2 1 16.0 19.0 43
827 2 1 16.0 19.0 43
828 2 1 16.0 19.0 43
829 2 1 16.0 19.0 43
830 2 1 16.0 19.0 43
831 2 1 16.0 19.0 43
832 2 1 16.0 19.0 43
833 2 1 16.0 19.0 43
834 2 1 16.0 19.0 43
835 2 1 16.0 19.0 43
836 2 1 16.0 19.0 43
837 2 1 16.0 19.0 43
838 2 1 16.0 19.0 43
839 2 1 16.0 19.0 43
840 2 1 16.0 19.0 43
841 2 1 16.0 19.0 43
842 2 1 16.0 19.0 43
843 1 1 21.0 48.0 44
844 1 1 21.0 48.0 44
845 1 1 21.0 48.0 44
846 1 1 21.0 48.0 44
847 1 1 21.0 48.0 44
848 1 1 21.0 48.0 44
849 1 1 21.0 48.0 44
850 1 1 21.0 48.0 44
851 1 1 21.0 48.0 44
852 1 1 21.0 48.0 44
853 1 1 21.0 48.0 44
854 1 1 21.0 48.0 44
855 1 1 21.0 48.0 44
856 1 1 21.0 48.0 44
857 1 1 21.0 48.0 44
858 1 1 21.0 48.0 44
859 1 1 21.0 48.0 44
860 1 1 50.0 30.0 45
861 1 1 50.0 30.0 45
862 1 1 50.0 30.0 45
863 1 1 50.0 30.0 45
864 1 1 50.0 30.0 45
865 1 1 50.0 30.0 45
866 1 1 50.0 30.0 45
867 1 1 50.0 30.0 45
868 1 1 50.0 30.0 45
869 1 1 50.0 30.0 45
870 1 1 50.0 30.0 45
871 1 1 50.0 30.0 45
872 1 1 50.0 30.0 45
873 1 1 50.0 30.0 45
874 1 1 50.0 30.0 45
875 1 1 50.0 30.0 45
876 1 1 50.0 30.0 45
877 1 1 50.0 30.0 45
878 1 1 50.0 30.0 45
879 1 1 50.0 30.0 45
880 1 1 50.0 30.0 45
