File: p02 Num Depots: 1 Num Pick Up Points: 45 Num Trucks: 5Processing Time: 15 seconds
Total Demand = 880.00| Total Distance = 1287.62| Total Travel Time = 965.72| Total Cost = $1287.62|

Truck #15 MaxCap: 60 Demand: 60.0 ROUTE:0 263 258 255 500 150 147 379 296 293 290 281 279 278 248 238 232 224 215 747 746 737 733 726 610 603 602 601 595 168 167 166 165 164 163 162 161 160 159 158 157 763 760 759 755 200 199 197 186 695 692 690 132 131 130 126 687 680 678 677 673 -1 
Truck #16 MaxCap: 100 Demand: 100.0 ROUTE:0 354 351 350 342 338 796 791 780 778 774 772 766 55 52 45 859 858 857 856 855 854 853 852 851 850 849 848 847 846 845 844 843 637 635 633 632 631 624 622 114 107 36 35 27 25 532 667 663 655 653 650 644 820 815 334 333 323 477 473 469 467 462 461 460 458 454 452 451 367 366 365 364 363 362 361 360 359 358 357 356 355 486 483 185 184 183 182 181 180 179 178 177 176 175 174 173 172 171 170 169 -1 
Truck #17 MaxCap: 160 Demand: 65.0 ROUTE:0 85 76 74 69 65 63 590 584 580 577 573 880 879 878 877 876 875 874 873 872 871 870 869 868 867 866 865 864 863 862 861 860 526 522 510 266 567 562 561 560 558 103 98 97 88 311 310 723 721 719 404 403 395 710 700 431 430 429 420 413 410 406 552 549 539 -1 
Truck #18 MaxCap: 60 Demand: 60.0 ROUTE:0 156 155 154 153 152 151 149 148 146 145 144 143 142 141 382 381 380 378 377 376 375 374 373 372 371 370 369 368 291 289 288 287 286 285 284 283 282 280 277 699 698 697 696 694 693 691 689 688 686 685 684 683 682 681 679 676 675 674 672 671 -1 
Truck #19 MaxCap: 100 Demand: 100.0 ROUTE:0 140 139 138 137 136 135 134 133 129 128 127 307 306 305 304 303 302 301 300 299 298 297 295 294 292 247 246 245 244 243 242 241 240 239 237 236 235 234 233 231 230 229 228 227 226 225 223 222 221 220 219 218 217 216 214 213 212 749 748 745 744 743 742 741 740 739 738 736 735 734 732 731 730 729 728 727 193 192 191 190 189 188 187 509 508 507 506 505 504 503 502 501 499 498 497 496 495 494 493 492 -1 
Truck #20 MaxCap: 160 Demand: 160.0 ROUTE:0 353 352 349 348 347 346 345 344 343 341 340 339 337 336 335 264 262 261 260 259 257 256 254 253 252 251 250 249 798 797 795 794 793 792 790 789 788 787 786 785 784 783 782 781 779 777 776 775 773 771 770 769 768 767 765 764 762 761 758 757 756 754 753 752 751 750 54 53 51 50 49 48 47 46 317 316 476 475 474 472 471 470 468 466 465 464 463 459 457 456 455 453 643 642 641 640 639 638 636 634 630 629 628 627 626 625 623 621 620 619 618 617 616 491 490 489 488 487 485 484 482 481 480 479 478 615 614 613 612 611 609 608 607 606 605 604 600 599 598 597 596 594 593 592 591 211 210 209 208 207 206 205 204 203 202 201 198 196 195 194 -1 
Truck #21 MaxCap: 60 Demand: 60.0 ROUTE:0 332 331 330 329 328 327 326 325 324 322 321 320 319 318 450 449 448 447 446 445 813 812 811 810 809 808 807 806 805 804 803 802 801 800 799 670 669 668 666 665 664 662 661 660 659 658 657 656 654 652 651 649 648 647 646 645 111 110 109 108 -1 
Truck #22 MaxCap: 60 Demand: 60.0 ROUTE:0 18 17 16 15 14 13 12 11 10 9 8 7 6 5 4 3 2 1 434 433 824 823 822 821 819 818 817 816 814 842 841 840 839 838 837 836 835 834 833 832 831 830 829 828 827 826 825 125 124 123 122 121 120 119 118 117 116 115 113 112 -1 
Truck #23 MaxCap: 60 Demand: 60.0 ROUTE:0 44 43 42 41 40 39 38 37 34 33 32 31 30 29 28 26 24 23 22 21 20 19 408 407 405 555 554 553 551 550 548 547 546 545 544 543 542 541 540 538 537 536 535 534 533 531 530 529 528 527 444 443 442 441 440 439 438 437 436 435 -1 
Truck #24 MaxCap: 60 Demand: 60.0 ROUTE:0 589 588 587 586 585 583 582 581 579 578 576 575 574 572 571 570 569 432 428 427 426 425 424 423 422 421 419 418 417 416 415 414 412 411 409 711 709 708 707 706 705 704 703 702 701 104 102 101 100 99 96 95 94 93 92 91 90 89 87 86 -1 
Truck #25 MaxCap: 60 Demand: 60.0 ROUTE:0 84 83 82 81 80 79 78 77 75 73 72 71 70 68 67 66 64 62 61 60 59 58 57 56 568 566 565 564 563 559 557 556 398 397 396 394 393 392 391 390 389 388 387 386 385 384 383 725 724 722 720 718 717 716 715 714 713 712 106 105 -1 
Truck #26 MaxCap: 60 Demand: 35.0 ROUTE:0 525 524 523 521 520 519 518 517 516 515 514 513 512 511 276 275 274 273 272 271 270 269 268 267 265 315 314 313 312 309 308 402 401 400 399 -1 


Inital Solution 0 changes  totQ=880.00 totD=1287.62 $1287.62
Sharing 0 changes  totQ=880.00 totD=1287.62 $1287.62
