File: p03 Num Depots: 1 Num Pick Up Points: 68 Num Trucks: 7Processing Time: 40 seconds
Total Demand = 1305.00| Total Distance = 2333.46| Total Travel Time = 1750.09| Total Cost = $1513.83|

Truck #153 MaxCap: 20 Demand: 19.0 ROUTE:0 1282 1280 1279 1277 1276 1267 154 153 372 371 902 894 889 885 881 678 677 674 671 -1 
Truck #154 MaxCap: 40 Demand: 39.0 ROUTE:0 492 258 250 609 607 601 209 208 207 199 738 235 233 228 215 214 1250 1243 1242 1237 1234 1233 1133 1132 1125 1120 1117 1114 305 299 280 1012 1006 1005 691 138 1295 1293 1284 -1 
Truck #155 MaxCap: 60 Demand: 49.0 ROUTE:0 342 339 766 263 261 761 174 170 169 161 159 635 616 488 957 956 955 360 474 467 463 453 1070 1065 1060 819 818 550 545 543 533 529 414 405 915 913 912 708 718 716 101 934 933 930 927 585 583 580 572 -1 
Truck #156 MaxCap: 40 Demand: 39.0 ROUTE:0 1294 1292 1291 1290 1289 1288 1287 1286 1285 1283 1281 1278 1275 1274 1273 1272 1271 1270 1269 1268 1266 690 306 291 283 1121 1119 1118 1116 1115 1113 1112 1111 369 1037 1033 144 898 684 -1 
Truck #157 MaxCap: 80 Demand: 75.0 ROUTE:0 133 1026 1015 1134 1131 1130 1129 1128 1127 1126 1124 1123 1122 1257 1246 1245 1229 248 247 246 245 244 243 242 241 240 239 238 237 236 234 232 231 230 229 227 226 225 224 223 222 221 220 219 218 217 216 213 212 741 735 203 191 186 1109 1098 1091 1090 509 508 507 506 505 504 503 502 501 500 499 498 497 496 495 494 493 -1 
Truck #158 MaxCap: 120 Demand: 112.0 ROUTE:0 125 121 120 119 117 114 660 659 657 656 654 648 8 2 1 1166 1165 1163 439 438 1213 1205 1204 1202 820 814 1069 1061 951 950 949 948 947 472 470 464 367 366 365 364 363 362 361 359 358 357 356 355 973 965 954 487 482 481 185 184 183 182 181 180 179 178 177 176 175 173 172 171 168 167 166 165 164 163 162 160 158 157 643 642 640 629 622 859 858 857 856 855 854 853 852 851 850 849 848 847 846 845 844 843 49 797 792 785 783 776 767 352 348 345 341 335 -1 
Truck #160 MaxCap: 100 Demand: 99.0 ROUTE:0 140 139 137 136 135 134 132 131 130 129 128 127 126 699 698 697 696 695 694 693 692 1025 1024 1023 1022 1021 1020 1019 1018 1017 1016 1014 1013 1011 1010 1009 1008 1007 1259 1258 1256 1255 1254 1253 1252 1251 1249 1248 1247 1244 1241 1240 1239 1238 1236 1235 1232 1231 1230 307 304 303 302 301 300 298 297 296 295 294 293 292 290 289 288 287 286 285 284 282 281 279 278 277 382 381 380 379 378 377 376 375 374 373 370 368 156 155 152 -1 
Truck #161 MaxCap: 160 Demand: 159.0 ROUTE:0 798 796 795 794 793 791 790 789 788 787 786 784 782 781 780 779 778 777 775 774 773 772 771 770 769 768 765 764 763 762 759 758 757 756 755 754 753 752 751 750 491 490 489 486 485 484 483 480 479 478 1048 1047 1046 1045 1044 1043 615 614 613 612 611 610 608 606 604 603 602 600 598 597 596 594 593 592 591 1265 1264 1263 1262 1261 1260 1228 1227 1226 1225 1224 1223 1222 1221 1220 749 748 747 746 745 744 743 742 740 739 737 736 734 733 732 731 730 729 728 727 726 211 210 206 205 204 202 201 200 198 197 196 195 194 193 192 190 189 188 187 1110 1108 1107 1106 1105 1104 1103 1102 1101 1100 1099 1097 1096 1095 1094 1093 1092 264 262 260 259 257 256 255 254 253 252 251 249 -1 
Truck #163 MaxCap: 60 Demand: 59.0 ROUTE:0 55 54 477 476 475 473 471 469 468 466 465 462 461 460 459 458 457 456 455 454 452 451 1056 1055 1054 1053 1052 1051 1050 450 449 448 447 446 445 334 333 332 331 330 328 327 326 325 323 321 320 319 318 317 984 983 982 981 979 978 977 975 974 -1 
Truck #164 MaxCap: 60 Demand: 59.0 ROUTE:0 1191 1190 1189 1188 1187 1186 1185 1184 1183 1182 1181 1075 1074 1073 1072 1071 1068 1067 1066 1064 1063 1062 1059 1058 1057 811 810 809 808 807 806 805 804 803 802 801 800 799 670 669 668 667 666 665 664 663 662 661 658 655 653 652 651 650 649 647 646 645 644 -1 
Truck #165 MaxCap: 60 Demand: 59.0 ROUTE:0 124 123 122 118 116 115 113 112 111 110 109 108 107 18 17 16 15 14 13 12 11 10 9 7 6 5 4 3 842 841 840 839 838 837 836 835 834 833 832 831 830 829 828 827 826 825 813 812 824 823 822 821 817 816 815 1195 1194 1193 1192 -1 
Truck #166 MaxCap: 60 Demand: 59.0 ROUTE:0 1305 1304 1303 1302 1299 1298 1297 1296 44 43 39 36 35 32 31 30 29 28 27 25 24 23 22 21 20 19 530 528 527 444 443 442 441 440 437 436 435 434 433 1219 1218 1217 1216 1215 1214 1212 1211 1210 1209 1208 1207 1206 1203 1201 1200 1199 1198 1197 1196 -1 
Truck #167 MaxCap: 40 Demand: 39.0 ROUTE:0 577 920 919 918 917 916 914 911 910 909 908 423 418 416 413 409 1156 555 554 542 541 1179 1178 1176 1175 1174 1171 1170 1169 42 41 40 38 37 34 33 26 1301 1300 -1 
Truck #168 MaxCap: 60 Demand: 59.0 ROUTE:0 578 576 575 574 573 571 570 569 432 431 430 429 428 427 426 425 424 422 421 420 419 417 415 412 411 410 408 407 406 1162 1161 1160 1158 1157 1155 1154 1153 1152 1151 1150 1149 1148 553 552 551 549 548 547 546 544 540 539 538 537 536 535 534 532 531 -1 
Truck #169 MaxCap: 60 Demand: 59.0 ROUTE:0 104 103 102 100 99 97 96 95 94 93 92 91 90 89 88 87 86 712 1146 1145 1144 1143 1141 1140 1139 1138 1137 1136 1135 711 710 709 707 706 705 702 701 700 946 943 942 941 940 938 937 935 932 931 929 928 590 589 588 587 586 584 582 581 579 -1 
Truck #170 MaxCap: 40 Demand: 39.0 ROUTE:0 71 68 63 60 880 879 878 877 876 875 871 870 869 867 866 865 864 863 862 861 860 1077 106 105 98 1147 1142 704 703 926 925 924 923 922 921 945 944 939 936 -1 
Truck #171 MaxCap: 60 Demand: 59.0 ROUTE:0 315 314 312 311 310 309 308 404 403 402 401 725 724 723 722 721 720 719 717 715 714 713 400 399 398 397 396 395 394 393 392 391 390 389 388 387 384 383 85 83 82 81 80 79 78 77 76 73 72 70 69 67 66 64 62 61 58 57 56 -1 
Truck #172 MaxCap: 20 Demand: 15.0 ROUTE:0 84 75 74 65 59 313 386 385 1088 1087 1084 1079 1076 267 512 -1 
Truck #173 MaxCap: 60 Demand: 58.0 ROUTE:0 568 567 566 565 564 563 562 560 559 558 556 151 150 149 148 147 146 145 143 142 141 1042 1041 1040 1039 1038 1036 1035 1034 1032 1031 1030 1029 1028 1027 276 275 273 272 270 268 266 265 526 525 524 523 522 521 520 518 517 516 515 514 513 511 510 -1 
Truck #174 MaxCap: 40 Demand: 37.0 ROUTE:0 760 605 599 595 329 324 322 316 985 980 976 519 1089 1086 1085 1083 1082 1081 1080 1078 274 271 1004 1003 1002 1001 1000 998 997 995 994 993 992 991 990 988 987 -1 
Truck #175 MaxCap: 20 Demand: 19.0 ROUTE:0 1180 1177 1173 1172 1168 1167 1164 1159 874 873 872 868 561 557 999 996 989 986 269 -1 
Truck #189 MaxCap: 100 Demand: 94.0 ROUTE:0 672 673 675 676 679 680 681 682 683 685 686 687 688 689 882 883 884 886 887 888 890 891 892 893 895 896 897 899 900 901 903 904 905 906 907 1049 952 953 958 959 960 961 962 963 964 966 967 968 969 970 971 972 617 618 619 620 621 623 624 625 626 627 628 630 631 632 633 634 636 637 638 639 641 45 46 47 48 50 51 52 53 336 337 338 340 343 344 346 347 349 350 351 353 354 -1 


Inital Solution 0 changes  totQ=1305.00 totD=2436.35 $1545.33
Local One Opt 53 changes  totQ=1305.00 totD=2282.90 $1533.00
Local Two Opt 7 changes  totQ=1305.00 totD=2274.76 $1532.04
Local Three Opt 2 changes  totQ=1305.00 totD=2266.43 $1531.55
K-Two Forward 0 changes  totQ=1305.00 totD=2266.43 $1531.55
K-Two Reverse 1 changes  totQ=1305.00 totD=2264.99 $1531.46
K-Three Forward 0 changes  totQ=1305.00 totD=2264.99 $1531.46
K-Three Reverse 0 changes  totQ=1305.00 totD=2264.99 $1531.46
Exchange 01 6 changes  totQ=1305.00 totD=2291.51 $1530.35
Exchange 01 0 changes  totQ=1305.00 totD=2291.51 $1530.35
Exchange 11 0 changes  totQ=1305.00 totD=2291.51 $1530.35
Exchange 02 2 changes  totQ=1305.00 totD=2341.57 $1529.82
Exchange 20 0 changes  totQ=1305.00 totD=2341.57 $1529.82
Exchange 12 1 changes  totQ=1305.00 totD=2334.47 $1529.39
Exchange 21 0 changes  totQ=1305.00 totD=2334.47 $1529.39
Exchange 22 0 changes  totQ=1305.00 totD=2334.47 $1529.39
Combination 1 changes  totQ=1305.00 totD=2334.47 $1529.39
Reduction 0 changes  totQ=1305.00 totD=2333.46 $1513.83
Reallocation 0 changes  totQ=1305.00 totD=2333.46 $1513.83
Relax/Combine 0 changes  totQ=1305.00 totD=2333.46 $1513.83
Sharing 0 changes  totQ=1305.00 totD=2333.46 $1513.83
Relax/Share 0 changes  totQ=1305.00 totD=2333.46 $1513.83
