1
0 40.0 40.0 1305.0 2333.4560546875 22
153 1 19.0 48.207279205322266 20 2147483647 21
0 0 40.0 40.0 D
1282 1 45.0 42.0 1
1280 1 45.0 42.0 1
1279 1 45.0 42.0 1
1277 1 45.0 42.0 1
1276 1 45.0 42.0 1
1267 1 45.0 42.0 1
154 1 55.0 45.0 1
153 1 55.0 45.0 1
372 1 62.0 48.0 1
371 1 62.0 48.0 1
902 1 51.0 42.0 1
894 1 51.0 42.0 1
889 1 51.0 42.0 1
885 1 51.0 42.0 1
881 1 51.0 42.0 1
678 1 50.0 40.0 1
677 1 50.0 40.0 1
674 1 50.0 40.0 1
671 1 50.0 40.0 1
-1 0 40.0 40.0 D
154 1 39.0 134.72061157226562 40 2147483647 41
0 0 40.0 40.0 D
492 1 41.0 46.0 1
258 1 35.0 51.0 1
250 1 35.0 51.0 1
609 1 31.0 76.0 1
607 1 31.0 76.0 1
601 1 31.0 76.0 1
209 1 40.0 66.0 1
208 1 40.0 66.0 1
207 1 40.0 66.0 1
199 1 40.0 66.0 1
738 1 47.0 66.0 1
235 1 55.0 65.0 1
233 1 55.0 65.0 1
228 1 55.0 65.0 1
215 1 55.0 65.0 1
214 1 55.0 65.0 1
1250 1 57.0 72.0 1
1243 1 57.0 72.0 1
1242 1 57.0 72.0 1
1237 1 57.0 72.0 1
1234 1 57.0 72.0 1
1233 1 57.0 72.0 1
1133 1 70.0 64.0 1
1132 1 70.0 64.0 1
1125 1 70.0 64.0 1
1120 1 70.0 64.0 1
1117 1 70.0 64.0 1
1114 1 70.0 64.0 1
305 1 62.0 57.0 1
299 1 62.0 57.0 1
280 1 62.0 57.0 1
1012 1 55.0 57.0 1
1006 1 55.0 57.0 1
1005 1 55.0 57.0 1
691 1 55.0 50.0 1
138 1 50.0 50.0 1
1295 1 45.0 42.0 1
1293 1 45.0 42.0 1
1284 1 45.0 42.0 1
-1 0 40.0 40.0 D
155 1 49.0 198.8775177001953 60 2147483647 51
0 0 40.0 40.0 D
342 1 33.0 44.0 1
339 1 33.0 44.0 1
766 1 30.0 50.0 1
263 1 35.0 51.0 1
261 1 35.0 51.0 1
761 1 30.0 60.0 1
174 1 26.0 59.0 1
170 1 26.0 59.0 1
169 1 26.0 59.0 1
161 1 26.0 59.0 1
159 1 26.0 59.0 1
635 1 22.0 53.0 1
616 1 22.0 53.0 1
488 1 17.0 64.0 1
957 1 15.0 56.0 1
956 1 15.0 56.0 1
955 1 15.0 56.0 1
360 1 9.0 56.0 1
474 1 7.0 43.0 1
467 1 7.0 43.0 1
463 1 7.0 43.0 1
453 1 7.0 43.0 1
1070 1 6.0 25.0 1
1065 1 6.0 25.0 1
1060 1 6.0 25.0 1
819 1 15.0 14.0 1
818 1 15.0 14.0 1
550 1 35.0 16.0 1
545 1 35.0 16.0 1
543 1 35.0 16.0 1
533 1 35.0 16.0 1
529 1 35.0 16.0 1
414 1 44.0 13.0 1
405 1 44.0 13.0 1
915 1 50.0 15.0 1
913 1 50.0 15.0 1
912 1 50.0 15.0 1
708 1 54.0 10.0 1
718 1 60.0 15.0 1
716 1 60.0 15.0 1
101 1 55.0 20.0 1
934 1 48.0 21.0 1
933 1 48.0 21.0 1
930 1 48.0 21.0 1
927 1 48.0 21.0 1
585 1 43.0 26.0 1
583 1 43.0 26.0 1
580 1 43.0 26.0 1
572 1 43.0 26.0 1
-1 0 40.0 40.0 D
156 2 39.0 95.09709930419922 40 2147483647 41
0 0 40.0 40.0 D
1294 1 45.0 42.0 2
1292 1 45.0 42.0 2
1291 1 45.0 42.0 2
1290 1 45.0 42.0 2
1289 1 45.0 42.0 2
1288 1 45.0 42.0 2
1287 1 45.0 42.0 2
1286 1 45.0 42.0 2
1285 1 45.0 42.0 2
1283 1 45.0 42.0 2
1281 1 45.0 42.0 2
1278 1 45.0 42.0 2
1275 1 45.0 42.0 2
1274 1 45.0 42.0 2
1273 1 45.0 42.0 2
1272 1 45.0 42.0 2
1271 1 45.0 42.0 2
1270 1 45.0 42.0 2
1269 1 45.0 42.0 2
1268 1 45.0 42.0 2
1266 1 45.0 42.0 2
690 1 55.0 50.0 2
306 1 62.0 57.0 2
291 1 62.0 57.0 2
283 1 62.0 57.0 2
1121 1 70.0 64.0 2
1119 1 70.0 64.0 2
1118 1 70.0 64.0 2
1116 1 70.0 64.0 2
1115 1 70.0 64.0 2
1113 1 70.0 64.0 2
1112 1 70.0 64.0 2
1111 1 70.0 64.0 2
369 1 62.0 48.0 2
1037 1 67.0 41.0 2
1033 1 67.0 41.0 2
144 1 55.0 45.0 2
898 1 51.0 42.0 2
684 1 50.0 40.0 2
-1 0 40.0 40.0 D
157 2 75.0 103.02254486083984 80 2147483647 77
0 0 40.0 40.0 D
133 1 50.0 50.0 2
1026 1 55.0 57.0 2
1015 1 55.0 57.0 2
1134 1 70.0 64.0 2
1131 1 70.0 64.0 2
1130 1 70.0 64.0 2
1129 1 70.0 64.0 2
1128 1 70.0 64.0 2
1127 1 70.0 64.0 2
1126 1 70.0 64.0 2
1124 1 70.0 64.0 2
1123 1 70.0 64.0 2
1122 1 70.0 64.0 2
1257 1 57.0 72.0 2
1246 1 57.0 72.0 2
1245 1 57.0 72.0 2
1229 1 57.0 72.0 2
248 1 55.0 65.0 2
247 1 55.0 65.0 2
246 1 55.0 65.0 2
245 1 55.0 65.0 2
244 1 55.0 65.0 2
243 1 55.0 65.0 2
242 1 55.0 65.0 2
241 1 55.0 65.0 2
240 1 55.0 65.0 2
239 1 55.0 65.0 2
238 1 55.0 65.0 2
237 1 55.0 65.0 2
236 1 55.0 65.0 2
234 1 55.0 65.0 2
232 1 55.0 65.0 2
231 1 55.0 65.0 2
230 1 55.0 65.0 2
229 1 55.0 65.0 2
227 1 55.0 65.0 2
226 1 55.0 65.0 2
225 1 55.0 65.0 2
224 1 55.0 65.0 2
223 1 55.0 65.0 2
222 1 55.0 65.0 2
221 1 55.0 65.0 2
220 1 55.0 65.0 2
219 1 55.0 65.0 2
218 1 55.0 65.0 2
217 1 55.0 65.0 2
216 1 55.0 65.0 2
213 1 55.0 65.0 2
212 1 55.0 65.0 2
741 1 47.0 66.0 2
735 1 47.0 66.0 2
203 1 40.0 66.0 2
191 1 40.0 66.0 2
186 1 40.0 66.0 2
1109 1 40.0 60.0 2
1098 1 40.0 60.0 2
1091 1 40.0 60.0 2
1090 1 40.0 60.0 2
509 1 41.0 46.0 2
508 1 41.0 46.0 2
507 1 41.0 46.0 2
506 1 41.0 46.0 2
505 1 41.0 46.0 2
504 1 41.0 46.0 2
503 1 41.0 46.0 2
502 1 41.0 46.0 2
501 1 41.0 46.0 2
500 1 41.0 46.0 2
499 1 41.0 46.0 2
498 1 41.0 46.0 2
497 1 41.0 46.0 2
496 1 41.0 46.0 2
495 1 41.0 46.0 2
494 1 41.0 46.0 2
493 1 41.0 46.0 2
-1 0 40.0 40.0 D
158 2 112.0 178.46661376953125 120 2147483647 114
0 0 40.0 40.0 D
125 1 33.0 34.0 2
121 1 33.0 34.0 2
120 1 33.0 34.0 2
119 1 33.0 34.0 2
117 1 33.0 34.0 2
114 1 33.0 34.0 2
660 1 26.0 29.0 2
659 1 26.0 29.0 2
657 1 26.0 29.0 2
656 1 26.0 29.0 2
654 1 26.0 29.0 2
648 1 26.0 29.0 2
8 1 22.0 22.0 2
2 1 22.0 22.0 2
1 1 22.0 22.0 2
1166 1 30.0 20.0 2
1165 1 30.0 20.0 2
1163 1 30.0 20.0 2
439 1 26.0 13.0 2
438 1 26.0 13.0 2
1213 1 15.0 5.0 2
1205 1 15.0 5.0 2
1204 1 15.0 5.0 2
1202 1 15.0 5.0 2
820 1 15.0 14.0 2
814 1 15.0 14.0 2
1069 1 6.0 25.0 2
1061 1 6.0 25.0 2
951 1 12.0 38.0 2
950 1 12.0 38.0 2
949 1 12.0 38.0 2
948 1 12.0 38.0 2
947 1 12.0 38.0 2
472 1 7.0 43.0 2
470 1 7.0 43.0 2
464 1 7.0 43.0 2
367 1 9.0 56.0 2
366 1 9.0 56.0 2
365 1 9.0 56.0 2
364 1 9.0 56.0 2
363 1 9.0 56.0 2
362 1 9.0 56.0 2
361 1 9.0 56.0 2
359 1 9.0 56.0 2
358 1 9.0 56.0 2
357 1 9.0 56.0 2
356 1 9.0 56.0 2
355 1 9.0 56.0 2
973 1 15.0 56.0 2
965 1 15.0 56.0 2
954 1 15.0 56.0 2
487 1 17.0 64.0 2
482 1 17.0 64.0 2
481 1 17.0 64.0 2
185 1 26.0 59.0 2
184 1 26.0 59.0 2
183 1 26.0 59.0 2
182 1 26.0 59.0 2
181 1 26.0 59.0 2
180 1 26.0 59.0 2
179 1 26.0 59.0 2
178 1 26.0 59.0 2
177 1 26.0 59.0 2
176 1 26.0 59.0 2
175 1 26.0 59.0 2
173 1 26.0 59.0 2
172 1 26.0 59.0 2
171 1 26.0 59.0 2
168 1 26.0 59.0 2
167 1 26.0 59.0 2
166 1 26.0 59.0 2
165 1 26.0 59.0 2
164 1 26.0 59.0 2
163 1 26.0 59.0 2
162 1 26.0 59.0 2
160 1 26.0 59.0 2
158 1 26.0 59.0 2
157 1 26.0 59.0 2
643 1 22.0 53.0 2
642 1 22.0 53.0 2
640 1 22.0 53.0 2
629 1 22.0 53.0 2
622 1 22.0 53.0 2
859 1 21.0 48.0 2
858 1 21.0 48.0 2
857 1 21.0 48.0 2
856 1 21.0 48.0 2
855 1 21.0 48.0 2
854 1 21.0 48.0 2
853 1 21.0 48.0 2
852 1 21.0 48.0 2
851 1 21.0 48.0 2
850 1 21.0 48.0 2
849 1 21.0 48.0 2
848 1 21.0 48.0 2
847 1 21.0 48.0 2
846 1 21.0 48.0 2
845 1 21.0 48.0 2
844 1 21.0 48.0 2
843 1 21.0 48.0 2
49 1 21.0 45.0 2
797 1 30.0 50.0 2
792 1 30.0 50.0 2
785 1 30.0 50.0 2
783 1 30.0 50.0 2
776 1 30.0 50.0 2
767 1 30.0 50.0 2
352 1 33.0 44.0 2
348 1 33.0 44.0 2
345 1 33.0 44.0 2
341 1 33.0 44.0 2
335 1 33.0 44.0 2
-1 0 40.0 40.0 D
160 4 99.0 89.513427734375 100 2147483647 101
0 0 40.0 40.0 D
140 1 50.0 50.0 4
139 1 50.0 50.0 4
137 1 50.0 50.0 4
136 1 50.0 50.0 4
135 1 50.0 50.0 4
134 1 50.0 50.0 4
132 1 50.0 50.0 4
131 1 50.0 50.0 4
130 1 50.0 50.0 4
129 1 50.0 50.0 4
128 1 50.0 50.0 4
127 1 50.0 50.0 4
126 1 50.0 50.0 4
699 1 55.0 50.0 4
698 1 55.0 50.0 4
697 1 55.0 50.0 4
696 1 55.0 50.0 4
695 1 55.0 50.0 4
694 1 55.0 50.0 4
693 1 55.0 50.0 4
692 1 55.0 50.0 4
1025 1 55.0 57.0 4
1024 1 55.0 57.0 4
1023 1 55.0 57.0 4
1022 1 55.0 57.0 4
1021 1 55.0 57.0 4
1020 1 55.0 57.0 4
1019 1 55.0 57.0 4
1018 1 55.0 57.0 4
1017 1 55.0 57.0 4
1016 1 55.0 57.0 4
1014 1 55.0 57.0 4
1013 1 55.0 57.0 4
1011 1 55.0 57.0 4
1010 1 55.0 57.0 4
1009 1 55.0 57.0 4
1008 1 55.0 57.0 4
1007 1 55.0 57.0 4
1259 1 57.0 72.0 4
1258 1 57.0 72.0 4
1256 1 57.0 72.0 4
1255 1 57.0 72.0 4
1254 1 57.0 72.0 4
1253 1 57.0 72.0 4
1252 1 57.0 72.0 4
1251 1 57.0 72.0 4
1249 1 57.0 72.0 4
1248 1 57.0 72.0 4
1247 1 57.0 72.0 4
1244 1 57.0 72.0 4
1241 1 57.0 72.0 4
1240 1 57.0 72.0 4
1239 1 57.0 72.0 4
1238 1 57.0 72.0 4
1236 1 57.0 72.0 4
1235 1 57.0 72.0 4
1232 1 57.0 72.0 4
1231 1 57.0 72.0 4
1230 1 57.0 72.0 4
307 1 62.0 57.0 4
304 1 62.0 57.0 4
303 1 62.0 57.0 4
302 1 62.0 57.0 4
301 1 62.0 57.0 4
300 1 62.0 57.0 4
298 1 62.0 57.0 4
297 1 62.0 57.0 4
296 1 62.0 57.0 4
295 1 62.0 57.0 4
294 1 62.0 57.0 4
293 1 62.0 57.0 4
292 1 62.0 57.0 4
290 1 62.0 57.0 4
289 1 62.0 57.0 4
288 1 62.0 57.0 4
287 1 62.0 57.0 4
286 1 62.0 57.0 4
285 1 62.0 57.0 4
284 1 62.0 57.0 4
282 1 62.0 57.0 4
281 1 62.0 57.0 4
279 1 62.0 57.0 4
278 1 62.0 57.0 4
277 1 62.0 57.0 4
382 1 62.0 48.0 4
381 1 62.0 48.0 4
380 1 62.0 48.0 4
379 1 62.0 48.0 4
378 1 62.0 48.0 4
377 1 62.0 48.0 4
376 1 62.0 48.0 4
375 1 62.0 48.0 4
374 1 62.0 48.0 4
373 1 62.0 48.0 4
370 1 62.0 48.0 4
368 1 62.0 48.0 4
156 1 55.0 45.0 4
155 1 55.0 45.0 4
152 1 55.0 45.0 4
-1 0 40.0 40.0 D
161 4 159.0 142.76815795898438 160 2147483647 161
0 0 40.0 40.0 D
798 1 30.0 50.0 4
796 1 30.0 50.0 4
795 1 30.0 50.0 4
794 1 30.0 50.0 4
793 1 30.0 50.0 4
791 1 30.0 50.0 4
790 1 30.0 50.0 4
789 1 30.0 50.0 4
788 1 30.0 50.0 4
787 1 30.0 50.0 4
786 1 30.0 50.0 4
784 1 30.0 50.0 4
782 1 30.0 50.0 4
781 1 30.0 50.0 4
780 1 30.0 50.0 4
779 1 30.0 50.0 4
778 1 30.0 50.0 4
777 1 30.0 50.0 4
775 1 30.0 50.0 4
774 1 30.0 50.0 4
773 1 30.0 50.0 4
772 1 30.0 50.0 4
771 1 30.0 50.0 4
770 1 30.0 50.0 4
769 1 30.0 50.0 4
768 1 30.0 50.0 4
765 1 30.0 60.0 4
764 1 30.0 60.0 4
763 1 30.0 60.0 4
762 1 30.0 60.0 4
759 1 30.0 60.0 4
758 1 30.0 60.0 4
757 1 30.0 60.0 4
756 1 30.0 60.0 4
755 1 30.0 60.0 4
754 1 30.0 60.0 4
753 1 30.0 60.0 4
752 1 30.0 60.0 4
751 1 30.0 60.0 4
750 1 30.0 60.0 4
491 1 17.0 64.0 4
490 1 17.0 64.0 4
489 1 17.0 64.0 4
486 1 17.0 64.0 4
485 1 17.0 64.0 4
484 1 17.0 64.0 4
483 1 17.0 64.0 4
480 1 17.0 64.0 4
479 1 17.0 64.0 4
478 1 17.0 64.0 4
1048 1 10.0 70.0 4
1047 1 10.0 70.0 4
1046 1 10.0 70.0 4
1045 1 10.0 70.0 4
1044 1 10.0 70.0 4
1043 1 10.0 70.0 4
615 1 31.0 76.0 4
614 1 31.0 76.0 4
613 1 31.0 76.0 4
612 1 31.0 76.0 4
611 1 31.0 76.0 4
610 1 31.0 76.0 4
608 1 31.0 76.0 4
606 1 31.0 76.0 4
604 1 31.0 76.0 4
603 1 31.0 76.0 4
602 1 31.0 76.0 4
600 1 31.0 76.0 4
598 1 31.0 76.0 4
597 1 31.0 76.0 4
596 1 31.0 76.0 4
594 1 31.0 76.0 4
593 1 31.0 76.0 4
592 1 31.0 76.0 4
591 1 31.0 76.0 4
1265 1 57.0 72.0 4
1264 1 57.0 72.0 4
1263 1 57.0 72.0 4
1262 1 57.0 72.0 4
1261 1 57.0 72.0 4
1260 1 57.0 72.0 4
1228 1 50.0 70.0 4
1227 1 50.0 70.0 4
1226 1 50.0 70.0 4
1225 1 50.0 70.0 4
1224 1 50.0 70.0 4
1223 1 50.0 70.0 4
1222 1 50.0 70.0 4
1221 1 50.0 70.0 4
1220 1 50.0 70.0 4
749 1 47.0 66.0 4
748 1 47.0 66.0 4
747 1 47.0 66.0 4
746 1 47.0 66.0 4
745 1 47.0 66.0 4
744 1 47.0 66.0 4
743 1 47.0 66.0 4
742 1 47.0 66.0 4
740 1 47.0 66.0 4
739 1 47.0 66.0 4
737 1 47.0 66.0 4
736 1 47.0 66.0 4
734 1 47.0 66.0 4
733 1 47.0 66.0 4
732 1 47.0 66.0 4
731 1 47.0 66.0 4
730 1 47.0 66.0 4
729 1 47.0 66.0 4
728 1 47.0 66.0 4
727 1 47.0 66.0 4
726 1 47.0 66.0 4
211 1 40.0 66.0 4
210 1 40.0 66.0 4
206 1 40.0 66.0 4
205 1 40.0 66.0 4
204 1 40.0 66.0 4
202 1 40.0 66.0 4
201 1 40.0 66.0 4
200 1 40.0 66.0 4
198 1 40.0 66.0 4
197 1 40.0 66.0 4
196 1 40.0 66.0 4
195 1 40.0 66.0 4
194 1 40.0 66.0 4
193 1 40.0 66.0 4
192 1 40.0 66.0 4
190 1 40.0 66.0 4
189 1 40.0 66.0 4
188 1 40.0 66.0 4
187 1 40.0 66.0 4
1110 1 40.0 60.0 4
1108 1 40.0 60.0 4
1107 1 40.0 60.0 4
1106 1 40.0 60.0 4
1105 1 40.0 60.0 4
1104 1 40.0 60.0 4
1103 1 40.0 60.0 4
1102 1 40.0 60.0 4
1101 1 40.0 60.0 4
1100 1 40.0 60.0 4
1099 1 40.0 60.0 4
1097 1 40.0 60.0 4
1096 1 40.0 60.0 4
1095 1 40.0 60.0 4
1094 1 40.0 60.0 4
1093 1 40.0 60.0 4
1092 1 40.0 60.0 4
264 1 35.0 51.0 4
262 1 35.0 51.0 4
260 1 35.0 51.0 4
259 1 35.0 51.0 4
257 1 35.0 51.0 4
256 1 35.0 51.0 4
255 1 35.0 51.0 4
254 1 35.0 51.0 4
253 1 35.0 51.0 4
252 1 35.0 51.0 4
251 1 35.0 51.0 4
249 1 35.0 51.0 4
-1 0 40.0 40.0 D
163 4 59.0 90.0433349609375 60 2147483647 61
0 0 40.0 40.0 D
55 1 21.0 45.0 4
54 1 21.0 45.0 4
477 1 7.0 43.0 4
476 1 7.0 43.0 4
475 1 7.0 43.0 4
473 1 7.0 43.0 4
471 1 7.0 43.0 4
469 1 7.0 43.0 4
468 1 7.0 43.0 4
466 1 7.0 43.0 4
465 1 7.0 43.0 4
462 1 7.0 43.0 4
461 1 7.0 43.0 4
460 1 7.0 43.0 4
459 1 7.0 43.0 4
458 1 7.0 43.0 4
457 1 7.0 43.0 4
456 1 7.0 43.0 4
455 1 7.0 43.0 4
454 1 7.0 43.0 4
452 1 7.0 43.0 4
451 1 7.0 43.0 4
1056 1 6.0 25.0 4
1055 1 6.0 25.0 4
1054 1 6.0 25.0 4
1053 1 6.0 25.0 4
1052 1 6.0 25.0 4
1051 1 6.0 25.0 4
1050 1 6.0 25.0 4
450 1 11.0 28.0 4
449 1 11.0 28.0 4
448 1 11.0 28.0 4
447 1 11.0 28.0 4
446 1 11.0 28.0 4
445 1 11.0 28.0 4
334 1 21.0 36.0 4
333 1 21.0 36.0 4
332 1 21.0 36.0 4
331 1 21.0 36.0 4
330 1 21.0 36.0 4
328 1 21.0 36.0 4
327 1 21.0 36.0 4
326 1 21.0 36.0 4
325 1 21.0 36.0 4
323 1 21.0 36.0 4
321 1 21.0 36.0 4
320 1 21.0 36.0 4
319 1 21.0 36.0 4
318 1 21.0 36.0 4
317 1 21.0 36.0 4
984 1 29.0 39.0 4
983 1 29.0 39.0 4
982 1 29.0 39.0 4
981 1 29.0 39.0 4
979 1 29.0 39.0 4
978 1 29.0 39.0 4
977 1 29.0 39.0 4
975 1 29.0 39.0 4
974 1 29.0 39.0 4
-1 0 40.0 40.0 D
164 4 59.0 83.4703369140625 60 2147483647 61
0 0 40.0 40.0 D
1191 1 20.0 30.0 4
1190 1 20.0 30.0 4
1189 1 20.0 30.0 4
1188 1 20.0 30.0 4
1187 1 20.0 30.0 4
1186 1 20.0 30.0 4
1185 1 20.0 30.0 4
1184 1 20.0 30.0 4
1183 1 20.0 30.0 4
1182 1 20.0 30.0 4
1181 1 20.0 30.0 4
1075 1 6.0 25.0 4
1074 1 6.0 25.0 4
1073 1 6.0 25.0 4
1072 1 6.0 25.0 4
1071 1 6.0 25.0 4
1068 1 6.0 25.0 4
1067 1 6.0 25.0 4
1066 1 6.0 25.0 4
1064 1 6.0 25.0 4
1063 1 6.0 25.0 4
1062 1 6.0 25.0 4
1059 1 6.0 25.0 4
1058 1 6.0 25.0 4
1057 1 6.0 25.0 4
811 1 12.0 17.0 4
810 1 12.0 17.0 4
809 1 12.0 17.0 4
808 1 12.0 17.0 4
807 1 12.0 17.0 4
806 1 12.0 17.0 4
805 1 12.0 17.0 4
804 1 12.0 17.0 4
803 1 12.0 17.0 4
802 1 12.0 17.0 4
801 1 12.0 17.0 4
800 1 12.0 17.0 4
799 1 12.0 17.0 4
670 1 26.0 29.0 4
669 1 26.0 29.0 4
668 1 26.0 29.0 4
667 1 26.0 29.0 4
666 1 26.0 29.0 4
665 1 26.0 29.0 4
664 1 26.0 29.0 4
663 1 26.0 29.0 4
662 1 26.0 29.0 4
661 1 26.0 29.0 4
658 1 26.0 29.0 4
655 1 26.0 29.0 4
653 1 26.0 29.0 4
652 1 26.0 29.0 4
651 1 26.0 29.0 4
650 1 26.0 29.0 4
649 1 26.0 29.0 4
647 1 26.0 29.0 4
646 1 26.0 29.0 4
645 1 26.0 29.0 4
644 1 26.0 29.0 4
-1 0 40.0 40.0 D
165 4 59.0 92.93296813964844 60 2147483647 61
0 0 40.0 40.0 D
124 1 33.0 34.0 4
123 1 33.0 34.0 4
122 1 33.0 34.0 4
118 1 33.0 34.0 4
116 1 33.0 34.0 4
115 1 33.0 34.0 4
113 1 33.0 34.0 4
112 1 33.0 34.0 4
111 1 33.0 34.0 4
110 1 33.0 34.0 4
109 1 33.0 34.0 4
108 1 33.0 34.0 4
107 1 33.0 34.0 4
18 1 22.0 22.0 4
17 1 22.0 22.0 4
16 1 22.0 22.0 4
15 1 22.0 22.0 4
14 1 22.0 22.0 4
13 1 22.0 22.0 4
12 1 22.0 22.0 4
11 1 22.0 22.0 4
10 1 22.0 22.0 4
9 1 22.0 22.0 4
7 1 22.0 22.0 4
6 1 22.0 22.0 4
5 1 22.0 22.0 4
4 1 22.0 22.0 4
3 1 22.0 22.0 4
842 1 16.0 19.0 4
841 1 16.0 19.0 4
840 1 16.0 19.0 4
839 1 16.0 19.0 4
838 1 16.0 19.0 4
837 1 16.0 19.0 4
836 1 16.0 19.0 4
835 1 16.0 19.0 4
834 1 16.0 19.0 4
833 1 16.0 19.0 4
832 1 16.0 19.0 4
831 1 16.0 19.0 4
830 1 16.0 19.0 4
829 1 16.0 19.0 4
828 1 16.0 19.0 4
827 1 16.0 19.0 4
826 1 16.0 19.0 4
825 1 16.0 19.0 4
813 1 12.0 17.0 4
812 1 12.0 17.0 4
824 1 15.0 14.0 4
823 1 15.0 14.0 4
822 1 15.0 14.0 4
821 1 15.0 14.0 4
817 1 15.0 14.0 4
816 1 15.0 14.0 4
815 1 15.0 14.0 4
1195 1 15.0 5.0 4
1194 1 15.0 5.0 4
1193 1 15.0 5.0 4
1192 1 15.0 5.0 4
-1 0 40.0 40.0 D
166 4 59.0 90.71002197265625 60 2147483647 61
0 0 40.0 40.0 D
1305 1 38.0 33.0 4
1304 1 38.0 33.0 4
1303 1 38.0 33.0 4
1302 1 38.0 33.0 4
1299 1 38.0 33.0 4
1298 1 38.0 33.0 4
1297 1 38.0 33.0 4
1296 1 38.0 33.0 4
44 1 36.0 26.0 4
43 1 36.0 26.0 4
39 1 36.0 26.0 4
36 1 36.0 26.0 4
35 1 36.0 26.0 4
32 1 36.0 26.0 4
31 1 36.0 26.0 4
30 1 36.0 26.0 4
29 1 36.0 26.0 4
28 1 36.0 26.0 4
27 1 36.0 26.0 4
25 1 36.0 26.0 4
24 1 36.0 26.0 4
23 1 36.0 26.0 4
22 1 36.0 26.0 4
21 1 36.0 26.0 4
20 1 36.0 26.0 4
19 1 36.0 26.0 4
530 1 35.0 16.0 4
528 1 35.0 16.0 4
527 1 35.0 16.0 4
444 1 26.0 13.0 4
443 1 26.0 13.0 4
442 1 26.0 13.0 4
441 1 26.0 13.0 4
440 1 26.0 13.0 4
437 1 26.0 13.0 4
436 1 26.0 13.0 4
435 1 26.0 13.0 4
434 1 26.0 13.0 4
433 1 26.0 13.0 4
1219 1 15.0 5.0 4
1218 1 15.0 5.0 4
1217 1 15.0 5.0 4
1216 1 15.0 5.0 4
1215 1 15.0 5.0 4
1214 1 15.0 5.0 4
1212 1 15.0 5.0 4
1211 1 15.0 5.0 4
1210 1 15.0 5.0 4
1209 1 15.0 5.0 4
1208 1 15.0 5.0 4
1207 1 15.0 5.0 4
1206 1 15.0 5.0 4
1203 1 15.0 5.0 4
1201 1 15.0 5.0 4
1200 1 15.0 5.0 4
1199 1 15.0 5.0 4
1198 1 15.0 5.0 4
1197 1 15.0 5.0 4
1196 1 15.0 5.0 4
-1 0 40.0 40.0 D
167 2 39.0 83.80943298339844 40 2147483647 41
0 0 40.0 40.0 D
577 1 43.0 26.0 2
920 1 50.0 15.0 2
919 1 50.0 15.0 2
918 1 50.0 15.0 2
917 1 50.0 15.0 2
916 1 50.0 15.0 2
914 1 50.0 15.0 2
911 1 50.0 15.0 2
910 1 50.0 15.0 2
909 1 50.0 15.0 2
908 1 50.0 15.0 2
423 1 44.0 13.0 2
418 1 44.0 13.0 2
416 1 44.0 13.0 2
413 1 44.0 13.0 2
409 1 44.0 13.0 2
1156 1 36.0 6.0 2
555 1 35.0 16.0 2
554 1 35.0 16.0 2
542 1 35.0 16.0 2
541 1 35.0 16.0 2
1179 1 30.0 20.0 2
1178 1 30.0 20.0 2
1176 1 30.0 20.0 2
1175 1 30.0 20.0 2
1174 1 30.0 20.0 2
1171 1 30.0 20.0 2
1170 1 30.0 20.0 2
1169 1 30.0 20.0 2
42 1 36.0 26.0 2
41 1 36.0 26.0 2
40 1 36.0 26.0 2
38 1 36.0 26.0 2
37 1 36.0 26.0 2
34 1 36.0 26.0 2
33 1 36.0 26.0 2
26 1 36.0 26.0 2
1301 1 38.0 33.0 2
1300 1 38.0 33.0 2
-1 0 40.0 40.0 D
168 4 59.0 72.55154418945312 60 2147483647 61
0 0 40.0 40.0 D
578 1 43.0 26.0 4
576 1 43.0 26.0 4
575 1 43.0 26.0 4
574 1 43.0 26.0 4
573 1 43.0 26.0 4
571 1 43.0 26.0 4
570 1 43.0 26.0 4
569 1 43.0 26.0 4
432 1 44.0 13.0 4
431 1 44.0 13.0 4
430 1 44.0 13.0 4
429 1 44.0 13.0 4
428 1 44.0 13.0 4
427 1 44.0 13.0 4
426 1 44.0 13.0 4
425 1 44.0 13.0 4
424 1 44.0 13.0 4
422 1 44.0 13.0 4
421 1 44.0 13.0 4
420 1 44.0 13.0 4
419 1 44.0 13.0 4
417 1 44.0 13.0 4
415 1 44.0 13.0 4
412 1 44.0 13.0 4
411 1 44.0 13.0 4
410 1 44.0 13.0 4
408 1 44.0 13.0 4
407 1 44.0 13.0 4
406 1 44.0 13.0 4
1162 1 36.0 6.0 4
1161 1 36.0 6.0 4
1160 1 36.0 6.0 4
1158 1 36.0 6.0 4
1157 1 36.0 6.0 4
1155 1 36.0 6.0 4
1154 1 36.0 6.0 4
1153 1 36.0 6.0 4
1152 1 36.0 6.0 4
1151 1 36.0 6.0 4
1150 1 36.0 6.0 4
1149 1 36.0 6.0 4
1148 1 36.0 6.0 4
553 1 35.0 16.0 4
552 1 35.0 16.0 4
551 1 35.0 16.0 4
549 1 35.0 16.0 4
548 1 35.0 16.0 4
547 1 35.0 16.0 4
546 1 35.0 16.0 4
544 1 35.0 16.0 4
540 1 35.0 16.0 4
539 1 35.0 16.0 4
538 1 35.0 16.0 4
537 1 35.0 16.0 4
536 1 35.0 16.0 4
535 1 35.0 16.0 4
534 1 35.0 16.0 4
532 1 35.0 16.0 4
531 1 35.0 16.0 4
-1 0 40.0 40.0 D
169 4 59.0 89.35652160644531 60 2147483647 61
0 0 40.0 40.0 D
104 1 55.0 20.0 4
103 1 55.0 20.0 4
102 1 55.0 20.0 4
100 1 55.0 20.0 4
99 1 55.0 20.0 4
97 1 55.0 20.0 4
96 1 55.0 20.0 4
95 1 55.0 20.0 4
94 1 55.0 20.0 4
93 1 55.0 20.0 4
92 1 55.0 20.0 4
91 1 55.0 20.0 4
90 1 55.0 20.0 4
89 1 55.0 20.0 4
88 1 55.0 20.0 4
87 1 55.0 20.0 4
86 1 55.0 20.0 4
712 1 60.0 15.0 4
1146 1 64.0 4.0 4
1145 1 64.0 4.0 4
1144 1 64.0 4.0 4
1143 1 64.0 4.0 4
1141 1 64.0 4.0 4
1140 1 64.0 4.0 4
1139 1 64.0 4.0 4
1138 1 64.0 4.0 4
1137 1 64.0 4.0 4
1136 1 64.0 4.0 4
1135 1 64.0 4.0 4
711 1 54.0 10.0 4
710 1 54.0 10.0 4
709 1 54.0 10.0 4
707 1 54.0 10.0 4
706 1 54.0 10.0 4
705 1 54.0 10.0 4
702 1 54.0 10.0 4
701 1 54.0 10.0 4
700 1 54.0 10.0 4
946 1 48.0 21.0 4
943 1 48.0 21.0 4
942 1 48.0 21.0 4
941 1 48.0 21.0 4
940 1 48.0 21.0 4
938 1 48.0 21.0 4
937 1 48.0 21.0 4
935 1 48.0 21.0 4
932 1 48.0 21.0 4
931 1 48.0 21.0 4
929 1 48.0 21.0 4
928 1 48.0 21.0 4
590 1 43.0 26.0 4
589 1 43.0 26.0 4
588 1 43.0 26.0 4
587 1 43.0 26.0 4
586 1 43.0 26.0 4
584 1 43.0 26.0 4
582 1 43.0 26.0 4
581 1 43.0 26.0 4
579 1 43.0 26.0 4
-1 0 40.0 40.0 D
170 2 39.0 105.00840759277344 40 2147483647 41
0 0 40.0 40.0 D
71 1 45.0 35.0 2
68 1 45.0 35.0 2
63 1 45.0 35.0 2
60 1 45.0 35.0 2
880 1 50.0 30.0 2
879 1 50.0 30.0 2
878 1 50.0 30.0 2
877 1 50.0 30.0 2
876 1 50.0 30.0 2
875 1 50.0 30.0 2
871 1 50.0 30.0 2
870 1 50.0 30.0 2
869 1 50.0 30.0 2
867 1 50.0 30.0 2
866 1 50.0 30.0 2
865 1 50.0 30.0 2
864 1 50.0 30.0 2
863 1 50.0 30.0 2
862 1 50.0 30.0 2
861 1 50.0 30.0 2
860 1 50.0 30.0 2
1077 1 65.0 27.0 2
106 1 55.0 20.0 2
105 1 55.0 20.0 2
98 1 55.0 20.0 2
1147 1 64.0 4.0 2
1142 1 64.0 4.0 2
704 1 54.0 10.0 2
703 1 54.0 10.0 2
926 1 50.0 15.0 2
925 1 50.0 15.0 2
924 1 50.0 15.0 2
923 1 50.0 15.0 2
922 1 50.0 15.0 2
921 1 50.0 15.0 2
945 1 48.0 21.0 2
944 1 48.0 21.0 2
939 1 48.0 21.0 2
936 1 48.0 21.0 2
-1 0 40.0 40.0 D
171 4 59.0 86.9083480834961 60 2147483647 61
0 0 40.0 40.0 D
315 1 62.0 24.0 4
314 1 62.0 24.0 4
312 1 62.0 24.0 4
311 1 62.0 24.0 4
310 1 62.0 24.0 4
309 1 62.0 24.0 4
308 1 62.0 24.0 4
404 1 66.0 14.0 4
403 1 66.0 14.0 4
402 1 66.0 14.0 4
401 1 66.0 14.0 4
725 1 60.0 15.0 4
724 1 60.0 15.0 4
723 1 60.0 15.0 4
722 1 60.0 15.0 4
721 1 60.0 15.0 4
720 1 60.0 15.0 4
719 1 60.0 15.0 4
717 1 60.0 15.0 4
715 1 60.0 15.0 4
714 1 60.0 15.0 4
713 1 60.0 15.0 4
400 1 66.0 14.0 4
399 1 66.0 14.0 4
398 1 66.0 14.0 4
397 1 66.0 14.0 4
396 1 66.0 14.0 4
395 1 66.0 14.0 4
394 1 66.0 14.0 4
393 1 66.0 14.0 4
392 1 66.0 14.0 4
391 1 66.0 14.0 4
390 1 66.0 14.0 4
389 1 66.0 14.0 4
388 1 66.0 14.0 4
387 1 66.0 14.0 4
384 1 66.0 14.0 4
383 1 66.0 14.0 4
85 1 45.0 35.0 4
83 1 45.0 35.0 4
82 1 45.0 35.0 4
81 1 45.0 35.0 4
80 1 45.0 35.0 4
79 1 45.0 35.0 4
78 1 45.0 35.0 4
77 1 45.0 35.0 4
76 1 45.0 35.0 4
73 1 45.0 35.0 4
72 1 45.0 35.0 4
70 1 45.0 35.0 4
69 1 45.0 35.0 4
67 1 45.0 35.0 4
66 1 45.0 35.0 4
64 1 45.0 35.0 4
62 1 45.0 35.0 4
61 1 45.0 35.0 4
58 1 45.0 35.0 4
57 1 45.0 35.0 4
56 1 45.0 35.0 4
-1 0 40.0 40.0 D
172 1 15.0 82.8988265991211 20 2147483647 17
0 0 40.0 40.0 D
84 1 45.0 35.0 1
75 1 45.0 35.0 1
74 1 45.0 35.0 1
65 1 45.0 35.0 1
59 1 45.0 35.0 1
313 1 62.0 24.0 1
386 1 66.0 14.0 1
385 1 66.0 14.0 1
1088 1 65.0 27.0 1
1087 1 65.0 27.0 1
1084 1 65.0 27.0 1
1079 1 65.0 27.0 1
1076 1 65.0 27.0 1
267 1 62.0 35.0 1
512 1 55.0 34.0 1
-1 0 40.0 40.0 D
173 4 58.0 81.36039733886719 60 2147483647 60
0 0 40.0 40.0 D
568 1 52.0 26.0 4
567 1 52.0 26.0 4
566 1 52.0 26.0 4
565 1 52.0 26.0 4
564 1 52.0 26.0 4
563 1 52.0 26.0 4
562 1 52.0 26.0 4
560 1 52.0 26.0 4
559 1 52.0 26.0 4
558 1 52.0 26.0 4
556 1 52.0 26.0 4
151 1 55.0 45.0 4
150 1 55.0 45.0 4
149 1 55.0 45.0 4
148 1 55.0 45.0 4
147 1 55.0 45.0 4
146 1 55.0 45.0 4
145 1 55.0 45.0 4
143 1 55.0 45.0 4
142 1 55.0 45.0 4
141 1 55.0 45.0 4
1042 1 67.0 41.0 4
1041 1 67.0 41.0 4
1040 1 67.0 41.0 4
1039 1 67.0 41.0 4
1038 1 67.0 41.0 4
1036 1 67.0 41.0 4
1035 1 67.0 41.0 4
1034 1 67.0 41.0 4
1032 1 67.0 41.0 4
1031 1 67.0 41.0 4
1030 1 67.0 41.0 4
1029 1 67.0 41.0 4
1028 1 67.0 41.0 4
1027 1 67.0 41.0 4
276 1 62.0 35.0 4
275 1 62.0 35.0 4
273 1 62.0 35.0 4
272 1 62.0 35.0 4
270 1 62.0 35.0 4
268 1 62.0 35.0 4
266 1 62.0 35.0 4
265 1 62.0 35.0 4
526 1 55.0 34.0 4
525 1 55.0 34.0 4
524 1 55.0 34.0 4
523 1 55.0 34.0 4
522 1 55.0 34.0 4
521 1 55.0 34.0 4
520 1 55.0 34.0 4
518 1 55.0 34.0 4
517 1 55.0 34.0 4
516 1 55.0 34.0 4
515 1 55.0 34.0 4
514 1 55.0 34.0 4
513 1 55.0 34.0 4
511 1 55.0 34.0 4
510 1 55.0 34.0 4
-1 0 40.0 40.0 D
174 2 37.0 158.08006286621094 40 2147483647 39
0 0 40.0 40.0 D
760 1 30.0 60.0 2
605 1 31.0 76.0 2
599 1 31.0 76.0 2
595 1 31.0 76.0 2
329 1 21.0 36.0 2
324 1 21.0 36.0 2
322 1 21.0 36.0 2
316 1 21.0 36.0 2
985 1 29.0 39.0 2
980 1 29.0 39.0 2
976 1 29.0 39.0 2
519 1 55.0 34.0 2
1089 1 65.0 27.0 2
1086 1 65.0 27.0 2
1085 1 65.0 27.0 2
1083 1 65.0 27.0 2
1082 1 65.0 27.0 2
1081 1 65.0 27.0 2
1080 1 65.0 27.0 2
1078 1 65.0 27.0 2
274 1 62.0 35.0 2
271 1 62.0 35.0 2
1004 1 54.0 38.0 2
1003 1 54.0 38.0 2
1002 1 54.0 38.0 2
1001 1 54.0 38.0 2
1000 1 54.0 38.0 2
998 1 54.0 38.0 2
997 1 54.0 38.0 2
995 1 54.0 38.0 2
994 1 54.0 38.0 2
993 1 54.0 38.0 2
992 1 54.0 38.0 2
991 1 54.0 38.0 2
990 1 54.0 38.0 2
988 1 54.0 38.0 2
987 1 54.0 38.0 2
-1 0 40.0 40.0 D
175 1 19.0 113.11981201171875 20 2147483647 21
0 0 40.0 40.0 D
1180 1 30.0 20.0 1
1177 1 30.0 20.0 1
1173 1 30.0 20.0 1
1172 1 30.0 20.0 1
1168 1 30.0 20.0 1
1167 1 30.0 20.0 1
1164 1 30.0 20.0 1
1159 1 36.0 6.0 1
874 1 50.0 30.0 1
873 1 50.0 30.0 1
872 1 50.0 30.0 1
868 1 50.0 30.0 1
561 1 52.0 26.0 1
557 1 52.0 26.0 1
999 1 54.0 38.0 1
996 1 54.0 38.0 1
989 1 54.0 38.0 1
986 1 54.0 38.0 1
269 1 62.0 35.0 1
-1 0 40.0 40.0 D
189 4 94.0 112.53278350830078 100 2147483647 96
0 0 40.0 40.0 D
672 1 50.0 40.0 4
673 1 50.0 40.0 4
675 1 50.0 40.0 4
676 1 50.0 40.0 4
679 1 50.0 40.0 4
680 1 50.0 40.0 4
681 1 50.0 40.0 4
682 1 50.0 40.0 4
683 1 50.0 40.0 4
685 1 50.0 40.0 4
686 1 50.0 40.0 4
687 1 50.0 40.0 4
688 1 50.0 40.0 4
689 1 50.0 40.0 4
882 1 51.0 42.0 4
883 1 51.0 42.0 4
884 1 51.0 42.0 4
886 1 51.0 42.0 4
887 1 51.0 42.0 4
888 1 51.0 42.0 4
890 1 51.0 42.0 4
891 1 51.0 42.0 4
892 1 51.0 42.0 4
893 1 51.0 42.0 4
895 1 51.0 42.0 4
896 1 51.0 42.0 4
897 1 51.0 42.0 4
899 1 51.0 42.0 4
900 1 51.0 42.0 4
901 1 51.0 42.0 4
903 1 51.0 42.0 4
904 1 51.0 42.0 4
905 1 51.0 42.0 4
906 1 51.0 42.0 4
907 1 51.0 42.0 4
1049 1 10.0 70.0 4
952 1 15.0 56.0 4
953 1 15.0 56.0 4
958 1 15.0 56.0 4
959 1 15.0 56.0 4
960 1 15.0 56.0 4
961 1 15.0 56.0 4
962 1 15.0 56.0 4
963 1 15.0 56.0 4
964 1 15.0 56.0 4
966 1 15.0 56.0 4
967 1 15.0 56.0 4
968 1 15.0 56.0 4
969 1 15.0 56.0 4
970 1 15.0 56.0 4
971 1 15.0 56.0 4
972 1 15.0 56.0 4
617 1 22.0 53.0 4
618 1 22.0 53.0 4
619 1 22.0 53.0 4
620 1 22.0 53.0 4
621 1 22.0 53.0 4
623 1 22.0 53.0 4
624 1 22.0 53.0 4
625 1 22.0 53.0 4
626 1 22.0 53.0 4
627 1 22.0 53.0 4
628 1 22.0 53.0 4
630 1 22.0 53.0 4
631 1 22.0 53.0 4
632 1 22.0 53.0 4
633 1 22.0 53.0 4
634 1 22.0 53.0 4
636 1 22.0 53.0 4
637 1 22.0 53.0 4
638 1 22.0 53.0 4
639 1 22.0 53.0 4
641 1 22.0 53.0 4
45 1 21.0 45.0 4
46 1 21.0 45.0 4
47 1 21.0 45.0 4
48 1 21.0 45.0 4
50 1 21.0 45.0 4
51 1 21.0 45.0 4
52 1 21.0 45.0 4
53 1 21.0 45.0 4
336 1 33.0 44.0 4
337 1 33.0 44.0 4
338 1 33.0 44.0 4
340 1 33.0 44.0 4
343 1 33.0 44.0 4
344 1 33.0 44.0 4
346 1 33.0 44.0 4
347 1 33.0 44.0 4
349 1 33.0 44.0 4
350 1 33.0 44.0 4
351 1 33.0 44.0 4
353 1 33.0 44.0 4
354 1 33.0 44.0 4
-1 0 40.0 40.0 D
