1313
1 2 1 22.0 22.0 1
2 2 1 22.0 22.0 1
3 2 1 22.0 22.0 1
4 2 1 22.0 22.0 1
5 1 1 22.0 22.0 1
6 2 1 22.0 22.0 1
7 2 1 22.0 22.0 1
8 2 1 22.0 22.0 1
9 1 1 22.0 22.0 1
10 2 1 22.0 22.0 1
11 2 1 22.0 22.0 1
12 2 1 22.0 22.0 1
13 2 1 22.0 22.0 1
14 2 1 22.0 22.0 1
15 2 1 22.0 22.0 1
16 2 1 22.0 22.0 1
17 2 1 22.0 22.0 1
18 1 1 22.0 22.0 1
19 2 1 36.0 26.0 2
20 2 1 36.0 26.0 2
21 2 1 36.0 26.0 2
22 2 1 36.0 26.0 2
23 1 1 36.0 26.0 2
24 2 1 36.0 26.0 2
25 2 1 36.0 26.0 2
26 2 1 36.0 26.0 2
27 2 1 36.0 26.0 2
28 1 1 36.0 26.0 2
29 2 1 36.0 26.0 2
30 1 1 36.0 26.0 2
31 2 1 36.0 26.0 2
32 2 1 36.0 26.0 2
33 1 1 36.0 26.0 2
34 2 1 36.0 26.0 2
35 2 1 36.0 26.0 2
36 2 1 36.0 26.0 2
37 2 1 36.0 26.0 2
38 2 1 36.0 26.0 2
39 2 1 36.0 26.0 2
40 1 1 36.0 26.0 2
41 2 1 36.0 26.0 2
42 2 1 36.0 26.0 2
43 2 1 36.0 26.0 2
44 2 1 36.0 26.0 2
45 2 1 21.0 45.0 3
46 1 1 21.0 45.0 3
47 2 1 21.0 45.0 3
48 2 1 21.0 45.0 3
49 2 1 21.0 45.0 3
50 2 1 21.0 45.0 3
51 2 1 21.0 45.0 3
52 2 1 21.0 45.0 3
53 2 1 21.0 45.0 3
54 2 1 21.0 45.0 3
55 1 1 21.0 45.0 3
56 2 1 45.0 35.0 4
57 2 1 45.0 35.0 4
58 2 1 45.0 35.0 4
59 2 1 45.0 35.0 4
60 2 1 45.0 35.0 4
61 2 1 45.0 35.0 4
62 1 1 45.0 35.0 4
63 2 1 45.0 35.0 4
64 1 1 45.0 35.0 4
65 2 1 45.0 35.0 4
66 2 1 45.0 35.0 4
67 1 1 45.0 35.0 4
68 2 1 45.0 35.0 4
69 2 1 45.0 35.0 4
70 1 1 45.0 35.0 4
71 2 1 45.0 35.0 4
72 2 1 45.0 35.0 4
73 2 1 45.0 35.0 4
74 2 1 45.0 35.0 4
75 2 1 45.0 35.0 4
76 1 1 45.0 35.0 4
77 2 1 45.0 35.0 4
78 1 1 45.0 35.0 4
79 2 1 45.0 35.0 4
80 2 1 45.0 35.0 4
81 2 1 45.0 35.0 4
82 2 1 45.0 35.0 4
83 1 1 45.0 35.0 4
84 1 1 45.0 35.0 4
85 2 1 45.0 35.0 4
86 2 1 55.0 20.0 5
87 2 1 55.0 20.0 5
88 2 1 55.0 20.0 5
89 2 1 55.0 20.0 5
90 1 1 55.0 20.0 5
91 2 1 55.0 20.0 5
92 1 1 55.0 20.0 5
93 1 1 55.0 20.0 5
94 2 1 55.0 20.0 5
95 2 1 55.0 20.0 5
96 2 1 55.0 20.0 5
97 2 1 55.0 20.0 5
98 2 1 55.0 20.0 5
99 2 1 55.0 20.0 5
100 2 1 55.0 20.0 5
101 2 1 55.0 20.0 5
102 2 1 55.0 20.0 5
103 2 1 55.0 20.0 5
104 1 1 55.0 20.0 5
105 2 1 55.0 20.0 5
106 2 1 55.0 20.0 5
107 2 1 33.0 34.0 6
108 2 1 33.0 34.0 6
109 2 1 33.0 34.0 6
110 1 1 33.0 34.0 6
111 2 1 33.0 34.0 6
112 1 1 33.0 34.0 6
113 2 1 33.0 34.0 6
114 2 1 33.0 34.0 6
115 2 1 33.0 34.0 6
116 2 1 33.0 34.0 6
117 2 1 33.0 34.0 6
118 1 1 33.0 34.0 6
119 2 1 33.0 34.0 6
120 2 1 33.0 34.0 6
121 1 1 33.0 34.0 6
122 2 1 33.0 34.0 6
123 2 1 33.0 34.0 6
124 2 1 33.0 34.0 6
125 1 1 33.0 34.0 6
126 2 1 50.0 50.0 7
127 2 1 50.0 50.0 7
128 1 1 50.0 50.0 7
129 1 1 50.0 50.0 7
130 2 1 50.0 50.0 7
131 1 1 50.0 50.0 7
132 2 1 50.0 50.0 7
133 1 1 50.0 50.0 7
134 2 1 50.0 50.0 7
135 1 1 50.0 50.0 7
136 2 1 50.0 50.0 7
137 1 1 50.0 50.0 7
138 2 1 50.0 50.0 7
139 2 1 50.0 50.0 7
140 2 1 50.0 50.0 7
141 2 1 55.0 45.0 8
142 2 1 55.0 45.0 8
143 2 1 55.0 45.0 8
144 2 1 55.0 45.0 8
145 2 1 55.0 45.0 8
146 2 1 55.0 45.0 8
147 1 1 55.0 45.0 8
148 2 1 55.0 45.0 8
149 2 1 55.0 45.0 8
150 2 1 55.0 45.0 8
151 2 1 55.0 45.0 8
152 2 1 55.0 45.0 8
153 1 1 55.0 45.0 8
154 2 1 55.0 45.0 8
155 1 1 55.0 45.0 8
156 1 1 55.0 45.0 8
157 1 1 26.0 59.0 9
158 1 1 26.0 59.0 9
159 1 1 26.0 59.0 9
160 1 1 26.0 59.0 9
161 1 1 26.0 59.0 9
162 1 1 26.0 59.0 9
163 1 1 26.0 59.0 9
164 1 1 26.0 59.0 9
165 1 1 26.0 59.0 9
166 1 1 26.0 59.0 9
167 1 1 26.0 59.0 9
168 1 1 26.0 59.0 9
169 1 1 26.0 59.0 9
170 1 1 26.0 59.0 9
171 1 1 26.0 59.0 9
172 1 1 26.0 59.0 9
173 1 1 26.0 59.0 9
174 1 1 26.0 59.0 9
175 1 1 26.0 59.0 9
176 1 1 26.0 59.0 9
177 1 1 26.0 59.0 9
178 1 1 26.0 59.0 9
179 1 1 26.0 59.0 9
180 1 1 26.0 59.0 9
181 1 1 26.0 59.0 9
182 1 1 26.0 59.0 9
183 1 1 26.0 59.0 9
184 1 1 26.0 59.0 9
185 1 1 26.0 59.0 9
186 2 1 40.0 66.0 10
187 2 1 40.0 66.0 10
188 2 1 40.0 66.0 10
189 2 1 40.0 66.0 10
190 1 1 40.0 66.0 10
191 1 1 40.0 66.0 10
192 1 1 40.0 66.0 10
193 1 1 40.0 66.0 10
194 2 1 40.0 66.0 10
195 2 1 40.0 66.0 10
196 2 1 40.0 66.0 10
197 2 1 40.0 66.0 10
198 2 1 40.0 66.0 10
199 2 1 40.0 66.0 10
200 2 1 40.0 66.0 10
201 2 1 40.0 66.0 10
202 2 1 40.0 66.0 10
203 1 1 40.0 66.0 10
204 2 1 40.0 66.0 10
205 2 1 40.0 66.0 10
206 2 1 40.0 66.0 10
207 2 1 40.0 66.0 10
208 2 1 40.0 66.0 10
209 1 1 40.0 66.0 10
210 2 1 40.0 66.0 10
211 2 1 40.0 66.0 10
212 1 1 55.0 65.0 11
213 1 1 55.0 65.0 11
214 1 1 55.0 65.0 11
215 1 1 55.0 65.0 11
216 1 1 55.0 65.0 11
217 1 1 55.0 65.0 11
218 1 1 55.0 65.0 11
219 1 1 55.0 65.0 11
220 1 1 55.0 65.0 11
221 1 1 55.0 65.0 11
222 1 1 55.0 65.0 11
223 1 1 55.0 65.0 11
224 1 1 55.0 65.0 11
225 1 1 55.0 65.0 11
226 1 1 55.0 65.0 11
227 1 1 55.0 65.0 11
228 1 1 55.0 65.0 11
229 1 1 55.0 65.0 11
230 1 1 55.0 65.0 11
231 1 1 55.0 65.0 11
232 1 1 55.0 65.0 11
233 1 1 55.0 65.0 11
234 1 1 55.0 65.0 11
235 1 1 55.0 65.0 11
236 1 1 55.0 65.0 11
237 1 1 55.0 65.0 11
238 1 1 55.0 65.0 11
239 1 1 55.0 65.0 11
240 1 1 55.0 65.0 11
241 1 1 55.0 65.0 11
242 1 1 55.0 65.0 11
243 1 1 55.0 65.0 11
244 1 1 55.0 65.0 11
245 1 1 55.0 65.0 11
246 1 1 55.0 65.0 11
247 1 1 55.0 65.0 11
248 1 1 55.0 65.0 11
249 2 1 35.0 51.0 12
250 1 1 35.0 51.0 12
251 2 1 35.0 51.0 12
252 2 1 35.0 51.0 12
253 2 1 35.0 51.0 12
254 2 1 35.0 51.0 12
255 2 1 35.0 51.0 12
256 2 1 35.0 51.0 12
257 2 1 35.0 51.0 12
258 2 1 35.0 51.0 12
259 2 1 35.0 51.0 12
260 2 1 35.0 51.0 12
261 2 1 35.0 51.0 12
262 2 1 35.0 51.0 12
263 1 1 35.0 51.0 12
264 1 1 35.0 51.0 12
265 2 1 62.0 35.0 13
266 2 1 62.0 35.0 13
267 2 1 62.0 35.0 13
268 2 1 62.0 35.0 13
269 2 1 62.0 35.0 13
270 2 1 62.0 35.0 13
271 2 1 62.0 35.0 13
272 2 1 62.0 35.0 13
273 2 1 62.0 35.0 13
274 2 1 62.0 35.0 13
275 2 1 62.0 35.0 13
276 2 1 62.0 35.0 13
277 2 1 62.0 57.0 14
278 2 1 62.0 57.0 14
279 2 1 62.0 57.0 14
280 2 1 62.0 57.0 14
281 2 1 62.0 57.0 14
282 2 1 62.0 57.0 14
283 1 1 62.0 57.0 14
284 2 1 62.0 57.0 14
285 1 1 62.0 57.0 14
286 2 1 62.0 57.0 14
287 2 1 62.0 57.0 14
288 2 1 62.0 57.0 14
289 2 1 62.0 57.0 14
290 2 1 62.0 57.0 14
291 2 1 62.0 57.0 14
292 1 1 62.0 57.0 14
293 2 1 62.0 57.0 14
294 2 1 62.0 57.0 14
295 2 1 62.0 57.0 14
296 2 1 62.0 57.0 14
297 2 1 62.0 57.0 14
298 2 1 62.0 57.0 14
299 1 1 62.0 57.0 14
300 2 1 62.0 57.0 14
301 1 1 62.0 57.0 14
302 2 1 62.0 57.0 14
303 2 1 62.0 57.0 14
304 2 1 62.0 57.0 14
305 2 1 62.0 57.0 14
306 2 1 62.0 57.0 14
307 2 1 62.0 57.0 14
308 2 1 62.0 24.0 15
309 2 1 62.0 24.0 15
310 2 1 62.0 24.0 15
311 2 1 62.0 24.0 15
312 2 1 62.0 24.0 15
313 2 1 62.0 24.0 15
314 2 1 62.0 24.0 15
315 1 1 62.0 24.0 15
316 2 1 21.0 36.0 16
317 1 1 21.0 36.0 16
318 2 1 21.0 36.0 16
319 2 1 21.0 36.0 16
320 2 1 21.0 36.0 16
321 2 1 21.0 36.0 16
322 2 1 21.0 36.0 16
323 2 1 21.0 36.0 16
324 2 1 21.0 36.0 16
325 2 1 21.0 36.0 16
326 1 1 21.0 36.0 16
327 2 1 21.0 36.0 16
328 2 1 21.0 36.0 16
329 1 1 21.0 36.0 16
330 1 1 21.0 36.0 16
331 1 1 21.0 36.0 16
332 1 1 21.0 36.0 16
333 2 1 21.0 36.0 16
334 2 1 21.0 36.0 16
335 2 1 33.0 44.0 17
336 1 1 33.0 44.0 17
337 2 1 33.0 44.0 17
338 2 1 33.0 44.0 17
339 2 1 33.0 44.0 17
340 2 1 33.0 44.0 17
341 2 1 33.0 44.0 17
342 1 1 33.0 44.0 17
343 2 1 33.0 44.0 17
344 2 1 33.0 44.0 17
345 2 1 33.0 44.0 17
346 2 1 33.0 44.0 17
347 2 1 33.0 44.0 17
348 2 1 33.0 44.0 17
349 1 1 33.0 44.0 17
350 2 1 33.0 44.0 17
351 2 1 33.0 44.0 17
352 2 1 33.0 44.0 17
353 2 1 33.0 44.0 17
354 2 1 33.0 44.0 17
355 1 1 9.0 56.0 18
356 1 1 9.0 56.0 18
357 1 1 9.0 56.0 18
358 1 1 9.0 56.0 18
359 1 1 9.0 56.0 18
360 1 1 9.0 56.0 18
361 1 1 9.0 56.0 18
362 1 1 9.0 56.0 18
363 1 1 9.0 56.0 18
364 1 1 9.0 56.0 18
365 1 1 9.0 56.0 18
366 1 1 9.0 56.0 18
367 1 1 9.0 56.0 18
368 2 1 62.0 48.0 19
369 2 1 62.0 48.0 19
370 2 1 62.0 48.0 19
371 2 1 62.0 48.0 19
372 2 1 62.0 48.0 19
373 2 1 62.0 48.0 19
374 2 1 62.0 48.0 19
375 2 1 62.0 48.0 19
376 2 1 62.0 48.0 19
377 1 1 62.0 48.0 19
378 2 1 62.0 48.0 19
379 1 1 62.0 48.0 19
380 1 1 62.0 48.0 19
381 1 1 62.0 48.0 19
382 2 1 62.0 48.0 19
383 1 1 66.0 14.0 20
384 2 1 66.0 14.0 20
385 2 1 66.0 14.0 20
386 2 1 66.0 14.0 20
387 2 1 66.0 14.0 20
388 2 1 66.0 14.0 20
389 1 1 66.0 14.0 20
390 1 1 66.0 14.0 20
391 2 1 66.0 14.0 20
392 2 1 66.0 14.0 20
393 1 1 66.0 14.0 20
394 2 1 66.0 14.0 20
395 2 1 66.0 14.0 20
396 2 1 66.0 14.0 20
397 2 1 66.0 14.0 20
398 1 1 66.0 14.0 20
399 1 1 66.0 14.0 20
400 2 1 66.0 14.0 20
401 2 1 66.0 14.0 20
402 2 1 66.0 14.0 20
403 2 1 66.0 14.0 20
404 1 1 66.0 14.0 20
405 2 1 44.0 13.0 21
406 1 1 44.0 13.0 21
407 2 1 44.0 13.0 21
408 1 1 44.0 13.0 21
409 2 1 44.0 13.0 21
410 1 1 44.0 13.0 21
411 1 1 44.0 13.0 21
412 2 1 44.0 13.0 21
413 2 1 44.0 13.0 21
414 2 1 44.0 13.0 21
415 2 1 44.0 13.0 21
416 2 1 44.0 13.0 21
417 2 1 44.0 13.0 21
418 2 1 44.0 13.0 21
419 1 1 44.0 13.0 21
420 2 1 44.0 13.0 21
421 2 1 44.0 13.0 21
422 2 1 44.0 13.0 21
423 2 1 44.0 13.0 21
424 2 1 44.0 13.0 21
425 2 1 44.0 13.0 21
426 2 1 44.0 13.0 21
427 2 1 44.0 13.0 21
428 1 1 44.0 13.0 21
429 1 1 44.0 13.0 21
430 2 1 44.0 13.0 21
431 2 1 44.0 13.0 21
432 2 1 44.0 13.0 21
433 2 1 26.0 13.0 22
434 2 1 26.0 13.0 22
435 2 1 26.0 13.0 22
436 2 1 26.0 13.0 22
437 2 1 26.0 13.0 22
438 2 1 26.0 13.0 22
439 2 1 26.0 13.0 22
440 2 1 26.0 13.0 22
441 2 1 26.0 13.0 22
442 2 1 26.0 13.0 22
443 2 1 26.0 13.0 22
444 1 1 26.0 13.0 22
445 2 1 11.0 28.0 23
446 2 1 11.0 28.0 23
447 2 1 11.0 28.0 23
448 2 1 11.0 28.0 23
449 2 1 11.0 28.0 23
450 2 1 11.0 28.0 23
451 2 1 7.0 43.0 24
452 2 1 7.0 43.0 24
453 2 1 7.0 43.0 24
454 2 1 7.0 43.0 24
455 2 1 7.0 43.0 24
456 2 1 7.0 43.0 24
457 2 1 7.0 43.0 24
458 2 1 7.0 43.0 24
459 2 1 7.0 43.0 24
460 1 1 7.0 43.0 24
461 2 1 7.0 43.0 24
462 2 1 7.0 43.0 24
463 2 1 7.0 43.0 24
464 2 1 7.0 43.0 24
465 2 1 7.0 43.0 24
466 2 1 7.0 43.0 24
467 1 1 7.0 43.0 24
468 2 1 7.0 43.0 24
469 2 1 7.0 43.0 24
470 2 1 7.0 43.0 24
471 2 1 7.0 43.0 24
472 1 1 7.0 43.0 24
473 2 1 7.0 43.0 24
474 2 1 7.0 43.0 24
475 2 1 7.0 43.0 24
476 2 1 7.0 43.0 24
477 2 1 7.0 43.0 24
478 2 1 17.0 64.0 25
479 2 1 17.0 64.0 25
480 2 1 17.0 64.0 25
481 1 1 17.0 64.0 25
482 2 1 17.0 64.0 25
483 2 1 17.0 64.0 25
484 2 1 17.0 64.0 25
485 2 1 17.0 64.0 25
486 2 1 17.0 64.0 25
487 1 1 17.0 64.0 25
488 2 1 17.0 64.0 25
489 1 1 17.0 64.0 25
490 1 1 17.0 64.0 25
491 2 1 17.0 64.0 25
492 1 1 41.0 46.0 26
493 1 1 41.0 46.0 26
494 1 1 41.0 46.0 26
495 1 1 41.0 46.0 26
496 1 1 41.0 46.0 26
497 1 1 41.0 46.0 26
498 1 1 41.0 46.0 26
499 1 1 41.0 46.0 26
500 1 1 41.0 46.0 26
501 1 1 41.0 46.0 26
502 1 1 41.0 46.0 26
503 1 1 41.0 46.0 26
504 1 1 41.0 46.0 26
505 1 1 41.0 46.0 26
506 1 1 41.0 46.0 26
507 1 1 41.0 46.0 26
508 1 1 41.0 46.0 26
509 1 1 41.0 46.0 26
510 2 1 55.0 34.0 27
511 1 1 55.0 34.0 27
512 2 1 55.0 34.0 27
513 2 1 55.0 34.0 27
514 2 1 55.0 34.0 27
515 1 1 55.0 34.0 27
516 2 1 55.0 34.0 27
517 2 1 55.0 34.0 27
518 1 1 55.0 34.0 27
519 2 1 55.0 34.0 27
520 2 1 55.0 34.0 27
521 2 1 55.0 34.0 27
522 2 1 55.0 34.0 27
523 1 1 55.0 34.0 27
524 2 1 55.0 34.0 27
525 1 1 55.0 34.0 27
526 2 1 55.0 34.0 27
527 2 1 35.0 16.0 28
528 1 1 35.0 16.0 28
529 2 1 35.0 16.0 28
530 2 1 35.0 16.0 28
531 2 1 35.0 16.0 28
532 2 1 35.0 16.0 28
533 2 1 35.0 16.0 28
534 2 1 35.0 16.0 28
535 2 1 35.0 16.0 28
536 2 1 35.0 16.0 28
537 2 1 35.0 16.0 28
538 2 1 35.0 16.0 28
539 2 1 35.0 16.0 28
540 1 1 35.0 16.0 28
541 2 1 35.0 16.0 28
542 2 1 35.0 16.0 28
543 2 1 35.0 16.0 28
544 2 1 35.0 16.0 28
545 2 1 35.0 16.0 28
546 2 1 35.0 16.0 28
547 2 1 35.0 16.0 28
548 2 1 35.0 16.0 28
549 1 1 35.0 16.0 28
550 2 1 35.0 16.0 28
551 2 1 35.0 16.0 28
552 2 1 35.0 16.0 28
553 2 1 35.0 16.0 28
554 2 1 35.0 16.0 28
555 2 1 35.0 16.0 28
556 2 1 52.0 26.0 29
557 2 1 52.0 26.0 29
558 2 1 52.0 26.0 29
559 1 1 52.0 26.0 29
560 2 1 52.0 26.0 29
561 2 1 52.0 26.0 29
562 2 1 52.0 26.0 29
563 2 1 52.0 26.0 29
564 2 1 52.0 26.0 29
565 2 1 52.0 26.0 29
566 2 1 52.0 26.0 29
567 2 1 52.0 26.0 29
568 2 1 52.0 26.0 29
569 2 1 43.0 26.0 30
570 2 1 43.0 26.0 30
571 2 1 43.0 26.0 30
572 2 1 43.0 26.0 30
573 1 1 43.0 26.0 30
574 2 1 43.0 26.0 30
575 2 1 43.0 26.0 30
576 2 1 43.0 26.0 30
577 1 1 43.0 26.0 30
578 1 1 43.0 26.0 30
579 2 1 43.0 26.0 30
580 2 1 43.0 26.0 30
581 2 1 43.0 26.0 30
582 2 1 43.0 26.0 30
583 2 1 43.0 26.0 30
584 2 1 43.0 26.0 30
585 2 1 43.0 26.0 30
586 2 1 43.0 26.0 30
587 2 1 43.0 26.0 30
588 2 1 43.0 26.0 30
589 1 1 43.0 26.0 30
590 2 1 43.0 26.0 30
591 2 1 31.0 76.0 31
592 1 1 31.0 76.0 31
593 2 1 31.0 76.0 31
594 2 1 31.0 76.0 31
595 2 1 31.0 76.0 31
596 2 1 31.0 76.0 31
597 2 1 31.0 76.0 31
598 2 1 31.0 76.0 31
599 2 1 31.0 76.0 31
600 2 1 31.0 76.0 31
601 2 1 31.0 76.0 31
602 2 1 31.0 76.0 31
603 2 1 31.0 76.0 31
604 2 1 31.0 76.0 31
605 1 1 31.0 76.0 31
606 2 1 31.0 76.0 31
607 2 1 31.0 76.0 31
608 2 1 31.0 76.0 31
609 2 1 31.0 76.0 31
610 2 1 31.0 76.0 31
611 2 1 31.0 76.0 31
612 2 1 31.0 76.0 31
613 2 1 31.0 76.0 31
614 2 1 31.0 76.0 31
615 2 1 31.0 76.0 31
616 2 1 22.0 53.0 32
617 1 1 22.0 53.0 32
618 1 1 22.0 53.0 32
619 2 1 22.0 53.0 32
620 2 1 22.0 53.0 32
621 1 1 22.0 53.0 32
622 2 1 22.0 53.0 32
623 2 1 22.0 53.0 32
624 1 1 22.0 53.0 32
625 2 1 22.0 53.0 32
626 2 1 22.0 53.0 32
627 2 1 22.0 53.0 32
628 2 1 22.0 53.0 32
629 2 1 22.0 53.0 32
630 1 1 22.0 53.0 32
631 1 1 22.0 53.0 32
632 2 1 22.0 53.0 32
633 2 1 22.0 53.0 32
634 2 1 22.0 53.0 32
635 2 1 22.0 53.0 32
636 2 1 22.0 53.0 32
637 2 1 22.0 53.0 32
638 1 1 22.0 53.0 32
639 2 1 22.0 53.0 32
640 2 1 22.0 53.0 32
641 1 1 22.0 53.0 32
642 2 1 22.0 53.0 32
643 2 1 22.0 53.0 32
644 2 1 26.0 29.0 33
645 2 1 26.0 29.0 33
646 2 1 26.0 29.0 33
647 2 1 26.0 29.0 33
648 2 1 26.0 29.0 33
649 2 1 26.0 29.0 33
650 2 1 26.0 29.0 33
651 2 1 26.0 29.0 33
652 2 1 26.0 29.0 33
653 2 1 26.0 29.0 33
654 2 1 26.0 29.0 33
655 2 1 26.0 29.0 33
656 2 1 26.0 29.0 33
657 2 1 26.0 29.0 33
658 1 1 26.0 29.0 33
659 2 1 26.0 29.0 33
660 2 1 26.0 29.0 33
661 1 1 26.0 29.0 33
662 1 1 26.0 29.0 33
663 2 1 26.0 29.0 33
664 2 1 26.0 29.0 33
665 1 1 26.0 29.0 33
666 2 1 26.0 29.0 33
667 2 1 26.0 29.0 33
668 2 1 26.0 29.0 33
669 2 1 26.0 29.0 33
670 2 1 26.0 29.0 33
671 2 1 50.0 40.0 34
672 2 1 50.0 40.0 34
673 2 1 50.0 40.0 34
674 2 1 50.0 40.0 34
675 2 1 50.0 40.0 34
676 1 1 50.0 40.0 34
677 1 1 50.0 40.0 34
678 2 1 50.0 40.0 34
679 2 1 50.0 40.0 34
680 1 1 50.0 40.0 34
681 2 1 50.0 40.0 34
682 2 1 50.0 40.0 34
683 2 1 50.0 40.0 34
684 1 1 50.0 40.0 34
685 2 1 50.0 40.0 34
686 2 1 50.0 40.0 34
687 1 1 50.0 40.0 34
688 2 1 50.0 40.0 34
689 2 1 50.0 40.0 34
690 2 1 55.0 50.0 35
691 2 1 55.0 50.0 35
692 2 1 55.0 50.0 35
693 1 1 55.0 50.0 35
694 2 1 55.0 50.0 35
695 1 1 55.0 50.0 35
696 2 1 55.0 50.0 35
697 2 1 55.0 50.0 35
698 2 1 55.0 50.0 35
699 1 1 55.0 50.0 35
700 2 1 54.0 10.0 36
701 2 1 54.0 10.0 36
702 2 1 54.0 10.0 36
703 2 1 54.0 10.0 36
704 1 1 54.0 10.0 36
705 2 1 54.0 10.0 36
706 2 1 54.0 10.0 36
707 2 1 54.0 10.0 36
708 2 1 54.0 10.0 36
709 2 1 54.0 10.0 36
710 2 1 54.0 10.0 36
711 2 1 54.0 10.0 36
712 2 1 60.0 15.0 37
713 1 1 60.0 15.0 37
714 2 1 60.0 15.0 37
715 2 1 60.0 15.0 37
716 2 1 60.0 15.0 37
717 2 1 60.0 15.0 37
718 1 1 60.0 15.0 37
719 2 1 60.0 15.0 37
720 1 1 60.0 15.0 37
721 2 1 60.0 15.0 37
722 2 1 60.0 15.0 37
723 1 1 60.0 15.0 37
724 2 1 60.0 15.0 37
725 2 1 60.0 15.0 37
726 2 1 47.0 66.0 38
727 2 1 47.0 66.0 38
728 1 1 47.0 66.0 38
729 2 1 47.0 66.0 38
730 2 1 47.0 66.0 38
731 1 1 47.0 66.0 38
732 1 1 47.0 66.0 38
733 2 1 47.0 66.0 38
734 1 1 47.0 66.0 38
735 2 1 47.0 66.0 38
736 2 1 47.0 66.0 38
737 2 1 47.0 66.0 38
738 2 1 47.0 66.0 38
739 2 1 47.0 66.0 38
740 2 1 47.0 66.0 38
741 2 1 47.0 66.0 38
742 1 1 47.0 66.0 38
743 2 1 47.0 66.0 38
744 2 1 47.0 66.0 38
745 2 1 47.0 66.0 38
746 2 1 47.0 66.0 38
747 1 1 47.0 66.0 38
748 2 1 47.0 66.0 38
749 2 1 47.0 66.0 38
750 2 1 30.0 60.0 39
751 1 1 30.0 60.0 39
752 2 1 30.0 60.0 39
753 2 1 30.0 60.0 39
754 2 1 30.0 60.0 39
755 1 1 30.0 60.0 39
756 1 1 30.0 60.0 39
757 2 1 30.0 60.0 39
758 2 1 30.0 60.0 39
759 2 1 30.0 60.0 39
760 2 1 30.0 60.0 39
761 2 1 30.0 60.0 39
762 2 1 30.0 60.0 39
763 2 1 30.0 60.0 39
764 1 1 30.0 60.0 39
765 1 1 30.0 60.0 39
766 1 1 30.0 50.0 40
767 2 1 30.0 50.0 40
768 2 1 30.0 50.0 40
769 2 1 30.0 50.0 40
770 2 1 30.0 50.0 40
771 2 1 30.0 50.0 40
772 1 1 30.0 50.0 40
773 2 1 30.0 50.0 40
774 2 1 30.0 50.0 40
775 2 1 30.0 50.0 40
776 2 1 30.0 50.0 40
777 2 1 30.0 50.0 40
778 2 1 30.0 50.0 40
779 2 1 30.0 50.0 40
780 1 1 30.0 50.0 40
781 1 1 30.0 50.0 40
782 2 1 30.0 50.0 40
783 2 1 30.0 50.0 40
784 1 1 30.0 50.0 40
785 2 1 30.0 50.0 40
786 2 1 30.0 50.0 40
787 1 1 30.0 50.0 40
788 2 1 30.0 50.0 40
789 2 1 30.0 50.0 40
790 2 1 30.0 50.0 40
791 2 1 30.0 50.0 40
792 2 1 30.0 50.0 40
793 2 1 30.0 50.0 40
794 2 1 30.0 50.0 40
795 1 1 30.0 50.0 40
796 1 1 30.0 50.0 40
797 2 1 30.0 50.0 40
798 2 1 30.0 50.0 40
799 2 1 12.0 17.0 41
800 2 1 12.0 17.0 41
801 2 1 12.0 17.0 41
802 2 1 12.0 17.0 41
803 2 1 12.0 17.0 41
804 2 1 12.0 17.0 41
805 2 1 12.0 17.0 41
806 2 1 12.0 17.0 41
807 2 1 12.0 17.0 41
808 2 1 12.0 17.0 41
809 2 1 12.0 17.0 41
810 2 1 12.0 17.0 41
811 2 1 12.0 17.0 41
812 2 1 12.0 17.0 41
813 2 1 12.0 17.0 41
814 2 1 15.0 14.0 42
815 2 1 15.0 14.0 42
816 2 1 15.0 14.0 42
817 2 1 15.0 14.0 42
818 2 1 15.0 14.0 42
819 2 1 15.0 14.0 42
820 2 1 15.0 14.0 42
821 2 1 15.0 14.0 42
822 2 1 15.0 14.0 42
823 2 1 15.0 14.0 42
824 2 1 15.0 14.0 42
825 2 1 16.0 19.0 43
826 2 1 16.0 19.0 43
827 2 1 16.0 19.0 43
828 2 1 16.0 19.0 43
829 2 1 16.0 19.0 43
830 2 1 16.0 19.0 43
831 2 1 16.0 19.0 43
832 2 1 16.0 19.0 43
833 2 1 16.0 19.0 43
834 2 1 16.0 19.0 43
835 2 1 16.0 19.0 43
836 2 1 16.0 19.0 43
837 2 1 16.0 19.0 43
838 2 1 16.0 19.0 43
839 2 1 16.0 19.0 43
840 2 1 16.0 19.0 43
841 2 1 16.0 19.0 43
842 2 1 16.0 19.0 43
843 1 1 21.0 48.0 44
844 1 1 21.0 48.0 44
845 1 1 21.0 48.0 44
846 1 1 21.0 48.0 44
847 1 1 21.0 48.0 44
848 1 1 21.0 48.0 44
849 1 1 21.0 48.0 44
850 1 1 21.0 48.0 44
851 1 1 21.0 48.0 44
852 1 1 21.0 48.0 44
853 1 1 21.0 48.0 44
854 1 1 21.0 48.0 44
855 1 1 21.0 48.0 44
856 1 1 21.0 48.0 44
857 1 1 21.0 48.0 44
858 1 1 21.0 48.0 44
859 1 1 21.0 48.0 44
860 1 1 50.0 30.0 45
861 1 1 50.0 30.0 45
862 1 1 50.0 30.0 45
863 1 1 50.0 30.0 45
864 1 1 50.0 30.0 45
865 1 1 50.0 30.0 45
866 1 1 50.0 30.0 45
867 1 1 50.0 30.0 45
868 1 1 50.0 30.0 45
869 1 1 50.0 30.0 45
870 1 1 50.0 30.0 45
871 1 1 50.0 30.0 45
872 1 1 50.0 30.0 45
873 1 1 50.0 30.0 45
874 1 1 50.0 30.0 45
875 1 1 50.0 30.0 45
876 1 1 50.0 30.0 45
877 1 1 50.0 30.0 45
878 1 1 50.0 30.0 45
879 1 1 50.0 30.0 45
880 1 1 50.0 30.0 45
881 1 1 51.0 42.0 46
882 2 1 51.0 42.0 46
883 2 1 51.0 42.0 46
884 1 1 51.0 42.0 46
885 2 1 51.0 42.0 46
886 2 1 51.0 42.0 46
887 2 1 51.0 42.0 46
888 2 1 51.0 42.0 46
889 2 1 51.0 42.0 46
890 2 1 51.0 42.0 46
891 2 1 51.0 42.0 46
892 1 1 51.0 42.0 46
893 2 1 51.0 42.0 46
894 2 1 51.0 42.0 46
895 2 1 51.0 42.0 46
896 2 1 51.0 42.0 46
897 2 1 51.0 42.0 46
898 2 1 51.0 42.0 46
899 1 1 51.0 42.0 46
900 1 1 51.0 42.0 46
901 2 1 51.0 42.0 46
902 2 1 51.0 42.0 46
903 1 1 51.0 42.0 46
904 2 1 51.0 42.0 46
905 2 1 51.0 42.0 46
906 1 1 51.0 42.0 46
907 2 1 51.0 42.0 46
908 1 1 50.0 15.0 47
909 1 1 50.0 15.0 47
910 1 1 50.0 15.0 47
911 1 1 50.0 15.0 47
912 1 1 50.0 15.0 47
913 1 1 50.0 15.0 47
914 1 1 50.0 15.0 47
915 1 1 50.0 15.0 47
916 1 1 50.0 15.0 47
917 1 1 50.0 15.0 47
918 1 1 50.0 15.0 47
919 1 1 50.0 15.0 47
920 1 1 50.0 15.0 47
921 1 1 50.0 15.0 47
922 1 1 50.0 15.0 47
923 1 1 50.0 15.0 47
924 1 1 50.0 15.0 47
925 1 1 50.0 15.0 47
926 1 1 50.0 15.0 47
927 2 1 48.0 21.0 48
928 2 1 48.0 21.0 48
929 2 1 48.0 21.0 48
930 2 1 48.0 21.0 48
931 2 1 48.0 21.0 48
932 2 1 48.0 21.0 48
933 2 1 48.0 21.0 48
934 2 1 48.0 21.0 48
935 2 1 48.0 21.0 48
936 2 1 48.0 21.0 48
937 1 1 48.0 21.0 48
938 1 1 48.0 21.0 48
939 2 1 48.0 21.0 48
940 2 1 48.0 21.0 48
941 2 1 48.0 21.0 48
942 2 1 48.0 21.0 48
943 2 1 48.0 21.0 48
944 2 1 48.0 21.0 48
945 2 1 48.0 21.0 48
946 2 1 48.0 21.0 48
947 1 1 12.0 38.0 49
948 1 1 12.0 38.0 49
949 1 1 12.0 38.0 49
950 1 1 12.0 38.0 49
951 1 1 12.0 38.0 49
952 2 1 15.0 56.0 50
953 1 1 15.0 56.0 50
954 1 1 15.0 56.0 50
955 2 1 15.0 56.0 50
956 2 1 15.0 56.0 50
957 2 1 15.0 56.0 50
958 2 1 15.0 56.0 50
959 1 1 15.0 56.0 50
960 2 1 15.0 56.0 50
961 2 1 15.0 56.0 50
962 2 1 15.0 56.0 50
963 2 1 15.0 56.0 50
964 2 1 15.0 56.0 50
965 2 1 15.0 56.0 50
966 2 1 15.0 56.0 50
967 2 1 15.0 56.0 50
968 2 1 15.0 56.0 50
969 2 1 15.0 56.0 50
970 2 1 15.0 56.0 50
971 2 1 15.0 56.0 50
972 2 1 15.0 56.0 50
973 2 1 15.0 56.0 50
974 2 1 29.0 39.0 51
975 2 1 29.0 39.0 51
976 2 1 29.0 39.0 51
977 2 1 29.0 39.0 51
978 2 1 29.0 39.0 51
979 2 1 29.0 39.0 51
980 2 1 29.0 39.0 51
981 2 1 29.0 39.0 51
982 2 1 29.0 39.0 51
983 2 1 29.0 39.0 51
984 2 1 29.0 39.0 51
985 2 1 29.0 39.0 51
986 1 1 54.0 38.0 52
987 1 1 54.0 38.0 52
988 1 1 54.0 38.0 52
989 1 1 54.0 38.0 52
990 1 1 54.0 38.0 52
991 1 1 54.0 38.0 52
992 1 1 54.0 38.0 52
993 1 1 54.0 38.0 52
994 1 1 54.0 38.0 52
995 1 1 54.0 38.0 52
996 1 1 54.0 38.0 52
997 1 1 54.0 38.0 52
998 1 1 54.0 38.0 52
999 1 1 54.0 38.0 52
1000 1 1 54.0 38.0 52
1001 1 1 54.0 38.0 52
1002 1 1 54.0 38.0 52
1003 1 1 54.0 38.0 52
1004 1 1 54.0 38.0 52
1005 1 1 55.0 57.0 53
1006 2 1 55.0 57.0 53
1007 2 1 55.0 57.0 53
1008 1 1 55.0 57.0 53
1009 2 1 55.0 57.0 53
1010 2 1 55.0 57.0 53
1011 2 1 55.0 57.0 53
1012 1 1 55.0 57.0 53
1013 2 1 55.0 57.0 53
1014 2 1 55.0 57.0 53
1015 1 1 55.0 57.0 53
1016 1 1 55.0 57.0 53
1017 2 1 55.0 57.0 53
1018 2 1 55.0 57.0 53
1019 1 1 55.0 57.0 53
1020 2 1 55.0 57.0 53
1021 2 1 55.0 57.0 53
1022 2 1 55.0 57.0 53
1023 2 1 55.0 57.0 53
1024 2 1 55.0 57.0 53
1025 2 1 55.0 57.0 53
1026 1 1 55.0 57.0 53
1027 1 1 67.0 41.0 54
1028 1 1 67.0 41.0 54
1029 2 1 67.0 41.0 54
1030 2 1 67.0 41.0 54
1031 2 1 67.0 41.0 54
1032 2 1 67.0 41.0 54
1033 2 1 67.0 41.0 54
1034 1 1 67.0 41.0 54
1035 1 1 67.0 41.0 54
1036 2 1 67.0 41.0 54
1037 2 1 67.0 41.0 54
1038 2 1 67.0 41.0 54
1039 2 1 67.0 41.0 54
1040 2 1 67.0 41.0 54
1041 2 1 67.0 41.0 54
1042 2 1 67.0 41.0 54
1043 2 1 10.0 70.0 55
1044 2 1 10.0 70.0 55
1045 2 1 10.0 70.0 55
1046 2 1 10.0 70.0 55
1047 2 1 10.0 70.0 55
1048 2 1 10.0 70.0 55
1049 2 1 10.0 70.0 55
1050 2 1 6.0 25.0 56
1051 1 1 6.0 25.0 56
1052 2 1 6.0 25.0 56
1053 2 1 6.0 25.0 56
1054 1 1 6.0 25.0 56
1055 2 1 6.0 25.0 56
1056 2 1 6.0 25.0 56
1057 2 1 6.0 25.0 56
1058 1 1 6.0 25.0 56
1059 2 1 6.0 25.0 56
1060 1 1 6.0 25.0 56
1061 2 1 6.0 25.0 56
1062 1 1 6.0 25.0 56
1063 2 1 6.0 25.0 56
1064 2 1 6.0 25.0 56
1065 2 1 6.0 25.0 56
1066 2 1 6.0 25.0 56
1067 2 1 6.0 25.0 56
1068 2 1 6.0 25.0 56
1069 2 1 6.0 25.0 56
1070 2 1 6.0 25.0 56
1071 2 1 6.0 25.0 56
1072 2 1 6.0 25.0 56
1073 2 1 6.0 25.0 56
1074 2 1 6.0 25.0 56
1075 2 1 6.0 25.0 56
1076 1 1 65.0 27.0 57
1077 1 1 65.0 27.0 57
1078 1 1 65.0 27.0 57
1079 1 1 65.0 27.0 57
1080 1 1 65.0 27.0 57
1081 1 1 65.0 27.0 57
1082 1 1 65.0 27.0 57
1083 1 1 65.0 27.0 57
1084 1 1 65.0 27.0 57
1085 1 1 65.0 27.0 57
1086 1 1 65.0 27.0 57
1087 1 1 65.0 27.0 57
1088 1 1 65.0 27.0 57
1089 1 1 65.0 27.0 57
1090 1 1 40.0 60.0 58
1091 2 1 40.0 60.0 58
1092 2 1 40.0 60.0 58
1093 2 1 40.0 60.0 58
1094 1 1 40.0 60.0 58
1095 2 1 40.0 60.0 58
1096 2 1 40.0 60.0 58
1097 2 1 40.0 60.0 58
1098 2 1 40.0 60.0 58
1099 2 1 40.0 60.0 58
1100 2 1 40.0 60.0 58
1101 2 1 40.0 60.0 58
1102 2 1 40.0 60.0 58
1103 2 1 40.0 60.0 58
1104 2 1 40.0 60.0 58
1105 2 1 40.0 60.0 58
1106 2 1 40.0 60.0 58
1107 2 1 40.0 60.0 58
1108 1 1 40.0 60.0 58
1109 2 1 40.0 60.0 58
1110 1 1 40.0 60.0 58
1111 1 1 70.0 64.0 59
1112 1 1 70.0 64.0 59
1113 1 1 70.0 64.0 59
1114 1 1 70.0 64.0 59
1115 1 1 70.0 64.0 59
1116 1 1 70.0 64.0 59
1117 1 1 70.0 64.0 59
1118 1 1 70.0 64.0 59
1119 1 1 70.0 64.0 59
1120 1 1 70.0 64.0 59
1121 1 1 70.0 64.0 59
1122 1 1 70.0 64.0 59
1123 1 1 70.0 64.0 59
1124 1 1 70.0 64.0 59
1125 1 1 70.0 64.0 59
1126 1 1 70.0 64.0 59
1127 1 1 70.0 64.0 59
1128 1 1 70.0 64.0 59
1129 1 1 70.0 64.0 59
1130 1 1 70.0 64.0 59
1131 1 1 70.0 64.0 59
1132 1 1 70.0 64.0 59
1133 1 1 70.0 64.0 59
1134 1 1 70.0 64.0 59
1135 1 1 64.0 4.0 60
1136 2 1 64.0 4.0 60
1137 1 1 64.0 4.0 60
1138 1 1 64.0 4.0 60
1139 2 1 64.0 4.0 60
1140 2 1 64.0 4.0 60
1141 1 1 64.0 4.0 60
1142 2 1 64.0 4.0 60
1143 2 1 64.0 4.0 60
1144 2 1 64.0 4.0 60
1145 2 1 64.0 4.0 60
1146 2 1 64.0 4.0 60
1147 2 1 64.0 4.0 60
1148 2 1 36.0 6.0 61
1149 1 1 36.0 6.0 61
1150 2 1 36.0 6.0 61
1151 2 1 36.0 6.0 61
1152 2 1 36.0 6.0 61
1153 2 1 36.0 6.0 61
1154 2 1 36.0 6.0 61
1155 2 1 36.0 6.0 61
1156 2 1 36.0 6.0 61
1157 1 1 36.0 6.0 61
1158 2 1 36.0 6.0 61
1159 2 1 36.0 6.0 61
1160 2 1 36.0 6.0 61
1161 2 1 36.0 6.0 61
1162 2 1 36.0 6.0 61
1163 1 1 30.0 20.0 62
1164 1 1 30.0 20.0 62
1165 1 1 30.0 20.0 62
1166 1 1 30.0 20.0 62
1167 1 1 30.0 20.0 62
1168 1 1 30.0 20.0 62
1169 1 1 30.0 20.0 62
1170 1 1 30.0 20.0 62
1171 1 1 30.0 20.0 62
1172 1 1 30.0 20.0 62
1173 1 1 30.0 20.0 62
1174 1 1 30.0 20.0 62
1175 1 1 30.0 20.0 62
1176 1 1 30.0 20.0 62
1177 1 1 30.0 20.0 62
1178 1 1 30.0 20.0 62
1179 1 1 30.0 20.0 62
1180 1 1 30.0 20.0 62
1181 2 1 20.0 30.0 63
1182 2 1 20.0 30.0 63
1183 2 1 20.0 30.0 63
1184 2 1 20.0 30.0 63
1185 2 1 20.0 30.0 63
1186 2 1 20.0 30.0 63
1187 2 1 20.0 30.0 63
1188 2 1 20.0 30.0 63
1189 2 1 20.0 30.0 63
1190 2 1 20.0 30.0 63
1191 2 1 20.0 30.0 63
1192 2 1 15.0 5.0 64
1193 1 1 15.0 5.0 64
1194 2 1 15.0 5.0 64
1195 2 1 15.0 5.0 64
1196 2 1 15.0 5.0 64
1197 2 1 15.0 5.0 64
1198 2 1 15.0 5.0 64
1199 2 1 15.0 5.0 64
1200 2 1 15.0 5.0 64
1201 2 1 15.0 5.0 64
1202 2 1 15.0 5.0 64
1203 2 1 15.0 5.0 64
1204 2 1 15.0 5.0 64
1205 2 1 15.0 5.0 64
1206 2 1 15.0 5.0 64
1207 1 1 15.0 5.0 64
1208 2 1 15.0 5.0 64
1209 2 1 15.0 5.0 64
1210 2 1 15.0 5.0 64
1211 2 1 15.0 5.0 64
1212 2 1 15.0 5.0 64
1213 2 1 15.0 5.0 64
1214 2 1 15.0 5.0 64
1215 2 1 15.0 5.0 64
1216 2 1 15.0 5.0 64
1217 1 1 15.0 5.0 64
1218 1 1 15.0 5.0 64
1219 2 1 15.0 5.0 64
1220 2 1 50.0 70.0 65
1221 2 1 50.0 70.0 65
1222 2 1 50.0 70.0 65
1223 1 1 50.0 70.0 65
1224 2 1 50.0 70.0 65
1225 1 1 50.0 70.0 65
1226 2 1 50.0 70.0 65
1227 2 1 50.0 70.0 65
1228 2 1 50.0 70.0 65
1229 2 1 57.0 72.0 66
1230 2 1 57.0 72.0 66
1231 2 1 57.0 72.0 66
1232 2 1 57.0 72.0 66
1233 1 1 57.0 72.0 66
1234 2 1 57.0 72.0 66
1235 1 1 57.0 72.0 66
1236 2 1 57.0 72.0 66
1237 2 1 57.0 72.0 66
1238 2 1 57.0 72.0 66
1239 2 1 57.0 72.0 66
1240 2 1 57.0 72.0 66
1241 2 1 57.0 72.0 66
1242 2 1 57.0 72.0 66
1243 1 1 57.0 72.0 66
1244 2 1 57.0 72.0 66
1245 2 1 57.0 72.0 66
1246 2 1 57.0 72.0 66
1247 2 1 57.0 72.0 66
1248 2 1 57.0 72.0 66
1249 2 1 57.0 72.0 66
1250 1 1 57.0 72.0 66
1251 2 1 57.0 72.0 66
1252 2 1 57.0 72.0 66
1253 2 1 57.0 72.0 66
1254 2 1 57.0 72.0 66
1255 2 1 57.0 72.0 66
1256 2 1 57.0 72.0 66
1257 1 1 57.0 72.0 66
1258 2 1 57.0 72.0 66
1259 2 1 57.0 72.0 66
1260 2 1 57.0 72.0 66
1261 2 1 57.0 72.0 66
1262 1 1 57.0 72.0 66
1263 2 1 57.0 72.0 66
1264 2 1 57.0 72.0 66
1265 1 1 57.0 72.0 66
1266 1 1 45.0 42.0 67
1267 1 1 45.0 42.0 67
1268 1 1 45.0 42.0 67
1269 1 1 45.0 42.0 67
1270 1 1 45.0 42.0 67
1271 1 1 45.0 42.0 67
1272 1 1 45.0 42.0 67
1273 1 1 45.0 42.0 67
1274 1 1 45.0 42.0 67
1275 1 1 45.0 42.0 67
1276 1 1 45.0 42.0 67
1277 1 1 45.0 42.0 67
1278 1 1 45.0 42.0 67
1279 1 1 45.0 42.0 67
1280 1 1 45.0 42.0 67
1281 1 1 45.0 42.0 67
1282 1 1 45.0 42.0 67
1283 1 1 45.0 42.0 67
1284 1 1 45.0 42.0 67
1285 1 1 45.0 42.0 67
1286 1 1 45.0 42.0 67
1287 1 1 45.0 42.0 67
1288 1 1 45.0 42.0 67
1289 1 1 45.0 42.0 67
1290 1 1 45.0 42.0 67
1291 1 1 45.0 42.0 67
1292 1 1 45.0 42.0 67
1293 1 1 45.0 42.0 67
1294 1 1 45.0 42.0 67
1295 1 1 45.0 42.0 67
1296 2 1 38.0 33.0 68
1297 2 1 38.0 33.0 68
1298 2 1 38.0 33.0 68
1299 2 1 38.0 33.0 68
1300 2 1 38.0 33.0 68
1301 1 1 38.0 33.0 68
1302 1 1 38.0 33.0 68
1303 2 1 38.0 33.0 68
1304 2 1 38.0 33.0 68
1305 1 1 38.0 33.0 68
1306 2 1 50.0 4.0 69
1307 2 1 50.0 4.0 69
1308 1 1 50.0 4.0 69
1309 2 1 50.0 4.0 69
1310 2 1 50.0 4.0 69
1311 2 1 50.0 4.0 69
1312 2 1 50.0 4.0 69
1313 2 1 50.0 4.0 69
