File: p04 Num Depots: 1 Num Pick Up Points: 69 Num Trucks: 6Processing Time: 42 seconds
Total Demand = 1313.00| Total Distance = 1675.78| Total Travel Time = 1256.83| Total Cost = $1490.35|

Truck #312 MaxCap: 100 Demand: 99.0 ROUTE:0 498 497 496 495 494 493 492 747 742 734 732 731 728 1225 1223 1265 1262 1257 1250 1243 1235 1233 248 247 246 245 244 243 242 241 240 239 238 237 236 235 234 233 232 231 230 229 228 227 226 225 224 223 222 221 220 219 218 217 216 215 214 213 212 1134 1133 1132 1131 1130 1129 1128 1127 1126 1125 1124 1123 1122 1121 1120 1119 1118 1117 1116 1115 1114 1113 1112 1111 301 299 292 1026 1019 1016 1015 1012 1008 1005 137 135 133 131 129 128 -1 
Truck #313 MaxCap: 160 Demand: 159.0 ROUTE:0 509 508 507 506 505 504 503 502 501 500 499 1110 1108 1094 1090 209 203 193 192 191 190 605 592 490 489 487 481 959 954 953 367 366 365 364 363 362 361 360 359 358 357 356 355 472 467 460 951 950 949 948 947 1062 1060 1058 1054 1051 1218 1217 1207 1193 444 1167 1166 1165 1164 1163 18 9 5 665 662 661 658 332 331 330 329 326 317 55 46 859 858 857 856 855 854 853 852 851 850 849 848 847 846 845 844 843 641 638 631 630 624 621 618 617 185 184 183 182 181 180 179 178 177 176 175 174 173 172 171 170 169 168 167 166 165 164 163 162 161 160 159 158 157 765 764 756 755 751 264 263 250 796 795 787 784 781 780 772 766 349 342 336 125 121 118 112 110 -1 
Truck #314 MaxCap: 60 Demand: 59.0 ROUTE:0 907 905 904 902 901 898 897 896 895 894 893 891 890 889 888 887 886 885 883 882 154 152 151 150 149 148 146 145 144 143 142 141 368 1042 1041 1040 1039 1038 1037 1036 1033 1032 1031 1030 1029 689 688 686 685 683 682 681 679 678 675 674 673 672 671 -1 
Truck #315 MaxCap: 100 Demand: 99.0 ROUTE:0 698 697 696 694 692 691 690 382 378 376 375 374 373 372 371 370 369 307 306 305 304 303 302 300 298 297 296 295 294 293 291 290 289 288 287 286 284 282 281 280 279 278 277 1264 1263 1261 1260 1259 1258 1256 1255 1254 1253 1252 1251 1249 1248 1247 1246 1245 1244 1242 1241 1240 1239 1238 1237 1236 1234 1232 1231 1230 1229 1221 1220 1025 1024 1023 1022 1021 1020 1018 1017 1014 1013 1011 1010 1009 1007 1006 140 139 138 136 134 132 130 127 126 -1 
Truck #316 MaxCap: 160 Demand: 159.0 ROUTE:0 262 261 260 259 258 257 256 255 254 253 252 251 249 763 762 761 760 759 758 757 754 753 752 750 1109 1107 1106 1105 1104 1103 1102 1101 1100 1099 1098 1097 1096 1095 1093 1092 1091 211 210 208 207 206 205 204 202 201 200 199 198 197 196 195 194 189 188 187 186 749 748 746 745 744 743 741 740 739 738 737 736 735 733 730 729 727 726 1228 1227 1226 1224 1222 615 614 613 612 611 610 609 608 607 606 604 603 602 601 600 599 598 597 596 595 594 593 591 1049 1048 1047 1046 1045 1044 1043 491 488 486 485 484 483 482 480 479 478 629 628 627 626 625 623 622 620 619 616 798 797 794 793 792 791 790 789 788 786 785 783 782 779 778 777 776 775 774 773 771 770 769 768 767 -1 
Truck #317 MaxCap: 60 Demand: 59.0 ROUTE:0 54 53 52 51 50 49 48 47 45 454 453 452 451 973 972 971 970 969 968 967 966 965 964 963 962 961 960 958 957 956 955 952 643 642 640 639 637 636 635 634 633 632 354 353 352 351 350 348 347 346 345 344 343 341 340 339 338 337 335 -1 
Truck #318 MaxCap: 60 Demand: 59.0 ROUTE:0 985 984 983 982 981 980 979 978 977 976 975 974 334 333 328 327 325 324 323 322 321 320 319 318 316 450 449 448 447 446 445 1061 1059 1057 1056 1055 1053 1052 1050 477 476 475 474 473 471 470 469 468 466 465 464 463 462 461 459 458 457 456 455 -1 
Truck #319 MaxCap: 60 Demand: 59.0 ROUTE:0 1191 1190 1189 1188 1187 1186 1185 1184 1183 1182 1181 1075 1074 1073 1072 1071 1070 1069 1068 1067 1066 1065 1064 1063 810 809 808 807 806 805 804 803 802 801 800 799 670 669 668 667 666 664 663 660 659 657 656 655 654 653 652 651 650 649 648 647 646 645 644 -1 
Truck #320 MaxCap: 60 Demand: 59.0 ROUTE:0 124 123 122 120 119 117 116 115 114 113 111 109 108 107 842 841 840 839 838 837 836 835 834 833 832 831 830 829 828 827 826 825 813 812 811 822 821 820 819 818 817 816 815 814 17 16 15 14 13 12 11 10 8 7 6 4 3 2 1 -1 
Truck #321 MaxCap: 60 Demand: 59.0 ROUTE:0 1296 44 43 42 41 39 38 37 36 35 34 32 31 29 27 26 25 24 22 21 20 19 443 442 441 440 439 438 437 436 435 434 433 1219 1216 1215 1214 1213 1212 1211 1210 1209 1208 1206 1205 1204 1203 1202 1201 1200 1199 1198 1197 1196 1195 1194 1192 824 823 -1 
Truck #322 MaxCap: 60 Demand: 59.0 ROUTE:0 1305 1302 1301 40 33 30 28 23 1180 1179 1178 1177 1176 1175 1174 1173 1172 1171 1170 1169 1168 549 540 528 1157 1149 1308 429 428 419 411 410 408 406 926 925 924 923 922 921 920 919 918 917 916 915 914 913 912 911 910 909 908 938 937 589 578 577 573 -1 
Truck #323 MaxCap: 60 Demand: 59.0 ROUTE:0 423 422 421 420 418 417 416 415 414 413 412 409 407 405 1162 1161 1160 1159 1158 1156 1155 1154 1153 1152 1151 1150 1148 555 554 553 552 551 550 548 547 546 545 544 543 542 541 539 538 537 536 535 534 533 532 531 530 529 527 1304 1303 1300 1299 1298 1297 -1 
Truck #324 MaxCap: 60 Demand: 59.0 ROUTE:0 946 945 944 943 942 941 940 939 936 935 934 933 932 931 930 929 928 927 709 708 707 706 705 703 702 701 700 1313 1312 1311 1310 1309 1307 1306 432 431 430 427 426 425 424 590 588 587 586 585 584 583 582 581 580 579 576 575 574 572 571 570 569 -1 
Truck #325 MaxCap: 60 Demand: 59.0 ROUTE:0 84 83 78 76 70 67 64 62 880 879 878 877 876 875 874 873 872 871 870 869 868 867 866 865 864 863 862 861 860 559 104 93 92 90 704 1141 1138 1137 1135 404 399 398 393 390 389 383 723 720 718 713 315 1083 1082 1081 1080 1079 1078 1077 1076 -1 
Truck #326 MaxCap: 60 Demand: 59.0 ROUTE:0 66 65 63 61 60 59 58 57 56 568 567 566 565 564 563 562 561 560 558 557 556 106 105 103 102 101 100 99 98 97 96 95 94 91 89 88 87 86 725 724 722 721 719 717 716 715 714 712 1147 1146 1145 1144 1143 1142 1140 1139 1136 711 710 -1 
Truck #327 MaxCap: 60 Demand: 59.0 ROUTE:0 526 524 522 521 520 519 517 516 514 513 512 510 276 275 274 273 272 271 270 269 268 267 266 265 314 313 312 311 310 309 308 403 402 401 400 397 396 395 394 392 391 388 387 386 385 384 85 82 81 80 79 77 75 74 73 72 71 69 68 -1 
Truck #332 MaxCap: 100 Demand: 89.0 ROUTE:0 1266 1267 1268 1269 1270 1271 1272 1273 1274 1275 1276 1277 1278 1279 1280 1281 1282 1283 1284 1285 1286 1287 1288 1289 1290 1291 1292 1293 1294 1295 147 153 155 156 693 695 699 283 285 377 379 380 381 1027 1028 1034 1035 1084 1085 1086 1087 1088 1089 511 515 518 523 525 986 987 988 989 990 991 992 993 994 995 996 997 998 999 1000 1001 1002 1003 1004 881 884 892 899 900 903 906 676 677 680 684 687 -1 


Inital Solution 0 changes  totQ=1313.00 totD=1771.83 $1514.91
Local One Opt 30 changes  totQ=1313.00 totD=1716.86 $1509.29
Local Two Opt 6 changes  totQ=1313.00 totD=1713.72 $1508.78
Local Three Opt 1 changes  totQ=1313.00 totD=1713.38 $1508.76
K-Two Forward 0 changes  totQ=1313.00 totD=1713.38 $1508.76
K-Two Reverse 0 changes  totQ=1313.00 totD=1713.38 $1508.76
K-Three Forward 0 changes  totQ=1313.00 totD=1713.38 $1508.76
K-Three Reverse 0 changes  totQ=1313.00 totD=1713.38 $1508.76
Exchange 01 0 changes  totQ=1313.00 totD=1713.38 $1508.76
Exchange 01 0 changes  totQ=1313.00 totD=1713.38 $1508.76
Exchange 11 0 changes  totQ=1313.00 totD=1713.38 $1508.76
Exchange 02 0 changes  totQ=1313.00 totD=1713.38 $1508.76
Exchange 20 0 changes  totQ=1313.00 totD=1713.38 $1508.76
Exchange 12 0 changes  totQ=1313.00 totD=1713.38 $1508.76
Exchange 21 0 changes  totQ=1313.00 totD=1713.38 $1508.76
Exchange 22 0 changes  totQ=1313.00 totD=1713.38 $1508.76
Combination 1 changes  totQ=1313.00 totD=1713.38 $1508.76
Reduction 0 changes  totQ=1313.00 totD=1675.78 $1490.35
Reallocation 0 changes  totQ=1313.00 totD=1675.78 $1490.35
Relax/Combine 0 changes  totQ=1313.00 totD=1675.78 $1490.35
Sharing 0 changes  totQ=1313.00 totD=1675.78 $1490.35
Relax/Share 0 changes  totQ=1313.00 totD=1675.78 $1490.35
