1
0 40.0 40.0 1755.0 3145.344970703125 35
408 1 19.0 56.10322570800781 20 2147483647 21
0 0 40.0 40.0 D
1282 1 45.0 42.0 1
1276 1 45.0 42.0 1
1273 1 45.0 42.0 1
1271 1 45.0 42.0 1
1266 1 45.0 42.0 1
1500 1 55.0 48.0 1
1493 1 55.0 48.0 1
1491 1 55.0 48.0 1
1490 1 55.0 48.0 1
1485 1 55.0 48.0 1
1483 1 55.0 48.0 1
698 1 55.0 50.0 1
1645 1 59.0 51.0 1
1629 1 59.0 51.0 1
1623 1 59.0 51.0 1
1615 1 63.0 52.0 1
369 1 62.0 48.0 1
150 1 55.0 45.0 1
687 1 50.0 40.0 1
-1 0 40.0 40.0 D
409 1 39.0 97.99629974365234 40 2147483647 41
0 0 40.0 40.0 D
132 1 50.0 50.0 1
306 1 62.0 57.0 1
285 1 62.0 57.0 1
1436 1 64.0 61.0 1
1434 1 64.0 61.0 1
1430 1 64.0 61.0 1
1428 1 64.0 61.0 1
1422 1 64.0 61.0 1
1420 1 64.0 61.0 1
1134 1 70.0 64.0 1
1123 1 70.0 64.0 1
1120 1 70.0 64.0 1
1114 1 70.0 64.0 1
1112 1 70.0 64.0 1
1111 1 70.0 64.0 1
1415 1 68.0 66.0 1
1414 1 68.0 66.0 1
1409 1 68.0 66.0 1
1408 1 68.0 66.0 1
1406 1 68.0 66.0 1
1395 1 68.0 66.0 1
1388 1 68.0 66.0 1
1468 1 60.0 76.0 1
1458 1 60.0 76.0 1
246 1 55.0 65.0 1
244 1 55.0 65.0 1
242 1 55.0 65.0 1
239 1 55.0 65.0 1
236 1 55.0 65.0 1
225 1 55.0 65.0 1
217 1 55.0 65.0 1
215 1 55.0 65.0 1
212 1 55.0 65.0 1
1019 1 55.0 57.0 1
1013 1 55.0 57.0 1
1011 1 55.0 57.0 1
1552 1 46.0 50.0 1
1549 1 46.0 50.0 1
1547 1 46.0 50.0 1
-1 0 40.0 40.0 D
410 1 59.0 178.07717895507812 60 2147483647 61
0 0 40.0 40.0 D
503 1 41.0 46.0 1
501 1 41.0 46.0 1
500 1 41.0 46.0 1
495 1 41.0 46.0 1
1109 1 40.0 60.0 1
1108 1 40.0 60.0 1
1103 1 40.0 60.0 1
1090 1 40.0 60.0 1
211 1 40.0 66.0 1
208 1 40.0 66.0 1
207 1 40.0 66.0 1
200 1 40.0 66.0 1
741 1 47.0 66.0 1
1222 1 50.0 70.0 1
1221 1 50.0 70.0 1
1220 1 50.0 70.0 1
1241 1 57.0 72.0 1
1238 1 57.0 72.0 1
1232 1 57.0 72.0 1
1229 1 57.0 72.0 1
1478 1 60.0 76.0 1
606 1 31.0 76.0 1
592 1 31.0 76.0 1
1695 1 20.0 70.0 1
1673 1 20.0 70.0 1
1672 1 20.0 70.0 1
1671 1 20.0 70.0 1
488 1 17.0 64.0 1
482 1 17.0 64.0 1
1533 1 2.0 68.0 1
1530 1 2.0 68.0 1
1529 1 2.0 68.0 1
1524 1 2.0 68.0 1
1516 1 2.0 68.0 1
1511 1 2.0 68.0 1
962 1 15.0 56.0 1
1579 1 16.0 56.0 1
1571 1 16.0 56.0 1
1567 1 16.0 56.0 1
1566 1 16.0 56.0 1
1563 1 16.0 56.0 1
1559 1 16.0 56.0 1
1558 1 16.0 56.0 1
631 1 22.0 53.0 1
622 1 22.0 53.0 1
620 1 22.0 53.0 1
184 1 26.0 59.0 1
180 1 26.0 59.0 1
174 1 26.0 59.0 1
169 1 26.0 59.0 1
167 1 26.0 59.0 1
161 1 26.0 59.0 1
762 1 30.0 60.0 1
761 1 30.0 60.0 1
754 1 30.0 60.0 1
797 1 30.0 50.0 1
775 1 30.0 50.0 1
766 1 30.0 50.0 1
251 1 35.0 51.0 1
-1 0 40.0 40.0 D
411 2 28.0 20.770328521728516 40 2147483647 30
0 0 40.0 40.0 D
1293 1 45.0 42.0 2
1292 1 45.0 42.0 2
1291 1 45.0 42.0 2
1290 1 45.0 42.0 2
1289 1 45.0 42.0 2
1288 1 45.0 42.0 2
1287 1 45.0 42.0 2
1286 1 45.0 42.0 2
1285 1 45.0 42.0 2
1284 1 45.0 42.0 2
1283 1 45.0 42.0 2
1281 1 45.0 42.0 2
1280 1 45.0 42.0 2
1279 1 45.0 42.0 2
1278 1 45.0 42.0 2
1277 1 45.0 42.0 2
1275 1 45.0 42.0 2
1274 1 45.0 42.0 2
1272 1 45.0 42.0 2
1270 1 45.0 42.0 2
1269 1 45.0 42.0 2
1268 1 45.0 42.0 2
1267 1 45.0 42.0 2
686 1 50.0 40.0 2
685 1 50.0 40.0 2
674 1 50.0 40.0 2
673 1 50.0 40.0 2
672 1 50.0 40.0 2
-1 0 40.0 40.0 D
412 2 77.0 89.06082153320312 80 2147483647 79
0 0 40.0 40.0 D
131 1 50.0 50.0 2
129 1 50.0 50.0 2
126 1 50.0 50.0 2
1023 1 55.0 57.0 2
1012 1 55.0 57.0 2
1010 1 55.0 57.0 2
1006 1 55.0 57.0 2
214 1 55.0 65.0 2
213 1 55.0 65.0 2
1419 1 68.0 66.0 2
1418 1 68.0 66.0 2
1417 1 68.0 66.0 2
1416 1 68.0 66.0 2
1413 1 68.0 66.0 2
1412 1 68.0 66.0 2
1411 1 68.0 66.0 2
1410 1 68.0 66.0 2
1407 1 68.0 66.0 2
1405 1 68.0 66.0 2
1404 1 68.0 66.0 2
1403 1 68.0 66.0 2
1402 1 68.0 66.0 2
1401 1 68.0 66.0 2
1400 1 68.0 66.0 2
1399 1 68.0 66.0 2
1398 1 68.0 66.0 2
1397 1 68.0 66.0 2
1396 1 68.0 66.0 2
1394 1 68.0 66.0 2
1393 1 68.0 66.0 2
1392 1 68.0 66.0 2
1391 1 68.0 66.0 2
1390 1 68.0 66.0 2
1389 1 68.0 66.0 2
1133 1 70.0 64.0 2
1132 1 70.0 64.0 2
1131 1 70.0 64.0 2
1130 1 70.0 64.0 2
1129 1 70.0 64.0 2
1128 1 70.0 64.0 2
1127 1 70.0 64.0 2
1126 1 70.0 64.0 2
1125 1 70.0 64.0 2
1124 1 70.0 64.0 2
1122 1 70.0 64.0 2
1121 1 70.0 64.0 2
1119 1 70.0 64.0 2
1118 1 70.0 64.0 2
1117 1 70.0 64.0 2
1116 1 70.0 64.0 2
1115 1 70.0 64.0 2
1113 1 70.0 64.0 2
1435 1 64.0 61.0 2
1426 1 64.0 61.0 2
287 1 62.0 57.0 2
282 1 62.0 57.0 2
280 1 62.0 57.0 2
1618 1 63.0 52.0 2
1639 1 59.0 51.0 2
1637 1 59.0 51.0 2
1624 1 59.0 51.0 2
1502 1 55.0 48.0 2
1501 1 55.0 48.0 2
1499 1 55.0 48.0 2
1498 1 55.0 48.0 2
1497 1 55.0 48.0 2
1496 1 55.0 48.0 2
1495 1 55.0 48.0 2
1494 1 55.0 48.0 2
1492 1 55.0 48.0 2
1489 1 55.0 48.0 2
1488 1 55.0 48.0 2
1487 1 55.0 48.0 2
1486 1 55.0 48.0 2
1484 1 55.0 48.0 2
1295 1 45.0 42.0 2
1294 1 45.0 42.0 2
-1 0 40.0 40.0 D
413 2 115.0 128.1644744873047 120 2147483647 117
0 0 40.0 40.0 D
509 1 41.0 46.0 2
508 1 41.0 46.0 2
507 1 41.0 46.0 2
506 1 41.0 46.0 2
505 1 41.0 46.0 2
504 1 41.0 46.0 2
502 1 41.0 46.0 2
499 1 41.0 46.0 2
498 1 41.0 46.0 2
497 1 41.0 46.0 2
496 1 41.0 46.0 2
494 1 41.0 46.0 2
493 1 41.0 46.0 2
492 1 41.0 46.0 2
1557 1 46.0 50.0 2
1556 1 46.0 50.0 2
1555 1 46.0 50.0 2
1554 1 46.0 50.0 2
1553 1 46.0 50.0 2
1551 1 46.0 50.0 2
1550 1 46.0 50.0 2
1548 1 46.0 50.0 2
1546 1 46.0 50.0 2
1545 1 46.0 50.0 2
1544 1 46.0 50.0 2
1543 1 46.0 50.0 2
1542 1 46.0 50.0 2
1541 1 46.0 50.0 2
248 1 55.0 65.0 2
247 1 55.0 65.0 2
245 1 55.0 65.0 2
243 1 55.0 65.0 2
241 1 55.0 65.0 2
240 1 55.0 65.0 2
238 1 55.0 65.0 2
237 1 55.0 65.0 2
235 1 55.0 65.0 2
234 1 55.0 65.0 2
233 1 55.0 65.0 2
232 1 55.0 65.0 2
231 1 55.0 65.0 2
230 1 55.0 65.0 2
229 1 55.0 65.0 2
228 1 55.0 65.0 2
227 1 55.0 65.0 2
226 1 55.0 65.0 2
224 1 55.0 65.0 2
223 1 55.0 65.0 2
222 1 55.0 65.0 2
221 1 55.0 65.0 2
220 1 55.0 65.0 2
219 1 55.0 65.0 2
218 1 55.0 65.0 2
216 1 55.0 65.0 2
1264 1 57.0 72.0 2
1260 1 57.0 72.0 2
1258 1 57.0 72.0 2
1480 1 60.0 76.0 2
1479 1 60.0 76.0 2
1477 1 60.0 76.0 2
1476 1 60.0 76.0 2
1475 1 60.0 76.0 2
1474 1 60.0 76.0 2
1473 1 60.0 76.0 2
1472 1 60.0 76.0 2
1471 1 60.0 76.0 2
1470 1 60.0 76.0 2
1469 1 60.0 76.0 2
1467 1 60.0 76.0 2
1466 1 60.0 76.0 2
1465 1 60.0 76.0 2
1464 1 60.0 76.0 2
1463 1 60.0 76.0 2
1462 1 60.0 76.0 2
1461 1 60.0 76.0 2
1460 1 60.0 76.0 2
1459 1 60.0 76.0 2
1457 1 60.0 76.0 2
1456 1 60.0 76.0 2
1455 1 60.0 76.0 2
1454 1 60.0 76.0 2
1453 1 60.0 76.0 2
1452 1 60.0 76.0 2
1451 1 60.0 76.0 2
1450 1 60.0 76.0 2
1449 1 60.0 76.0 2
1448 1 60.0 76.0 2
749 1 47.0 66.0 2
746 1 47.0 66.0 2
739 1 47.0 66.0 2
730 1 47.0 66.0 2
210 1 40.0 66.0 2
193 1 40.0 66.0 2
614 1 31.0 76.0 2
1686 1 20.0 70.0 2
1685 1 20.0 70.0 2
1684 1 20.0 70.0 2
1683 1 20.0 70.0 2
1682 1 20.0 70.0 2
1681 1 20.0 70.0 2
1680 1 20.0 70.0 2
1679 1 20.0 70.0 2
1678 1 20.0 70.0 2
1677 1 20.0 70.0 2
1676 1 20.0 70.0 2
1675 1 20.0 70.0 2
1674 1 20.0 70.0 2
1670 1 20.0 70.0 2
757 1 30.0 60.0 2
753 1 30.0 60.0 2
264 1 35.0 51.0 2
261 1 35.0 51.0 2
260 1 35.0 51.0 2
257 1 35.0 51.0 2
253 1 35.0 51.0 2
-1 0 40.0 40.0 D
414 4 59.0 55.85883712768555 60 2147483647 61
0 0 40.0 40.0 D
907 1 51.0 42.0 4
906 1 51.0 42.0 4
905 1 51.0 42.0 4
903 1 51.0 42.0 4
901 1 51.0 42.0 4
900 1 51.0 42.0 4
898 1 51.0 42.0 4
897 1 51.0 42.0 4
896 1 51.0 42.0 4
895 1 51.0 42.0 4
894 1 51.0 42.0 4
893 1 51.0 42.0 4
891 1 51.0 42.0 4
890 1 51.0 42.0 4
889 1 51.0 42.0 4
888 1 51.0 42.0 4
887 1 51.0 42.0 4
886 1 51.0 42.0 4
885 1 51.0 42.0 4
884 1 51.0 42.0 4
883 1 51.0 42.0 4
881 1 51.0 42.0 4
153 1 55.0 45.0 4
152 1 55.0 45.0 4
151 1 55.0 45.0 4
149 1 55.0 45.0 4
148 1 55.0 45.0 4
145 1 55.0 45.0 4
144 1 55.0 45.0 4
142 1 55.0 45.0 4
141 1 55.0 45.0 4
1042 1 67.0 41.0 4
1041 1 67.0 41.0 4
1040 1 67.0 41.0 4
1039 1 67.0 41.0 4
1038 1 67.0 41.0 4
1037 1 67.0 41.0 4
1036 1 67.0 41.0 4
1035 1 67.0 41.0 4
1034 1 67.0 41.0 4
1032 1 67.0 41.0 4
1031 1 67.0 41.0 4
1030 1 67.0 41.0 4
1029 1 67.0 41.0 4
1028 1 67.0 41.0 4
1027 1 67.0 41.0 4
689 1 50.0 40.0 4
688 1 50.0 40.0 4
684 1 50.0 40.0 4
683 1 50.0 40.0 4
682 1 50.0 40.0 4
681 1 50.0 40.0 4
680 1 50.0 40.0 4
679 1 50.0 40.0 4
678 1 50.0 40.0 4
677 1 50.0 40.0 4
676 1 50.0 40.0 4
675 1 50.0 40.0 4
671 1 50.0 40.0 4
-1 0 40.0 40.0 D
415 4 99.0 69.93685150146484 100 2147483647 101
0 0 40.0 40.0 D
699 1 55.0 50.0 4
696 1 55.0 50.0 4
695 1 55.0 50.0 4
694 1 55.0 50.0 4
693 1 55.0 50.0 4
692 1 55.0 50.0 4
690 1 55.0 50.0 4
1648 1 59.0 51.0 4
1647 1 59.0 51.0 4
1646 1 59.0 51.0 4
1644 1 59.0 51.0 4
1643 1 59.0 51.0 4
1642 1 59.0 51.0 4
1641 1 59.0 51.0 4
1640 1 59.0 51.0 4
1638 1 59.0 51.0 4
1636 1 59.0 51.0 4
1635 1 59.0 51.0 4
1634 1 59.0 51.0 4
1633 1 59.0 51.0 4
1632 1 59.0 51.0 4
1631 1 59.0 51.0 4
1630 1 59.0 51.0 4
1628 1 59.0 51.0 4
1627 1 59.0 51.0 4
1626 1 59.0 51.0 4
1625 1 59.0 51.0 4
1622 1 59.0 51.0 4
1621 1 59.0 51.0 4
307 1 62.0 57.0 4
305 1 62.0 57.0 4
304 1 62.0 57.0 4
303 1 62.0 57.0 4
302 1 62.0 57.0 4
301 1 62.0 57.0 4
300 1 62.0 57.0 4
299 1 62.0 57.0 4
298 1 62.0 57.0 4
297 1 62.0 57.0 4
296 1 62.0 57.0 4
295 1 62.0 57.0 4
294 1 62.0 57.0 4
293 1 62.0 57.0 4
292 1 62.0 57.0 4
291 1 62.0 57.0 4
290 1 62.0 57.0 4
289 1 62.0 57.0 4
288 1 62.0 57.0 4
286 1 62.0 57.0 4
284 1 62.0 57.0 4
283 1 62.0 57.0 4
281 1 62.0 57.0 4
279 1 62.0 57.0 4
278 1 62.0 57.0 4
277 1 62.0 57.0 4
1445 1 64.0 61.0 4
1444 1 64.0 61.0 4
1443 1 64.0 61.0 4
1442 1 64.0 61.0 4
1441 1 64.0 61.0 4
1440 1 64.0 61.0 4
1439 1 64.0 61.0 4
1438 1 64.0 61.0 4
1437 1 64.0 61.0 4
1433 1 64.0 61.0 4
1432 1 64.0 61.0 4
1431 1 64.0 61.0 4
1429 1 64.0 61.0 4
1427 1 64.0 61.0 4
1425 1 64.0 61.0 4
1424 1 64.0 61.0 4
1423 1 64.0 61.0 4
1421 1 64.0 61.0 4
1620 1 63.0 52.0 4
1619 1 63.0 52.0 4
1617 1 63.0 52.0 4
1616 1 63.0 52.0 4
1614 1 63.0 52.0 4
1613 1 63.0 52.0 4
1612 1 63.0 52.0 4
1611 1 63.0 52.0 4
1610 1 63.0 52.0 4
1609 1 63.0 52.0 4
1608 1 63.0 52.0 4
382 1 62.0 48.0 4
381 1 62.0 48.0 4
380 1 62.0 48.0 4
379 1 62.0 48.0 4
378 1 62.0 48.0 4
376 1 62.0 48.0 4
375 1 62.0 48.0 4
374 1 62.0 48.0 4
373 1 62.0 48.0 4
372 1 62.0 48.0 4
371 1 62.0 48.0 4
370 1 62.0 48.0 4
368 1 62.0 48.0 4
156 1 55.0 45.0 4
155 1 55.0 45.0 4
-1 0 40.0 40.0 D
416 4 159.0 126.77535247802734 160 2147483647 161
0 0 40.0 40.0 D
140 1 50.0 50.0 4
139 1 50.0 50.0 4
138 1 50.0 50.0 4
137 1 50.0 50.0 4
136 1 50.0 50.0 4
135 1 50.0 50.0 4
134 1 50.0 50.0 4
133 1 50.0 50.0 4
130 1 50.0 50.0 4
128 1 50.0 50.0 4
127 1 50.0 50.0 4
1026 1 55.0 57.0 4
1025 1 55.0 57.0 4
1024 1 55.0 57.0 4
1022 1 55.0 57.0 4
1021 1 55.0 57.0 4
1020 1 55.0 57.0 4
1018 1 55.0 57.0 4
1017 1 55.0 57.0 4
1016 1 55.0 57.0 4
1015 1 55.0 57.0 4
1014 1 55.0 57.0 4
1009 1 55.0 57.0 4
1008 1 55.0 57.0 4
1007 1 55.0 57.0 4
1005 1 55.0 57.0 4
1447 1 64.0 61.0 4
1446 1 64.0 61.0 4
1265 1 57.0 72.0 4
1263 1 57.0 72.0 4
1262 1 57.0 72.0 4
1261 1 57.0 72.0 4
1259 1 57.0 72.0 4
1257 1 57.0 72.0 4
1256 1 57.0 72.0 4
1255 1 57.0 72.0 4
1254 1 57.0 72.0 4
1253 1 57.0 72.0 4
1252 1 57.0 72.0 4
1251 1 57.0 72.0 4
1250 1 57.0 72.0 4
1249 1 57.0 72.0 4
1248 1 57.0 72.0 4
1247 1 57.0 72.0 4
1246 1 57.0 72.0 4
1245 1 57.0 72.0 4
1244 1 57.0 72.0 4
1243 1 57.0 72.0 4
1242 1 57.0 72.0 4
1240 1 57.0 72.0 4
1239 1 57.0 72.0 4
1237 1 57.0 72.0 4
1236 1 57.0 72.0 4
1235 1 57.0 72.0 4
1234 1 57.0 72.0 4
1233 1 57.0 72.0 4
1231 1 57.0 72.0 4
1230 1 57.0 72.0 4
1228 1 50.0 70.0 4
1227 1 50.0 70.0 4
1226 1 50.0 70.0 4
1225 1 50.0 70.0 4
1224 1 50.0 70.0 4
1223 1 50.0 70.0 4
748 1 47.0 66.0 4
747 1 47.0 66.0 4
745 1 47.0 66.0 4
744 1 47.0 66.0 4
743 1 47.0 66.0 4
742 1 47.0 66.0 4
740 1 47.0 66.0 4
738 1 47.0 66.0 4
737 1 47.0 66.0 4
736 1 47.0 66.0 4
735 1 47.0 66.0 4
734 1 47.0 66.0 4
733 1 47.0 66.0 4
732 1 47.0 66.0 4
731 1 47.0 66.0 4
729 1 47.0 66.0 4
728 1 47.0 66.0 4
727 1 47.0 66.0 4
726 1 47.0 66.0 4
209 1 40.0 66.0 4
206 1 40.0 66.0 4
205 1 40.0 66.0 4
204 1 40.0 66.0 4
203 1 40.0 66.0 4
202 1 40.0 66.0 4
201 1 40.0 66.0 4
199 1 40.0 66.0 4
198 1 40.0 66.0 4
197 1 40.0 66.0 4
196 1 40.0 66.0 4
195 1 40.0 66.0 4
194 1 40.0 66.0 4
192 1 40.0 66.0 4
191 1 40.0 66.0 4
190 1 40.0 66.0 4
189 1 40.0 66.0 4
188 1 40.0 66.0 4
187 1 40.0 66.0 4
186 1 40.0 66.0 4
615 1 31.0 76.0 4
613 1 31.0 76.0 4
612 1 31.0 76.0 4
611 1 31.0 76.0 4
610 1 31.0 76.0 4
609 1 31.0 76.0 4
608 1 31.0 76.0 4
607 1 31.0 76.0 4
605 1 31.0 76.0 4
604 1 31.0 76.0 4
603 1 31.0 76.0 4
602 1 31.0 76.0 4
601 1 31.0 76.0 4
600 1 31.0 76.0 4
599 1 31.0 76.0 4
598 1 31.0 76.0 4
597 1 31.0 76.0 4
596 1 31.0 76.0 4
595 1 31.0 76.0 4
594 1 31.0 76.0 4
593 1 31.0 76.0 4
591 1 31.0 76.0 4
764 1 30.0 60.0 4
763 1 30.0 60.0 4
760 1 30.0 60.0 4
759 1 30.0 60.0 4
758 1 30.0 60.0 4
756 1 30.0 60.0 4
755 1 30.0 60.0 4
752 1 30.0 60.0 4
751 1 30.0 60.0 4
750 1 30.0 60.0 4
1328 1 35.0 60.0 4
1110 1 40.0 60.0 4
1106 1 40.0 60.0 4
1104 1 40.0 60.0 4
1102 1 40.0 60.0 4
1101 1 40.0 60.0 4
1100 1 40.0 60.0 4
1099 1 40.0 60.0 4
1098 1 40.0 60.0 4
1096 1 40.0 60.0 4
1095 1 40.0 60.0 4
1094 1 40.0 60.0 4
1092 1 40.0 60.0 4
1091 1 40.0 60.0 4
263 1 35.0 51.0 4
262 1 35.0 51.0 4
259 1 35.0 51.0 4
258 1 35.0 51.0 4
256 1 35.0 51.0 4
255 1 35.0 51.0 4
254 1 35.0 51.0 4
252 1 35.0 51.0 4
250 1 35.0 51.0 4
249 1 35.0 51.0 4
-1 0 40.0 40.0 D
417 4 59.0 88.71934509277344 60 2147483647 61
0 0 40.0 40.0 D
798 1 30.0 50.0 4
796 1 30.0 50.0 4
795 1 30.0 50.0 4
794 1 30.0 50.0 4
793 1 30.0 50.0 4
792 1 30.0 50.0 4
791 1 30.0 50.0 4
790 1 30.0 50.0 4
788 1 30.0 50.0 4
787 1 30.0 50.0 4
786 1 30.0 50.0 4
785 1 30.0 50.0 4
784 1 30.0 50.0 4
783 1 30.0 50.0 4
781 1 30.0 50.0 4
780 1 30.0 50.0 4
779 1 30.0 50.0 4
778 1 30.0 50.0 4
777 1 30.0 50.0 4
776 1 30.0 50.0 4
774 1 30.0 50.0 4
773 1 30.0 50.0 4
772 1 30.0 50.0 4
771 1 30.0 50.0 4
770 1 30.0 50.0 4
769 1 30.0 50.0 4
768 1 30.0 50.0 4
767 1 30.0 50.0 4
629 1 22.0 53.0 4
628 1 22.0 53.0 4
627 1 22.0 53.0 4
626 1 22.0 53.0 4
624 1 22.0 53.0 4
623 1 22.0 53.0 4
621 1 22.0 53.0 4
619 1 22.0 53.0 4
618 1 22.0 53.0 4
617 1 22.0 53.0 4
616 1 22.0 53.0 4
1049 1 10.0 70.0 4
1048 1 10.0 70.0 4
1047 1 10.0 70.0 4
1046 1 10.0 70.0 4
1045 1 10.0 70.0 4
1044 1 10.0 70.0 4
1043 1 10.0 70.0 4
1482 1 13.0 68.0 4
491 1 17.0 64.0 4
490 1 17.0 64.0 4
489 1 17.0 64.0 4
487 1 17.0 64.0 4
486 1 17.0 64.0 4
485 1 17.0 64.0 4
484 1 17.0 64.0 4
483 1 17.0 64.0 4
481 1 17.0 64.0 4
480 1 17.0 64.0 4
478 1 17.0 64.0 4
765 1 30.0 60.0 4
-1 0 40.0 40.0 D
418 2 39.0 103.18220520019531 40 2147483647 41
0 0 40.0 40.0 D
185 1 26.0 59.0 2
183 1 26.0 59.0 2
182 1 26.0 59.0 2
181 1 26.0 59.0 2
179 1 26.0 59.0 2
178 1 26.0 59.0 2
177 1 26.0 59.0 2
176 1 26.0 59.0 2
175 1 26.0 59.0 2
173 1 26.0 59.0 2
172 1 26.0 59.0 2
171 1 26.0 59.0 2
170 1 26.0 59.0 2
168 1 26.0 59.0 2
166 1 26.0 59.0 2
165 1 26.0 59.0 2
164 1 26.0 59.0 2
163 1 26.0 59.0 2
162 1 26.0 59.0 2
160 1 26.0 59.0 2
159 1 26.0 59.0 2
158 1 26.0 59.0 2
157 1 26.0 59.0 2
1694 1 20.0 70.0 2
1693 1 20.0 70.0 2
1692 1 20.0 70.0 2
1691 1 20.0 70.0 2
1690 1 20.0 70.0 2
1689 1 20.0 70.0 2
1688 1 20.0 70.0 2
1687 1 20.0 70.0 2
1481 1 13.0 68.0 2
1513 1 2.0 68.0 2
1512 1 2.0 68.0 2
1510 1 2.0 68.0 2
1509 1 2.0 68.0 2
479 1 17.0 64.0 2
789 1 30.0 50.0 2
782 1 30.0 50.0 2
-1 0 40.0 40.0 D
419 2 39.0 94.72434997558594 40 2147483647 41
0 0 40.0 40.0 D
955 1 15.0 56.0 2
1537 1 2.0 68.0 2
1536 1 2.0 68.0 2
1535 1 2.0 68.0 2
1534 1 2.0 68.0 2
1532 1 2.0 68.0 2
1531 1 2.0 68.0 2
1528 1 2.0 68.0 2
1527 1 2.0 68.0 2
1526 1 2.0 68.0 2
1525 1 2.0 68.0 2
1523 1 2.0 68.0 2
1522 1 2.0 68.0 2
1521 1 2.0 68.0 2
1520 1 2.0 68.0 2
1519 1 2.0 68.0 2
1518 1 2.0 68.0 2
1517 1 2.0 68.0 2
1515 1 2.0 68.0 2
1514 1 2.0 68.0 2
1581 1 16.0 56.0 2
1580 1 16.0 56.0 2
1578 1 16.0 56.0 2
1577 1 16.0 56.0 2
1576 1 16.0 56.0 2
1575 1 16.0 56.0 2
1574 1 16.0 56.0 2
1573 1 16.0 56.0 2
1572 1 16.0 56.0 2
1570 1 16.0 56.0 2
1569 1 16.0 56.0 2
1568 1 16.0 56.0 2
1565 1 16.0 56.0 2
1564 1 16.0 56.0 2
1562 1 16.0 56.0 2
1561 1 16.0 56.0 2
1560 1 16.0 56.0 2
634 1 22.0 53.0 2
625 1 22.0 53.0 2
-1 0 40.0 40.0 D
420 4 59.0 82.34524536132812 60 2147483647 61
0 0 40.0 40.0 D
1508 1 33.0 43.0 4
1507 1 33.0 43.0 4
1506 1 33.0 43.0 4
1505 1 33.0 43.0 4
1503 1 33.0 43.0 4
54 1 21.0 45.0 4
52 1 21.0 45.0 4
51 1 21.0 45.0 4
50 1 21.0 45.0 4
47 1 21.0 45.0 4
46 1 21.0 45.0 4
457 1 7.0 43.0 4
456 1 7.0 43.0 4
455 1 7.0 43.0 4
453 1 7.0 43.0 4
452 1 7.0 43.0 4
1538 1 17.0 50.0 4
973 1 15.0 56.0 4
972 1 15.0 56.0 4
971 1 15.0 56.0 4
970 1 15.0 56.0 4
969 1 15.0 56.0 4
966 1 15.0 56.0 4
964 1 15.0 56.0 4
961 1 15.0 56.0 4
960 1 15.0 56.0 4
959 1 15.0 56.0 4
958 1 15.0 56.0 4
957 1 15.0 56.0 4
956 1 15.0 56.0 4
954 1 15.0 56.0 4
953 1 15.0 56.0 4
952 1 15.0 56.0 4
643 1 22.0 53.0 4
642 1 22.0 53.0 4
641 1 22.0 53.0 4
640 1 22.0 53.0 4
639 1 22.0 53.0 4
638 1 22.0 53.0 4
637 1 22.0 53.0 4
636 1 22.0 53.0 4
635 1 22.0 53.0 4
633 1 22.0 53.0 4
632 1 22.0 53.0 4
630 1 22.0 53.0 4
354 1 33.0 44.0 4
352 1 33.0 44.0 4
351 1 33.0 44.0 4
350 1 33.0 44.0 4
348 1 33.0 44.0 4
347 1 33.0 44.0 4
346 1 33.0 44.0 4
345 1 33.0 44.0 4
342 1 33.0 44.0 4
340 1 33.0 44.0 4
339 1 33.0 44.0 4
338 1 33.0 44.0 4
336 1 33.0 44.0 4
335 1 33.0 44.0 4
-1 0 40.0 40.0 D
421 1 19.0 112.48014831542969 20 2147483647 21
0 0 40.0 40.0 D
1050 1 6.0 25.0 1
950 1 12.0 38.0 1
470 1 7.0 43.0 1
454 1 7.0 43.0 1
451 1 7.0 43.0 1
1717 1 4.0 47.0 1
1701 1 4.0 47.0 1
1696 1 4.0 47.0 1
365 1 9.0 56.0 1
359 1 9.0 56.0 1
963 1 15.0 56.0 1
55 1 21.0 45.0 1
49 1 21.0 45.0 1
48 1 21.0 45.0 1
45 1 21.0 45.0 1
353 1 33.0 44.0 1
344 1 33.0 44.0 1
343 1 33.0 44.0 1
341 1 33.0 44.0 1
-1 0 40.0 40.0 D
422 2 39.0 84.70223236083984 40 2147483647 41
0 0 40.0 40.0 D
1504 1 33.0 43.0 2
53 1 21.0 45.0 2
1698 1 4.0 47.0 2
1697 1 4.0 47.0 2
367 1 9.0 56.0 2
366 1 9.0 56.0 2
364 1 9.0 56.0 2
363 1 9.0 56.0 2
362 1 9.0 56.0 2
361 1 9.0 56.0 2
360 1 9.0 56.0 2
358 1 9.0 56.0 2
357 1 9.0 56.0 2
356 1 9.0 56.0 2
355 1 9.0 56.0 2
968 1 15.0 56.0 2
967 1 15.0 56.0 2
965 1 15.0 56.0 2
1540 1 17.0 50.0 2
1539 1 17.0 50.0 2
859 1 21.0 48.0 2
858 1 21.0 48.0 2
857 1 21.0 48.0 2
856 1 21.0 48.0 2
855 1 21.0 48.0 2
854 1 21.0 48.0 2
853 1 21.0 48.0 2
852 1 21.0 48.0 2
851 1 21.0 48.0 2
850 1 21.0 48.0 2
849 1 21.0 48.0 2
848 1 21.0 48.0 2
847 1 21.0 48.0 2
846 1 21.0 48.0 2
845 1 21.0 48.0 2
844 1 21.0 48.0 2
843 1 21.0 48.0 2
349 1 33.0 44.0 2
337 1 33.0 44.0 2
-1 0 40.0 40.0 D
423 2 39.0 101.18864440917969 40 2147483647 41
0 0 40.0 40.0 D
980 1 29.0 39.0 2
979 1 29.0 39.0 2
332 1 21.0 36.0 2
331 1 21.0 36.0 2
330 1 21.0 36.0 2
320 1 21.0 36.0 2
319 1 21.0 36.0 2
316 1 21.0 36.0 2
951 1 12.0 38.0 2
949 1 12.0 38.0 2
948 1 12.0 38.0 2
947 1 12.0 38.0 2
462 1 7.0 43.0 2
1718 1 4.0 47.0 2
1716 1 4.0 47.0 2
1715 1 4.0 47.0 2
1714 1 4.0 47.0 2
1713 1 4.0 47.0 2
1712 1 4.0 47.0 2
1711 1 4.0 47.0 2
1710 1 4.0 47.0 2
1709 1 4.0 47.0 2
1708 1 4.0 47.0 2
1707 1 4.0 47.0 2
1706 1 4.0 47.0 2
1705 1 4.0 47.0 2
1704 1 4.0 47.0 2
1703 1 4.0 47.0 2
1702 1 4.0 47.0 2
1700 1 4.0 47.0 2
1699 1 4.0 47.0 2
1065 1 6.0 25.0 2
1056 1 6.0 25.0 2
1054 1 6.0 25.0 2
659 1 26.0 29.0 2
655 1 26.0 29.0 2
649 1 26.0 29.0 2
647 1 26.0 29.0 2
116 1 33.0 34.0 2
-1 0 40.0 40.0 D
424 4 59.0 89.39039611816406 60 2147483647 61
0 0 40.0 40.0 D
985 1 29.0 39.0 4
984 1 29.0 39.0 4
983 1 29.0 39.0 4
982 1 29.0 39.0 4
981 1 29.0 39.0 4
978 1 29.0 39.0 4
977 1 29.0 39.0 4
976 1 29.0 39.0 4
975 1 29.0 39.0 4
974 1 29.0 39.0 4
334 1 21.0 36.0 4
333 1 21.0 36.0 4
329 1 21.0 36.0 4
328 1 21.0 36.0 4
327 1 21.0 36.0 4
326 1 21.0 36.0 4
325 1 21.0 36.0 4
324 1 21.0 36.0 4
323 1 21.0 36.0 4
322 1 21.0 36.0 4
321 1 21.0 36.0 4
318 1 21.0 36.0 4
317 1 21.0 36.0 4
450 1 11.0 28.0 4
449 1 11.0 28.0 4
448 1 11.0 28.0 4
447 1 11.0 28.0 4
446 1 11.0 28.0 4
445 1 11.0 28.0 4
1067 1 6.0 25.0 4
1064 1 6.0 25.0 4
1063 1 6.0 25.0 4
1062 1 6.0 25.0 4
1061 1 6.0 25.0 4
1060 1 6.0 25.0 4
1058 1 6.0 25.0 4
1057 1 6.0 25.0 4
1055 1 6.0 25.0 4
1053 1 6.0 25.0 4
1052 1 6.0 25.0 4
1051 1 6.0 25.0 4
477 1 7.0 43.0 4
476 1 7.0 43.0 4
475 1 7.0 43.0 4
474 1 7.0 43.0 4
473 1 7.0 43.0 4
472 1 7.0 43.0 4
471 1 7.0 43.0 4
469 1 7.0 43.0 4
468 1 7.0 43.0 4
467 1 7.0 43.0 4
466 1 7.0 43.0 4
465 1 7.0 43.0 4
464 1 7.0 43.0 4
463 1 7.0 43.0 4
461 1 7.0 43.0 4
460 1 7.0 43.0 4
459 1 7.0 43.0 4
458 1 7.0 43.0 4
-1 0 40.0 40.0 D
425 1 19.0 115.45697021484375 20 2147483647 21
0 0 40.0 40.0 D
1179 1 30.0 20.0 1
1176 1 30.0 20.0 1
1172 1 30.0 20.0 1
1170 1 30.0 20.0 1
1169 1 30.0 20.0 1
542 1 35.0 16.0 1
540 1 35.0 16.0 1
1155 1 36.0 6.0 1
1154 1 36.0 6.0 1
438 1 26.0 13.0 1
437 1 26.0 13.0 1
1383 1 22.0 10.0 1
1378 1 22.0 10.0 1
1373 1 22.0 10.0 1
1368 1 22.0 10.0 1
817 1 15.0 14.0 1
1074 1 6.0 25.0 1
1066 1 6.0 25.0 1
1059 1 6.0 25.0 1
-1 0 40.0 40.0 D
426 4 59.0 83.48770141601562 60 2147483647 61
0 0 40.0 40.0 D
109 1 33.0 34.0 4
108 1 33.0 34.0 4
107 1 33.0 34.0 4
670 1 26.0 29.0 4
669 1 26.0 29.0 4
668 1 26.0 29.0 4
667 1 26.0 29.0 4
666 1 26.0 29.0 4
665 1 26.0 29.0 4
664 1 26.0 29.0 4
663 1 26.0 29.0 4
662 1 26.0 29.0 4
661 1 26.0 29.0 4
660 1 26.0 29.0 4
658 1 26.0 29.0 4
657 1 26.0 29.0 4
656 1 26.0 29.0 4
654 1 26.0 29.0 4
653 1 26.0 29.0 4
652 1 26.0 29.0 4
651 1 26.0 29.0 4
650 1 26.0 29.0 4
648 1 26.0 29.0 4
646 1 26.0 29.0 4
645 1 26.0 29.0 4
644 1 26.0 29.0 4
813 1 12.0 17.0 4
812 1 12.0 17.0 4
811 1 12.0 17.0 4
810 1 12.0 17.0 4
809 1 12.0 17.0 4
808 1 12.0 17.0 4
807 1 12.0 17.0 4
806 1 12.0 17.0 4
805 1 12.0 17.0 4
804 1 12.0 17.0 4
803 1 12.0 17.0 4
802 1 12.0 17.0 4
801 1 12.0 17.0 4
800 1 12.0 17.0 4
799 1 12.0 17.0 4
1075 1 6.0 25.0 4
1073 1 6.0 25.0 4
1072 1 6.0 25.0 4
1071 1 6.0 25.0 4
1070 1 6.0 25.0 4
1069 1 6.0 25.0 4
1068 1 6.0 25.0 4
1191 1 20.0 30.0 4
1190 1 20.0 30.0 4
1189 1 20.0 30.0 4
1188 1 20.0 30.0 4
1187 1 20.0 30.0 4
1186 1 20.0 30.0 4
1185 1 20.0 30.0 4
1184 1 20.0 30.0 4
1183 1 20.0 30.0 4
1182 1 20.0 30.0 4
1181 1 20.0 30.0 4
-1 0 40.0 40.0 D
427 4 59.0 89.393310546875 60 2147483647 61
0 0 40.0 40.0 D
1334 1 27.0 24.0 4
1333 1 27.0 24.0 4
1332 1 27.0 24.0 4
1331 1 27.0 24.0 4
1330 1 27.0 24.0 4
1192 1 15.0 5.0 4
824 1 15.0 14.0 4
823 1 15.0 14.0 4
822 1 15.0 14.0 4
821 1 15.0 14.0 4
820 1 15.0 14.0 4
819 1 15.0 14.0 4
818 1 15.0 14.0 4
816 1 15.0 14.0 4
815 1 15.0 14.0 4
814 1 15.0 14.0 4
842 1 16.0 19.0 4
841 1 16.0 19.0 4
840 1 16.0 19.0 4
839 1 16.0 19.0 4
838 1 16.0 19.0 4
837 1 16.0 19.0 4
836 1 16.0 19.0 4
835 1 16.0 19.0 4
834 1 16.0 19.0 4
833 1 16.0 19.0 4
832 1 16.0 19.0 4
831 1 16.0 19.0 4
830 1 16.0 19.0 4
829 1 16.0 19.0 4
828 1 16.0 19.0 4
827 1 16.0 19.0 4
826 1 16.0 19.0 4
825 1 16.0 19.0 4
18 1 22.0 22.0 4
17 1 22.0 22.0 4
15 1 22.0 22.0 4
14 1 22.0 22.0 4
13 1 22.0 22.0 4
12 1 22.0 22.0 4
10 1 22.0 22.0 4
9 1 22.0 22.0 4
8 1 22.0 22.0 4
7 1 22.0 22.0 4
6 1 22.0 22.0 4
3 1 22.0 22.0 4
1 1 22.0 22.0 4
125 1 33.0 34.0 4
124 1 33.0 34.0 4
123 1 33.0 34.0 4
121 1 33.0 34.0 4
120 1 33.0 34.0 4
117 1 33.0 34.0 4
115 1 33.0 34.0 4
114 1 33.0 34.0 4
113 1 33.0 34.0 4
112 1 33.0 34.0 4
111 1 33.0 34.0 4
110 1 33.0 34.0 4
-1 0 40.0 40.0 D
428 2 39.0 88.85762786865234 40 2147483647 41
0 0 40.0 40.0 D
1300 1 38.0 33.0 2
1298 1 38.0 33.0 2
1297 1 38.0 33.0 2
441 1 26.0 13.0 2
1387 1 22.0 10.0 2
1386 1 22.0 10.0 2
1385 1 22.0 10.0 2
1384 1 22.0 10.0 2
1382 1 22.0 10.0 2
1381 1 22.0 10.0 2
1380 1 22.0 10.0 2
1379 1 22.0 10.0 2
1377 1 22.0 10.0 2
1376 1 22.0 10.0 2
1375 1 22.0 10.0 2
1374 1 22.0 10.0 2
1372 1 22.0 10.0 2
1371 1 22.0 10.0 2
1370 1 22.0 10.0 2
1369 1 22.0 10.0 2
1367 1 22.0 10.0 2
1366 1 22.0 10.0 2
1365 1 22.0 10.0 2
1219 1 15.0 5.0 2
1218 1 15.0 5.0 2
1216 1 15.0 5.0 2
1212 1 15.0 5.0 2
1208 1 15.0 5.0 2
1205 1 15.0 5.0 2
1194 1 15.0 5.0 2
16 1 22.0 22.0 2
11 1 22.0 22.0 2
5 1 22.0 22.0 2
4 1 22.0 22.0 2
2 1 22.0 22.0 2
1329 1 27.0 24.0 2
122 1 33.0 34.0 2
119 1 33.0 34.0 2
118 1 33.0 34.0 2
-1 0 40.0 40.0 D
429 4 59.0 87.57453918457031 60 2147483647 61
0 0 40.0 40.0 D
1302 1 38.0 33.0 4
1301 1 38.0 33.0 4
1299 1 38.0 33.0 4
1296 1 38.0 33.0 4
44 1 36.0 26.0 4
43 1 36.0 26.0 4
42 1 36.0 26.0 4
41 1 36.0 26.0 4
40 1 36.0 26.0 4
39 1 36.0 26.0 4
38 1 36.0 26.0 4
37 1 36.0 26.0 4
36 1 36.0 26.0 4
35 1 36.0 26.0 4
34 1 36.0 26.0 4
33 1 36.0 26.0 4
32 1 36.0 26.0 4
31 1 36.0 26.0 4
30 1 36.0 26.0 4
29 1 36.0 26.0 4
28 1 36.0 26.0 4
27 1 36.0 26.0 4
26 1 36.0 26.0 4
25 1 36.0 26.0 4
24 1 36.0 26.0 4
23 1 36.0 26.0 4
22 1 36.0 26.0 4
21 1 36.0 26.0 4
20 1 36.0 26.0 4
19 1 36.0 26.0 4
444 1 26.0 13.0 4
443 1 26.0 13.0 4
442 1 26.0 13.0 4
440 1 26.0 13.0 4
439 1 26.0 13.0 4
436 1 26.0 13.0 4
435 1 26.0 13.0 4
434 1 26.0 13.0 4
433 1 26.0 13.0 4
1217 1 15.0 5.0 4
1215 1 15.0 5.0 4
1214 1 15.0 5.0 4
1213 1 15.0 5.0 4
1211 1 15.0 5.0 4
1210 1 15.0 5.0 4
1209 1 15.0 5.0 4
1207 1 15.0 5.0 4
1206 1 15.0 5.0 4
1204 1 15.0 5.0 4
1203 1 15.0 5.0 4
1202 1 15.0 5.0 4
1201 1 15.0 5.0 4
1200 1 15.0 5.0 4
1199 1 15.0 5.0 4
1198 1 15.0 5.0 4
1197 1 15.0 5.0 4
1196 1 15.0 5.0 4
1195 1 15.0 5.0 4
1193 1 15.0 5.0 4
-1 0 40.0 40.0 D
430 2 39.0 73.3777084350586 40 2147483647 41
0 0 40.0 40.0 D
1165 1 30.0 20.0 2
1164 1 30.0 20.0 2
1163 1 30.0 20.0 2
1180 1 30.0 20.0 2
1178 1 30.0 20.0 2
1177 1 30.0 20.0 2
1175 1 30.0 20.0 2
1174 1 30.0 20.0 2
1173 1 30.0 20.0 2
1171 1 30.0 20.0 2
1168 1 30.0 20.0 2
1167 1 30.0 20.0 2
1166 1 30.0 20.0 2
537 1 35.0 16.0 2
1160 1 36.0 6.0 2
1151 1 36.0 6.0 2
1741 1 39.0 17.0 2
1740 1 39.0 17.0 2
1737 1 39.0 17.0 2
1735 1 39.0 17.0 2
1734 1 39.0 17.0 2
1733 1 39.0 17.0 2
1732 1 39.0 17.0 2
1731 1 39.0 17.0 2
1729 1 39.0 17.0 2
1728 1 39.0 17.0 2
1727 1 39.0 17.0 2
1726 1 39.0 17.0 2
1725 1 39.0 17.0 2
1724 1 39.0 17.0 2
1723 1 39.0 17.0 2
1721 1 39.0 17.0 2
1720 1 39.0 17.0 2
1719 1 39.0 17.0 2
1340 1 40.0 20.0 2
1339 1 40.0 20.0 2
1338 1 40.0 20.0 2
1337 1 40.0 20.0 2
1335 1 40.0 20.0 2
-1 0 40.0 40.0 D
431 4 59.0 72.5538558959961 60 2147483647 61
0 0 40.0 40.0 D
1363 1 40.0 37.0 4
1362 1 40.0 37.0 4
1361 1 40.0 37.0 4
1360 1 40.0 37.0 4
1359 1 40.0 37.0 4
1358 1 40.0 37.0 4
1354 1 40.0 37.0 4
1353 1 40.0 37.0 4
1352 1 40.0 37.0 4
1350 1 40.0 37.0 4
1349 1 40.0 37.0 4
1347 1 40.0 37.0 4
1345 1 40.0 37.0 4
411 1 44.0 13.0 4
410 1 44.0 13.0 4
409 1 44.0 13.0 4
408 1 44.0 13.0 4
407 1 44.0 13.0 4
406 1 44.0 13.0 4
405 1 44.0 13.0 4
1162 1 36.0 6.0 4
1161 1 36.0 6.0 4
1159 1 36.0 6.0 4
1158 1 36.0 6.0 4
1157 1 36.0 6.0 4
1153 1 36.0 6.0 4
1152 1 36.0 6.0 4
1150 1 36.0 6.0 4
1149 1 36.0 6.0 4
1148 1 36.0 6.0 4
555 1 35.0 16.0 4
554 1 35.0 16.0 4
553 1 35.0 16.0 4
552 1 35.0 16.0 4
551 1 35.0 16.0 4
550 1 35.0 16.0 4
549 1 35.0 16.0 4
548 1 35.0 16.0 4
547 1 35.0 16.0 4
546 1 35.0 16.0 4
545 1 35.0 16.0 4
544 1 35.0 16.0 4
543 1 35.0 16.0 4
541 1 35.0 16.0 4
539 1 35.0 16.0 4
538 1 35.0 16.0 4
536 1 35.0 16.0 4
535 1 35.0 16.0 4
534 1 35.0 16.0 4
533 1 35.0 16.0 4
532 1 35.0 16.0 4
531 1 35.0 16.0 4
530 1 35.0 16.0 4
529 1 35.0 16.0 4
528 1 35.0 16.0 4
527 1 35.0 16.0 4
1305 1 38.0 33.0 4
1304 1 38.0 33.0 4
1303 1 38.0 33.0 4
-1 0 40.0 40.0 D
432 1 19.0 78.87495422363281 20 2147483647 21
0 0 40.0 40.0 D
1364 1 40.0 37.0 1
1356 1 40.0 37.0 1
1355 1 40.0 37.0 1
1342 1 40.0 20.0 1
1341 1 40.0 20.0 1
1336 1 40.0 20.0 1
1742 1 39.0 17.0 1
1739 1 39.0 17.0 1
1738 1 39.0 17.0 1
1736 1 39.0 17.0 1
1730 1 39.0 17.0 1
1722 1 39.0 17.0 1
1156 1 36.0 6.0 1
416 1 44.0 13.0 1
414 1 44.0 13.0 1
925 1 50.0 15.0 1
911 1 50.0 15.0 1
587 1 43.0 26.0 1
586 1 43.0 26.0 1
-1 0 40.0 40.0 D
433 2 39.0 106.40213012695312 40 2147483647 41
0 0 40.0 40.0 D
1357 1 40.0 37.0 2
1351 1 40.0 37.0 2
1348 1 40.0 37.0 2
1346 1 40.0 37.0 2
572 1 43.0 26.0 2
1344 1 40.0 20.0 2
1343 1 40.0 20.0 2
419 1 44.0 13.0 2
413 1 44.0 13.0 2
926 1 50.0 15.0 2
924 1 50.0 15.0 2
923 1 50.0 15.0 2
922 1 50.0 15.0 2
921 1 50.0 15.0 2
920 1 50.0 15.0 2
919 1 50.0 15.0 2
918 1 50.0 15.0 2
917 1 50.0 15.0 2
916 1 50.0 15.0 2
915 1 50.0 15.0 2
914 1 50.0 15.0 2
913 1 50.0 15.0 2
912 1 50.0 15.0 2
910 1 50.0 15.0 2
909 1 50.0 15.0 2
908 1 50.0 15.0 2
1311 1 50.0 4.0 2
1309 1 50.0 4.0 2
1326 1 59.0 5.0 2
1147 1 64.0 4.0 2
1144 1 64.0 4.0 2
1143 1 64.0 4.0 2
1141 1 64.0 4.0 2
1317 1 66.0 8.0 2
106 1 55.0 20.0 2
103 1 55.0 20.0 2
101 1 55.0 20.0 2
96 1 55.0 20.0 2
89 1 55.0 20.0 2
-1 0 40.0 40.0 D
434 4 47.0 63.748905181884766 60 2147483647 49
0 0 40.0 40.0 D
276 1 62.0 35.0 4
275 1 62.0 35.0 4
274 1 62.0 35.0 4
273 1 62.0 35.0 4
272 1 62.0 35.0 4
271 1 62.0 35.0 4
270 1 62.0 35.0 4
268 1 62.0 35.0 4
267 1 62.0 35.0 4
266 1 62.0 35.0 4
265 1 62.0 35.0 4
944 1 48.0 21.0 4
943 1 48.0 21.0 4
942 1 48.0 21.0 4
941 1 48.0 21.0 4
940 1 48.0 21.0 4
939 1 48.0 21.0 4
938 1 48.0 21.0 4
937 1 48.0 21.0 4
936 1 48.0 21.0 4
934 1 48.0 21.0 4
933 1 48.0 21.0 4
932 1 48.0 21.0 4
931 1 48.0 21.0 4
930 1 48.0 21.0 4
929 1 48.0 21.0 4
928 1 48.0 21.0 4
927 1 48.0 21.0 4
590 1 43.0 26.0 4
589 1 43.0 26.0 4
588 1 43.0 26.0 4
585 1 43.0 26.0 4
584 1 43.0 26.0 4
583 1 43.0 26.0 4
582 1 43.0 26.0 4
581 1 43.0 26.0 4
580 1 43.0 26.0 4
579 1 43.0 26.0 4
578 1 43.0 26.0 4
577 1 43.0 26.0 4
576 1 43.0 26.0 4
575 1 43.0 26.0 4
574 1 43.0 26.0 4
573 1 43.0 26.0 4
571 1 43.0 26.0 4
570 1 43.0 26.0 4
569 1 43.0 26.0 4
-1 0 40.0 40.0 D
435 1 19.0 95.59896850585938 20 2147483647 21
0 0 40.0 40.0 D
83 1 45.0 35.0 1
63 1 45.0 35.0 1
61 1 45.0 35.0 1
879 1 50.0 30.0 1
877 1 50.0 30.0 1
871 1 50.0 30.0 1
862 1 50.0 30.0 1
95 1 55.0 20.0 1
93 1 55.0 20.0 1
92 1 55.0 20.0 1
393 1 66.0 14.0 1
389 1 66.0 14.0 1
384 1 66.0 14.0 1
1744 1 70.0 11.0 1
1327 1 59.0 5.0 1
1325 1 59.0 5.0 1
705 1 54.0 10.0 1
946 1 48.0 21.0 1
935 1 48.0 21.0 1
-1 0 40.0 40.0 D
436 4 59.0 90.71743774414062 60 2147483647 61
0 0 40.0 40.0 D
556 1 52.0 26.0 4
105 1 55.0 20.0 4
104 1 55.0 20.0 4
102 1 55.0 20.0 4
100 1 55.0 20.0 4
99 1 55.0 20.0 4
98 1 55.0 20.0 4
97 1 55.0 20.0 4
94 1 55.0 20.0 4
91 1 55.0 20.0 4
90 1 55.0 20.0 4
88 1 55.0 20.0 4
87 1 55.0 20.0 4
86 1 55.0 20.0 4
725 1 60.0 15.0 4
724 1 60.0 15.0 4
723 1 60.0 15.0 4
722 1 60.0 15.0 4
721 1 60.0 15.0 4
720 1 60.0 15.0 4
719 1 60.0 15.0 4
718 1 60.0 15.0 4
717 1 60.0 15.0 4
716 1 60.0 15.0 4
715 1 60.0 15.0 4
714 1 60.0 15.0 4
713 1 60.0 15.0 4
712 1 60.0 15.0 4
1324 1 66.0 8.0 4
1323 1 66.0 8.0 4
1322 1 66.0 8.0 4
1321 1 66.0 8.0 4
1320 1 66.0 8.0 4
1319 1 66.0 8.0 4
1318 1 66.0 8.0 4
1316 1 66.0 8.0 4
1315 1 66.0 8.0 4
1314 1 66.0 8.0 4
1146 1 64.0 4.0 4
1145 1 64.0 4.0 4
1142 1 64.0 4.0 4
1140 1 64.0 4.0 4
1139 1 64.0 4.0 4
1138 1 64.0 4.0 4
1137 1 64.0 4.0 4
1136 1 64.0 4.0 4
1135 1 64.0 4.0 4
711 1 54.0 10.0 4
710 1 54.0 10.0 4
709 1 54.0 10.0 4
708 1 54.0 10.0 4
707 1 54.0 10.0 4
706 1 54.0 10.0 4
704 1 54.0 10.0 4
703 1 54.0 10.0 4
702 1 54.0 10.0 4
701 1 54.0 10.0 4
700 1 54.0 10.0 4
945 1 48.0 21.0 4
-1 0 40.0 40.0 D
437 4 58.0 101.17913818359375 60 2147483647 60
0 0 40.0 40.0 D
432 1 44.0 13.0 4
431 1 44.0 13.0 4
430 1 44.0 13.0 4
429 1 44.0 13.0 4
428 1 44.0 13.0 4
427 1 44.0 13.0 4
426 1 44.0 13.0 4
425 1 44.0 13.0 4
424 1 44.0 13.0 4
423 1 44.0 13.0 4
422 1 44.0 13.0 4
421 1 44.0 13.0 4
420 1 44.0 13.0 4
418 1 44.0 13.0 4
417 1 44.0 13.0 4
415 1 44.0 13.0 4
412 1 44.0 13.0 4
1313 1 50.0 4.0 4
1312 1 50.0 4.0 4
1310 1 50.0 4.0 4
1308 1 50.0 4.0 4
1307 1 50.0 4.0 4
1306 1 50.0 4.0 4
1755 1 70.0 11.0 4
1754 1 70.0 11.0 4
1752 1 70.0 11.0 4
1751 1 70.0 11.0 4
1749 1 70.0 11.0 4
1748 1 70.0 11.0 4
1747 1 70.0 11.0 4
1746 1 70.0 11.0 4
404 1 66.0 14.0 4
403 1 66.0 14.0 4
402 1 66.0 14.0 4
401 1 66.0 14.0 4
400 1 66.0 14.0 4
399 1 66.0 14.0 4
398 1 66.0 14.0 4
397 1 66.0 14.0 4
396 1 66.0 14.0 4
394 1 66.0 14.0 4
392 1 66.0 14.0 4
391 1 66.0 14.0 4
390 1 66.0 14.0 4
388 1 66.0 14.0 4
387 1 66.0 14.0 4
386 1 66.0 14.0 4
383 1 66.0 14.0 4
568 1 52.0 26.0 4
567 1 52.0 26.0 4
566 1 52.0 26.0 4
565 1 52.0 26.0 4
564 1 52.0 26.0 4
562 1 52.0 26.0 4
561 1 52.0 26.0 4
560 1 52.0 26.0 4
559 1 52.0 26.0 4
557 1 52.0 26.0 4
-1 0 40.0 40.0 D
438 2 39.0 91.38385772705078 40 2147483647 41
0 0 40.0 40.0 D
1089 1 65.0 27.0 2
1088 1 65.0 27.0 2
1087 1 65.0 27.0 2
1086 1 65.0 27.0 2
1085 1 65.0 27.0 2
1084 1 65.0 27.0 2
1083 1 65.0 27.0 2
1082 1 65.0 27.0 2
1079 1 65.0 27.0 2
1078 1 65.0 27.0 2
1077 1 65.0 27.0 2
1076 1 65.0 27.0 2
1584 1 69.0 28.0 2
1582 1 69.0 28.0 2
1745 1 70.0 11.0 2
1743 1 70.0 11.0 2
395 1 66.0 14.0 2
385 1 66.0 14.0 2
563 1 52.0 26.0 2
558 1 52.0 26.0 2
880 1 50.0 30.0 2
878 1 50.0 30.0 2
876 1 50.0 30.0 2
875 1 50.0 30.0 2
874 1 50.0 30.0 2
873 1 50.0 30.0 2
872 1 50.0 30.0 2
870 1 50.0 30.0 2
869 1 50.0 30.0 2
868 1 50.0 30.0 2
867 1 50.0 30.0 2
866 1 50.0 30.0 2
865 1 50.0 30.0 2
864 1 50.0 30.0 2
863 1 50.0 30.0 2
861 1 50.0 30.0 2
860 1 50.0 30.0 2
76 1 45.0 35.0 2
65 1 45.0 35.0 2
-1 0 40.0 40.0 D
439 1 17.0 98.1744384765625 20 2147483647 19
0 0 40.0 40.0 D
524 1 55.0 34.0 1
520 1 55.0 34.0 1
519 1 55.0 34.0 1
308 1 62.0 24.0 1
1753 1 70.0 11.0 1
1750 1 70.0 11.0 1
1604 1 69.0 28.0 1
1599 1 69.0 28.0 1
1597 1 69.0 28.0 1
1583 1 69.0 28.0 1
1081 1 65.0 27.0 1
1080 1 65.0 27.0 1
1660 1 63.0 37.0 1
1659 1 63.0 37.0 1
1653 1 63.0 37.0 1
1004 1 54.0 38.0 1
992 1 54.0 38.0 1
-1 0 40.0 40.0 D
440 4 57.0 65.56072998046875 60 2147483647 59
0 0 40.0 40.0 D
85 1 45.0 35.0 4
84 1 45.0 35.0 4
82 1 45.0 35.0 4
81 1 45.0 35.0 4
80 1 45.0 35.0 4
79 1 45.0 35.0 4
78 1 45.0 35.0 4
77 1 45.0 35.0 4
75 1 45.0 35.0 4
74 1 45.0 35.0 4
73 1 45.0 35.0 4
72 1 45.0 35.0 4
71 1 45.0 35.0 4
70 1 45.0 35.0 4
69 1 45.0 35.0 4
68 1 45.0 35.0 4
67 1 45.0 35.0 4
66 1 45.0 35.0 4
64 1 45.0 35.0 4
62 1 45.0 35.0 4
60 1 45.0 35.0 4
59 1 45.0 35.0 4
58 1 45.0 35.0 4
57 1 45.0 35.0 4
56 1 45.0 35.0 4
523 1 55.0 34.0 4
522 1 55.0 34.0 4
518 1 55.0 34.0 4
517 1 55.0 34.0 4
516 1 55.0 34.0 4
514 1 55.0 34.0 4
512 1 55.0 34.0 4
511 1 55.0 34.0 4
510 1 55.0 34.0 4
315 1 62.0 24.0 4
314 1 62.0 24.0 4
313 1 62.0 24.0 4
312 1 62.0 24.0 4
311 1 62.0 24.0 4
310 1 62.0 24.0 4
309 1 62.0 24.0 4
1669 1 63.0 37.0 4
1667 1 63.0 37.0 4
1666 1 63.0 37.0 4
1665 1 63.0 37.0 4
1664 1 63.0 37.0 4
1663 1 63.0 37.0 4
1662 1 63.0 37.0 4
1661 1 63.0 37.0 4
1658 1 63.0 37.0 4
1657 1 63.0 37.0 4
1656 1 63.0 37.0 4
1655 1 63.0 37.0 4
1652 1 63.0 37.0 4
1651 1 63.0 37.0 4
1650 1 63.0 37.0 4
1649 1 63.0 37.0 4
-1 0 40.0 40.0 D
441 2 28.0 55.02197265625 40 2147483647 30
0 0 40.0 40.0 D
904 1 51.0 42.0 2
902 1 51.0 42.0 2
899 1 51.0 42.0 2
892 1 51.0 42.0 2
882 1 51.0 42.0 2
154 1 55.0 45.0 2
147 1 55.0 45.0 2
146 1 55.0 45.0 2
143 1 55.0 45.0 2
999 1 54.0 38.0 2
998 1 54.0 38.0 2
997 1 54.0 38.0 2
996 1 54.0 38.0 2
995 1 54.0 38.0 2
994 1 54.0 38.0 2
993 1 54.0 38.0 2
991 1 54.0 38.0 2
990 1 54.0 38.0 2
989 1 54.0 38.0 2
988 1 54.0 38.0 2
987 1 54.0 38.0 2
986 1 54.0 38.0 2
269 1 62.0 35.0 2
526 1 55.0 34.0 2
525 1 55.0 34.0 2
521 1 55.0 34.0 2
515 1 55.0 34.0 2
513 1 55.0 34.0 2
-1 0 40.0 40.0 D
442 2 34.0 108.50480651855469 40 2147483647 36
0 0 40.0 40.0 D
1107 1 40.0 60.0 2
1105 1 40.0 60.0 2
1097 1 40.0 60.0 2
1093 1 40.0 60.0 2
697 1 55.0 50.0 2
691 1 55.0 50.0 2
377 1 62.0 48.0 2
1607 1 69.0 28.0 2
1606 1 69.0 28.0 2
1605 1 69.0 28.0 2
1603 1 69.0 28.0 2
1602 1 69.0 28.0 2
1601 1 69.0 28.0 2
1600 1 69.0 28.0 2
1598 1 69.0 28.0 2
1596 1 69.0 28.0 2
1595 1 69.0 28.0 2
1594 1 69.0 28.0 2
1593 1 69.0 28.0 2
1592 1 69.0 28.0 2
1591 1 69.0 28.0 2
1590 1 69.0 28.0 2
1589 1 69.0 28.0 2
1588 1 69.0 28.0 2
1587 1 69.0 28.0 2
1586 1 69.0 28.0 2
1585 1 69.0 28.0 2
1033 1 67.0 41.0 2
1668 1 63.0 37.0 2
1654 1 63.0 37.0 2
1003 1 54.0 38.0 2
1002 1 54.0 38.0 2
1001 1 54.0 38.0 2
1000 1 54.0 38.0 2
-1 0 40.0 40.0 D
