File: p05 Num Depots: 1 Num Pick Up Points: 94 Num Trucks: 6Processing Time: 74 seconds
Total Demand = 1755.00| Total Distance = 3145.34| Total Travel Time = 2359.01| Total Cost = $2010.88|

Truck #408 MaxCap: 20 Demand: 19.0 ROUTE:0 1282 1276 1273 1271 1266 1500 1493 1491 1490 1485 1483 698 1645 1629 1623 1615 369 150 687 -1 
Truck #409 MaxCap: 40 Demand: 39.0 ROUTE:0 132 306 285 1436 1434 1430 1428 1422 1420 1134 1123 1120 1114 1112 1111 1415 1414 1409 1408 1406 1395 1388 1468 1458 246 244 242 239 236 225 217 215 212 1019 1013 1011 1552 1549 1547 -1 
Truck #410 MaxCap: 60 Demand: 59.0 ROUTE:0 503 501 500 495 1109 1108 1103 1090 211 208 207 200 741 1222 1221 1220 1241 1238 1232 1229 1478 606 592 1695 1673 1672 1671 488 482 1533 1530 1529 1524 1516 1511 962 1579 1571 1567 1566 1563 1559 1558 631 622 620 184 180 174 169 167 161 762 761 754 797 775 766 251 -1 
Truck #411 MaxCap: 40 Demand: 28.0 ROUTE:0 1293 1292 1291 1290 1289 1288 1287 1286 1285 1284 1283 1281 1280 1279 1278 1277 1275 1274 1272 1270 1269 1268 1267 686 685 674 673 672 -1 
Truck #412 MaxCap: 80 Demand: 77.0 ROUTE:0 131 129 126 1023 1012 1010 1006 214 213 1419 1418 1417 1416 1413 1412 1411 1410 1407 1405 1404 1403 1402 1401 1400 1399 1398 1397 1396 1394 1393 1392 1391 1390 1389 1133 1132 1131 1130 1129 1128 1127 1126 1125 1124 1122 1121 1119 1118 1117 1116 1115 1113 1435 1426 287 282 280 1618 1639 1637 1624 1502 1501 1499 1498 1497 1496 1495 1494 1492 1489 1488 1487 1486 1484 1295 1294 -1 
Truck #413 MaxCap: 120 Demand: 115.0 ROUTE:0 509 508 507 506 505 504 502 499 498 497 496 494 493 492 1557 1556 1555 1554 1553 1551 1550 1548 1546 1545 1544 1543 1542 1541 248 247 245 243 241 240 238 237 235 234 233 232 231 230 229 228 227 226 224 223 222 221 220 219 218 216 1264 1260 1258 1480 1479 1477 1476 1475 1474 1473 1472 1471 1470 1469 1467 1466 1465 1464 1463 1462 1461 1460 1459 1457 1456 1455 1454 1453 1452 1451 1450 1449 1448 749 746 739 730 210 193 614 1686 1685 1684 1683 1682 1681 1680 1679 1678 1677 1676 1675 1674 1670 757 753 264 261 260 257 253 -1 
Truck #414 MaxCap: 60 Demand: 59.0 ROUTE:0 907 906 905 903 901 900 898 897 896 895 894 893 891 890 889 888 887 886 885 884 883 881 153 152 151 149 148 145 144 142 141 1042 1041 1040 1039 1038 1037 1036 1035 1034 1032 1031 1030 1029 1028 1027 689 688 684 683 682 681 680 679 678 677 676 675 671 -1 
Truck #415 MaxCap: 100 Demand: 99.0 ROUTE:0 699 696 695 694 693 692 690 1648 1647 1646 1644 1643 1642 1641 1640 1638 1636 1635 1634 1633 1632 1631 1630 1628 1627 1626 1625 1622 1621 307 305 304 303 302 301 300 299 298 297 296 295 294 293 292 291 290 289 288 286 284 283 281 279 278 277 1445 1444 1443 1442 1441 1440 1439 1438 1437 1433 1432 1431 1429 1427 1425 1424 1423 1421 1620 1619 1617 1616 1614 1613 1612 1611 1610 1609 1608 382 381 380 379 378 376 375 374 373 372 371 370 368 156 155 -1 
Truck #416 MaxCap: 160 Demand: 159.0 ROUTE:0 140 139 138 137 136 135 134 133 130 128 127 1026 1025 1024 1022 1021 1020 1018 1017 1016 1015 1014 1009 1008 1007 1005 1447 1446 1265 1263 1262 1261 1259 1257 1256 1255 1254 1253 1252 1251 1250 1249 1248 1247 1246 1245 1244 1243 1242 1240 1239 1237 1236 1235 1234 1233 1231 1230 1228 1227 1226 1225 1224 1223 748 747 745 744 743 742 740 738 737 736 735 734 733 732 731 729 728 727 726 209 206 205 204 203 202 201 199 198 197 196 195 194 192 191 190 189 188 187 186 615 613 612 611 610 609 608 607 605 604 603 602 601 600 599 598 597 596 595 594 593 591 764 763 760 759 758 756 755 752 751 750 1328 1110 1106 1104 1102 1101 1100 1099 1098 1096 1095 1094 1092 1091 263 262 259 258 256 255 254 252 250 249 -1 
Truck #417 MaxCap: 60 Demand: 59.0 ROUTE:0 798 796 795 794 793 792 791 790 788 787 786 785 784 783 781 780 779 778 777 776 774 773 772 771 770 769 768 767 629 628 627 626 624 623 621 619 618 617 616 1049 1048 1047 1046 1045 1044 1043 1482 491 490 489 487 486 485 484 483 481 480 478 765 -1 
Truck #418 MaxCap: 40 Demand: 39.0 ROUTE:0 185 183 182 181 179 178 177 176 175 173 172 171 170 168 166 165 164 163 162 160 159 158 157 1694 1693 1692 1691 1690 1689 1688 1687 1481 1513 1512 1510 1509 479 789 782 -1 
Truck #419 MaxCap: 40 Demand: 39.0 ROUTE:0 955 1537 1536 1535 1534 1532 1531 1528 1527 1526 1525 1523 1522 1521 1520 1519 1518 1517 1515 1514 1581 1580 1578 1577 1576 1575 1574 1573 1572 1570 1569 1568 1565 1564 1562 1561 1560 634 625 -1 
Truck #420 MaxCap: 60 Demand: 59.0 ROUTE:0 1508 1507 1506 1505 1503 54 52 51 50 47 46 457 456 455 453 452 1538 973 972 971 970 969 966 964 961 960 959 958 957 956 954 953 952 643 642 641 640 639 638 637 636 635 633 632 630 354 352 351 350 348 347 346 345 342 340 339 338 336 335 -1 
Truck #421 MaxCap: 20 Demand: 19.0 ROUTE:0 1050 950 470 454 451 1717 1701 1696 365 359 963 55 49 48 45 353 344 343 341 -1 
Truck #422 MaxCap: 40 Demand: 39.0 ROUTE:0 1504 53 1698 1697 367 366 364 363 362 361 360 358 357 356 355 968 967 965 1540 1539 859 858 857 856 855 854 853 852 851 850 849 848 847 846 845 844 843 349 337 -1 
Truck #423 MaxCap: 40 Demand: 39.0 ROUTE:0 980 979 332 331 330 320 319 316 951 949 948 947 462 1718 1716 1715 1714 1713 1712 1711 1710 1709 1708 1707 1706 1705 1704 1703 1702 1700 1699 1065 1056 1054 659 655 649 647 116 -1 
Truck #424 MaxCap: 60 Demand: 59.0 ROUTE:0 985 984 983 982 981 978 977 976 975 974 334 333 329 328 327 326 325 324 323 322 321 318 317 450 449 448 447 446 445 1067 1064 1063 1062 1061 1060 1058 1057 1055 1053 1052 1051 477 476 475 474 473 472 471 469 468 467 466 465 464 463 461 460 459 458 -1 
Truck #425 MaxCap: 20 Demand: 19.0 ROUTE:0 1179 1176 1172 1170 1169 542 540 1155 1154 438 437 1383 1378 1373 1368 817 1074 1066 1059 -1 
Truck #426 MaxCap: 60 Demand: 59.0 ROUTE:0 109 108 107 670 669 668 667 666 665 664 663 662 661 660 658 657 656 654 653 652 651 650 648 646 645 644 813 812 811 810 809 808 807 806 805 804 803 802 801 800 799 1075 1073 1072 1071 1070 1069 1068 1191 1190 1189 1188 1187 1186 1185 1184 1183 1182 1181 -1 
Truck #427 MaxCap: 60 Demand: 59.0 ROUTE:0 1334 1333 1332 1331 1330 1192 824 823 822 821 820 819 818 816 815 814 842 841 840 839 838 837 836 835 834 833 832 831 830 829 828 827 826 825 18 17 15 14 13 12 10 9 8 7 6 3 1 125 124 123 121 120 117 115 114 113 112 111 110 -1 
Truck #428 MaxCap: 40 Demand: 39.0 ROUTE:0 1300 1298 1297 441 1387 1386 1385 1384 1382 1381 1380 1379 1377 1376 1375 1374 1372 1371 1370 1369 1367 1366 1365 1219 1218 1216 1212 1208 1205 1194 16 11 5 4 2 1329 122 119 118 -1 
Truck #429 MaxCap: 60 Demand: 59.0 ROUTE:0 1302 1301 1299 1296 44 43 42 41 40 39 38 37 36 35 34 33 32 31 30 29 28 27 26 25 24 23 22 21 20 19 444 443 442 440 439 436 435 434 433 1217 1215 1214 1213 1211 1210 1209 1207 1206 1204 1203 1202 1201 1200 1199 1198 1197 1196 1195 1193 -1 
Truck #430 MaxCap: 40 Demand: 39.0 ROUTE:0 1165 1164 1163 1180 1178 1177 1175 1174 1173 1171 1168 1167 1166 537 1160 1151 1741 1740 1737 1735 1734 1733 1732 1731 1729 1728 1727 1726 1725 1724 1723 1721 1720 1719 1340 1339 1338 1337 1335 -1 
Truck #431 MaxCap: 60 Demand: 59.0 ROUTE:0 1363 1362 1361 1360 1359 1358 1354 1353 1352 1350 1349 1347 1345 411 410 409 408 407 406 405 1162 1161 1159 1158 1157 1153 1152 1150 1149 1148 555 554 553 552 551 550 549 548 547 546 545 544 543 541 539 538 536 535 534 533 532 531 530 529 528 527 1305 1304 1303 -1 
Truck #432 MaxCap: 20 Demand: 19.0 ROUTE:0 1364 1356 1355 1342 1341 1336 1742 1739 1738 1736 1730 1722 1156 416 414 925 911 587 586 -1 
Truck #433 MaxCap: 40 Demand: 39.0 ROUTE:0 1357 1351 1348 1346 572 1344 1343 419 413 926 924 923 922 921 920 919 918 917 916 915 914 913 912 910 909 908 1311 1309 1326 1147 1144 1143 1141 1317 106 103 101 96 89 -1 
Truck #434 MaxCap: 60 Demand: 47.0 ROUTE:0 276 275 274 273 272 271 270 268 267 266 265 944 943 942 941 940 939 938 937 936 934 933 932 931 930 929 928 927 590 589 588 585 584 583 582 581 580 579 578 577 576 575 574 573 571 570 569 -1 
Truck #435 MaxCap: 20 Demand: 19.0 ROUTE:0 83 63 61 879 877 871 862 95 93 92 393 389 384 1744 1327 1325 705 946 935 -1 
Truck #436 MaxCap: 60 Demand: 59.0 ROUTE:0 556 105 104 102 100 99 98 97 94 91 90 88 87 86 725 724 723 722 721 720 719 718 717 716 715 714 713 712 1324 1323 1322 1321 1320 1319 1318 1316 1315 1314 1146 1145 1142 1140 1139 1138 1137 1136 1135 711 710 709 708 707 706 704 703 702 701 700 945 -1 
Truck #437 MaxCap: 60 Demand: 58.0 ROUTE:0 432 431 430 429 428 427 426 425 424 423 422 421 420 418 417 415 412 1313 1312 1310 1308 1307 1306 1755 1754 1752 1751 1749 1748 1747 1746 404 403 402 401 400 399 398 397 396 394 392 391 390 388 387 386 383 568 567 566 565 564 562 561 560 559 557 -1 
Truck #438 MaxCap: 40 Demand: 39.0 ROUTE:0 1089 1088 1087 1086 1085 1084 1083 1082 1079 1078 1077 1076 1584 1582 1745 1743 395 385 563 558 880 878 876 875 874 873 872 870 869 868 867 866 865 864 863 861 860 76 65 -1 
Truck #439 MaxCap: 20 Demand: 17.0 ROUTE:0 524 520 519 308 1753 1750 1604 1599 1597 1583 1081 1080 1660 1659 1653 1004 992 -1 
Truck #440 MaxCap: 60 Demand: 57.0 ROUTE:0 85 84 82 81 80 79 78 77 75 74 73 72 71 70 69 68 67 66 64 62 60 59 58 57 56 523 522 518 517 516 514 512 511 510 315 314 313 312 311 310 309 1669 1667 1666 1665 1664 1663 1662 1661 1658 1657 1656 1655 1652 1651 1650 1649 -1 
Truck #441 MaxCap: 40 Demand: 28.0 ROUTE:0 904 902 899 892 882 154 147 146 143 999 998 997 996 995 994 993 991 990 989 988 987 986 269 526 525 521 515 513 -1 
Truck #442 MaxCap: 40 Demand: 34.0 ROUTE:0 1107 1105 1097 1093 697 691 377 1607 1606 1605 1603 1602 1601 1600 1598 1596 1595 1594 1593 1592 1591 1590 1589 1588 1587 1586 1585 1033 1668 1654 1003 1002 1001 1000 -1 


Inital Solution 0 changes  totQ=1755.00 totD=3275.22 $2022.18
Local One Opt 45 changes  totQ=1755.00 totD=3176.60 $2013.72
Local Two Opt 14 changes  totQ=1755.00 totD=3165.60 $2013.08
Local Three Opt 1 changes  totQ=1755.00 totD=3163.77 $2012.78
K-Two Forward 0 changes  totQ=1755.00 totD=3163.77 $2012.78
K-Two Reverse 0 changes  totQ=1755.00 totD=3163.77 $2012.78
K-Three Forward 0 changes  totQ=1755.00 totD=3163.77 $2012.78
K-Three Reverse 0 changes  totQ=1755.00 totD=3163.77 $2012.78
Exchange 01 7 changes  totQ=1755.00 totD=3168.72 $2012.28
Exchange 01 0 changes  totQ=1755.00 totD=3168.72 $2012.28
Exchange 11 1 changes  totQ=1755.00 totD=3168.72 $2012.28
Exchange 02 0 changes  totQ=1755.00 totD=3168.72 $2012.28
Exchange 20 0 changes  totQ=1755.00 totD=3168.72 $2012.28
Exchange 12 2 changes  totQ=1755.00 totD=3145.34 $2010.88
Exchange 21 0 changes  totQ=1755.00 totD=3145.34 $2010.88
Exchange 22 0 changes  totQ=1755.00 totD=3145.34 $2010.88
Combination 0 changes  totQ=1755.00 totD=3145.34 $2010.88
Reduction 0 changes  totQ=1755.00 totD=3145.34 $2010.88
Reallocation 0 changes  totQ=1755.00 totD=3145.34 $2010.88
Relax/Combine 0 changes  totQ=1755.00 totD=3145.34 $2010.88
Sharing 0 changes  totQ=1755.00 totD=3145.34 $2010.88
Relax/Share 0 changes  totQ=1755.00 totD=3145.34 $2010.88
