1755
1 4 1 22.0 22.0 1
2 2 1 22.0 22.0 1
3 4 1 22.0 22.0 1
4 2 1 22.0 22.0 1
5 2 1 22.0 22.0 1
6 4 1 22.0 22.0 1
7 4 1 22.0 22.0 1
8 4 1 22.0 22.0 1
9 4 1 22.0 22.0 1
10 4 1 22.0 22.0 1
11 2 1 22.0 22.0 1
12 4 1 22.0 22.0 1
13 4 1 22.0 22.0 1
14 4 1 22.0 22.0 1
15 4 1 22.0 22.0 1
16 2 1 22.0 22.0 1
17 4 1 22.0 22.0 1
18 4 1 22.0 22.0 1
19 4 1 36.0 26.0 2
20 4 1 36.0 26.0 2
21 4 1 36.0 26.0 2
22 4 1 36.0 26.0 2
23 4 1 36.0 26.0 2
24 4 1 36.0 26.0 2
25 4 1 36.0 26.0 2
26 4 1 36.0 26.0 2
27 4 1 36.0 26.0 2
28 4 1 36.0 26.0 2
29 4 1 36.0 26.0 2
30 4 1 36.0 26.0 2
31 4 1 36.0 26.0 2
32 4 1 36.0 26.0 2
33 4 1 36.0 26.0 2
34 4 1 36.0 26.0 2
35 4 1 36.0 26.0 2
36 4 1 36.0 26.0 2
37 4 1 36.0 26.0 2
38 4 1 36.0 26.0 2
39 4 1 36.0 26.0 2
40 4 1 36.0 26.0 2
41 4 1 36.0 26.0 2
42 4 1 36.0 26.0 2
43 4 1 36.0 26.0 2
44 4 1 36.0 26.0 2
45 1 1 21.0 45.0 3
46 4 1 21.0 45.0 3
47 4 1 21.0 45.0 3
48 1 1 21.0 45.0 3
49 1 1 21.0 45.0 3
50 4 1 21.0 45.0 3
51 4 1 21.0 45.0 3
52 4 1 21.0 45.0 3
53 2 1 21.0 45.0 3
54 4 1 21.0 45.0 3
55 1 1 21.0 45.0 3
56 4 1 45.0 35.0 4
57 4 1 45.0 35.0 4
58 4 1 45.0 35.0 4
59 4 1 45.0 35.0 4
60 4 1 45.0 35.0 4
61 1 1 45.0 35.0 4
62 4 1 45.0 35.0 4
63 1 1 45.0 35.0 4
64 4 1 45.0 35.0 4
65 2 1 45.0 35.0 4
66 4 1 45.0 35.0 4
67 4 1 45.0 35.0 4
68 4 1 45.0 35.0 4
69 4 1 45.0 35.0 4
70 4 1 45.0 35.0 4
71 4 1 45.0 35.0 4
72 4 1 45.0 35.0 4
73 4 1 45.0 35.0 4
74 4 1 45.0 35.0 4
75 4 1 45.0 35.0 4
76 2 1 45.0 35.0 4
77 4 1 45.0 35.0 4
78 4 1 45.0 35.0 4
79 4 1 45.0 35.0 4
80 4 1 45.0 35.0 4
81 4 1 45.0 35.0 4
82 4 1 45.0 35.0 4
83 1 1 45.0 35.0 4
84 4 1 45.0 35.0 4
85 4 1 45.0 35.0 4
86 4 1 55.0 20.0 5
87 4 1 55.0 20.0 5
88 4 1 55.0 20.0 5
89 2 1 55.0 20.0 5
90 4 1 55.0 20.0 5
91 4 1 55.0 20.0 5
92 1 1 55.0 20.0 5
93 1 1 55.0 20.0 5
94 4 1 55.0 20.0 5
95 1 1 55.0 20.0 5
96 2 1 55.0 20.0 5
97 4 1 55.0 20.0 5
98 4 1 55.0 20.0 5
99 4 1 55.0 20.0 5
100 4 1 55.0 20.0 5
101 2 1 55.0 20.0 5
102 4 1 55.0 20.0 5
103 2 1 55.0 20.0 5
104 4 1 55.0 20.0 5
105 4 1 55.0 20.0 5
106 2 1 55.0 20.0 5
107 4 1 33.0 34.0 6
108 4 1 33.0 34.0 6
109 4 1 33.0 34.0 6
110 4 1 33.0 34.0 6
111 4 1 33.0 34.0 6
112 4 1 33.0 34.0 6
113 4 1 33.0 34.0 6
114 4 1 33.0 34.0 6
115 4 1 33.0 34.0 6
116 2 1 33.0 34.0 6
117 4 1 33.0 34.0 6
118 2 1 33.0 34.0 6
119 2 1 33.0 34.0 6
120 4 1 33.0 34.0 6
121 4 1 33.0 34.0 6
122 2 1 33.0 34.0 6
123 4 1 33.0 34.0 6
124 4 1 33.0 34.0 6
125 4 1 33.0 34.0 6
126 2 1 50.0 50.0 7
127 4 1 50.0 50.0 7
128 4 1 50.0 50.0 7
129 2 1 50.0 50.0 7
130 4 1 50.0 50.0 7
131 2 1 50.0 50.0 7
132 1 1 50.0 50.0 7
133 4 1 50.0 50.0 7
134 4 1 50.0 50.0 7
135 4 1 50.0 50.0 7
136 4 1 50.0 50.0 7
137 4 1 50.0 50.0 7
138 4 1 50.0 50.0 7
139 4 1 50.0 50.0 7
140 4 1 50.0 50.0 7
141 4 1 55.0 45.0 8
142 4 1 55.0 45.0 8
143 2 1 55.0 45.0 8
144 4 1 55.0 45.0 8
145 4 1 55.0 45.0 8
146 2 1 55.0 45.0 8
147 2 1 55.0 45.0 8
148 4 1 55.0 45.0 8
149 4 1 55.0 45.0 8
150 1 1 55.0 45.0 8
151 4 1 55.0 45.0 8
152 4 1 55.0 45.0 8
153 4 1 55.0 45.0 8
154 2 1 55.0 45.0 8
155 4 1 55.0 45.0 8
156 4 1 55.0 45.0 8
157 2 1 26.0 59.0 9
158 2 1 26.0 59.0 9
159 2 1 26.0 59.0 9
160 2 1 26.0 59.0 9
161 1 1 26.0 59.0 9
162 2 1 26.0 59.0 9
163 2 1 26.0 59.0 9
164 2 1 26.0 59.0 9
165 2 1 26.0 59.0 9
166 2 1 26.0 59.0 9
167 1 1 26.0 59.0 9
168 2 1 26.0 59.0 9
169 1 1 26.0 59.0 9
170 2 1 26.0 59.0 9
171 2 1 26.0 59.0 9
172 2 1 26.0 59.0 9
173 2 1 26.0 59.0 9
174 1 1 26.0 59.0 9
175 2 1 26.0 59.0 9
176 2 1 26.0 59.0 9
177 2 1 26.0 59.0 9
178 2 1 26.0 59.0 9
179 2 1 26.0 59.0 9
180 1 1 26.0 59.0 9
181 2 1 26.0 59.0 9
182 2 1 26.0 59.0 9
183 2 1 26.0 59.0 9
184 1 1 26.0 59.0 9
185 2 1 26.0 59.0 9
186 4 1 40.0 66.0 10
187 4 1 40.0 66.0 10
188 4 1 40.0 66.0 10
189 4 1 40.0 66.0 10
190 4 1 40.0 66.0 10
191 4 1 40.0 66.0 10
192 4 1 40.0 66.0 10
193 2 1 40.0 66.0 10
194 4 1 40.0 66.0 10
195 4 1 40.0 66.0 10
196 4 1 40.0 66.0 10
197 4 1 40.0 66.0 10
198 4 1 40.0 66.0 10
199 4 1 40.0 66.0 10
200 1 1 40.0 66.0 10
201 4 1 40.0 66.0 10
202 4 1 40.0 66.0 10
203 4 1 40.0 66.0 10
204 4 1 40.0 66.0 10
205 4 1 40.0 66.0 10
206 4 1 40.0 66.0 10
207 1 1 40.0 66.0 10
208 1 1 40.0 66.0 10
209 4 1 40.0 66.0 10
210 2 1 40.0 66.0 10
211 1 1 40.0 66.0 10
212 1 1 55.0 65.0 11
213 2 1 55.0 65.0 11
214 2 1 55.0 65.0 11
215 1 1 55.0 65.0 11
216 2 1 55.0 65.0 11
217 1 1 55.0 65.0 11
218 2 1 55.0 65.0 11
219 2 1 55.0 65.0 11
220 2 1 55.0 65.0 11
221 2 1 55.0 65.0 11
222 2 1 55.0 65.0 11
223 2 1 55.0 65.0 11
224 2 1 55.0 65.0 11
225 1 1 55.0 65.0 11
226 2 1 55.0 65.0 11
227 2 1 55.0 65.0 11
228 2 1 55.0 65.0 11
229 2 1 55.0 65.0 11
230 2 1 55.0 65.0 11
231 2 1 55.0 65.0 11
232 2 1 55.0 65.0 11
233 2 1 55.0 65.0 11
234 2 1 55.0 65.0 11
235 2 1 55.0 65.0 11
236 1 1 55.0 65.0 11
237 2 1 55.0 65.0 11
238 2 1 55.0 65.0 11
239 1 1 55.0 65.0 11
240 2 1 55.0 65.0 11
241 2 1 55.0 65.0 11
242 1 1 55.0 65.0 11
243 2 1 55.0 65.0 11
244 1 1 55.0 65.0 11
245 2 1 55.0 65.0 11
246 1 1 55.0 65.0 11
247 2 1 55.0 65.0 11
248 2 1 55.0 65.0 11
249 4 1 35.0 51.0 12
250 4 1 35.0 51.0 12
251 1 1 35.0 51.0 12
252 4 1 35.0 51.0 12
253 2 1 35.0 51.0 12
254 4 1 35.0 51.0 12
255 4 1 35.0 51.0 12
256 4 1 35.0 51.0 12
257 2 1 35.0 51.0 12
258 4 1 35.0 51.0 12
259 4 1 35.0 51.0 12
260 2 1 35.0 51.0 12
261 2 1 35.0 51.0 12
262 4 1 35.0 51.0 12
263 4 1 35.0 51.0 12
264 2 1 35.0 51.0 12
265 4 1 62.0 35.0 13
266 4 1 62.0 35.0 13
267 4 1 62.0 35.0 13
268 4 1 62.0 35.0 13
269 2 1 62.0 35.0 13
270 4 1 62.0 35.0 13
271 4 1 62.0 35.0 13
272 4 1 62.0 35.0 13
273 4 1 62.0 35.0 13
274 4 1 62.0 35.0 13
275 4 1 62.0 35.0 13
276 4 1 62.0 35.0 13
277 4 1 62.0 57.0 14
278 4 1 62.0 57.0 14
279 4 1 62.0 57.0 14
280 2 1 62.0 57.0 14
281 4 1 62.0 57.0 14
282 2 1 62.0 57.0 14
283 4 1 62.0 57.0 14
284 4 1 62.0 57.0 14
285 1 1 62.0 57.0 14
286 4 1 62.0 57.0 14
287 2 1 62.0 57.0 14
288 4 1 62.0 57.0 14
289 4 1 62.0 57.0 14
290 4 1 62.0 57.0 14
291 4 1 62.0 57.0 14
292 4 1 62.0 57.0 14
293 4 1 62.0 57.0 14
294 4 1 62.0 57.0 14
295 4 1 62.0 57.0 14
296 4 1 62.0 57.0 14
297 4 1 62.0 57.0 14
298 4 1 62.0 57.0 14
299 4 1 62.0 57.0 14
300 4 1 62.0 57.0 14
301 4 1 62.0 57.0 14
302 4 1 62.0 57.0 14
303 4 1 62.0 57.0 14
304 4 1 62.0 57.0 14
305 4 1 62.0 57.0 14
306 1 1 62.0 57.0 14
307 4 1 62.0 57.0 14
308 1 1 62.0 24.0 15
309 4 1 62.0 24.0 15
310 4 1 62.0 24.0 15
311 4 1 62.0 24.0 15
312 4 1 62.0 24.0 15
313 4 1 62.0 24.0 15
314 4 1 62.0 24.0 15
315 4 1 62.0 24.0 15
316 2 1 21.0 36.0 16
317 4 1 21.0 36.0 16
318 4 1 21.0 36.0 16
319 2 1 21.0 36.0 16
320 2 1 21.0 36.0 16
321 4 1 21.0 36.0 16
322 4 1 21.0 36.0 16
323 4 1 21.0 36.0 16
324 4 1 21.0 36.0 16
325 4 1 21.0 36.0 16
326 4 1 21.0 36.0 16
327 4 1 21.0 36.0 16
328 4 1 21.0 36.0 16
329 4 1 21.0 36.0 16
330 2 1 21.0 36.0 16
331 2 1 21.0 36.0 16
332 2 1 21.0 36.0 16
333 4 1 21.0 36.0 16
334 4 1 21.0 36.0 16
335 4 1 33.0 44.0 17
336 4 1 33.0 44.0 17
337 2 1 33.0 44.0 17
338 4 1 33.0 44.0 17
339 4 1 33.0 44.0 17
340 4 1 33.0 44.0 17
341 1 1 33.0 44.0 17
342 4 1 33.0 44.0 17
343 1 1 33.0 44.0 17
344 1 1 33.0 44.0 17
345 4 1 33.0 44.0 17
346 4 1 33.0 44.0 17
347 4 1 33.0 44.0 17
348 4 1 33.0 44.0 17
349 2 1 33.0 44.0 17
350 4 1 33.0 44.0 17
351 4 1 33.0 44.0 17
352 4 1 33.0 44.0 17
353 1 1 33.0 44.0 17
354 4 1 33.0 44.0 17
355 2 1 9.0 56.0 18
356 2 1 9.0 56.0 18
357 2 1 9.0 56.0 18
358 2 1 9.0 56.0 18
359 1 1 9.0 56.0 18
360 2 1 9.0 56.0 18
361 2 1 9.0 56.0 18
362 2 1 9.0 56.0 18
363 2 1 9.0 56.0 18
364 2 1 9.0 56.0 18
365 1 1 9.0 56.0 18
366 2 1 9.0 56.0 18
367 2 1 9.0 56.0 18
368 4 1 62.0 48.0 19
369 1 1 62.0 48.0 19
370 4 1 62.0 48.0 19
371 4 1 62.0 48.0 19
372 4 1 62.0 48.0 19
373 4 1 62.0 48.0 19
374 4 1 62.0 48.0 19
375 4 1 62.0 48.0 19
376 4 1 62.0 48.0 19
377 2 1 62.0 48.0 19
378 4 1 62.0 48.0 19
379 4 1 62.0 48.0 19
380 4 1 62.0 48.0 19
381 4 1 62.0 48.0 19
382 4 1 62.0 48.0 19
383 4 1 66.0 14.0 20
384 1 1 66.0 14.0 20
385 2 1 66.0 14.0 20
386 4 1 66.0 14.0 20
387 4 1 66.0 14.0 20
388 4 1 66.0 14.0 20
389 1 1 66.0 14.0 20
390 4 1 66.0 14.0 20
391 4 1 66.0 14.0 20
392 4 1 66.0 14.0 20
393 1 1 66.0 14.0 20
394 4 1 66.0 14.0 20
395 2 1 66.0 14.0 20
396 4 1 66.0 14.0 20
397 4 1 66.0 14.0 20
398 4 1 66.0 14.0 20
399 4 1 66.0 14.0 20
400 4 1 66.0 14.0 20
401 4 1 66.0 14.0 20
402 4 1 66.0 14.0 20
403 4 1 66.0 14.0 20
404 4 1 66.0 14.0 20
405 4 1 44.0 13.0 21
406 4 1 44.0 13.0 21
407 4 1 44.0 13.0 21
408 4 1 44.0 13.0 21
409 4 1 44.0 13.0 21
410 4 1 44.0 13.0 21
411 4 1 44.0 13.0 21
412 4 1 44.0 13.0 21
413 2 1 44.0 13.0 21
414 1 1 44.0 13.0 21
415 4 1 44.0 13.0 21
416 1 1 44.0 13.0 21
417 4 1 44.0 13.0 21
418 4 1 44.0 13.0 21
419 2 1 44.0 13.0 21
420 4 1 44.0 13.0 21
421 4 1 44.0 13.0 21
422 4 1 44.0 13.0 21
423 4 1 44.0 13.0 21
424 4 1 44.0 13.0 21
425 4 1 44.0 13.0 21
426 4 1 44.0 13.0 21
427 4 1 44.0 13.0 21
428 4 1 44.0 13.0 21
429 4 1 44.0 13.0 21
430 4 1 44.0 13.0 21
431 4 1 44.0 13.0 21
432 4 1 44.0 13.0 21
433 4 1 26.0 13.0 22
434 4 1 26.0 13.0 22
435 4 1 26.0 13.0 22
436 4 1 26.0 13.0 22
437 1 1 26.0 13.0 22
438 1 1 26.0 13.0 22
439 4 1 26.0 13.0 22
440 4 1 26.0 13.0 22
441 2 1 26.0 13.0 22
442 4 1 26.0 13.0 22
443 4 1 26.0 13.0 22
444 4 1 26.0 13.0 22
445 4 1 11.0 28.0 23
446 4 1 11.0 28.0 23
447 4 1 11.0 28.0 23
448 4 1 11.0 28.0 23
449 4 1 11.0 28.0 23
450 4 1 11.0 28.0 23
451 1 1 7.0 43.0 24
452 4 1 7.0 43.0 24
453 4 1 7.0 43.0 24
454 1 1 7.0 43.0 24
455 4 1 7.0 43.0 24
456 4 1 7.0 43.0 24
457 4 1 7.0 43.0 24
458 4 1 7.0 43.0 24
459 4 1 7.0 43.0 24
460 4 1 7.0 43.0 24
461 4 1 7.0 43.0 24
462 2 1 7.0 43.0 24
463 4 1 7.0 43.0 24
464 4 1 7.0 43.0 24
465 4 1 7.0 43.0 24
466 4 1 7.0 43.0 24
467 4 1 7.0 43.0 24
468 4 1 7.0 43.0 24
469 4 1 7.0 43.0 24
470 1 1 7.0 43.0 24
471 4 1 7.0 43.0 24
472 4 1 7.0 43.0 24
473 4 1 7.0 43.0 24
474 4 1 7.0 43.0 24
475 4 1 7.0 43.0 24
476 4 1 7.0 43.0 24
477 4 1 7.0 43.0 24
478 4 1 17.0 64.0 25
479 2 1 17.0 64.0 25
480 4 1 17.0 64.0 25
481 4 1 17.0 64.0 25
482 1 1 17.0 64.0 25
483 4 1 17.0 64.0 25
484 4 1 17.0 64.0 25
485 4 1 17.0 64.0 25
486 4 1 17.0 64.0 25
487 4 1 17.0 64.0 25
488 1 1 17.0 64.0 25
489 4 1 17.0 64.0 25
490 4 1 17.0 64.0 25
491 4 1 17.0 64.0 25
492 2 1 41.0 46.0 26
493 2 1 41.0 46.0 26
494 2 1 41.0 46.0 26
495 1 1 41.0 46.0 26
496 2 1 41.0 46.0 26
497 2 1 41.0 46.0 26
498 2 1 41.0 46.0 26
499 2 1 41.0 46.0 26
500 1 1 41.0 46.0 26
501 1 1 41.0 46.0 26
502 2 1 41.0 46.0 26
503 1 1 41.0 46.0 26
504 2 1 41.0 46.0 26
505 2 1 41.0 46.0 26
506 2 1 41.0 46.0 26
507 2 1 41.0 46.0 26
508 2 1 41.0 46.0 26
509 2 1 41.0 46.0 26
510 4 1 55.0 34.0 27
511 4 1 55.0 34.0 27
512 4 1 55.0 34.0 27
513 2 1 55.0 34.0 27
514 4 1 55.0 34.0 27
515 2 1 55.0 34.0 27
516 4 1 55.0 34.0 27
517 4 1 55.0 34.0 27
518 4 1 55.0 34.0 27
519 1 1 55.0 34.0 27
520 1 1 55.0 34.0 27
521 2 1 55.0 34.0 27
522 4 1 55.0 34.0 27
523 4 1 55.0 34.0 27
524 1 1 55.0 34.0 27
525 2 1 55.0 34.0 27
526 2 1 55.0 34.0 27
527 4 1 35.0 16.0 28
528 4 1 35.0 16.0 28
529 4 1 35.0 16.0 28
530 4 1 35.0 16.0 28
531 4 1 35.0 16.0 28
532 4 1 35.0 16.0 28
533 4 1 35.0 16.0 28
534 4 1 35.0 16.0 28
535 4 1 35.0 16.0 28
536 4 1 35.0 16.0 28
537 2 1 35.0 16.0 28
538 4 1 35.0 16.0 28
539 4 1 35.0 16.0 28
540 1 1 35.0 16.0 28
541 4 1 35.0 16.0 28
542 1 1 35.0 16.0 28
543 4 1 35.0 16.0 28
544 4 1 35.0 16.0 28
545 4 1 35.0 16.0 28
546 4 1 35.0 16.0 28
547 4 1 35.0 16.0 28
548 4 1 35.0 16.0 28
549 4 1 35.0 16.0 28
550 4 1 35.0 16.0 28
551 4 1 35.0 16.0 28
552 4 1 35.0 16.0 28
553 4 1 35.0 16.0 28
554 4 1 35.0 16.0 28
555 4 1 35.0 16.0 28
556 4 1 52.0 26.0 29
557 4 1 52.0 26.0 29
558 2 1 52.0 26.0 29
559 4 1 52.0 26.0 29
560 4 1 52.0 26.0 29
561 4 1 52.0 26.0 29
562 4 1 52.0 26.0 29
563 2 1 52.0 26.0 29
564 4 1 52.0 26.0 29
565 4 1 52.0 26.0 29
566 4 1 52.0 26.0 29
567 4 1 52.0 26.0 29
568 4 1 52.0 26.0 29
569 4 1 43.0 26.0 30
570 4 1 43.0 26.0 30
571 4 1 43.0 26.0 30
572 2 1 43.0 26.0 30
573 4 1 43.0 26.0 30
574 4 1 43.0 26.0 30
575 4 1 43.0 26.0 30
576 4 1 43.0 26.0 30
577 4 1 43.0 26.0 30
578 4 1 43.0 26.0 30
579 4 1 43.0 26.0 30
580 4 1 43.0 26.0 30
581 4 1 43.0 26.0 30
582 4 1 43.0 26.0 30
583 4 1 43.0 26.0 30
584 4 1 43.0 26.0 30
585 4 1 43.0 26.0 30
586 1 1 43.0 26.0 30
587 1 1 43.0 26.0 30
588 4 1 43.0 26.0 30
589 4 1 43.0 26.0 30
590 4 1 43.0 26.0 30
591 4 1 31.0 76.0 31
592 1 1 31.0 76.0 31
593 4 1 31.0 76.0 31
594 4 1 31.0 76.0 31
595 4 1 31.0 76.0 31
596 4 1 31.0 76.0 31
597 4 1 31.0 76.0 31
598 4 1 31.0 76.0 31
599 4 1 31.0 76.0 31
600 4 1 31.0 76.0 31
601 4 1 31.0 76.0 31
602 4 1 31.0 76.0 31
603 4 1 31.0 76.0 31
604 4 1 31.0 76.0 31
605 4 1 31.0 76.0 31
606 1 1 31.0 76.0 31
607 4 1 31.0 76.0 31
608 4 1 31.0 76.0 31
609 4 1 31.0 76.0 31
610 4 1 31.0 76.0 31
611 4 1 31.0 76.0 31
612 4 1 31.0 76.0 31
613 4 1 31.0 76.0 31
614 2 1 31.0 76.0 31
615 4 1 31.0 76.0 31
616 4 1 22.0 53.0 32
617 4 1 22.0 53.0 32
618 4 1 22.0 53.0 32
619 4 1 22.0 53.0 32
620 1 1 22.0 53.0 32
621 4 1 22.0 53.0 32
622 1 1 22.0 53.0 32
623 4 1 22.0 53.0 32
624 4 1 22.0 53.0 32
625 2 1 22.0 53.0 32
626 4 1 22.0 53.0 32
627 4 1 22.0 53.0 32
628 4 1 22.0 53.0 32
629 4 1 22.0 53.0 32
630 4 1 22.0 53.0 32
631 1 1 22.0 53.0 32
632 4 1 22.0 53.0 32
633 4 1 22.0 53.0 32
634 2 1 22.0 53.0 32
635 4 1 22.0 53.0 32
636 4 1 22.0 53.0 32
637 4 1 22.0 53.0 32
638 4 1 22.0 53.0 32
639 4 1 22.0 53.0 32
640 4 1 22.0 53.0 32
641 4 1 22.0 53.0 32
642 4 1 22.0 53.0 32
643 4 1 22.0 53.0 32
644 4 1 26.0 29.0 33
645 4 1 26.0 29.0 33
646 4 1 26.0 29.0 33
647 2 1 26.0 29.0 33
648 4 1 26.0 29.0 33
649 2 1 26.0 29.0 33
650 4 1 26.0 29.0 33
651 4 1 26.0 29.0 33
652 4 1 26.0 29.0 33
653 4 1 26.0 29.0 33
654 4 1 26.0 29.0 33
655 2 1 26.0 29.0 33
656 4 1 26.0 29.0 33
657 4 1 26.0 29.0 33
658 4 1 26.0 29.0 33
659 2 1 26.0 29.0 33
660 4 1 26.0 29.0 33
661 4 1 26.0 29.0 33
662 4 1 26.0 29.0 33
663 4 1 26.0 29.0 33
664 4 1 26.0 29.0 33
665 4 1 26.0 29.0 33
666 4 1 26.0 29.0 33
667 4 1 26.0 29.0 33
668 4 1 26.0 29.0 33
669 4 1 26.0 29.0 33
670 4 1 26.0 29.0 33
671 4 1 50.0 40.0 34
672 2 1 50.0 40.0 34
673 2 1 50.0 40.0 34
674 2 1 50.0 40.0 34
675 4 1 50.0 40.0 34
676 4 1 50.0 40.0 34
677 4 1 50.0 40.0 34
678 4 1 50.0 40.0 34
679 4 1 50.0 40.0 34
680 4 1 50.0 40.0 34
681 4 1 50.0 40.0 34
682 4 1 50.0 40.0 34
683 4 1 50.0 40.0 34
684 4 1 50.0 40.0 34
685 2 1 50.0 40.0 34
686 2 1 50.0 40.0 34
687 1 1 50.0 40.0 34
688 4 1 50.0 40.0 34
689 4 1 50.0 40.0 34
690 4 1 55.0 50.0 35
691 2 1 55.0 50.0 35
692 4 1 55.0 50.0 35
693 4 1 55.0 50.0 35
694 4 1 55.0 50.0 35
695 4 1 55.0 50.0 35
696 4 1 55.0 50.0 35
697 2 1 55.0 50.0 35
698 1 1 55.0 50.0 35
699 4 1 55.0 50.0 35
700 4 1 54.0 10.0 36
701 4 1 54.0 10.0 36
702 4 1 54.0 10.0 36
703 4 1 54.0 10.0 36
704 4 1 54.0 10.0 36
705 1 1 54.0 10.0 36
706 4 1 54.0 10.0 36
707 4 1 54.0 10.0 36
708 4 1 54.0 10.0 36
709 4 1 54.0 10.0 36
710 4 1 54.0 10.0 36
711 4 1 54.0 10.0 36
712 4 1 60.0 15.0 37
713 4 1 60.0 15.0 37
714 4 1 60.0 15.0 37
715 4 1 60.0 15.0 37
716 4 1 60.0 15.0 37
717 4 1 60.0 15.0 37
718 4 1 60.0 15.0 37
719 4 1 60.0 15.0 37
720 4 1 60.0 15.0 37
721 4 1 60.0 15.0 37
722 4 1 60.0 15.0 37
723 4 1 60.0 15.0 37
724 4 1 60.0 15.0 37
725 4 1 60.0 15.0 37
726 4 1 47.0 66.0 38
727 4 1 47.0 66.0 38
728 4 1 47.0 66.0 38
729 4 1 47.0 66.0 38
730 2 1 47.0 66.0 38
731 4 1 47.0 66.0 38
732 4 1 47.0 66.0 38
733 4 1 47.0 66.0 38
734 4 1 47.0 66.0 38
735 4 1 47.0 66.0 38
736 4 1 47.0 66.0 38
737 4 1 47.0 66.0 38
738 4 1 47.0 66.0 38
739 2 1 47.0 66.0 38
740 4 1 47.0 66.0 38
741 1 1 47.0 66.0 38
742 4 1 47.0 66.0 38
743 4 1 47.0 66.0 38
744 4 1 47.0 66.0 38
745 4 1 47.0 66.0 38
746 2 1 47.0 66.0 38
747 4 1 47.0 66.0 38
748 4 1 47.0 66.0 38
749 2 1 47.0 66.0 38
750 4 1 30.0 60.0 39
751 4 1 30.0 60.0 39
752 4 1 30.0 60.0 39
753 2 1 30.0 60.0 39
754 1 1 30.0 60.0 39
755 4 1 30.0 60.0 39
756 4 1 30.0 60.0 39
757 2 1 30.0 60.0 39
758 4 1 30.0 60.0 39
759 4 1 30.0 60.0 39
760 4 1 30.0 60.0 39
761 1 1 30.0 60.0 39
762 1 1 30.0 60.0 39
763 4 1 30.0 60.0 39
764 4 1 30.0 60.0 39
765 4 1 30.0 60.0 39
766 1 1 30.0 50.0 40
767 4 1 30.0 50.0 40
768 4 1 30.0 50.0 40
769 4 1 30.0 50.0 40
770 4 1 30.0 50.0 40
771 4 1 30.0 50.0 40
772 4 1 30.0 50.0 40
773 4 1 30.0 50.0 40
774 4 1 30.0 50.0 40
775 1 1 30.0 50.0 40
776 4 1 30.0 50.0 40
777 4 1 30.0 50.0 40
778 4 1 30.0 50.0 40
779 4 1 30.0 50.0 40
780 4 1 30.0 50.0 40
781 4 1 30.0 50.0 40
782 2 1 30.0 50.0 40
783 4 1 30.0 50.0 40
784 4 1 30.0 50.0 40
785 4 1 30.0 50.0 40
786 4 1 30.0 50.0 40
787 4 1 30.0 50.0 40
788 4 1 30.0 50.0 40
789 2 1 30.0 50.0 40
790 4 1 30.0 50.0 40
791 4 1 30.0 50.0 40
792 4 1 30.0 50.0 40
793 4 1 30.0 50.0 40
794 4 1 30.0 50.0 40
795 4 1 30.0 50.0 40
796 4 1 30.0 50.0 40
797 1 1 30.0 50.0 40
798 4 1 30.0 50.0 40
799 4 1 12.0 17.0 41
800 4 1 12.0 17.0 41
801 4 1 12.0 17.0 41
802 4 1 12.0 17.0 41
803 4 1 12.0 17.0 41
804 4 1 12.0 17.0 41
805 4 1 12.0 17.0 41
806 4 1 12.0 17.0 41
807 4 1 12.0 17.0 41
808 4 1 12.0 17.0 41
809 4 1 12.0 17.0 41
810 4 1 12.0 17.0 41
811 4 1 12.0 17.0 41
812 4 1 12.0 17.0 41
813 4 1 12.0 17.0 41
814 4 1 15.0 14.0 42
815 4 1 15.0 14.0 42
816 4 1 15.0 14.0 42
817 1 1 15.0 14.0 42
818 4 1 15.0 14.0 42
819 4 1 15.0 14.0 42
820 4 1 15.0 14.0 42
821 4 1 15.0 14.0 42
822 4 1 15.0 14.0 42
823 4 1 15.0 14.0 42
824 4 1 15.0 14.0 42
825 4 1 16.0 19.0 43
826 4 1 16.0 19.0 43
827 4 1 16.0 19.0 43
828 4 1 16.0 19.0 43
829 4 1 16.0 19.0 43
830 4 1 16.0 19.0 43
831 4 1 16.0 19.0 43
832 4 1 16.0 19.0 43
833 4 1 16.0 19.0 43
834 4 1 16.0 19.0 43
835 4 1 16.0 19.0 43
836 4 1 16.0 19.0 43
837 4 1 16.0 19.0 43
838 4 1 16.0 19.0 43
839 4 1 16.0 19.0 43
840 4 1 16.0 19.0 43
841 4 1 16.0 19.0 43
842 4 1 16.0 19.0 43
843 2 1 21.0 48.0 44
844 2 1 21.0 48.0 44
845 2 1 21.0 48.0 44
846 2 1 21.0 48.0 44
847 2 1 21.0 48.0 44
848 2 1 21.0 48.0 44
849 2 1 21.0 48.0 44
850 2 1 21.0 48.0 44
851 2 1 21.0 48.0 44
852 2 1 21.0 48.0 44
853 2 1 21.0 48.0 44
854 2 1 21.0 48.0 44
855 2 1 21.0 48.0 44
856 2 1 21.0 48.0 44
857 2 1 21.0 48.0 44
858 2 1 21.0 48.0 44
859 2 1 21.0 48.0 44
860 2 1 50.0 30.0 45
861 2 1 50.0 30.0 45
862 1 1 50.0 30.0 45
863 2 1 50.0 30.0 45
864 2 1 50.0 30.0 45
865 2 1 50.0 30.0 45
866 2 1 50.0 30.0 45
867 2 1 50.0 30.0 45
868 2 1 50.0 30.0 45
869 2 1 50.0 30.0 45
870 2 1 50.0 30.0 45
871 1 1 50.0 30.0 45
872 2 1 50.0 30.0 45
873 2 1 50.0 30.0 45
874 2 1 50.0 30.0 45
875 2 1 50.0 30.0 45
876 2 1 50.0 30.0 45
877 1 1 50.0 30.0 45
878 2 1 50.0 30.0 45
879 1 1 50.0 30.0 45
880 2 1 50.0 30.0 45
881 4 1 51.0 42.0 46
882 2 1 51.0 42.0 46
883 4 1 51.0 42.0 46
884 4 1 51.0 42.0 46
885 4 1 51.0 42.0 46
886 4 1 51.0 42.0 46
887 4 1 51.0 42.0 46
888 4 1 51.0 42.0 46
889 4 1 51.0 42.0 46
890 4 1 51.0 42.0 46
891 4 1 51.0 42.0 46
892 2 1 51.0 42.0 46
893 4 1 51.0 42.0 46
894 4 1 51.0 42.0 46
895 4 1 51.0 42.0 46
896 4 1 51.0 42.0 46
897 4 1 51.0 42.0 46
898 4 1 51.0 42.0 46
899 2 1 51.0 42.0 46
900 4 1 51.0 42.0 46
901 4 1 51.0 42.0 46
902 2 1 51.0 42.0 46
903 4 1 51.0 42.0 46
904 2 1 51.0 42.0 46
905 4 1 51.0 42.0 46
906 4 1 51.0 42.0 46
907 4 1 51.0 42.0 46
908 2 1 50.0 15.0 47
909 2 1 50.0 15.0 47
910 2 1 50.0 15.0 47
911 1 1 50.0 15.0 47
912 2 1 50.0 15.0 47
913 2 1 50.0 15.0 47
914 2 1 50.0 15.0 47
915 2 1 50.0 15.0 47
916 2 1 50.0 15.0 47
917 2 1 50.0 15.0 47
918 2 1 50.0 15.0 47
919 2 1 50.0 15.0 47
920 2 1 50.0 15.0 47
921 2 1 50.0 15.0 47
922 2 1 50.0 15.0 47
923 2 1 50.0 15.0 47
924 2 1 50.0 15.0 47
925 1 1 50.0 15.0 47
926 2 1 50.0 15.0 47
927 4 1 48.0 21.0 48
928 4 1 48.0 21.0 48
929 4 1 48.0 21.0 48
930 4 1 48.0 21.0 48
931 4 1 48.0 21.0 48
932 4 1 48.0 21.0 48
933 4 1 48.0 21.0 48
934 4 1 48.0 21.0 48
935 1 1 48.0 21.0 48
936 4 1 48.0 21.0 48
937 4 1 48.0 21.0 48
938 4 1 48.0 21.0 48
939 4 1 48.0 21.0 48
940 4 1 48.0 21.0 48
941 4 1 48.0 21.0 48
942 4 1 48.0 21.0 48
943 4 1 48.0 21.0 48
944 4 1 48.0 21.0 48
945 4 1 48.0 21.0 48
946 1 1 48.0 21.0 48
947 2 1 12.0 38.0 49
948 2 1 12.0 38.0 49
949 2 1 12.0 38.0 49
950 1 1 12.0 38.0 49
951 2 1 12.0 38.0 49
952 4 1 15.0 56.0 50
953 4 1 15.0 56.0 50
954 4 1 15.0 56.0 50
955 2 1 15.0 56.0 50
956 4 1 15.0 56.0 50
957 4 1 15.0 56.0 50
958 4 1 15.0 56.0 50
959 4 1 15.0 56.0 50
960 4 1 15.0 56.0 50
961 4 1 15.0 56.0 50
962 1 1 15.0 56.0 50
963 1 1 15.0 56.0 50
964 4 1 15.0 56.0 50
965 2 1 15.0 56.0 50
966 4 1 15.0 56.0 50
967 2 1 15.0 56.0 50
968 2 1 15.0 56.0 50
969 4 1 15.0 56.0 50
970 4 1 15.0 56.0 50
971 4 1 15.0 56.0 50
972 4 1 15.0 56.0 50
973 4 1 15.0 56.0 50
974 4 1 29.0 39.0 51
975 4 1 29.0 39.0 51
976 4 1 29.0 39.0 51
977 4 1 29.0 39.0 51
978 4 1 29.0 39.0 51
979 2 1 29.0 39.0 51
980 2 1 29.0 39.0 51
981 4 1 29.0 39.0 51
982 4 1 29.0 39.0 51
983 4 1 29.0 39.0 51
984 4 1 29.0 39.0 51
985 4 1 29.0 39.0 51
986 2 1 54.0 38.0 52
987 2 1 54.0 38.0 52
988 2 1 54.0 38.0 52
989 2 1 54.0 38.0 52
990 2 1 54.0 38.0 52
991 2 1 54.0 38.0 52
992 1 1 54.0 38.0 52
993 2 1 54.0 38.0 52
994 2 1 54.0 38.0 52
995 2 1 54.0 38.0 52
996 2 1 54.0 38.0 52
997 2 1 54.0 38.0 52
998 2 1 54.0 38.0 52
999 2 1 54.0 38.0 52
1000 2 1 54.0 38.0 52
1001 2 1 54.0 38.0 52
1002 2 1 54.0 38.0 52
1003 2 1 54.0 38.0 52
1004 1 1 54.0 38.0 52
1005 4 1 55.0 57.0 53
1006 2 1 55.0 57.0 53
1007 4 1 55.0 57.0 53
1008 4 1 55.0 57.0 53
1009 4 1 55.0 57.0 53
1010 2 1 55.0 57.0 53
1011 1 1 55.0 57.0 53
1012 2 1 55.0 57.0 53
1013 1 1 55.0 57.0 53
1014 4 1 55.0 57.0 53
1015 4 1 55.0 57.0 53
1016 4 1 55.0 57.0 53
1017 4 1 55.0 57.0 53
1018 4 1 55.0 57.0 53
1019 1 1 55.0 57.0 53
1020 4 1 55.0 57.0 53
1021 4 1 55.0 57.0 53
1022 4 1 55.0 57.0 53
1023 2 1 55.0 57.0 53
1024 4 1 55.0 57.0 53
1025 4 1 55.0 57.0 53
1026 4 1 55.0 57.0 53
1027 4 1 67.0 41.0 54
1028 4 1 67.0 41.0 54
1029 4 1 67.0 41.0 54
1030 4 1 67.0 41.0 54
1031 4 1 67.0 41.0 54
1032 4 1 67.0 41.0 54
1033 2 1 67.0 41.0 54
1034 4 1 67.0 41.0 54
1035 4 1 67.0 41.0 54
1036 4 1 67.0 41.0 54
1037 4 1 67.0 41.0 54
1038 4 1 67.0 41.0 54
1039 4 1 67.0 41.0 54
1040 4 1 67.0 41.0 54
1041 4 1 67.0 41.0 54
1042 4 1 67.0 41.0 54
1043 4 1 10.0 70.0 55
1044 4 1 10.0 70.0 55
1045 4 1 10.0 70.0 55
1046 4 1 10.0 70.0 55
1047 4 1 10.0 70.0 55
1048 4 1 10.0 70.0 55
1049 4 1 10.0 70.0 55
1050 1 1 6.0 25.0 56
1051 4 1 6.0 25.0 56
1052 4 1 6.0 25.0 56
1053 4 1 6.0 25.0 56
1054 2 1 6.0 25.0 56
1055 4 1 6.0 25.0 56
1056 2 1 6.0 25.0 56
1057 4 1 6.0 25.0 56
1058 4 1 6.0 25.0 56
1059 1 1 6.0 25.0 56
1060 4 1 6.0 25.0 56
1061 4 1 6.0 25.0 56
1062 4 1 6.0 25.0 56
1063 4 1 6.0 25.0 56
1064 4 1 6.0 25.0 56
1065 2 1 6.0 25.0 56
1066 1 1 6.0 25.0 56
1067 4 1 6.0 25.0 56
1068 4 1 6.0 25.0 56
1069 4 1 6.0 25.0 56
1070 4 1 6.0 25.0 56
1071 4 1 6.0 25.0 56
1072 4 1 6.0 25.0 56
1073 4 1 6.0 25.0 56
1074 1 1 6.0 25.0 56
1075 4 1 6.0 25.0 56
1076 2 1 65.0 27.0 57
1077 2 1 65.0 27.0 57
1078 2 1 65.0 27.0 57
1079 2 1 65.0 27.0 57
1080 1 1 65.0 27.0 57
1081 1 1 65.0 27.0 57
1082 2 1 65.0 27.0 57
1083 2 1 65.0 27.0 57
1084 2 1 65.0 27.0 57
1085 2 1 65.0 27.0 57
1086 2 1 65.0 27.0 57
1087 2 1 65.0 27.0 57
1088 2 1 65.0 27.0 57
1089 2 1 65.0 27.0 57
1090 1 1 40.0 60.0 58
1091 4 1 40.0 60.0 58
1092 4 1 40.0 60.0 58
1093 2 1 40.0 60.0 58
1094 4 1 40.0 60.0 58
1095 4 1 40.0 60.0 58
1096 4 1 40.0 60.0 58
1097 2 1 40.0 60.0 58
1098 4 1 40.0 60.0 58
1099 4 1 40.0 60.0 58
1100 4 1 40.0 60.0 58
1101 4 1 40.0 60.0 58
1102 4 1 40.0 60.0 58
1103 1 1 40.0 60.0 58
1104 4 1 40.0 60.0 58
1105 2 1 40.0 60.0 58
1106 4 1 40.0 60.0 58
1107 2 1 40.0 60.0 58
1108 1 1 40.0 60.0 58
1109 1 1 40.0 60.0 58
1110 4 1 40.0 60.0 58
1111 1 1 70.0 64.0 59
1112 1 1 70.0 64.0 59
1113 2 1 70.0 64.0 59
1114 1 1 70.0 64.0 59
1115 2 1 70.0 64.0 59
1116 2 1 70.0 64.0 59
1117 2 1 70.0 64.0 59
1118 2 1 70.0 64.0 59
1119 2 1 70.0 64.0 59
1120 1 1 70.0 64.0 59
1121 2 1 70.0 64.0 59
1122 2 1 70.0 64.0 59
1123 1 1 70.0 64.0 59
1124 2 1 70.0 64.0 59
1125 2 1 70.0 64.0 59
1126 2 1 70.0 64.0 59
1127 2 1 70.0 64.0 59
1128 2 1 70.0 64.0 59
1129 2 1 70.0 64.0 59
1130 2 1 70.0 64.0 59
1131 2 1 70.0 64.0 59
1132 2 1 70.0 64.0 59
1133 2 1 70.0 64.0 59
1134 1 1 70.0 64.0 59
1135 4 1 64.0 4.0 60
1136 4 1 64.0 4.0 60
1137 4 1 64.0 4.0 60
1138 4 1 64.0 4.0 60
1139 4 1 64.0 4.0 60
1140 4 1 64.0 4.0 60
1141 2 1 64.0 4.0 60
1142 4 1 64.0 4.0 60
1143 2 1 64.0 4.0 60
1144 2 1 64.0 4.0 60
1145 4 1 64.0 4.0 60
1146 4 1 64.0 4.0 60
1147 2 1 64.0 4.0 60
1148 4 1 36.0 6.0 61
1149 4 1 36.0 6.0 61
1150 4 1 36.0 6.0 61
1151 2 1 36.0 6.0 61
1152 4 1 36.0 6.0 61
1153 4 1 36.0 6.0 61
1154 1 1 36.0 6.0 61
1155 1 1 36.0 6.0 61
1156 1 1 36.0 6.0 61
1157 4 1 36.0 6.0 61
1158 4 1 36.0 6.0 61
1159 4 1 36.0 6.0 61
1160 2 1 36.0 6.0 61
1161 4 1 36.0 6.0 61
1162 4 1 36.0 6.0 61
1163 2 1 30.0 20.0 62
1164 2 1 30.0 20.0 62
1165 2 1 30.0 20.0 62
1166 2 1 30.0 20.0 62
1167 2 1 30.0 20.0 62
1168 2 1 30.0 20.0 62
1169 1 1 30.0 20.0 62
1170 1 1 30.0 20.0 62
1171 2 1 30.0 20.0 62
1172 1 1 30.0 20.0 62
1173 2 1 30.0 20.0 62
1174 2 1 30.0 20.0 62
1175 2 1 30.0 20.0 62
1176 1 1 30.0 20.0 62
1177 2 1 30.0 20.0 62
1178 2 1 30.0 20.0 62
1179 1 1 30.0 20.0 62
1180 2 1 30.0 20.0 62
1181 4 1 20.0 30.0 63
1182 4 1 20.0 30.0 63
1183 4 1 20.0 30.0 63
1184 4 1 20.0 30.0 63
1185 4 1 20.0 30.0 63
1186 4 1 20.0 30.0 63
1187 4 1 20.0 30.0 63
1188 4 1 20.0 30.0 63
1189 4 1 20.0 30.0 63
1190 4 1 20.0 30.0 63
1191 4 1 20.0 30.0 63
1192 4 1 15.0 5.0 64
1193 4 1 15.0 5.0 64
1194 2 1 15.0 5.0 64
1195 4 1 15.0 5.0 64
1196 4 1 15.0 5.0 64
1197 4 1 15.0 5.0 64
1198 4 1 15.0 5.0 64
1199 4 1 15.0 5.0 64
1200 4 1 15.0 5.0 64
1201 4 1 15.0 5.0 64
1202 4 1 15.0 5.0 64
1203 4 1 15.0 5.0 64
1204 4 1 15.0 5.0 64
1205 2 1 15.0 5.0 64
1206 4 1 15.0 5.0 64
1207 4 1 15.0 5.0 64
1208 2 1 15.0 5.0 64
1209 4 1 15.0 5.0 64
1210 4 1 15.0 5.0 64
1211 4 1 15.0 5.0 64
1212 2 1 15.0 5.0 64
1213 4 1 15.0 5.0 64
1214 4 1 15.0 5.0 64
1215 4 1 15.0 5.0 64
1216 2 1 15.0 5.0 64
1217 4 1 15.0 5.0 64
1218 2 1 15.0 5.0 64
1219 2 1 15.0 5.0 64
1220 1 1 50.0 70.0 65
1221 1 1 50.0 70.0 65
1222 1 1 50.0 70.0 65
1223 4 1 50.0 70.0 65
1224 4 1 50.0 70.0 65
1225 4 1 50.0 70.0 65
1226 4 1 50.0 70.0 65
1227 4 1 50.0 70.0 65
1228 4 1 50.0 70.0 65
1229 1 1 57.0 72.0 66
1230 4 1 57.0 72.0 66
1231 4 1 57.0 72.0 66
1232 1 1 57.0 72.0 66
1233 4 1 57.0 72.0 66
1234 4 1 57.0 72.0 66
1235 4 1 57.0 72.0 66
1236 4 1 57.0 72.0 66
1237 4 1 57.0 72.0 66
1238 1 1 57.0 72.0 66
1239 4 1 57.0 72.0 66
1240 4 1 57.0 72.0 66
1241 1 1 57.0 72.0 66
1242 4 1 57.0 72.0 66
1243 4 1 57.0 72.0 66
1244 4 1 57.0 72.0 66
1245 4 1 57.0 72.0 66
1246 4 1 57.0 72.0 66
1247 4 1 57.0 72.0 66
1248 4 1 57.0 72.0 66
1249 4 1 57.0 72.0 66
1250 4 1 57.0 72.0 66
1251 4 1 57.0 72.0 66
1252 4 1 57.0 72.0 66
1253 4 1 57.0 72.0 66
1254 4 1 57.0 72.0 66
1255 4 1 57.0 72.0 66
1256 4 1 57.0 72.0 66
1257 4 1 57.0 72.0 66
1258 2 1 57.0 72.0 66
1259 4 1 57.0 72.0 66
1260 2 1 57.0 72.0 66
1261 4 1 57.0 72.0 66
1262 4 1 57.0 72.0 66
1263 4 1 57.0 72.0 66
1264 2 1 57.0 72.0 66
1265 4 1 57.0 72.0 66
1266 1 1 45.0 42.0 67
1267 2 1 45.0 42.0 67
1268 2 1 45.0 42.0 67
1269 2 1 45.0 42.0 67
1270 2 1 45.0 42.0 67
1271 1 1 45.0 42.0 67
1272 2 1 45.0 42.0 67
1273 1 1 45.0 42.0 67
1274 2 1 45.0 42.0 67
1275 2 1 45.0 42.0 67
1276 1 1 45.0 42.0 67
1277 2 1 45.0 42.0 67
1278 2 1 45.0 42.0 67
1279 2 1 45.0 42.0 67
1280 2 1 45.0 42.0 67
1281 2 1 45.0 42.0 67
1282 1 1 45.0 42.0 67
1283 2 1 45.0 42.0 67
1284 2 1 45.0 42.0 67
1285 2 1 45.0 42.0 67
1286 2 1 45.0 42.0 67
1287 2 1 45.0 42.0 67
1288 2 1 45.0 42.0 67
1289 2 1 45.0 42.0 67
1290 2 1 45.0 42.0 67
1291 2 1 45.0 42.0 67
1292 2 1 45.0 42.0 67
1293 2 1 45.0 42.0 67
1294 2 1 45.0 42.0 67
1295 2 1 45.0 42.0 67
1296 4 1 38.0 33.0 68
1297 2 1 38.0 33.0 68
1298 2 1 38.0 33.0 68
1299 4 1 38.0 33.0 68
1300 2 1 38.0 33.0 68
1301 4 1 38.0 33.0 68
1302 4 1 38.0 33.0 68
1303 4 1 38.0 33.0 68
1304 4 1 38.0 33.0 68
1305 4 1 38.0 33.0 68
1306 4 1 50.0 4.0 69
1307 4 1 50.0 4.0 69
1308 4 1 50.0 4.0 69
1309 2 1 50.0 4.0 69
1310 4 1 50.0 4.0 69
1311 2 1 50.0 4.0 69
1312 4 1 50.0 4.0 69
1313 4 1 50.0 4.0 69
1314 4 1 66.0 8.0 70
1315 4 1 66.0 8.0 70
1316 4 1 66.0 8.0 70
1317 2 1 66.0 8.0 70
1318 4 1 66.0 8.0 70
1319 4 1 66.0 8.0 70
1320 4 1 66.0 8.0 70
1321 4 1 66.0 8.0 70
1322 4 1 66.0 8.0 70
1323 4 1 66.0 8.0 70
1324 4 1 66.0 8.0 70
1325 1 1 59.0 5.0 71
1326 2 1 59.0 5.0 71
1327 1 1 59.0 5.0 71
1328 4 1 35.0 60.0 72
1329 2 1 27.0 24.0 73
1330 4 1 27.0 24.0 73
1331 4 1 27.0 24.0 73
1332 4 1 27.0 24.0 73
1333 4 1 27.0 24.0 73
1334 4 1 27.0 24.0 73
1335 2 1 40.0 20.0 74
1336 1 1 40.0 20.0 74
1337 2 1 40.0 20.0 74
1338 2 1 40.0 20.0 74
1339 2 1 40.0 20.0 74
1340 2 1 40.0 20.0 74
1341 1 1 40.0 20.0 74
1342 1 1 40.0 20.0 74
1343 2 1 40.0 20.0 74
1344 2 1 40.0 20.0 74
1345 4 1 40.0 37.0 75
1346 2 1 40.0 37.0 75
1347 4 1 40.0 37.0 75
1348 2 1 40.0 37.0 75
1349 4 1 40.0 37.0 75
1350 4 1 40.0 37.0 75
1351 2 1 40.0 37.0 75
1352 4 1 40.0 37.0 75
1353 4 1 40.0 37.0 75
1354 4 1 40.0 37.0 75
1355 1 1 40.0 37.0 75
1356 1 1 40.0 37.0 75
1357 2 1 40.0 37.0 75
1358 4 1 40.0 37.0 75
1359 4 1 40.0 37.0 75
1360 4 1 40.0 37.0 75
1361 4 1 40.0 37.0 75
1362 4 1 40.0 37.0 75
1363 4 1 40.0 37.0 75
1364 1 1 40.0 37.0 75
1365 2 1 22.0 10.0 76
1366 2 1 22.0 10.0 76
1367 2 1 22.0 10.0 76
1368 1 1 22.0 10.0 76
1369 2 1 22.0 10.0 76
1370 2 1 22.0 10.0 76
1371 2 1 22.0 10.0 76
1372 2 1 22.0 10.0 76
1373 1 1 22.0 10.0 76
1374 2 1 22.0 10.0 76
1375 2 1 22.0 10.0 76
1376 2 1 22.0 10.0 76
1377 2 1 22.0 10.0 76
1378 1 1 22.0 10.0 76
1379 2 1 22.0 10.0 76
1380 2 1 22.0 10.0 76
1381 2 1 22.0 10.0 76
1382 2 1 22.0 10.0 76
1383 1 1 22.0 10.0 76
1384 2 1 22.0 10.0 76
1385 2 1 22.0 10.0 76
1386 2 1 22.0 10.0 76
1387 2 1 22.0 10.0 76
1388 1 1 68.0 66.0 77
1389 2 1 68.0 66.0 77
1390 2 1 68.0 66.0 77
1391 2 1 68.0 66.0 77
1392 2 1 68.0 66.0 77
1393 2 1 68.0 66.0 77
1394 2 1 68.0 66.0 77
1395 1 1 68.0 66.0 77
1396 2 1 68.0 66.0 77
1397 2 1 68.0 66.0 77
1398 2 1 68.0 66.0 77
1399 2 1 68.0 66.0 77
1400 2 1 68.0 66.0 77
1401 2 1 68.0 66.0 77
1402 2 1 68.0 66.0 77
1403 2 1 68.0 66.0 77
1404 2 1 68.0 66.0 77
1405 2 1 68.0 66.0 77
1406 1 1 68.0 66.0 77
1407 2 1 68.0 66.0 77
1408 1 1 68.0 66.0 77
1409 1 1 68.0 66.0 77
1410 2 1 68.0 66.0 77
1411 2 1 68.0 66.0 77
1412 2 1 68.0 66.0 77
1413 2 1 68.0 66.0 77
1414 1 1 68.0 66.0 77
1415 1 1 68.0 66.0 77
1416 2 1 68.0 66.0 77
1417 2 1 68.0 66.0 77
1418 2 1 68.0 66.0 77
1419 2 1 68.0 66.0 77
1420 1 1 64.0 61.0 78
1421 4 1 64.0 61.0 78
1422 1 1 64.0 61.0 78
1423 4 1 64.0 61.0 78
1424 4 1 64.0 61.0 78
1425 4 1 64.0 61.0 78
1426 2 1 64.0 61.0 78
1427 4 1 64.0 61.0 78
1428 1 1 64.0 61.0 78
1429 4 1 64.0 61.0 78
1430 1 1 64.0 61.0 78
1431 4 1 64.0 61.0 78
1432 4 1 64.0 61.0 78
1433 4 1 64.0 61.0 78
1434 1 1 64.0 61.0 78
1435 2 1 64.0 61.0 78
1436 1 1 64.0 61.0 78
1437 4 1 64.0 61.0 78
1438 4 1 64.0 61.0 78
1439 4 1 64.0 61.0 78
1440 4 1 64.0 61.0 78
1441 4 1 64.0 61.0 78
1442 4 1 64.0 61.0 78
1443 4 1 64.0 61.0 78
1444 4 1 64.0 61.0 78
1445 4 1 64.0 61.0 78
1446 4 1 64.0 61.0 78
1447 4 1 64.0 61.0 78
1448 2 1 60.0 76.0 79
1449 2 1 60.0 76.0 79
1450 2 1 60.0 76.0 79
1451 2 1 60.0 76.0 79
1452 2 1 60.0 76.0 79
1453 2 1 60.0 76.0 79
1454 2 1 60.0 76.0 79
1455 2 1 60.0 76.0 79
1456 2 1 60.0 76.0 79
1457 2 1 60.0 76.0 79
1458 1 1 60.0 76.0 79
1459 2 1 60.0 76.0 79
1460 2 1 60.0 76.0 79
1461 2 1 60.0 76.0 79
1462 2 1 60.0 76.0 79
1463 2 1 60.0 76.0 79
1464 2 1 60.0 76.0 79
1465 2 1 60.0 76.0 79
1466 2 1 60.0 76.0 79
1467 2 1 60.0 76.0 79
1468 1 1 60.0 76.0 79
1469 2 1 60.0 76.0 79
1470 2 1 60.0 76.0 79
1471 2 1 60.0 76.0 79
1472 2 1 60.0 76.0 79
1473 2 1 60.0 76.0 79
1474 2 1 60.0 76.0 79
1475 2 1 60.0 76.0 79
1476 2 1 60.0 76.0 79
1477 2 1 60.0 76.0 79
1478 1 1 60.0 76.0 79
1479 2 1 60.0 76.0 79
1480 2 1 60.0 76.0 79
1481 2 1 13.0 68.0 80
1482 4 1 13.0 68.0 80
1483 1 1 55.0 48.0 81
1484 2 1 55.0 48.0 81
1485 1 1 55.0 48.0 81
1486 2 1 55.0 48.0 81
1487 2 1 55.0 48.0 81
1488 2 1 55.0 48.0 81
1489 2 1 55.0 48.0 81
1490 1 1 55.0 48.0 81
1491 1 1 55.0 48.0 81
1492 2 1 55.0 48.0 81
1493 1 1 55.0 48.0 81
1494 2 1 55.0 48.0 81
1495 2 1 55.0 48.0 81
1496 2 1 55.0 48.0 81
1497 2 1 55.0 48.0 81
1498 2 1 55.0 48.0 81
1499 2 1 55.0 48.0 81
1500 1 1 55.0 48.0 81
1501 2 1 55.0 48.0 81
1502 2 1 55.0 48.0 81
1503 4 1 33.0 43.0 82
1504 2 1 33.0 43.0 82
1505 4 1 33.0 43.0 82
1506 4 1 33.0 43.0 82
1507 4 1 33.0 43.0 82
1508 4 1 33.0 43.0 82
1509 2 1 2.0 68.0 83
1510 2 1 2.0 68.0 83
1511 1 1 2.0 68.0 83
1512 2 1 2.0 68.0 83
1513 2 1 2.0 68.0 83
1514 2 1 2.0 68.0 83
1515 2 1 2.0 68.0 83
1516 1 1 2.0 68.0 83
1517 2 1 2.0 68.0 83
1518 2 1 2.0 68.0 83
1519 2 1 2.0 68.0 83
1520 2 1 2.0 68.0 83
1521 2 1 2.0 68.0 83
1522 2 1 2.0 68.0 83
1523 2 1 2.0 68.0 83
1524 1 1 2.0 68.0 83
1525 2 1 2.0 68.0 83
1526 2 1 2.0 68.0 83
1527 2 1 2.0 68.0 83
1528 2 1 2.0 68.0 83
1529 1 1 2.0 68.0 83
1530 1 1 2.0 68.0 83
1531 2 1 2.0 68.0 83
1532 2 1 2.0 68.0 83
1533 1 1 2.0 68.0 83
1534 2 1 2.0 68.0 83
1535 2 1 2.0 68.0 83
1536 2 1 2.0 68.0 83
1537 2 1 2.0 68.0 83
1538 4 1 17.0 50.0 84
1539 2 1 17.0 50.0 84
1540 2 1 17.0 50.0 84
1541 2 1 46.0 50.0 85
1542 2 1 46.0 50.0 85
1543 2 1 46.0 50.0 85
1544 2 1 46.0 50.0 85
1545 2 1 46.0 50.0 85
1546 2 1 46.0 50.0 85
1547 1 1 46.0 50.0 85
1548 2 1 46.0 50.0 85
1549 1 1 46.0 50.0 85
1550 2 1 46.0 50.0 85
1551 2 1 46.0 50.0 85
1552 1 1 46.0 50.0 85
1553 2 1 46.0 50.0 85
1554 2 1 46.0 50.0 85
1555 2 1 46.0 50.0 85
1556 2 1 46.0 50.0 85
1557 2 1 46.0 50.0 85
1558 1 1 16.0 56.0 86
1559 1 1 16.0 56.0 86
1560 2 1 16.0 56.0 86
1561 2 1 16.0 56.0 86
1562 2 1 16.0 56.0 86
1563 1 1 16.0 56.0 86
1564 2 1 16.0 56.0 86
1565 2 1 16.0 56.0 86
1566 1 1 16.0 56.0 86
1567 1 1 16.0 56.0 86
1568 2 1 16.0 56.0 86
1569 2 1 16.0 56.0 86
1570 2 1 16.0 56.0 86
1571 1 1 16.0 56.0 86
1572 2 1 16.0 56.0 86
1573 2 1 16.0 56.0 86
1574 2 1 16.0 56.0 86
1575 2 1 16.0 56.0 86
1576 2 1 16.0 56.0 86
1577 2 1 16.0 56.0 86
1578 2 1 16.0 56.0 86
1579 1 1 16.0 56.0 86
1580 2 1 16.0 56.0 86
1581 2 1 16.0 56.0 86
1582 2 1 69.0 28.0 87
1583 1 1 69.0 28.0 87
1584 2 1 69.0 28.0 87
1585 2 1 69.0 28.0 87
1586 2 1 69.0 28.0 87
1587 2 1 69.0 28.0 87
1588 2 1 69.0 28.0 87
1589 2 1 69.0 28.0 87
1590 2 1 69.0 28.0 87
1591 2 1 69.0 28.0 87
1592 2 1 69.0 28.0 87
1593 2 1 69.0 28.0 87
1594 2 1 69.0 28.0 87
1595 2 1 69.0 28.0 87
1596 2 1 69.0 28.0 87
1597 1 1 69.0 28.0 87
1598 2 1 69.0 28.0 87
1599 1 1 69.0 28.0 87
1600 2 1 69.0 28.0 87
1601 2 1 69.0 28.0 87
1602 2 1 69.0 28.0 87
1603 2 1 69.0 28.0 87
1604 1 1 69.0 28.0 87
1605 2 1 69.0 28.0 87
1606 2 1 69.0 28.0 87
1607 2 1 69.0 28.0 87
1608 4 1 63.0 52.0 88
1609 4 1 63.0 52.0 88
1610 4 1 63.0 52.0 88
1611 4 1 63.0 52.0 88
1612 4 1 63.0 52.0 88
1613 4 1 63.0 52.0 88
1614 4 1 63.0 52.0 88
1615 1 1 63.0 52.0 88
1616 4 1 63.0 52.0 88
1617 4 1 63.0 52.0 88
1618 2 1 63.0 52.0 88
1619 4 1 63.0 52.0 88
1620 4 1 63.0 52.0 88
1621 4 1 59.0 51.0 89
1622 4 1 59.0 51.0 89
1623 1 1 59.0 51.0 89
1624 2 1 59.0 51.0 89
1625 4 1 59.0 51.0 89
1626 4 1 59.0 51.0 89
1627 4 1 59.0 51.0 89
1628 4 1 59.0 51.0 89
1629 1 1 59.0 51.0 89
1630 4 1 59.0 51.0 89
1631 4 1 59.0 51.0 89
1632 4 1 59.0 51.0 89
1633 4 1 59.0 51.0 89
1634 4 1 59.0 51.0 89
1635 4 1 59.0 51.0 89
1636 4 1 59.0 51.0 89
1637 2 1 59.0 51.0 89
1638 4 1 59.0 51.0 89
1639 2 1 59.0 51.0 89
1640 4 1 59.0 51.0 89
1641 4 1 59.0 51.0 89
1642 4 1 59.0 51.0 89
1643 4 1 59.0 51.0 89
1644 4 1 59.0 51.0 89
1645 1 1 59.0 51.0 89
1646 4 1 59.0 51.0 89
1647 4 1 59.0 51.0 89
1648 4 1 59.0 51.0 89
1649 4 1 63.0 37.0 90
1650 4 1 63.0 37.0 90
1651 4 1 63.0 37.0 90
1652 4 1 63.0 37.0 90
1653 1 1 63.0 37.0 90
1654 2 1 63.0 37.0 90
1655 4 1 63.0 37.0 90
1656 4 1 63.0 37.0 90
1657 4 1 63.0 37.0 90
1658 4 1 63.0 37.0 90
1659 1 1 63.0 37.0 90
1660 1 1 63.0 37.0 90
1661 4 1 63.0 37.0 90
1662 4 1 63.0 37.0 90
1663 4 1 63.0 37.0 90
1664 4 1 63.0 37.0 90
1665 4 1 63.0 37.0 90
1666 4 1 63.0 37.0 90
1667 4 1 63.0 37.0 90
1668 2 1 63.0 37.0 90
1669 4 1 63.0 37.0 90
1670 2 1 20.0 70.0 91
1671 1 1 20.0 70.0 91
1672 1 1 20.0 70.0 91
1673 1 1 20.0 70.0 91
1674 2 1 20.0 70.0 91
1675 2 1 20.0 70.0 91
1676 2 1 20.0 70.0 91
1677 2 1 20.0 70.0 91
1678 2 1 20.0 70.0 91
1679 2 1 20.0 70.0 91
1680 2 1 20.0 70.0 91
1681 2 1 20.0 70.0 91
1682 2 1 20.0 70.0 91
1683 2 1 20.0 70.0 91
1684 2 1 20.0 70.0 91
1685 2 1 20.0 70.0 91
1686 2 1 20.0 70.0 91
1687 2 1 20.0 70.0 91
1688 2 1 20.0 70.0 91
1689 2 1 20.0 70.0 91
1690 2 1 20.0 70.0 91
1691 2 1 20.0 70.0 91
1692 2 1 20.0 70.0 91
1693 2 1 20.0 70.0 91
1694 2 1 20.0 70.0 91
1695 1 1 20.0 70.0 91
1696 1 1 4.0 47.0 92
1697 2 1 4.0 47.0 92
1698 2 1 4.0 47.0 92
1699 2 1 4.0 47.0 92
1700 2 1 4.0 47.0 92
1701 1 1 4.0 47.0 92
1702 2 1 4.0 47.0 92
1703 2 1 4.0 47.0 92
1704 2 1 4.0 47.0 92
1705 2 1 4.0 47.0 92
1706 2 1 4.0 47.0 92
1707 2 1 4.0 47.0 92
1708 2 1 4.0 47.0 92
1709 2 1 4.0 47.0 92
1710 2 1 4.0 47.0 92
1711 2 1 4.0 47.0 92
1712 2 1 4.0 47.0 92
1713 2 1 4.0 47.0 92
1714 2 1 4.0 47.0 92
1715 2 1 4.0 47.0 92
1716 2 1 4.0 47.0 92
1717 1 1 4.0 47.0 92
1718 2 1 4.0 47.0 92
1719 2 1 39.0 17.0 93
1720 2 1 39.0 17.0 93
1721 2 1 39.0 17.0 93
1722 1 1 39.0 17.0 93
1723 2 1 39.0 17.0 93
1724 2 1 39.0 17.0 93
1725 2 1 39.0 17.0 93
1726 2 1 39.0 17.0 93
1727 2 1 39.0 17.0 93
1728 2 1 39.0 17.0 93
1729 2 1 39.0 17.0 93
1730 1 1 39.0 17.0 93
1731 2 1 39.0 17.0 93
1732 2 1 39.0 17.0 93
1733 2 1 39.0 17.0 93
1734 2 1 39.0 17.0 93
1735 2 1 39.0 17.0 93
1736 1 1 39.0 17.0 93
1737 2 1 39.0 17.0 93
1738 1 1 39.0 17.0 93
1739 1 1 39.0 17.0 93
1740 2 1 39.0 17.0 93
1741 2 1 39.0 17.0 93
1742 1 1 39.0 17.0 93
1743 2 1 70.0 11.0 94
1744 1 1 70.0 11.0 94
1745 2 1 70.0 11.0 94
1746 4 1 70.0 11.0 94
1747 4 1 70.0 11.0 94
1748 4 1 70.0 11.0 94
1749 4 1 70.0 11.0 94
1750 1 1 70.0 11.0 94
1751 4 1 70.0 11.0 94
1752 4 1 70.0 11.0 94
1753 1 1 70.0 11.0 94
1754 4 1 70.0 11.0 94
1755 4 1 70.0 11.0 94
