1
0 40.0 40.0 1718.0 2108.007080078125 24
791 1 59.0 68.0842514038086 60 2147483647 61
0 0 40.0 40.0 D
1295 1 45.0 42.0 1
1294 1 45.0 42.0 1
1293 1 45.0 42.0 1
1292 1 45.0 42.0 1
1291 1 45.0 42.0 1
1290 1 45.0 42.0 1
1289 1 45.0 42.0 1
1288 1 45.0 42.0 1
1287 1 45.0 42.0 1
1286 1 45.0 42.0 1
1285 1 45.0 42.0 1
1284 1 45.0 42.0 1
1283 1 45.0 42.0 1
1282 1 45.0 42.0 1
1281 1 45.0 42.0 1
1280 1 45.0 42.0 1
1279 1 45.0 42.0 1
1278 1 45.0 42.0 1
1277 1 45.0 42.0 1
1276 1 45.0 42.0 1
1275 1 45.0 42.0 1
1274 1 45.0 42.0 1
1273 1 45.0 42.0 1
1272 1 45.0 42.0 1
1271 1 45.0 42.0 1
1270 1 45.0 42.0 1
1269 1 45.0 42.0 1
1268 1 45.0 42.0 1
1267 1 45.0 42.0 1
1266 1 45.0 42.0 1
900 1 51.0 42.0 1
899 1 51.0 42.0 1
896 1 51.0 42.0 1
892 1 51.0 42.0 1
885 1 51.0 42.0 1
884 1 51.0 42.0 1
145 1 55.0 45.0 1
1495 1 55.0 48.0 1
1494 1 55.0 48.0 1
1493 1 55.0 48.0 1
1492 1 55.0 48.0 1
1491 1 55.0 48.0 1
1490 1 55.0 48.0 1
1489 1 55.0 48.0 1
1488 1 55.0 48.0 1
1487 1 55.0 48.0 1
1486 1 55.0 48.0 1
1485 1 55.0 48.0 1
1484 1 55.0 48.0 1
1483 1 55.0 48.0 1
1612 1 63.0 52.0 1
1611 1 63.0 52.0 1
380 1 62.0 48.0 1
379 1 62.0 48.0 1
376 1 62.0 48.0 1
369 1 62.0 48.0 1
368 1 62.0 48.0 1
1041 1 67.0 41.0 1
687 1 50.0 40.0 1
-1 0 40.0 40.0 D
792 1 99.0 87.62294006347656 100 2147483647 101
0 0 40.0 40.0 D
1502 1 55.0 48.0 1
1501 1 55.0 48.0 1
1500 1 55.0 48.0 1
1499 1 55.0 48.0 1
1498 1 55.0 48.0 1
1497 1 55.0 48.0 1
1496 1 55.0 48.0 1
696 1 55.0 50.0 1
694 1 55.0 50.0 1
1646 1 59.0 51.0 1
1642 1 59.0 51.0 1
1640 1 59.0 51.0 1
1630 1 59.0 51.0 1
1626 1 59.0 51.0 1
1624 1 59.0 51.0 1
1622 1 59.0 51.0 1
307 1 62.0 57.0 1
302 1 62.0 57.0 1
300 1 62.0 57.0 1
298 1 62.0 57.0 1
283 1 62.0 57.0 1
280 1 62.0 57.0 1
277 1 62.0 57.0 1
1443 1 64.0 61.0 1
1442 1 64.0 61.0 1
1434 1 64.0 61.0 1
1423 1 64.0 61.0 1
1421 1 64.0 61.0 1
1134 1 70.0 64.0 1
1133 1 70.0 64.0 1
1132 1 70.0 64.0 1
1131 1 70.0 64.0 1
1130 1 70.0 64.0 1
1129 1 70.0 64.0 1
1128 1 70.0 64.0 1
1127 1 70.0 64.0 1
1126 1 70.0 64.0 1
1125 1 70.0 64.0 1
1124 1 70.0 64.0 1
1123 1 70.0 64.0 1
1122 1 70.0 64.0 1
1121 1 70.0 64.0 1
1120 1 70.0 64.0 1
1119 1 70.0 64.0 1
1118 1 70.0 64.0 1
1117 1 70.0 64.0 1
1116 1 70.0 64.0 1
1115 1 70.0 64.0 1
1114 1 70.0 64.0 1
1113 1 70.0 64.0 1
1112 1 70.0 64.0 1
1111 1 70.0 64.0 1
1419 1 68.0 66.0 1
1418 1 68.0 66.0 1
1417 1 68.0 66.0 1
1416 1 68.0 66.0 1
1415 1 68.0 66.0 1
1414 1 68.0 66.0 1
1413 1 68.0 66.0 1
1412 1 68.0 66.0 1
1411 1 68.0 66.0 1
1410 1 68.0 66.0 1
1409 1 68.0 66.0 1
1408 1 68.0 66.0 1
1407 1 68.0 66.0 1
1406 1 68.0 66.0 1
1405 1 68.0 66.0 1
1404 1 68.0 66.0 1
1403 1 68.0 66.0 1
1402 1 68.0 66.0 1
1401 1 68.0 66.0 1
1400 1 68.0 66.0 1
1399 1 68.0 66.0 1
1398 1 68.0 66.0 1
1397 1 68.0 66.0 1
1396 1 68.0 66.0 1
1395 1 68.0 66.0 1
1394 1 68.0 66.0 1
1393 1 68.0 66.0 1
1392 1 68.0 66.0 1
1391 1 68.0 66.0 1
1390 1 68.0 66.0 1
1389 1 68.0 66.0 1
1388 1 68.0 66.0 1
219 1 55.0 65.0 1
218 1 55.0 65.0 1
217 1 55.0 65.0 1
216 1 55.0 65.0 1
215 1 55.0 65.0 1
214 1 55.0 65.0 1
213 1 55.0 65.0 1
212 1 55.0 65.0 1
1020 1 55.0 57.0 1
1018 1 55.0 57.0 1
1016 1 55.0 57.0 1
1014 1 55.0 57.0 1
1008 1 55.0 57.0 1
139 1 50.0 50.0 1
130 1 50.0 50.0 1
-1 0 40.0 40.0 D
793 1 159.0 136.6446990966797 160 2147483647 161
0 0 40.0 40.0 D
509 1 41.0 46.0 1
508 1 41.0 46.0 1
507 1 41.0 46.0 1
506 1 41.0 46.0 1
505 1 41.0 46.0 1
504 1 41.0 46.0 1
503 1 41.0 46.0 1
502 1 41.0 46.0 1
501 1 41.0 46.0 1
500 1 41.0 46.0 1
499 1 41.0 46.0 1
498 1 41.0 46.0 1
497 1 41.0 46.0 1
496 1 41.0 46.0 1
495 1 41.0 46.0 1
494 1 41.0 46.0 1
493 1 41.0 46.0 1
492 1 41.0 46.0 1
1557 1 46.0 50.0 1
1556 1 46.0 50.0 1
1555 1 46.0 50.0 1
1554 1 46.0 50.0 1
1553 1 46.0 50.0 1
1552 1 46.0 50.0 1
1551 1 46.0 50.0 1
1550 1 46.0 50.0 1
1549 1 46.0 50.0 1
1548 1 46.0 50.0 1
1547 1 46.0 50.0 1
1546 1 46.0 50.0 1
1545 1 46.0 50.0 1
1544 1 46.0 50.0 1
1543 1 46.0 50.0 1
1542 1 46.0 50.0 1
1541 1 46.0 50.0 1
248 1 55.0 65.0 1
247 1 55.0 65.0 1
246 1 55.0 65.0 1
245 1 55.0 65.0 1
244 1 55.0 65.0 1
243 1 55.0 65.0 1
242 1 55.0 65.0 1
241 1 55.0 65.0 1
240 1 55.0 65.0 1
239 1 55.0 65.0 1
238 1 55.0 65.0 1
237 1 55.0 65.0 1
236 1 55.0 65.0 1
235 1 55.0 65.0 1
234 1 55.0 65.0 1
233 1 55.0 65.0 1
232 1 55.0 65.0 1
231 1 55.0 65.0 1
230 1 55.0 65.0 1
229 1 55.0 65.0 1
228 1 55.0 65.0 1
227 1 55.0 65.0 1
226 1 55.0 65.0 1
225 1 55.0 65.0 1
224 1 55.0 65.0 1
223 1 55.0 65.0 1
222 1 55.0 65.0 1
221 1 55.0 65.0 1
220 1 55.0 65.0 1
1264 1 57.0 72.0 1
1258 1 57.0 72.0 1
1256 1 57.0 72.0 1
1249 1 57.0 72.0 1
1244 1 57.0 72.0 1
1240 1 57.0 72.0 1
1237 1 57.0 72.0 1
1234 1 57.0 72.0 1
1232 1 57.0 72.0 1
1480 1 60.0 76.0 1
1479 1 60.0 76.0 1
1478 1 60.0 76.0 1
1477 1 60.0 76.0 1
1476 1 60.0 76.0 1
1475 1 60.0 76.0 1
1474 1 60.0 76.0 1
1473 1 60.0 76.0 1
1472 1 60.0 76.0 1
1471 1 60.0 76.0 1
1470 1 60.0 76.0 1
1469 1 60.0 76.0 1
1468 1 60.0 76.0 1
1467 1 60.0 76.0 1
1466 1 60.0 76.0 1
1465 1 60.0 76.0 1
1464 1 60.0 76.0 1
1463 1 60.0 76.0 1
1462 1 60.0 76.0 1
1461 1 60.0 76.0 1
1460 1 60.0 76.0 1
1459 1 60.0 76.0 1
1458 1 60.0 76.0 1
1457 1 60.0 76.0 1
1456 1 60.0 76.0 1
1455 1 60.0 76.0 1
1454 1 60.0 76.0 1
1453 1 60.0 76.0 1
1452 1 60.0 76.0 1
1451 1 60.0 76.0 1
1450 1 60.0 76.0 1
1449 1 60.0 76.0 1
1448 1 60.0 76.0 1
1224 1 50.0 70.0 1
749 1 47.0 66.0 1
743 1 47.0 66.0 1
742 1 47.0 66.0 1
740 1 47.0 66.0 1
734 1 47.0 66.0 1
728 1 47.0 66.0 1
727 1 47.0 66.0 1
1103 1 40.0 60.0 1
1098 1 40.0 60.0 1
1096 1 40.0 60.0 1
1094 1 40.0 60.0 1
1093 1 40.0 60.0 1
208 1 40.0 66.0 1
205 1 40.0 66.0 1
197 1 40.0 66.0 1
189 1 40.0 66.0 1
188 1 40.0 66.0 1
187 1 40.0 66.0 1
612 1 31.0 76.0 1
610 1 31.0 76.0 1
604 1 31.0 76.0 1
599 1 31.0 76.0 1
598 1 31.0 76.0 1
597 1 31.0 76.0 1
595 1 31.0 76.0 1
1691 1 20.0 70.0 1
1690 1 20.0 70.0 1
1689 1 20.0 70.0 1
1688 1 20.0 70.0 1
1687 1 20.0 70.0 1
1686 1 20.0 70.0 1
1685 1 20.0 70.0 1
1684 1 20.0 70.0 1
1683 1 20.0 70.0 1
1682 1 20.0 70.0 1
1681 1 20.0 70.0 1
1680 1 20.0 70.0 1
1679 1 20.0 70.0 1
1678 1 20.0 70.0 1
1677 1 20.0 70.0 1
1676 1 20.0 70.0 1
1675 1 20.0 70.0 1
1674 1 20.0 70.0 1
1673 1 20.0 70.0 1
1672 1 20.0 70.0 1
1671 1 20.0 70.0 1
1670 1 20.0 70.0 1
765 1 30.0 60.0 1
764 1 30.0 60.0 1
760 1 30.0 60.0 1
258 1 35.0 51.0 1
257 1 35.0 51.0 1
-1 0 40.0 40.0 D
795 2 99.0 69.93685150146484 100 2147483647 101
0 0 40.0 40.0 D
699 1 55.0 50.0 2
698 1 55.0 50.0 2
697 1 55.0 50.0 2
695 1 55.0 50.0 2
693 1 55.0 50.0 2
692 1 55.0 50.0 2
691 1 55.0 50.0 2
690 1 55.0 50.0 2
1648 1 59.0 51.0 2
1647 1 59.0 51.0 2
1645 1 59.0 51.0 2
1644 1 59.0 51.0 2
1643 1 59.0 51.0 2
1641 1 59.0 51.0 2
1639 1 59.0 51.0 2
1638 1 59.0 51.0 2
1637 1 59.0 51.0 2
1636 1 59.0 51.0 2
1635 1 59.0 51.0 2
1634 1 59.0 51.0 2
1633 1 59.0 51.0 2
1632 1 59.0 51.0 2
1631 1 59.0 51.0 2
1629 1 59.0 51.0 2
1628 1 59.0 51.0 2
1627 1 59.0 51.0 2
1625 1 59.0 51.0 2
1623 1 59.0 51.0 2
1621 1 59.0 51.0 2
306 1 62.0 57.0 2
305 1 62.0 57.0 2
304 1 62.0 57.0 2
303 1 62.0 57.0 2
301 1 62.0 57.0 2
299 1 62.0 57.0 2
297 1 62.0 57.0 2
296 1 62.0 57.0 2
295 1 62.0 57.0 2
294 1 62.0 57.0 2
293 1 62.0 57.0 2
292 1 62.0 57.0 2
291 1 62.0 57.0 2
290 1 62.0 57.0 2
289 1 62.0 57.0 2
288 1 62.0 57.0 2
287 1 62.0 57.0 2
286 1 62.0 57.0 2
285 1 62.0 57.0 2
284 1 62.0 57.0 2
282 1 62.0 57.0 2
281 1 62.0 57.0 2
279 1 62.0 57.0 2
278 1 62.0 57.0 2
1437 1 64.0 61.0 2
1436 1 64.0 61.0 2
1435 1 64.0 61.0 2
1433 1 64.0 61.0 2
1432 1 64.0 61.0 2
1431 1 64.0 61.0 2
1430 1 64.0 61.0 2
1429 1 64.0 61.0 2
1428 1 64.0 61.0 2
1427 1 64.0 61.0 2
1426 1 64.0 61.0 2
1425 1 64.0 61.0 2
1424 1 64.0 61.0 2
1422 1 64.0 61.0 2
1420 1 64.0 61.0 2
1620 1 63.0 52.0 2
1619 1 63.0 52.0 2
1618 1 63.0 52.0 2
1617 1 63.0 52.0 2
1616 1 63.0 52.0 2
1615 1 63.0 52.0 2
1614 1 63.0 52.0 2
1613 1 63.0 52.0 2
1610 1 63.0 52.0 2
1609 1 63.0 52.0 2
1608 1 63.0 52.0 2
382 1 62.0 48.0 2
381 1 62.0 48.0 2
378 1 62.0 48.0 2
377 1 62.0 48.0 2
375 1 62.0 48.0 2
374 1 62.0 48.0 2
373 1 62.0 48.0 2
372 1 62.0 48.0 2
371 1 62.0 48.0 2
370 1 62.0 48.0 2
156 1 55.0 45.0 2
155 1 55.0 45.0 2
154 1 55.0 45.0 2
153 1 55.0 45.0 2
152 1 55.0 45.0 2
151 1 55.0 45.0 2
150 1 55.0 45.0 2
149 1 55.0 45.0 2
148 1 55.0 45.0 2
147 1 55.0 45.0 2
-1 0 40.0 40.0 D
796 2 159.0 122.23655700683594 160 2147483647 161
0 0 40.0 40.0 D
140 1 50.0 50.0 2
138 1 50.0 50.0 2
137 1 50.0 50.0 2
136 1 50.0 50.0 2
135 1 50.0 50.0 2
134 1 50.0 50.0 2
133 1 50.0 50.0 2
132 1 50.0 50.0 2
131 1 50.0 50.0 2
129 1 50.0 50.0 2
128 1 50.0 50.0 2
127 1 50.0 50.0 2
126 1 50.0 50.0 2
1026 1 55.0 57.0 2
1025 1 55.0 57.0 2
1024 1 55.0 57.0 2
1023 1 55.0 57.0 2
1022 1 55.0 57.0 2
1021 1 55.0 57.0 2
1019 1 55.0 57.0 2
1017 1 55.0 57.0 2
1015 1 55.0 57.0 2
1013 1 55.0 57.0 2
1012 1 55.0 57.0 2
1011 1 55.0 57.0 2
1010 1 55.0 57.0 2
1009 1 55.0 57.0 2
1007 1 55.0 57.0 2
1006 1 55.0 57.0 2
1005 1 55.0 57.0 2
1447 1 64.0 61.0 2
1446 1 64.0 61.0 2
1445 1 64.0 61.0 2
1444 1 64.0 61.0 2
1441 1 64.0 61.0 2
1440 1 64.0 61.0 2
1439 1 64.0 61.0 2
1438 1 64.0 61.0 2
1265 1 57.0 72.0 2
1263 1 57.0 72.0 2
1262 1 57.0 72.0 2
1261 1 57.0 72.0 2
1260 1 57.0 72.0 2
1259 1 57.0 72.0 2
1257 1 57.0 72.0 2
1255 1 57.0 72.0 2
1254 1 57.0 72.0 2
1253 1 57.0 72.0 2
1252 1 57.0 72.0 2
1251 1 57.0 72.0 2
1250 1 57.0 72.0 2
1248 1 57.0 72.0 2
1247 1 57.0 72.0 2
1246 1 57.0 72.0 2
1245 1 57.0 72.0 2
1243 1 57.0 72.0 2
1242 1 57.0 72.0 2
1241 1 57.0 72.0 2
1239 1 57.0 72.0 2
1238 1 57.0 72.0 2
1236 1 57.0 72.0 2
1235 1 57.0 72.0 2
1233 1 57.0 72.0 2
1231 1 57.0 72.0 2
1230 1 57.0 72.0 2
1229 1 57.0 72.0 2
1228 1 50.0 70.0 2
1227 1 50.0 70.0 2
1226 1 50.0 70.0 2
1225 1 50.0 70.0 2
1223 1 50.0 70.0 2
1222 1 50.0 70.0 2
1221 1 50.0 70.0 2
1220 1 50.0 70.0 2
748 1 47.0 66.0 2
747 1 47.0 66.0 2
746 1 47.0 66.0 2
745 1 47.0 66.0 2
744 1 47.0 66.0 2
741 1 47.0 66.0 2
739 1 47.0 66.0 2
738 1 47.0 66.0 2
737 1 47.0 66.0 2
736 1 47.0 66.0 2
735 1 47.0 66.0 2
733 1 47.0 66.0 2
732 1 47.0 66.0 2
731 1 47.0 66.0 2
730 1 47.0 66.0 2
729 1 47.0 66.0 2
726 1 47.0 66.0 2
211 1 40.0 66.0 2
210 1 40.0 66.0 2
209 1 40.0 66.0 2
207 1 40.0 66.0 2
206 1 40.0 66.0 2
204 1 40.0 66.0 2
203 1 40.0 66.0 2
202 1 40.0 66.0 2
201 1 40.0 66.0 2
200 1 40.0 66.0 2
199 1 40.0 66.0 2
198 1 40.0 66.0 2
196 1 40.0 66.0 2
195 1 40.0 66.0 2
194 1 40.0 66.0 2
193 1 40.0 66.0 2
192 1 40.0 66.0 2
191 1 40.0 66.0 2
190 1 40.0 66.0 2
186 1 40.0 66.0 2
615 1 31.0 76.0 2
614 1 31.0 76.0 2
613 1 31.0 76.0 2
611 1 31.0 76.0 2
609 1 31.0 76.0 2
608 1 31.0 76.0 2
607 1 31.0 76.0 2
606 1 31.0 76.0 2
605 1 31.0 76.0 2
603 1 31.0 76.0 2
602 1 31.0 76.0 2
601 1 31.0 76.0 2
600 1 31.0 76.0 2
596 1 31.0 76.0 2
594 1 31.0 76.0 2
593 1 31.0 76.0 2
592 1 31.0 76.0 2
591 1 31.0 76.0 2
1328 1 35.0 60.0 2
1110 1 40.0 60.0 2
1109 1 40.0 60.0 2
1108 1 40.0 60.0 2
1107 1 40.0 60.0 2
1106 1 40.0 60.0 2
1105 1 40.0 60.0 2
1104 1 40.0 60.0 2
1102 1 40.0 60.0 2
1101 1 40.0 60.0 2
1100 1 40.0 60.0 2
1099 1 40.0 60.0 2
1097 1 40.0 60.0 2
1095 1 40.0 60.0 2
1092 1 40.0 60.0 2
1091 1 40.0 60.0 2
1090 1 40.0 60.0 2
263 1 35.0 51.0 2
262 1 35.0 51.0 2
261 1 35.0 51.0 2
260 1 35.0 51.0 2
259 1 35.0 51.0 2
256 1 35.0 51.0 2
255 1 35.0 51.0 2
254 1 35.0 51.0 2
253 1 35.0 51.0 2
252 1 35.0 51.0 2
251 1 35.0 51.0 2
250 1 35.0 51.0 2
249 1 35.0 51.0 2
-1 0 40.0 40.0 D
797 2 59.0 87.23917388916016 60 2147483647 61
0 0 40.0 40.0 D
798 1 30.0 50.0 2
796 1 30.0 50.0 2
794 1 30.0 50.0 2
793 1 30.0 50.0 2
792 1 30.0 50.0 2
791 1 30.0 50.0 2
790 1 30.0 50.0 2
789 1 30.0 50.0 2
788 1 30.0 50.0 2
787 1 30.0 50.0 2
786 1 30.0 50.0 2
784 1 30.0 50.0 2
783 1 30.0 50.0 2
782 1 30.0 50.0 2
781 1 30.0 50.0 2
780 1 30.0 50.0 2
779 1 30.0 50.0 2
777 1 30.0 50.0 2
776 1 30.0 50.0 2
775 1 30.0 50.0 2
773 1 30.0 50.0 2
772 1 30.0 50.0 2
771 1 30.0 50.0 2
770 1 30.0 50.0 2
769 1 30.0 50.0 2
768 1 30.0 50.0 2
767 1 30.0 50.0 2
491 1 17.0 64.0 2
489 1 17.0 64.0 2
487 1 17.0 64.0 2
486 1 17.0 64.0 2
485 1 17.0 64.0 2
484 1 17.0 64.0 2
483 1 17.0 64.0 2
482 1 17.0 64.0 2
481 1 17.0 64.0 2
480 1 17.0 64.0 2
479 1 17.0 64.0 2
478 1 17.0 64.0 2
1046 1 10.0 70.0 2
1045 1 10.0 70.0 2
1044 1 10.0 70.0 2
1043 1 10.0 70.0 2
1482 1 13.0 68.0 2
1481 1 13.0 68.0 2
763 1 30.0 60.0 2
762 1 30.0 60.0 2
761 1 30.0 60.0 2
759 1 30.0 60.0 2
758 1 30.0 60.0 2
757 1 30.0 60.0 2
756 1 30.0 60.0 2
755 1 30.0 60.0 2
754 1 30.0 60.0 2
753 1 30.0 60.0 2
752 1 30.0 60.0 2
751 1 30.0 60.0 2
750 1 30.0 60.0 2
264 1 35.0 51.0 2
-1 0 40.0 40.0 D
798 1 59.0 103.01286315917969 60 2147483647 61
0 0 40.0 40.0 D
797 1 30.0 50.0 1
795 1 30.0 50.0 1
785 1 30.0 50.0 1
778 1 30.0 50.0 1
774 1 30.0 50.0 1
766 1 30.0 50.0 1
490 1 17.0 64.0 1
488 1 17.0 64.0 1
1526 1 2.0 68.0 1
1525 1 2.0 68.0 1
1524 1 2.0 68.0 1
1523 1 2.0 68.0 1
1522 1 2.0 68.0 1
1521 1 2.0 68.0 1
1520 1 2.0 68.0 1
1519 1 2.0 68.0 1
1518 1 2.0 68.0 1
1517 1 2.0 68.0 1
1516 1 2.0 68.0 1
1515 1 2.0 68.0 1
1514 1 2.0 68.0 1
1513 1 2.0 68.0 1
1512 1 2.0 68.0 1
1511 1 2.0 68.0 1
1510 1 2.0 68.0 1
1509 1 2.0 68.0 1
1695 1 20.0 70.0 1
1694 1 20.0 70.0 1
1693 1 20.0 70.0 1
1692 1 20.0 70.0 1
185 1 26.0 59.0 1
184 1 26.0 59.0 1
183 1 26.0 59.0 1
182 1 26.0 59.0 1
181 1 26.0 59.0 1
180 1 26.0 59.0 1
179 1 26.0 59.0 1
178 1 26.0 59.0 1
177 1 26.0 59.0 1
176 1 26.0 59.0 1
175 1 26.0 59.0 1
174 1 26.0 59.0 1
173 1 26.0 59.0 1
172 1 26.0 59.0 1
171 1 26.0 59.0 1
170 1 26.0 59.0 1
169 1 26.0 59.0 1
168 1 26.0 59.0 1
167 1 26.0 59.0 1
166 1 26.0 59.0 1
165 1 26.0 59.0 1
164 1 26.0 59.0 1
163 1 26.0 59.0 1
162 1 26.0 59.0 1
161 1 26.0 59.0 1
160 1 26.0 59.0 1
159 1 26.0 59.0 1
158 1 26.0 59.0 1
157 1 26.0 59.0 1
-1 0 40.0 40.0 D
799 2 59.0 90.45862579345703 60 2147483647 61
0 0 40.0 40.0 D
1507 1 33.0 43.0 2
1506 1 33.0 43.0 2
1505 1 33.0 43.0 2
1504 1 33.0 43.0 2
1503 1 33.0 43.0 2
46 1 21.0 45.0 2
1538 1 17.0 50.0 2
971 1 15.0 56.0 2
970 1 15.0 56.0 2
969 1 15.0 56.0 2
967 1 15.0 56.0 2
966 1 15.0 56.0 2
965 1 15.0 56.0 2
964 1 15.0 56.0 2
963 1 15.0 56.0 2
960 1 15.0 56.0 2
959 1 15.0 56.0 2
958 1 15.0 56.0 2
955 1 15.0 56.0 2
953 1 15.0 56.0 2
1049 1 10.0 70.0 2
1048 1 10.0 70.0 2
1047 1 10.0 70.0 2
642 1 22.0 53.0 2
641 1 22.0 53.0 2
640 1 22.0 53.0 2
639 1 22.0 53.0 2
638 1 22.0 53.0 2
637 1 22.0 53.0 2
636 1 22.0 53.0 2
635 1 22.0 53.0 2
634 1 22.0 53.0 2
633 1 22.0 53.0 2
631 1 22.0 53.0 2
629 1 22.0 53.0 2
628 1 22.0 53.0 2
627 1 22.0 53.0 2
626 1 22.0 53.0 2
624 1 22.0 53.0 2
623 1 22.0 53.0 2
622 1 22.0 53.0 2
621 1 22.0 53.0 2
620 1 22.0 53.0 2
619 1 22.0 53.0 2
618 1 22.0 53.0 2
616 1 22.0 53.0 2
354 1 33.0 44.0 2
353 1 33.0 44.0 2
352 1 33.0 44.0 2
350 1 33.0 44.0 2
348 1 33.0 44.0 2
347 1 33.0 44.0 2
346 1 33.0 44.0 2
345 1 33.0 44.0 2
344 1 33.0 44.0 2
342 1 33.0 44.0 2
340 1 33.0 44.0 2
339 1 33.0 44.0 2
336 1 33.0 44.0 2
-1 0 40.0 40.0 D
800 1 59.0 96.39112854003906 60 2147483647 61
0 0 40.0 40.0 D
643 1 22.0 53.0 1
632 1 22.0 53.0 1
630 1 22.0 53.0 1
625 1 22.0 53.0 1
617 1 22.0 53.0 1
1581 1 16.0 56.0 1
1580 1 16.0 56.0 1
1579 1 16.0 56.0 1
1578 1 16.0 56.0 1
1577 1 16.0 56.0 1
1576 1 16.0 56.0 1
1575 1 16.0 56.0 1
1574 1 16.0 56.0 1
1573 1 16.0 56.0 1
1572 1 16.0 56.0 1
1571 1 16.0 56.0 1
1570 1 16.0 56.0 1
1569 1 16.0 56.0 1
1568 1 16.0 56.0 1
1567 1 16.0 56.0 1
1566 1 16.0 56.0 1
1565 1 16.0 56.0 1
1564 1 16.0 56.0 1
1563 1 16.0 56.0 1
1562 1 16.0 56.0 1
1561 1 16.0 56.0 1
1560 1 16.0 56.0 1
1559 1 16.0 56.0 1
1558 1 16.0 56.0 1
973 1 15.0 56.0 1
972 1 15.0 56.0 1
968 1 15.0 56.0 1
962 1 15.0 56.0 1
961 1 15.0 56.0 1
957 1 15.0 56.0 1
956 1 15.0 56.0 1
954 1 15.0 56.0 1
952 1 15.0 56.0 1
1537 1 2.0 68.0 1
1536 1 2.0 68.0 1
1535 1 2.0 68.0 1
1534 1 2.0 68.0 1
1533 1 2.0 68.0 1
1532 1 2.0 68.0 1
1531 1 2.0 68.0 1
1530 1 2.0 68.0 1
1529 1 2.0 68.0 1
1528 1 2.0 68.0 1
1527 1 2.0 68.0 1
357 1 9.0 56.0 1
356 1 9.0 56.0 1
355 1 9.0 56.0 1
351 1 33.0 44.0 1
349 1 33.0 44.0 1
343 1 33.0 44.0 1
341 1 33.0 44.0 1
338 1 33.0 44.0 1
337 1 33.0 44.0 1
335 1 33.0 44.0 1
-1 0 40.0 40.0 D
801 1 59.0 84.17255401611328 60 2147483647 61
0 0 40.0 40.0 D
1508 1 33.0 43.0 1
859 1 21.0 48.0 1
858 1 21.0 48.0 1
857 1 21.0 48.0 1
856 1 21.0 48.0 1
855 1 21.0 48.0 1
854 1 21.0 48.0 1
853 1 21.0 48.0 1
852 1 21.0 48.0 1
851 1 21.0 48.0 1
850 1 21.0 48.0 1
849 1 21.0 48.0 1
848 1 21.0 48.0 1
847 1 21.0 48.0 1
846 1 21.0 48.0 1
845 1 21.0 48.0 1
844 1 21.0 48.0 1
843 1 21.0 48.0 1
1540 1 17.0 50.0 1
1539 1 17.0 50.0 1
367 1 9.0 56.0 1
366 1 9.0 56.0 1
365 1 9.0 56.0 1
364 1 9.0 56.0 1
363 1 9.0 56.0 1
362 1 9.0 56.0 1
361 1 9.0 56.0 1
360 1 9.0 56.0 1
359 1 9.0 56.0 1
358 1 9.0 56.0 1
1718 1 4.0 47.0 1
1717 1 4.0 47.0 1
1716 1 4.0 47.0 1
1715 1 4.0 47.0 1
1714 1 4.0 47.0 1
1713 1 4.0 47.0 1
1712 1 4.0 47.0 1
1711 1 4.0 47.0 1
1710 1 4.0 47.0 1
1709 1 4.0 47.0 1
1708 1 4.0 47.0 1
1707 1 4.0 47.0 1
1706 1 4.0 47.0 1
1705 1 4.0 47.0 1
1704 1 4.0 47.0 1
1703 1 4.0 47.0 1
1702 1 4.0 47.0 1
1701 1 4.0 47.0 1
1700 1 4.0 47.0 1
1699 1 4.0 47.0 1
1698 1 4.0 47.0 1
1697 1 4.0 47.0 1
1696 1 4.0 47.0 1
473 1 7.0 43.0 1
468 1 7.0 43.0 1
467 1 7.0 43.0 1
455 1 7.0 43.0 1
51 1 21.0 45.0 1
45 1 21.0 45.0 1
-1 0 40.0 40.0 D
802 2 59.0 81.70880126953125 60 2147483647 61
0 0 40.0 40.0 D
55 1 21.0 45.0 2
54 1 21.0 45.0 2
53 1 21.0 45.0 2
52 1 21.0 45.0 2
50 1 21.0 45.0 2
49 1 21.0 45.0 2
48 1 21.0 45.0 2
47 1 21.0 45.0 2
477 1 7.0 43.0 2
476 1 7.0 43.0 2
475 1 7.0 43.0 2
474 1 7.0 43.0 2
472 1 7.0 43.0 2
471 1 7.0 43.0 2
470 1 7.0 43.0 2
469 1 7.0 43.0 2
466 1 7.0 43.0 2
465 1 7.0 43.0 2
464 1 7.0 43.0 2
463 1 7.0 43.0 2
462 1 7.0 43.0 2
461 1 7.0 43.0 2
460 1 7.0 43.0 2
459 1 7.0 43.0 2
458 1 7.0 43.0 2
457 1 7.0 43.0 2
456 1 7.0 43.0 2
454 1 7.0 43.0 2
453 1 7.0 43.0 2
452 1 7.0 43.0 2
451 1 7.0 43.0 2
449 1 11.0 28.0 2
448 1 11.0 28.0 2
447 1 11.0 28.0 2
446 1 11.0 28.0 2
445 1 11.0 28.0 2
334 1 21.0 36.0 2
333 1 21.0 36.0 2
332 1 21.0 36.0 2
330 1 21.0 36.0 2
329 1 21.0 36.0 2
328 1 21.0 36.0 2
326 1 21.0 36.0 2
324 1 21.0 36.0 2
323 1 21.0 36.0 2
322 1 21.0 36.0 2
321 1 21.0 36.0 2
320 1 21.0 36.0 2
319 1 21.0 36.0 2
317 1 21.0 36.0 2
316 1 21.0 36.0 2
985 1 29.0 39.0 2
984 1 29.0 39.0 2
982 1 29.0 39.0 2
980 1 29.0 39.0 2
978 1 29.0 39.0 2
977 1 29.0 39.0 2
975 1 29.0 39.0 2
974 1 29.0 39.0 2
-1 0 40.0 40.0 D
803 1 59.0 115.23040771484375 60 2147483647 61
0 0 40.0 40.0 D
983 1 29.0 39.0 1
981 1 29.0 39.0 1
979 1 29.0 39.0 1
976 1 29.0 39.0 1
331 1 21.0 36.0 1
327 1 21.0 36.0 1
325 1 21.0 36.0 1
318 1 21.0 36.0 1
951 1 12.0 38.0 1
950 1 12.0 38.0 1
949 1 12.0 38.0 1
948 1 12.0 38.0 1
947 1 12.0 38.0 1
1071 1 6.0 25.0 1
1067 1 6.0 25.0 1
1064 1 6.0 25.0 1
1053 1 6.0 25.0 1
1052 1 6.0 25.0 1
1051 1 6.0 25.0 1
820 1 15.0 14.0 1
816 1 15.0 14.0 1
1219 1 15.0 5.0 1
1212 1 15.0 5.0 1
1211 1 15.0 5.0 1
1209 1 15.0 5.0 1
1202 1 15.0 5.0 1
1200 1 15.0 5.0 1
1199 1 15.0 5.0 1
1198 1 15.0 5.0 1
1196 1 15.0 5.0 1
1382 1 22.0 10.0 1
1381 1 22.0 10.0 1
1380 1 22.0 10.0 1
1379 1 22.0 10.0 1
1378 1 22.0 10.0 1
1377 1 22.0 10.0 1
1376 1 22.0 10.0 1
1375 1 22.0 10.0 1
1374 1 22.0 10.0 1
1373 1 22.0 10.0 1
1372 1 22.0 10.0 1
1371 1 22.0 10.0 1
1370 1 22.0 10.0 1
1369 1 22.0 10.0 1
1368 1 22.0 10.0 1
1367 1 22.0 10.0 1
1366 1 22.0 10.0 1
1365 1 22.0 10.0 1
18 1 22.0 22.0 1
14 1 22.0 22.0 1
6 1 22.0 22.0 1
1332 1 27.0 24.0 1
670 1 26.0 29.0 1
667 1 26.0 29.0 1
665 1 26.0 29.0 1
663 1 26.0 29.0 1
659 1 26.0 29.0 1
653 1 26.0 29.0 1
644 1 26.0 29.0 1
-1 0 40.0 40.0 D
804 2 59.0 83.65475463867188 60 2147483647 61
0 0 40.0 40.0 D
669 1 26.0 29.0 2
668 1 26.0 29.0 2
666 1 26.0 29.0 2
664 1 26.0 29.0 2
662 1 26.0 29.0 2
661 1 26.0 29.0 2
660 1 26.0 29.0 2
658 1 26.0 29.0 2
657 1 26.0 29.0 2
656 1 26.0 29.0 2
655 1 26.0 29.0 2
654 1 26.0 29.0 2
652 1 26.0 29.0 2
651 1 26.0 29.0 2
650 1 26.0 29.0 2
649 1 26.0 29.0 2
648 1 26.0 29.0 2
647 1 26.0 29.0 2
646 1 26.0 29.0 2
645 1 26.0 29.0 2
805 1 12.0 17.0 2
804 1 12.0 17.0 2
803 1 12.0 17.0 2
802 1 12.0 17.0 2
801 1 12.0 17.0 2
800 1 12.0 17.0 2
799 1 12.0 17.0 2
1075 1 6.0 25.0 2
1074 1 6.0 25.0 2
1073 1 6.0 25.0 2
1072 1 6.0 25.0 2
1070 1 6.0 25.0 2
1069 1 6.0 25.0 2
1068 1 6.0 25.0 2
1066 1 6.0 25.0 2
1065 1 6.0 25.0 2
1063 1 6.0 25.0 2
1062 1 6.0 25.0 2
1061 1 6.0 25.0 2
1060 1 6.0 25.0 2
1059 1 6.0 25.0 2
1058 1 6.0 25.0 2
1057 1 6.0 25.0 2
1056 1 6.0 25.0 2
1055 1 6.0 25.0 2
1054 1 6.0 25.0 2
1050 1 6.0 25.0 2
450 1 11.0 28.0 2
1191 1 20.0 30.0 2
1190 1 20.0 30.0 2
1189 1 20.0 30.0 2
1188 1 20.0 30.0 2
1187 1 20.0 30.0 2
1186 1 20.0 30.0 2
1185 1 20.0 30.0 2
1184 1 20.0 30.0 2
1183 1 20.0 30.0 2
1182 1 20.0 30.0 2
1181 1 20.0 30.0 2
-1 0 40.0 40.0 D
805 2 59.0 72.87423706054688 60 2147483647 61
0 0 40.0 40.0 D
125 1 33.0 34.0 2
124 1 33.0 34.0 2
123 1 33.0 34.0 2
122 1 33.0 34.0 2
121 1 33.0 34.0 2
120 1 33.0 34.0 2
119 1 33.0 34.0 2
118 1 33.0 34.0 2
117 1 33.0 34.0 2
116 1 33.0 34.0 2
115 1 33.0 34.0 2
114 1 33.0 34.0 2
113 1 33.0 34.0 2
112 1 33.0 34.0 2
111 1 33.0 34.0 2
110 1 33.0 34.0 2
109 1 33.0 34.0 2
108 1 33.0 34.0 2
107 1 33.0 34.0 2
813 1 12.0 17.0 2
812 1 12.0 17.0 2
811 1 12.0 17.0 2
810 1 12.0 17.0 2
809 1 12.0 17.0 2
808 1 12.0 17.0 2
807 1 12.0 17.0 2
806 1 12.0 17.0 2
842 1 16.0 19.0 2
841 1 16.0 19.0 2
840 1 16.0 19.0 2
839 1 16.0 19.0 2
838 1 16.0 19.0 2
837 1 16.0 19.0 2
836 1 16.0 19.0 2
835 1 16.0 19.0 2
834 1 16.0 19.0 2
833 1 16.0 19.0 2
832 1 16.0 19.0 2
831 1 16.0 19.0 2
830 1 16.0 19.0 2
829 1 16.0 19.0 2
828 1 16.0 19.0 2
827 1 16.0 19.0 2
826 1 16.0 19.0 2
825 1 16.0 19.0 2
16 1 22.0 22.0 2
15 1 22.0 22.0 2
13 1 22.0 22.0 2
12 1 22.0 22.0 2
11 1 22.0 22.0 2
10 1 22.0 22.0 2
9 1 22.0 22.0 2
8 1 22.0 22.0 2
7 1 22.0 22.0 2
5 1 22.0 22.0 2
4 1 22.0 22.0 2
3 1 22.0 22.0 2
2 1 22.0 22.0 2
1 1 22.0 22.0 2
-1 0 40.0 40.0 D
806 2 59.0 90.19374084472656 60 2147483647 61
0 0 40.0 40.0 D
39 1 36.0 26.0 2
38 1 36.0 26.0 2
37 1 36.0 26.0 2
35 1 36.0 26.0 2
33 1 36.0 26.0 2
32 1 36.0 26.0 2
31 1 36.0 26.0 2
29 1 36.0 26.0 2
28 1 36.0 26.0 2
26 1 36.0 26.0 2
25 1 36.0 26.0 2
22 1 36.0 26.0 2
21 1 36.0 26.0 2
20 1 36.0 26.0 2
19 1 36.0 26.0 2
444 1 26.0 13.0 2
443 1 26.0 13.0 2
442 1 26.0 13.0 2
440 1 26.0 13.0 2
439 1 26.0 13.0 2
438 1 26.0 13.0 2
437 1 26.0 13.0 2
435 1 26.0 13.0 2
434 1 26.0 13.0 2
433 1 26.0 13.0 2
1218 1 15.0 5.0 2
1217 1 15.0 5.0 2
1216 1 15.0 5.0 2
1215 1 15.0 5.0 2
1214 1 15.0 5.0 2
1213 1 15.0 5.0 2
1210 1 15.0 5.0 2
1208 1 15.0 5.0 2
1207 1 15.0 5.0 2
1206 1 15.0 5.0 2
1205 1 15.0 5.0 2
1204 1 15.0 5.0 2
1203 1 15.0 5.0 2
1201 1 15.0 5.0 2
1197 1 15.0 5.0 2
1195 1 15.0 5.0 2
1194 1 15.0 5.0 2
1193 1 15.0 5.0 2
1192 1 15.0 5.0 2
824 1 15.0 14.0 2
823 1 15.0 14.0 2
822 1 15.0 14.0 2
821 1 15.0 14.0 2
819 1 15.0 14.0 2
818 1 15.0 14.0 2
817 1 15.0 14.0 2
815 1 15.0 14.0 2
814 1 15.0 14.0 2
17 1 22.0 22.0 2
1334 1 27.0 24.0 2
1333 1 27.0 24.0 2
1331 1 27.0 24.0 2
1330 1 27.0 24.0 2
1329 1 27.0 24.0 2
-1 0 40.0 40.0 D
807 1 59.0 87.1209716796875 60 2147483647 61
0 0 40.0 40.0 D
1303 1 38.0 33.0 1
36 1 36.0 26.0 1
34 1 36.0 26.0 1
30 1 36.0 26.0 1
27 1 36.0 26.0 1
24 1 36.0 26.0 1
23 1 36.0 26.0 1
1180 1 30.0 20.0 1
1179 1 30.0 20.0 1
1178 1 30.0 20.0 1
1177 1 30.0 20.0 1
1176 1 30.0 20.0 1
1175 1 30.0 20.0 1
1174 1 30.0 20.0 1
1173 1 30.0 20.0 1
1172 1 30.0 20.0 1
1171 1 30.0 20.0 1
1170 1 30.0 20.0 1
1169 1 30.0 20.0 1
1168 1 30.0 20.0 1
1167 1 30.0 20.0 1
1166 1 30.0 20.0 1
1165 1 30.0 20.0 1
1164 1 30.0 20.0 1
1163 1 30.0 20.0 1
441 1 26.0 13.0 1
436 1 26.0 13.0 1
1387 1 22.0 10.0 1
1386 1 22.0 10.0 1
1385 1 22.0 10.0 1
1384 1 22.0 10.0 1
1383 1 22.0 10.0 1
1161 1 36.0 6.0 1
1159 1 36.0 6.0 1
1156 1 36.0 6.0 1
1151 1 36.0 6.0 1
555 1 35.0 16.0 1
554 1 35.0 16.0 1
546 1 35.0 16.0 1
545 1 35.0 16.0 1
541 1 35.0 16.0 1
539 1 35.0 16.0 1
533 1 35.0 16.0 1
532 1 35.0 16.0 1
531 1 35.0 16.0 1
527 1 35.0 16.0 1
1344 1 40.0 20.0 1
1343 1 40.0 20.0 1
1342 1 40.0 20.0 1
1341 1 40.0 20.0 1
1340 1 40.0 20.0 1
1339 1 40.0 20.0 1
1338 1 40.0 20.0 1
1337 1 40.0 20.0 1
1336 1 40.0 20.0 1
1335 1 40.0 20.0 1
1356 1 40.0 37.0 1
1349 1 40.0 37.0 1
1348 1 40.0 37.0 1
-1 0 40.0 40.0 D
808 2 59.0 68.9169692993164 60 2147483647 61
0 0 40.0 40.0 D
1363 1 40.0 37.0 2
1362 1 40.0 37.0 2
1361 1 40.0 37.0 2
1360 1 40.0 37.0 2
1359 1 40.0 37.0 2
1357 1 40.0 37.0 2
1355 1 40.0 37.0 2
1354 1 40.0 37.0 2
1353 1 40.0 37.0 2
1352 1 40.0 37.0 2
1351 1 40.0 37.0 2
1350 1 40.0 37.0 2
1347 1 40.0 37.0 2
1346 1 40.0 37.0 2
1345 1 40.0 37.0 2
1162 1 36.0 6.0 2
1160 1 36.0 6.0 2
1158 1 36.0 6.0 2
1157 1 36.0 6.0 2
1155 1 36.0 6.0 2
1154 1 36.0 6.0 2
1153 1 36.0 6.0 2
1152 1 36.0 6.0 2
1150 1 36.0 6.0 2
1149 1 36.0 6.0 2
1148 1 36.0 6.0 2
553 1 35.0 16.0 2
552 1 35.0 16.0 2
551 1 35.0 16.0 2
550 1 35.0 16.0 2
549 1 35.0 16.0 2
548 1 35.0 16.0 2
547 1 35.0 16.0 2
544 1 35.0 16.0 2
543 1 35.0 16.0 2
542 1 35.0 16.0 2
540 1 35.0 16.0 2
538 1 35.0 16.0 2
537 1 35.0 16.0 2
536 1 35.0 16.0 2
535 1 35.0 16.0 2
534 1 35.0 16.0 2
530 1 35.0 16.0 2
529 1 35.0 16.0 2
528 1 35.0 16.0 2
44 1 36.0 26.0 2
43 1 36.0 26.0 2
42 1 36.0 26.0 2
41 1 36.0 26.0 2
40 1 36.0 26.0 2
1305 1 38.0 33.0 2
1304 1 38.0 33.0 2
1302 1 38.0 33.0 2
1301 1 38.0 33.0 2
1300 1 38.0 33.0 2
1299 1 38.0 33.0 2
1298 1 38.0 33.0 2
1297 1 38.0 33.0 2
1296 1 38.0 33.0 2
-1 0 40.0 40.0 D
809 1 59.0 110.2635498046875 60 2147483647 61
0 0 40.0 40.0 D
56 1 45.0 35.0 1
567 1 52.0 26.0 1
566 1 52.0 26.0 1
105 1 55.0 20.0 1
104 1 55.0 20.0 1
102 1 55.0 20.0 1
96 1 55.0 20.0 1
94 1 55.0 20.0 1
89 1 55.0 20.0 1
87 1 55.0 20.0 1
723 1 60.0 15.0 1
717 1 60.0 15.0 1
715 1 60.0 15.0 1
713 1 60.0 15.0 1
1318 1 66.0 8.0 1
1143 1 64.0 4.0 1
1141 1 64.0 4.0 1
1139 1 64.0 4.0 1
1136 1 64.0 4.0 1
1327 1 59.0 5.0 1
1326 1 59.0 5.0 1
1325 1 59.0 5.0 1
710 1 54.0 10.0 1
708 1 54.0 10.0 1
707 1 54.0 10.0 1
706 1 54.0 10.0 1
704 1 54.0 10.0 1
1307 1 50.0 4.0 1
431 1 44.0 13.0 1
424 1 44.0 13.0 1
420 1 44.0 13.0 1
416 1 44.0 13.0 1
413 1 44.0 13.0 1
407 1 44.0 13.0 1
926 1 50.0 15.0 1
925 1 50.0 15.0 1
924 1 50.0 15.0 1
923 1 50.0 15.0 1
922 1 50.0 15.0 1
921 1 50.0 15.0 1
920 1 50.0 15.0 1
919 1 50.0 15.0 1
918 1 50.0 15.0 1
917 1 50.0 15.0 1
916 1 50.0 15.0 1
915 1 50.0 15.0 1
914 1 50.0 15.0 1
913 1 50.0 15.0 1
912 1 50.0 15.0 1
911 1 50.0 15.0 1
910 1 50.0 15.0 1
909 1 50.0 15.0 1
908 1 50.0 15.0 1
942 1 48.0 21.0 1
937 1 48.0 21.0 1
933 1 48.0 21.0 1
585 1 43.0 26.0 1
581 1 43.0 26.0 1
1358 1 40.0 37.0 1
-1 0 40.0 40.0 D
810 2 59.0 75.98957824707031 60 2147483647 61
0 0 40.0 40.0 D
1364 1 40.0 37.0 2
590 1 43.0 26.0 2
589 1 43.0 26.0 2
588 1 43.0 26.0 2
587 1 43.0 26.0 2
586 1 43.0 26.0 2
584 1 43.0 26.0 2
583 1 43.0 26.0 2
582 1 43.0 26.0 2
580 1 43.0 26.0 2
579 1 43.0 26.0 2
578 1 43.0 26.0 2
577 1 43.0 26.0 2
576 1 43.0 26.0 2
575 1 43.0 26.0 2
574 1 43.0 26.0 2
573 1 43.0 26.0 2
572 1 43.0 26.0 2
571 1 43.0 26.0 2
570 1 43.0 26.0 2
569 1 43.0 26.0 2
432 1 44.0 13.0 2
430 1 44.0 13.0 2
429 1 44.0 13.0 2
428 1 44.0 13.0 2
427 1 44.0 13.0 2
426 1 44.0 13.0 2
425 1 44.0 13.0 2
423 1 44.0 13.0 2
422 1 44.0 13.0 2
421 1 44.0 13.0 2
419 1 44.0 13.0 2
418 1 44.0 13.0 2
417 1 44.0 13.0 2
415 1 44.0 13.0 2
414 1 44.0 13.0 2
412 1 44.0 13.0 2
411 1 44.0 13.0 2
410 1 44.0 13.0 2
409 1 44.0 13.0 2
408 1 44.0 13.0 2
406 1 44.0 13.0 2
405 1 44.0 13.0 2
1313 1 50.0 4.0 2
1312 1 50.0 4.0 2
1311 1 50.0 4.0 2
1310 1 50.0 4.0 2
1309 1 50.0 4.0 2
1308 1 50.0 4.0 2
1306 1 50.0 4.0 2
936 1 48.0 21.0 2
935 1 48.0 21.0 2
934 1 48.0 21.0 2
932 1 48.0 21.0 2
931 1 48.0 21.0 2
930 1 48.0 21.0 2
929 1 48.0 21.0 2
928 1 48.0 21.0 2
927 1 48.0 21.0 2
-1 0 40.0 40.0 D
811 2 59.0 90.71743774414062 60 2147483647 61
0 0 40.0 40.0 D
556 1 52.0 26.0 2
106 1 55.0 20.0 2
103 1 55.0 20.0 2
101 1 55.0 20.0 2
100 1 55.0 20.0 2
99 1 55.0 20.0 2
98 1 55.0 20.0 2
97 1 55.0 20.0 2
95 1 55.0 20.0 2
93 1 55.0 20.0 2
92 1 55.0 20.0 2
91 1 55.0 20.0 2
90 1 55.0 20.0 2
88 1 55.0 20.0 2
86 1 55.0 20.0 2
725 1 60.0 15.0 2
724 1 60.0 15.0 2
722 1 60.0 15.0 2
721 1 60.0 15.0 2
720 1 60.0 15.0 2
719 1 60.0 15.0 2
718 1 60.0 15.0 2
716 1 60.0 15.0 2
714 1 60.0 15.0 2
712 1 60.0 15.0 2
1324 1 66.0 8.0 2
1323 1 66.0 8.0 2
1322 1 66.0 8.0 2
1321 1 66.0 8.0 2
1320 1 66.0 8.0 2
1319 1 66.0 8.0 2
1317 1 66.0 8.0 2
1316 1 66.0 8.0 2
1315 1 66.0 8.0 2
1314 1 66.0 8.0 2
1147 1 64.0 4.0 2
1146 1 64.0 4.0 2
1145 1 64.0 4.0 2
1144 1 64.0 4.0 2
1142 1 64.0 4.0 2
1140 1 64.0 4.0 2
1138 1 64.0 4.0 2
1137 1 64.0 4.0 2
1135 1 64.0 4.0 2
711 1 54.0 10.0 2
709 1 54.0 10.0 2
705 1 54.0 10.0 2
703 1 54.0 10.0 2
702 1 54.0 10.0 2
701 1 54.0 10.0 2
700 1 54.0 10.0 2
946 1 48.0 21.0 2
945 1 48.0 21.0 2
944 1 48.0 21.0 2
943 1 48.0 21.0 2
941 1 48.0 21.0 2
940 1 48.0 21.0 2
939 1 48.0 21.0 2
938 1 48.0 21.0 2
-1 0 40.0 40.0 D
812 2 59.0 76.0442886352539 60 2147483647 61
0 0 40.0 40.0 D
512 1 55.0 34.0 2
315 1 62.0 24.0 2
314 1 62.0 24.0 2
313 1 62.0 24.0 2
312 1 62.0 24.0 2
311 1 62.0 24.0 2
310 1 62.0 24.0 2
309 1 62.0 24.0 2
308 1 62.0 24.0 2
403 1 66.0 14.0 2
402 1 66.0 14.0 2
401 1 66.0 14.0 2
400 1 66.0 14.0 2
399 1 66.0 14.0 2
398 1 66.0 14.0 2
395 1 66.0 14.0 2
392 1 66.0 14.0 2
391 1 66.0 14.0 2
390 1 66.0 14.0 2
388 1 66.0 14.0 2
387 1 66.0 14.0 2
385 1 66.0 14.0 2
384 1 66.0 14.0 2
383 1 66.0 14.0 2
568 1 52.0 26.0 2
565 1 52.0 26.0 2
564 1 52.0 26.0 2
563 1 52.0 26.0 2
562 1 52.0 26.0 2
561 1 52.0 26.0 2
560 1 52.0 26.0 2
559 1 52.0 26.0 2
558 1 52.0 26.0 2
557 1 52.0 26.0 2
85 1 45.0 35.0 2
84 1 45.0 35.0 2
82 1 45.0 35.0 2
81 1 45.0 35.0 2
80 1 45.0 35.0 2
79 1 45.0 35.0 2
78 1 45.0 35.0 2
77 1 45.0 35.0 2
75 1 45.0 35.0 2
73 1 45.0 35.0 2
72 1 45.0 35.0 2
71 1 45.0 35.0 2
70 1 45.0 35.0 2
69 1 45.0 35.0 2
68 1 45.0 35.0 2
67 1 45.0 35.0 2
65 1 45.0 35.0 2
64 1 45.0 35.0 2
63 1 45.0 35.0 2
62 1 45.0 35.0 2
61 1 45.0 35.0 2
60 1 45.0 35.0 2
59 1 45.0 35.0 2
58 1 45.0 35.0 2
57 1 45.0 35.0 2
-1 0 40.0 40.0 D
813 1 49.0 78.17000579833984 60 2147483647 51
0 0 40.0 40.0 D
518 1 55.0 34.0 1
511 1 55.0 34.0 1
510 1 55.0 34.0 1
1089 1 65.0 27.0 1
1088 1 65.0 27.0 1
1087 1 65.0 27.0 1
1086 1 65.0 27.0 1
1085 1 65.0 27.0 1
1084 1 65.0 27.0 1
1083 1 65.0 27.0 1
1082 1 65.0 27.0 1
1081 1 65.0 27.0 1
1080 1 65.0 27.0 1
1079 1 65.0 27.0 1
1078 1 65.0 27.0 1
1077 1 65.0 27.0 1
1076 1 65.0 27.0 1
404 1 66.0 14.0 1
397 1 66.0 14.0 1
396 1 66.0 14.0 1
394 1 66.0 14.0 1
393 1 66.0 14.0 1
389 1 66.0 14.0 1
386 1 66.0 14.0 1
880 1 50.0 30.0 1
879 1 50.0 30.0 1
878 1 50.0 30.0 1
877 1 50.0 30.0 1
876 1 50.0 30.0 1
875 1 50.0 30.0 1
874 1 50.0 30.0 1
873 1 50.0 30.0 1
872 1 50.0 30.0 1
871 1 50.0 30.0 1
870 1 50.0 30.0 1
869 1 50.0 30.0 1
868 1 50.0 30.0 1
867 1 50.0 30.0 1
866 1 50.0 30.0 1
865 1 50.0 30.0 1
864 1 50.0 30.0 1
863 1 50.0 30.0 1
862 1 50.0 30.0 1
861 1 50.0 30.0 1
860 1 50.0 30.0 1
83 1 45.0 35.0 1
76 1 45.0 35.0 1
74 1 45.0 35.0 1
66 1 45.0 35.0 1
-1 0 40.0 40.0 D
814 1 51.0 66.7177963256836 60 2147483647 53
0 0 40.0 40.0 D
1594 1 69.0 28.0 1
1593 1 69.0 28.0 1
1592 1 69.0 28.0 1
1591 1 69.0 28.0 1
1590 1 69.0 28.0 1
1589 1 69.0 28.0 1
1588 1 69.0 28.0 1
1587 1 69.0 28.0 1
1586 1 69.0 28.0 1
1585 1 69.0 28.0 1
1584 1 69.0 28.0 1
1583 1 69.0 28.0 1
1582 1 69.0 28.0 1
1607 1 69.0 28.0 1
1606 1 69.0 28.0 1
1605 1 69.0 28.0 1
1604 1 69.0 28.0 1
1603 1 69.0 28.0 1
1602 1 69.0 28.0 1
1601 1 69.0 28.0 1
1600 1 69.0 28.0 1
1599 1 69.0 28.0 1
1598 1 69.0 28.0 1
1597 1 69.0 28.0 1
1596 1 69.0 28.0 1
1595 1 69.0 28.0 1
270 1 62.0 35.0 1
269 1 62.0 35.0 1
268 1 62.0 35.0 1
1667 1 63.0 37.0 1
1662 1 63.0 37.0 1
1656 1 63.0 37.0 1
1004 1 54.0 38.0 1
1003 1 54.0 38.0 1
1002 1 54.0 38.0 1
1001 1 54.0 38.0 1
1000 1 54.0 38.0 1
999 1 54.0 38.0 1
998 1 54.0 38.0 1
997 1 54.0 38.0 1
996 1 54.0 38.0 1
995 1 54.0 38.0 1
994 1 54.0 38.0 1
993 1 54.0 38.0 1
992 1 54.0 38.0 1
991 1 54.0 38.0 1
990 1 54.0 38.0 1
989 1 54.0 38.0 1
988 1 54.0 38.0 1
987 1 54.0 38.0 1
986 1 54.0 38.0 1
-1 0 40.0 40.0 D
844 2 99.0 64.60482788085938 100 2147483647 101
0 0 40.0 40.0 D
141 1 55.0 45.0 2
142 1 55.0 45.0 2
143 1 55.0 45.0 2
144 1 55.0 45.0 2
146 1 55.0 45.0 2
1027 1 67.0 41.0 2
1028 1 67.0 41.0 2
1029 1 67.0 41.0 2
1030 1 67.0 41.0 2
1031 1 67.0 41.0 2
1032 1 67.0 41.0 2
1033 1 67.0 41.0 2
1034 1 67.0 41.0 2
1035 1 67.0 41.0 2
1036 1 67.0 41.0 2
1037 1 67.0 41.0 2
1038 1 67.0 41.0 2
1039 1 67.0 41.0 2
1040 1 67.0 41.0 2
1042 1 67.0 41.0 2
1649 1 63.0 37.0 2
1650 1 63.0 37.0 2
1651 1 63.0 37.0 2
1652 1 63.0 37.0 2
1653 1 63.0 37.0 2
1654 1 63.0 37.0 2
1655 1 63.0 37.0 2
1657 1 63.0 37.0 2
1658 1 63.0 37.0 2
1659 1 63.0 37.0 2
1660 1 63.0 37.0 2
1661 1 63.0 37.0 2
1663 1 63.0 37.0 2
1664 1 63.0 37.0 2
1665 1 63.0 37.0 2
1666 1 63.0 37.0 2
1668 1 63.0 37.0 2
1669 1 63.0 37.0 2
265 1 62.0 35.0 2
266 1 62.0 35.0 2
267 1 62.0 35.0 2
271 1 62.0 35.0 2
272 1 62.0 35.0 2
273 1 62.0 35.0 2
274 1 62.0 35.0 2
275 1 62.0 35.0 2
276 1 62.0 35.0 2
513 1 55.0 34.0 2
514 1 55.0 34.0 2
515 1 55.0 34.0 2
516 1 55.0 34.0 2
517 1 55.0 34.0 2
519 1 55.0 34.0 2
520 1 55.0 34.0 2
521 1 55.0 34.0 2
522 1 55.0 34.0 2
523 1 55.0 34.0 2
524 1 55.0 34.0 2
525 1 55.0 34.0 2
526 1 55.0 34.0 2
881 1 51.0 42.0 2
882 1 51.0 42.0 2
883 1 51.0 42.0 2
886 1 51.0 42.0 2
887 1 51.0 42.0 2
888 1 51.0 42.0 2
889 1 51.0 42.0 2
890 1 51.0 42.0 2
891 1 51.0 42.0 2
893 1 51.0 42.0 2
894 1 51.0 42.0 2
895 1 51.0 42.0 2
897 1 51.0 42.0 2
898 1 51.0 42.0 2
901 1 51.0 42.0 2
902 1 51.0 42.0 2
903 1 51.0 42.0 2
904 1 51.0 42.0 2
905 1 51.0 42.0 2
906 1 51.0 42.0 2
907 1 51.0 42.0 2
671 1 50.0 40.0 2
672 1 50.0 40.0 2
673 1 50.0 40.0 2
674 1 50.0 40.0 2
675 1 50.0 40.0 2
676 1 50.0 40.0 2
677 1 50.0 40.0 2
678 1 50.0 40.0 2
679 1 50.0 40.0 2
680 1 50.0 40.0 2
681 1 50.0 40.0 2
682 1 50.0 40.0 2
683 1 50.0 40.0 2
684 1 50.0 40.0 2
685 1 50.0 40.0 2
686 1 50.0 40.0 2
688 1 50.0 40.0 2
689 1 50.0 40.0 2
-1 0 40.0 40.0 D
