File: p06 Num Depots: 1 Num Pick Up Points: 92 Num Trucks: 8Processing Time: 77 seconds
Total Demand = 1718.00| Total Distance = 2108.01| Total Travel Time = 1581.01| Total Cost = $1921.26|

Truck #791 MaxCap: 60 Demand: 59.0 ROUTE:0 1295 1294 1293 1292 1291 1290 1289 1288 1287 1286 1285 1284 1283 1282 1281 1280 1279 1278 1277 1276 1275 1274 1273 1272 1271 1270 1269 1268 1267 1266 900 899 896 892 885 884 145 1495 1494 1493 1492 1491 1490 1489 1488 1487 1486 1485 1484 1483 1612 1611 380 379 376 369 368 1041 687 -1 
Truck #792 MaxCap: 100 Demand: 99.0 ROUTE:0 1502 1501 1500 1499 1498 1497 1496 696 694 1646 1642 1640 1630 1626 1624 1622 307 302 300 298 283 280 277 1443 1442 1434 1423 1421 1134 1133 1132 1131 1130 1129 1128 1127 1126 1125 1124 1123 1122 1121 1120 1119 1118 1117 1116 1115 1114 1113 1112 1111 1419 1418 1417 1416 1415 1414 1413 1412 1411 1410 1409 1408 1407 1406 1405 1404 1403 1402 1401 1400 1399 1398 1397 1396 1395 1394 1393 1392 1391 1390 1389 1388 219 218 217 216 215 214 213 212 1020 1018 1016 1014 1008 139 130 -1 
Truck #793 MaxCap: 160 Demand: 159.0 ROUTE:0 509 508 507 506 505 504 503 502 501 500 499 498 497 496 495 494 493 492 1557 1556 1555 1554 1553 1552 1551 1550 1549 1548 1547 1546 1545 1544 1543 1542 1541 248 247 246 245 244 243 242 241 240 239 238 237 236 235 234 233 232 231 230 229 228 227 226 225 224 223 222 221 220 1264 1258 1256 1249 1244 1240 1237 1234 1232 1480 1479 1478 1477 1476 1475 1474 1473 1472 1471 1470 1469 1468 1467 1466 1465 1464 1463 1462 1461 1460 1459 1458 1457 1456 1455 1454 1453 1452 1451 1450 1449 1448 1224 749 743 742 740 734 728 727 1103 1098 1096 1094 1093 208 205 197 189 188 187 612 610 604 599 598 597 595 1691 1690 1689 1688 1687 1686 1685 1684 1683 1682 1681 1680 1679 1678 1677 1676 1675 1674 1673 1672 1671 1670 765 764 760 258 257 -1 
Truck #795 MaxCap: 100 Demand: 99.0 ROUTE:0 699 698 697 695 693 692 691 690 1648 1647 1645 1644 1643 1641 1639 1638 1637 1636 1635 1634 1633 1632 1631 1629 1628 1627 1625 1623 1621 306 305 304 303 301 299 297 296 295 294 293 292 291 290 289 288 287 286 285 284 282 281 279 278 1437 1436 1435 1433 1432 1431 1430 1429 1428 1427 1426 1425 1424 1422 1420 1620 1619 1618 1617 1616 1615 1614 1613 1610 1609 1608 382 381 378 377 375 374 373 372 371 370 156 155 154 153 152 151 150 149 148 147 -1 
Truck #796 MaxCap: 160 Demand: 159.0 ROUTE:0 140 138 137 136 135 134 133 132 131 129 128 127 126 1026 1025 1024 1023 1022 1021 1019 1017 1015 1013 1012 1011 1010 1009 1007 1006 1005 1447 1446 1445 1444 1441 1440 1439 1438 1265 1263 1262 1261 1260 1259 1257 1255 1254 1253 1252 1251 1250 1248 1247 1246 1245 1243 1242 1241 1239 1238 1236 1235 1233 1231 1230 1229 1228 1227 1226 1225 1223 1222 1221 1220 748 747 746 745 744 741 739 738 737 736 735 733 732 731 730 729 726 211 210 209 207 206 204 203 202 201 200 199 198 196 195 194 193 192 191 190 186 615 614 613 611 609 608 607 606 605 603 602 601 600 596 594 593 592 591 1328 1110 1109 1108 1107 1106 1105 1104 1102 1101 1100 1099 1097 1095 1092 1091 1090 263 262 261 260 259 256 255 254 253 252 251 250 249 -1 
Truck #797 MaxCap: 60 Demand: 59.0 ROUTE:0 798 796 794 793 792 791 790 789 788 787 786 784 783 782 781 780 779 777 776 775 773 772 771 770 769 768 767 491 489 487 486 485 484 483 482 481 480 479 478 1046 1045 1044 1043 1482 1481 763 762 761 759 758 757 756 755 754 753 752 751 750 264 -1 
Truck #798 MaxCap: 60 Demand: 59.0 ROUTE:0 797 795 785 778 774 766 490 488 1526 1525 1524 1523 1522 1521 1520 1519 1518 1517 1516 1515 1514 1513 1512 1511 1510 1509 1695 1694 1693 1692 185 184 183 182 181 180 179 178 177 176 175 174 173 172 171 170 169 168 167 166 165 164 163 162 161 160 159 158 157 -1 
Truck #799 MaxCap: 60 Demand: 59.0 ROUTE:0 1507 1506 1505 1504 1503 46 1538 971 970 969 967 966 965 964 963 960 959 958 955 953 1049 1048 1047 642 641 640 639 638 637 636 635 634 633 631 629 628 627 626 624 623 622 621 620 619 618 616 354 353 352 350 348 347 346 345 344 342 340 339 336 -1 
Truck #800 MaxCap: 60 Demand: 59.0 ROUTE:0 643 632 630 625 617 1581 1580 1579 1578 1577 1576 1575 1574 1573 1572 1571 1570 1569 1568 1567 1566 1565 1564 1563 1562 1561 1560 1559 1558 973 972 968 962 961 957 956 954 952 1537 1536 1535 1534 1533 1532 1531 1530 1529 1528 1527 357 356 355 351 349 343 341 338 337 335 -1 
Truck #801 MaxCap: 60 Demand: 59.0 ROUTE:0 1508 859 858 857 856 855 854 853 852 851 850 849 848 847 846 845 844 843 1540 1539 367 366 365 364 363 362 361 360 359 358 1718 1717 1716 1715 1714 1713 1712 1711 1710 1709 1708 1707 1706 1705 1704 1703 1702 1701 1700 1699 1698 1697 1696 473 468 467 455 51 45 -1 
Truck #802 MaxCap: 60 Demand: 59.0 ROUTE:0 55 54 53 52 50 49 48 47 477 476 475 474 472 471 470 469 466 465 464 463 462 461 460 459 458 457 456 454 453 452 451 449 448 447 446 445 334 333 332 330 329 328 326 324 323 322 321 320 319 317 316 985 984 982 980 978 977 975 974 -1 
Truck #803 MaxCap: 60 Demand: 59.0 ROUTE:0 983 981 979 976 331 327 325 318 951 950 949 948 947 1071 1067 1064 1053 1052 1051 820 816 1219 1212 1211 1209 1202 1200 1199 1198 1196 1382 1381 1380 1379 1378 1377 1376 1375 1374 1373 1372 1371 1370 1369 1368 1367 1366 1365 18 14 6 1332 670 667 665 663 659 653 644 -1 
Truck #804 MaxCap: 60 Demand: 59.0 ROUTE:0 669 668 666 664 662 661 660 658 657 656 655 654 652 651 650 649 648 647 646 645 805 804 803 802 801 800 799 1075 1074 1073 1072 1070 1069 1068 1066 1065 1063 1062 1061 1060 1059 1058 1057 1056 1055 1054 1050 450 1191 1190 1189 1188 1187 1186 1185 1184 1183 1182 1181 -1 
Truck #805 MaxCap: 60 Demand: 59.0 ROUTE:0 125 124 123 122 121 120 119 118 117 116 115 114 113 112 111 110 109 108 107 813 812 811 810 809 808 807 806 842 841 840 839 838 837 836 835 834 833 832 831 830 829 828 827 826 825 16 15 13 12 11 10 9 8 7 5 4 3 2 1 -1 
Truck #806 MaxCap: 60 Demand: 59.0 ROUTE:0 39 38 37 35 33 32 31 29 28 26 25 22 21 20 19 444 443 442 440 439 438 437 435 434 433 1218 1217 1216 1215 1214 1213 1210 1208 1207 1206 1205 1204 1203 1201 1197 1195 1194 1193 1192 824 823 822 821 819 818 817 815 814 17 1334 1333 1331 1330 1329 -1 
Truck #807 MaxCap: 60 Demand: 59.0 ROUTE:0 1303 36 34 30 27 24 23 1180 1179 1178 1177 1176 1175 1174 1173 1172 1171 1170 1169 1168 1167 1166 1165 1164 1163 441 436 1387 1386 1385 1384 1383 1161 1159 1156 1151 555 554 546 545 541 539 533 532 531 527 1344 1343 1342 1341 1340 1339 1338 1337 1336 1335 1356 1349 1348 -1 
Truck #808 MaxCap: 60 Demand: 59.0 ROUTE:0 1363 1362 1361 1360 1359 1357 1355 1354 1353 1352 1351 1350 1347 1346 1345 1162 1160 1158 1157 1155 1154 1153 1152 1150 1149 1148 553 552 551 550 549 548 547 544 543 542 540 538 537 536 535 534 530 529 528 44 43 42 41 40 1305 1304 1302 1301 1300 1299 1298 1297 1296 -1 
Truck #809 MaxCap: 60 Demand: 59.0 ROUTE:0 56 567 566 105 104 102 96 94 89 87 723 717 715 713 1318 1143 1141 1139 1136 1327 1326 1325 710 708 707 706 704 1307 431 424 420 416 413 407 926 925 924 923 922 921 920 919 918 917 916 915 914 913 912 911 910 909 908 942 937 933 585 581 1358 -1 
Truck #810 MaxCap: 60 Demand: 59.0 ROUTE:0 1364 590 589 588 587 586 584 583 582 580 579 578 577 576 575 574 573 572 571 570 569 432 430 429 428 427 426 425 423 422 421 419 418 417 415 414 412 411 410 409 408 406 405 1313 1312 1311 1310 1309 1308 1306 936 935 934 932 931 930 929 928 927 -1 
Truck #811 MaxCap: 60 Demand: 59.0 ROUTE:0 556 106 103 101 100 99 98 97 95 93 92 91 90 88 86 725 724 722 721 720 719 718 716 714 712 1324 1323 1322 1321 1320 1319 1317 1316 1315 1314 1147 1146 1145 1144 1142 1140 1138 1137 1135 711 709 705 703 702 701 700 946 945 944 943 941 940 939 938 -1 
Truck #812 MaxCap: 60 Demand: 59.0 ROUTE:0 512 315 314 313 312 311 310 309 308 403 402 401 400 399 398 395 392 391 390 388 387 385 384 383 568 565 564 563 562 561 560 559 558 557 85 84 82 81 80 79 78 77 75 73 72 71 70 69 68 67 65 64 63 62 61 60 59 58 57 -1 
Truck #813 MaxCap: 60 Demand: 49.0 ROUTE:0 518 511 510 1089 1088 1087 1086 1085 1084 1083 1082 1081 1080 1079 1078 1077 1076 404 397 396 394 393 389 386 880 879 878 877 876 875 874 873 872 871 870 869 868 867 866 865 864 863 862 861 860 83 76 74 66 -1 
Truck #814 MaxCap: 60 Demand: 51.0 ROUTE:0 1594 1593 1592 1591 1590 1589 1588 1587 1586 1585 1584 1583 1582 1607 1606 1605 1604 1603 1602 1601 1600 1599 1598 1597 1596 1595 270 269 268 1667 1662 1656 1004 1003 1002 1001 1000 999 998 997 996 995 994 993 992 991 990 989 988 987 986 -1 
Truck #844 MaxCap: 100 Demand: 99.0 ROUTE:0 141 142 143 144 146 1027 1028 1029 1030 1031 1032 1033 1034 1035 1036 1037 1038 1039 1040 1042 1649 1650 1651 1652 1653 1654 1655 1657 1658 1659 1660 1661 1663 1664 1665 1666 1668 1669 265 266 267 271 272 273 274 275 276 513 514 515 516 517 519 520 521 522 523 524 525 526 881 882 883 886 887 888 889 890 891 893 894 895 897 898 901 902 903 904 905 906 907 671 672 673 674 675 676 677 678 679 680 681 682 683 684 685 686 688 689 -1 


Inital Solution 0 changes  totQ=1718.00 totD=2241.55 $1950.40
Local One Opt 28 changes  totQ=1718.00 totD=2158.50 $1941.71
Local Two Opt 9 changes  totQ=1718.00 totD=2158.50 $1941.71
Local Three Opt 3 changes  totQ=1718.00 totD=2153.14 $1941.38
K-Two Forward 0 changes  totQ=1718.00 totD=2153.14 $1941.38
K-Two Reverse 0 changes  totQ=1718.00 totD=2153.14 $1941.38
K-Three Forward 0 changes  totQ=1718.00 totD=2153.14 $1941.38
K-Three Reverse 0 changes  totQ=1718.00 totD=2153.14 $1941.38
Exchange 01 1 changes  totQ=1718.00 totD=2140.01 $1940.59
Exchange 01 0 changes  totQ=1718.00 totD=2140.01 $1940.59
Exchange 11 1 changes  totQ=1718.00 totD=2134.79 $1940.28
Exchange 02 0 changes  totQ=1718.00 totD=2134.79 $1940.28
Exchange 20 0 changes  totQ=1718.00 totD=2134.79 $1940.28
Exchange 12 0 changes  totQ=1718.00 totD=2134.79 $1940.28
Exchange 21 0 changes  totQ=1718.00 totD=2134.79 $1940.28
Exchange 22 0 changes  totQ=1718.00 totD=2134.79 $1940.28
Combination 1 changes  totQ=1718.00 totD=2134.79 $1940.28
Reduction 0 changes  totQ=1718.00 totD=2108.01 $1921.26
Reallocation 0 changes  totQ=1718.00 totD=2108.01 $1921.26
Relax/Combine 0 changes  totQ=1718.00 totD=2108.01 $1921.26
Sharing 0 changes  totQ=1718.00 totD=2108.01 $1921.26
Relax/Share 0 changes  totQ=1718.00 totD=2108.01 $1921.26
