1718
1 2 1 22.0 22.0 1
2 2 1 22.0 22.0 1
3 2 1 22.0 22.0 1
4 2 1 22.0 22.0 1
5 2 1 22.0 22.0 1
6 1 1 22.0 22.0 1
7 2 1 22.0 22.0 1
8 2 1 22.0 22.0 1
9 2 1 22.0 22.0 1
10 2 1 22.0 22.0 1
11 2 1 22.0 22.0 1
12 2 1 22.0 22.0 1
13 2 1 22.0 22.0 1
14 1 1 22.0 22.0 1
15 2 1 22.0 22.0 1
16 2 1 22.0 22.0 1
17 2 1 22.0 22.0 1
18 1 1 22.0 22.0 1
19 2 1 36.0 26.0 2
20 2 1 36.0 26.0 2
21 2 1 36.0 26.0 2
22 2 1 36.0 26.0 2
23 1 1 36.0 26.0 2
24 1 1 36.0 26.0 2
25 2 1 36.0 26.0 2
26 2 1 36.0 26.0 2
27 1 1 36.0 26.0 2
28 2 1 36.0 26.0 2
29 2 1 36.0 26.0 2
30 1 1 36.0 26.0 2
31 2 1 36.0 26.0 2
32 2 1 36.0 26.0 2
33 2 1 36.0 26.0 2
34 1 1 36.0 26.0 2
35 2 1 36.0 26.0 2
36 1 1 36.0 26.0 2
37 2 1 36.0 26.0 2
38 2 1 36.0 26.0 2
39 2 1 36.0 26.0 2
40 2 1 36.0 26.0 2
41 2 1 36.0 26.0 2
42 2 1 36.0 26.0 2
43 2 1 36.0 26.0 2
44 2 1 36.0 26.0 2
45 1 1 21.0 45.0 3
46 2 1 21.0 45.0 3
47 2 1 21.0 45.0 3
48 2 1 21.0 45.0 3
49 2 1 21.0 45.0 3
50 2 1 21.0 45.0 3
51 1 1 21.0 45.0 3
52 2 1 21.0 45.0 3
53 2 1 21.0 45.0 3
54 2 1 21.0 45.0 3
55 2 1 21.0 45.0 3
56 1 1 45.0 35.0 4
57 2 1 45.0 35.0 4
58 2 1 45.0 35.0 4
59 2 1 45.0 35.0 4
60 2 1 45.0 35.0 4
61 2 1 45.0 35.0 4
62 2 1 45.0 35.0 4
63 2 1 45.0 35.0 4
64 2 1 45.0 35.0 4
65 2 1 45.0 35.0 4
66 1 1 45.0 35.0 4
67 2 1 45.0 35.0 4
68 2 1 45.0 35.0 4
69 2 1 45.0 35.0 4
70 2 1 45.0 35.0 4
71 2 1 45.0 35.0 4
72 2 1 45.0 35.0 4
73 2 1 45.0 35.0 4
74 1 1 45.0 35.0 4
75 2 1 45.0 35.0 4
76 1 1 45.0 35.0 4
77 2 1 45.0 35.0 4
78 2 1 45.0 35.0 4
79 2 1 45.0 35.0 4
80 2 1 45.0 35.0 4
81 2 1 45.0 35.0 4
82 2 1 45.0 35.0 4
83 1 1 45.0 35.0 4
84 2 1 45.0 35.0 4
85 2 1 45.0 35.0 4
86 2 1 55.0 20.0 5
87 1 1 55.0 20.0 5
88 2 1 55.0 20.0 5
89 1 1 55.0 20.0 5
90 2 1 55.0 20.0 5
91 2 1 55.0 20.0 5
92 2 1 55.0 20.0 5
93 2 1 55.0 20.0 5
94 1 1 55.0 20.0 5
95 2 1 55.0 20.0 5
96 1 1 55.0 20.0 5
97 2 1 55.0 20.0 5
98 2 1 55.0 20.0 5
99 2 1 55.0 20.0 5
100 2 1 55.0 20.0 5
101 2 1 55.0 20.0 5
102 1 1 55.0 20.0 5
103 2 1 55.0 20.0 5
104 1 1 55.0 20.0 5
105 1 1 55.0 20.0 5
106 2 1 55.0 20.0 5
107 2 1 33.0 34.0 6
108 2 1 33.0 34.0 6
109 2 1 33.0 34.0 6
110 2 1 33.0 34.0 6
111 2 1 33.0 34.0 6
112 2 1 33.0 34.0 6
113 2 1 33.0 34.0 6
114 2 1 33.0 34.0 6
115 2 1 33.0 34.0 6
116 2 1 33.0 34.0 6
117 2 1 33.0 34.0 6
118 2 1 33.0 34.0 6
119 2 1 33.0 34.0 6
120 2 1 33.0 34.0 6
121 2 1 33.0 34.0 6
122 2 1 33.0 34.0 6
123 2 1 33.0 34.0 6
124 2 1 33.0 34.0 6
125 2 1 33.0 34.0 6
126 2 1 50.0 50.0 7
127 2 1 50.0 50.0 7
128 2 1 50.0 50.0 7
129 2 1 50.0 50.0 7
130 1 1 50.0 50.0 7
131 2 1 50.0 50.0 7
132 2 1 50.0 50.0 7
133 2 1 50.0 50.0 7
134 2 1 50.0 50.0 7
135 2 1 50.0 50.0 7
136 2 1 50.0 50.0 7
137 2 1 50.0 50.0 7
138 2 1 50.0 50.0 7
139 1 1 50.0 50.0 7
140 2 1 50.0 50.0 7
141 2 1 55.0 45.0 8
142 2 1 55.0 45.0 8
143 2 1 55.0 45.0 8
144 2 1 55.0 45.0 8
145 1 1 55.0 45.0 8
146 2 1 55.0 45.0 8
147 2 1 55.0 45.0 8
148 2 1 55.0 45.0 8
149 2 1 55.0 45.0 8
150 2 1 55.0 45.0 8
151 2 1 55.0 45.0 8
152 2 1 55.0 45.0 8
153 2 1 55.0 45.0 8
154 2 1 55.0 45.0 8
155 2 1 55.0 45.0 8
156 2 1 55.0 45.0 8
157 1 1 26.0 59.0 9
158 1 1 26.0 59.0 9
159 1 1 26.0 59.0 9
160 1 1 26.0 59.0 9
161 1 1 26.0 59.0 9
162 1 1 26.0 59.0 9
163 1 1 26.0 59.0 9
164 1 1 26.0 59.0 9
165 1 1 26.0 59.0 9
166 1 1 26.0 59.0 9
167 1 1 26.0 59.0 9
168 1 1 26.0 59.0 9
169 1 1 26.0 59.0 9
170 1 1 26.0 59.0 9
171 1 1 26.0 59.0 9
172 1 1 26.0 59.0 9
173 1 1 26.0 59.0 9
174 1 1 26.0 59.0 9
175 1 1 26.0 59.0 9
176 1 1 26.0 59.0 9
177 1 1 26.0 59.0 9
178 1 1 26.0 59.0 9
179 1 1 26.0 59.0 9
180 1 1 26.0 59.0 9
181 1 1 26.0 59.0 9
182 1 1 26.0 59.0 9
183 1 1 26.0 59.0 9
184 1 1 26.0 59.0 9
185 1 1 26.0 59.0 9
186 2 1 40.0 66.0 10
187 1 1 40.0 66.0 10
188 1 1 40.0 66.0 10
189 1 1 40.0 66.0 10
190 2 1 40.0 66.0 10
191 2 1 40.0 66.0 10
192 2 1 40.0 66.0 10
193 2 1 40.0 66.0 10
194 2 1 40.0 66.0 10
195 2 1 40.0 66.0 10
196 2 1 40.0 66.0 10
197 1 1 40.0 66.0 10
198 2 1 40.0 66.0 10
199 2 1 40.0 66.0 10
200 2 1 40.0 66.0 10
201 2 1 40.0 66.0 10
202 2 1 40.0 66.0 10
203 2 1 40.0 66.0 10
204 2 1 40.0 66.0 10
205 1 1 40.0 66.0 10
206 2 1 40.0 66.0 10
207 2 1 40.0 66.0 10
208 1 1 40.0 66.0 10
209 2 1 40.0 66.0 10
210 2 1 40.0 66.0 10
211 2 1 40.0 66.0 10
212 1 1 55.0 65.0 11
213 1 1 55.0 65.0 11
214 1 1 55.0 65.0 11
215 1 1 55.0 65.0 11
216 1 1 55.0 65.0 11
217 1 1 55.0 65.0 11
218 1 1 55.0 65.0 11
219 1 1 55.0 65.0 11
220 1 1 55.0 65.0 11
221 1 1 55.0 65.0 11
222 1 1 55.0 65.0 11
223 1 1 55.0 65.0 11
224 1 1 55.0 65.0 11
225 1 1 55.0 65.0 11
226 1 1 55.0 65.0 11
227 1 1 55.0 65.0 11
228 1 1 55.0 65.0 11
229 1 1 55.0 65.0 11
230 1 1 55.0 65.0 11
231 1 1 55.0 65.0 11
232 1 1 55.0 65.0 11
233 1 1 55.0 65.0 11
234 1 1 55.0 65.0 11
235 1 1 55.0 65.0 11
236 1 1 55.0 65.0 11
237 1 1 55.0 65.0 11
238 1 1 55.0 65.0 11
239 1 1 55.0 65.0 11
240 1 1 55.0 65.0 11
241 1 1 55.0 65.0 11
242 1 1 55.0 65.0 11
243 1 1 55.0 65.0 11
244 1 1 55.0 65.0 11
245 1 1 55.0 65.0 11
246 1 1 55.0 65.0 11
247 1 1 55.0 65.0 11
248 1 1 55.0 65.0 11
249 2 1 35.0 51.0 12
250 2 1 35.0 51.0 12
251 2 1 35.0 51.0 12
252 2 1 35.0 51.0 12
253 2 1 35.0 51.0 12
254 2 1 35.0 51.0 12
255 2 1 35.0 51.0 12
256 2 1 35.0 51.0 12
257 1 1 35.0 51.0 12
258 1 1 35.0 51.0 12
259 2 1 35.0 51.0 12
260 2 1 35.0 51.0 12
261 2 1 35.0 51.0 12
262 2 1 35.0 51.0 12
263 2 1 35.0 51.0 12
264 2 1 35.0 51.0 12
265 2 1 62.0 35.0 13
266 2 1 62.0 35.0 13
267 2 1 62.0 35.0 13
268 1 1 62.0 35.0 13
269 1 1 62.0 35.0 13
270 1 1 62.0 35.0 13
271 2 1 62.0 35.0 13
272 2 1 62.0 35.0 13
273 2 1 62.0 35.0 13
274 2 1 62.0 35.0 13
275 2 1 62.0 35.0 13
276 2 1 62.0 35.0 13
277 1 1 62.0 57.0 14
278 2 1 62.0 57.0 14
279 2 1 62.0 57.0 14
280 1 1 62.0 57.0 14
281 2 1 62.0 57.0 14
282 2 1 62.0 57.0 14
283 1 1 62.0 57.0 14
284 2 1 62.0 57.0 14
285 2 1 62.0 57.0 14
286 2 1 62.0 57.0 14
287 2 1 62.0 57.0 14
288 2 1 62.0 57.0 14
289 2 1 62.0 57.0 14
290 2 1 62.0 57.0 14
291 2 1 62.0 57.0 14
292 2 1 62.0 57.0 14
293 2 1 62.0 57.0 14
294 2 1 62.0 57.0 14
295 2 1 62.0 57.0 14
296 2 1 62.0 57.0 14
297 2 1 62.0 57.0 14
298 1 1 62.0 57.0 14
299 2 1 62.0 57.0 14
300 1 1 62.0 57.0 14
301 2 1 62.0 57.0 14
302 1 1 62.0 57.0 14
303 2 1 62.0 57.0 14
304 2 1 62.0 57.0 14
305 2 1 62.0 57.0 14
306 2 1 62.0 57.0 14
307 1 1 62.0 57.0 14
308 2 1 62.0 24.0 15
309 2 1 62.0 24.0 15
310 2 1 62.0 24.0 15
311 2 1 62.0 24.0 15
312 2 1 62.0 24.0 15
313 2 1 62.0 24.0 15
314 2 1 62.0 24.0 15
315 2 1 62.0 24.0 15
316 2 1 21.0 36.0 16
317 2 1 21.0 36.0 16
318 1 1 21.0 36.0 16
319 2 1 21.0 36.0 16
320 2 1 21.0 36.0 16
321 2 1 21.0 36.0 16
322 2 1 21.0 36.0 16
323 2 1 21.0 36.0 16
324 2 1 21.0 36.0 16
325 1 1 21.0 36.0 16
326 2 1 21.0 36.0 16
327 1 1 21.0 36.0 16
328 2 1 21.0 36.0 16
329 2 1 21.0 36.0 16
330 2 1 21.0 36.0 16
331 1 1 21.0 36.0 16
332 2 1 21.0 36.0 16
333 2 1 21.0 36.0 16
334 2 1 21.0 36.0 16
335 1 1 33.0 44.0 17
336 2 1 33.0 44.0 17
337 1 1 33.0 44.0 17
338 1 1 33.0 44.0 17
339 2 1 33.0 44.0 17
340 2 1 33.0 44.0 17
341 1 1 33.0 44.0 17
342 2 1 33.0 44.0 17
343 1 1 33.0 44.0 17
344 2 1 33.0 44.0 17
345 2 1 33.0 44.0 17
346 2 1 33.0 44.0 17
347 2 1 33.0 44.0 17
348 2 1 33.0 44.0 17
349 1 1 33.0 44.0 17
350 2 1 33.0 44.0 17
351 1 1 33.0 44.0 17
352 2 1 33.0 44.0 17
353 2 1 33.0 44.0 17
354 2 1 33.0 44.0 17
355 1 1 9.0 56.0 18
356 1 1 9.0 56.0 18
357 1 1 9.0 56.0 18
358 1 1 9.0 56.0 18
359 1 1 9.0 56.0 18
360 1 1 9.0 56.0 18
361 1 1 9.0 56.0 18
362 1 1 9.0 56.0 18
363 1 1 9.0 56.0 18
364 1 1 9.0 56.0 18
365 1 1 9.0 56.0 18
366 1 1 9.0 56.0 18
367 1 1 9.0 56.0 18
368 1 1 62.0 48.0 19
369 1 1 62.0 48.0 19
370 2 1 62.0 48.0 19
371 2 1 62.0 48.0 19
372 2 1 62.0 48.0 19
373 2 1 62.0 48.0 19
374 2 1 62.0 48.0 19
375 2 1 62.0 48.0 19
376 1 1 62.0 48.0 19
377 2 1 62.0 48.0 19
378 2 1 62.0 48.0 19
379 1 1 62.0 48.0 19
380 1 1 62.0 48.0 19
381 2 1 62.0 48.0 19
382 2 1 62.0 48.0 19
383 2 1 66.0 14.0 20
384 2 1 66.0 14.0 20
385 2 1 66.0 14.0 20
386 1 1 66.0 14.0 20
387 2 1 66.0 14.0 20
388 2 1 66.0 14.0 20
389 1 1 66.0 14.0 20
390 2 1 66.0 14.0 20
391 2 1 66.0 14.0 20
392 2 1 66.0 14.0 20
393 1 1 66.0 14.0 20
394 1 1 66.0 14.0 20
395 2 1 66.0 14.0 20
396 1 1 66.0 14.0 20
397 1 1 66.0 14.0 20
398 2 1 66.0 14.0 20
399 2 1 66.0 14.0 20
400 2 1 66.0 14.0 20
401 2 1 66.0 14.0 20
402 2 1 66.0 14.0 20
403 2 1 66.0 14.0 20
404 1 1 66.0 14.0 20
405 2 1 44.0 13.0 21
406 2 1 44.0 13.0 21
407 1 1 44.0 13.0 21
408 2 1 44.0 13.0 21
409 2 1 44.0 13.0 21
410 2 1 44.0 13.0 21
411 2 1 44.0 13.0 21
412 2 1 44.0 13.0 21
413 1 1 44.0 13.0 21
414 2 1 44.0 13.0 21
415 2 1 44.0 13.0 21
416 1 1 44.0 13.0 21
417 2 1 44.0 13.0 21
418 2 1 44.0 13.0 21
419 2 1 44.0 13.0 21
420 1 1 44.0 13.0 21
421 2 1 44.0 13.0 21
422 2 1 44.0 13.0 21
423 2 1 44.0 13.0 21
424 1 1 44.0 13.0 21
425 2 1 44.0 13.0 21
426 2 1 44.0 13.0 21
427 2 1 44.0 13.0 21
428 2 1 44.0 13.0 21
429 2 1 44.0 13.0 21
430 2 1 44.0 13.0 21
431 1 1 44.0 13.0 21
432 2 1 44.0 13.0 21
433 2 1 26.0 13.0 22
434 2 1 26.0 13.0 22
435 2 1 26.0 13.0 22
436 1 1 26.0 13.0 22
437 2 1 26.0 13.0 22
438 2 1 26.0 13.0 22
439 2 1 26.0 13.0 22
440 2 1 26.0 13.0 22
441 1 1 26.0 13.0 22
442 2 1 26.0 13.0 22
443 2 1 26.0 13.0 22
444 2 1 26.0 13.0 22
445 2 1 11.0 28.0 23
446 2 1 11.0 28.0 23
447 2 1 11.0 28.0 23
448 2 1 11.0 28.0 23
449 2 1 11.0 28.0 23
450 2 1 11.0 28.0 23
451 2 1 7.0 43.0 24
452 2 1 7.0 43.0 24
453 2 1 7.0 43.0 24
454 2 1 7.0 43.0 24
455 1 1 7.0 43.0 24
456 2 1 7.0 43.0 24
457 2 1 7.0 43.0 24
458 2 1 7.0 43.0 24
459 2 1 7.0 43.0 24
460 2 1 7.0 43.0 24
461 2 1 7.0 43.0 24
462 2 1 7.0 43.0 24
463 2 1 7.0 43.0 24
464 2 1 7.0 43.0 24
465 2 1 7.0 43.0 24
466 2 1 7.0 43.0 24
467 1 1 7.0 43.0 24
468 1 1 7.0 43.0 24
469 2 1 7.0 43.0 24
470 2 1 7.0 43.0 24
471 2 1 7.0 43.0 24
472 2 1 7.0 43.0 24
473 1 1 7.0 43.0 24
474 2 1 7.0 43.0 24
475 2 1 7.0 43.0 24
476 2 1 7.0 43.0 24
477 2 1 7.0 43.0 24
478 2 1 17.0 64.0 25
479 2 1 17.0 64.0 25
480 2 1 17.0 64.0 25
481 2 1 17.0 64.0 25
482 2 1 17.0 64.0 25
483 2 1 17.0 64.0 25
484 2 1 17.0 64.0 25
485 2 1 17.0 64.0 25
486 2 1 17.0 64.0 25
487 2 1 17.0 64.0 25
488 1 1 17.0 64.0 25
489 2 1 17.0 64.0 25
490 1 1 17.0 64.0 25
491 2 1 17.0 64.0 25
492 1 1 41.0 46.0 26
493 1 1 41.0 46.0 26
494 1 1 41.0 46.0 26
495 1 1 41.0 46.0 26
496 1 1 41.0 46.0 26
497 1 1 41.0 46.0 26
498 1 1 41.0 46.0 26
499 1 1 41.0 46.0 26
500 1 1 41.0 46.0 26
501 1 1 41.0 46.0 26
502 1 1 41.0 46.0 26
503 1 1 41.0 46.0 26
504 1 1 41.0 46.0 26
505 1 1 41.0 46.0 26
506 1 1 41.0 46.0 26
507 1 1 41.0 46.0 26
508 1 1 41.0 46.0 26
509 1 1 41.0 46.0 26
510 1 1 55.0 34.0 27
511 1 1 55.0 34.0 27
512 2 1 55.0 34.0 27
513 2 1 55.0 34.0 27
514 2 1 55.0 34.0 27
515 2 1 55.0 34.0 27
516 2 1 55.0 34.0 27
517 2 1 55.0 34.0 27
518 1 1 55.0 34.0 27
519 2 1 55.0 34.0 27
520 2 1 55.0 34.0 27
521 2 1 55.0 34.0 27
522 2 1 55.0 34.0 27
523 2 1 55.0 34.0 27
524 2 1 55.0 34.0 27
525 2 1 55.0 34.0 27
526 2 1 55.0 34.0 27
527 1 1 35.0 16.0 28
528 2 1 35.0 16.0 28
529 2 1 35.0 16.0 28
530 2 1 35.0 16.0 28
531 1 1 35.0 16.0 28
532 1 1 35.0 16.0 28
533 1 1 35.0 16.0 28
534 2 1 35.0 16.0 28
535 2 1 35.0 16.0 28
536 2 1 35.0 16.0 28
537 2 1 35.0 16.0 28
538 2 1 35.0 16.0 28
539 1 1 35.0 16.0 28
540 2 1 35.0 16.0 28
541 1 1 35.0 16.0 28
542 2 1 35.0 16.0 28
543 2 1 35.0 16.0 28
544 2 1 35.0 16.0 28
545 1 1 35.0 16.0 28
546 1 1 35.0 16.0 28
547 2 1 35.0 16.0 28
548 2 1 35.0 16.0 28
549 2 1 35.0 16.0 28
550 2 1 35.0 16.0 28
551 2 1 35.0 16.0 28
552 2 1 35.0 16.0 28
553 2 1 35.0 16.0 28
554 1 1 35.0 16.0 28
555 1 1 35.0 16.0 28
556 2 1 52.0 26.0 29
557 2 1 52.0 26.0 29
558 2 1 52.0 26.0 29
559 2 1 52.0 26.0 29
560 2 1 52.0 26.0 29
561 2 1 52.0 26.0 29
562 2 1 52.0 26.0 29
563 2 1 52.0 26.0 29
564 2 1 52.0 26.0 29
565 2 1 52.0 26.0 29
566 1 1 52.0 26.0 29
567 1 1 52.0 26.0 29
568 2 1 52.0 26.0 29
569 2 1 43.0 26.0 30
570 2 1 43.0 26.0 30
571 2 1 43.0 26.0 30
572 2 1 43.0 26.0 30
573 2 1 43.0 26.0 30
574 2 1 43.0 26.0 30
575 2 1 43.0 26.0 30
576 2 1 43.0 26.0 30
577 2 1 43.0 26.0 30
578 2 1 43.0 26.0 30
579 2 1 43.0 26.0 30
580 2 1 43.0 26.0 30
581 1 1 43.0 26.0 30
582 2 1 43.0 26.0 30
583 2 1 43.0 26.0 30
584 2 1 43.0 26.0 30
585 1 1 43.0 26.0 30
586 2 1 43.0 26.0 30
587 2 1 43.0 26.0 30
588 2 1 43.0 26.0 30
589 2 1 43.0 26.0 30
590 2 1 43.0 26.0 30
591 2 1 31.0 76.0 31
592 2 1 31.0 76.0 31
593 2 1 31.0 76.0 31
594 2 1 31.0 76.0 31
595 1 1 31.0 76.0 31
596 2 1 31.0 76.0 31
597 1 1 31.0 76.0 31
598 1 1 31.0 76.0 31
599 1 1 31.0 76.0 31
600 2 1 31.0 76.0 31
601 2 1 31.0 76.0 31
602 2 1 31.0 76.0 31
603 2 1 31.0 76.0 31
604 1 1 31.0 76.0 31
605 2 1 31.0 76.0 31
606 2 1 31.0 76.0 31
607 2 1 31.0 76.0 31
608 2 1 31.0 76.0 31
609 2 1 31.0 76.0 31
610 1 1 31.0 76.0 31
611 2 1 31.0 76.0 31
612 1 1 31.0 76.0 31
613 2 1 31.0 76.0 31
614 2 1 31.0 76.0 31
615 2 1 31.0 76.0 31
616 2 1 22.0 53.0 32
617 1 1 22.0 53.0 32
618 2 1 22.0 53.0 32
619 2 1 22.0 53.0 32
620 2 1 22.0 53.0 32
621 2 1 22.0 53.0 32
622 2 1 22.0 53.0 32
623 2 1 22.0 53.0 32
624 2 1 22.0 53.0 32
625 1 1 22.0 53.0 32
626 2 1 22.0 53.0 32
627 2 1 22.0 53.0 32
628 2 1 22.0 53.0 32
629 2 1 22.0 53.0 32
630 1 1 22.0 53.0 32
631 2 1 22.0 53.0 32
632 1 1 22.0 53.0 32
633 2 1 22.0 53.0 32
634 2 1 22.0 53.0 32
635 2 1 22.0 53.0 32
636 2 1 22.0 53.0 32
637 2 1 22.0 53.0 32
638 2 1 22.0 53.0 32
639 2 1 22.0 53.0 32
640 2 1 22.0 53.0 32
641 2 1 22.0 53.0 32
642 2 1 22.0 53.0 32
643 1 1 22.0 53.0 32
644 1 1 26.0 29.0 33
645 2 1 26.0 29.0 33
646 2 1 26.0 29.0 33
647 2 1 26.0 29.0 33
648 2 1 26.0 29.0 33
649 2 1 26.0 29.0 33
650 2 1 26.0 29.0 33
651 2 1 26.0 29.0 33
652 2 1 26.0 29.0 33
653 1 1 26.0 29.0 33
654 2 1 26.0 29.0 33
655 2 1 26.0 29.0 33
656 2 1 26.0 29.0 33
657 2 1 26.0 29.0 33
658 2 1 26.0 29.0 33
659 1 1 26.0 29.0 33
660 2 1 26.0 29.0 33
661 2 1 26.0 29.0 33
662 2 1 26.0 29.0 33
663 1 1 26.0 29.0 33
664 2 1 26.0 29.0 33
665 1 1 26.0 29.0 33
666 2 1 26.0 29.0 33
667 1 1 26.0 29.0 33
668 2 1 26.0 29.0 33
669 2 1 26.0 29.0 33
670 1 1 26.0 29.0 33
671 2 1 50.0 40.0 34
672 2 1 50.0 40.0 34
673 2 1 50.0 40.0 34
674 2 1 50.0 40.0 34
675 2 1 50.0 40.0 34
676 2 1 50.0 40.0 34
677 2 1 50.0 40.0 34
678 2 1 50.0 40.0 34
679 2 1 50.0 40.0 34
680 2 1 50.0 40.0 34
681 2 1 50.0 40.0 34
682 2 1 50.0 40.0 34
683 2 1 50.0 40.0 34
684 2 1 50.0 40.0 34
685 2 1 50.0 40.0 34
686 2 1 50.0 40.0 34
687 1 1 50.0 40.0 34
688 2 1 50.0 40.0 34
689 2 1 50.0 40.0 34
690 2 1 55.0 50.0 35
691 2 1 55.0 50.0 35
692 2 1 55.0 50.0 35
693 2 1 55.0 50.0 35
694 1 1 55.0 50.0 35
695 2 1 55.0 50.0 35
696 1 1 55.0 50.0 35
697 2 1 55.0 50.0 35
698 2 1 55.0 50.0 35
699 2 1 55.0 50.0 35
700 2 1 54.0 10.0 36
701 2 1 54.0 10.0 36
702 2 1 54.0 10.0 36
703 2 1 54.0 10.0 36
704 1 1 54.0 10.0 36
705 2 1 54.0 10.0 36
706 1 1 54.0 10.0 36
707 1 1 54.0 10.0 36
708 1 1 54.0 10.0 36
709 2 1 54.0 10.0 36
710 1 1 54.0 10.0 36
711 2 1 54.0 10.0 36
712 2 1 60.0 15.0 37
713 1 1 60.0 15.0 37
714 2 1 60.0 15.0 37
715 1 1 60.0 15.0 37
716 2 1 60.0 15.0 37
717 1 1 60.0 15.0 37
718 2 1 60.0 15.0 37
719 2 1 60.0 15.0 37
720 2 1 60.0 15.0 37
721 2 1 60.0 15.0 37
722 2 1 60.0 15.0 37
723 1 1 60.0 15.0 37
724 2 1 60.0 15.0 37
725 2 1 60.0 15.0 37
726 2 1 47.0 66.0 38
727 1 1 47.0 66.0 38
728 1 1 47.0 66.0 38
729 2 1 47.0 66.0 38
730 2 1 47.0 66.0 38
731 2 1 47.0 66.0 38
732 2 1 47.0 66.0 38
733 2 1 47.0 66.0 38
734 1 1 47.0 66.0 38
735 2 1 47.0 66.0 38
736 2 1 47.0 66.0 38
737 2 1 47.0 66.0 38
738 2 1 47.0 66.0 38
739 2 1 47.0 66.0 38
740 1 1 47.0 66.0 38
741 2 1 47.0 66.0 38
742 1 1 47.0 66.0 38
743 1 1 47.0 66.0 38
744 2 1 47.0 66.0 38
745 2 1 47.0 66.0 38
746 2 1 47.0 66.0 38
747 2 1 47.0 66.0 38
748 2 1 47.0 66.0 38
749 1 1 47.0 66.0 38
750 2 1 30.0 60.0 39
751 2 1 30.0 60.0 39
752 2 1 30.0 60.0 39
753 2 1 30.0 60.0 39
754 2 1 30.0 60.0 39
755 2 1 30.0 60.0 39
756 2 1 30.0 60.0 39
757 2 1 30.0 60.0 39
758 2 1 30.0 60.0 39
759 2 1 30.0 60.0 39
760 1 1 30.0 60.0 39
761 2 1 30.0 60.0 39
762 2 1 30.0 60.0 39
763 2 1 30.0 60.0 39
764 1 1 30.0 60.0 39
765 1 1 30.0 60.0 39
766 1 1 30.0 50.0 40
767 2 1 30.0 50.0 40
768 2 1 30.0 50.0 40
769 2 1 30.0 50.0 40
770 2 1 30.0 50.0 40
771 2 1 30.0 50.0 40
772 2 1 30.0 50.0 40
773 2 1 30.0 50.0 40
774 1 1 30.0 50.0 40
775 2 1 30.0 50.0 40
776 2 1 30.0 50.0 40
777 2 1 30.0 50.0 40
778 1 1 30.0 50.0 40
779 2 1 30.0 50.0 40
780 2 1 30.0 50.0 40
781 2 1 30.0 50.0 40
782 2 1 30.0 50.0 40
783 2 1 30.0 50.0 40
784 2 1 30.0 50.0 40
785 1 1 30.0 50.0 40
786 2 1 30.0 50.0 40
787 2 1 30.0 50.0 40
788 2 1 30.0 50.0 40
789 2 1 30.0 50.0 40
790 2 1 30.0 50.0 40
791 2 1 30.0 50.0 40
792 2 1 30.0 50.0 40
793 2 1 30.0 50.0 40
794 2 1 30.0 50.0 40
795 1 1 30.0 50.0 40
796 2 1 30.0 50.0 40
797 1 1 30.0 50.0 40
798 2 1 30.0 50.0 40
799 2 1 12.0 17.0 41
800 2 1 12.0 17.0 41
801 2 1 12.0 17.0 41
802 2 1 12.0 17.0 41
803 2 1 12.0 17.0 41
804 2 1 12.0 17.0 41
805 2 1 12.0 17.0 41
806 2 1 12.0 17.0 41
807 2 1 12.0 17.0 41
808 2 1 12.0 17.0 41
809 2 1 12.0 17.0 41
810 2 1 12.0 17.0 41
811 2 1 12.0 17.0 41
812 2 1 12.0 17.0 41
813 2 1 12.0 17.0 41
814 2 1 15.0 14.0 42
815 2 1 15.0 14.0 42
816 1 1 15.0 14.0 42
817 2 1 15.0 14.0 42
818 2 1 15.0 14.0 42
819 2 1 15.0 14.0 42
820 1 1 15.0 14.0 42
821 2 1 15.0 14.0 42
822 2 1 15.0 14.0 42
823 2 1 15.0 14.0 42
824 2 1 15.0 14.0 42
825 2 1 16.0 19.0 43
826 2 1 16.0 19.0 43
827 2 1 16.0 19.0 43
828 2 1 16.0 19.0 43
829 2 1 16.0 19.0 43
830 2 1 16.0 19.0 43
831 2 1 16.0 19.0 43
832 2 1 16.0 19.0 43
833 2 1 16.0 19.0 43
834 2 1 16.0 19.0 43
835 2 1 16.0 19.0 43
836 2 1 16.0 19.0 43
837 2 1 16.0 19.0 43
838 2 1 16.0 19.0 43
839 2 1 16.0 19.0 43
840 2 1 16.0 19.0 43
841 2 1 16.0 19.0 43
842 2 1 16.0 19.0 43
843 1 1 21.0 48.0 44
844 1 1 21.0 48.0 44
845 1 1 21.0 48.0 44
846 1 1 21.0 48.0 44
847 1 1 21.0 48.0 44
848 1 1 21.0 48.0 44
849 1 1 21.0 48.0 44
850 1 1 21.0 48.0 44
851 1 1 21.0 48.0 44
852 1 1 21.0 48.0 44
853 1 1 21.0 48.0 44
854 1 1 21.0 48.0 44
855 1 1 21.0 48.0 44
856 1 1 21.0 48.0 44
857 1 1 21.0 48.0 44
858 1 1 21.0 48.0 44
859 1 1 21.0 48.0 44
860 1 1 50.0 30.0 45
861 1 1 50.0 30.0 45
862 1 1 50.0 30.0 45
863 1 1 50.0 30.0 45
864 1 1 50.0 30.0 45
865 1 1 50.0 30.0 45
866 1 1 50.0 30.0 45
867 1 1 50.0 30.0 45
868 1 1 50.0 30.0 45
869 1 1 50.0 30.0 45
870 1 1 50.0 30.0 45
871 1 1 50.0 30.0 45
872 1 1 50.0 30.0 45
873 1 1 50.0 30.0 45
874 1 1 50.0 30.0 45
875 1 1 50.0 30.0 45
876 1 1 50.0 30.0 45
877 1 1 50.0 30.0 45
878 1 1 50.0 30.0 45
879 1 1 50.0 30.0 45
880 1 1 50.0 30.0 45
881 2 1 51.0 42.0 46
882 2 1 51.0 42.0 46
883 2 1 51.0 42.0 46
884 1 1 51.0 42.0 46
885 1 1 51.0 42.0 46
886 2 1 51.0 42.0 46
887 2 1 51.0 42.0 46
888 2 1 51.0 42.0 46
889 2 1 51.0 42.0 46
890 2 1 51.0 42.0 46
891 2 1 51.0 42.0 46
892 1 1 51.0 42.0 46
893 2 1 51.0 42.0 46
894 2 1 51.0 42.0 46
895 2 1 51.0 42.0 46
896 1 1 51.0 42.0 46
897 2 1 51.0 42.0 46
898 2 1 51.0 42.0 46
899 1 1 51.0 42.0 46
900 1 1 51.0 42.0 46
901 2 1 51.0 42.0 46
902 2 1 51.0 42.0 46
903 2 1 51.0 42.0 46
904 2 1 51.0 42.0 46
905 2 1 51.0 42.0 46
906 2 1 51.0 42.0 46
907 2 1 51.0 42.0 46
908 1 1 50.0 15.0 47
909 1 1 50.0 15.0 47
910 1 1 50.0 15.0 47
911 1 1 50.0 15.0 47
912 1 1 50.0 15.0 47
913 1 1 50.0 15.0 47
914 1 1 50.0 15.0 47
915 1 1 50.0 15.0 47
916 1 1 50.0 15.0 47
917 1 1 50.0 15.0 47
918 1 1 50.0 15.0 47
919 1 1 50.0 15.0 47
920 1 1 50.0 15.0 47
921 1 1 50.0 15.0 47
922 1 1 50.0 15.0 47
923 1 1 50.0 15.0 47
924 1 1 50.0 15.0 47
925 1 1 50.0 15.0 47
926 1 1 50.0 15.0 47
927 2 1 48.0 21.0 48
928 2 1 48.0 21.0 48
929 2 1 48.0 21.0 48
930 2 1 48.0 21.0 48
931 2 1 48.0 21.0 48
932 2 1 48.0 21.0 48
933 1 1 48.0 21.0 48
934 2 1 48.0 21.0 48
935 2 1 48.0 21.0 48
936 2 1 48.0 21.0 48
937 1 1 48.0 21.0 48
938 2 1 48.0 21.0 48
939 2 1 48.0 21.0 48
940 2 1 48.0 21.0 48
941 2 1 48.0 21.0 48
942 1 1 48.0 21.0 48
943 2 1 48.0 21.0 48
944 2 1 48.0 21.0 48
945 2 1 48.0 21.0 48
946 2 1 48.0 21.0 48
947 1 1 12.0 38.0 49
948 1 1 12.0 38.0 49
949 1 1 12.0 38.0 49
950 1 1 12.0 38.0 49
951 1 1 12.0 38.0 49
952 1 1 15.0 56.0 50
953 2 1 15.0 56.0 50
954 1 1 15.0 56.0 50
955 2 1 15.0 56.0 50
956 1 1 15.0 56.0 50
957 1 1 15.0 56.0 50
958 2 1 15.0 56.0 50
959 2 1 15.0 56.0 50
960 2 1 15.0 56.0 50
961 1 1 15.0 56.0 50
962 1 1 15.0 56.0 50
963 2 1 15.0 56.0 50
964 2 1 15.0 56.0 50
965 2 1 15.0 56.0 50
966 2 1 15.0 56.0 50
967 2 1 15.0 56.0 50
968 1 1 15.0 56.0 50
969 2 1 15.0 56.0 50
970 2 1 15.0 56.0 50
971 2 1 15.0 56.0 50
972 1 1 15.0 56.0 50
973 1 1 15.0 56.0 50
974 2 1 29.0 39.0 51
975 2 1 29.0 39.0 51
976 1 1 29.0 39.0 51
977 2 1 29.0 39.0 51
978 2 1 29.0 39.0 51
979 1 1 29.0 39.0 51
980 2 1 29.0 39.0 51
981 1 1 29.0 39.0 51
982 2 1 29.0 39.0 51
983 1 1 29.0 39.0 51
984 2 1 29.0 39.0 51
985 2 1 29.0 39.0 51
986 1 1 54.0 38.0 52
987 1 1 54.0 38.0 52
988 1 1 54.0 38.0 52
989 1 1 54.0 38.0 52
990 1 1 54.0 38.0 52
991 1 1 54.0 38.0 52
992 1 1 54.0 38.0 52
993 1 1 54.0 38.0 52
994 1 1 54.0 38.0 52
995 1 1 54.0 38.0 52
996 1 1 54.0 38.0 52
997 1 1 54.0 38.0 52
998 1 1 54.0 38.0 52
999 1 1 54.0 38.0 52
1000 1 1 54.0 38.0 52
1001 1 1 54.0 38.0 52
1002 1 1 54.0 38.0 52
1003 1 1 54.0 38.0 52
1004 1 1 54.0 38.0 52
1005 2 1 55.0 57.0 53
1006 2 1 55.0 57.0 53
1007 2 1 55.0 57.0 53
1008 1 1 55.0 57.0 53
1009 2 1 55.0 57.0 53
1010 2 1 55.0 57.0 53
1011 2 1 55.0 57.0 53
1012 2 1 55.0 57.0 53
1013 2 1 55.0 57.0 53
1014 1 1 55.0 57.0 53
1015 2 1 55.0 57.0 53
1016 1 1 55.0 57.0 53
1017 2 1 55.0 57.0 53
1018 1 1 55.0 57.0 53
1019 2 1 55.0 57.0 53
1020 1 1 55.0 57.0 53
1021 2 1 55.0 57.0 53
1022 2 1 55.0 57.0 53
1023 2 1 55.0 57.0 53
1024 2 1 55.0 57.0 53
1025 2 1 55.0 57.0 53
1026 2 1 55.0 57.0 53
1027 2 1 67.0 41.0 54
1028 2 1 67.0 41.0 54
1029 2 1 67.0 41.0 54
1030 2 1 67.0 41.0 54
1031 2 1 67.0 41.0 54
1032 2 1 67.0 41.0 54
1033 2 1 67.0 41.0 54
1034 2 1 67.0 41.0 54
1035 2 1 67.0 41.0 54
1036 2 1 67.0 41.0 54
1037 2 1 67.0 41.0 54
1038 2 1 67.0 41.0 54
1039 2 1 67.0 41.0 54
1040 2 1 67.0 41.0 54
1041 1 1 67.0 41.0 54
1042 2 1 67.0 41.0 54
1043 2 1 10.0 70.0 55
1044 2 1 10.0 70.0 55
1045 2 1 10.0 70.0 55
1046 2 1 10.0 70.0 55
1047 2 1 10.0 70.0 55
1048 2 1 10.0 70.0 55
1049 2 1 10.0 70.0 55
1050 2 1 6.0 25.0 56
1051 1 1 6.0 25.0 56
1052 1 1 6.0 25.0 56
1053 1 1 6.0 25.0 56
1054 2 1 6.0 25.0 56
1055 2 1 6.0 25.0 56
1056 2 1 6.0 25.0 56
1057 2 1 6.0 25.0 56
1058 2 1 6.0 25.0 56
1059 2 1 6.0 25.0 56
1060 2 1 6.0 25.0 56
1061 2 1 6.0 25.0 56
1062 2 1 6.0 25.0 56
1063 2 1 6.0 25.0 56
1064 1 1 6.0 25.0 56
1065 2 1 6.0 25.0 56
1066 2 1 6.0 25.0 56
1067 1 1 6.0 25.0 56
1068 2 1 6.0 25.0 56
1069 2 1 6.0 25.0 56
1070 2 1 6.0 25.0 56
1071 1 1 6.0 25.0 56
1072 2 1 6.0 25.0 56
1073 2 1 6.0 25.0 56
1074 2 1 6.0 25.0 56
1075 2 1 6.0 25.0 56
1076 1 1 65.0 27.0 57
1077 1 1 65.0 27.0 57
1078 1 1 65.0 27.0 57
1079 1 1 65.0 27.0 57
1080 1 1 65.0 27.0 57
1081 1 1 65.0 27.0 57
1082 1 1 65.0 27.0 57
1083 1 1 65.0 27.0 57
1084 1 1 65.0 27.0 57
1085 1 1 65.0 27.0 57
1086 1 1 65.0 27.0 57
1087 1 1 65.0 27.0 57
1088 1 1 65.0 27.0 57
1089 1 1 65.0 27.0 57
1090 2 1 40.0 60.0 58
1091 2 1 40.0 60.0 58
1092 2 1 40.0 60.0 58
1093 1 1 40.0 60.0 58
1094 1 1 40.0 60.0 58
1095 2 1 40.0 60.0 58
1096 1 1 40.0 60.0 58
1097 2 1 40.0 60.0 58
1098 1 1 40.0 60.0 58
1099 2 1 40.0 60.0 58
1100 2 1 40.0 60.0 58
1101 2 1 40.0 60.0 58
1102 2 1 40.0 60.0 58
1103 1 1 40.0 60.0 58
1104 2 1 40.0 60.0 58
1105 2 1 40.0 60.0 58
1106 2 1 40.0 60.0 58
1107 2 1 40.0 60.0 58
1108 2 1 40.0 60.0 58
1109 2 1 40.0 60.0 58
1110 2 1 40.0 60.0 58
1111 1 1 70.0 64.0 59
1112 1 1 70.0 64.0 59
1113 1 1 70.0 64.0 59
1114 1 1 70.0 64.0 59
1115 1 1 70.0 64.0 59
1116 1 1 70.0 64.0 59
1117 1 1 70.0 64.0 59
1118 1 1 70.0 64.0 59
1119 1 1 70.0 64.0 59
1120 1 1 70.0 64.0 59
1121 1 1 70.0 64.0 59
1122 1 1 70.0 64.0 59
1123 1 1 70.0 64.0 59
1124 1 1 70.0 64.0 59
1125 1 1 70.0 64.0 59
1126 1 1 70.0 64.0 59
1127 1 1 70.0 64.0 59
1128 1 1 70.0 64.0 59
1129 1 1 70.0 64.0 59
1130 1 1 70.0 64.0 59
1131 1 1 70.0 64.0 59
1132 1 1 70.0 64.0 59
1133 1 1 70.0 64.0 59
1134 1 1 70.0 64.0 59
1135 2 1 64.0 4.0 60
1136 1 1 64.0 4.0 60
1137 2 1 64.0 4.0 60
1138 2 1 64.0 4.0 60
1139 1 1 64.0 4.0 60
1140 2 1 64.0 4.0 60
1141 1 1 64.0 4.0 60
1142 2 1 64.0 4.0 60
1143 1 1 64.0 4.0 60
1144 2 1 64.0 4.0 60
1145 2 1 64.0 4.0 60
1146 2 1 64.0 4.0 60
1147 2 1 64.0 4.0 60
1148 2 1 36.0 6.0 61
1149 2 1 36.0 6.0 61
1150 2 1 36.0 6.0 61
1151 1 1 36.0 6.0 61
1152 2 1 36.0 6.0 61
1153 2 1 36.0 6.0 61
1154 2 1 36.0 6.0 61
1155 2 1 36.0 6.0 61
1156 1 1 36.0 6.0 61
1157 2 1 36.0 6.0 61
1158 2 1 36.0 6.0 61
1159 1 1 36.0 6.0 61
1160 2 1 36.0 6.0 61
1161 1 1 36.0 6.0 61
1162 2 1 36.0 6.0 61
1163 1 1 30.0 20.0 62
1164 1 1 30.0 20.0 62
1165 1 1 30.0 20.0 62
1166 1 1 30.0 20.0 62
1167 1 1 30.0 20.0 62
1168 1 1 30.0 20.0 62
1169 1 1 30.0 20.0 62
1170 1 1 30.0 20.0 62
1171 1 1 30.0 20.0 62
1172 1 1 30.0 20.0 62
1173 1 1 30.0 20.0 62
1174 1 1 30.0 20.0 62
1175 1 1 30.0 20.0 62
1176 1 1 30.0 20.0 62
1177 1 1 30.0 20.0 62
1178 1 1 30.0 20.0 62
1179 1 1 30.0 20.0 62
1180 1 1 30.0 20.0 62
1181 2 1 20.0 30.0 63
1182 2 1 20.0 30.0 63
1183 2 1 20.0 30.0 63
1184 2 1 20.0 30.0 63
1185 2 1 20.0 30.0 63
1186 2 1 20.0 30.0 63
1187 2 1 20.0 30.0 63
1188 2 1 20.0 30.0 63
1189 2 1 20.0 30.0 63
1190 2 1 20.0 30.0 63
1191 2 1 20.0 30.0 63
1192 2 1 15.0 5.0 64
1193 2 1 15.0 5.0 64
1194 2 1 15.0 5.0 64
1195 2 1 15.0 5.0 64
1196 1 1 15.0 5.0 64
1197 2 1 15.0 5.0 64
1198 1 1 15.0 5.0 64
1199 1 1 15.0 5.0 64
1200 1 1 15.0 5.0 64
1201 2 1 15.0 5.0 64
1202 1 1 15.0 5.0 64
1203 2 1 15.0 5.0 64
1204 2 1 15.0 5.0 64
1205 2 1 15.0 5.0 64
1206 2 1 15.0 5.0 64
1207 2 1 15.0 5.0 64
1208 2 1 15.0 5.0 64
1209 1 1 15.0 5.0 64
1210 2 1 15.0 5.0 64
1211 1 1 15.0 5.0 64
1212 1 1 15.0 5.0 64
1213 2 1 15.0 5.0 64
1214 2 1 15.0 5.0 64
1215 2 1 15.0 5.0 64
1216 2 1 15.0 5.0 64
1217 2 1 15.0 5.0 64
1218 2 1 15.0 5.0 64
1219 1 1 15.0 5.0 64
1220 2 1 50.0 70.0 65
1221 2 1 50.0 70.0 65
1222 2 1 50.0 70.0 65
1223 2 1 50.0 70.0 65
1224 1 1 50.0 70.0 65
1225 2 1 50.0 70.0 65
1226 2 1 50.0 70.0 65
1227 2 1 50.0 70.0 65
1228 2 1 50.0 70.0 65
1229 2 1 57.0 72.0 66
1230 2 1 57.0 72.0 66
1231 2 1 57.0 72.0 66
1232 1 1 57.0 72.0 66
1233 2 1 57.0 72.0 66
1234 1 1 57.0 72.0 66
1235 2 1 57.0 72.0 66
1236 2 1 57.0 72.0 66
1237 1 1 57.0 72.0 66
1238 2 1 57.0 72.0 66
1239 2 1 57.0 72.0 66
1240 1 1 57.0 72.0 66
1241 2 1 57.0 72.0 66
1242 2 1 57.0 72.0 66
1243 2 1 57.0 72.0 66
1244 1 1 57.0 72.0 66
1245 2 1 57.0 72.0 66
1246 2 1 57.0 72.0 66
1247 2 1 57.0 72.0 66
1248 2 1 57.0 72.0 66
1249 1 1 57.0 72.0 66
1250 2 1 57.0 72.0 66
1251 2 1 57.0 72.0 66
1252 2 1 57.0 72.0 66
1253 2 1 57.0 72.0 66
1254 2 1 57.0 72.0 66
1255 2 1 57.0 72.0 66
1256 1 1 57.0 72.0 66
1257 2 1 57.0 72.0 66
1258 1 1 57.0 72.0 66
1259 2 1 57.0 72.0 66
1260 2 1 57.0 72.0 66
1261 2 1 57.0 72.0 66
1262 2 1 57.0 72.0 66
1263 2 1 57.0 72.0 66
1264 1 1 57.0 72.0 66
1265 2 1 57.0 72.0 66
1266 1 1 45.0 42.0 67
1267 1 1 45.0 42.0 67
1268 1 1 45.0 42.0 67
1269 1 1 45.0 42.0 67
1270 1 1 45.0 42.0 67
1271 1 1 45.0 42.0 67
1272 1 1 45.0 42.0 67
1273 1 1 45.0 42.0 67
1274 1 1 45.0 42.0 67
1275 1 1 45.0 42.0 67
1276 1 1 45.0 42.0 67
1277 1 1 45.0 42.0 67
1278 1 1 45.0 42.0 67
1279 1 1 45.0 42.0 67
1280 1 1 45.0 42.0 67
1281 1 1 45.0 42.0 67
1282 1 1 45.0 42.0 67
1283 1 1 45.0 42.0 67
1284 1 1 45.0 42.0 67
1285 1 1 45.0 42.0 67
1286 1 1 45.0 42.0 67
1287 1 1 45.0 42.0 67
1288 1 1 45.0 42.0 67
1289 1 1 45.0 42.0 67
1290 1 1 45.0 42.0 67
1291 1 1 45.0 42.0 67
1292 1 1 45.0 42.0 67
1293 1 1 45.0 42.0 67
1294 1 1 45.0 42.0 67
1295 1 1 45.0 42.0 67
1296 2 1 38.0 33.0 68
1297 2 1 38.0 33.0 68
1298 2 1 38.0 33.0 68
1299 2 1 38.0 33.0 68
1300 2 1 38.0 33.0 68
1301 2 1 38.0 33.0 68
1302 2 1 38.0 33.0 68
1303 1 1 38.0 33.0 68
1304 2 1 38.0 33.0 68
1305 2 1 38.0 33.0 68
1306 2 1 50.0 4.0 69
1307 1 1 50.0 4.0 69
1308 2 1 50.0 4.0 69
1309 2 1 50.0 4.0 69
1310 2 1 50.0 4.0 69
1311 2 1 50.0 4.0 69
1312 2 1 50.0 4.0 69
1313 2 1 50.0 4.0 69
1314 2 1 66.0 8.0 70
1315 2 1 66.0 8.0 70
1316 2 1 66.0 8.0 70
1317 2 1 66.0 8.0 70
1318 1 1 66.0 8.0 70
1319 2 1 66.0 8.0 70
1320 2 1 66.0 8.0 70
1321 2 1 66.0 8.0 70
1322 2 1 66.0 8.0 70
1323 2 1 66.0 8.0 70
1324 2 1 66.0 8.0 70
1325 1 1 59.0 5.0 71
1326 1 1 59.0 5.0 71
1327 1 1 59.0 5.0 71
1328 2 1 35.0 60.0 72
1329 2 1 27.0 24.0 73
1330 2 1 27.0 24.0 73
1331 2 1 27.0 24.0 73
1332 1 1 27.0 24.0 73
1333 2 1 27.0 24.0 73
1334 2 1 27.0 24.0 73
1335 1 1 40.0 20.0 74
1336 1 1 40.0 20.0 74
1337 1 1 40.0 20.0 74
1338 1 1 40.0 20.0 74
1339 1 1 40.0 20.0 74
1340 1 1 40.0 20.0 74
1341 1 1 40.0 20.0 74
1342 1 1 40.0 20.0 74
1343 1 1 40.0 20.0 74
1344 1 1 40.0 20.0 74
1345 2 1 40.0 37.0 75
1346 2 1 40.0 37.0 75
1347 2 1 40.0 37.0 75
1348 1 1 40.0 37.0 75
1349 1 1 40.0 37.0 75
1350 2 1 40.0 37.0 75
1351 2 1 40.0 37.0 75
1352 2 1 40.0 37.0 75
1353 2 1 40.0 37.0 75
1354 2 1 40.0 37.0 75
1355 2 1 40.0 37.0 75
1356 1 1 40.0 37.0 75
1357 2 1 40.0 37.0 75
1358 1 1 40.0 37.0 75
1359 2 1 40.0 37.0 75
1360 2 1 40.0 37.0 75
1361 2 1 40.0 37.0 75
1362 2 1 40.0 37.0 75
1363 2 1 40.0 37.0 75
1364 2 1 40.0 37.0 75
1365 1 1 22.0 10.0 76
1366 1 1 22.0 10.0 76
1367 1 1 22.0 10.0 76
1368 1 1 22.0 10.0 76
1369 1 1 22.0 10.0 76
1370 1 1 22.0 10.0 76
1371 1 1 22.0 10.0 76
1372 1 1 22.0 10.0 76
1373 1 1 22.0 10.0 76
1374 1 1 22.0 10.0 76
1375 1 1 22.0 10.0 76
1376 1 1 22.0 10.0 76
1377 1 1 22.0 10.0 76
1378 1 1 22.0 10.0 76
1379 1 1 22.0 10.0 76
1380 1 1 22.0 10.0 76
1381 1 1 22.0 10.0 76
1382 1 1 22.0 10.0 76
1383 1 1 22.0 10.0 76
1384 1 1 22.0 10.0 76
1385 1 1 22.0 10.0 76
1386 1 1 22.0 10.0 76
1387 1 1 22.0 10.0 76
1388 1 1 68.0 66.0 77
1389 1 1 68.0 66.0 77
1390 1 1 68.0 66.0 77
1391 1 1 68.0 66.0 77
1392 1 1 68.0 66.0 77
1393 1 1 68.0 66.0 77
1394 1 1 68.0 66.0 77
1395 1 1 68.0 66.0 77
1396 1 1 68.0 66.0 77
1397 1 1 68.0 66.0 77
1398 1 1 68.0 66.0 77
1399 1 1 68.0 66.0 77
1400 1 1 68.0 66.0 77
1401 1 1 68.0 66.0 77
1402 1 1 68.0 66.0 77
1403 1 1 68.0 66.0 77
1404 1 1 68.0 66.0 77
1405 1 1 68.0 66.0 77
1406 1 1 68.0 66.0 77
1407 1 1 68.0 66.0 77
1408 1 1 68.0 66.0 77
1409 1 1 68.0 66.0 77
1410 1 1 68.0 66.0 77
1411 1 1 68.0 66.0 77
1412 1 1 68.0 66.0 77
1413 1 1 68.0 66.0 77
1414 1 1 68.0 66.0 77
1415 1 1 68.0 66.0 77
1416 1 1 68.0 66.0 77
1417 1 1 68.0 66.0 77
1418 1 1 68.0 66.0 77
1419 1 1 68.0 66.0 77
1420 2 1 64.0 61.0 78
1421 1 1 64.0 61.0 78
1422 2 1 64.0 61.0 78
1423 1 1 64.0 61.0 78
1424 2 1 64.0 61.0 78
1425 2 1 64.0 61.0 78
1426 2 1 64.0 61.0 78
1427 2 1 64.0 61.0 78
1428 2 1 64.0 61.0 78
1429 2 1 64.0 61.0 78
1430 2 1 64.0 61.0 78
1431 2 1 64.0 61.0 78
1432 2 1 64.0 61.0 78
1433 2 1 64.0 61.0 78
1434 1 1 64.0 61.0 78
1435 2 1 64.0 61.0 78
1436 2 1 64.0 61.0 78
1437 2 1 64.0 61.0 78
1438 2 1 64.0 61.0 78
1439 2 1 64.0 61.0 78
1440 2 1 64.0 61.0 78
1441 2 1 64.0 61.0 78
1442 1 1 64.0 61.0 78
1443 1 1 64.0 61.0 78
1444 2 1 64.0 61.0 78
1445 2 1 64.0 61.0 78
1446 2 1 64.0 61.0 78
1447 2 1 64.0 61.0 78
1448 1 1 60.0 76.0 79
1449 1 1 60.0 76.0 79
1450 1 1 60.0 76.0 79
1451 1 1 60.0 76.0 79
1452 1 1 60.0 76.0 79
1453 1 1 60.0 76.0 79
1454 1 1 60.0 76.0 79
1455 1 1 60.0 76.0 79
1456 1 1 60.0 76.0 79
1457 1 1 60.0 76.0 79
1458 1 1 60.0 76.0 79
1459 1 1 60.0 76.0 79
1460 1 1 60.0 76.0 79
1461 1 1 60.0 76.0 79
1462 1 1 60.0 76.0 79
1463 1 1 60.0 76.0 79
1464 1 1 60.0 76.0 79
1465 1 1 60.0 76.0 79
1466 1 1 60.0 76.0 79
1467 1 1 60.0 76.0 79
1468 1 1 60.0 76.0 79
1469 1 1 60.0 76.0 79
1470 1 1 60.0 76.0 79
1471 1 1 60.0 76.0 79
1472 1 1 60.0 76.0 79
1473 1 1 60.0 76.0 79
1474 1 1 60.0 76.0 79
1475 1 1 60.0 76.0 79
1476 1 1 60.0 76.0 79
1477 1 1 60.0 76.0 79
1478 1 1 60.0 76.0 79
1479 1 1 60.0 76.0 79
1480 1 1 60.0 76.0 79
1481 2 1 13.0 68.0 80
1482 2 1 13.0 68.0 80
1483 1 1 55.0 48.0 81
1484 1 1 55.0 48.0 81
1485 1 1 55.0 48.0 81
1486 1 1 55.0 48.0 81
1487 1 1 55.0 48.0 81
1488 1 1 55.0 48.0 81
1489 1 1 55.0 48.0 81
1490 1 1 55.0 48.0 81
1491 1 1 55.0 48.0 81
1492 1 1 55.0 48.0 81
1493 1 1 55.0 48.0 81
1494 1 1 55.0 48.0 81
1495 1 1 55.0 48.0 81
1496 1 1 55.0 48.0 81
1497 1 1 55.0 48.0 81
1498 1 1 55.0 48.0 81
1499 1 1 55.0 48.0 81
1500 1 1 55.0 48.0 81
1501 1 1 55.0 48.0 81
1502 1 1 55.0 48.0 81
1503 2 1 33.0 43.0 82
1504 2 1 33.0 43.0 82
1505 2 1 33.0 43.0 82
1506 2 1 33.0 43.0 82
1507 2 1 33.0 43.0 82
1508 1 1 33.0 43.0 82
1509 1 1 2.0 68.0 83
1510 1 1 2.0 68.0 83
1511 1 1 2.0 68.0 83
1512 1 1 2.0 68.0 83
1513 1 1 2.0 68.0 83
1514 1 1 2.0 68.0 83
1515 1 1 2.0 68.0 83
1516 1 1 2.0 68.0 83
1517 1 1 2.0 68.0 83
1518 1 1 2.0 68.0 83
1519 1 1 2.0 68.0 83
1520 1 1 2.0 68.0 83
1521 1 1 2.0 68.0 83
1522 1 1 2.0 68.0 83
1523 1 1 2.0 68.0 83
1524 1 1 2.0 68.0 83
1525 1 1 2.0 68.0 83
1526 1 1 2.0 68.0 83
1527 1 1 2.0 68.0 83
1528 1 1 2.0 68.0 83
1529 1 1 2.0 68.0 83
1530 1 1 2.0 68.0 83
1531 1 1 2.0 68.0 83
1532 1 1 2.0 68.0 83
1533 1 1 2.0 68.0 83
1534 1 1 2.0 68.0 83
1535 1 1 2.0 68.0 83
1536 1 1 2.0 68.0 83
1537 1 1 2.0 68.0 83
1538 2 1 17.0 50.0 84
1539 1 1 17.0 50.0 84
1540 1 1 17.0 50.0 84
1541 1 1 46.0 50.0 85
1542 1 1 46.0 50.0 85
1543 1 1 46.0 50.0 85
1544 1 1 46.0 50.0 85
1545 1 1 46.0 50.0 85
1546 1 1 46.0 50.0 85
1547 1 1 46.0 50.0 85
1548 1 1 46.0 50.0 85
1549 1 1 46.0 50.0 85
1550 1 1 46.0 50.0 85
1551 1 1 46.0 50.0 85
1552 1 1 46.0 50.0 85
1553 1 1 46.0 50.0 85
1554 1 1 46.0 50.0 85
1555 1 1 46.0 50.0 85
1556 1 1 46.0 50.0 85
1557 1 1 46.0 50.0 85
1558 1 1 16.0 56.0 86
1559 1 1 16.0 56.0 86
1560 1 1 16.0 56.0 86
1561 1 1 16.0 56.0 86
1562 1 1 16.0 56.0 86
1563 1 1 16.0 56.0 86
1564 1 1 16.0 56.0 86
1565 1 1 16.0 56.0 86
1566 1 1 16.0 56.0 86
1567 1 1 16.0 56.0 86
1568 1 1 16.0 56.0 86
1569 1 1 16.0 56.0 86
1570 1 1 16.0 56.0 86
1571 1 1 16.0 56.0 86
1572 1 1 16.0 56.0 86
1573 1 1 16.0 56.0 86
1574 1 1 16.0 56.0 86
1575 1 1 16.0 56.0 86
1576 1 1 16.0 56.0 86
1577 1 1 16.0 56.0 86
1578 1 1 16.0 56.0 86
1579 1 1 16.0 56.0 86
1580 1 1 16.0 56.0 86
1581 1 1 16.0 56.0 86
1582 1 1 69.0 28.0 87
1583 1 1 69.0 28.0 87
1584 1 1 69.0 28.0 87
1585 1 1 69.0 28.0 87
1586 1 1 69.0 28.0 87
1587 1 1 69.0 28.0 87
1588 1 1 69.0 28.0 87
1589 1 1 69.0 28.0 87
1590 1 1 69.0 28.0 87
1591 1 1 69.0 28.0 87
1592 1 1 69.0 28.0 87
1593 1 1 69.0 28.0 87
1594 1 1 69.0 28.0 87
1595 1 1 69.0 28.0 87
1596 1 1 69.0 28.0 87
1597 1 1 69.0 28.0 87
1598 1 1 69.0 28.0 87
1599 1 1 69.0 28.0 87
1600 1 1 69.0 28.0 87
1601 1 1 69.0 28.0 87
1602 1 1 69.0 28.0 87
1603 1 1 69.0 28.0 87
1604 1 1 69.0 28.0 87
1605 1 1 69.0 28.0 87
1606 1 1 69.0 28.0 87
1607 1 1 69.0 28.0 87
1608 2 1 63.0 52.0 88
1609 2 1 63.0 52.0 88
1610 2 1 63.0 52.0 88
1611 1 1 63.0 52.0 88
1612 1 1 63.0 52.0 88
1613 2 1 63.0 52.0 88
1614 2 1 63.0 52.0 88
1615 2 1 63.0 52.0 88
1616 2 1 63.0 52.0 88
1617 2 1 63.0 52.0 88
1618 2 1 63.0 52.0 88
1619 2 1 63.0 52.0 88
1620 2 1 63.0 52.0 88
1621 2 1 59.0 51.0 89
1622 1 1 59.0 51.0 89
1623 2 1 59.0 51.0 89
1624 1 1 59.0 51.0 89
1625 2 1 59.0 51.0 89
1626 1 1 59.0 51.0 89
1627 2 1 59.0 51.0 89
1628 2 1 59.0 51.0 89
1629 2 1 59.0 51.0 89
1630 1 1 59.0 51.0 89
1631 2 1 59.0 51.0 89
1632 2 1 59.0 51.0 89
1633 2 1 59.0 51.0 89
1634 2 1 59.0 51.0 89
1635 2 1 59.0 51.0 89
1636 2 1 59.0 51.0 89
1637 2 1 59.0 51.0 89
1638 2 1 59.0 51.0 89
1639 2 1 59.0 51.0 89
1640 1 1 59.0 51.0 89
1641 2 1 59.0 51.0 89
1642 1 1 59.0 51.0 89
1643 2 1 59.0 51.0 89
1644 2 1 59.0 51.0 89
1645 2 1 59.0 51.0 89
1646 1 1 59.0 51.0 89
1647 2 1 59.0 51.0 89
1648 2 1 59.0 51.0 89
1649 2 1 63.0 37.0 90
1650 2 1 63.0 37.0 90
1651 2 1 63.0 37.0 90
1652 2 1 63.0 37.0 90
1653 2 1 63.0 37.0 90
1654 2 1 63.0 37.0 90
1655 2 1 63.0 37.0 90
1656 1 1 63.0 37.0 90
1657 2 1 63.0 37.0 90
1658 2 1 63.0 37.0 90
1659 2 1 63.0 37.0 90
1660 2 1 63.0 37.0 90
1661 2 1 63.0 37.0 90
1662 1 1 63.0 37.0 90
1663 2 1 63.0 37.0 90
1664 2 1 63.0 37.0 90
1665 2 1 63.0 37.0 90
1666 2 1 63.0 37.0 90
1667 1 1 63.0 37.0 90
1668 2 1 63.0 37.0 90
1669 2 1 63.0 37.0 90
1670 1 1 20.0 70.0 91
1671 1 1 20.0 70.0 91
1672 1 1 20.0 70.0 91
1673 1 1 20.0 70.0 91
1674 1 1 20.0 70.0 91
1675 1 1 20.0 70.0 91
1676 1 1 20.0 70.0 91
1677 1 1 20.0 70.0 91
1678 1 1 20.0 70.0 91
1679 1 1 20.0 70.0 91
1680 1 1 20.0 70.0 91
1681 1 1 20.0 70.0 91
1682 1 1 20.0 70.0 91
1683 1 1 20.0 70.0 91
1684 1 1 20.0 70.0 91
1685 1 1 20.0 70.0 91
1686 1 1 20.0 70.0 91
1687 1 1 20.0 70.0 91
1688 1 1 20.0 70.0 91
1689 1 1 20.0 70.0 91
1690 1 1 20.0 70.0 91
1691 1 1 20.0 70.0 91
1692 1 1 20.0 70.0 91
1693 1 1 20.0 70.0 91
1694 1 1 20.0 70.0 91
1695 1 1 20.0 70.0 91
1696 1 1 4.0 47.0 92
1697 1 1 4.0 47.0 92
1698 1 1 4.0 47.0 92
1699 1 1 4.0 47.0 92
1700 1 1 4.0 47.0 92
1701 1 1 4.0 47.0 92
1702 1 1 4.0 47.0 92
1703 1 1 4.0 47.0 92
1704 1 1 4.0 47.0 92
1705 1 1 4.0 47.0 92
1706 1 1 4.0 47.0 92
1707 1 1 4.0 47.0 92
1708 1 1 4.0 47.0 92
1709 1 1 4.0 47.0 92
1710 1 1 4.0 47.0 92
1711 1 1 4.0 47.0 92
1712 1 1 4.0 47.0 92
1713 1 1 4.0 47.0 92
1714 1 1 4.0 47.0 92
1715 1 1 4.0 47.0 92
1716 1 1 4.0 47.0 92
1717 1 1 4.0 47.0 92
1718 1 1 4.0 47.0 92
