1
0 0.0 0.0 500.0 1164.9835205078125 8
972 1 59.0 205.82571411132812 60 2147483647 61
0 0 0.0 0.0 D
121 1 -5.0 8.6603 1
48 1 5.0 8.6603 1
52 1 5.0 8.6603 1
54 1 5.0 8.6603 1
59 1 5.0 8.6603 1
63 1 10.0 17.3205 1
67 1 10.0 17.3205 1
74 1 10.0 17.3205 1
75 1 10.0 17.3205 1
80 1 10.0 17.3205 1
82 1 15.0 25.9808 1
92 1 15.0 25.9808 1
93 1 15.0 25.9808 1
95 1 15.0 25.9808 1
98 1 15.0 25.9808 1
102 1 20.0 34.641 1
104 1 20.0 34.641 1
107 1 20.0 34.641 1
111 1 20.0 34.641 1
389 1 5.0 -8.6603 1
382 1 5.0 -8.6603 1
379 1 5.0 -8.6603 1
417 1 10.0 -17.3205 1
404 1 10.0 -17.3205 1
403 1 10.0 -17.3205 1
402 1 10.0 -17.3205 1
398 1 10.0 -17.3205 1
396 1 10.0 -17.3205 1
395 1 10.0 -17.3205 1
393 1 10.0 -17.3205 1
392 1 10.0 -17.3205 1
391 1 10.0 -17.3205 1
447 1 15.0 -25.9808 1
443 1 15.0 -25.9808 1
441 1 15.0 -25.9808 1
440 1 15.0 -25.9808 1
439 1 15.0 -25.9808 1
438 1 15.0 -25.9808 1
478 1 20.0 -34.641 1
474 1 20.0 -34.641 1
471 1 20.0 -34.641 1
462 1 20.0 -34.641 1
460 1 20.0 -34.641 1
456 1 20.0 -34.641 1
360 1 -20.0 -34.641 1
323 1 -15.0 -25.9808 1
327 1 -15.0 -25.9808 1
337 1 -15.0 -25.9808 1
340 1 -15.0 -25.9808 1
308 1 -10.0 -17.3205 1
316 1 -10.0 -17.3205 1
320 1 -10.0 -17.3205 1
283 1 -5.0 -8.6603 1
284 1 -5.0 -8.6603 1
300 1 -5.0 -8.6603 1
297 1 -5.0 -8.6603 1
296 1 -5.0 -8.6603 1
293 1 -5.0 -8.6603 1
291 1 -5.0 -8.6603 1
-1 0 0.0 0.0 D
973 2 39.0 146.6278533935547 40 2147483647 41
0 0 0.0 0.0 D
150 1 -5.0 8.6603 2
149 1 -5.0 8.6603 2
147 1 -5.0 8.6603 2
146 1 -5.0 8.6603 2
145 1 -5.0 8.6603 2
144 1 -5.0 8.6603 2
143 1 -5.0 8.6603 2
142 1 -5.0 8.6603 2
141 1 -5.0 8.6603 2
140 1 -5.0 8.6603 2
139 1 -5.0 8.6603 2
137 1 -5.0 8.6603 2
136 1 -5.0 8.6603 2
135 1 -5.0 8.6603 2
134 1 -5.0 8.6603 2
133 1 -5.0 8.6603 2
132 1 -5.0 8.6603 2
131 1 -5.0 8.6603 2
130 1 -5.0 8.6603 2
129 1 -5.0 8.6603 2
128 1 -5.0 8.6603 2
126 1 -5.0 8.6603 2
125 1 -5.0 8.6603 2
124 1 -5.0 8.6603 2
123 1 -5.0 8.6603 2
122 1 -5.0 8.6603 2
193 1 -15.0 25.9808 2
190 1 -15.0 25.9808 2
189 1 -15.0 25.9808 2
188 1 -15.0 25.9808 2
187 1 -15.0 25.9808 2
186 1 -15.0 25.9808 2
181 1 -15.0 25.9808 2
482 1 43.3013 25.0 2
30 1 30.0 0.0 2
26 1 30.0 0.0 2
20 1 20.0 0.0 2
10 1 10.0 0.0 2
1 1 10.0 0.0 2
-1 0 0.0 0.0 D
974 2 79.0 137.32054138183594 80 2147483647 81
0 0 0.0 0.0 D
179 1 -10.0 17.3205 2
178 1 -10.0 17.3205 2
177 1 -10.0 17.3205 2
176 1 -10.0 17.3205 2
174 1 -10.0 17.3205 2
172 1 -10.0 17.3205 2
170 1 -10.0 17.3205 2
169 1 -10.0 17.3205 2
168 1 -10.0 17.3205 2
167 1 -10.0 17.3205 2
166 1 -10.0 17.3205 2
165 1 -10.0 17.3205 2
164 1 -10.0 17.3205 2
163 1 -10.0 17.3205 2
161 1 -10.0 17.3205 2
160 1 -10.0 17.3205 2
159 1 -10.0 17.3205 2
158 1 -10.0 17.3205 2
157 1 -10.0 17.3205 2
156 1 -10.0 17.3205 2
155 1 -10.0 17.3205 2
154 1 -10.0 17.3205 2
153 1 -10.0 17.3205 2
152 1 -10.0 17.3205 2
151 1 -10.0 17.3205 2
209 1 -15.0 25.9808 2
208 1 -15.0 25.9808 2
207 1 -15.0 25.9808 2
206 1 -15.0 25.9808 2
205 1 -15.0 25.9808 2
204 1 -15.0 25.9808 2
202 1 -15.0 25.9808 2
201 1 -15.0 25.9808 2
199 1 -15.0 25.9808 2
198 1 -15.0 25.9808 2
197 1 -15.0 25.9808 2
196 1 -15.0 25.9808 2
194 1 -15.0 25.9808 2
240 1 -20.0 34.641 2
239 1 -20.0 34.641 2
238 1 -20.0 34.641 2
236 1 -20.0 34.641 2
235 1 -20.0 34.641 2
234 1 -20.0 34.641 2
233 1 -20.0 34.641 2
232 1 -20.0 34.641 2
231 1 -20.0 34.641 2
230 1 -20.0 34.641 2
229 1 -20.0 34.641 2
227 1 -20.0 34.641 2
225 1 -20.0 34.641 2
223 1 -20.0 34.641 2
222 1 -20.0 34.641 2
221 1 -20.0 34.641 2
218 1 -20.0 34.641 2
217 1 -20.0 34.641 2
216 1 -20.0 34.641 2
214 1 -20.0 34.641 2
213 1 -20.0 34.641 2
212 1 -20.0 34.641 2
211 1 -20.0 34.641 2
274 1 -40.0 0.0 2
273 1 -40.0 0.0 2
268 1 -30.0 0.0 2
266 1 -30.0 0.0 2
262 1 -30.0 0.0 2
260 1 -20.0 0.0 2
251 1 -20.0 0.0 2
249 1 -10.0 0.0 2
370 1 5.0 -8.6603 2
369 1 5.0 -8.6603 2
368 1 5.0 -8.6603 2
367 1 5.0 -8.6603 2
366 1 5.0 -8.6603 2
365 1 5.0 -8.6603 2
364 1 5.0 -8.6603 2
363 1 5.0 -8.6603 2
362 1 5.0 -8.6603 2
361 1 5.0 -8.6603 2
-1 0 0.0 0.0 D
975 2 85.0 79.99996185302734 120 2147483647 87
0 0 0.0 0.0 D
390 1 5.0 -8.6603 2
420 1 10.0 -17.3205 2
419 1 10.0 -17.3205 2
418 1 10.0 -17.3205 2
416 1 10.0 -17.3205 2
415 1 10.0 -17.3205 2
414 1 10.0 -17.3205 2
413 1 10.0 -17.3205 2
412 1 10.0 -17.3205 2
411 1 10.0 -17.3205 2
410 1 10.0 -17.3205 2
409 1 10.0 -17.3205 2
408 1 10.0 -17.3205 2
407 1 10.0 -17.3205 2
406 1 10.0 -17.3205 2
405 1 10.0 -17.3205 2
401 1 10.0 -17.3205 2
400 1 10.0 -17.3205 2
399 1 10.0 -17.3205 2
397 1 10.0 -17.3205 2
394 1 10.0 -17.3205 2
480 1 20.0 -34.641 2
479 1 20.0 -34.641 2
477 1 20.0 -34.641 2
476 1 20.0 -34.641 2
475 1 20.0 -34.641 2
473 1 20.0 -34.641 2
472 1 20.0 -34.641 2
470 1 20.0 -34.641 2
469 1 20.0 -34.641 2
468 1 20.0 -34.641 2
467 1 20.0 -34.641 2
466 1 20.0 -34.641 2
465 1 20.0 -34.641 2
464 1 20.0 -34.641 2
463 1 20.0 -34.641 2
461 1 20.0 -34.641 2
459 1 20.0 -34.641 2
458 1 20.0 -34.641 2
457 1 20.0 -34.641 2
455 1 20.0 -34.641 2
454 1 20.0 -34.641 2
453 1 20.0 -34.641 2
452 1 20.0 -34.641 2
451 1 20.0 -34.641 2
450 1 15.0 -25.9808 2
449 1 15.0 -25.9808 2
448 1 15.0 -25.9808 2
446 1 15.0 -25.9808 2
445 1 15.0 -25.9808 2
444 1 15.0 -25.9808 2
442 1 15.0 -25.9808 2
437 1 15.0 -25.9808 2
436 1 15.0 -25.9808 2
435 1 15.0 -25.9808 2
434 1 15.0 -25.9808 2
433 1 15.0 -25.9808 2
432 1 15.0 -25.9808 2
431 1 15.0 -25.9808 2
430 1 15.0 -25.9808 2
429 1 15.0 -25.9808 2
428 1 15.0 -25.9808 2
427 1 15.0 -25.9808 2
426 1 15.0 -25.9808 2
425 1 15.0 -25.9808 2
424 1 15.0 -25.9808 2
423 1 15.0 -25.9808 2
422 1 15.0 -25.9808 2
421 1 15.0 -25.9808 2
388 1 5.0 -8.6603 2
387 1 5.0 -8.6603 2
386 1 5.0 -8.6603 2
385 1 5.0 -8.6603 2
384 1 5.0 -8.6603 2
383 1 5.0 -8.6603 2
381 1 5.0 -8.6603 2
380 1 5.0 -8.6603 2
378 1 5.0 -8.6603 2
377 1 5.0 -8.6603 2
376 1 5.0 -8.6603 2
375 1 5.0 -8.6603 2
374 1 5.0 -8.6603 2
373 1 5.0 -8.6603 2
372 1 5.0 -8.6603 2
371 1 5.0 -8.6603 2
-1 0 0.0 0.0 D
977 4 99.0 169.24827575683594 100 2147483647 101
0 0 0.0 0.0 D
60 1 5.0 8.6603 4
58 1 5.0 8.6603 4
57 1 5.0 8.6603 4
56 1 5.0 8.6603 4
55 1 5.0 8.6603 4
53 1 5.0 8.6603 4
51 1 5.0 8.6603 4
50 1 5.0 8.6603 4
49 1 5.0 8.6603 4
47 1 5.0 8.6603 4
46 1 5.0 8.6603 4
45 1 5.0 8.6603 4
44 1 5.0 8.6603 4
43 1 5.0 8.6603 4
42 1 5.0 8.6603 4
41 1 5.0 8.6603 4
65 1 10.0 17.3205 4
66 1 10.0 17.3205 4
68 1 10.0 17.3205 4
69 1 10.0 17.3205 4
70 1 10.0 17.3205 4
71 1 10.0 17.3205 4
72 1 10.0 17.3205 4
73 1 10.0 17.3205 4
76 1 10.0 17.3205 4
77 1 10.0 17.3205 4
78 1 10.0 17.3205 4
79 1 10.0 17.3205 4
100 1 15.0 25.9808 4
99 1 15.0 25.9808 4
97 1 15.0 25.9808 4
96 1 15.0 25.9808 4
94 1 15.0 25.9808 4
91 1 15.0 25.9808 4
90 1 15.0 25.9808 4
89 1 15.0 25.9808 4
88 1 15.0 25.9808 4
87 1 15.0 25.9808 4
86 1 15.0 25.9808 4
85 1 15.0 25.9808 4
84 1 15.0 25.9808 4
83 1 15.0 25.9808 4
81 1 15.0 25.9808 4
120 1 20.0 34.641 4
119 1 20.0 34.641 4
118 1 20.0 34.641 4
117 1 20.0 34.641 4
116 1 20.0 34.641 4
115 1 20.0 34.641 4
114 1 20.0 34.641 4
113 1 20.0 34.641 4
112 1 20.0 34.641 4
110 1 20.0 34.641 4
109 1 20.0 34.641 4
108 1 20.0 34.641 4
106 1 20.0 34.641 4
105 1 20.0 34.641 4
103 1 20.0 34.641 4
101 1 20.0 34.641 4
500 1 -43.3013 25.0 4
497 1 -43.3013 25.0 4
496 1 -43.3013 25.0 4
495 1 -43.3013 25.0 4
494 1 -43.3013 25.0 4
493 1 -43.3013 25.0 4
492 1 -43.3013 25.0 4
491 1 -43.3013 25.0 4
280 1 -40.0 0.0 4
279 1 -40.0 0.0 4
278 1 -40.0 0.0 4
277 1 -40.0 0.0 4
276 1 -40.0 0.0 4
275 1 -40.0 0.0 4
272 1 -40.0 0.0 4
271 1 -40.0 0.0 4
270 1 -30.0 0.0 4
269 1 -30.0 0.0 4
267 1 -30.0 0.0 4
265 1 -30.0 0.0 4
264 1 -30.0 0.0 4
263 1 -30.0 0.0 4
261 1 -30.0 0.0 4
259 1 -20.0 0.0 4
258 1 -20.0 0.0 4
257 1 -20.0 0.0 4
256 1 -20.0 0.0 4
255 1 -20.0 0.0 4
254 1 -20.0 0.0 4
253 1 -20.0 0.0 4
252 1 -20.0 0.0 4
250 1 -10.0 0.0 4
248 1 -10.0 0.0 4
247 1 -10.0 0.0 4
246 1 -10.0 0.0 4
245 1 -10.0 0.0 4
244 1 -10.0 0.0 4
243 1 -10.0 0.0 4
242 1 -10.0 0.0 4
241 1 -10.0 0.0 4
-1 0 0.0 0.0 D
978 4 110.0 196.71279907226562 160 2147483647 112
0 0 0.0 0.0 D
313 1 -10.0 -17.3205 4
312 1 -10.0 -17.3205 4
311 1 -10.0 -17.3205 4
310 1 -10.0 -17.3205 4
309 1 -10.0 -17.3205 4
307 1 -10.0 -17.3205 4
306 1 -10.0 -17.3205 4
305 1 -10.0 -17.3205 4
304 1 -10.0 -17.3205 4
303 1 -10.0 -17.3205 4
302 1 -10.0 -17.3205 4
301 1 -10.0 -17.3205 4
319 1 -10.0 -17.3205 4
318 1 -10.0 -17.3205 4
317 1 -10.0 -17.3205 4
315 1 -10.0 -17.3205 4
314 1 -10.0 -17.3205 4
359 1 -20.0 -34.641 4
357 1 -20.0 -34.641 4
355 1 -20.0 -34.641 4
354 1 -20.0 -34.641 4
353 1 -20.0 -34.641 4
352 1 -20.0 -34.641 4
351 1 -20.0 -34.641 4
350 1 -20.0 -34.641 4
349 1 -20.0 -34.641 4
348 1 -20.0 -34.641 4
347 1 -20.0 -34.641 4
346 1 -20.0 -34.641 4
345 1 -20.0 -34.641 4
344 1 -20.0 -34.641 4
343 1 -20.0 -34.641 4
342 1 -20.0 -34.641 4
341 1 -20.0 -34.641 4
339 1 -15.0 -25.9808 4
338 1 -15.0 -25.9808 4
336 1 -15.0 -25.9808 4
335 1 -15.0 -25.9808 4
334 1 -15.0 -25.9808 4
333 1 -15.0 -25.9808 4
332 1 -15.0 -25.9808 4
331 1 -15.0 -25.9808 4
330 1 -15.0 -25.9808 4
329 1 -15.0 -25.9808 4
328 1 -15.0 -25.9808 4
326 1 -15.0 -25.9808 4
325 1 -15.0 -25.9808 4
324 1 -15.0 -25.9808 4
322 1 -15.0 -25.9808 4
321 1 -15.0 -25.9808 4
299 1 -5.0 -8.6603 4
298 1 -5.0 -8.6603 4
295 1 -5.0 -8.6603 4
294 1 -5.0 -8.6603 4
292 1 -5.0 -8.6603 4
290 1 -5.0 -8.6603 4
289 1 -5.0 -8.6603 4
288 1 -5.0 -8.6603 4
287 1 -5.0 -8.6603 4
286 1 -5.0 -8.6603 4
285 1 -5.0 -8.6603 4
282 1 -5.0 -8.6603 4
281 1 -5.0 -8.6603 4
2 1 10.0 0.0 4
3 1 10.0 0.0 4
4 1 10.0 0.0 4
5 1 10.0 0.0 4
6 1 10.0 0.0 4
7 1 10.0 0.0 4
8 1 10.0 0.0 4
9 1 10.0 0.0 4
11 1 20.0 0.0 4
12 1 20.0 0.0 4
13 1 20.0 0.0 4
14 1 20.0 0.0 4
15 1 20.0 0.0 4
16 1 20.0 0.0 4
17 1 20.0 0.0 4
18 1 20.0 0.0 4
19 1 20.0 0.0 4
21 1 30.0 0.0 4
22 1 30.0 0.0 4
23 1 30.0 0.0 4
24 1 30.0 0.0 4
25 1 30.0 0.0 4
27 1 30.0 0.0 4
28 1 30.0 0.0 4
29 1 30.0 0.0 4
31 1 40.0 0.0 4
32 1 40.0 0.0 4
33 1 40.0 0.0 4
34 1 40.0 0.0 4
35 1 40.0 0.0 4
36 1 40.0 0.0 4
37 1 40.0 0.0 4
38 1 40.0 0.0 4
39 1 40.0 0.0 4
40 1 40.0 0.0 4
481 1 43.3013 25.0 4
483 1 43.3013 25.0 4
484 1 43.3013 25.0 4
485 1 43.3013 25.0 4
486 1 43.3013 25.0 4
487 1 43.3013 25.0 4
488 1 43.3013 25.0 4
489 1 43.3013 25.0 4
490 1 43.3013 25.0 4
61 1 10.0 17.3205 4
62 1 10.0 17.3205 4
64 1 10.0 17.3205 4
-1 0 0.0 0.0 D
989 1 19.0 169.24826049804688 20 2147483647 21
0 0 0.0 0.0 D
184 1 -15.0 25.9808 1
185 1 -15.0 25.9808 1
191 1 -15.0 25.9808 1
192 1 -15.0 25.9808 1
195 1 -15.0 25.9808 1
200 1 -15.0 25.9808 1
203 1 -15.0 25.9808 1
210 1 -15.0 25.9808 1
215 1 -20.0 34.641 1
219 1 -20.0 34.641 1
220 1 -20.0 34.641 1
224 1 -20.0 34.641 1
226 1 -20.0 34.641 1
228 1 -20.0 34.641 1
237 1 -20.0 34.641 1
498 1 -43.3013 25.0 1
499 1 -43.3013 25.0 1
356 1 -20.0 -34.641 1
358 1 -20.0 -34.641 1
-1 0 0.0 0.0 D
990 1 10.0 60.00006866455078 20 2147483647 12
0 0 0.0 0.0 D
127 1 -5.0 8.6603 1
138 1 -5.0 8.6603 1
148 1 -5.0 8.6603 1
162 1 -10.0 17.3205 1
171 1 -10.0 17.3205 1
173 1 -10.0 17.3205 1
175 1 -10.0 17.3205 1
180 1 -10.0 17.3205 1
182 1 -15.0 25.9808 1
183 1 -15.0 25.9808 1
-1 0 0.0 0.0 D
