File: p07 Num Depots: 1 Num Pick Up Points: 26 Num Trucks: 1Processing Time: 3 seconds
Total Demand = 500.00| Total Distance = 1164.98| Total Travel Time = 873.74| Total Cost = $691.78|

Truck #972 MaxCap: 60 Demand: 59.0 ROUTE:0 121 48 52 54 59 63 67 74 75 80 82 92 93 95 98 102 104 107 111 389 382 379 417 404 403 402 398 396 395 393 392 391 447 443 441 440 439 438 478 474 471 462 460 456 360 323 327 337 340 308 316 320 283 284 300 297 296 293 291 -1 
Truck #973 MaxCap: 40 Demand: 39.0 ROUTE:0 150 149 147 146 145 144 143 142 141 140 139 137 136 135 134 133 132 131 130 129 128 126 125 124 123 122 193 190 189 188 187 186 181 482 30 26 20 10 1 -1 
Truck #974 MaxCap: 80 Demand: 79.0 ROUTE:0 179 178 177 176 174 172 170 169 168 167 166 165 164 163 161 160 159 158 157 156 155 154 153 152 151 209 208 207 206 205 204 202 201 199 198 197 196 194 240 239 238 236 235 234 233 232 231 230 229 227 225 223 222 221 218 217 216 214 213 212 211 274 273 268 266 262 260 251 249 370 369 368 367 366 365 364 363 362 361 -1 
Truck #975 MaxCap: 120 Demand: 85.0 ROUTE:0 390 420 419 418 416 415 414 413 412 411 410 409 408 407 406 405 401 400 399 397 394 480 479 477 476 475 473 472 470 469 468 467 466 465 464 463 461 459 458 457 455 454 453 452 451 450 449 448 446 445 444 442 437 436 435 434 433 432 431 430 429 428 427 426 425 424 423 422 421 388 387 386 385 384 383 381 380 378 377 376 375 374 373 372 371 -1 
Truck #977 MaxCap: 100 Demand: 99.0 ROUTE:0 60 58 57 56 55 53 51 50 49 47 46 45 44 43 42 41 65 66 68 69 70 71 72 73 76 77 78 79 100 99 97 96 94 91 90 89 88 87 86 85 84 83 81 120 119 118 117 116 115 114 113 112 110 109 108 106 105 103 101 500 497 496 495 494 493 492 491 280 279 278 277 276 275 272 271 270 269 267 265 264 263 261 259 258 257 256 255 254 253 252 250 248 247 246 245 244 243 242 241 -1 
Truck #978 MaxCap: 160 Demand: 110.0 ROUTE:0 313 312 311 310 309 307 306 305 304 303 302 301 319 318 317 315 314 359 357 355 354 353 352 351 350 349 348 347 346 345 344 343 342 341 339 338 336 335 334 333 332 331 330 329 328 326 325 324 322 321 299 298 295 294 292 290 289 288 287 286 285 282 281 2 3 4 5 6 7 8 9 11 12 13 14 15 16 17 18 19 21 22 23 24 25 27 28 29 31 32 33 34 35 36 37 38 39 40 481 483 484 485 486 487 488 489 490 61 62 64 -1 
Truck #989 MaxCap: 20 Demand: 19.0 ROUTE:0 184 185 191 192 195 200 203 210 215 219 220 224 226 228 237 498 499 356 358 -1 
Truck #990 MaxCap: 20 Demand: 10.0 ROUTE:0 127 138 148 162 171 173 175 180 182 183 -1 


Inital Solution 0 changes  totQ=500.00 totD=1132.02 $761.17
Local One Opt 5 changes  totQ=500.00 totD=1101.27 $759.73
Local Two Opt 1 changes  totQ=500.00 totD=1101.27 $759.73
Local Three Opt 0 changes  totQ=500.00 totD=1101.27 $759.73
K-Two Forward 0 changes  totQ=500.00 totD=1101.27 $759.73
K-Two Reverse 0 changes  totQ=500.00 totD=1101.27 $759.73
K-Three Forward 0 changes  totQ=500.00 totD=1101.27 $759.73
K-Three Reverse 0 changes  totQ=500.00 totD=1101.27 $759.73
Exchange 01 1 changes  totQ=500.00 totD=1073.95 $756.99
Exchange 01 0 changes  totQ=500.00 totD=1073.95 $756.99
Exchange 11 0 changes  totQ=500.00 totD=1073.95 $756.99
Exchange 02 0 changes  totQ=500.00 totD=1073.95 $756.99
Exchange 20 0 changes  totQ=500.00 totD=1073.95 $756.99
Exchange 12 0 changes  totQ=500.00 totD=1073.95 $756.99
Exchange 21 0 changes  totQ=500.00 totD=1073.95 $756.99
Exchange 22 0 changes  totQ=500.00 totD=1073.95 $756.99
Combination 0 changes  totQ=500.00 totD=1073.95 $756.99
Reduction 2 changes  totQ=500.00 totD=1071.04 $691.93
Reallocation 0 changes  totQ=500.00 totD=1071.04 $691.93
Relax/Combine 0 changes  totQ=500.00 totD=1071.04 $691.93
Sharing 0 changes  totQ=500.00 totD=1071.04 $691.93
Relax/Share 1 changes  totQ=500.00 totD=1164.98 $691.78
