500
1 2 1 10.0 0.0 1
2 4 1 10.0 0.0 1
3 4 1 10.0 0.0 1
4 4 1 10.0 0.0 1
5 4 1 10.0 0.0 1
6 4 1 10.0 0.0 1
7 4 1 10.0 0.0 1
8 4 1 10.0 0.0 1
9 4 1 10.0 0.0 1
10 2 1 10.0 0.0 1
11 4 1 20.0 0.0 2
12 4 1 20.0 0.0 2
13 4 1 20.0 0.0 2
14 4 1 20.0 0.0 2
15 4 1 20.0 0.0 2
16 4 1 20.0 0.0 2
17 4 1 20.0 0.0 2
18 4 1 20.0 0.0 2
19 4 1 20.0 0.0 2
20 2 1 20.0 0.0 2
21 4 1 30.0 0.0 3
22 4 1 30.0 0.0 3
23 4 1 30.0 0.0 3
24 4 1 30.0 0.0 3
25 4 1 30.0 0.0 3
26 2 1 30.0 0.0 3
27 4 1 30.0 0.0 3
28 4 1 30.0 0.0 3
29 4 1 30.0 0.0 3
30 2 1 30.0 0.0 3
31 4 1 40.0 0.0 4
32 4 1 40.0 0.0 4
33 4 1 40.0 0.0 4
34 4 1 40.0 0.0 4
35 4 1 40.0 0.0 4
36 4 1 40.0 0.0 4
37 4 1 40.0 0.0 4
38 4 1 40.0 0.0 4
39 4 1 40.0 0.0 4
40 4 1 40.0 0.0 4
41 4 1 5.0 8.6603 5
42 4 1 5.0 8.6603 5
43 4 1 5.0 8.6603 5
44 4 1 5.0 8.6603 5
45 4 1 5.0 8.6603 5
46 4 1 5.0 8.6603 5
47 4 1 5.0 8.6603 5
48 1 1 5.0 8.6603 5
49 4 1 5.0 8.6603 5
50 4 1 5.0 8.6603 5
51 4 1 5.0 8.6603 5
52 1 1 5.0 8.6603 5
53 4 1 5.0 8.6603 5
54 1 1 5.0 8.6603 5
55 4 1 5.0 8.6603 5
56 4 1 5.0 8.6603 5
57 4 1 5.0 8.6603 5
58 4 1 5.0 8.6603 5
59 1 1 5.0 8.6603 5
60 4 1 5.0 8.6603 5
61 4 1 10.0 17.3205 6
62 4 1 10.0 17.3205 6
63 1 1 10.0 17.3205 6
64 4 1 10.0 17.3205 6
65 4 1 10.0 17.3205 6
66 4 1 10.0 17.3205 6
67 1 1 10.0 17.3205 6
68 4 1 10.0 17.3205 6
69 4 1 10.0 17.3205 6
70 4 1 10.0 17.3205 6
71 4 1 10.0 17.3205 6
72 4 1 10.0 17.3205 6
73 4 1 10.0 17.3205 6
74 1 1 10.0 17.3205 6
75 1 1 10.0 17.3205 6
76 4 1 10.0 17.3205 6
77 4 1 10.0 17.3205 6
78 4 1 10.0 17.3205 6
79 4 1 10.0 17.3205 6
80 1 1 10.0 17.3205 6
81 4 1 15.0 25.9808 7
82 1 1 15.0 25.9808 7
83 4 1 15.0 25.9808 7
84 4 1 15.0 25.9808 7
85 4 1 15.0 25.9808 7
86 4 1 15.0 25.9808 7
87 4 1 15.0 25.9808 7
88 4 1 15.0 25.9808 7
89 4 1 15.0 25.9808 7
90 4 1 15.0 25.9808 7
91 4 1 15.0 25.9808 7
92 1 1 15.0 25.9808 7
93 1 1 15.0 25.9808 7
94 4 1 15.0 25.9808 7
95 1 1 15.0 25.9808 7
96 4 1 15.0 25.9808 7
97 4 1 15.0 25.9808 7
98 1 1 15.0 25.9808 7
99 4 1 15.0 25.9808 7
100 4 1 15.0 25.9808 7
101 4 1 20.0 34.641 8
102 1 1 20.0 34.641 8
103 4 1 20.0 34.641 8
104 1 1 20.0 34.641 8
105 4 1 20.0 34.641 8
106 4 1 20.0 34.641 8
107 1 1 20.0 34.641 8
108 4 1 20.0 34.641 8
109 4 1 20.0 34.641 8
110 4 1 20.0 34.641 8
111 1 1 20.0 34.641 8
112 4 1 20.0 34.641 8
113 4 1 20.0 34.641 8
114 4 1 20.0 34.641 8
115 4 1 20.0 34.641 8
116 4 1 20.0 34.641 8
117 4 1 20.0 34.641 8
118 4 1 20.0 34.641 8
119 4 1 20.0 34.641 8
120 4 1 20.0 34.641 8
121 1 1 -5.0 8.6603 9
122 2 1 -5.0 8.6603 9
123 2 1 -5.0 8.6603 9
124 2 1 -5.0 8.6603 9
125 2 1 -5.0 8.6603 9
126 2 1 -5.0 8.6603 9
127 1 1 -5.0 8.6603 9
128 2 1 -5.0 8.6603 9
129 2 1 -5.0 8.6603 9
130 2 1 -5.0 8.6603 9
131 2 1 -5.0 8.6603 9
132 2 1 -5.0 8.6603 9
133 2 1 -5.0 8.6603 9
134 2 1 -5.0 8.6603 9
135 2 1 -5.0 8.6603 9
136 2 1 -5.0 8.6603 9
137 2 1 -5.0 8.6603 9
138 1 1 -5.0 8.6603 9
139 2 1 -5.0 8.6603 9
140 2 1 -5.0 8.6603 9
141 2 1 -5.0 8.6603 9
142 2 1 -5.0 8.6603 9
143 2 1 -5.0 8.6603 9
144 2 1 -5.0 8.6603 9
145 2 1 -5.0 8.6603 9
146 2 1 -5.0 8.6603 9
147 2 1 -5.0 8.6603 9
148 1 1 -5.0 8.6603 9
149 2 1 -5.0 8.6603 9
150 2 1 -5.0 8.6603 9
151 2 1 -10.0 17.3205 10
152 2 1 -10.0 17.3205 10
153 2 1 -10.0 17.3205 10
154 2 1 -10.0 17.3205 10
155 2 1 -10.0 17.3205 10
156 2 1 -10.0 17.3205 10
157 2 1 -10.0 17.3205 10
158 2 1 -10.0 17.3205 10
159 2 1 -10.0 17.3205 10
160 2 1 -10.0 17.3205 10
161 2 1 -10.0 17.3205 10
162 1 1 -10.0 17.3205 10
163 2 1 -10.0 17.3205 10
164 2 1 -10.0 17.3205 10
165 2 1 -10.0 17.3205 10
166 2 1 -10.0 17.3205 10
167 2 1 -10.0 17.3205 10
168 2 1 -10.0 17.3205 10
169 2 1 -10.0 17.3205 10
170 2 1 -10.0 17.3205 10
171 1 1 -10.0 17.3205 10
172 2 1 -10.0 17.3205 10
173 1 1 -10.0 17.3205 10
174 2 1 -10.0 17.3205 10
175 1 1 -10.0 17.3205 10
176 2 1 -10.0 17.3205 10
177 2 1 -10.0 17.3205 10
178 2 1 -10.0 17.3205 10
179 2 1 -10.0 17.3205 10
180 1 1 -10.0 17.3205 10
181 2 1 -15.0 25.9808 11
182 1 1 -15.0 25.9808 11
183 1 1 -15.0 25.9808 11
184 1 1 -15.0 25.9808 11
185 1 1 -15.0 25.9808 11
186 2 1 -15.0 25.9808 11
187 2 1 -15.0 25.9808 11
188 2 1 -15.0 25.9808 11
189 2 1 -15.0 25.9808 11
190 2 1 -15.0 25.9808 11
191 1 1 -15.0 25.9808 11
192 1 1 -15.0 25.9808 11
193 2 1 -15.0 25.9808 11
194 2 1 -15.0 25.9808 11
195 1 1 -15.0 25.9808 11
196 2 1 -15.0 25.9808 11
197 2 1 -15.0 25.9808 11
198 2 1 -15.0 25.9808 11
199 2 1 -15.0 25.9808 11
200 1 1 -15.0 25.9808 11
201 2 1 -15.0 25.9808 11
202 2 1 -15.0 25.9808 11
203 1 1 -15.0 25.9808 11
204 2 1 -15.0 25.9808 11
205 2 1 -15.0 25.9808 11
206 2 1 -15.0 25.9808 11
207 2 1 -15.0 25.9808 11
208 2 1 -15.0 25.9808 11
209 2 1 -15.0 25.9808 11
210 1 1 -15.0 25.9808 11
211 2 1 -20.0 34.641 12
212 2 1 -20.0 34.641 12
213 2 1 -20.0 34.641 12
214 2 1 -20.0 34.641 12
215 1 1 -20.0 34.641 12
216 2 1 -20.0 34.641 12
217 2 1 -20.0 34.641 12
218 2 1 -20.0 34.641 12
219 1 1 -20.0 34.641 12
220 1 1 -20.0 34.641 12
221 2 1 -20.0 34.641 12
222 2 1 -20.0 34.641 12
223 2 1 -20.0 34.641 12
224 1 1 -20.0 34.641 12
225 2 1 -20.0 34.641 12
226 1 1 -20.0 34.641 12
227 2 1 -20.0 34.641 12
228 1 1 -20.0 34.641 12
229 2 1 -20.0 34.641 12
230 2 1 -20.0 34.641 12
231 2 1 -20.0 34.641 12
232 2 1 -20.0 34.641 12
233 2 1 -20.0 34.641 12
234 2 1 -20.0 34.641 12
235 2 1 -20.0 34.641 12
236 2 1 -20.0 34.641 12
237 1 1 -20.0 34.641 12
238 2 1 -20.0 34.641 12
239 2 1 -20.0 34.641 12
240 2 1 -20.0 34.641 12
241 4 1 -10.0 0.0 13
242 4 1 -10.0 0.0 13
243 4 1 -10.0 0.0 13
244 4 1 -10.0 0.0 13
245 4 1 -10.0 0.0 13
246 4 1 -10.0 0.0 13
247 4 1 -10.0 0.0 13
248 4 1 -10.0 0.0 13
249 2 1 -10.0 0.0 13
250 4 1 -10.0 0.0 13
251 2 1 -20.0 0.0 14
252 4 1 -20.0 0.0 14
253 4 1 -20.0 0.0 14
254 4 1 -20.0 0.0 14
255 4 1 -20.0 0.0 14
256 4 1 -20.0 0.0 14
257 4 1 -20.0 0.0 14
258 4 1 -20.0 0.0 14
259 4 1 -20.0 0.0 14
260 2 1 -20.0 0.0 14
261 4 1 -30.0 0.0 15
262 2 1 -30.0 0.0 15
263 4 1 -30.0 0.0 15
264 4 1 -30.0 0.0 15
265 4 1 -30.0 0.0 15
266 2 1 -30.0 0.0 15
267 4 1 -30.0 0.0 15
268 2 1 -30.0 0.0 15
269 4 1 -30.0 0.0 15
270 4 1 -30.0 0.0 15
271 4 1 -40.0 0.0 16
272 4 1 -40.0 0.0 16
273 2 1 -40.0 0.0 16
274 2 1 -40.0 0.0 16
275 4 1 -40.0 0.0 16
276 4 1 -40.0 0.0 16
277 4 1 -40.0 0.0 16
278 4 1 -40.0 0.0 16
279 4 1 -40.0 0.0 16
280 4 1 -40.0 0.0 16
281 4 1 -5.0 -8.6603 17
282 4 1 -5.0 -8.6603 17
283 1 1 -5.0 -8.6603 17
284 1 1 -5.0 -8.6603 17
285 4 1 -5.0 -8.6603 17
286 4 1 -5.0 -8.6603 17
287 4 1 -5.0 -8.6603 17
288 4 1 -5.0 -8.6603 17
289 4 1 -5.0 -8.6603 17
290 4 1 -5.0 -8.6603 17
291 1 1 -5.0 -8.6603 17
292 4 1 -5.0 -8.6603 17
293 1 1 -5.0 -8.6603 17
294 4 1 -5.0 -8.6603 17
295 4 1 -5.0 -8.6603 17
296 1 1 -5.0 -8.6603 17
297 1 1 -5.0 -8.6603 17
298 4 1 -5.0 -8.6603 17
299 4 1 -5.0 -8.6603 17
300 1 1 -5.0 -8.6603 17
301 4 1 -10.0 -17.3205 18
302 4 1 -10.0 -17.3205 18
303 4 1 -10.0 -17.3205 18
304 4 1 -10.0 -17.3205 18
305 4 1 -10.0 -17.3205 18
306 4 1 -10.0 -17.3205 18
307 4 1 -10.0 -17.3205 18
308 1 1 -10.0 -17.3205 18
309 4 1 -10.0 -17.3205 18
310 4 1 -10.0 -17.3205 18
311 4 1 -10.0 -17.3205 18
312 4 1 -10.0 -17.3205 18
313 4 1 -10.0 -17.3205 18
314 4 1 -10.0 -17.3205 18
315 4 1 -10.0 -17.3205 18
316 1 1 -10.0 -17.3205 18
317 4 1 -10.0 -17.3205 18
318 4 1 -10.0 -17.3205 18
319 4 1 -10.0 -17.3205 18
320 1 1 -10.0 -17.3205 18
321 4 1 -15.0 -25.9808 19
322 4 1 -15.0 -25.9808 19
323 1 1 -15.0 -25.9808 19
324 4 1 -15.0 -25.9808 19
325 4 1 -15.0 -25.9808 19
326 4 1 -15.0 -25.9808 19
327 1 1 -15.0 -25.9808 19
328 4 1 -15.0 -25.9808 19
329 4 1 -15.0 -25.9808 19
330 4 1 -15.0 -25.9808 19
331 4 1 -15.0 -25.9808 19
332 4 1 -15.0 -25.9808 19
333 4 1 -15.0 -25.9808 19
334 4 1 -15.0 -25.9808 19
335 4 1 -15.0 -25.9808 19
336 4 1 -15.0 -25.9808 19
337 1 1 -15.0 -25.9808 19
338 4 1 -15.0 -25.9808 19
339 4 1 -15.0 -25.9808 19
340 1 1 -15.0 -25.9808 19
341 4 1 -20.0 -34.641 20
342 4 1 -20.0 -34.641 20
343 4 1 -20.0 -34.641 20
344 4 1 -20.0 -34.641 20
345 4 1 -20.0 -34.641 20
346 4 1 -20.0 -34.641 20
347 4 1 -20.0 -34.641 20
348 4 1 -20.0 -34.641 20
349 4 1 -20.0 -34.641 20
350 4 1 -20.0 -34.641 20
351 4 1 -20.0 -34.641 20
352 4 1 -20.0 -34.641 20
353 4 1 -20.0 -34.641 20
354 4 1 -20.0 -34.641 20
355 4 1 -20.0 -34.641 20
356 1 1 -20.0 -34.641 20
357 4 1 -20.0 -34.641 20
358 1 1 -20.0 -34.641 20
359 4 1 -20.0 -34.641 20
360 1 1 -20.0 -34.641 20
361 2 1 5.0 -8.6603 21
362 2 1 5.0 -8.6603 21
363 2 1 5.0 -8.6603 21
364 2 1 5.0 -8.6603 21
365 2 1 5.0 -8.6603 21
366 2 1 5.0 -8.6603 21
367 2 1 5.0 -8.6603 21
368 2 1 5.0 -8.6603 21
369 2 1 5.0 -8.6603 21
370 2 1 5.0 -8.6603 21
371 2 1 5.0 -8.6603 21
372 2 1 5.0 -8.6603 21
373 2 1 5.0 -8.6603 21
374 2 1 5.0 -8.6603 21
375 2 1 5.0 -8.6603 21
376 2 1 5.0 -8.6603 21
377 2 1 5.0 -8.6603 21
378 2 1 5.0 -8.6603 21
379 1 1 5.0 -8.6603 21
380 2 1 5.0 -8.6603 21
381 2 1 5.0 -8.6603 21
382 1 1 5.0 -8.6603 21
383 2 1 5.0 -8.6603 21
384 2 1 5.0 -8.6603 21
385 2 1 5.0 -8.6603 21
386 2 1 5.0 -8.6603 21
387 2 1 5.0 -8.6603 21
388 2 1 5.0 -8.6603 21
389 1 1 5.0 -8.6603 21
390 2 1 5.0 -8.6603 21
391 1 1 10.0 -17.3205 22
392 1 1 10.0 -17.3205 22
393 1 1 10.0 -17.3205 22
394 2 1 10.0 -17.3205 22
395 1 1 10.0 -17.3205 22
396 1 1 10.0 -17.3205 22
397 2 1 10.0 -17.3205 22
398 1 1 10.0 -17.3205 22
399 2 1 10.0 -17.3205 22
400 2 1 10.0 -17.3205 22
401 2 1 10.0 -17.3205 22
402 1 1 10.0 -17.3205 22
403 1 1 10.0 -17.3205 22
404 1 1 10.0 -17.3205 22
405 2 1 10.0 -17.3205 22
406 2 1 10.0 -17.3205 22
407 2 1 10.0 -17.3205 22
408 2 1 10.0 -17.3205 22
409 2 1 10.0 -17.3205 22
410 2 1 10.0 -17.3205 22
411 2 1 10.0 -17.3205 22
412 2 1 10.0 -17.3205 22
413 2 1 10.0 -17.3205 22
414 2 1 10.0 -17.3205 22
415 2 1 10.0 -17.3205 22
416 2 1 10.0 -17.3205 22
417 1 1 10.0 -17.3205 22
418 2 1 10.0 -17.3205 22
419 2 1 10.0 -17.3205 22
420 2 1 10.0 -17.3205 22
421 2 1 15.0 -25.9808 23
422 2 1 15.0 -25.9808 23
423 2 1 15.0 -25.9808 23
424 2 1 15.0 -25.9808 23
425 2 1 15.0 -25.9808 23
426 2 1 15.0 -25.9808 23
427 2 1 15.0 -25.9808 23
428 2 1 15.0 -25.9808 23
429 2 1 15.0 -25.9808 23
430 2 1 15.0 -25.9808 23
431 2 1 15.0 -25.9808 23
432 2 1 15.0 -25.9808 23
433 2 1 15.0 -25.9808 23
434 2 1 15.0 -25.9808 23
435 2 1 15.0 -25.9808 23
436 2 1 15.0 -25.9808 23
437 2 1 15.0 -25.9808 23
438 1 1 15.0 -25.9808 23
439 1 1 15.0 -25.9808 23
440 1 1 15.0 -25.9808 23
441 1 1 15.0 -25.9808 23
442 2 1 15.0 -25.9808 23
443 1 1 15.0 -25.9808 23
444 2 1 15.0 -25.9808 23
445 2 1 15.0 -25.9808 23
446 2 1 15.0 -25.9808 23
447 1 1 15.0 -25.9808 23
448 2 1 15.0 -25.9808 23
449 2 1 15.0 -25.9808 23
450 2 1 15.0 -25.9808 23
451 2 1 20.0 -34.641 24
452 2 1 20.0 -34.641 24
453 2 1 20.0 -34.641 24
454 2 1 20.0 -34.641 24
455 2 1 20.0 -34.641 24
456 1 1 20.0 -34.641 24
457 2 1 20.0 -34.641 24
458 2 1 20.0 -34.641 24
459 2 1 20.0 -34.641 24
460 1 1 20.0 -34.641 24
461 2 1 20.0 -34.641 24
462 1 1 20.0 -34.641 24
463 2 1 20.0 -34.641 24
464 2 1 20.0 -34.641 24
465 2 1 20.0 -34.641 24
466 2 1 20.0 -34.641 24
467 2 1 20.0 -34.641 24
468 2 1 20.0 -34.641 24
469 2 1 20.0 -34.641 24
470 2 1 20.0 -34.641 24
471 1 1 20.0 -34.641 24
472 2 1 20.0 -34.641 24
473 2 1 20.0 -34.641 24
474 1 1 20.0 -34.641 24
475 2 1 20.0 -34.641 24
476 2 1 20.0 -34.641 24
477 2 1 20.0 -34.641 24
478 1 1 20.0 -34.641 24
479 2 1 20.0 -34.641 24
480 2 1 20.0 -34.641 24
481 4 1 43.3013 25.0 25
482 2 1 43.3013 25.0 25
483 4 1 43.3013 25.0 25
484 4 1 43.3013 25.0 25
485 4 1 43.3013 25.0 25
486 4 1 43.3013 25.0 25
487 4 1 43.3013 25.0 25
488 4 1 43.3013 25.0 25
489 4 1 43.3013 25.0 25
490 4 1 43.3013 25.0 25
491 4 1 -43.3013 25.0 26
492 4 1 -43.3013 25.0 26
493 4 1 -43.3013 25.0 26
494 4 1 -43.3013 25.0 26
495 4 1 -43.3013 25.0 26
496 4 1 -43.3013 25.0 26
497 4 1 -43.3013 25.0 26
498 1 1 -43.3013 25.0 26
499 1 1 -43.3013 25.0 26
500 4 1 -43.3013 25.0 26
