File: p08 Num Depots: 1 Num Pick Up Points: 52 Num Trucks: 2Processing Time: 14 seconds
Total Demand = 1000.00| Total Distance = 2256.47| Total Travel Time = 1692.35| Total Cost = $1202.56|

Truck #1011 MaxCap: 20 Demand: 19.0 ROUTE:0 60 54 45 41 78 62 99 97 93 92 91 90 86 81 110 109 105 104 970 -1 
Truck #1013 MaxCap: 60 Demand: 59.0 ROUTE:0 659 654 640 632 560 558 543 542 578 575 573 572 568 567 564 562 598 596 595 590 589 585 584 581 996 993 479 476 475 473 471 467 455 359 450 448 440 436 434 433 429 427 415 413 412 409 408 393 391 390 388 387 379 378 377 374 369 364 361 -1 
Truck #1014 MaxCap: 40 Demand: 39.0 ROUTE:0 149 148 147 146 145 144 143 141 140 139 137 134 133 132 131 130 129 128 127 124 123 122 121 969 964 39 34 28 23 21 19 16 15 14 13 11 9 6 5 -1 
Truck #1015 MaxCap: 80 Demand: 79.0 ROUTE:0 176 175 174 173 172 170 169 168 167 166 165 163 162 161 159 158 157 156 155 154 153 152 151 180 179 178 177 209 208 207 205 204 203 201 200 199 198 197 196 195 194 193 191 189 188 187 185 184 183 182 181 240 239 238 237 234 233 232 231 230 229 227 226 225 223 222 221 220 219 218 217 216 215 214 212 211 977 975 971 -1 
Truck #1016 MaxCap: 120 Demand: 119.0 ROUTE:0 246 260 259 254 251 270 978 278 271 987 480 478 477 474 472 470 469 468 466 465 464 463 462 461 460 459 458 457 456 454 453 452 451 449 447 446 445 444 443 442 441 439 438 437 435 432 431 430 428 426 425 424 423 422 421 516 506 500 498 496 493 420 419 418 417 416 414 411 410 407 406 405 404 403 402 401 400 399 398 397 396 395 394 392 389 386 385 384 383 382 381 380 376 375 373 372 371 370 368 367 366 365 363 362 488 646 645 644 643 642 641 639 638 637 636 635 634 633 631 -1 
Truck #1017 MaxCap: 60 Demand: 59.0 ROUTE:0 59 58 57 56 55 53 52 51 50 49 48 47 46 44 43 42 96 95 94 89 88 87 85 84 83 82 968 967 966 965 963 962 961 40 38 37 36 35 33 32 31 30 29 27 26 25 24 22 20 18 17 12 10 8 7 4 3 2 1 -1 
Truck #1018 MaxCap: 100 Demand: 99.0 ROUTE:0 300 299 296 295 293 290 289 288 287 286 285 284 283 281 250 249 248 247 245 244 243 242 241 258 257 256 255 253 252 337 334 331 329 328 327 326 325 324 323 322 321 269 268 267 266 265 264 263 262 261 280 279 277 276 275 274 273 272 980 979 976 974 973 972 120 119 118 117 116 115 113 112 111 108 107 106 103 102 101 100 98 80 79 77 76 75 74 73 72 71 70 69 68 67 66 65 64 63 61 -1 
Truck #1019 MaxCap: 160 Demand: 127.0 ROUTE:0 490 489 487 486 485 484 483 482 481 320 319 318 317 316 315 314 313 310 309 307 306 305 304 303 302 301 339 338 360 358 357 356 355 354 353 351 350 349 348 347 346 345 343 342 341 990 989 988 986 985 984 983 982 981 510 509 508 507 505 504 503 502 501 520 519 518 517 515 514 513 512 511 1000 999 998 997 995 994 992 991 600 599 597 594 593 592 591 588 587 586 583 582 580 579 577 576 574 571 570 569 566 565 563 561 559 557 556 555 554 553 552 551 550 549 548 547 546 545 544 541 730 728 727 725 724 723 721 -1 
Truck #1020 MaxCap: 20 Demand: 19.0 ROUTE:0 535 528 526 718 715 710 706 705 695 691 687 675 668 666 662 608 607 606 603 -1 
Truck #1021 MaxCap: 40 Demand: 39.0 ROUTE:0 665 664 663 661 720 719 717 716 714 713 712 711 709 708 707 704 703 702 701 700 699 698 697 696 694 693 692 660 658 657 656 655 653 652 651 650 649 648 647 -1 
Truck #1022 MaxCap: 40 Demand: 39.0 ROUTE:0 623 622 621 620 619 618 617 616 615 614 613 612 611 609 605 604 601 690 689 688 686 685 684 683 682 681 680 679 678 677 676 674 673 672 671 670 669 667 602 -1 
Truck #1023 MaxCap: 20 Demand: 19.0 ROUTE:0 629 610 792 789 787 785 820 817 808 828 824 823 821 885 883 877 873 776 774 -1 
Truck #1024 MaxCap: 40 Demand: 39.0 ROUTE:0 630 628 627 626 625 624 729 726 722 736 734 732 743 741 760 758 756 755 753 894 893 892 891 890 889 888 887 886 884 882 881 880 879 878 876 875 874 872 871 -1 
Truck #1025 MaxCap: 60 Demand: 55.0 ROUTE:0 740 739 738 737 735 733 731 819 818 816 815 814 813 812 811 810 809 807 806 805 804 803 802 801 797 796 795 794 793 791 790 788 786 784 783 782 781 780 779 778 777 775 773 772 771 770 769 768 767 766 765 764 763 762 761 -1 
Truck #1026 MaxCap: 60 Demand: 55.0 ROUTE:0 540 539 538 537 536 534 533 532 531 530 529 527 525 524 523 522 521 499 497 495 494 492 491 759 757 754 752 751 750 749 748 747 746 745 744 742 840 839 838 837 836 835 834 833 832 831 830 829 827 826 825 822 800 799 798 -1 
Truck #1027 MaxCap: 40 Demand: 39.0 ROUTE:0 912 911 910 909 907 906 905 904 903 901 960 959 958 957 956 955 954 951 949 948 947 946 945 943 942 941 939 938 937 935 934 932 931 900 899 898 897 896 895 -1 
Truck #1028 MaxCap: 20 Demand: 19.0 ROUTE:0 114 953 952 950 944 940 936 933 929 923 921 920 913 908 902 855 852 850 842 -1 
Truck #1029 MaxCap: 40 Demand: 39.0 ROUTE:0 870 869 868 867 866 865 864 863 862 861 860 859 858 857 856 854 853 851 849 848 847 846 845 844 841 930 928 927 926 925 924 922 919 918 917 916 915 914 843 -1 
Truck #1110 MaxCap: 20 Demand: 19.0 ROUTE:0 228 235 236 186 190 192 202 206 210 160 164 171 125 126 135 136 138 142 150 -1 
Truck #1111 MaxCap: 20 Demand: 19.0 ROUTE:0 282 291 292 294 297 298 308 311 312 330 332 333 335 336 340 344 352 213 224 -1 


Inital Solution 0 changes  totQ=1000.00 totD=2325.43 $1222.10
Local One Opt 24 changes  totQ=1000.00 totD=2192.56 $1210.51
Local Two Opt 4 changes  totQ=1000.00 totD=2192.56 $1210.51
Local Three Opt 2 changes  totQ=1000.00 totD=2187.24 $1209.66
K-Two Forward 0 changes  totQ=1000.00 totD=2187.24 $1209.66
K-Two Reverse 0 changes  totQ=1000.00 totD=2187.24 $1209.66
K-Three Forward 0 changes  totQ=1000.00 totD=2187.24 $1209.66
K-Three Reverse 0 changes  totQ=1000.00 totD=2187.24 $1209.66
Exchange 01 5 changes  totQ=1000.00 totD=2201.95 $1206.83
Exchange 01 0 changes  totQ=1000.00 totD=2201.95 $1206.83
Exchange 11 2 changes  totQ=1000.00 totD=2196.25 $1206.52
Exchange 02 0 changes  totQ=1000.00 totD=2196.25 $1206.52
Exchange 20 0 changes  totQ=1000.00 totD=2196.25 $1206.52
Exchange 12 6 changes  totQ=1000.00 totD=2176.47 $1203.36
Exchange 21 0 changes  totQ=1000.00 totD=2176.47 $1203.36
Exchange 22 0 changes  totQ=1000.00 totD=2176.47 $1203.36
Combination 0 changes  totQ=1000.00 totD=2176.47 $1203.36
Reduction 0 changes  totQ=1000.00 totD=2176.47 $1203.36
Reallocation 0 changes  totQ=1000.00 totD=2176.47 $1203.36
Relax/Combine 0 changes  totQ=1000.00 totD=2176.47 $1203.36
Sharing 0 changes  totQ=1000.00 totD=2176.47 $1203.36
Relax/Share 1 changes  totQ=1000.00 totD=2256.47 $1202.56
