1
0 0.0 0.0 1000.0 2256.46875 20
1011 1 19.0 105.3719482421875 20 2147483647 21
0 0 0.0 0.0 D
60 1 8.6603 5.0 1
54 1 8.6603 5.0 1
45 1 8.6603 5.0 1
41 1 8.6603 5.0 1
78 1 17.3205 10.0 1
62 1 17.3205 10.0 1
99 1 25.9808 15.0 1
97 1 25.9808 15.0 1
93 1 25.9808 15.0 1
92 1 25.9808 15.0 1
91 1 25.9808 15.0 1
90 1 25.9808 15.0 1
86 1 25.9808 15.0 1
81 1 25.9808 15.0 1
110 1 34.641 20.0 1
109 1 34.641 20.0 1
105 1 34.641 20.0 1
104 1 34.641 20.0 1
970 1 48.2963 12.941 1
-1 0 0.0 0.0 D
1013 1 59.0 172.6208038330078 60 2147483647 61
0 0 0.0 0.0 D
659 1 -10.0 -17.3205 1
654 1 -10.0 -17.3205 1
640 1 -10.0 -17.3205 1
632 1 -10.0 -17.3205 1
560 1 -17.3205 -10.0 1
558 1 -17.3205 -10.0 1
543 1 -17.3205 -10.0 1
542 1 -17.3205 -10.0 1
578 1 -25.9808 -15.0 1
575 1 -25.9808 -15.0 1
573 1 -25.9808 -15.0 1
572 1 -25.9808 -15.0 1
568 1 -25.9808 -15.0 1
567 1 -25.9808 -15.0 1
564 1 -25.9808 -15.0 1
562 1 -25.9808 -15.0 1
598 1 -34.641 -20.0 1
596 1 -34.641 -20.0 1
595 1 -34.641 -20.0 1
590 1 -34.641 -20.0 1
589 1 -34.641 -20.0 1
585 1 -34.641 -20.0 1
584 1 -34.641 -20.0 1
581 1 -34.641 -20.0 1
996 1 -48.2963 -12.941 1
993 1 -48.2963 -12.941 1
479 1 -34.641 20.0 1
476 1 -34.641 20.0 1
475 1 -34.641 20.0 1
473 1 -34.641 20.0 1
471 1 -34.641 20.0 1
467 1 -34.641 20.0 1
455 1 -34.641 20.0 1
359 1 -20.0 34.641 1
450 1 -25.9808 15.0 1
448 1 -25.9808 15.0 1
440 1 -25.9808 15.0 1
436 1 -25.9808 15.0 1
434 1 -25.9808 15.0 1
433 1 -25.9808 15.0 1
429 1 -25.9808 15.0 1
427 1 -25.9808 15.0 1
415 1 -17.3205 10.0 1
413 1 -17.3205 10.0 1
412 1 -17.3205 10.0 1
409 1 -17.3205 10.0 1
408 1 -17.3205 10.0 1
393 1 -17.3205 10.0 1
391 1 -17.3205 10.0 1
390 1 -8.6603 5.0 1
388 1 -8.6603 5.0 1
387 1 -8.6603 5.0 1
379 1 -8.6603 5.0 1
378 1 -8.6603 5.0 1
377 1 -8.6603 5.0 1
374 1 -8.6603 5.0 1
369 1 -8.6603 5.0 1
364 1 -8.6603 5.0 1
361 1 -8.6603 5.0 1
-1 0 0.0 0.0 D
1014 2 39.0 108.87942504882812 40 2147483647 41
0 0 0.0 0.0 D
149 1 5.0 8.6603 2
148 1 5.0 8.6603 2
147 1 5.0 8.6603 2
146 1 5.0 8.6603 2
145 1 5.0 8.6603 2
144 1 5.0 8.6603 2
143 1 5.0 8.6603 2
141 1 5.0 8.6603 2
140 1 5.0 8.6603 2
139 1 5.0 8.6603 2
137 1 5.0 8.6603 2
134 1 5.0 8.6603 2
133 1 5.0 8.6603 2
132 1 5.0 8.6603 2
131 1 5.0 8.6603 2
130 1 5.0 8.6603 2
129 1 5.0 8.6603 2
128 1 5.0 8.6603 2
127 1 5.0 8.6603 2
124 1 5.0 8.6603 2
123 1 5.0 8.6603 2
122 1 5.0 8.6603 2
121 1 5.0 8.6603 2
969 1 48.2963 12.941 2
964 1 48.2963 12.941 2
39 1 40.0 0.0 2
34 1 40.0 0.0 2
28 1 30.0 0.0 2
23 1 30.0 0.0 2
21 1 30.0 0.0 2
19 1 20.0 0.0 2
16 1 20.0 0.0 2
15 1 20.0 0.0 2
14 1 20.0 0.0 2
13 1 20.0 0.0 2
11 1 20.0 0.0 2
9 1 10.0 0.0 2
6 1 10.0 0.0 2
5 1 10.0 0.0 2
-1 0 0.0 0.0 D
1015 2 79.0 105.3719482421875 80 2147483647 81
0 0 0.0 0.0 D
176 1 10.0 17.3205 2
175 1 10.0 17.3205 2
174 1 10.0 17.3205 2
173 1 10.0 17.3205 2
172 1 10.0 17.3205 2
170 1 10.0 17.3205 2
169 1 10.0 17.3205 2
168 1 10.0 17.3205 2
167 1 10.0 17.3205 2
166 1 10.0 17.3205 2
165 1 10.0 17.3205 2
163 1 10.0 17.3205 2
162 1 10.0 17.3205 2
161 1 10.0 17.3205 2
159 1 10.0 17.3205 2
158 1 10.0 17.3205 2
157 1 10.0 17.3205 2
156 1 10.0 17.3205 2
155 1 10.0 17.3205 2
154 1 10.0 17.3205 2
153 1 10.0 17.3205 2
152 1 10.0 17.3205 2
151 1 10.0 17.3205 2
180 1 10.0 17.3205 2
179 1 10.0 17.3205 2
178 1 10.0 17.3205 2
177 1 10.0 17.3205 2
209 1 15.0 25.9808 2
208 1 15.0 25.9808 2
207 1 15.0 25.9808 2
205 1 15.0 25.9808 2
204 1 15.0 25.9808 2
203 1 15.0 25.9808 2
201 1 15.0 25.9808 2
200 1 15.0 25.9808 2
199 1 15.0 25.9808 2
198 1 15.0 25.9808 2
197 1 15.0 25.9808 2
196 1 15.0 25.9808 2
195 1 15.0 25.9808 2
194 1 15.0 25.9808 2
193 1 15.0 25.9808 2
191 1 15.0 25.9808 2
189 1 15.0 25.9808 2
188 1 15.0 25.9808 2
187 1 15.0 25.9808 2
185 1 15.0 25.9808 2
184 1 15.0 25.9808 2
183 1 15.0 25.9808 2
182 1 15.0 25.9808 2
181 1 15.0 25.9808 2
240 1 20.0 34.641 2
239 1 20.0 34.641 2
238 1 20.0 34.641 2
237 1 20.0 34.641 2
234 1 20.0 34.641 2
233 1 20.0 34.641 2
232 1 20.0 34.641 2
231 1 20.0 34.641 2
230 1 20.0 34.641 2
229 1 20.0 34.641 2
227 1 20.0 34.641 2
226 1 20.0 34.641 2
225 1 20.0 34.641 2
223 1 20.0 34.641 2
222 1 20.0 34.641 2
221 1 20.0 34.641 2
220 1 20.0 34.641 2
219 1 20.0 34.641 2
218 1 20.0 34.641 2
217 1 20.0 34.641 2
216 1 20.0 34.641 2
215 1 20.0 34.641 2
214 1 20.0 34.641 2
212 1 20.0 34.641 2
211 1 20.0 34.641 2
977 1 12.941 48.2963 2
975 1 12.941 48.2963 2
971 1 12.941 48.2963 2
-1 0 0.0 0.0 D
1016 2 119.0 232.19424438476562 120 2147483647 121
0 0 0.0 0.0 D
246 1 0.0 10.0 2
260 1 0.0 20.0 2
259 1 0.0 20.0 2
254 1 0.0 20.0 2
251 1 0.0 20.0 2
270 1 0.0 30.0 2
978 1 12.941 48.2963 2
278 1 0.0 40.0 2
271 1 0.0 40.0 2
987 1 -35.3553 35.3553 2
480 1 -34.641 20.0 2
478 1 -34.641 20.0 2
477 1 -34.641 20.0 2
474 1 -34.641 20.0 2
472 1 -34.641 20.0 2
470 1 -34.641 20.0 2
469 1 -34.641 20.0 2
468 1 -34.641 20.0 2
466 1 -34.641 20.0 2
465 1 -34.641 20.0 2
464 1 -34.641 20.0 2
463 1 -34.641 20.0 2
462 1 -34.641 20.0 2
461 1 -34.641 20.0 2
460 1 -34.641 20.0 2
459 1 -34.641 20.0 2
458 1 -34.641 20.0 2
457 1 -34.641 20.0 2
456 1 -34.641 20.0 2
454 1 -34.641 20.0 2
453 1 -34.641 20.0 2
452 1 -34.641 20.0 2
451 1 -34.641 20.0 2
449 1 -25.9808 15.0 2
447 1 -25.9808 15.0 2
446 1 -25.9808 15.0 2
445 1 -25.9808 15.0 2
444 1 -25.9808 15.0 2
443 1 -25.9808 15.0 2
442 1 -25.9808 15.0 2
441 1 -25.9808 15.0 2
439 1 -25.9808 15.0 2
438 1 -25.9808 15.0 2
437 1 -25.9808 15.0 2
435 1 -25.9808 15.0 2
432 1 -25.9808 15.0 2
431 1 -25.9808 15.0 2
430 1 -25.9808 15.0 2
428 1 -25.9808 15.0 2
426 1 -25.9808 15.0 2
425 1 -25.9808 15.0 2
424 1 -25.9808 15.0 2
423 1 -25.9808 15.0 2
422 1 -25.9808 15.0 2
421 1 -25.9808 15.0 2
516 1 -40.0 0.0 2
506 1 -30.0 0.0 2
500 1 -20.0 0.0 2
498 1 -20.0 0.0 2
496 1 -20.0 0.0 2
493 1 -20.0 0.0 2
420 1 -17.3205 10.0 2
419 1 -17.3205 10.0 2
418 1 -17.3205 10.0 2
417 1 -17.3205 10.0 2
416 1 -17.3205 10.0 2
414 1 -17.3205 10.0 2
411 1 -17.3205 10.0 2
410 1 -17.3205 10.0 2
407 1 -17.3205 10.0 2
406 1 -17.3205 10.0 2
405 1 -17.3205 10.0 2
404 1 -17.3205 10.0 2
403 1 -17.3205 10.0 2
402 1 -17.3205 10.0 2
401 1 -17.3205 10.0 2
400 1 -17.3205 10.0 2
399 1 -17.3205 10.0 2
398 1 -17.3205 10.0 2
397 1 -17.3205 10.0 2
396 1 -17.3205 10.0 2
395 1 -17.3205 10.0 2
394 1 -17.3205 10.0 2
392 1 -17.3205 10.0 2
389 1 -8.6603 5.0 2
386 1 -8.6603 5.0 2
385 1 -8.6603 5.0 2
384 1 -8.6603 5.0 2
383 1 -8.6603 5.0 2
382 1 -8.6603 5.0 2
381 1 -8.6603 5.0 2
380 1 -8.6603 5.0 2
376 1 -8.6603 5.0 2
375 1 -8.6603 5.0 2
373 1 -8.6603 5.0 2
372 1 -8.6603 5.0 2
371 1 -8.6603 5.0 2
370 1 -8.6603 5.0 2
368 1 -8.6603 5.0 2
367 1 -8.6603 5.0 2
366 1 -8.6603 5.0 2
365 1 -8.6603 5.0 2
363 1 -8.6603 5.0 2
362 1 -8.6603 5.0 2
488 1 -10.0 0.0 2
646 1 -10.0 -17.3205 2
645 1 -10.0 -17.3205 2
644 1 -10.0 -17.3205 2
643 1 -10.0 -17.3205 2
642 1 -10.0 -17.3205 2
641 1 -10.0 -17.3205 2
639 1 -10.0 -17.3205 2
638 1 -10.0 -17.3205 2
637 1 -10.0 -17.3205 2
636 1 -10.0 -17.3205 2
635 1 -10.0 -17.3205 2
634 1 -10.0 -17.3205 2
633 1 -10.0 -17.3205 2
631 1 -10.0 -17.3205 2
-1 0 0.0 0.0 D
1017 4 59.0 107.78230285644531 60 2147483647 61
0 0 0.0 0.0 D
59 1 8.6603 5.0 4
58 1 8.6603 5.0 4
57 1 8.6603 5.0 4
56 1 8.6603 5.0 4
55 1 8.6603 5.0 4
53 1 8.6603 5.0 4
52 1 8.6603 5.0 4
51 1 8.6603 5.0 4
50 1 8.6603 5.0 4
49 1 8.6603 5.0 4
48 1 8.6603 5.0 4
47 1 8.6603 5.0 4
46 1 8.6603 5.0 4
44 1 8.6603 5.0 4
43 1 8.6603 5.0 4
42 1 8.6603 5.0 4
96 1 25.9808 15.0 4
95 1 25.9808 15.0 4
94 1 25.9808 15.0 4
89 1 25.9808 15.0 4
88 1 25.9808 15.0 4
87 1 25.9808 15.0 4
85 1 25.9808 15.0 4
84 1 25.9808 15.0 4
83 1 25.9808 15.0 4
82 1 25.9808 15.0 4
968 1 48.2963 12.941 4
967 1 48.2963 12.941 4
966 1 48.2963 12.941 4
965 1 48.2963 12.941 4
963 1 48.2963 12.941 4
962 1 48.2963 12.941 4
961 1 48.2963 12.941 4
40 1 40.0 0.0 4
38 1 40.0 0.0 4
37 1 40.0 0.0 4
36 1 40.0 0.0 4
35 1 40.0 0.0 4
33 1 40.0 0.0 4
32 1 40.0 0.0 4
31 1 40.0 0.0 4
30 1 30.0 0.0 4
29 1 30.0 0.0 4
27 1 30.0 0.0 4
26 1 30.0 0.0 4
25 1 30.0 0.0 4
24 1 30.0 0.0 4
22 1 30.0 0.0 4
20 1 20.0 0.0 4
18 1 20.0 0.0 4
17 1 20.0 0.0 4
12 1 20.0 0.0 4
10 1 10.0 0.0 4
8 1 10.0 0.0 4
7 1 10.0 0.0 4
4 1 10.0 0.0 4
3 1 10.0 0.0 4
2 1 10.0 0.0 4
1 1 10.0 0.0 4
-1 0 0.0 0.0 D
1018 4 99.0 157.88497924804688 100 2147483647 101
0 0 0.0 0.0 D
300 1 -5.0 8.6603 4
299 1 -5.0 8.6603 4
296 1 -5.0 8.6603 4
295 1 -5.0 8.6603 4
293 1 -5.0 8.6603 4
290 1 -5.0 8.6603 4
289 1 -5.0 8.6603 4
288 1 -5.0 8.6603 4
287 1 -5.0 8.6603 4
286 1 -5.0 8.6603 4
285 1 -5.0 8.6603 4
284 1 -5.0 8.6603 4
283 1 -5.0 8.6603 4
281 1 -5.0 8.6603 4
250 1 0.0 10.0 4
249 1 0.0 10.0 4
248 1 0.0 10.0 4
247 1 0.0 10.0 4
245 1 0.0 10.0 4
244 1 0.0 10.0 4
243 1 0.0 10.0 4
242 1 0.0 10.0 4
241 1 0.0 10.0 4
258 1 0.0 20.0 4
257 1 0.0 20.0 4
256 1 0.0 20.0 4
255 1 0.0 20.0 4
253 1 0.0 20.0 4
252 1 0.0 20.0 4
337 1 -15.0 25.9808 4
334 1 -15.0 25.9808 4
331 1 -15.0 25.9808 4
329 1 -15.0 25.9808 4
328 1 -15.0 25.9808 4
327 1 -15.0 25.9808 4
326 1 -15.0 25.9808 4
325 1 -15.0 25.9808 4
324 1 -15.0 25.9808 4
323 1 -15.0 25.9808 4
322 1 -15.0 25.9808 4
321 1 -15.0 25.9808 4
269 1 0.0 30.0 4
268 1 0.0 30.0 4
267 1 0.0 30.0 4
266 1 0.0 30.0 4
265 1 0.0 30.0 4
264 1 0.0 30.0 4
263 1 0.0 30.0 4
262 1 0.0 30.0 4
261 1 0.0 30.0 4
280 1 0.0 40.0 4
279 1 0.0 40.0 4
277 1 0.0 40.0 4
276 1 0.0 40.0 4
275 1 0.0 40.0 4
274 1 0.0 40.0 4
273 1 0.0 40.0 4
272 1 0.0 40.0 4
980 1 12.941 48.2963 4
979 1 12.941 48.2963 4
976 1 12.941 48.2963 4
974 1 12.941 48.2963 4
973 1 12.941 48.2963 4
972 1 12.941 48.2963 4
120 1 34.641 20.0 4
119 1 34.641 20.0 4
118 1 34.641 20.0 4
117 1 34.641 20.0 4
116 1 34.641 20.0 4
115 1 34.641 20.0 4
113 1 34.641 20.0 4
112 1 34.641 20.0 4
111 1 34.641 20.0 4
108 1 34.641 20.0 4
107 1 34.641 20.0 4
106 1 34.641 20.0 4
103 1 34.641 20.0 4
102 1 34.641 20.0 4
101 1 34.641 20.0 4
100 1 25.9808 15.0 4
98 1 25.9808 15.0 4
80 1 17.3205 10.0 4
79 1 17.3205 10.0 4
77 1 17.3205 10.0 4
76 1 17.3205 10.0 4
75 1 17.3205 10.0 4
74 1 17.3205 10.0 4
73 1 17.3205 10.0 4
72 1 17.3205 10.0 4
71 1 17.3205 10.0 4
70 1 17.3205 10.0 4
69 1 17.3205 10.0 4
68 1 17.3205 10.0 4
67 1 17.3205 10.0 4
66 1 17.3205 10.0 4
65 1 17.3205 10.0 4
64 1 17.3205 10.0 4
63 1 17.3205 10.0 4
61 1 17.3205 10.0 4
-1 0 0.0 0.0 D
1019 4 127.0 186.51541137695312 160 2147483647 129
0 0 0.0 0.0 D
490 1 -10.0 0.0 4
489 1 -10.0 0.0 4
487 1 -10.0 0.0 4
486 1 -10.0 0.0 4
485 1 -10.0 0.0 4
484 1 -10.0 0.0 4
483 1 -10.0 0.0 4
482 1 -10.0 0.0 4
481 1 -10.0 0.0 4
320 1 -10.0 17.3205 4
319 1 -10.0 17.3205 4
318 1 -10.0 17.3205 4
317 1 -10.0 17.3205 4
316 1 -10.0 17.3205 4
315 1 -10.0 17.3205 4
314 1 -10.0 17.3205 4
313 1 -10.0 17.3205 4
310 1 -10.0 17.3205 4
309 1 -10.0 17.3205 4
307 1 -10.0 17.3205 4
306 1 -10.0 17.3205 4
305 1 -10.0 17.3205 4
304 1 -10.0 17.3205 4
303 1 -10.0 17.3205 4
302 1 -10.0 17.3205 4
301 1 -10.0 17.3205 4
339 1 -15.0 25.9808 4
338 1 -15.0 25.9808 4
360 1 -20.0 34.641 4
358 1 -20.0 34.641 4
357 1 -20.0 34.641 4
356 1 -20.0 34.641 4
355 1 -20.0 34.641 4
354 1 -20.0 34.641 4
353 1 -20.0 34.641 4
351 1 -20.0 34.641 4
350 1 -20.0 34.641 4
349 1 -20.0 34.641 4
348 1 -20.0 34.641 4
347 1 -20.0 34.641 4
346 1 -20.0 34.641 4
345 1 -20.0 34.641 4
343 1 -20.0 34.641 4
342 1 -20.0 34.641 4
341 1 -20.0 34.641 4
990 1 -35.3553 35.3553 4
989 1 -35.3553 35.3553 4
988 1 -35.3553 35.3553 4
986 1 -35.3553 35.3553 4
985 1 -35.3553 35.3553 4
984 1 -35.3553 35.3553 4
983 1 -35.3553 35.3553 4
982 1 -35.3553 35.3553 4
981 1 -35.3553 35.3553 4
510 1 -30.0 0.0 4
509 1 -30.0 0.0 4
508 1 -30.0 0.0 4
507 1 -30.0 0.0 4
505 1 -30.0 0.0 4
504 1 -30.0 0.0 4
503 1 -30.0 0.0 4
502 1 -30.0 0.0 4
501 1 -30.0 0.0 4
520 1 -40.0 0.0 4
519 1 -40.0 0.0 4
518 1 -40.0 0.0 4
517 1 -40.0 0.0 4
515 1 -40.0 0.0 4
514 1 -40.0 0.0 4
513 1 -40.0 0.0 4
512 1 -40.0 0.0 4
511 1 -40.0 0.0 4
1000 1 -48.2963 -12.941 4
999 1 -48.2963 -12.941 4
998 1 -48.2963 -12.941 4
997 1 -48.2963 -12.941 4
995 1 -48.2963 -12.941 4
994 1 -48.2963 -12.941 4
992 1 -48.2963 -12.941 4
991 1 -48.2963 -12.941 4
600 1 -34.641 -20.0 4
599 1 -34.641 -20.0 4
597 1 -34.641 -20.0 4
594 1 -34.641 -20.0 4
593 1 -34.641 -20.0 4
592 1 -34.641 -20.0 4
591 1 -34.641 -20.0 4
588 1 -34.641 -20.0 4
587 1 -34.641 -20.0 4
586 1 -34.641 -20.0 4
583 1 -34.641 -20.0 4
582 1 -34.641 -20.0 4
580 1 -25.9808 -15.0 4
579 1 -25.9808 -15.0 4
577 1 -25.9808 -15.0 4
576 1 -25.9808 -15.0 4
574 1 -25.9808 -15.0 4
571 1 -25.9808 -15.0 4
570 1 -25.9808 -15.0 4
569 1 -25.9808 -15.0 4
566 1 -25.9808 -15.0 4
565 1 -25.9808 -15.0 4
563 1 -25.9808 -15.0 4
561 1 -25.9808 -15.0 4
559 1 -17.3205 -10.0 4
557 1 -17.3205 -10.0 4
556 1 -17.3205 -10.0 4
555 1 -17.3205 -10.0 4
554 1 -17.3205 -10.0 4
553 1 -17.3205 -10.0 4
552 1 -17.3205 -10.0 4
551 1 -17.3205 -10.0 4
550 1 -17.3205 -10.0 4
549 1 -17.3205 -10.0 4
548 1 -17.3205 -10.0 4
547 1 -17.3205 -10.0 4
546 1 -17.3205 -10.0 4
545 1 -17.3205 -10.0 4
544 1 -17.3205 -10.0 4
541 1 -17.3205 -10.0 4
730 1 0.0 -10.0 4
728 1 0.0 -10.0 4
727 1 0.0 -10.0 4
725 1 0.0 -10.0 4
724 1 0.0 -10.0 4
723 1 0.0 -10.0 4
721 1 0.0 -10.0 4
-1 0 0.0 0.0 D
1020 1 19.0 81.73607635498047 20 2147483647 21
0 0 0.0 0.0 D
535 1 -8.6603 -5.0 1
528 1 -8.6603 -5.0 1
526 1 -8.6603 -5.0 1
718 1 -20.0 -34.641 1
715 1 -20.0 -34.641 1
710 1 -20.0 -34.641 1
706 1 -20.0 -34.641 1
705 1 -20.0 -34.641 1
695 1 -20.0 -34.641 1
691 1 -20.0 -34.641 1
687 1 -15.0 -25.9808 1
675 1 -15.0 -25.9808 1
668 1 -15.0 -25.9808 1
666 1 -15.0 -25.9808 1
662 1 -15.0 -25.9808 1
608 1 -5.0 -8.6603 1
607 1 -5.0 -8.6603 1
606 1 -5.0 -8.6603 1
603 1 -5.0 -8.6603 1
-1 0 0.0 0.0 D
1021 2 39.0 79.99996948242188 40 2147483647 41
0 0 0.0 0.0 D
665 1 -15.0 -25.9808 2
664 1 -15.0 -25.9808 2
663 1 -15.0 -25.9808 2
661 1 -15.0 -25.9808 2
720 1 -20.0 -34.641 2
719 1 -20.0 -34.641 2
717 1 -20.0 -34.641 2
716 1 -20.0 -34.641 2
714 1 -20.0 -34.641 2
713 1 -20.0 -34.641 2
712 1 -20.0 -34.641 2
711 1 -20.0 -34.641 2
709 1 -20.0 -34.641 2
708 1 -20.0 -34.641 2
707 1 -20.0 -34.641 2
704 1 -20.0 -34.641 2
703 1 -20.0 -34.641 2
702 1 -20.0 -34.641 2
701 1 -20.0 -34.641 2
700 1 -20.0 -34.641 2
699 1 -20.0 -34.641 2
698 1 -20.0 -34.641 2
697 1 -20.0 -34.641 2
696 1 -20.0 -34.641 2
694 1 -20.0 -34.641 2
693 1 -20.0 -34.641 2
692 1 -20.0 -34.641 2
660 1 -10.0 -17.3205 2
658 1 -10.0 -17.3205 2
657 1 -10.0 -17.3205 2
656 1 -10.0 -17.3205 2
655 1 -10.0 -17.3205 2
653 1 -10.0 -17.3205 2
652 1 -10.0 -17.3205 2
651 1 -10.0 -17.3205 2
650 1 -10.0 -17.3205 2
649 1 -10.0 -17.3205 2
648 1 -10.0 -17.3205 2
647 1 -10.0 -17.3205 2
-1 0 0.0 0.0 D
1022 2 39.0 60.00006103515625 40 2147483647 41
0 0 0.0 0.0 D
623 1 -5.0 -8.6603 2
622 1 -5.0 -8.6603 2
621 1 -5.0 -8.6603 2
620 1 -5.0 -8.6603 2
619 1 -5.0 -8.6603 2
618 1 -5.0 -8.6603 2
617 1 -5.0 -8.6603 2
616 1 -5.0 -8.6603 2
615 1 -5.0 -8.6603 2
614 1 -5.0 -8.6603 2
613 1 -5.0 -8.6603 2
612 1 -5.0 -8.6603 2
611 1 -5.0 -8.6603 2
609 1 -5.0 -8.6603 2
605 1 -5.0 -8.6603 2
604 1 -5.0 -8.6603 2
601 1 -5.0 -8.6603 2
690 1 -15.0 -25.9808 2
689 1 -15.0 -25.9808 2
688 1 -15.0 -25.9808 2
686 1 -15.0 -25.9808 2
685 1 -15.0 -25.9808 2
684 1 -15.0 -25.9808 2
683 1 -15.0 -25.9808 2
682 1 -15.0 -25.9808 2
681 1 -15.0 -25.9808 2
680 1 -15.0 -25.9808 2
679 1 -15.0 -25.9808 2
678 1 -15.0 -25.9808 2
677 1 -15.0 -25.9808 2
676 1 -15.0 -25.9808 2
674 1 -15.0 -25.9808 2
673 1 -15.0 -25.9808 2
672 1 -15.0 -25.9808 2
671 1 -15.0 -25.9808 2
670 1 -15.0 -25.9808 2
669 1 -15.0 -25.9808 2
667 1 -15.0 -25.9808 2
602 1 -5.0 -8.6603 2
-1 0 0.0 0.0 D
1023 1 19.0 94.49993133544922 20 2147483647 21
0 0 0.0 0.0 D
629 1 -5.0 -8.6603 1
610 1 -5.0 -8.6603 1
792 1 10.0 -17.3205 1
789 1 10.0 -17.3205 1
787 1 10.0 -17.3205 1
785 1 10.0 -17.3205 1
820 1 15.0 -25.9808 1
817 1 15.0 -25.9808 1
808 1 15.0 -25.9808 1
828 1 20.0 -34.641 1
824 1 20.0 -34.641 1
823 1 20.0 -34.641 1
821 1 20.0 -34.641 1
885 1 17.3205 -10.0 1
883 1 17.3205 -10.0 1
877 1 17.3205 -10.0 1
873 1 17.3205 -10.0 1
776 1 5.0 -8.6603 1
774 1 5.0 -8.6603 1
-1 0 0.0 0.0 D
1024 2 39.0 99.81741333007812 40 2147483647 41
0 0 0.0 0.0 D
630 1 -5.0 -8.6603 2
628 1 -5.0 -8.6603 2
627 1 -5.0 -8.6603 2
626 1 -5.0 -8.6603 2
625 1 -5.0 -8.6603 2
624 1 -5.0 -8.6603 2
729 1 0.0 -10.0 2
726 1 0.0 -10.0 2
722 1 0.0 -10.0 2
736 1 0.0 -20.0 2
734 1 0.0 -20.0 2
732 1 0.0 -20.0 2
743 1 0.0 -30.0 2
741 1 0.0 -30.0 2
760 1 0.0 -40.0 2
758 1 0.0 -40.0 2
756 1 0.0 -40.0 2
755 1 0.0 -40.0 2
753 1 0.0 -40.0 2
894 1 17.3205 -10.0 2
893 1 17.3205 -10.0 2
892 1 17.3205 -10.0 2
891 1 17.3205 -10.0 2
890 1 17.3205 -10.0 2
889 1 17.3205 -10.0 2
888 1 17.3205 -10.0 2
887 1 17.3205 -10.0 2
886 1 17.3205 -10.0 2
884 1 17.3205 -10.0 2
882 1 17.3205 -10.0 2
881 1 17.3205 -10.0 2
880 1 17.3205 -10.0 2
879 1 17.3205 -10.0 2
878 1 17.3205 -10.0 2
876 1 17.3205 -10.0 2
875 1 17.3205 -10.0 2
874 1 17.3205 -10.0 2
872 1 17.3205 -10.0 2
871 1 17.3205 -10.0 2
-1 0 0.0 0.0 D
1025 4 55.0 66.14840698242188 60 2147483647 57
0 0 0.0 0.0 D
740 1 0.0 -20.0 4
739 1 0.0 -20.0 4
738 1 0.0 -20.0 4
737 1 0.0 -20.0 4
735 1 0.0 -20.0 4
733 1 0.0 -20.0 4
731 1 0.0 -20.0 4
819 1 15.0 -25.9808 4
818 1 15.0 -25.9808 4
816 1 15.0 -25.9808 4
815 1 15.0 -25.9808 4
814 1 15.0 -25.9808 4
813 1 15.0 -25.9808 4
812 1 15.0 -25.9808 4
811 1 15.0 -25.9808 4
810 1 15.0 -25.9808 4
809 1 15.0 -25.9808 4
807 1 15.0 -25.9808 4
806 1 15.0 -25.9808 4
805 1 15.0 -25.9808 4
804 1 15.0 -25.9808 4
803 1 15.0 -25.9808 4
802 1 15.0 -25.9808 4
801 1 15.0 -25.9808 4
797 1 10.0 -17.3205 4
796 1 10.0 -17.3205 4
795 1 10.0 -17.3205 4
794 1 10.0 -17.3205 4
793 1 10.0 -17.3205 4
791 1 10.0 -17.3205 4
790 1 10.0 -17.3205 4
788 1 10.0 -17.3205 4
786 1 10.0 -17.3205 4
784 1 10.0 -17.3205 4
783 1 10.0 -17.3205 4
782 1 10.0 -17.3205 4
781 1 10.0 -17.3205 4
780 1 5.0 -8.6603 4
779 1 5.0 -8.6603 4
778 1 5.0 -8.6603 4
777 1 5.0 -8.6603 4
775 1 5.0 -8.6603 4
773 1 5.0 -8.6603 4
772 1 5.0 -8.6603 4
771 1 5.0 -8.6603 4
770 1 5.0 -8.6603 4
769 1 5.0 -8.6603 4
768 1 5.0 -8.6603 4
767 1 5.0 -8.6603 4
766 1 5.0 -8.6603 4
765 1 5.0 -8.6603 4
764 1 5.0 -8.6603 4
763 1 5.0 -8.6603 4
762 1 5.0 -8.6603 4
761 1 5.0 -8.6603 4
-1 0 0.0 0.0 D
1026 4 55.0 137.64588928222656 60 2147483647 57
0 0 0.0 0.0 D
540 1 -8.6603 -5.0 4
539 1 -8.6603 -5.0 4
538 1 -8.6603 -5.0 4
537 1 -8.6603 -5.0 4
536 1 -8.6603 -5.0 4
534 1 -8.6603 -5.0 4
533 1 -8.6603 -5.0 4
532 1 -8.6603 -5.0 4
531 1 -8.6603 -5.0 4
530 1 -8.6603 -5.0 4
529 1 -8.6603 -5.0 4
527 1 -8.6603 -5.0 4
525 1 -8.6603 -5.0 4
524 1 -8.6603 -5.0 4
523 1 -8.6603 -5.0 4
522 1 -8.6603 -5.0 4
521 1 -8.6603 -5.0 4
499 1 -20.0 0.0 4
497 1 -20.0 0.0 4
495 1 -20.0 0.0 4
494 1 -20.0 0.0 4
492 1 -20.0 0.0 4
491 1 -20.0 0.0 4
759 1 0.0 -40.0 4
757 1 0.0 -40.0 4
754 1 0.0 -40.0 4
752 1 0.0 -40.0 4
751 1 0.0 -40.0 4
750 1 0.0 -30.0 4
749 1 0.0 -30.0 4
748 1 0.0 -30.0 4
747 1 0.0 -30.0 4
746 1 0.0 -30.0 4
745 1 0.0 -30.0 4
744 1 0.0 -30.0 4
742 1 0.0 -30.0 4
840 1 20.0 -34.641 4
839 1 20.0 -34.641 4
838 1 20.0 -34.641 4
837 1 20.0 -34.641 4
836 1 20.0 -34.641 4
835 1 20.0 -34.641 4
834 1 20.0 -34.641 4
833 1 20.0 -34.641 4
832 1 20.0 -34.641 4
831 1 20.0 -34.641 4
830 1 20.0 -34.641 4
829 1 20.0 -34.641 4
827 1 20.0 -34.641 4
826 1 20.0 -34.641 4
825 1 20.0 -34.641 4
822 1 20.0 -34.641 4
800 1 10.0 -17.3205 4
799 1 10.0 -17.3205 4
798 1 10.0 -17.3205 4
-1 0 0.0 0.0 D
1027 2 39.0 79.99996948242188 40 2147483647 41
0 0 0.0 0.0 D
912 1 25.9808 -15.0 2
911 1 25.9808 -15.0 2
910 1 25.9808 -15.0 2
909 1 25.9808 -15.0 2
907 1 25.9808 -15.0 2
906 1 25.9808 -15.0 2
905 1 25.9808 -15.0 2
904 1 25.9808 -15.0 2
903 1 25.9808 -15.0 2
901 1 25.9808 -15.0 2
960 1 34.641 -20.0 2
959 1 34.641 -20.0 2
958 1 34.641 -20.0 2
957 1 34.641 -20.0 2
956 1 34.641 -20.0 2
955 1 34.641 -20.0 2
954 1 34.641 -20.0 2
951 1 34.641 -20.0 2
949 1 34.641 -20.0 2
948 1 34.641 -20.0 2
947 1 34.641 -20.0 2
946 1 34.641 -20.0 2
945 1 34.641 -20.0 2
943 1 34.641 -20.0 2
942 1 34.641 -20.0 2
941 1 34.641 -20.0 2
939 1 34.641 -20.0 2
938 1 34.641 -20.0 2
937 1 34.641 -20.0 2
935 1 34.641 -20.0 2
934 1 34.641 -20.0 2
932 1 34.641 -20.0 2
931 1 34.641 -20.0 2
900 1 17.3205 -10.0 2
899 1 17.3205 -10.0 2
898 1 17.3205 -10.0 2
897 1 17.3205 -10.0 2
896 1 17.3205 -10.0 2
895 1 17.3205 -10.0 2
-1 0 0.0 0.0 D
1028 1 19.0 119.99996948242188 20 2147483647 21
0 0 0.0 0.0 D
114 1 34.641 20.0 1
953 1 34.641 -20.0 1
952 1 34.641 -20.0 1
950 1 34.641 -20.0 1
944 1 34.641 -20.0 1
940 1 34.641 -20.0 1
936 1 34.641 -20.0 1
933 1 34.641 -20.0 1
929 1 25.9808 -15.0 1
923 1 25.9808 -15.0 1
921 1 25.9808 -15.0 1
920 1 25.9808 -15.0 1
913 1 25.9808 -15.0 1
908 1 25.9808 -15.0 1
902 1 25.9808 -15.0 1
855 1 8.6603 -5.0 1
852 1 8.6603 -5.0 1
850 1 8.6603 -5.0 1
842 1 8.6603 -5.0 1
-1 0 0.0 0.0 D
1029 2 39.0 60.00006103515625 40 2147483647 41
0 0 0.0 0.0 D
870 1 8.6603 -5.0 2
869 1 8.6603 -5.0 2
868 1 8.6603 -5.0 2
867 1 8.6603 -5.0 2
866 1 8.6603 -5.0 2
865 1 8.6603 -5.0 2
864 1 8.6603 -5.0 2
863 1 8.6603 -5.0 2
862 1 8.6603 -5.0 2
861 1 8.6603 -5.0 2
860 1 8.6603 -5.0 2
859 1 8.6603 -5.0 2
858 1 8.6603 -5.0 2
857 1 8.6603 -5.0 2
856 1 8.6603 -5.0 2
854 1 8.6603 -5.0 2
853 1 8.6603 -5.0 2
851 1 8.6603 -5.0 2
849 1 8.6603 -5.0 2
848 1 8.6603 -5.0 2
847 1 8.6603 -5.0 2
846 1 8.6603 -5.0 2
845 1 8.6603 -5.0 2
844 1 8.6603 -5.0 2
841 1 8.6603 -5.0 2
930 1 25.9808 -15.0 2
928 1 25.9808 -15.0 2
927 1 25.9808 -15.0 2
926 1 25.9808 -15.0 2
925 1 25.9808 -15.0 2
924 1 25.9808 -15.0 2
922 1 25.9808 -15.0 2
919 1 25.9808 -15.0 2
918 1 25.9808 -15.0 2
917 1 25.9808 -15.0 2
916 1 25.9808 -15.0 2
915 1 25.9808 -15.0 2
914 1 25.9808 -15.0 2
843 1 8.6603 -5.0 2
-1 0 0.0 0.0 D
1110 1 19.0 79.99996948242188 20 2147483647 21
0 0 0.0 0.0 D
228 1 20.0 34.641 1
235 1 20.0 34.641 1
236 1 20.0 34.641 1
186 1 15.0 25.9808 1
190 1 15.0 25.9808 1
192 1 15.0 25.9808 1
202 1 15.0 25.9808 1
206 1 15.0 25.9808 1
210 1 15.0 25.9808 1
160 1 10.0 17.3205 1
164 1 10.0 17.3205 1
171 1 10.0 17.3205 1
125 1 5.0 8.6603 1
126 1 5.0 8.6603 1
135 1 5.0 8.6603 1
136 1 5.0 8.6603 1
138 1 5.0 8.6603 1
142 1 5.0 8.6603 1
150 1 5.0 8.6603 1
-1 0 0.0 0.0 D
1111 1 19.0 119.99996948242188 20 2147483647 21
0 0 0.0 0.0 D
282 1 -5.0 8.6603 1
291 1 -5.0 8.6603 1
292 1 -5.0 8.6603 1
294 1 -5.0 8.6603 1
297 1 -5.0 8.6603 1
298 1 -5.0 8.6603 1
308 1 -10.0 17.3205 1
311 1 -10.0 17.3205 1
312 1 -10.0 17.3205 1
330 1 -15.0 25.9808 1
332 1 -15.0 25.9808 1
333 1 -15.0 25.9808 1
335 1 -15.0 25.9808 1
336 1 -15.0 25.9808 1
340 1 -15.0 25.9808 1
344 1 -20.0 34.641 1
352 1 -20.0 34.641 1
213 1 20.0 34.641 1
224 1 20.0 34.641 1
-1 0 0.0 0.0 D
