1000
1 4 1 10.0 0.0 1
2 4 1 10.0 0.0 1
3 4 1 10.0 0.0 1
4 4 1 10.0 0.0 1
5 2 1 10.0 0.0 1
6 2 1 10.0 0.0 1
7 4 1 10.0 0.0 1
8 4 1 10.0 0.0 1
9 2 1 10.0 0.0 1
10 4 1 10.0 0.0 1
11 2 1 20.0 0.0 2
12 4 1 20.0 0.0 2
13 2 1 20.0 0.0 2
14 2 1 20.0 0.0 2
15 2 1 20.0 0.0 2
16 2 1 20.0 0.0 2
17 4 1 20.0 0.0 2
18 4 1 20.0 0.0 2
19 2 1 20.0 0.0 2
20 4 1 20.0 0.0 2
21 2 1 30.0 0.0 3
22 4 1 30.0 0.0 3
23 2 1 30.0 0.0 3
24 4 1 30.0 0.0 3
25 4 1 30.0 0.0 3
26 4 1 30.0 0.0 3
27 4 1 30.0 0.0 3
28 2 1 30.0 0.0 3
29 4 1 30.0 0.0 3
30 4 1 30.0 0.0 3
31 4 1 40.0 0.0 4
32 4 1 40.0 0.0 4
33 4 1 40.0 0.0 4
34 2 1 40.0 0.0 4
35 4 1 40.0 0.0 4
36 4 1 40.0 0.0 4
37 4 1 40.0 0.0 4
38 4 1 40.0 0.0 4
39 2 1 40.0 0.0 4
40 4 1 40.0 0.0 4
41 1 1 8.6603 5.0 5
42 4 1 8.6603 5.0 5
43 4 1 8.6603 5.0 5
44 4 1 8.6603 5.0 5
45 1 1 8.6603 5.0 5
46 4 1 8.6603 5.0 5
47 4 1 8.6603 5.0 5
48 4 1 8.6603 5.0 5
49 4 1 8.6603 5.0 5
50 4 1 8.6603 5.0 5
51 4 1 8.6603 5.0 5
52 4 1 8.6603 5.0 5
53 4 1 8.6603 5.0 5
54 1 1 8.6603 5.0 5
55 4 1 8.6603 5.0 5
56 4 1 8.6603 5.0 5
57 4 1 8.6603 5.0 5
58 4 1 8.6603 5.0 5
59 4 1 8.6603 5.0 5
60 1 1 8.6603 5.0 5
61 4 1 17.3205 10.0 6
62 1 1 17.3205 10.0 6
63 4 1 17.3205 10.0 6
64 4 1 17.3205 10.0 6
65 4 1 17.3205 10.0 6
66 4 1 17.3205 10.0 6
67 4 1 17.3205 10.0 6
68 4 1 17.3205 10.0 6
69 4 1 17.3205 10.0 6
70 4 1 17.3205 10.0 6
71 4 1 17.3205 10.0 6
72 4 1 17.3205 10.0 6
73 4 1 17.3205 10.0 6
74 4 1 17.3205 10.0 6
75 4 1 17.3205 10.0 6
76 4 1 17.3205 10.0 6
77 4 1 17.3205 10.0 6
78 1 1 17.3205 10.0 6
79 4 1 17.3205 10.0 6
80 4 1 17.3205 10.0 6
81 1 1 25.9808 15.0 7
82 4 1 25.9808 15.0 7
83 4 1 25.9808 15.0 7
84 4 1 25.9808 15.0 7
85 4 1 25.9808 15.0 7
86 1 1 25.9808 15.0 7
87 4 1 25.9808 15.0 7
88 4 1 25.9808 15.0 7
89 4 1 25.9808 15.0 7
90 1 1 25.9808 15.0 7
91 1 1 25.9808 15.0 7
92 1 1 25.9808 15.0 7
93 1 1 25.9808 15.0 7
94 4 1 25.9808 15.0 7
95 4 1 25.9808 15.0 7
96 4 1 25.9808 15.0 7
97 1 1 25.9808 15.0 7
98 4 1 25.9808 15.0 7
99 1 1 25.9808 15.0 7
100 4 1 25.9808 15.0 7
101 4 1 34.641 20.0 8
102 4 1 34.641 20.0 8
103 4 1 34.641 20.0 8
104 1 1 34.641 20.0 8
105 1 1 34.641 20.0 8
106 4 1 34.641 20.0 8
107 4 1 34.641 20.0 8
108 4 1 34.641 20.0 8
109 1 1 34.641 20.0 8
110 1 1 34.641 20.0 8
111 4 1 34.641 20.0 8
112 4 1 34.641 20.0 8
113 4 1 34.641 20.0 8
114 1 1 34.641 20.0 8
115 4 1 34.641 20.0 8
116 4 1 34.641 20.0 8
117 4 1 34.641 20.0 8
118 4 1 34.641 20.0 8
119 4 1 34.641 20.0 8
120 4 1 34.641 20.0 8
121 2 1 5.0 8.6603 9
122 2 1 5.0 8.6603 9
123 2 1 5.0 8.6603 9
124 2 1 5.0 8.6603 9
125 1 1 5.0 8.6603 9
126 1 1 5.0 8.6603 9
127 2 1 5.0 8.6603 9
128 2 1 5.0 8.6603 9
129 2 1 5.0 8.6603 9
130 2 1 5.0 8.6603 9
131 2 1 5.0 8.6603 9
132 2 1 5.0 8.6603 9
133 2 1 5.0 8.6603 9
134 2 1 5.0 8.6603 9
135 1 1 5.0 8.6603 9
136 1 1 5.0 8.6603 9
137 2 1 5.0 8.6603 9
138 1 1 5.0 8.6603 9
139 2 1 5.0 8.6603 9
140 2 1 5.0 8.6603 9
141 2 1 5.0 8.6603 9
142 1 1 5.0 8.6603 9
143 2 1 5.0 8.6603 9
144 2 1 5.0 8.6603 9
145 2 1 5.0 8.6603 9
146 2 1 5.0 8.6603 9
147 2 1 5.0 8.6603 9
148 2 1 5.0 8.6603 9
149 2 1 5.0 8.6603 9
150 1 1 5.0 8.6603 9
151 2 1 10.0 17.3205 10
152 2 1 10.0 17.3205 10
153 2 1 10.0 17.3205 10
154 2 1 10.0 17.3205 10
155 2 1 10.0 17.3205 10
156 2 1 10.0 17.3205 10
157 2 1 10.0 17.3205 10
158 2 1 10.0 17.3205 10
159 2 1 10.0 17.3205 10
160 1 1 10.0 17.3205 10
161 2 1 10.0 17.3205 10
162 2 1 10.0 17.3205 10
163 2 1 10.0 17.3205 10
164 1 1 10.0 17.3205 10
165 2 1 10.0 17.3205 10
166 2 1 10.0 17.3205 10
167 2 1 10.0 17.3205 10
168 2 1 10.0 17.3205 10
169 2 1 10.0 17.3205 10
170 2 1 10.0 17.3205 10
171 1 1 10.0 17.3205 10
172 2 1 10.0 17.3205 10
173 2 1 10.0 17.3205 10
174 2 1 10.0 17.3205 10
175 2 1 10.0 17.3205 10
176 2 1 10.0 17.3205 10
177 2 1 10.0 17.3205 10
178 2 1 10.0 17.3205 10
179 2 1 10.0 17.3205 10
180 2 1 10.0 17.3205 10
181 2 1 15.0 25.9808 11
182 2 1 15.0 25.9808 11
183 2 1 15.0 25.9808 11
184 2 1 15.0 25.9808 11
185 2 1 15.0 25.9808 11
186 1 1 15.0 25.9808 11
187 2 1 15.0 25.9808 11
188 2 1 15.0 25.9808 11
189 2 1 15.0 25.9808 11
190 1 1 15.0 25.9808 11
191 2 1 15.0 25.9808 11
192 1 1 15.0 25.9808 11
193 2 1 15.0 25.9808 11
194 2 1 15.0 25.9808 11
195 2 1 15.0 25.9808 11
196 2 1 15.0 25.9808 11
197 2 1 15.0 25.9808 11
198 2 1 15.0 25.9808 11
199 2 1 15.0 25.9808 11
200 2 1 15.0 25.9808 11
201 2 1 15.0 25.9808 11
202 1 1 15.0 25.9808 11
203 2 1 15.0 25.9808 11
204 2 1 15.0 25.9808 11
205 2 1 15.0 25.9808 11
206 1 1 15.0 25.9808 11
207 2 1 15.0 25.9808 11
208 2 1 15.0 25.9808 11
209 2 1 15.0 25.9808 11
210 1 1 15.0 25.9808 11
211 2 1 20.0 34.641 12
212 2 1 20.0 34.641 12
213 1 1 20.0 34.641 12
214 2 1 20.0 34.641 12
215 2 1 20.0 34.641 12
216 2 1 20.0 34.641 12
217 2 1 20.0 34.641 12
218 2 1 20.0 34.641 12
219 2 1 20.0 34.641 12
220 2 1 20.0 34.641 12
221 2 1 20.0 34.641 12
222 2 1 20.0 34.641 12
223 2 1 20.0 34.641 12
224 1 1 20.0 34.641 12
225 2 1 20.0 34.641 12
226 2 1 20.0 34.641 12
227 2 1 20.0 34.641 12
228 1 1 20.0 34.641 12
229 2 1 20.0 34.641 12
230 2 1 20.0 34.641 12
231 2 1 20.0 34.641 12
232 2 1 20.0 34.641 12
233 2 1 20.0 34.641 12
234 2 1 20.0 34.641 12
235 1 1 20.0 34.641 12
236 1 1 20.0 34.641 12
237 2 1 20.0 34.641 12
238 2 1 20.0 34.641 12
239 2 1 20.0 34.641 12
240 2 1 20.0 34.641 12
241 4 1 0.0 10.0 13
242 4 1 0.0 10.0 13
243 4 1 0.0 10.0 13
244 4 1 0.0 10.0 13
245 4 1 0.0 10.0 13
246 2 1 0.0 10.0 13
247 4 1 0.0 10.0 13
248 4 1 0.0 10.0 13
249 4 1 0.0 10.0 13
250 4 1 0.0 10.0 13
251 2 1 0.0 20.0 14
252 4 1 0.0 20.0 14
253 4 1 0.0 20.0 14
254 2 1 0.0 20.0 14
255 4 1 0.0 20.0 14
256 4 1 0.0 20.0 14
257 4 1 0.0 20.0 14
258 4 1 0.0 20.0 14
259 2 1 0.0 20.0 14
260 2 1 0.0 20.0 14
261 4 1 0.0 30.0 15
262 4 1 0.0 30.0 15
263 4 1 0.0 30.0 15
264 4 1 0.0 30.0 15
265 4 1 0.0 30.0 15
266 4 1 0.0 30.0 15
267 4 1 0.0 30.0 15
268 4 1 0.0 30.0 15
269 4 1 0.0 30.0 15
270 2 1 0.0 30.0 15
271 2 1 0.0 40.0 16
272 4 1 0.0 40.0 16
273 4 1 0.0 40.0 16
274 4 1 0.0 40.0 16
275 4 1 0.0 40.0 16
276 4 1 0.0 40.0 16
277 4 1 0.0 40.0 16
278 2 1 0.0 40.0 16
279 4 1 0.0 40.0 16
280 4 1 0.0 40.0 16
281 4 1 -5.0 8.6603 17
282 1 1 -5.0 8.6603 17
283 4 1 -5.0 8.6603 17
284 4 1 -5.0 8.6603 17
285 4 1 -5.0 8.6603 17
286 4 1 -5.0 8.6603 17
287 4 1 -5.0 8.6603 17
288 4 1 -5.0 8.6603 17
289 4 1 -5.0 8.6603 17
290 4 1 -5.0 8.6603 17
291 1 1 -5.0 8.6603 17
292 1 1 -5.0 8.6603 17
293 4 1 -5.0 8.6603 17
294 1 1 -5.0 8.6603 17
295 4 1 -5.0 8.6603 17
296 4 1 -5.0 8.6603 17
297 1 1 -5.0 8.6603 17
298 1 1 -5.0 8.6603 17
299 4 1 -5.0 8.6603 17
300 4 1 -5.0 8.6603 17
301 4 1 -10.0 17.3205 18
302 4 1 -10.0 17.3205 18
303 4 1 -10.0 17.3205 18
304 4 1 -10.0 17.3205 18
305 4 1 -10.0 17.3205 18
306 4 1 -10.0 17.3205 18
307 4 1 -10.0 17.3205 18
308 1 1 -10.0 17.3205 18
309 4 1 -10.0 17.3205 18
310 4 1 -10.0 17.3205 18
311 1 1 -10.0 17.3205 18
312 1 1 -10.0 17.3205 18
313 4 1 -10.0 17.3205 18
314 4 1 -10.0 17.3205 18
315 4 1 -10.0 17.3205 18
316 4 1 -10.0 17.3205 18
317 4 1 -10.0 17.3205 18
318 4 1 -10.0 17.3205 18
319 4 1 -10.0 17.3205 18
320 4 1 -10.0 17.3205 18
321 4 1 -15.0 25.9808 19
322 4 1 -15.0 25.9808 19
323 4 1 -15.0 25.9808 19
324 4 1 -15.0 25.9808 19
325 4 1 -15.0 25.9808 19
326 4 1 -15.0 25.9808 19
327 4 1 -15.0 25.9808 19
328 4 1 -15.0 25.9808 19
329 4 1 -15.0 25.9808 19
330 1 1 -15.0 25.9808 19
331 4 1 -15.0 25.9808 19
332 1 1 -15.0 25.9808 19
333 1 1 -15.0 25.9808 19
334 4 1 -15.0 25.9808 19
335 1 1 -15.0 25.9808 19
336 1 1 -15.0 25.9808 19
337 4 1 -15.0 25.9808 19
338 4 1 -15.0 25.9808 19
339 4 1 -15.0 25.9808 19
340 1 1 -15.0 25.9808 19
341 4 1 -20.0 34.641 20
342 4 1 -20.0 34.641 20
343 4 1 -20.0 34.641 20
344 1 1 -20.0 34.641 20
345 4 1 -20.0 34.641 20
346 4 1 -20.0 34.641 20
347 4 1 -20.0 34.641 20
348 4 1 -20.0 34.641 20
349 4 1 -20.0 34.641 20
350 4 1 -20.0 34.641 20
351 4 1 -20.0 34.641 20
352 1 1 -20.0 34.641 20
353 4 1 -20.0 34.641 20
354 4 1 -20.0 34.641 20
355 4 1 -20.0 34.641 20
356 4 1 -20.0 34.641 20
357 4 1 -20.0 34.641 20
358 4 1 -20.0 34.641 20
359 1 1 -20.0 34.641 20
360 4 1 -20.0 34.641 20
361 1 1 -8.6603 5.0 21
362 2 1 -8.6603 5.0 21
363 2 1 -8.6603 5.0 21
364 1 1 -8.6603 5.0 21
365 2 1 -8.6603 5.0 21
366 2 1 -8.6603 5.0 21
367 2 1 -8.6603 5.0 21
368 2 1 -8.6603 5.0 21
369 1 1 -8.6603 5.0 21
370 2 1 -8.6603 5.0 21
371 2 1 -8.6603 5.0 21
372 2 1 -8.6603 5.0 21
373 2 1 -8.6603 5.0 21
374 1 1 -8.6603 5.0 21
375 2 1 -8.6603 5.0 21
376 2 1 -8.6603 5.0 21
377 1 1 -8.6603 5.0 21
378 1 1 -8.6603 5.0 21
379 1 1 -8.6603 5.0 21
380 2 1 -8.6603 5.0 21
381 2 1 -8.6603 5.0 21
382 2 1 -8.6603 5.0 21
383 2 1 -8.6603 5.0 21
384 2 1 -8.6603 5.0 21
385 2 1 -8.6603 5.0 21
386 2 1 -8.6603 5.0 21
387 1 1 -8.6603 5.0 21
388 1 1 -8.6603 5.0 21
389 2 1 -8.6603 5.0 21
390 1 1 -8.6603 5.0 21
391 1 1 -17.3205 10.0 22
392 2 1 -17.3205 10.0 22
393 1 1 -17.3205 10.0 22
394 2 1 -17.3205 10.0 22
395 2 1 -17.3205 10.0 22
396 2 1 -17.3205 10.0 22
397 2 1 -17.3205 10.0 22
398 2 1 -17.3205 10.0 22
399 2 1 -17.3205 10.0 22
400 2 1 -17.3205 10.0 22
401 2 1 -17.3205 10.0 22
402 2 1 -17.3205 10.0 22
403 2 1 -17.3205 10.0 22
404 2 1 -17.3205 10.0 22
405 2 1 -17.3205 10.0 22
406 2 1 -17.3205 10.0 22
407 2 1 -17.3205 10.0 22
408 1 1 -17.3205 10.0 22
409 1 1 -17.3205 10.0 22
410 2 1 -17.3205 10.0 22
411 2 1 -17.3205 10.0 22
412 1 1 -17.3205 10.0 22
413 1 1 -17.3205 10.0 22
414 2 1 -17.3205 10.0 22
415 1 1 -17.3205 10.0 22
416 2 1 -17.3205 10.0 22
417 2 1 -17.3205 10.0 22
418 2 1 -17.3205 10.0 22
419 2 1 -17.3205 10.0 22
420 2 1 -17.3205 10.0 22
421 2 1 -25.9808 15.0 23
422 2 1 -25.9808 15.0 23
423 2 1 -25.9808 15.0 23
424 2 1 -25.9808 15.0 23
425 2 1 -25.9808 15.0 23
426 2 1 -25.9808 15.0 23
427 1 1 -25.9808 15.0 23
428 2 1 -25.9808 15.0 23
429 1 1 -25.9808 15.0 23
430 2 1 -25.9808 15.0 23
431 2 1 -25.9808 15.0 23
432 2 1 -25.9808 15.0 23
433 1 1 -25.9808 15.0 23
434 1 1 -25.9808 15.0 23
435 2 1 -25.9808 15.0 23
436 1 1 -25.9808 15.0 23
437 2 1 -25.9808 15.0 23
438 2 1 -25.9808 15.0 23
439 2 1 -25.9808 15.0 23
440 1 1 -25.9808 15.0 23
441 2 1 -25.9808 15.0 23
442 2 1 -25.9808 15.0 23
443 2 1 -25.9808 15.0 23
444 2 1 -25.9808 15.0 23
445 2 1 -25.9808 15.0 23
446 2 1 -25.9808 15.0 23
447 2 1 -25.9808 15.0 23
448 1 1 -25.9808 15.0 23
449 2 1 -25.9808 15.0 23
450 1 1 -25.9808 15.0 23
451 2 1 -34.641 20.0 24
452 2 1 -34.641 20.0 24
453 2 1 -34.641 20.0 24
454 2 1 -34.641 20.0 24
455 1 1 -34.641 20.0 24
456 2 1 -34.641 20.0 24
457 2 1 -34.641 20.0 24
458 2 1 -34.641 20.0 24
459 2 1 -34.641 20.0 24
460 2 1 -34.641 20.0 24
461 2 1 -34.641 20.0 24
462 2 1 -34.641 20.0 24
463 2 1 -34.641 20.0 24
464 2 1 -34.641 20.0 24
465 2 1 -34.641 20.0 24
466 2 1 -34.641 20.0 24
467 1 1 -34.641 20.0 24
468 2 1 -34.641 20.0 24
469 2 1 -34.641 20.0 24
470 2 1 -34.641 20.0 24
471 1 1 -34.641 20.0 24
472 2 1 -34.641 20.0 24
473 1 1 -34.641 20.0 24
474 2 1 -34.641 20.0 24
475 1 1 -34.641 20.0 24
476 1 1 -34.641 20.0 24
477 2 1 -34.641 20.0 24
478 2 1 -34.641 20.0 24
479 1 1 -34.641 20.0 24
480 2 1 -34.641 20.0 24
481 4 1 -10.0 0.0 25
482 4 1 -10.0 0.0 25
483 4 1 -10.0 0.0 25
484 4 1 -10.0 0.0 25
485 4 1 -10.0 0.0 25
486 4 1 -10.0 0.0 25
487 4 1 -10.0 0.0 25
488 2 1 -10.0 0.0 25
489 4 1 -10.0 0.0 25
490 4 1 -10.0 0.0 25
491 4 1 -20.0 0.0 26
492 4 1 -20.0 0.0 26
493 2 1 -20.0 0.0 26
494 4 1 -20.0 0.0 26
495 4 1 -20.0 0.0 26
496 2 1 -20.0 0.0 26
497 4 1 -20.0 0.0 26
498 2 1 -20.0 0.0 26
499 4 1 -20.0 0.0 26
500 2 1 -20.0 0.0 26
501 4 1 -30.0 0.0 27
502 4 1 -30.0 0.0 27
503 4 1 -30.0 0.0 27
504 4 1 -30.0 0.0 27
505 4 1 -30.0 0.0 27
506 2 1 -30.0 0.0 27
507 4 1 -30.0 0.0 27
508 4 1 -30.0 0.0 27
509 4 1 -30.0 0.0 27
510 4 1 -30.0 0.0 27
511 4 1 -40.0 0.0 28
512 4 1 -40.0 0.0 28
513 4 1 -40.0 0.0 28
514 4 1 -40.0 0.0 28
515 4 1 -40.0 0.0 28
516 2 1 -40.0 0.0 28
517 4 1 -40.0 0.0 28
518 4 1 -40.0 0.0 28
519 4 1 -40.0 0.0 28
520 4 1 -40.0 0.0 28
521 4 1 -8.6603 -5.0 29
522 4 1 -8.6603 -5.0 29
523 4 1 -8.6603 -5.0 29
524 4 1 -8.6603 -5.0 29
525 4 1 -8.6603 -5.0 29
526 1 1 -8.6603 -5.0 29
527 4 1 -8.6603 -5.0 29
528 1 1 -8.6603 -5.0 29
529 4 1 -8.6603 -5.0 29
530 4 1 -8.6603 -5.0 29
531 4 1 -8.6603 -5.0 29
532 4 1 -8.6603 -5.0 29
533 4 1 -8.6603 -5.0 29
534 4 1 -8.6603 -5.0 29
535 1 1 -8.6603 -5.0 29
536 4 1 -8.6603 -5.0 29
537 4 1 -8.6603 -5.0 29
538 4 1 -8.6603 -5.0 29
539 4 1 -8.6603 -5.0 29
540 4 1 -8.6603 -5.0 29
541 4 1 -17.3205 -10.0 30
542 1 1 -17.3205 -10.0 30
543 1 1 -17.3205 -10.0 30
544 4 1 -17.3205 -10.0 30
545 4 1 -17.3205 -10.0 30
546 4 1 -17.3205 -10.0 30
547 4 1 -17.3205 -10.0 30
548 4 1 -17.3205 -10.0 30
549 4 1 -17.3205 -10.0 30
550 4 1 -17.3205 -10.0 30
551 4 1 -17.3205 -10.0 30
552 4 1 -17.3205 -10.0 30
553 4 1 -17.3205 -10.0 30
554 4 1 -17.3205 -10.0 30
555 4 1 -17.3205 -10.0 30
556 4 1 -17.3205 -10.0 30
557 4 1 -17.3205 -10.0 30
558 1 1 -17.3205 -10.0 30
559 4 1 -17.3205 -10.0 30
560 1 1 -17.3205 -10.0 30
561 4 1 -25.9808 -15.0 31
562 1 1 -25.9808 -15.0 31
563 4 1 -25.9808 -15.0 31
564 1 1 -25.9808 -15.0 31
565 4 1 -25.9808 -15.0 31
566 4 1 -25.9808 -15.0 31
567 1 1 -25.9808 -15.0 31
568 1 1 -25.9808 -15.0 31
569 4 1 -25.9808 -15.0 31
570 4 1 -25.9808 -15.0 31
571 4 1 -25.9808 -15.0 31
572 1 1 -25.9808 -15.0 31
573 1 1 -25.9808 -15.0 31
574 4 1 -25.9808 -15.0 31
575 1 1 -25.9808 -15.0 31
576 4 1 -25.9808 -15.0 31
577 4 1 -25.9808 -15.0 31
578 1 1 -25.9808 -15.0 31
579 4 1 -25.9808 -15.0 31
580 4 1 -25.9808 -15.0 31
581 1 1 -34.641 -20.0 32
582 4 1 -34.641 -20.0 32
583 4 1 -34.641 -20.0 32
584 1 1 -34.641 -20.0 32
585 1 1 -34.641 -20.0 32
586 4 1 -34.641 -20.0 32
587 4 1 -34.641 -20.0 32
588 4 1 -34.641 -20.0 32
589 1 1 -34.641 -20.0 32
590 1 1 -34.641 -20.0 32
591 4 1 -34.641 -20.0 32
592 4 1 -34.641 -20.0 32
593 4 1 -34.641 -20.0 32
594 4 1 -34.641 -20.0 32
595 1 1 -34.641 -20.0 32
596 1 1 -34.641 -20.0 32
597 4 1 -34.641 -20.0 32
598 1 1 -34.641 -20.0 32
599 4 1 -34.641 -20.0 32
600 4 1 -34.641 -20.0 32
601 2 1 -5.0 -8.6603 33
602 2 1 -5.0 -8.6603 33
603 1 1 -5.0 -8.6603 33
604 2 1 -5.0 -8.6603 33
605 2 1 -5.0 -8.6603 33
606 1 1 -5.0 -8.6603 33
607 1 1 -5.0 -8.6603 33
608 1 1 -5.0 -8.6603 33
609 2 1 -5.0 -8.6603 33
610 1 1 -5.0 -8.6603 33
611 2 1 -5.0 -8.6603 33
612 2 1 -5.0 -8.6603 33
613 2 1 -5.0 -8.6603 33
614 2 1 -5.0 -8.6603 33
615 2 1 -5.0 -8.6603 33
616 2 1 -5.0 -8.6603 33
617 2 1 -5.0 -8.6603 33
618 2 1 -5.0 -8.6603 33
619 2 1 -5.0 -8.6603 33
620 2 1 -5.0 -8.6603 33
621 2 1 -5.0 -8.6603 33
622 2 1 -5.0 -8.6603 33
623 2 1 -5.0 -8.6603 33
624 2 1 -5.0 -8.6603 33
625 2 1 -5.0 -8.6603 33
626 2 1 -5.0 -8.6603 33
627 2 1 -5.0 -8.6603 33
628 2 1 -5.0 -8.6603 33
629 1 1 -5.0 -8.6603 33
630 2 1 -5.0 -8.6603 33
631 2 1 -10.0 -17.3205 34
632 1 1 -10.0 -17.3205 34
633 2 1 -10.0 -17.3205 34
634 2 1 -10.0 -17.3205 34
635 2 1 -10.0 -17.3205 34
636 2 1 -10.0 -17.3205 34
637 2 1 -10.0 -17.3205 34
638 2 1 -10.0 -17.3205 34
639 2 1 -10.0 -17.3205 34
640 1 1 -10.0 -17.3205 34
641 2 1 -10.0 -17.3205 34
642 2 1 -10.0 -17.3205 34
643 2 1 -10.0 -17.3205 34
644 2 1 -10.0 -17.3205 34
645 2 1 -10.0 -17.3205 34
646 2 1 -10.0 -17.3205 34
647 2 1 -10.0 -17.3205 34
648 2 1 -10.0 -17.3205 34
649 2 1 -10.0 -17.3205 34
650 2 1 -10.0 -17.3205 34
651 2 1 -10.0 -17.3205 34
652 2 1 -10.0 -17.3205 34
653 2 1 -10.0 -17.3205 34
654 1 1 -10.0 -17.3205 34
655 2 1 -10.0 -17.3205 34
656 2 1 -10.0 -17.3205 34
657 2 1 -10.0 -17.3205 34
658 2 1 -10.0 -17.3205 34
659 1 1 -10.0 -17.3205 34
660 2 1 -10.0 -17.3205 34
661 2 1 -15.0 -25.9808 35
662 1 1 -15.0 -25.9808 35
663 2 1 -15.0 -25.9808 35
664 2 1 -15.0 -25.9808 35
665 2 1 -15.0 -25.9808 35
666 1 1 -15.0 -25.9808 35
667 2 1 -15.0 -25.9808 35
668 1 1 -15.0 -25.9808 35
669 2 1 -15.0 -25.9808 35
670 2 1 -15.0 -25.9808 35
671 2 1 -15.0 -25.9808 35
672 2 1 -15.0 -25.9808 35
673 2 1 -15.0 -25.9808 35
674 2 1 -15.0 -25.9808 35
675 1 1 -15.0 -25.9808 35
676 2 1 -15.0 -25.9808 35
677 2 1 -15.0 -25.9808 35
678 2 1 -15.0 -25.9808 35
679 2 1 -15.0 -25.9808 35
680 2 1 -15.0 -25.9808 35
681 2 1 -15.0 -25.9808 35
682 2 1 -15.0 -25.9808 35
683 2 1 -15.0 -25.9808 35
684 2 1 -15.0 -25.9808 35
685 2 1 -15.0 -25.9808 35
686 2 1 -15.0 -25.9808 35
687 1 1 -15.0 -25.9808 35
688 2 1 -15.0 -25.9808 35
689 2 1 -15.0 -25.9808 35
690 2 1 -15.0 -25.9808 35
691 1 1 -20.0 -34.641 36
692 2 1 -20.0 -34.641 36
693 2 1 -20.0 -34.641 36
694 2 1 -20.0 -34.641 36
695 1 1 -20.0 -34.641 36
696 2 1 -20.0 -34.641 36
697 2 1 -20.0 -34.641 36
698 2 1 -20.0 -34.641 36
699 2 1 -20.0 -34.641 36
700 2 1 -20.0 -34.641 36
701 2 1 -20.0 -34.641 36
702 2 1 -20.0 -34.641 36
703 2 1 -20.0 -34.641 36
704 2 1 -20.0 -34.641 36
705 1 1 -20.0 -34.641 36
706 1 1 -20.0 -34.641 36
707 2 1 -20.0 -34.641 36
708 2 1 -20.0 -34.641 36
709 2 1 -20.0 -34.641 36
710 1 1 -20.0 -34.641 36
711 2 1 -20.0 -34.641 36
712 2 1 -20.0 -34.641 36
713 2 1 -20.0 -34.641 36
714 2 1 -20.0 -34.641 36
715 1 1 -20.0 -34.641 36
716 2 1 -20.0 -34.641 36
717 2 1 -20.0 -34.641 36
718 1 1 -20.0 -34.641 36
719 2 1 -20.0 -34.641 36
720 2 1 -20.0 -34.641 36
721 4 1 0.0 -10.0 37
722 2 1 0.0 -10.0 37
723 4 1 0.0 -10.0 37
724 4 1 0.0 -10.0 37
725 4 1 0.0 -10.0 37
726 2 1 0.0 -10.0 37
727 4 1 0.0 -10.0 37
728 4 1 0.0 -10.0 37
729 2 1 0.0 -10.0 37
730 4 1 0.0 -10.0 37
731 4 1 0.0 -20.0 38
732 2 1 0.0 -20.0 38
733 4 1 0.0 -20.0 38
734 2 1 0.0 -20.0 38
735 4 1 0.0 -20.0 38
736 2 1 0.0 -20.0 38
737 4 1 0.0 -20.0 38
738 4 1 0.0 -20.0 38
739 4 1 0.0 -20.0 38
740 4 1 0.0 -20.0 38
741 2 1 0.0 -30.0 39
742 4 1 0.0 -30.0 39
743 2 1 0.0 -30.0 39
744 4 1 0.0 -30.0 39
745 4 1 0.0 -30.0 39
746 4 1 0.0 -30.0 39
747 4 1 0.0 -30.0 39
748 4 1 0.0 -30.0 39
749 4 1 0.0 -30.0 39
750 4 1 0.0 -30.0 39
751 4 1 0.0 -40.0 40
752 4 1 0.0 -40.0 40
753 2 1 0.0 -40.0 40
754 4 1 0.0 -40.0 40
755 2 1 0.0 -40.0 40
756 2 1 0.0 -40.0 40
757 4 1 0.0 -40.0 40
758 2 1 0.0 -40.0 40
759 4 1 0.0 -40.0 40
760 2 1 0.0 -40.0 40
761 4 1 5.0 -8.6603 41
762 4 1 5.0 -8.6603 41
763 4 1 5.0 -8.6603 41
764 4 1 5.0 -8.6603 41
765 4 1 5.0 -8.6603 41
766 4 1 5.0 -8.6603 41
767 4 1 5.0 -8.6603 41
768 4 1 5.0 -8.6603 41
769 4 1 5.0 -8.6603 41
770 4 1 5.0 -8.6603 41
771 4 1 5.0 -8.6603 41
772 4 1 5.0 -8.6603 41
773 4 1 5.0 -8.6603 41
774 1 1 5.0 -8.6603 41
775 4 1 5.0 -8.6603 41
776 1 1 5.0 -8.6603 41
777 4 1 5.0 -8.6603 41
778 4 1 5.0 -8.6603 41
779 4 1 5.0 -8.6603 41
780 4 1 5.0 -8.6603 41
781 4 1 10.0 -17.3205 42
782 4 1 10.0 -17.3205 42
783 4 1 10.0 -17.3205 42
784 4 1 10.0 -17.3205 42
785 1 1 10.0 -17.3205 42
786 4 1 10.0 -17.3205 42
787 1 1 10.0 -17.3205 42
788 4 1 10.0 -17.3205 42
789 1 1 10.0 -17.3205 42
790 4 1 10.0 -17.3205 42
791 4 1 10.0 -17.3205 42
792 1 1 10.0 -17.3205 42
793 4 1 10.0 -17.3205 42
794 4 1 10.0 -17.3205 42
795 4 1 10.0 -17.3205 42
796 4 1 10.0 -17.3205 42
797 4 1 10.0 -17.3205 42
798 4 1 10.0 -17.3205 42
799 4 1 10.0 -17.3205 42
800 4 1 10.0 -17.3205 42
801 4 1 15.0 -25.9808 43
802 4 1 15.0 -25.9808 43
803 4 1 15.0 -25.9808 43
804 4 1 15.0 -25.9808 43
805 4 1 15.0 -25.9808 43
806 4 1 15.0 -25.9808 43
807 4 1 15.0 -25.9808 43
808 1 1 15.0 -25.9808 43
809 4 1 15.0 -25.9808 43
810 4 1 15.0 -25.9808 43
811 4 1 15.0 -25.9808 43
812 4 1 15.0 -25.9808 43
813 4 1 15.0 -25.9808 43
814 4 1 15.0 -25.9808 43
815 4 1 15.0 -25.9808 43
816 4 1 15.0 -25.9808 43
817 1 1 15.0 -25.9808 43
818 4 1 15.0 -25.9808 43
819 4 1 15.0 -25.9808 43
820 1 1 15.0 -25.9808 43
821 1 1 20.0 -34.641 44
822 4 1 20.0 -34.641 44
823 1 1 20.0 -34.641 44
824 1 1 20.0 -34.641 44
825 4 1 20.0 -34.641 44
826 4 1 20.0 -34.641 44
827 4 1 20.0 -34.641 44
828 1 1 20.0 -34.641 44
829 4 1 20.0 -34.641 44
830 4 1 20.0 -34.641 44
831 4 1 20.0 -34.641 44
832 4 1 20.0 -34.641 44
833 4 1 20.0 -34.641 44
834 4 1 20.0 -34.641 44
835 4 1 20.0 -34.641 44
836 4 1 20.0 -34.641 44
837 4 1 20.0 -34.641 44
838 4 1 20.0 -34.641 44
839 4 1 20.0 -34.641 44
840 4 1 20.0 -34.641 44
841 2 1 8.6603 -5.0 45
842 1 1 8.6603 -5.0 45
843 2 1 8.6603 -5.0 45
844 2 1 8.6603 -5.0 45
845 2 1 8.6603 -5.0 45
846 2 1 8.6603 -5.0 45
847 2 1 8.6603 -5.0 45
848 2 1 8.6603 -5.0 45
849 2 1 8.6603 -5.0 45
850 1 1 8.6603 -5.0 45
851 2 1 8.6603 -5.0 45
852 1 1 8.6603 -5.0 45
853 2 1 8.6603 -5.0 45
854 2 1 8.6603 -5.0 45
855 1 1 8.6603 -5.0 45
856 2 1 8.6603 -5.0 45
857 2 1 8.6603 -5.0 45
858 2 1 8.6603 -5.0 45
859 2 1 8.6603 -5.0 45
860 2 1 8.6603 -5.0 45
861 2 1 8.6603 -5.0 45
862 2 1 8.6603 -5.0 45
863 2 1 8.6603 -5.0 45
864 2 1 8.6603 -5.0 45
865 2 1 8.6603 -5.0 45
866 2 1 8.6603 -5.0 45
867 2 1 8.6603 -5.0 45
868 2 1 8.6603 -5.0 45
869 2 1 8.6603 -5.0 45
870 2 1 8.6603 -5.0 45
871 2 1 17.3205 -10.0 46
872 2 1 17.3205 -10.0 46
873 1 1 17.3205 -10.0 46
874 2 1 17.3205 -10.0 46
875 2 1 17.3205 -10.0 46
876 2 1 17.3205 -10.0 46
877 1 1 17.3205 -10.0 46
878 2 1 17.3205 -10.0 46
879 2 1 17.3205 -10.0 46
880 2 1 17.3205 -10.0 46
881 2 1 17.3205 -10.0 46
882 2 1 17.3205 -10.0 46
883 1 1 17.3205 -10.0 46
884 2 1 17.3205 -10.0 46
885 1 1 17.3205 -10.0 46
886 2 1 17.3205 -10.0 46
887 2 1 17.3205 -10.0 46
888 2 1 17.3205 -10.0 46
889 2 1 17.3205 -10.0 46
890 2 1 17.3205 -10.0 46
891 2 1 17.3205 -10.0 46
892 2 1 17.3205 -10.0 46
893 2 1 17.3205 -10.0 46
894 2 1 17.3205 -10.0 46
895 2 1 17.3205 -10.0 46
896 2 1 17.3205 -10.0 46
897 2 1 17.3205 -10.0 46
898 2 1 17.3205 -10.0 46
899 2 1 17.3205 -10.0 46
900 2 1 17.3205 -10.0 46
901 2 1 25.9808 -15.0 47
902 1 1 25.9808 -15.0 47
903 2 1 25.9808 -15.0 47
904 2 1 25.9808 -15.0 47
905 2 1 25.9808 -15.0 47
906 2 1 25.9808 -15.0 47
907 2 1 25.9808 -15.0 47
908 1 1 25.9808 -15.0 47
909 2 1 25.9808 -15.0 47
910 2 1 25.9808 -15.0 47
911 2 1 25.9808 -15.0 47
912 2 1 25.9808 -15.0 47
913 1 1 25.9808 -15.0 47
914 2 1 25.9808 -15.0 47
915 2 1 25.9808 -15.0 47
916 2 1 25.9808 -15.0 47
917 2 1 25.9808 -15.0 47
918 2 1 25.9808 -15.0 47
919 2 1 25.9808 -15.0 47
920 1 1 25.9808 -15.0 47
921 1 1 25.9808 -15.0 47
922 2 1 25.9808 -15.0 47
923 1 1 25.9808 -15.0 47
924 2 1 25.9808 -15.0 47
925 2 1 25.9808 -15.0 47
926 2 1 25.9808 -15.0 47
927 2 1 25.9808 -15.0 47
928 2 1 25.9808 -15.0 47
929 1 1 25.9808 -15.0 47
930 2 1 25.9808 -15.0 47
931 2 1 34.641 -20.0 48
932 2 1 34.641 -20.0 48
933 1 1 34.641 -20.0 48
934 2 1 34.641 -20.0 48
935 2 1 34.641 -20.0 48
936 1 1 34.641 -20.0 48
937 2 1 34.641 -20.0 48
938 2 1 34.641 -20.0 48
939 2 1 34.641 -20.0 48
940 1 1 34.641 -20.0 48
941 2 1 34.641 -20.0 48
942 2 1 34.641 -20.0 48
943 2 1 34.641 -20.0 48
944 1 1 34.641 -20.0 48
945 2 1 34.641 -20.0 48
946 2 1 34.641 -20.0 48
947 2 1 34.641 -20.0 48
948 2 1 34.641 -20.0 48
949 2 1 34.641 -20.0 48
950 1 1 34.641 -20.0 48
951 2 1 34.641 -20.0 48
952 1 1 34.641 -20.0 48
953 1 1 34.641 -20.0 48
954 2 1 34.641 -20.0 48
955 2 1 34.641 -20.0 48
956 2 1 34.641 -20.0 48
957 2 1 34.641 -20.0 48
958 2 1 34.641 -20.0 48
959 2 1 34.641 -20.0 48
960 2 1 34.641 -20.0 48
961 4 1 48.2963 12.941 49
962 4 1 48.2963 12.941 49
963 4 1 48.2963 12.941 49
964 2 1 48.2963 12.941 49
965 4 1 48.2963 12.941 49
966 4 1 48.2963 12.941 49
967 4 1 48.2963 12.941 49
968 4 1 48.2963 12.941 49
969 2 1 48.2963 12.941 49
970 1 1 48.2963 12.941 49
971 2 1 12.941 48.2963 50
972 4 1 12.941 48.2963 50
973 4 1 12.941 48.2963 50
974 4 1 12.941 48.2963 50
975 2 1 12.941 48.2963 50
976 4 1 12.941 48.2963 50
977 2 1 12.941 48.2963 50
978 2 1 12.941 48.2963 50
979 4 1 12.941 48.2963 50
980 4 1 12.941 48.2963 50
981 4 1 -35.3553 35.3553 51
982 4 1 -35.3553 35.3553 51
983 4 1 -35.3553 35.3553 51
984 4 1 -35.3553 35.3553 51
985 4 1 -35.3553 35.3553 51
986 4 1 -35.3553 35.3553 51
987 2 1 -35.3553 35.3553 51
988 4 1 -35.3553 35.3553 51
989 4 1 -35.3553 35.3553 51
990 4 1 -35.3553 35.3553 51
991 4 1 -48.2963 -12.941 52
992 4 1 -48.2963 -12.941 52
993 1 1 -48.2963 -12.941 52
994 4 1 -48.2963 -12.941 52
995 4 1 -48.2963 -12.941 52
996 1 1 -48.2963 -12.941 52
997 4 1 -48.2963 -12.941 52
998 4 1 -48.2963 -12.941 52
999 4 1 -48.2963 -12.941 52
1000 4 1 -48.2963 -12.941 52
