1
0 0.0 0.0 1500.0 2301.828857421875 13
1141 1 99.0 280.25439453125 100 2147483647 101
0 0 0.0 0.0 D
617 1 -9.3969 3.4202 1
614 1 -9.3969 3.4202 1
612 1 -9.3969 3.4202 1
610 1 -9.3969 3.4202 1
606 1 -9.3969 3.4202 1
536 1 -7.6604 6.4279 1
535 1 -7.6604 6.4279 1
528 1 -7.6604 6.4279 1
390 1 -1.7365 9.8481 1
381 1 -1.7365 9.8481 1
378 1 -1.7365 9.8481 1
363 1 -1.7365 9.8481 1
362 1 -1.7365 9.8481 1
361 1 -1.7365 9.8481 1
294 1 1.7365 9.8481 1
297 1 1.7365 9.8481 1
419 1 -3.473 19.6962 1
414 1 -3.473 19.6962 1
409 1 -3.473 19.6962 1
407 1 -3.473 19.6962 1
404 1 -3.473 19.6962 1
395 1 -3.473 19.6962 1
391 1 -3.473 19.6962 1
447 1 -5.2094 29.5442 1
441 1 -5.2094 29.5442 1
436 1 -5.2094 29.5442 1
432 1 -5.2094 29.5442 1
424 1 -5.2094 29.5442 1
421 1 -5.2094 29.5442 1
331 1 5.2094 29.5442 1
1468 1 0.0 50.0 1
479 1 -6.9459 39.3923 1
477 1 -6.9459 39.3923 1
469 1 -6.9459 39.3923 1
460 1 -6.9459 39.3923 1
456 1 -6.9459 39.3923 1
600 1 -30.6418 25.7115 1
599 1 -30.6418 25.7115 1
593 1 -30.6418 25.7115 1
720 1 -37.5877 13.6808 1
719 1 -37.5877 13.6808 1
714 1 -37.5877 13.6808 1
713 1 -37.5877 13.6808 1
710 1 -37.5877 13.6808 1
699 1 -37.5877 13.6808 1
698 1 -37.5877 13.6808 1
1482 1 -49.2404 8.6824 1
688 1 -28.1908 10.2606 1
686 1 -28.1908 10.2606 1
681 1 -28.1908 10.2606 1
678 1 -28.1908 10.2606 1
676 1 -28.1908 10.2606 1
672 1 -28.1908 10.2606 1
668 1 -28.1908 10.2606 1
578 1 -22.9813 19.2836 1
572 1 -22.9813 19.2836 1
571 1 -22.9813 19.2836 1
570 1 -22.9813 19.2836 1
564 1 -22.9813 19.2836 1
561 1 -22.9813 19.2836 1
551 1 -15.3209 12.8558 1
548 1 -15.3209 12.8558 1
544 1 -15.3209 12.8558 1
660 1 -18.7939 6.8404 1
656 1 -18.7939 6.8404 1
647 1 -18.7939 6.8404 1
645 1 -18.7939 6.8404 1
643 1 -18.7939 6.8404 1
641 1 -18.7939 6.8404 1
632 1 -18.7939 6.8404 1
797 1 -18.7939 -6.8404 1
792 1 -18.7939 -6.8404 1
787 1 -18.7939 -6.8404 1
786 1 -18.7939 -6.8404 1
785 1 -18.7939 -6.8404 1
816 1 -28.1908 -10.2606 1
815 1 -28.1908 -10.2606 1
814 1 -28.1908 -10.2606 1
807 1 -28.1908 -10.2606 1
840 1 -37.5877 -13.6808 1
835 1 -37.5877 -13.6808 1
830 1 -37.5877 -13.6808 1
829 1 -37.5877 -13.6808 1
821 1 -37.5877 -13.6808 1
959 1 -30.6418 -25.7115 1
958 1 -30.6418 -25.7115 1
954 1 -30.6418 -25.7115 1
952 1 -30.6418 -25.7115 1
949 1 -30.6418 -25.7115 1
945 1 -30.6418 -25.7115 1
930 1 -22.9813 -19.2836 1
927 1 -22.9813 -19.2836 1
920 1 -22.9813 -19.2836 1
918 1 -22.9813 -19.2836 1
914 1 -22.9813 -19.2836 1
891 1 -15.3209 -12.8558 1
889 1 -15.3209 -12.8558 1
872 1 -15.3209 -12.8558 1
770 1 -9.3969 -3.4202 1
-1 0 0.0 0.0 D
1142 1 139.0 329.3597717285156 160 2147483647 141
0 0 0.0 0.0 D
863 1 -7.6604 -6.4279 1
852 1 -7.6604 -6.4279 1
870 1 -7.6604 -6.4279 1
867 1 -7.6604 -6.4279 1
865 1 -7.6604 -6.4279 1
1014 1 -1.7365 -9.8481 1
1012 1 -1.7365 -9.8481 1
1007 1 -1.7365 -9.8481 1
1002 1 -1.7365 -9.8481 1
1109 1 1.7365 -9.8481 1
1108 1 1.7365 -9.8481 1
1107 1 1.7365 -9.8481 1
1103 1 1.7365 -9.8481 1
1102 1 1.7365 -9.8481 1
1101 1 1.7365 -9.8481 1
1085 1 1.7365 -9.8481 1
1136 1 3.473 -19.6962 1
1133 1 3.473 -19.6962 1
1127 1 3.473 -19.6962 1
1116 1 3.473 -19.6962 1
1112 1 3.473 -19.6962 1
1038 1 -3.473 -19.6962 1
1025 1 -3.473 -19.6962 1
1059 1 -5.2094 -29.5442 1
1057 1 -5.2094 -29.5442 1
1056 1 -5.2094 -29.5442 1
1052 1 -5.2094 -29.5442 1
1046 1 -5.2094 -29.5442 1
1079 1 -6.9459 -39.3923 1
1075 1 -6.9459 -39.3923 1
1070 1 -6.9459 -39.3923 1
1069 1 -6.9459 -39.3923 1
1068 1 -6.9459 -39.3923 1
1066 1 -6.9459 -39.3923 1
1061 1 -6.9459 -39.3923 1
1195 1 6.9459 -39.3923 1
1190 1 6.9459 -39.3923 1
1179 1 6.9459 -39.3923 1
1167 1 5.2094 -29.5442 1
1165 1 5.2094 -29.5442 1
1156 1 5.2094 -29.5442 1
1153 1 5.2094 -29.5442 1
1146 1 5.2094 -29.5442 1
1141 1 5.2094 -29.5442 1
1296 1 22.9813 -19.2836 1
1287 1 22.9813 -19.2836 1
1286 1 22.9813 -19.2836 1
1284 1 22.9813 -19.2836 1
1311 1 30.6418 -25.7115 1
1306 1 30.6418 -25.7115 1
1303 1 30.6418 -25.7115 1
1439 1 37.5877 -13.6808 1
1437 1 37.5877 -13.6808 1
1434 1 37.5877 -13.6808 1
1405 1 28.1908 -10.2606 1
1402 1 28.1908 -10.2606 1
1400 1 28.1908 -10.2606 1
1396 1 28.1908 -10.2606 1
1389 1 28.1908 -10.2606 1
1388 1 28.1908 -10.2606 1
1384 1 28.1908 -10.2606 1
1380 1 18.7939 -6.8404 1
1379 1 18.7939 -6.8404 1
1377 1 18.7939 -6.8404 1
1376 1 18.7939 -6.8404 1
1375 1 18.7939 -6.8404 1
1367 1 18.7939 -6.8404 1
1362 1 18.7939 -6.8404 1
1361 1 18.7939 -6.8404 1
1356 1 18.7939 -6.8404 1
1272 1 15.3209 -12.8557 1
1269 1 15.3209 -12.8557 1
1267 1 15.3209 -12.8557 1
1258 1 7.6604 -6.4279 1
1251 1 7.6604 -6.4279 1
1243 1 7.6604 -6.4279 1
1348 1 9.3969 -3.4202 1
1343 1 9.3969 -3.4202 1
1331 1 9.3969 -3.4202 1
1329 1 9.3969 -3.4202 1
1324 1 9.3969 -3.4202 1
1322 1 9.3969 -3.4202 1
42 1 9.3969 3.4202 1
48 1 9.3969 3.4202 1
50 1 9.3969 3.4202 1
54 1 9.3969 3.4202 1
64 1 18.7939 6.8404 1
69 1 18.7939 6.8404 1
72 1 18.7939 6.8404 1
77 1 18.7939 6.8404 1
155 1 15.3209 12.8558 1
157 1 15.3209 12.8558 1
160 1 15.3209 12.8558 1
165 1 15.3209 12.8558 1
170 1 15.3209 12.8558 1
174 1 15.3209 12.8558 1
175 1 15.3209 12.8558 1
176 1 15.3209 12.8558 1
190 1 22.9813 19.2836 1
192 1 22.9813 19.2836 1
195 1 22.9813 19.2836 1
196 1 22.9813 19.2836 1
199 1 22.9813 19.2836 1
200 1 22.9813 19.2836 1
203 1 22.9813 19.2836 1
204 1 22.9813 19.2836 1
205 1 22.9813 19.2836 1
206 1 22.9813 19.2836 1
208 1 22.9813 19.2836 1
210 1 22.9813 19.2836 1
81 1 28.1908 10.2606 1
88 1 28.1908 10.2606 1
91 1 28.1908 10.2606 1
104 1 37.5877 13.6808 1
109 1 37.5877 13.6808 1
111 1 37.5877 13.6808 1
1445 1 49.2404 8.6824 1
213 1 30.6418 25.7115 1
225 1 30.6418 25.7115 1
229 1 30.6418 25.7115 1
235 1 30.6418 25.7115 1
239 1 30.6418 25.7115 1
240 1 30.6418 25.7115 1
346 1 6.9459 39.3923 1
356 1 6.9459 39.3923 1
358 1 6.9459 39.3923 1
360 1 6.9459 39.3923 1
325 1 5.2094 29.5442 1
327 1 5.2094 29.5442 1
303 1 3.473 19.6962 1
304 1 3.473 19.6962 1
309 1 3.473 19.6962 1
310 1 3.473 19.6962 1
315 1 3.473 19.6962 1
317 1 3.473 19.6962 1
122 1 7.6604 6.4279 1
138 1 7.6604 6.4279 1
139 1 7.6604 6.4279 1
145 1 7.6604 6.4279 1
-1 0 0.0 0.0 D
1144 2 99.0 141.3416290283203 100 2147483647 101
0 0 0.0 0.0 D
150 1 7.6604 6.4279 2
149 1 7.6604 6.4279 2
148 1 7.6604 6.4279 2
147 1 7.6604 6.4279 2
146 1 7.6604 6.4279 2
144 1 7.6604 6.4279 2
143 1 7.6604 6.4279 2
142 1 7.6604 6.4279 2
141 1 7.6604 6.4279 2
140 1 7.6604 6.4279 2
137 1 7.6604 6.4279 2
136 1 7.6604 6.4279 2
135 1 7.6604 6.4279 2
134 1 7.6604 6.4279 2
133 1 7.6604 6.4279 2
132 1 7.6604 6.4279 2
131 1 7.6604 6.4279 2
130 1 7.6604 6.4279 2
129 1 7.6604 6.4279 2
128 1 7.6604 6.4279 2
127 1 7.6604 6.4279 2
126 1 7.6604 6.4279 2
125 1 7.6604 6.4279 2
124 1 7.6604 6.4279 2
123 1 7.6604 6.4279 2
121 1 7.6604 6.4279 2
180 1 15.3209 12.8558 2
179 1 15.3209 12.8558 2
178 1 15.3209 12.8558 2
177 1 15.3209 12.8558 2
173 1 15.3209 12.8558 2
172 1 15.3209 12.8558 2
171 1 15.3209 12.8558 2
169 1 15.3209 12.8558 2
168 1 15.3209 12.8558 2
167 1 15.3209 12.8558 2
166 1 15.3209 12.8558 2
164 1 15.3209 12.8558 2
163 1 15.3209 12.8558 2
162 1 15.3209 12.8558 2
161 1 15.3209 12.8558 2
159 1 15.3209 12.8558 2
158 1 15.3209 12.8558 2
156 1 15.3209 12.8558 2
154 1 15.3209 12.8558 2
260 1 10.0 17.3205 2
255 1 10.0 17.3205 2
252 1 10.0 17.3205 2
268 1 15.0 25.9808 2
1455 1 32.1394 38.3022 2
279 1 20.0 34.641 2
276 1 20.0 34.641 2
275 1 20.0 34.641 2
273 1 20.0 34.641 2
272 1 20.0 34.641 2
471 1 -6.9459 39.3923 2
470 1 -6.9459 39.3923 2
468 1 -6.9459 39.3923 2
467 1 -6.9459 39.3923 2
466 1 -6.9459 39.3923 2
465 1 -6.9459 39.3923 2
464 1 -6.9459 39.3923 2
463 1 -6.9459 39.3923 2
462 1 -6.9459 39.3923 2
461 1 -6.9459 39.3923 2
459 1 -6.9459 39.3923 2
458 1 -6.9459 39.3923 2
457 1 -6.9459 39.3923 2
455 1 -6.9459 39.3923 2
454 1 -6.9459 39.3923 2
453 1 -6.9459 39.3923 2
452 1 -6.9459 39.3923 2
451 1 -6.9459 39.3923 2
450 1 -5.2094 29.5442 2
449 1 -5.2094 29.5442 2
448 1 -5.2094 29.5442 2
446 1 -5.2094 29.5442 2
445 1 -5.2094 29.5442 2
444 1 -5.2094 29.5442 2
443 1 -5.2094 29.5442 2
442 1 -5.2094 29.5442 2
440 1 -5.2094 29.5442 2
439 1 -5.2094 29.5442 2
438 1 -5.2094 29.5442 2
437 1 -5.2094 29.5442 2
435 1 -5.2094 29.5442 2
434 1 -5.2094 29.5442 2
433 1 -5.2094 29.5442 2
431 1 -5.2094 29.5442 2
430 1 -5.2094 29.5442 2
429 1 -5.2094 29.5442 2
428 1 -5.2094 29.5442 2
427 1 -5.2094 29.5442 2
426 1 -5.2094 29.5442 2
425 1 -5.2094 29.5442 2
423 1 -5.2094 29.5442 2
422 1 -5.2094 29.5442 2
249 1 5.0 8.6603 2
247 1 5.0 8.6603 2
-1 0 0.0 0.0 D
1145 2 159.0 147.85137939453125 160 2147483647 161
0 0 0.0 0.0 D
490 1 -5.0 8.6603 2
481 1 -5.0 8.6603 2
389 1 -1.7365 9.8481 2
388 1 -1.7365 9.8481 2
387 1 -1.7365 9.8481 2
386 1 -1.7365 9.8481 2
385 1 -1.7365 9.8481 2
384 1 -1.7365 9.8481 2
383 1 -1.7365 9.8481 2
382 1 -1.7365 9.8481 2
380 1 -1.7365 9.8481 2
379 1 -1.7365 9.8481 2
377 1 -1.7365 9.8481 2
376 1 -1.7365 9.8481 2
375 1 -1.7365 9.8481 2
374 1 -1.7365 9.8481 2
373 1 -1.7365 9.8481 2
372 1 -1.7365 9.8481 2
371 1 -1.7365 9.8481 2
370 1 -1.7365 9.8481 2
369 1 -1.7365 9.8481 2
368 1 -1.7365 9.8481 2
367 1 -1.7365 9.8481 2
366 1 -1.7365 9.8481 2
365 1 -1.7365 9.8481 2
364 1 -1.7365 9.8481 2
420 1 -3.473 19.6962 2
418 1 -3.473 19.6962 2
417 1 -3.473 19.6962 2
416 1 -3.473 19.6962 2
415 1 -3.473 19.6962 2
413 1 -3.473 19.6962 2
412 1 -3.473 19.6962 2
411 1 -3.473 19.6962 2
410 1 -3.473 19.6962 2
408 1 -3.473 19.6962 2
406 1 -3.473 19.6962 2
405 1 -3.473 19.6962 2
403 1 -3.473 19.6962 2
402 1 -3.473 19.6962 2
401 1 -3.473 19.6962 2
400 1 -3.473 19.6962 2
399 1 -3.473 19.6962 2
398 1 -3.473 19.6962 2
397 1 -3.473 19.6962 2
396 1 -3.473 19.6962 2
394 1 -3.473 19.6962 2
393 1 -3.473 19.6962 2
392 1 -3.473 19.6962 2
500 1 -10.0 17.3205 2
496 1 -10.0 17.3205 2
509 1 -15.0 25.9808 2
501 1 -15.0 25.9808 2
480 1 -6.9459 39.3923 2
478 1 -6.9459 39.3923 2
476 1 -6.9459 39.3923 2
475 1 -6.9459 39.3923 2
474 1 -6.9459 39.3923 2
473 1 -6.9459 39.3923 2
472 1 -6.9459 39.3923 2
520 1 -20.0 34.641 2
519 1 -20.0 34.641 2
518 1 -20.0 34.641 2
1480 1 -32.1394 38.3022 2
1475 1 -32.1394 38.3022 2
1471 1 -32.1394 38.3022 2
718 1 -37.5877 13.6808 2
717 1 -37.5877 13.6808 2
716 1 -37.5877 13.6808 2
715 1 -37.5877 13.6808 2
712 1 -37.5877 13.6808 2
711 1 -37.5877 13.6808 2
709 1 -37.5877 13.6808 2
708 1 -37.5877 13.6808 2
707 1 -37.5877 13.6808 2
706 1 -37.5877 13.6808 2
705 1 -37.5877 13.6808 2
704 1 -37.5877 13.6808 2
703 1 -37.5877 13.6808 2
702 1 -37.5877 13.6808 2
701 1 -37.5877 13.6808 2
700 1 -37.5877 13.6808 2
697 1 -37.5877 13.6808 2
696 1 -37.5877 13.6808 2
695 1 -37.5877 13.6808 2
694 1 -37.5877 13.6808 2
693 1 -37.5877 13.6808 2
692 1 -37.5877 13.6808 2
691 1 -37.5877 13.6808 2
690 1 -28.1908 10.2606 2
689 1 -28.1908 10.2606 2
687 1 -28.1908 10.2606 2
685 1 -28.1908 10.2606 2
684 1 -28.1908 10.2606 2
683 1 -28.1908 10.2606 2
682 1 -28.1908 10.2606 2
680 1 -28.1908 10.2606 2
679 1 -28.1908 10.2606 2
677 1 -28.1908 10.2606 2
675 1 -28.1908 10.2606 2
674 1 -28.1908 10.2606 2
673 1 -28.1908 10.2606 2
671 1 -28.1908 10.2606 2
670 1 -28.1908 10.2606 2
669 1 -28.1908 10.2606 2
667 1 -28.1908 10.2606 2
666 1 -28.1908 10.2606 2
665 1 -28.1908 10.2606 2
664 1 -28.1908 10.2606 2
663 1 -28.1908 10.2606 2
662 1 -28.1908 10.2606 2
661 1 -28.1908 10.2606 2
658 1 -18.7939 6.8404 2
657 1 -18.7939 6.8404 2
655 1 -18.7939 6.8404 2
654 1 -18.7939 6.8404 2
653 1 -18.7939 6.8404 2
652 1 -18.7939 6.8404 2
651 1 -18.7939 6.8404 2
650 1 -18.7939 6.8404 2
649 1 -18.7939 6.8404 2
648 1 -18.7939 6.8404 2
646 1 -18.7939 6.8404 2
644 1 -18.7939 6.8404 2
642 1 -18.7939 6.8404 2
640 1 -18.7939 6.8404 2
639 1 -18.7939 6.8404 2
638 1 -18.7939 6.8404 2
637 1 -18.7939 6.8404 2
636 1 -18.7939 6.8404 2
635 1 -18.7939 6.8404 2
634 1 -18.7939 6.8404 2
633 1 -18.7939 6.8404 2
631 1 -18.7939 6.8404 2
630 1 -9.3969 3.4202 2
629 1 -9.3969 3.4202 2
628 1 -9.3969 3.4202 2
627 1 -9.3969 3.4202 2
626 1 -9.3969 3.4202 2
625 1 -9.3969 3.4202 2
624 1 -9.3969 3.4202 2
623 1 -9.3969 3.4202 2
622 1 -9.3969 3.4202 2
621 1 -9.3969 3.4202 2
620 1 -9.3969 3.4202 2
619 1 -9.3969 3.4202 2
618 1 -9.3969 3.4202 2
616 1 -9.3969 3.4202 2
615 1 -9.3969 3.4202 2
613 1 -9.3969 3.4202 2
611 1 -9.3969 3.4202 2
609 1 -9.3969 3.4202 2
608 1 -9.3969 3.4202 2
607 1 -9.3969 3.4202 2
605 1 -9.3969 3.4202 2
604 1 -9.3969 3.4202 2
603 1 -9.3969 3.4202 2
602 1 -9.3969 3.4202 2
601 1 -9.3969 3.4202 2
-1 0 0.0 0.0 D
1147 4 199.0 238.2944793701172 200 2147483647 201
0 0 0.0 0.0 D
728 1 -10.0 0.0 4
727 1 -10.0 0.0 4
726 1 -10.0 0.0 4
724 1 -10.0 0.0 4
723 1 -10.0 0.0 4
722 1 -10.0 0.0 4
721 1 -10.0 0.0 4
540 1 -7.6604 6.4279 4
539 1 -7.6604 6.4279 4
538 1 -7.6604 6.4279 4
537 1 -7.6604 6.4279 4
534 1 -7.6604 6.4279 4
533 1 -7.6604 6.4279 4
532 1 -7.6604 6.4279 4
531 1 -7.6604 6.4279 4
530 1 -7.6604 6.4279 4
529 1 -7.6604 6.4279 4
527 1 -7.6604 6.4279 4
526 1 -7.6604 6.4279 4
525 1 -7.6604 6.4279 4
524 1 -7.6604 6.4279 4
523 1 -7.6604 6.4279 4
522 1 -7.6604 6.4279 4
521 1 -7.6604 6.4279 4
489 1 -5.0 8.6603 4
488 1 -5.0 8.6603 4
487 1 -5.0 8.6603 4
486 1 -5.0 8.6603 4
485 1 -5.0 8.6603 4
484 1 -5.0 8.6603 4
483 1 -5.0 8.6603 4
482 1 -5.0 8.6603 4
499 1 -10.0 17.3205 4
498 1 -10.0 17.3205 4
497 1 -10.0 17.3205 4
495 1 -10.0 17.3205 4
494 1 -10.0 17.3205 4
493 1 -10.0 17.3205 4
492 1 -10.0 17.3205 4
491 1 -10.0 17.3205 4
560 1 -15.3209 12.8558 4
559 1 -15.3209 12.8558 4
558 1 -15.3209 12.8558 4
557 1 -15.3209 12.8558 4
556 1 -15.3209 12.8558 4
555 1 -15.3209 12.8558 4
554 1 -15.3209 12.8558 4
553 1 -15.3209 12.8558 4
552 1 -15.3209 12.8558 4
550 1 -15.3209 12.8558 4
549 1 -15.3209 12.8558 4
547 1 -15.3209 12.8558 4
546 1 -15.3209 12.8558 4
545 1 -15.3209 12.8558 4
543 1 -15.3209 12.8558 4
542 1 -15.3209 12.8558 4
541 1 -15.3209 12.8558 4
740 1 -20.0 0.0 4
739 1 -20.0 0.0 4
738 1 -20.0 0.0 4
737 1 -20.0 0.0 4
736 1 -20.0 0.0 4
735 1 -20.0 0.0 4
734 1 -20.0 0.0 4
733 1 -20.0 0.0 4
732 1 -20.0 0.0 4
731 1 -20.0 0.0 4
750 1 -30.0 0.0 4
748 1 -30.0 0.0 4
746 1 -30.0 0.0 4
745 1 -30.0 0.0 4
744 1 -30.0 0.0 4
743 1 -30.0 0.0 4
742 1 -30.0 0.0 4
741 1 -30.0 0.0 4
752 1 -40.0 0.0 4
1490 1 -49.2404 8.6824 4
1489 1 -49.2404 8.6824 4
1487 1 -49.2404 8.6824 4
1486 1 -49.2404 8.6824 4
1484 1 -49.2404 8.6824 4
1483 1 -49.2404 8.6824 4
580 1 -22.9813 19.2836 4
579 1 -22.9813 19.2836 4
577 1 -22.9813 19.2836 4
576 1 -22.9813 19.2836 4
575 1 -22.9813 19.2836 4
574 1 -22.9813 19.2836 4
573 1 -22.9813 19.2836 4
569 1 -22.9813 19.2836 4
568 1 -22.9813 19.2836 4
567 1 -22.9813 19.2836 4
566 1 -22.9813 19.2836 4
565 1 -22.9813 19.2836 4
563 1 -22.9813 19.2836 4
562 1 -22.9813 19.2836 4
598 1 -30.6418 25.7115 4
597 1 -30.6418 25.7115 4
596 1 -30.6418 25.7115 4
595 1 -30.6418 25.7115 4
594 1 -30.6418 25.7115 4
592 1 -30.6418 25.7115 4
591 1 -30.6418 25.7115 4
590 1 -30.6418 25.7115 4
589 1 -30.6418 25.7115 4
588 1 -30.6418 25.7115 4
587 1 -30.6418 25.7115 4
586 1 -30.6418 25.7115 4
585 1 -30.6418 25.7115 4
584 1 -30.6418 25.7115 4
583 1 -30.6418 25.7115 4
582 1 -30.6418 25.7115 4
581 1 -30.6418 25.7115 4
1479 1 -32.1394 38.3022 4
1478 1 -32.1394 38.3022 4
1477 1 -32.1394 38.3022 4
1476 1 -32.1394 38.3022 4
1474 1 -32.1394 38.3022 4
1473 1 -32.1394 38.3022 4
1472 1 -32.1394 38.3022 4
517 1 -20.0 34.641 4
516 1 -20.0 34.641 4
515 1 -20.0 34.641 4
514 1 -20.0 34.641 4
513 1 -20.0 34.641 4
512 1 -20.0 34.641 4
511 1 -20.0 34.641 4
510 1 -15.0 25.9808 4
508 1 -15.0 25.9808 4
507 1 -15.0 25.9808 4
506 1 -15.0 25.9808 4
505 1 -15.0 25.9808 4
504 1 -15.0 25.9808 4
503 1 -15.0 25.9808 4
502 1 -15.0 25.9808 4
1470 1 0.0 50.0 4
1469 1 0.0 50.0 4
1467 1 0.0 50.0 4
1466 1 0.0 50.0 4
1465 1 0.0 50.0 4
1464 1 0.0 50.0 4
1463 1 0.0 50.0 4
1462 1 0.0 50.0 4
1461 1 0.0 50.0 4
359 1 6.9459 39.3923 4
357 1 6.9459 39.3923 4
355 1 6.9459 39.3923 4
354 1 6.9459 39.3923 4
353 1 6.9459 39.3923 4
352 1 6.9459 39.3923 4
351 1 6.9459 39.3923 4
350 1 6.9459 39.3923 4
349 1 6.9459 39.3923 4
348 1 6.9459 39.3923 4
347 1 6.9459 39.3923 4
345 1 6.9459 39.3923 4
344 1 6.9459 39.3923 4
343 1 6.9459 39.3923 4
342 1 6.9459 39.3923 4
341 1 6.9459 39.3923 4
340 1 5.2094 29.5442 4
339 1 5.2094 29.5442 4
338 1 5.2094 29.5442 4
337 1 5.2094 29.5442 4
336 1 5.2094 29.5442 4
335 1 5.2094 29.5442 4
334 1 5.2094 29.5442 4
333 1 5.2094 29.5442 4
332 1 5.2094 29.5442 4
330 1 5.2094 29.5442 4
329 1 5.2094 29.5442 4
328 1 5.2094 29.5442 4
326 1 5.2094 29.5442 4
324 1 5.2094 29.5442 4
323 1 5.2094 29.5442 4
322 1 5.2094 29.5442 4
321 1 5.2094 29.5442 4
320 1 3.473 19.6962 4
319 1 3.473 19.6962 4
318 1 3.473 19.6962 4
316 1 3.473 19.6962 4
314 1 3.473 19.6962 4
313 1 3.473 19.6962 4
312 1 3.473 19.6962 4
311 1 3.473 19.6962 4
308 1 3.473 19.6962 4
307 1 3.473 19.6962 4
306 1 3.473 19.6962 4
305 1 3.473 19.6962 4
302 1 3.473 19.6962 4
301 1 3.473 19.6962 4
300 1 1.7365 9.8481 4
299 1 1.7365 9.8481 4
298 1 1.7365 9.8481 4
296 1 1.7365 9.8481 4
295 1 1.7365 9.8481 4
293 1 1.7365 9.8481 4
292 1 1.7365 9.8481 4
291 1 1.7365 9.8481 4
-1 0 0.0 0.0 D
1148 4 249.0 300.814697265625 250 2147483647 251
0 0 0.0 0.0 D
970 1 -5.0 -8.6603 4
969 1 -5.0 -8.6603 4
968 1 -5.0 -8.6603 4
967 1 -5.0 -8.6603 4
966 1 -5.0 -8.6603 4
964 1 -5.0 -8.6603 4
963 1 -5.0 -8.6603 4
961 1 -5.0 -8.6603 4
1020 1 -1.7365 -9.8481 4
1019 1 -1.7365 -9.8481 4
1018 1 -1.7365 -9.8481 4
1017 1 -1.7365 -9.8481 4
1016 1 -1.7365 -9.8481 4
1015 1 -1.7365 -9.8481 4
1013 1 -1.7365 -9.8481 4
1011 1 -1.7365 -9.8481 4
1010 1 -1.7365 -9.8481 4
1009 1 -1.7365 -9.8481 4
1008 1 -1.7365 -9.8481 4
1006 1 -1.7365 -9.8481 4
1005 1 -1.7365 -9.8481 4
1004 1 -1.7365 -9.8481 4
1003 1 -1.7365 -9.8481 4
1001 1 -1.7365 -9.8481 4
1218 1 10.0 -17.3205 4
1217 1 10.0 -17.3205 4
1216 1 10.0 -17.3205 4
1215 1 10.0 -17.3205 4
1214 1 10.0 -17.3205 4
1213 1 10.0 -17.3205 4
1212 1 10.0 -17.3205 4
1300 1 22.9813 -19.2836 4
1299 1 22.9813 -19.2836 4
1298 1 22.9813 -19.2836 4
1297 1 22.9813 -19.2836 4
1295 1 22.9813 -19.2836 4
1294 1 22.9813 -19.2836 4
1293 1 22.9813 -19.2836 4
1292 1 22.9813 -19.2836 4
1291 1 22.9813 -19.2836 4
1290 1 22.9813 -19.2836 4
1289 1 22.9813 -19.2836 4
1288 1 22.9813 -19.2836 4
1285 1 22.9813 -19.2836 4
1283 1 22.9813 -19.2836 4
1282 1 22.9813 -19.2836 4
1281 1 22.9813 -19.2836 4
1314 1 30.6418 -25.7115 4
1313 1 30.6418 -25.7115 4
1312 1 30.6418 -25.7115 4
1310 1 30.6418 -25.7115 4
1309 1 30.6418 -25.7115 4
1308 1 30.6418 -25.7115 4
1307 1 30.6418 -25.7115 4
1305 1 30.6418 -25.7115 4
1304 1 30.6418 -25.7115 4
1302 1 30.6418 -25.7115 4
1301 1 30.6418 -25.7115 4
1240 1 20.0 -34.641 4
1239 1 20.0 -34.641 4
1238 1 20.0 -34.641 4
1237 1 20.0 -34.641 4
1236 1 20.0 -34.641 4
1235 1 20.0 -34.641 4
1233 1 20.0 -34.641 4
1231 1 20.0 -34.641 4
1230 1 15.0 -25.9808 4
1228 1 15.0 -25.9808 4
1227 1 15.0 -25.9808 4
1225 1 15.0 -25.9808 4
1224 1 15.0 -25.9808 4
1223 1 15.0 -25.9808 4
1222 1 15.0 -25.9808 4
1221 1 15.0 -25.9808 4
1040 1 -3.473 -19.6962 4
1039 1 -3.473 -19.6962 4
1037 1 -3.473 -19.6962 4
1036 1 -3.473 -19.6962 4
1035 1 -3.473 -19.6962 4
1034 1 -3.473 -19.6962 4
1033 1 -3.473 -19.6962 4
1032 1 -3.473 -19.6962 4
1031 1 -3.473 -19.6962 4
1030 1 -3.473 -19.6962 4
1029 1 -3.473 -19.6962 4
1028 1 -3.473 -19.6962 4
1027 1 -3.473 -19.6962 4
1026 1 -3.473 -19.6962 4
1024 1 -3.473 -19.6962 4
1023 1 -3.473 -19.6962 4
1022 1 -3.473 -19.6962 4
1021 1 -3.473 -19.6962 4
980 1 -10.0 -17.3205 4
979 1 -10.0 -17.3205 4
978 1 -10.0 -17.3205 4
977 1 -10.0 -17.3205 4
973 1 -10.0 -17.3205 4
972 1 -10.0 -17.3205 4
971 1 -10.0 -17.3205 4
990 1 -15.0 -25.9808 4
989 1 -15.0 -25.9808 4
988 1 -15.0 -25.9808 4
987 1 -15.0 -25.9808 4
986 1 -15.0 -25.9808 4
985 1 -15.0 -25.9808 4
984 1 -15.0 -25.9808 4
983 1 -15.0 -25.9808 4
982 1 -15.0 -25.9808 4
1060 1 -5.2094 -29.5442 4
1058 1 -5.2094 -29.5442 4
1055 1 -5.2094 -29.5442 4
1054 1 -5.2094 -29.5442 4
1053 1 -5.2094 -29.5442 4
1051 1 -5.2094 -29.5442 4
1050 1 -5.2094 -29.5442 4
1049 1 -5.2094 -29.5442 4
1048 1 -5.2094 -29.5442 4
1047 1 -5.2094 -29.5442 4
1045 1 -5.2094 -29.5442 4
1044 1 -5.2094 -29.5442 4
1043 1 -5.2094 -29.5442 4
1042 1 -5.2094 -29.5442 4
1041 1 -5.2094 -29.5442 4
1080 1 -6.9459 -39.3923 4
1078 1 -6.9459 -39.3923 4
1077 1 -6.9459 -39.3923 4
1076 1 -6.9459 -39.3923 4
1074 1 -6.9459 -39.3923 4
1073 1 -6.9459 -39.3923 4
1072 1 -6.9459 -39.3923 4
1071 1 -6.9459 -39.3923 4
1067 1 -6.9459 -39.3923 4
1065 1 -6.9459 -39.3923 4
1064 1 -6.9459 -39.3923 4
1063 1 -6.9459 -39.3923 4
1062 1 -6.9459 -39.3923 4
1000 1 -20.0 -34.641 4
999 1 -20.0 -34.641 4
998 1 -20.0 -34.641 4
997 1 -20.0 -34.641 4
996 1 -20.0 -34.641 4
994 1 -20.0 -34.641 4
1500 1 -43.3013 -25.0 4
1499 1 -43.3013 -25.0 4
1498 1 -43.3013 -25.0 4
1497 1 -43.3013 -25.0 4
1496 1 -43.3013 -25.0 4
1495 1 -43.3013 -25.0 4
1494 1 -43.3013 -25.0 4
1493 1 -43.3013 -25.0 4
1492 1 -43.3013 -25.0 4
1491 1 -43.3013 -25.0 4
839 1 -37.5877 -13.6808 4
838 1 -37.5877 -13.6808 4
837 1 -37.5877 -13.6808 4
836 1 -37.5877 -13.6808 4
834 1 -37.5877 -13.6808 4
833 1 -37.5877 -13.6808 4
832 1 -37.5877 -13.6808 4
831 1 -37.5877 -13.6808 4
828 1 -37.5877 -13.6808 4
827 1 -37.5877 -13.6808 4
826 1 -37.5877 -13.6808 4
825 1 -37.5877 -13.6808 4
824 1 -37.5877 -13.6808 4
823 1 -37.5877 -13.6808 4
822 1 -37.5877 -13.6808 4
760 1 -40.0 0.0 4
759 1 -40.0 0.0 4
758 1 -40.0 0.0 4
756 1 -40.0 0.0 4
755 1 -40.0 0.0 4
754 1 -40.0 0.0 4
820 1 -28.1908 -10.2606 4
819 1 -28.1908 -10.2606 4
818 1 -28.1908 -10.2606 4
817 1 -28.1908 -10.2606 4
813 1 -28.1908 -10.2606 4
812 1 -28.1908 -10.2606 4
811 1 -28.1908 -10.2606 4
810 1 -28.1908 -10.2606 4
809 1 -28.1908 -10.2606 4
808 1 -28.1908 -10.2606 4
806 1 -28.1908 -10.2606 4
805 1 -28.1908 -10.2606 4
804 1 -28.1908 -10.2606 4
803 1 -28.1908 -10.2606 4
802 1 -28.1908 -10.2606 4
801 1 -28.1908 -10.2606 4
800 1 -18.7939 -6.8404 4
799 1 -18.7939 -6.8404 4
798 1 -18.7939 -6.8404 4
796 1 -18.7939 -6.8404 4
795 1 -18.7939 -6.8404 4
794 1 -18.7939 -6.8404 4
793 1 -18.7939 -6.8404 4
791 1 -18.7939 -6.8404 4
790 1 -18.7939 -6.8404 4
789 1 -18.7939 -6.8404 4
788 1 -18.7939 -6.8404 4
784 1 -18.7939 -6.8404 4
783 1 -18.7939 -6.8404 4
782 1 -18.7939 -6.8404 4
781 1 -18.7939 -6.8404 4
780 1 -9.3969 -3.4202 4
779 1 -9.3969 -3.4202 4
778 1 -9.3969 -3.4202 4
777 1 -9.3969 -3.4202 4
776 1 -9.3969 -3.4202 4
775 1 -9.3969 -3.4202 4
774 1 -9.3969 -3.4202 4
773 1 -9.3969 -3.4202 4
772 1 -9.3969 -3.4202 4
771 1 -9.3969 -3.4202 4
769 1 -9.3969 -3.4202 4
768 1 -9.3969 -3.4202 4
767 1 -9.3969 -3.4202 4
766 1 -9.3969 -3.4202 4
765 1 -9.3969 -3.4202 4
764 1 -9.3969 -3.4202 4
763 1 -9.3969 -3.4202 4
762 1 -9.3969 -3.4202 4
761 1 -9.3969 -3.4202 4
281 1 1.7365 9.8481 4
282 1 1.7365 9.8481 4
283 1 1.7365 9.8481 4
284 1 1.7365 9.8481 4
285 1 1.7365 9.8481 4
286 1 1.7365 9.8481 4
287 1 1.7365 9.8481 4
288 1 1.7365 9.8481 4
289 1 1.7365 9.8481 4
290 1 1.7365 9.8481 4
270 1 15.0 25.9808 4
251 1 10.0 17.3205 4
253 1 10.0 17.3205 4
254 1 10.0 17.3205 4
256 1 10.0 17.3205 4
257 1 10.0 17.3205 4
258 1 10.0 17.3205 4
259 1 10.0 17.3205 4
241 1 5.0 8.6603 4
242 1 5.0 8.6603 4
243 1 5.0 8.6603 4
244 1 5.0 8.6603 4
245 1 5.0 8.6603 4
246 1 5.0 8.6603 4
248 1 5.0 8.6603 4
250 1 5.0 8.6603 4
-1 0 0.0 0.0 D
1149 2 59.0 135.41976928710938 60 2147483647 61
0 0 0.0 0.0 D
926 1 -22.9813 -19.2836 2
925 1 -22.9813 -19.2836 2
924 1 -22.9813 -19.2836 2
923 1 -22.9813 -19.2836 2
922 1 -22.9813 -19.2836 2
921 1 -22.9813 -19.2836 2
919 1 -22.9813 -19.2836 2
917 1 -22.9813 -19.2836 2
916 1 -22.9813 -19.2836 2
915 1 -22.9813 -19.2836 2
913 1 -22.9813 -19.2836 2
912 1 -22.9813 -19.2836 2
911 1 -22.9813 -19.2836 2
910 1 -22.9813 -19.2836 2
909 1 -22.9813 -19.2836 2
908 1 -22.9813 -19.2836 2
907 1 -22.9813 -19.2836 2
906 1 -22.9813 -19.2836 2
905 1 -22.9813 -19.2836 2
904 1 -22.9813 -19.2836 2
903 1 -22.9813 -19.2836 2
902 1 -22.9813 -19.2836 2
901 1 -22.9813 -19.2836 2
960 1 -30.6418 -25.7115 2
957 1 -30.6418 -25.7115 2
956 1 -30.6418 -25.7115 2
955 1 -30.6418 -25.7115 2
953 1 -30.6418 -25.7115 2
951 1 -30.6418 -25.7115 2
950 1 -30.6418 -25.7115 2
948 1 -30.6418 -25.7115 2
947 1 -30.6418 -25.7115 2
946 1 -30.6418 -25.7115 2
944 1 -30.6418 -25.7115 2
943 1 -30.6418 -25.7115 2
942 1 -30.6418 -25.7115 2
941 1 -30.6418 -25.7115 2
940 1 -30.6418 -25.7115 2
939 1 -30.6418 -25.7115 2
938 1 -30.6418 -25.7115 2
937 1 -30.6418 -25.7115 2
936 1 -30.6418 -25.7115 2
935 1 -30.6418 -25.7115 2
934 1 -30.6418 -25.7115 2
933 1 -30.6418 -25.7115 2
932 1 -30.6418 -25.7115 2
931 1 -30.6418 -25.7115 2
757 1 -40.0 0.0 2
753 1 -40.0 0.0 2
751 1 -40.0 0.0 2
1488 1 -49.2404 8.6824 2
1485 1 -49.2404 8.6824 2
1481 1 -49.2404 8.6824 2
749 1 -30.0 0.0 2
747 1 -30.0 0.0 2
659 1 -18.7939 6.8404 2
730 1 -10.0 0.0 2
729 1 -10.0 0.0 2
725 1 -10.0 0.0 2
-1 0 0.0 0.0 D
1150 2 59.0 85.64403533935547 60 2147483647 61
0 0 0.0 0.0 D
869 1 -7.6604 -6.4279 2
868 1 -7.6604 -6.4279 2
866 1 -7.6604 -6.4279 2
864 1 -7.6604 -6.4279 2
862 1 -7.6604 -6.4279 2
861 1 -7.6604 -6.4279 2
860 1 -7.6604 -6.4279 2
859 1 -7.6604 -6.4279 2
858 1 -7.6604 -6.4279 2
857 1 -7.6604 -6.4279 2
856 1 -7.6604 -6.4279 2
855 1 -7.6604 -6.4279 2
854 1 -7.6604 -6.4279 2
853 1 -7.6604 -6.4279 2
851 1 -7.6604 -6.4279 2
850 1 -7.6604 -6.4279 2
849 1 -7.6604 -6.4279 2
848 1 -7.6604 -6.4279 2
847 1 -7.6604 -6.4279 2
846 1 -7.6604 -6.4279 2
845 1 -7.6604 -6.4279 2
844 1 -7.6604 -6.4279 2
843 1 -7.6604 -6.4279 2
842 1 -7.6604 -6.4279 2
841 1 -7.6604 -6.4279 2
900 1 -15.3209 -12.8558 2
899 1 -15.3209 -12.8558 2
898 1 -15.3209 -12.8558 2
897 1 -15.3209 -12.8558 2
896 1 -15.3209 -12.8558 2
895 1 -15.3209 -12.8558 2
894 1 -15.3209 -12.8558 2
893 1 -15.3209 -12.8558 2
892 1 -15.3209 -12.8558 2
890 1 -15.3209 -12.8558 2
888 1 -15.3209 -12.8558 2
887 1 -15.3209 -12.8558 2
886 1 -15.3209 -12.8558 2
885 1 -15.3209 -12.8558 2
884 1 -15.3209 -12.8558 2
883 1 -15.3209 -12.8558 2
882 1 -15.3209 -12.8558 2
881 1 -15.3209 -12.8558 2
880 1 -15.3209 -12.8558 2
879 1 -15.3209 -12.8558 2
878 1 -15.3209 -12.8558 2
877 1 -15.3209 -12.8558 2
876 1 -15.3209 -12.8558 2
875 1 -15.3209 -12.8558 2
874 1 -15.3209 -12.8558 2
873 1 -15.3209 -12.8558 2
871 1 -15.3209 -12.8558 2
929 1 -22.9813 -19.2836 2
928 1 -22.9813 -19.2836 2
992 1 -20.0 -34.641 2
991 1 -20.0 -34.641 2
976 1 -10.0 -17.3205 2
975 1 -10.0 -17.3205 2
974 1 -10.0 -17.3205 2
-1 0 0.0 0.0 D
1151 2 59.0 107.36155700683594 60 2147483647 61
0 0 0.0 0.0 D
965 1 -5.0 -8.6603 2
962 1 -5.0 -8.6603 2
981 1 -15.0 -25.9808 2
995 1 -20.0 -34.641 2
993 1 -20.0 -34.641 2
1200 1 6.9459 -39.3923 2
1199 1 6.9459 -39.3923 2
1198 1 6.9459 -39.3923 2
1197 1 6.9459 -39.3923 2
1196 1 6.9459 -39.3923 2
1194 1 6.9459 -39.3923 2
1193 1 6.9459 -39.3923 2
1192 1 6.9459 -39.3923 2
1191 1 6.9459 -39.3923 2
1189 1 6.9459 -39.3923 2
1188 1 6.9459 -39.3923 2
1187 1 6.9459 -39.3923 2
1186 1 6.9459 -39.3923 2
1185 1 6.9459 -39.3923 2
1184 1 6.9459 -39.3923 2
1183 1 6.9459 -39.3923 2
1182 1 6.9459 -39.3923 2
1181 1 6.9459 -39.3923 2
1180 1 6.9459 -39.3923 2
1178 1 6.9459 -39.3923 2
1177 1 6.9459 -39.3923 2
1176 1 6.9459 -39.3923 2
1175 1 6.9459 -39.3923 2
1174 1 6.9459 -39.3923 2
1173 1 6.9459 -39.3923 2
1172 1 6.9459 -39.3923 2
1171 1 6.9459 -39.3923 2
1170 1 5.2094 -29.5442 2
1169 1 5.2094 -29.5442 2
1168 1 5.2094 -29.5442 2
1166 1 5.2094 -29.5442 2
1164 1 5.2094 -29.5442 2
1163 1 5.2094 -29.5442 2
1162 1 5.2094 -29.5442 2
1161 1 5.2094 -29.5442 2
1160 1 5.2094 -29.5442 2
1159 1 5.2094 -29.5442 2
1158 1 5.2094 -29.5442 2
1157 1 5.2094 -29.5442 2
1155 1 5.2094 -29.5442 2
1154 1 5.2094 -29.5442 2
1152 1 5.2094 -29.5442 2
1151 1 5.2094 -29.5442 2
1150 1 5.2094 -29.5442 2
1149 1 5.2094 -29.5442 2
1148 1 5.2094 -29.5442 2
1147 1 5.2094 -29.5442 2
1145 1 5.2094 -29.5442 2
1144 1 5.2094 -29.5442 2
1143 1 5.2094 -29.5442 2
1142 1 5.2094 -29.5442 2
1083 1 1.7365 -9.8481 2
1082 1 1.7365 -9.8481 2
1081 1 1.7365 -9.8481 2
-1 0 0.0 0.0 D
1152 2 53.0 82.28205871582031 60 2147483647 55
0 0 0.0 0.0 D
1208 1 5.0 -8.6603 2
1220 1 10.0 -17.3205 2
1219 1 10.0 -17.3205 2
1211 1 10.0 -17.3205 2
1229 1 15.0 -25.9808 2
1226 1 15.0 -25.9808 2
1234 1 20.0 -34.641 2
1232 1 20.0 -34.641 2
1140 1 3.473 -19.6962 2
1139 1 3.473 -19.6962 2
1138 1 3.473 -19.6962 2
1137 1 3.473 -19.6962 2
1135 1 3.473 -19.6962 2
1134 1 3.473 -19.6962 2
1132 1 3.473 -19.6962 2
1131 1 3.473 -19.6962 2
1130 1 3.473 -19.6962 2
1129 1 3.473 -19.6962 2
1128 1 3.473 -19.6962 2
1126 1 3.473 -19.6962 2
1125 1 3.473 -19.6962 2
1124 1 3.473 -19.6962 2
1123 1 3.473 -19.6962 2
1122 1 3.473 -19.6962 2
1121 1 3.473 -19.6962 2
1120 1 3.473 -19.6962 2
1119 1 3.473 -19.6962 2
1118 1 3.473 -19.6962 2
1117 1 3.473 -19.6962 2
1115 1 3.473 -19.6962 2
1114 1 3.473 -19.6962 2
1113 1 3.473 -19.6962 2
1111 1 3.473 -19.6962 2
1110 1 1.7365 -9.8481 2
1106 1 1.7365 -9.8481 2
1105 1 1.7365 -9.8481 2
1104 1 1.7365 -9.8481 2
1100 1 1.7365 -9.8481 2
1099 1 1.7365 -9.8481 2
1098 1 1.7365 -9.8481 2
1097 1 1.7365 -9.8481 2
1096 1 1.7365 -9.8481 2
1095 1 1.7365 -9.8481 2
1094 1 1.7365 -9.8481 2
1093 1 1.7365 -9.8481 2
1092 1 1.7365 -9.8481 2
1091 1 1.7365 -9.8481 2
1090 1 1.7365 -9.8481 2
1089 1 1.7365 -9.8481 2
1088 1 1.7365 -9.8481 2
1087 1 1.7365 -9.8481 2
1086 1 1.7365 -9.8481 2
1084 1 1.7365 -9.8481 2
-1 0 0.0 0.0 D
1154 2 59.0 79.99998474121094 60 2147483647 61
0 0 0.0 0.0 D
1350 1 9.3969 -3.4202 2
1349 1 9.3969 -3.4202 2
1347 1 9.3969 -3.4202 2
1346 1 9.3969 -3.4202 2
1345 1 9.3969 -3.4202 2
1344 1 9.3969 -3.4202 2
1342 1 9.3969 -3.4202 2
1341 1 9.3969 -3.4202 2
1340 1 9.3969 -3.4202 2
1339 1 9.3969 -3.4202 2
1338 1 9.3969 -3.4202 2
1337 1 9.3969 -3.4202 2
1336 1 9.3969 -3.4202 2
1335 1 9.3969 -3.4202 2
1334 1 9.3969 -3.4202 2
1333 1 9.3969 -3.4202 2
1332 1 9.3969 -3.4202 2
1330 1 9.3969 -3.4202 2
1398 1 28.1908 -10.2606 2
1397 1 28.1908 -10.2606 2
1395 1 28.1908 -10.2606 2
1394 1 28.1908 -10.2606 2
1393 1 28.1908 -10.2606 2
1392 1 28.1908 -10.2606 2
1391 1 28.1908 -10.2606 2
1390 1 28.1908 -10.2606 2
1387 1 28.1908 -10.2606 2
1386 1 28.1908 -10.2606 2
1385 1 28.1908 -10.2606 2
1383 1 28.1908 -10.2606 2
1382 1 28.1908 -10.2606 2
1381 1 28.1908 -10.2606 2
1440 1 37.5877 -13.6808 2
1438 1 37.5877 -13.6808 2
1436 1 37.5877 -13.6808 2
1435 1 37.5877 -13.6808 2
1433 1 37.5877 -13.6808 2
1432 1 37.5877 -13.6808 2
1431 1 37.5877 -13.6808 2
1430 1 37.5877 -13.6808 2
1429 1 37.5877 -13.6808 2
1428 1 37.5877 -13.6808 2
1427 1 37.5877 -13.6808 2
1426 1 37.5877 -13.6808 2
1425 1 37.5877 -13.6808 2
1424 1 37.5877 -13.6808 2
1423 1 37.5877 -13.6808 2
1422 1 37.5877 -13.6808 2
1421 1 37.5877 -13.6808 2
1420 1 37.5877 -13.6808 2
1419 1 37.5877 -13.6808 2
1418 1 37.5877 -13.6808 2
1417 1 37.5877 -13.6808 2
1416 1 37.5877 -13.6808 2
1415 1 37.5877 -13.6808 2
1414 1 37.5877 -13.6808 2
1413 1 37.5877 -13.6808 2
1412 1 37.5877 -13.6808 2
1411 1 37.5877 -13.6808 2
-1 0 0.0 0.0 D
1163 2 95.0 132.46939086914062 100 2147483647 97
0 0 0.0 0.0 D
1321 1 9.3969 -3.4202 2
1323 1 9.3969 -3.4202 2
1325 1 9.3969 -3.4202 2
1326 1 9.3969 -3.4202 2
1327 1 9.3969 -3.4202 2
1328 1 9.3969 -3.4202 2
4 1 10.0 0.0 2
5 1 10.0 0.0 2
7 1 10.0 0.0 2
9 1 10.0 0.0 2
10 1 10.0 0.0 2
1351 1 18.7939 -6.8404 2
1352 1 18.7939 -6.8404 2
1353 1 18.7939 -6.8404 2
1354 1 18.7939 -6.8404 2
1355 1 18.7939 -6.8404 2
1357 1 18.7939 -6.8404 2
1358 1 18.7939 -6.8404 2
1359 1 18.7939 -6.8404 2
1360 1 18.7939 -6.8404 2
1363 1 18.7939 -6.8404 2
1364 1 18.7939 -6.8404 2
1365 1 18.7939 -6.8404 2
1366 1 18.7939 -6.8404 2
1368 1 18.7939 -6.8404 2
1369 1 18.7939 -6.8404 2
1370 1 18.7939 -6.8404 2
1371 1 18.7939 -6.8404 2
1372 1 18.7939 -6.8404 2
1373 1 18.7939 -6.8404 2
1374 1 18.7939 -6.8404 2
1378 1 18.7939 -6.8404 2
11 1 20.0 0.0 2
12 1 20.0 0.0 2
15 1 20.0 0.0 2
16 1 20.0 0.0 2
19 1 20.0 0.0 2
1399 1 28.1908 -10.2606 2
1401 1 28.1908 -10.2606 2
1403 1 28.1908 -10.2606 2
1404 1 28.1908 -10.2606 2
1406 1 28.1908 -10.2606 2
1407 1 28.1908 -10.2606 2
1408 1 28.1908 -10.2606 2
1409 1 28.1908 -10.2606 2
1410 1 28.1908 -10.2606 2
26 1 30.0 0.0 2
33 1 40.0 0.0 2
34 1 40.0 0.0 2
35 1 40.0 0.0 2
211 1 30.6418 25.7115 2
212 1 30.6418 25.7115 2
214 1 30.6418 25.7115 2
215 1 30.6418 25.7115 2
216 1 30.6418 25.7115 2
217 1 30.6418 25.7115 2
218 1 30.6418 25.7115 2
219 1 30.6418 25.7115 2
220 1 30.6418 25.7115 2
221 1 30.6418 25.7115 2
222 1 30.6418 25.7115 2
223 1 30.6418 25.7115 2
224 1 30.6418 25.7115 2
226 1 30.6418 25.7115 2
227 1 30.6418 25.7115 2
228 1 30.6418 25.7115 2
230 1 30.6418 25.7115 2
231 1 30.6418 25.7115 2
232 1 30.6418 25.7115 2
233 1 30.6418 25.7115 2
234 1 30.6418 25.7115 2
236 1 30.6418 25.7115 2
237 1 30.6418 25.7115 2
238 1 30.6418 25.7115 2
181 1 22.9813 19.2836 2
182 1 22.9813 19.2836 2
183 1 22.9813 19.2836 2
184 1 22.9813 19.2836 2
185 1 22.9813 19.2836 2
186 1 22.9813 19.2836 2
187 1 22.9813 19.2836 2
188 1 22.9813 19.2836 2
189 1 22.9813 19.2836 2
191 1 22.9813 19.2836 2
193 1 22.9813 19.2836 2
194 1 22.9813 19.2836 2
197 1 22.9813 19.2836 2
198 1 22.9813 19.2836 2
201 1 22.9813 19.2836 2
202 1 22.9813 19.2836 2
207 1 22.9813 19.2836 2
209 1 22.9813 19.2836 2
151 1 15.3209 12.8558 2
152 1 15.3209 12.8558 2
153 1 15.3209 12.8558 2
-1 0 0.0 0.0 D
1176 4 172.0 240.73580932617188 200 2147483647 174
0 0 0.0 0.0 D
1201 1 5.0 -8.6603 4
1202 1 5.0 -8.6603 4
1203 1 5.0 -8.6603 4
1204 1 5.0 -8.6603 4
1205 1 5.0 -8.6603 4
1206 1 5.0 -8.6603 4
1207 1 5.0 -8.6603 4
1209 1 5.0 -8.6603 4
1210 1 5.0 -8.6603 4
1241 1 7.6604 -6.4279 4
1242 1 7.6604 -6.4279 4
1244 1 7.6604 -6.4279 4
1245 1 7.6604 -6.4279 4
1246 1 7.6604 -6.4279 4
1247 1 7.6604 -6.4279 4
1248 1 7.6604 -6.4279 4
1249 1 7.6604 -6.4279 4
1250 1 7.6604 -6.4279 4
1252 1 7.6604 -6.4279 4
1253 1 7.6604 -6.4279 4
1254 1 7.6604 -6.4279 4
1255 1 7.6604 -6.4279 4
1256 1 7.6604 -6.4279 4
1257 1 7.6604 -6.4279 4
1259 1 7.6604 -6.4279 4
1260 1 7.6604 -6.4279 4
1261 1 15.3209 -12.8557 4
1262 1 15.3209 -12.8557 4
1263 1 15.3209 -12.8557 4
1264 1 15.3209 -12.8557 4
1265 1 15.3209 -12.8557 4
1266 1 15.3209 -12.8557 4
1268 1 15.3209 -12.8557 4
1270 1 15.3209 -12.8557 4
1271 1 15.3209 -12.8557 4
1273 1 15.3209 -12.8557 4
1274 1 15.3209 -12.8557 4
1275 1 15.3209 -12.8557 4
1276 1 15.3209 -12.8557 4
1277 1 15.3209 -12.8557 4
1278 1 15.3209 -12.8557 4
1279 1 15.3209 -12.8557 4
1280 1 15.3209 -12.8557 4
1315 1 30.6418 -25.7115 4
1316 1 30.6418 -25.7115 4
1317 1 30.6418 -25.7115 4
1318 1 30.6418 -25.7115 4
1319 1 30.6418 -25.7115 4
1320 1 30.6418 -25.7115 4
1 1 10.0 0.0 4
2 1 10.0 0.0 4
3 1 10.0 0.0 4
6 1 10.0 0.0 4
8 1 10.0 0.0 4
41 1 9.3969 3.4202 4
43 1 9.3969 3.4202 4
44 1 9.3969 3.4202 4
45 1 9.3969 3.4202 4
46 1 9.3969 3.4202 4
47 1 9.3969 3.4202 4
49 1 9.3969 3.4202 4
51 1 9.3969 3.4202 4
52 1 9.3969 3.4202 4
53 1 9.3969 3.4202 4
55 1 9.3969 3.4202 4
56 1 9.3969 3.4202 4
57 1 9.3969 3.4202 4
58 1 9.3969 3.4202 4
59 1 9.3969 3.4202 4
60 1 9.3969 3.4202 4
61 1 18.7939 6.8404 4
62 1 18.7939 6.8404 4
63 1 18.7939 6.8404 4
65 1 18.7939 6.8404 4
66 1 18.7939 6.8404 4
67 1 18.7939 6.8404 4
68 1 18.7939 6.8404 4
70 1 18.7939 6.8404 4
71 1 18.7939 6.8404 4
73 1 18.7939 6.8404 4
74 1 18.7939 6.8404 4
75 1 18.7939 6.8404 4
76 1 18.7939 6.8404 4
78 1 18.7939 6.8404 4
79 1 18.7939 6.8404 4
80 1 18.7939 6.8404 4
13 1 20.0 0.0 4
14 1 20.0 0.0 4
17 1 20.0 0.0 4
18 1 20.0 0.0 4
20 1 20.0 0.0 4
21 1 30.0 0.0 4
22 1 30.0 0.0 4
23 1 30.0 0.0 4
24 1 30.0 0.0 4
25 1 30.0 0.0 4
27 1 30.0 0.0 4
28 1 30.0 0.0 4
29 1 30.0 0.0 4
30 1 30.0 0.0 4
82 1 28.1908 10.2606 4
83 1 28.1908 10.2606 4
84 1 28.1908 10.2606 4
85 1 28.1908 10.2606 4
86 1 28.1908 10.2606 4
87 1 28.1908 10.2606 4
89 1 28.1908 10.2606 4
90 1 28.1908 10.2606 4
92 1 28.1908 10.2606 4
93 1 28.1908 10.2606 4
94 1 28.1908 10.2606 4
95 1 28.1908 10.2606 4
96 1 28.1908 10.2606 4
97 1 28.1908 10.2606 4
98 1 28.1908 10.2606 4
99 1 28.1908 10.2606 4
100 1 28.1908 10.2606 4
101 1 37.5877 13.6808 4
102 1 37.5877 13.6808 4
103 1 37.5877 13.6808 4
105 1 37.5877 13.6808 4
106 1 37.5877 13.6808 4
107 1 37.5877 13.6808 4
108 1 37.5877 13.6808 4
110 1 37.5877 13.6808 4
112 1 37.5877 13.6808 4
113 1 37.5877 13.6808 4
114 1 37.5877 13.6808 4
115 1 37.5877 13.6808 4
116 1 37.5877 13.6808 4
117 1 37.5877 13.6808 4
118 1 37.5877 13.6808 4
119 1 37.5877 13.6808 4
120 1 37.5877 13.6808 4
31 1 40.0 0.0 4
32 1 40.0 0.0 4
36 1 40.0 0.0 4
37 1 40.0 0.0 4
38 1 40.0 0.0 4
39 1 40.0 0.0 4
40 1 40.0 0.0 4
1441 1 49.2404 8.6824 4
1442 1 49.2404 8.6824 4
1443 1 49.2404 8.6824 4
1444 1 49.2404 8.6824 4
1446 1 49.2404 8.6824 4
1447 1 49.2404 8.6824 4
1448 1 49.2404 8.6824 4
1449 1 49.2404 8.6824 4
1450 1 49.2404 8.6824 4
1451 1 32.1394 38.3022 4
1452 1 32.1394 38.3022 4
1453 1 32.1394 38.3022 4
1454 1 32.1394 38.3022 4
1456 1 32.1394 38.3022 4
1457 1 32.1394 38.3022 4
1458 1 32.1394 38.3022 4
1459 1 32.1394 38.3022 4
1460 1 32.1394 38.3022 4
271 1 20.0 34.641 4
274 1 20.0 34.641 4
277 1 20.0 34.641 4
278 1 20.0 34.641 4
280 1 20.0 34.641 4
261 1 15.0 25.9808 4
262 1 15.0 25.9808 4
263 1 15.0 25.9808 4
264 1 15.0 25.9808 4
265 1 15.0 25.9808 4
266 1 15.0 25.9808 4
267 1 15.0 25.9808 4
269 1 15.0 25.9808 4
-1 0 0.0 0.0 D
