1500
1 4 1 10.0 0.0 1
2 4 1 10.0 0.0 1
3 4 1 10.0 0.0 1
4 2 1 10.0 0.0 1
5 2 1 10.0 0.0 1
6 4 1 10.0 0.0 1
7 2 1 10.0 0.0 1
8 4 1 10.0 0.0 1
9 2 1 10.0 0.0 1
10 2 1 10.0 0.0 1
11 2 1 20.0 0.0 2
12 2 1 20.0 0.0 2
13 4 1 20.0 0.0 2
14 4 1 20.0 0.0 2
15 2 1 20.0 0.0 2
16 2 1 20.0 0.0 2
17 4 1 20.0 0.0 2
18 4 1 20.0 0.0 2
19 2 1 20.0 0.0 2
20 4 1 20.0 0.0 2
21 4 1 30.0 0.0 3
22 4 1 30.0 0.0 3
23 4 1 30.0 0.0 3
24 4 1 30.0 0.0 3
25 4 1 30.0 0.0 3
26 2 1 30.0 0.0 3
27 4 1 30.0 0.0 3
28 4 1 30.0 0.0 3
29 4 1 30.0 0.0 3
30 4 1 30.0 0.0 3
31 4 1 40.0 0.0 4
32 4 1 40.0 0.0 4
33 2 1 40.0 0.0 4
34 2 1 40.0 0.0 4
35 2 1 40.0 0.0 4
36 4 1 40.0 0.0 4
37 4 1 40.0 0.0 4
38 4 1 40.0 0.0 4
39 4 1 40.0 0.0 4
40 4 1 40.0 0.0 4
41 4 1 9.3969 3.4202 5
42 1 1 9.3969 3.4202 5
43 4 1 9.3969 3.4202 5
44 4 1 9.3969 3.4202 5
45 4 1 9.3969 3.4202 5
46 4 1 9.3969 3.4202 5
47 4 1 9.3969 3.4202 5
48 1 1 9.3969 3.4202 5
49 4 1 9.3969 3.4202 5
50 1 1 9.3969 3.4202 5
51 4 1 9.3969 3.4202 5
52 4 1 9.3969 3.4202 5
53 4 1 9.3969 3.4202 5
54 1 1 9.3969 3.4202 5
55 4 1 9.3969 3.4202 5
56 4 1 9.3969 3.4202 5
57 4 1 9.3969 3.4202 5
58 4 1 9.3969 3.4202 5
59 4 1 9.3969 3.4202 5
60 4 1 9.3969 3.4202 5
61 4 1 18.7939 6.8404 6
62 4 1 18.7939 6.8404 6
63 4 1 18.7939 6.8404 6
64 1 1 18.7939 6.8404 6
65 4 1 18.7939 6.8404 6
66 4 1 18.7939 6.8404 6
67 4 1 18.7939 6.8404 6
68 4 1 18.7939 6.8404 6
69 1 1 18.7939 6.8404 6
70 4 1 18.7939 6.8404 6
71 4 1 18.7939 6.8404 6
72 1 1 18.7939 6.8404 6
73 4 1 18.7939 6.8404 6
74 4 1 18.7939 6.8404 6
75 4 1 18.7939 6.8404 6
76 4 1 18.7939 6.8404 6
77 1 1 18.7939 6.8404 6
78 4 1 18.7939 6.8404 6
79 4 1 18.7939 6.8404 6
80 4 1 18.7939 6.8404 6
81 1 1 28.1908 10.2606 7
82 4 1 28.1908 10.2606 7
83 4 1 28.1908 10.2606 7
84 4 1 28.1908 10.2606 7
85 4 1 28.1908 10.2606 7
86 4 1 28.1908 10.2606 7
87 4 1 28.1908 10.2606 7
88 1 1 28.1908 10.2606 7
89 4 1 28.1908 10.2606 7
90 4 1 28.1908 10.2606 7
91 1 1 28.1908 10.2606 7
92 4 1 28.1908 10.2606 7
93 4 1 28.1908 10.2606 7
94 4 1 28.1908 10.2606 7
95 4 1 28.1908 10.2606 7
96 4 1 28.1908 10.2606 7
97 4 1 28.1908 10.2606 7
98 4 1 28.1908 10.2606 7
99 4 1 28.1908 10.2606 7
100 4 1 28.1908 10.2606 7
101 4 1 37.5877 13.6808 8
102 4 1 37.5877 13.6808 8
103 4 1 37.5877 13.6808 8
104 1 1 37.5877 13.6808 8
105 4 1 37.5877 13.6808 8
106 4 1 37.5877 13.6808 8
107 4 1 37.5877 13.6808 8
108 4 1 37.5877 13.6808 8
109 1 1 37.5877 13.6808 8
110 4 1 37.5877 13.6808 8
111 1 1 37.5877 13.6808 8
112 4 1 37.5877 13.6808 8
113 4 1 37.5877 13.6808 8
114 4 1 37.5877 13.6808 8
115 4 1 37.5877 13.6808 8
116 4 1 37.5877 13.6808 8
117 4 1 37.5877 13.6808 8
118 4 1 37.5877 13.6808 8
119 4 1 37.5877 13.6808 8
120 4 1 37.5877 13.6808 8
121 2 1 7.6604 6.4279 9
122 1 1 7.6604 6.4279 9
123 2 1 7.6604 6.4279 9
124 2 1 7.6604 6.4279 9
125 2 1 7.6604 6.4279 9
126 2 1 7.6604 6.4279 9
127 2 1 7.6604 6.4279 9
128 2 1 7.6604 6.4279 9
129 2 1 7.6604 6.4279 9
130 2 1 7.6604 6.4279 9
131 2 1 7.6604 6.4279 9
132 2 1 7.6604 6.4279 9
133 2 1 7.6604 6.4279 9
134 2 1 7.6604 6.4279 9
135 2 1 7.6604 6.4279 9
136 2 1 7.6604 6.4279 9
137 2 1 7.6604 6.4279 9
138 1 1 7.6604 6.4279 9
139 1 1 7.6604 6.4279 9
140 2 1 7.6604 6.4279 9
141 2 1 7.6604 6.4279 9
142 2 1 7.6604 6.4279 9
143 2 1 7.6604 6.4279 9
144 2 1 7.6604 6.4279 9
145 1 1 7.6604 6.4279 9
146 2 1 7.6604 6.4279 9
147 2 1 7.6604 6.4279 9
148 2 1 7.6604 6.4279 9
149 2 1 7.6604 6.4279 9
150 2 1 7.6604 6.4279 9
151 2 1 15.3209 12.8558 10
152 2 1 15.3209 12.8558 10
153 2 1 15.3209 12.8558 10
154 2 1 15.3209 12.8558 10
155 1 1 15.3209 12.8558 10
156 2 1 15.3209 12.8558 10
157 1 1 15.3209 12.8558 10
158 2 1 15.3209 12.8558 10
159 2 1 15.3209 12.8558 10
160 1 1 15.3209 12.8558 10
161 2 1 15.3209 12.8558 10
162 2 1 15.3209 12.8558 10
163 2 1 15.3209 12.8558 10
164 2 1 15.3209 12.8558 10
165 1 1 15.3209 12.8558 10
166 2 1 15.3209 12.8558 10
167 2 1 15.3209 12.8558 10
168 2 1 15.3209 12.8558 10
169 2 1 15.3209 12.8558 10
170 1 1 15.3209 12.8558 10
171 2 1 15.3209 12.8558 10
172 2 1 15.3209 12.8558 10
173 2 1 15.3209 12.8558 10
174 1 1 15.3209 12.8558 10
175 1 1 15.3209 12.8558 10
176 1 1 15.3209 12.8558 10
177 2 1 15.3209 12.8558 10
178 2 1 15.3209 12.8558 10
179 2 1 15.3209 12.8558 10
180 2 1 15.3209 12.8558 10
181 2 1 22.9813 19.2836 11
182 2 1 22.9813 19.2836 11
183 2 1 22.9813 19.2836 11
184 2 1 22.9813 19.2836 11
185 2 1 22.9813 19.2836 11
186 2 1 22.9813 19.2836 11
187 2 1 22.9813 19.2836 11
188 2 1 22.9813 19.2836 11
189 2 1 22.9813 19.2836 11
190 1 1 22.9813 19.2836 11
191 2 1 22.9813 19.2836 11
192 1 1 22.9813 19.2836 11
193 2 1 22.9813 19.2836 11
194 2 1 22.9813 19.2836 11
195 1 1 22.9813 19.2836 11
196 1 1 22.9813 19.2836 11
197 2 1 22.9813 19.2836 11
198 2 1 22.9813 19.2836 11
199 1 1 22.9813 19.2836 11
200 1 1 22.9813 19.2836 11
201 2 1 22.9813 19.2836 11
202 2 1 22.9813 19.2836 11
203 1 1 22.9813 19.2836 11
204 1 1 22.9813 19.2836 11
205 1 1 22.9813 19.2836 11
206 1 1 22.9813 19.2836 11
207 2 1 22.9813 19.2836 11
208 1 1 22.9813 19.2836 11
209 2 1 22.9813 19.2836 11
210 1 1 22.9813 19.2836 11
211 2 1 30.6418 25.7115 12
212 2 1 30.6418 25.7115 12
213 1 1 30.6418 25.7115 12
214 2 1 30.6418 25.7115 12
215 2 1 30.6418 25.7115 12
216 2 1 30.6418 25.7115 12
217 2 1 30.6418 25.7115 12
218 2 1 30.6418 25.7115 12
219 2 1 30.6418 25.7115 12
220 2 1 30.6418 25.7115 12
221 2 1 30.6418 25.7115 12
222 2 1 30.6418 25.7115 12
223 2 1 30.6418 25.7115 12
224 2 1 30.6418 25.7115 12
225 1 1 30.6418 25.7115 12
226 2 1 30.6418 25.7115 12
227 2 1 30.6418 25.7115 12
228 2 1 30.6418 25.7115 12
229 1 1 30.6418 25.7115 12
230 2 1 30.6418 25.7115 12
231 2 1 30.6418 25.7115 12
232 2 1 30.6418 25.7115 12
233 2 1 30.6418 25.7115 12
234 2 1 30.6418 25.7115 12
235 1 1 30.6418 25.7115 12
236 2 1 30.6418 25.7115 12
237 2 1 30.6418 25.7115 12
238 2 1 30.6418 25.7115 12
239 1 1 30.6418 25.7115 12
240 1 1 30.6418 25.7115 12
241 4 1 5.0 8.6603 13
242 4 1 5.0 8.6603 13
243 4 1 5.0 8.6603 13
244 4 1 5.0 8.6603 13
245 4 1 5.0 8.6603 13
246 4 1 5.0 8.6603 13
247 2 1 5.0 8.6603 13
248 4 1 5.0 8.6603 13
249 2 1 5.0 8.6603 13
250 4 1 5.0 8.6603 13
251 4 1 10.0 17.3205 14
252 2 1 10.0 17.3205 14
253 4 1 10.0 17.3205 14
254 4 1 10.0 17.3205 14
255 2 1 10.0 17.3205 14
256 4 1 10.0 17.3205 14
257 4 1 10.0 17.3205 14
258 4 1 10.0 17.3205 14
259 4 1 10.0 17.3205 14
260 2 1 10.0 17.3205 14
261 4 1 15.0 25.9808 15
262 4 1 15.0 25.9808 15
263 4 1 15.0 25.9808 15
264 4 1 15.0 25.9808 15
265 4 1 15.0 25.9808 15
266 4 1 15.0 25.9808 15
267 4 1 15.0 25.9808 15
268 2 1 15.0 25.9808 15
269 4 1 15.0 25.9808 15
270 4 1 15.0 25.9808 15
271 4 1 20.0 34.641 16
272 2 1 20.0 34.641 16
273 2 1 20.0 34.641 16
274 4 1 20.0 34.641 16
275 2 1 20.0 34.641 16
276 2 1 20.0 34.641 16
277 4 1 20.0 34.641 16
278 4 1 20.0 34.641 16
279 2 1 20.0 34.641 16
280 4 1 20.0 34.641 16
281 4 1 1.7365 9.8481 17
282 4 1 1.7365 9.8481 17
283 4 1 1.7365 9.8481 17
284 4 1 1.7365 9.8481 17
285 4 1 1.7365 9.8481 17
286 4 1 1.7365 9.8481 17
287 4 1 1.7365 9.8481 17
288 4 1 1.7365 9.8481 17
289 4 1 1.7365 9.8481 17
290 4 1 1.7365 9.8481 17
291 4 1 1.7365 9.8481 17
292 4 1 1.7365 9.8481 17
293 4 1 1.7365 9.8481 17
294 1 1 1.7365 9.8481 17
295 4 1 1.7365 9.8481 17
296 4 1 1.7365 9.8481 17
297 1 1 1.7365 9.8481 17
298 4 1 1.7365 9.8481 17
299 4 1 1.7365 9.8481 17
300 4 1 1.7365 9.8481 17
301 4 1 3.473 19.6962 18
302 4 1 3.473 19.6962 18
303 1 1 3.473 19.6962 18
304 1 1 3.473 19.6962 18
305 4 1 3.473 19.6962 18
306 4 1 3.473 19.6962 18
307 4 1 3.473 19.6962 18
308 4 1 3.473 19.6962 18
309 1 1 3.473 19.6962 18
310 1 1 3.473 19.6962 18
311 4 1 3.473 19.6962 18
312 4 1 3.473 19.6962 18
313 4 1 3.473 19.6962 18
314 4 1 3.473 19.6962 18
315 1 1 3.473 19.6962 18
316 4 1 3.473 19.6962 18
317 1 1 3.473 19.6962 18
318 4 1 3.473 19.6962 18
319 4 1 3.473 19.6962 18
320 4 1 3.473 19.6962 18
321 4 1 5.2094 29.5442 19
322 4 1 5.2094 29.5442 19
323 4 1 5.2094 29.5442 19
324 4 1 5.2094 29.5442 19
325 1 1 5.2094 29.5442 19
326 4 1 5.2094 29.5442 19
327 1 1 5.2094 29.5442 19
328 4 1 5.2094 29.5442 19
329 4 1 5.2094 29.5442 19
330 4 1 5.2094 29.5442 19
331 1 1 5.2094 29.5442 19
332 4 1 5.2094 29.5442 19
333 4 1 5.2094 29.5442 19
334 4 1 5.2094 29.5442 19
335 4 1 5.2094 29.5442 19
336 4 1 5.2094 29.5442 19
337 4 1 5.2094 29.5442 19
338 4 1 5.2094 29.5442 19
339 4 1 5.2094 29.5442 19
340 4 1 5.2094 29.5442 19
341 4 1 6.9459 39.3923 20
342 4 1 6.9459 39.3923 20
343 4 1 6.9459 39.3923 20
344 4 1 6.9459 39.3923 20
345 4 1 6.9459 39.3923 20
346 1 1 6.9459 39.3923 20
347 4 1 6.9459 39.3923 20
348 4 1 6.9459 39.3923 20
349 4 1 6.9459 39.3923 20
350 4 1 6.9459 39.3923 20
351 4 1 6.9459 39.3923 20
352 4 1 6.9459 39.3923 20
353 4 1 6.9459 39.3923 20
354 4 1 6.9459 39.3923 20
355 4 1 6.9459 39.3923 20
356 1 1 6.9459 39.3923 20
357 4 1 6.9459 39.3923 20
358 1 1 6.9459 39.3923 20
359 4 1 6.9459 39.3923 20
360 1 1 6.9459 39.3923 20
361 1 1 -1.7365 9.8481 21
362 1 1 -1.7365 9.8481 21
363 1 1 -1.7365 9.8481 21
364 2 1 -1.7365 9.8481 21
365 2 1 -1.7365 9.8481 21
366 2 1 -1.7365 9.8481 21
367 2 1 -1.7365 9.8481 21
368 2 1 -1.7365 9.8481 21
369 2 1 -1.7365 9.8481 21
370 2 1 -1.7365 9.8481 21
371 2 1 -1.7365 9.8481 21
372 2 1 -1.7365 9.8481 21
373 2 1 -1.7365 9.8481 21
374 2 1 -1.7365 9.8481 21
375 2 1 -1.7365 9.8481 21
376 2 1 -1.7365 9.8481 21
377 2 1 -1.7365 9.8481 21
378 1 1 -1.7365 9.8481 21
379 2 1 -1.7365 9.8481 21
380 2 1 -1.7365 9.8481 21
381 1 1 -1.7365 9.8481 21
382 2 1 -1.7365 9.8481 21
383 2 1 -1.7365 9.8481 21
384 2 1 -1.7365 9.8481 21
385 2 1 -1.7365 9.8481 21
386 2 1 -1.7365 9.8481 21
387 2 1 -1.7365 9.8481 21
388 2 1 -1.7365 9.8481 21
389 2 1 -1.7365 9.8481 21
390 1 1 -1.7365 9.8481 21
391 1 1 -3.473 19.6962 22
392 2 1 -3.473 19.6962 22
393 2 1 -3.473 19.6962 22
394 2 1 -3.473 19.6962 22
395 1 1 -3.473 19.6962 22
396 2 1 -3.473 19.6962 22
397 2 1 -3.473 19.6962 22
398 2 1 -3.473 19.6962 22
399 2 1 -3.473 19.6962 22
400 2 1 -3.473 19.6962 22
401 2 1 -3.473 19.6962 22
402 2 1 -3.473 19.6962 22
403 2 1 -3.473 19.6962 22
404 1 1 -3.473 19.6962 22
405 2 1 -3.473 19.6962 22
406 2 1 -3.473 19.6962 22
407 1 1 -3.473 19.6962 22
408 2 1 -3.473 19.6962 22
409 1 1 -3.473 19.6962 22
410 2 1 -3.473 19.6962 22
411 2 1 -3.473 19.6962 22
412 2 1 -3.473 19.6962 22
413 2 1 -3.473 19.6962 22
414 1 1 -3.473 19.6962 22
415 2 1 -3.473 19.6962 22
416 2 1 -3.473 19.6962 22
417 2 1 -3.473 19.6962 22
418 2 1 -3.473 19.6962 22
419 1 1 -3.473 19.6962 22
420 2 1 -3.473 19.6962 22
421 1 1 -5.2094 29.5442 23
422 2 1 -5.2094 29.5442 23
423 2 1 -5.2094 29.5442 23
424 1 1 -5.2094 29.5442 23
425 2 1 -5.2094 29.5442 23
426 2 1 -5.2094 29.5442 23
427 2 1 -5.2094 29.5442 23
428 2 1 -5.2094 29.5442 23
429 2 1 -5.2094 29.5442 23
430 2 1 -5.2094 29.5442 23
431 2 1 -5.2094 29.5442 23
432 1 1 -5.2094 29.5442 23
433 2 1 -5.2094 29.5442 23
434 2 1 -5.2094 29.5442 23
435 2 1 -5.2094 29.5442 23
436 1 1 -5.2094 29.5442 23
437 2 1 -5.2094 29.5442 23
438 2 1 -5.2094 29.5442 23
439 2 1 -5.2094 29.5442 23
440 2 1 -5.2094 29.5442 23
441 1 1 -5.2094 29.5442 23
442 2 1 -5.2094 29.5442 23
443 2 1 -5.2094 29.5442 23
444 2 1 -5.2094 29.5442 23
445 2 1 -5.2094 29.5442 23
446 2 1 -5.2094 29.5442 23
447 1 1 -5.2094 29.5442 23
448 2 1 -5.2094 29.5442 23
449 2 1 -5.2094 29.5442 23
450 2 1 -5.2094 29.5442 23
451 2 1 -6.9459 39.3923 24
452 2 1 -6.9459 39.3923 24
453 2 1 -6.9459 39.3923 24
454 2 1 -6.9459 39.3923 24
455 2 1 -6.9459 39.3923 24
456 1 1 -6.9459 39.3923 24
457 2 1 -6.9459 39.3923 24
458 2 1 -6.9459 39.3923 24
459 2 1 -6.9459 39.3923 24
460 1 1 -6.9459 39.3923 24
461 2 1 -6.9459 39.3923 24
462 2 1 -6.9459 39.3923 24
463 2 1 -6.9459 39.3923 24
464 2 1 -6.9459 39.3923 24
465 2 1 -6.9459 39.3923 24
466 2 1 -6.9459 39.3923 24
467 2 1 -6.9459 39.3923 24
468 2 1 -6.9459 39.3923 24
469 1 1 -6.9459 39.3923 24
470 2 1 -6.9459 39.3923 24
471 2 1 -6.9459 39.3923 24
472 2 1 -6.9459 39.3923 24
473 2 1 -6.9459 39.3923 24
474 2 1 -6.9459 39.3923 24
475 2 1 -6.9459 39.3923 24
476 2 1 -6.9459 39.3923 24
477 1 1 -6.9459 39.3923 24
478 2 1 -6.9459 39.3923 24
479 1 1 -6.9459 39.3923 24
480 2 1 -6.9459 39.3923 24
481 2 1 -5.0 8.6603 25
482 4 1 -5.0 8.6603 25
483 4 1 -5.0 8.6603 25
484 4 1 -5.0 8.6603 25
485 4 1 -5.0 8.6603 25
486 4 1 -5.0 8.6603 25
487 4 1 -5.0 8.6603 25
488 4 1 -5.0 8.6603 25
489 4 1 -5.0 8.6603 25
490 2 1 -5.0 8.6603 25
491 4 1 -10.0 17.3205 26
492 4 1 -10.0 17.3205 26
493 4 1 -10.0 17.3205 26
494 4 1 -10.0 17.3205 26
495 4 1 -10.0 17.3205 26
496 2 1 -10.0 17.3205 26
497 4 1 -10.0 17.3205 26
498 4 1 -10.0 17.3205 26
499 4 1 -10.0 17.3205 26
500 2 1 -10.0 17.3205 26
501 2 1 -15.0 25.9808 27
502 4 1 -15.0 25.9808 27
503 4 1 -15.0 25.9808 27
504 4 1 -15.0 25.9808 27
505 4 1 -15.0 25.9808 27
506 4 1 -15.0 25.9808 27
507 4 1 -15.0 25.9808 27
508 4 1 -15.0 25.9808 27
509 2 1 -15.0 25.9808 27
510 4 1 -15.0 25.9808 27
511 4 1 -20.0 34.641 28
512 4 1 -20.0 34.641 28
513 4 1 -20.0 34.641 28
514 4 1 -20.0 34.641 28
515 4 1 -20.0 34.641 28
516 4 1 -20.0 34.641 28
517 4 1 -20.0 34.641 28
518 2 1 -20.0 34.641 28
519 2 1 -20.0 34.641 28
520 2 1 -20.0 34.641 28
521 4 1 -7.6604 6.4279 29
522 4 1 -7.6604 6.4279 29
523 4 1 -7.6604 6.4279 29
524 4 1 -7.6604 6.4279 29
525 4 1 -7.6604 6.4279 29
526 4 1 -7.6604 6.4279 29
527 4 1 -7.6604 6.4279 29
528 1 1 -7.6604 6.4279 29
529 4 1 -7.6604 6.4279 29
530 4 1 -7.6604 6.4279 29
531 4 1 -7.6604 6.4279 29
532 4 1 -7.6604 6.4279 29
533 4 1 -7.6604 6.4279 29
534 4 1 -7.6604 6.4279 29
535 1 1 -7.6604 6.4279 29
536 1 1 -7.6604 6.4279 29
537 4 1 -7.6604 6.4279 29
538 4 1 -7.6604 6.4279 29
539 4 1 -7.6604 6.4279 29
540 4 1 -7.6604 6.4279 29
541 4 1 -15.3209 12.8558 30
542 4 1 -15.3209 12.8558 30
543 4 1 -15.3209 12.8558 30
544 1 1 -15.3209 12.8558 30
545 4 1 -15.3209 12.8558 30
546 4 1 -15.3209 12.8558 30
547 4 1 -15.3209 12.8558 30
548 1 1 -15.3209 12.8558 30
549 4 1 -15.3209 12.8558 30
550 4 1 -15.3209 12.8558 30
551 1 1 -15.3209 12.8558 30
552 4 1 -15.3209 12.8558 30
553 4 1 -15.3209 12.8558 30
554 4 1 -15.3209 12.8558 30
555 4 1 -15.3209 12.8558 30
556 4 1 -15.3209 12.8558 30
557 4 1 -15.3209 12.8558 30
558 4 1 -15.3209 12.8558 30
559 4 1 -15.3209 12.8558 30
560 4 1 -15.3209 12.8558 30
561 1 1 -22.9813 19.2836 31
562 4 1 -22.9813 19.2836 31
563 4 1 -22.9813 19.2836 31
564 1 1 -22.9813 19.2836 31
565 4 1 -22.9813 19.2836 31
566 4 1 -22.9813 19.2836 31
567 4 1 -22.9813 19.2836 31
568 4 1 -22.9813 19.2836 31
569 4 1 -22.9813 19.2836 31
570 1 1 -22.9813 19.2836 31
571 1 1 -22.9813 19.2836 31
572 1 1 -22.9813 19.2836 31
573 4 1 -22.9813 19.2836 31
574 4 1 -22.9813 19.2836 31
575 4 1 -22.9813 19.2836 31
576 4 1 -22.9813 19.2836 31
577 4 1 -22.9813 19.2836 31
578 1 1 -22.9813 19.2836 31
579 4 1 -22.9813 19.2836 31
580 4 1 -22.9813 19.2836 31
581 4 1 -30.6418 25.7115 32
582 4 1 -30.6418 25.7115 32
583 4 1 -30.6418 25.7115 32
584 4 1 -30.6418 25.7115 32
585 4 1 -30.6418 25.7115 32
586 4 1 -30.6418 25.7115 32
587 4 1 -30.6418 25.7115 32
588 4 1 -30.6418 25.7115 32
589 4 1 -30.6418 25.7115 32
590 4 1 -30.6418 25.7115 32
591 4 1 -30.6418 25.7115 32
592 4 1 -30.6418 25.7115 32
593 1 1 -30.6418 25.7115 32
594 4 1 -30.6418 25.7115 32
595 4 1 -30.6418 25.7115 32
596 4 1 -30.6418 25.7115 32
597 4 1 -30.6418 25.7115 32
598 4 1 -30.6418 25.7115 32
599 1 1 -30.6418 25.7115 32
600 1 1 -30.6418 25.7115 32
601 2 1 -9.3969 3.4202 33
602 2 1 -9.3969 3.4202 33
603 2 1 -9.3969 3.4202 33
604 2 1 -9.3969 3.4202 33
605 2 1 -9.3969 3.4202 33
606 1 1 -9.3969 3.4202 33
607 2 1 -9.3969 3.4202 33
608 2 1 -9.3969 3.4202 33
609 2 1 -9.3969 3.4202 33
610 1 1 -9.3969 3.4202 33
611 2 1 -9.3969 3.4202 33
612 1 1 -9.3969 3.4202 33
613 2 1 -9.3969 3.4202 33
614 1 1 -9.3969 3.4202 33
615 2 1 -9.3969 3.4202 33
616 2 1 -9.3969 3.4202 33
617 1 1 -9.3969 3.4202 33
618 2 1 -9.3969 3.4202 33
619 2 1 -9.3969 3.4202 33
620 2 1 -9.3969 3.4202 33
621 2 1 -9.3969 3.4202 33
622 2 1 -9.3969 3.4202 33
623 2 1 -9.3969 3.4202 33
624 2 1 -9.3969 3.4202 33
625 2 1 -9.3969 3.4202 33
626 2 1 -9.3969 3.4202 33
627 2 1 -9.3969 3.4202 33
628 2 1 -9.3969 3.4202 33
629 2 1 -9.3969 3.4202 33
630 2 1 -9.3969 3.4202 33
631 2 1 -18.7939 6.8404 34
632 1 1 -18.7939 6.8404 34
633 2 1 -18.7939 6.8404 34
634 2 1 -18.7939 6.8404 34
635 2 1 -18.7939 6.8404 34
636 2 1 -18.7939 6.8404 34
637 2 1 -18.7939 6.8404 34
638 2 1 -18.7939 6.8404 34
639 2 1 -18.7939 6.8404 34
640 2 1 -18.7939 6.8404 34
641 1 1 -18.7939 6.8404 34
642 2 1 -18.7939 6.8404 34
643 1 1 -18.7939 6.8404 34
644 2 1 -18.7939 6.8404 34
645 1 1 -18.7939 6.8404 34
646 2 1 -18.7939 6.8404 34
647 1 1 -18.7939 6.8404 34
648 2 1 -18.7939 6.8404 34
649 2 1 -18.7939 6.8404 34
650 2 1 -18.7939 6.8404 34
651 2 1 -18.7939 6.8404 34
652 2 1 -18.7939 6.8404 34
653 2 1 -18.7939 6.8404 34
654 2 1 -18.7939 6.8404 34
655 2 1 -18.7939 6.8404 34
656 1 1 -18.7939 6.8404 34
657 2 1 -18.7939 6.8404 34
658 2 1 -18.7939 6.8404 34
659 2 1 -18.7939 6.8404 34
660 1 1 -18.7939 6.8404 34
661 2 1 -28.1908 10.2606 35
662 2 1 -28.1908 10.2606 35
663 2 1 -28.1908 10.2606 35
664 2 1 -28.1908 10.2606 35
665 2 1 -28.1908 10.2606 35
666 2 1 -28.1908 10.2606 35
667 2 1 -28.1908 10.2606 35
668 1 1 -28.1908 10.2606 35
669 2 1 -28.1908 10.2606 35
670 2 1 -28.1908 10.2606 35
671 2 1 -28.1908 10.2606 35
672 1 1 -28.1908 10.2606 35
673 2 1 -28.1908 10.2606 35
674 2 1 -28.1908 10.2606 35
675 2 1 -28.1908 10.2606 35
676 1 1 -28.1908 10.2606 35
677 2 1 -28.1908 10.2606 35
678 1 1 -28.1908 10.2606 35
679 2 1 -28.1908 10.2606 35
680 2 1 -28.1908 10.2606 35
681 1 1 -28.1908 10.2606 35
682 2 1 -28.1908 10.2606 35
683 2 1 -28.1908 10.2606 35
684 2 1 -28.1908 10.2606 35
685 2 1 -28.1908 10.2606 35
686 1 1 -28.1908 10.2606 35
687 2 1 -28.1908 10.2606 35
688 1 1 -28.1908 10.2606 35
689 2 1 -28.1908 10.2606 35
690 2 1 -28.1908 10.2606 35
691 2 1 -37.5877 13.6808 36
692 2 1 -37.5877 13.6808 36
693 2 1 -37.5877 13.6808 36
694 2 1 -37.5877 13.6808 36
695 2 1 -37.5877 13.6808 36
696 2 1 -37.5877 13.6808 36
697 2 1 -37.5877 13.6808 36
698 1 1 -37.5877 13.6808 36
699 1 1 -37.5877 13.6808 36
700 2 1 -37.5877 13.6808 36
701 2 1 -37.5877 13.6808 36
702 2 1 -37.5877 13.6808 36
703 2 1 -37.5877 13.6808 36
704 2 1 -37.5877 13.6808 36
705 2 1 -37.5877 13.6808 36
706 2 1 -37.5877 13.6808 36
707 2 1 -37.5877 13.6808 36
708 2 1 -37.5877 13.6808 36
709 2 1 -37.5877 13.6808 36
710 1 1 -37.5877 13.6808 36
711 2 1 -37.5877 13.6808 36
712 2 1 -37.5877 13.6808 36
713 1 1 -37.5877 13.6808 36
714 1 1 -37.5877 13.6808 36
715 2 1 -37.5877 13.6808 36
716 2 1 -37.5877 13.6808 36
717 2 1 -37.5877 13.6808 36
718 2 1 -37.5877 13.6808 36
719 1 1 -37.5877 13.6808 36
720 1 1 -37.5877 13.6808 36
721 4 1 -10.0 0.0 37
722 4 1 -10.0 0.0 37
723 4 1 -10.0 0.0 37
724 4 1 -10.0 0.0 37
725 2 1 -10.0 0.0 37
726 4 1 -10.0 0.0 37
727 4 1 -10.0 0.0 37
728 4 1 -10.0 0.0 37
729 2 1 -10.0 0.0 37
730 2 1 -10.0 0.0 37
731 4 1 -20.0 0.0 38
732 4 1 -20.0 0.0 38
733 4 1 -20.0 0.0 38
734 4 1 -20.0 0.0 38
735 4 1 -20.0 0.0 38
736 4 1 -20.0 0.0 38
737 4 1 -20.0 0.0 38
738 4 1 -20.0 0.0 38
739 4 1 -20.0 0.0 38
740 4 1 -20.0 0.0 38
741 4 1 -30.0 0.0 39
742 4 1 -30.0 0.0 39
743 4 1 -30.0 0.0 39
744 4 1 -30.0 0.0 39
745 4 1 -30.0 0.0 39
746 4 1 -30.0 0.0 39
747 2 1 -30.0 0.0 39
748 4 1 -30.0 0.0 39
749 2 1 -30.0 0.0 39
750 4 1 -30.0 0.0 39
751 2 1 -40.0 0.0 40
752 4 1 -40.0 0.0 40
753 2 1 -40.0 0.0 40
754 4 1 -40.0 0.0 40
755 4 1 -40.0 0.0 40
756 4 1 -40.0 0.0 40
757 2 1 -40.0 0.0 40
758 4 1 -40.0 0.0 40
759 4 1 -40.0 0.0 40
760 4 1 -40.0 0.0 40
761 4 1 -9.3969 -3.4202 41
762 4 1 -9.3969 -3.4202 41
763 4 1 -9.3969 -3.4202 41
764 4 1 -9.3969 -3.4202 41
765 4 1 -9.3969 -3.4202 41
766 4 1 -9.3969 -3.4202 41
767 4 1 -9.3969 -3.4202 41
768 4 1 -9.3969 -3.4202 41
769 4 1 -9.3969 -3.4202 41
770 1 1 -9.3969 -3.4202 41
771 4 1 -9.3969 -3.4202 41
772 4 1 -9.3969 -3.4202 41
773 4 1 -9.3969 -3.4202 41
774 4 1 -9.3969 -3.4202 41
775 4 1 -9.3969 -3.4202 41
776 4 1 -9.3969 -3.4202 41
777 4 1 -9.3969 -3.4202 41
778 4 1 -9.3969 -3.4202 41
779 4 1 -9.3969 -3.4202 41
780 4 1 -9.3969 -3.4202 41
781 4 1 -18.7939 -6.8404 42
782 4 1 -18.7939 -6.8404 42
783 4 1 -18.7939 -6.8404 42
784 4 1 -18.7939 -6.8404 42
785 1 1 -18.7939 -6.8404 42
786 1 1 -18.7939 -6.8404 42
787 1 1 -18.7939 -6.8404 42
788 4 1 -18.7939 -6.8404 42
789 4 1 -18.7939 -6.8404 42
790 4 1 -18.7939 -6.8404 42
791 4 1 -18.7939 -6.8404 42
792 1 1 -18.7939 -6.8404 42
793 4 1 -18.7939 -6.8404 42
794 4 1 -18.7939 -6.8404 42
795 4 1 -18.7939 -6.8404 42
796 4 1 -18.7939 -6.8404 42
797 1 1 -18.7939 -6.8404 42
798 4 1 -18.7939 -6.8404 42
799 4 1 -18.7939 -6.8404 42
800 4 1 -18.7939 -6.8404 42
801 4 1 -28.1908 -10.2606 43
802 4 1 -28.1908 -10.2606 43
803 4 1 -28.1908 -10.2606 43
804 4 1 -28.1908 -10.2606 43
805 4 1 -28.1908 -10.2606 43
806 4 1 -28.1908 -10.2606 43
807 1 1 -28.1908 -10.2606 43
808 4 1 -28.1908 -10.2606 43
809 4 1 -28.1908 -10.2606 43
810 4 1 -28.1908 -10.2606 43
811 4 1 -28.1908 -10.2606 43
812 4 1 -28.1908 -10.2606 43
813 4 1 -28.1908 -10.2606 43
814 1 1 -28.1908 -10.2606 43
815 1 1 -28.1908 -10.2606 43
816 1 1 -28.1908 -10.2606 43
817 4 1 -28.1908 -10.2606 43
818 4 1 -28.1908 -10.2606 43
819 4 1 -28.1908 -10.2606 43
820 4 1 -28.1908 -10.2606 43
821 1 1 -37.5877 -13.6808 44
822 4 1 -37.5877 -13.6808 44
823 4 1 -37.5877 -13.6808 44
824 4 1 -37.5877 -13.6808 44
825 4 1 -37.5877 -13.6808 44
826 4 1 -37.5877 -13.6808 44
827 4 1 -37.5877 -13.6808 44
828 4 1 -37.5877 -13.6808 44
829 1 1 -37.5877 -13.6808 44
830 1 1 -37.5877 -13.6808 44
831 4 1 -37.5877 -13.6808 44
832 4 1 -37.5877 -13.6808 44
833 4 1 -37.5877 -13.6808 44
834 4 1 -37.5877 -13.6808 44
835 1 1 -37.5877 -13.6808 44
836 4 1 -37.5877 -13.6808 44
837 4 1 -37.5877 -13.6808 44
838 4 1 -37.5877 -13.6808 44
839 4 1 -37.5877 -13.6808 44
840 1 1 -37.5877 -13.6808 44
841 2 1 -7.6604 -6.4279 45
842 2 1 -7.6604 -6.4279 45
843 2 1 -7.6604 -6.4279 45
844 2 1 -7.6604 -6.4279 45
845 2 1 -7.6604 -6.4279 45
846 2 1 -7.6604 -6.4279 45
847 2 1 -7.6604 -6.4279 45
848 2 1 -7.6604 -6.4279 45
849 2 1 -7.6604 -6.4279 45
850 2 1 -7.6604 -6.4279 45
851 2 1 -7.6604 -6.4279 45
852 1 1 -7.6604 -6.4279 45
853 2 1 -7.6604 -6.4279 45
854 2 1 -7.6604 -6.4279 45
855 2 1 -7.6604 -6.4279 45
856 2 1 -7.6604 -6.4279 45
857 2 1 -7.6604 -6.4279 45
858 2 1 -7.6604 -6.4279 45
859 2 1 -7.6604 -6.4279 45
860 2 1 -7.6604 -6.4279 45
861 2 1 -7.6604 -6.4279 45
862 2 1 -7.6604 -6.4279 45
863 1 1 -7.6604 -6.4279 45
864 2 1 -7.6604 -6.4279 45
865 1 1 -7.6604 -6.4279 45
866 2 1 -7.6604 -6.4279 45
867 1 1 -7.6604 -6.4279 45
868 2 1 -7.6604 -6.4279 45
869 2 1 -7.6604 -6.4279 45
870 1 1 -7.6604 -6.4279 45
871 2 1 -15.3209 -12.8558 46
872 1 1 -15.3209 -12.8558 46
873 2 1 -15.3209 -12.8558 46
874 2 1 -15.3209 -12.8558 46
875 2 1 -15.3209 -12.8558 46
876 2 1 -15.3209 -12.8558 46
877 2 1 -15.3209 -12.8558 46
878 2 1 -15.3209 -12.8558 46
879 2 1 -15.3209 -12.8558 46
880 2 1 -15.3209 -12.8558 46
881 2 1 -15.3209 -12.8558 46
882 2 1 -15.3209 -12.8558 46
883 2 1 -15.3209 -12.8558 46
884 2 1 -15.3209 -12.8558 46
885 2 1 -15.3209 -12.8558 46
886 2 1 -15.3209 -12.8558 46
887 2 1 -15.3209 -12.8558 46
888 2 1 -15.3209 -12.8558 46
889 1 1 -15.3209 -12.8558 46
890 2 1 -15.3209 -12.8558 46
891 1 1 -15.3209 -12.8558 46
892 2 1 -15.3209 -12.8558 46
893 2 1 -15.3209 -12.8558 46
894 2 1 -15.3209 -12.8558 46
895 2 1 -15.3209 -12.8558 46
896 2 1 -15.3209 -12.8558 46
897 2 1 -15.3209 -12.8558 46
898 2 1 -15.3209 -12.8558 46
899 2 1 -15.3209 -12.8558 46
900 2 1 -15.3209 -12.8558 46
901 2 1 -22.9813 -19.2836 47
902 2 1 -22.9813 -19.2836 47
903 2 1 -22.9813 -19.2836 47
904 2 1 -22.9813 -19.2836 47
905 2 1 -22.9813 -19.2836 47
906 2 1 -22.9813 -19.2836 47
907 2 1 -22.9813 -19.2836 47
908 2 1 -22.9813 -19.2836 47
909 2 1 -22.9813 -19.2836 47
910 2 1 -22.9813 -19.2836 47
911 2 1 -22.9813 -19.2836 47
912 2 1 -22.9813 -19.2836 47
913 2 1 -22.9813 -19.2836 47
914 1 1 -22.9813 -19.2836 47
915 2 1 -22.9813 -19.2836 47
916 2 1 -22.9813 -19.2836 47
917 2 1 -22.9813 -19.2836 47
918 1 1 -22.9813 -19.2836 47
919 2 1 -22.9813 -19.2836 47
920 1 1 -22.9813 -19.2836 47
921 2 1 -22.9813 -19.2836 47
922 2 1 -22.9813 -19.2836 47
923 2 1 -22.9813 -19.2836 47
924 2 1 -22.9813 -19.2836 47
925 2 1 -22.9813 -19.2836 47
926 2 1 -22.9813 -19.2836 47
927 1 1 -22.9813 -19.2836 47
928 2 1 -22.9813 -19.2836 47
929 2 1 -22.9813 -19.2836 47
930 1 1 -22.9813 -19.2836 47
931 2 1 -30.6418 -25.7115 48
932 2 1 -30.6418 -25.7115 48
933 2 1 -30.6418 -25.7115 48
934 2 1 -30.6418 -25.7115 48
935 2 1 -30.6418 -25.7115 48
936 2 1 -30.6418 -25.7115 48
937 2 1 -30.6418 -25.7115 48
938 2 1 -30.6418 -25.7115 48
939 2 1 -30.6418 -25.7115 48
940 2 1 -30.6418 -25.7115 48
941 2 1 -30.6418 -25.7115 48
942 2 1 -30.6418 -25.7115 48
943 2 1 -30.6418 -25.7115 48
944 2 1 -30.6418 -25.7115 48
945 1 1 -30.6418 -25.7115 48
946 2 1 -30.6418 -25.7115 48
947 2 1 -30.6418 -25.7115 48
948 2 1 -30.6418 -25.7115 48
949 1 1 -30.6418 -25.7115 48
950 2 1 -30.6418 -25.7115 48
951 2 1 -30.6418 -25.7115 48
952 1 1 -30.6418 -25.7115 48
953 2 1 -30.6418 -25.7115 48
954 1 1 -30.6418 -25.7115 48
955 2 1 -30.6418 -25.7115 48
956 2 1 -30.6418 -25.7115 48
957 2 1 -30.6418 -25.7115 48
958 1 1 -30.6418 -25.7115 48
959 1 1 -30.6418 -25.7115 48
960 2 1 -30.6418 -25.7115 48
961 4 1 -5.0 -8.6603 49
962 2 1 -5.0 -8.6603 49
963 4 1 -5.0 -8.6603 49
964 4 1 -5.0 -8.6603 49
965 2 1 -5.0 -8.6603 49
966 4 1 -5.0 -8.6603 49
967 4 1 -5.0 -8.6603 49
968 4 1 -5.0 -8.6603 49
969 4 1 -5.0 -8.6603 49
970 4 1 -5.0 -8.6603 49
971 4 1 -10.0 -17.3205 50
972 4 1 -10.0 -17.3205 50
973 4 1 -10.0 -17.3205 50
974 2 1 -10.0 -17.3205 50
975 2 1 -10.0 -17.3205 50
976 2 1 -10.0 -17.3205 50
977 4 1 -10.0 -17.3205 50
978 4 1 -10.0 -17.3205 50
979 4 1 -10.0 -17.3205 50
980 4 1 -10.0 -17.3205 50
981 2 1 -15.0 -25.9808 51
982 4 1 -15.0 -25.9808 51
983 4 1 -15.0 -25.9808 51
984 4 1 -15.0 -25.9808 51
985 4 1 -15.0 -25.9808 51
986 4 1 -15.0 -25.9808 51
987 4 1 -15.0 -25.9808 51
988 4 1 -15.0 -25.9808 51
989 4 1 -15.0 -25.9808 51
990 4 1 -15.0 -25.9808 51
991 2 1 -20.0 -34.641 52
992 2 1 -20.0 -34.641 52
993 2 1 -20.0 -34.641 52
994 4 1 -20.0 -34.641 52
995 2 1 -20.0 -34.641 52
996 4 1 -20.0 -34.641 52
997 4 1 -20.0 -34.641 52
998 4 1 -20.0 -34.641 52
999 4 1 -20.0 -34.641 52
1000 4 1 -20.0 -34.641 52
1001 4 1 -1.7365 -9.8481 53
1002 1 1 -1.7365 -9.8481 53
1003 4 1 -1.7365 -9.8481 53
1004 4 1 -1.7365 -9.8481 53
1005 4 1 -1.7365 -9.8481 53
1006 4 1 -1.7365 -9.8481 53
1007 1 1 -1.7365 -9.8481 53
1008 4 1 -1.7365 -9.8481 53
1009 4 1 -1.7365 -9.8481 53
1010 4 1 -1.7365 -9.8481 53
1011 4 1 -1.7365 -9.8481 53
1012 1 1 -1.7365 -9.8481 53
1013 4 1 -1.7365 -9.8481 53
1014 1 1 -1.7365 -9.8481 53
1015 4 1 -1.7365 -9.8481 53
1016 4 1 -1.7365 -9.8481 53
1017 4 1 -1.7365 -9.8481 53
1018 4 1 -1.7365 -9.8481 53
1019 4 1 -1.7365 -9.8481 53
1020 4 1 -1.7365 -9.8481 53
1021 4 1 -3.473 -19.6962 54
1022 4 1 -3.473 -19.6962 54
1023 4 1 -3.473 -19.6962 54
1024 4 1 -3.473 -19.6962 54
1025 1 1 -3.473 -19.6962 54
1026 4 1 -3.473 -19.6962 54
1027 4 1 -3.473 -19.6962 54
1028 4 1 -3.473 -19.6962 54
1029 4 1 -3.473 -19.6962 54
1030 4 1 -3.473 -19.6962 54
1031 4 1 -3.473 -19.6962 54
1032 4 1 -3.473 -19.6962 54
1033 4 1 -3.473 -19.6962 54
1034 4 1 -3.473 -19.6962 54
1035 4 1 -3.473 -19.6962 54
1036 4 1 -3.473 -19.6962 54
1037 4 1 -3.473 -19.6962 54
1038 1 1 -3.473 -19.6962 54
1039 4 1 -3.473 -19.6962 54
1040 4 1 -3.473 -19.6962 54
1041 4 1 -5.2094 -29.5442 55
1042 4 1 -5.2094 -29.5442 55
1043 4 1 -5.2094 -29.5442 55
1044 4 1 -5.2094 -29.5442 55
1045 4 1 -5.2094 -29.5442 55
1046 1 1 -5.2094 -29.5442 55
1047 4 1 -5.2094 -29.5442 55
1048 4 1 -5.2094 -29.5442 55
1049 4 1 -5.2094 -29.5442 55
1050 4 1 -5.2094 -29.5442 55
1051 4 1 -5.2094 -29.5442 55
1052 1 1 -5.2094 -29.5442 55
1053 4 1 -5.2094 -29.5442 55
1054 4 1 -5.2094 -29.5442 55
1055 4 1 -5.2094 -29.5442 55
1056 1 1 -5.2094 -29.5442 55
1057 1 1 -5.2094 -29.5442 55
1058 4 1 -5.2094 -29.5442 55
1059 1 1 -5.2094 -29.5442 55
1060 4 1 -5.2094 -29.5442 55
1061 1 1 -6.9459 -39.3923 56
1062 4 1 -6.9459 -39.3923 56
1063 4 1 -6.9459 -39.3923 56
1064 4 1 -6.9459 -39.3923 56
1065 4 1 -6.9459 -39.3923 56
1066 1 1 -6.9459 -39.3923 56
1067 4 1 -6.9459 -39.3923 56
1068 1 1 -6.9459 -39.3923 56
1069 1 1 -6.9459 -39.3923 56
1070 1 1 -6.9459 -39.3923 56
1071 4 1 -6.9459 -39.3923 56
1072 4 1 -6.9459 -39.3923 56
1073 4 1 -6.9459 -39.3923 56
1074 4 1 -6.9459 -39.3923 56
1075 1 1 -6.9459 -39.3923 56
1076 4 1 -6.9459 -39.3923 56
1077 4 1 -6.9459 -39.3923 56
1078 4 1 -6.9459 -39.3923 56
1079 1 1 -6.9459 -39.3923 56
1080 4 1 -6.9459 -39.3923 56
1081 2 1 1.7365 -9.8481 57
1082 2 1 1.7365 -9.8481 57
1083 2 1 1.7365 -9.8481 57
1084 2 1 1.7365 -9.8481 57
1085 1 1 1.7365 -9.8481 57
1086 2 1 1.7365 -9.8481 57
1087 2 1 1.7365 -9.8481 57
1088 2 1 1.7365 -9.8481 57
1089 2 1 1.7365 -9.8481 57
1090 2 1 1.7365 -9.8481 57
1091 2 1 1.7365 -9.8481 57
1092 2 1 1.7365 -9.8481 57
1093 2 1 1.7365 -9.8481 57
1094 2 1 1.7365 -9.8481 57
1095 2 1 1.7365 -9.8481 57
1096 2 1 1.7365 -9.8481 57
1097 2 1 1.7365 -9.8481 57
1098 2 1 1.7365 -9.8481 57
1099 2 1 1.7365 -9.8481 57
1100 2 1 1.7365 -9.8481 57
1101 1 1 1.7365 -9.8481 57
1102 1 1 1.7365 -9.8481 57
1103 1 1 1.7365 -9.8481 57
1104 2 1 1.7365 -9.8481 57
1105 2 1 1.7365 -9.8481 57
1106 2 1 1.7365 -9.8481 57
1107 1 1 1.7365 -9.8481 57
1108 1 1 1.7365 -9.8481 57
1109 1 1 1.7365 -9.8481 57
1110 2 1 1.7365 -9.8481 57
1111 2 1 3.473 -19.6962 58
1112 1 1 3.473 -19.6962 58
1113 2 1 3.473 -19.6962 58
1114 2 1 3.473 -19.6962 58
1115 2 1 3.473 -19.6962 58
1116 1 1 3.473 -19.6962 58
1117 2 1 3.473 -19.6962 58
1118 2 1 3.473 -19.6962 58
1119 2 1 3.473 -19.6962 58
1120 2 1 3.473 -19.6962 58
1121 2 1 3.473 -19.6962 58
1122 2 1 3.473 -19.6962 58
1123 2 1 3.473 -19.6962 58
1124 2 1 3.473 -19.6962 58
1125 2 1 3.473 -19.6962 58
1126 2 1 3.473 -19.6962 58
1127 1 1 3.473 -19.6962 58
1128 2 1 3.473 -19.6962 58
1129 2 1 3.473 -19.6962 58
1130 2 1 3.473 -19.6962 58
1131 2 1 3.473 -19.6962 58
1132 2 1 3.473 -19.6962 58
1133 1 1 3.473 -19.6962 58
1134 2 1 3.473 -19.6962 58
1135 2 1 3.473 -19.6962 58
1136 1 1 3.473 -19.6962 58
1137 2 1 3.473 -19.6962 58
1138 2 1 3.473 -19.6962 58
1139 2 1 3.473 -19.6962 58
1140 2 1 3.473 -19.6962 58
1141 1 1 5.2094 -29.5442 59
1142 2 1 5.2094 -29.5442 59
1143 2 1 5.2094 -29.5442 59
1144 2 1 5.2094 -29.5442 59
1145 2 1 5.2094 -29.5442 59
1146 1 1 5.2094 -29.5442 59
1147 2 1 5.2094 -29.5442 59
1148 2 1 5.2094 -29.5442 59
1149 2 1 5.2094 -29.5442 59
1150 2 1 5.2094 -29.5442 59
1151 2 1 5.2094 -29.5442 59
1152 2 1 5.2094 -29.5442 59
1153 1 1 5.2094 -29.5442 59
1154 2 1 5.2094 -29.5442 59
1155 2 1 5.2094 -29.5442 59
1156 1 1 5.2094 -29.5442 59
1157 2 1 5.2094 -29.5442 59
1158 2 1 5.2094 -29.5442 59
1159 2 1 5.2094 -29.5442 59
1160 2 1 5.2094 -29.5442 59
1161 2 1 5.2094 -29.5442 59
1162 2 1 5.2094 -29.5442 59
1163 2 1 5.2094 -29.5442 59
1164 2 1 5.2094 -29.5442 59
1165 1 1 5.2094 -29.5442 59
1166 2 1 5.2094 -29.5442 59
1167 1 1 5.2094 -29.5442 59
1168 2 1 5.2094 -29.5442 59
1169 2 1 5.2094 -29.5442 59
1170 2 1 5.2094 -29.5442 59
1171 2 1 6.9459 -39.3923 60
1172 2 1 6.9459 -39.3923 60
1173 2 1 6.9459 -39.3923 60
1174 2 1 6.9459 -39.3923 60
1175 2 1 6.9459 -39.3923 60
1176 2 1 6.9459 -39.3923 60
1177 2 1 6.9459 -39.3923 60
1178 2 1 6.9459 -39.3923 60
1179 1 1 6.9459 -39.3923 60
1180 2 1 6.9459 -39.3923 60
1181 2 1 6.9459 -39.3923 60
1182 2 1 6.9459 -39.3923 60
1183 2 1 6.9459 -39.3923 60
1184 2 1 6.9459 -39.3923 60
1185 2 1 6.9459 -39.3923 60
1186 2 1 6.9459 -39.3923 60
1187 2 1 6.9459 -39.3923 60
1188 2 1 6.9459 -39.3923 60
1189 2 1 6.9459 -39.3923 60
1190 1 1 6.9459 -39.3923 60
1191 2 1 6.9459 -39.3923 60
1192 2 1 6.9459 -39.3923 60
1193 2 1 6.9459 -39.3923 60
1194 2 1 6.9459 -39.3923 60
1195 1 1 6.9459 -39.3923 60
1196 2 1 6.9459 -39.3923 60
1197 2 1 6.9459 -39.3923 60
1198 2 1 6.9459 -39.3923 60
1199 2 1 6.9459 -39.3923 60
1200 2 1 6.9459 -39.3923 60
1201 4 1 5.0 -8.6603 61
1202 4 1 5.0 -8.6603 61
1203 4 1 5.0 -8.6603 61
1204 4 1 5.0 -8.6603 61
1205 4 1 5.0 -8.6603 61
1206 4 1 5.0 -8.6603 61
1207 4 1 5.0 -8.6603 61
1208 2 1 5.0 -8.6603 61
1209 4 1 5.0 -8.6603 61
1210 4 1 5.0 -8.6603 61
1211 2 1 10.0 -17.3205 62
1212 4 1 10.0 -17.3205 62
1213 4 1 10.0 -17.3205 62
1214 4 1 10.0 -17.3205 62
1215 4 1 10.0 -17.3205 62
1216 4 1 10.0 -17.3205 62
1217 4 1 10.0 -17.3205 62
1218 4 1 10.0 -17.3205 62
1219 2 1 10.0 -17.3205 62
1220 2 1 10.0 -17.3205 62
1221 4 1 15.0 -25.9808 63
1222 4 1 15.0 -25.9808 63
1223 4 1 15.0 -25.9808 63
1224 4 1 15.0 -25.9808 63
1225 4 1 15.0 -25.9808 63
1226 2 1 15.0 -25.9808 63
1227 4 1 15.0 -25.9808 63
1228 4 1 15.0 -25.9808 63
1229 2 1 15.0 -25.9808 63
1230 4 1 15.0 -25.9808 63
1231 4 1 20.0 -34.641 64
1232 2 1 20.0 -34.641 64
1233 4 1 20.0 -34.641 64
1234 2 1 20.0 -34.641 64
1235 4 1 20.0 -34.641 64
1236 4 1 20.0 -34.641 64
1237 4 1 20.0 -34.641 64
1238 4 1 20.0 -34.641 64
1239 4 1 20.0 -34.641 64
1240 4 1 20.0 -34.641 64
1241 4 1 7.6604 -6.4279 65
1242 4 1 7.6604 -6.4279 65
1243 1 1 7.6604 -6.4279 65
1244 4 1 7.6604 -6.4279 65
1245 4 1 7.6604 -6.4279 65
1246 4 1 7.6604 -6.4279 65
1247 4 1 7.6604 -6.4279 65
1248 4 1 7.6604 -6.4279 65
1249 4 1 7.6604 -6.4279 65
1250 4 1 7.6604 -6.4279 65
1251 1 1 7.6604 -6.4279 65
1252 4 1 7.6604 -6.4279 65
1253 4 1 7.6604 -6.4279 65
1254 4 1 7.6604 -6.4279 65
1255 4 1 7.6604 -6.4279 65
1256 4 1 7.6604 -6.4279 65
1257 4 1 7.6604 -6.4279 65
1258 1 1 7.6604 -6.4279 65
1259 4 1 7.6604 -6.4279 65
1260 4 1 7.6604 -6.4279 65
1261 4 1 15.3209 -12.8557 66
1262 4 1 15.3209 -12.8557 66
1263 4 1 15.3209 -12.8557 66
1264 4 1 15.3209 -12.8557 66
1265 4 1 15.3209 -12.8557 66
1266 4 1 15.3209 -12.8557 66
1267 1 1 15.3209 -12.8557 66
1268 4 1 15.3209 -12.8557 66
1269 1 1 15.3209 -12.8557 66
1270 4 1 15.3209 -12.8557 66
1271 4 1 15.3209 -12.8557 66
1272 1 1 15.3209 -12.8557 66
1273 4 1 15.3209 -12.8557 66
1274 4 1 15.3209 -12.8557 66
1275 4 1 15.3209 -12.8557 66
1276 4 1 15.3209 -12.8557 66
1277 4 1 15.3209 -12.8557 66
1278 4 1 15.3209 -12.8557 66
1279 4 1 15.3209 -12.8557 66
1280 4 1 15.3209 -12.8557 66
1281 4 1 22.9813 -19.2836 67
1282 4 1 22.9813 -19.2836 67
1283 4 1 22.9813 -19.2836 67
1284 1 1 22.9813 -19.2836 67
1285 4 1 22.9813 -19.2836 67
1286 1 1 22.9813 -19.2836 67
1287 1 1 22.9813 -19.2836 67
1288 4 1 22.9813 -19.2836 67
1289 4 1 22.9813 -19.2836 67
1290 4 1 22.9813 -19.2836 67
1291 4 1 22.9813 -19.2836 67
1292 4 1 22.9813 -19.2836 67
1293 4 1 22.9813 -19.2836 67
1294 4 1 22.9813 -19.2836 67
1295 4 1 22.9813 -19.2836 67
1296 1 1 22.9813 -19.2836 67
1297 4 1 22.9813 -19.2836 67
1298 4 1 22.9813 -19.2836 67
1299 4 1 22.9813 -19.2836 67
1300 4 1 22.9813 -19.2836 67
1301 4 1 30.6418 -25.7115 68
1302 4 1 30.6418 -25.7115 68
1303 1 1 30.6418 -25.7115 68
1304 4 1 30.6418 -25.7115 68
1305 4 1 30.6418 -25.7115 68
1306 1 1 30.6418 -25.7115 68
1307 4 1 30.6418 -25.7115 68
1308 4 1 30.6418 -25.7115 68
1309 4 1 30.6418 -25.7115 68
1310 4 1 30.6418 -25.7115 68
1311 1 1 30.6418 -25.7115 68
1312 4 1 30.6418 -25.7115 68
1313 4 1 30.6418 -25.7115 68
1314 4 1 30.6418 -25.7115 68
1315 4 1 30.6418 -25.7115 68
1316 4 1 30.6418 -25.7115 68
1317 4 1 30.6418 -25.7115 68
1318 4 1 30.6418 -25.7115 68
1319 4 1 30.6418 -25.7115 68
1320 4 1 30.6418 -25.7115 68
1321 2 1 9.3969 -3.4202 69
1322 1 1 9.3969 -3.4202 69
1323 2 1 9.3969 -3.4202 69
1324 1 1 9.3969 -3.4202 69
1325 2 1 9.3969 -3.4202 69
1326 2 1 9.3969 -3.4202 69
1327 2 1 9.3969 -3.4202 69
1328 2 1 9.3969 -3.4202 69
1329 1 1 9.3969 -3.4202 69
1330 2 1 9.3969 -3.4202 69
1331 1 1 9.3969 -3.4202 69
1332 2 1 9.3969 -3.4202 69
1333 2 1 9.3969 -3.4202 69
1334 2 1 9.3969 -3.4202 69
1335 2 1 9.3969 -3.4202 69
1336 2 1 9.3969 -3.4202 69
1337 2 1 9.3969 -3.4202 69
1338 2 1 9.3969 -3.4202 69
1339 2 1 9.3969 -3.4202 69
1340 2 1 9.3969 -3.4202 69
1341 2 1 9.3969 -3.4202 69
1342 2 1 9.3969 -3.4202 69
1343 1 1 9.3969 -3.4202 69
1344 2 1 9.3969 -3.4202 69
1345 2 1 9.3969 -3.4202 69
1346 2 1 9.3969 -3.4202 69
1347 2 1 9.3969 -3.4202 69
1348 1 1 9.3969 -3.4202 69
1349 2 1 9.3969 -3.4202 69
1350 2 1 9.3969 -3.4202 69
1351 2 1 18.7939 -6.8404 70
1352 2 1 18.7939 -6.8404 70
1353 2 1 18.7939 -6.8404 70
1354 2 1 18.7939 -6.8404 70
1355 2 1 18.7939 -6.8404 70
1356 1 1 18.7939 -6.8404 70
1357 2 1 18.7939 -6.8404 70
1358 2 1 18.7939 -6.8404 70
1359 2 1 18.7939 -6.8404 70
1360 2 1 18.7939 -6.8404 70
1361 1 1 18.7939 -6.8404 70
1362 1 1 18.7939 -6.8404 70
1363 2 1 18.7939 -6.8404 70
1364 2 1 18.7939 -6.8404 70
1365 2 1 18.7939 -6.8404 70
1366 2 1 18.7939 -6.8404 70
1367 1 1 18.7939 -6.8404 70
1368 2 1 18.7939 -6.8404 70
1369 2 1 18.7939 -6.8404 70
1370 2 1 18.7939 -6.8404 70
1371 2 1 18.7939 -6.8404 70
1372 2 1 18.7939 -6.8404 70
1373 2 1 18.7939 -6.8404 70
1374 2 1 18.7939 -6.8404 70
1375 1 1 18.7939 -6.8404 70
1376 1 1 18.7939 -6.8404 70
1377 1 1 18.7939 -6.8404 70
1378 2 1 18.7939 -6.8404 70
1379 1 1 18.7939 -6.8404 70
1380 1 1 18.7939 -6.8404 70
1381 2 1 28.1908 -10.2606 71
1382 2 1 28.1908 -10.2606 71
1383 2 1 28.1908 -10.2606 71
1384 1 1 28.1908 -10.2606 71
1385 2 1 28.1908 -10.2606 71
1386 2 1 28.1908 -10.2606 71
1387 2 1 28.1908 -10.2606 71
1388 1 1 28.1908 -10.2606 71
1389 1 1 28.1908 -10.2606 71
1390 2 1 28.1908 -10.2606 71
1391 2 1 28.1908 -10.2606 71
1392 2 1 28.1908 -10.2606 71
1393 2 1 28.1908 -10.2606 71
1394 2 1 28.1908 -10.2606 71
1395 2 1 28.1908 -10.2606 71
1396 1 1 28.1908 -10.2606 71
1397 2 1 28.1908 -10.2606 71
1398 2 1 28.1908 -10.2606 71
1399 2 1 28.1908 -10.2606 71
1400 1 1 28.1908 -10.2606 71
1401 2 1 28.1908 -10.2606 71
1402 1 1 28.1908 -10.2606 71
1403 2 1 28.1908 -10.2606 71
1404 2 1 28.1908 -10.2606 71
1405 1 1 28.1908 -10.2606 71
1406 2 1 28.1908 -10.2606 71
1407 2 1 28.1908 -10.2606 71
1408 2 1 28.1908 -10.2606 71
1409 2 1 28.1908 -10.2606 71
1410 2 1 28.1908 -10.2606 71
1411 2 1 37.5877 -13.6808 72
1412 2 1 37.5877 -13.6808 72
1413 2 1 37.5877 -13.6808 72
1414 2 1 37.5877 -13.6808 72
1415 2 1 37.5877 -13.6808 72
1416 2 1 37.5877 -13.6808 72
1417 2 1 37.5877 -13.6808 72
1418 2 1 37.5877 -13.6808 72
1419 2 1 37.5877 -13.6808 72
1420 2 1 37.5877 -13.6808 72
1421 2 1 37.5877 -13.6808 72
1422 2 1 37.5877 -13.6808 72
1423 2 1 37.5877 -13.6808 72
1424 2 1 37.5877 -13.6808 72
1425 2 1 37.5877 -13.6808 72
1426 2 1 37.5877 -13.6808 72
1427 2 1 37.5877 -13.6808 72
1428 2 1 37.5877 -13.6808 72
1429 2 1 37.5877 -13.6808 72
1430 2 1 37.5877 -13.6808 72
1431 2 1 37.5877 -13.6808 72
1432 2 1 37.5877 -13.6808 72
1433 2 1 37.5877 -13.6808 72
1434 1 1 37.5877 -13.6808 72
1435 2 1 37.5877 -13.6808 72
1436 2 1 37.5877 -13.6808 72
1437 1 1 37.5877 -13.6808 72
1438 2 1 37.5877 -13.6808 72
1439 1 1 37.5877 -13.6808 72
1440 2 1 37.5877 -13.6808 72
1441 4 1 49.2404 8.6824 73
1442 4 1 49.2404 8.6824 73
1443 4 1 49.2404 8.6824 73
1444 4 1 49.2404 8.6824 73
1445 1 1 49.2404 8.6824 73
1446 4 1 49.2404 8.6824 73
1447 4 1 49.2404 8.6824 73
1448 4 1 49.2404 8.6824 73
1449 4 1 49.2404 8.6824 73
1450 4 1 49.2404 8.6824 73
1451 4 1 32.1394 38.3022 74
1452 4 1 32.1394 38.3022 74
1453 4 1 32.1394 38.3022 74
1454 4 1 32.1394 38.3022 74
1455 2 1 32.1394 38.3022 74
1456 4 1 32.1394 38.3022 74
1457 4 1 32.1394 38.3022 74
1458 4 1 32.1394 38.3022 74
1459 4 1 32.1394 38.3022 74
1460 4 1 32.1394 38.3022 74
1461 4 1 0.0 50.0 75
1462 4 1 0.0 50.0 75
1463 4 1 0.0 50.0 75
1464 4 1 0.0 50.0 75
1465 4 1 0.0 50.0 75
1466 4 1 0.0 50.0 75
1467 4 1 0.0 50.0 75
1468 1 1 0.0 50.0 75
1469 4 1 0.0 50.0 75
1470 4 1 0.0 50.0 75
1471 2 1 -32.1394 38.3022 76
1472 4 1 -32.1394 38.3022 76
1473 4 1 -32.1394 38.3022 76
1474 4 1 -32.1394 38.3022 76
1475 2 1 -32.1394 38.3022 76
1476 4 1 -32.1394 38.3022 76
1477 4 1 -32.1394 38.3022 76
1478 4 1 -32.1394 38.3022 76
1479 4 1 -32.1394 38.3022 76
1480 2 1 -32.1394 38.3022 76
1481 2 1 -49.2404 8.6824 77
1482 1 1 -49.2404 8.6824 77
1483 4 1 -49.2404 8.6824 77
1484 4 1 -49.2404 8.6824 77
1485 2 1 -49.2404 8.6824 77
1486 4 1 -49.2404 8.6824 77
1487 4 1 -49.2404 8.6824 77
1488 2 1 -49.2404 8.6824 77
1489 4 1 -49.2404 8.6824 77
1490 4 1 -49.2404 8.6824 77
1491 4 1 -43.3013 -25.0 78
1492 4 1 -43.3013 -25.0 78
1493 4 1 -43.3013 -25.0 78
1494 4 1 -43.3013 -25.0 78
1495 4 1 -43.3013 -25.0 78
1496 4 1 -43.3013 -25.0 78
1497 4 1 -43.3013 -25.0 78
1498 4 1 -43.3013 -25.0 78
1499 4 1 -43.3013 -25.0 78
1500 4 1 -43.3013 -25.0 78
