1
0 0.0 0.0 2000.0 2739.01513671875 19
1207 1 59.0 178.7486114501953 60 2147483647 61
0 0 0.0 0.0 D
145 1 8.6603 5.0 1
144 1 8.6603 5.0 1
136 1 8.6603 5.0 1
129 1 8.6603 5.0 1
127 1 8.6603 5.0 1
122 1 8.6603 5.0 1
42 1 9.6593 2.5882 1
74 1 19.3185 5.1764 1
72 1 19.3185 5.1764 1
70 1 19.3185 5.1764 1
68 1 19.3185 5.1764 1
63 1 19.3185 5.1764 1
176 1 17.3205 10.0 1
174 1 17.3205 10.0 1
169 1 17.3205 10.0 1
168 1 17.3205 10.0 1
160 1 17.3205 10.0 1
159 1 17.3205 10.0 1
156 1 17.3205 10.0 1
208 1 25.9808 15.0 1
207 1 25.9808 15.0 1
196 1 25.9808 15.0 1
195 1 25.9808 15.0 1
189 1 25.9808 15.0 1
100 1 28.9778 7.7646 1
93 1 28.9778 7.7646 1
90 1 28.9778 7.7646 1
87 1 28.9778 7.7646 1
82 1 28.9778 7.7646 1
115 1 38.637 10.3528 1
102 1 38.637 10.3528 1
101 1 38.637 10.3528 1
1928 1 49.5722 6.5263 1
1923 1 49.5722 6.5263 1
222 1 34.641 20.0 1
221 1 34.641 20.0 1
218 1 34.641 20.0 1
217 1 34.641 20.0 1
1949 1 19.1342 46.194 1
1945 1 19.1342 46.194 1
1942 1 19.1342 46.194 1
470 1 10.3528 38.637 1
451 1 10.3528 38.637 1
340 1 15.0 25.9808 1
335 1 15.0 25.9808 1
332 1 15.0 25.9808 1
331 1 15.0 25.9808 1
317 1 10.0 17.3205 1
304 1 10.0 17.3205 1
414 1 5.1764 19.3185 1
411 1 5.1764 19.3185 1
402 1 5.1764 19.3185 1
398 1 5.1764 19.3185 1
395 1 5.1764 19.3185 1
297 1 5.0 8.6603 1
296 1 5.0 8.6603 1
286 1 5.0 8.6603 1
282 1 5.0 8.6603 1
281 1 5.0 8.6603 1
-1 0 0.0 0.0 D
1208 1 99.0 216.74594116210938 100 2147483647 101
0 0 0.0 0.0 D
384 1 2.5882 9.6593 1
374 1 2.5882 9.6593 1
373 1 2.5882 9.6593 1
364 1 2.5882 9.6593 1
438 1 7.7646 28.9778 1
430 1 7.7646 28.9778 1
429 1 7.7646 28.9778 1
478 1 10.3528 38.637 1
474 1 10.3528 38.637 1
471 1 10.3528 38.637 1
1956 1 -6.5263 49.5722 1
598 1 -10.3528 38.637 1
596 1 -10.3528 38.637 1
594 1 -10.3528 38.637 1
591 1 -10.3528 38.637 1
590 1 -10.3528 38.637 1
576 1 -7.7646 28.9778 1
574 1 -7.7646 28.9778 1
573 1 -7.7646 28.9778 1
572 1 -7.7646 28.9778 1
689 1 -15.0 25.9808 1
684 1 -15.0 25.9808 1
677 1 -15.0 25.9808 1
672 1 -15.0 25.9808 1
670 1 -15.0 25.9808 1
668 1 -15.0 25.9808 1
666 1 -15.0 25.9808 1
664 1 -15.0 25.9808 1
663 1 -15.0 25.9808 1
662 1 -15.0 25.9808 1
716 1 -20.0 34.641 1
700 1 -20.0 34.641 1
699 1 -20.0 34.641 1
698 1 -20.0 34.641 1
697 1 -20.0 34.641 1
696 1 -20.0 34.641 1
832 1 -34.641 20.0 1
830 1 -34.641 20.0 1
828 1 -34.641 20.0 1
824 1 -34.641 20.0 1
821 1 -34.641 20.0 1
959 1 -38.637 10.3528 1
956 1 -38.637 10.3528 1
951 1 -38.637 10.3528 1
944 1 -38.637 10.3528 1
941 1 -38.637 10.3528 1
940 1 -38.637 10.3528 1
931 1 -38.637 10.3528 1
930 1 -28.9778 7.7646 1
926 1 -28.9778 7.7646 1
921 1 -28.9778 7.7646 1
916 1 -28.9778 7.7646 1
913 1 -28.9778 7.7646 1
907 1 -28.9778 7.7646 1
903 1 -28.9778 7.7646 1
902 1 -28.9778 7.7646 1
813 1 -25.9808 15.0 1
811 1 -25.9808 15.0 1
803 1 -25.9808 15.0 1
898 1 -19.3185 5.1764 1
890 1 -19.3185 5.1764 1
877 1 -19.3185 5.1764 1
876 1 -19.3185 5.1764 1
799 1 -17.3205 10.0 1
795 1 -17.3205 10.0 1
787 1 -17.3205 10.0 1
786 1 -17.3205 10.0 1
783 1 -17.3205 10.0 1
781 1 -17.3205 10.0 1
657 1 -10.0 17.3205 1
647 1 -10.0 17.3205 1
636 1 -10.0 17.3205 1
631 1 -10.0 17.3205 1
559 1 -5.1764 19.3185 1
555 1 -5.1764 19.3185 1
551 1 -5.1764 19.3185 1
541 1 -5.1764 19.3185 1
535 1 -2.5882 9.6593 1
533 1 -2.5882 9.6593 1
532 1 -2.5882 9.6593 1
530 1 -2.5882 9.6593 1
528 1 -2.5882 9.6593 1
627 1 -5.0 8.6603 1
617 1 -5.0 8.6603 1
616 1 -5.0 8.6603 1
612 1 -5.0 8.6603 1
608 1 -5.0 8.6603 1
773 1 -8.6603 5.0 1
761 1 -8.6603 5.0 1
866 1 -9.6593 2.5882 1
863 1 -9.6593 2.5882 1
860 1 -9.6593 2.5882 1
854 1 -9.6593 2.5882 1
846 1 -9.6593 2.5882 1
845 1 -9.6593 2.5882 1
843 1 -9.6593 2.5882 1
1014 1 -9.6593 -2.5882 1
1009 1 -9.6593 -2.5882 1
1007 1 -9.6593 -2.5882 1
-1 0 0.0 0.0 D
1209 1 149.0 297.75775146484375 160 2147483647 151
0 0 0.0 0.0 D
1017 1 -9.6593 -2.5882 1
1015 1 -9.6593 -2.5882 1
1018 1 -9.6593 -2.5882 1
1101 1 -8.6603 -5.0 1
1095 1 -8.6603 -5.0 1
1094 1 -8.6603 -5.0 1
1092 1 -8.6603 -5.0 1
1087 1 -8.6603 -5.0 1
1255 1 -5.0 -8.6603 1
1246 1 -5.0 -8.6603 1
1243 1 -5.0 -8.6603 1
1346 1 -2.5882 -9.6593 1
1344 1 -2.5882 -9.6593 1
1340 1 -2.5882 -9.6593 1
1334 1 -2.5882 -9.6593 1
1329 1 -2.5882 -9.6593 1
1326 1 -2.5882 -9.6593 1
1325 1 -2.5882 -9.6593 1
1322 1 -2.5882 -9.6593 1
1280 1 -10.0 -17.3205 1
1277 1 -10.0 -17.3205 1
1267 1 -10.0 -17.3205 1
1262 1 -10.0 -17.3205 1
1261 1 -10.0 -17.3205 1
1132 1 -17.3205 -10.0 1
1130 1 -17.3205 -10.0 1
1129 1 -17.3205 -10.0 1
1121 1 -17.3205 -10.0 1
1117 1 -17.3205 -10.0 1
1116 1 -17.3205 -10.0 1
1111 1 -17.3205 -10.0 1
1029 1 -19.3185 -5.1764 1
1026 1 -19.3185 -5.1764 1
1022 1 -19.3185 -5.1764 1
1158 1 -25.9808 -15.0 1
1157 1 -25.9808 -15.0 1
1142 1 -25.9808 -15.0 1
1059 1 -28.9778 -7.7646 1
1057 1 -28.9778 -7.7646 1
1047 1 -28.9778 -7.7646 1
1075 1 -38.637 -10.3528 1
1194 1 -34.641 -20.0 1
1193 1 -34.641 -20.0 1
1190 1 -34.641 -20.0 1
1185 1 -34.641 -20.0 1
1174 1 -34.641 -20.0 1
1319 1 -20.0 -34.641 1
1314 1 -20.0 -34.641 1
1439 1 -10.3528 -38.637 1
1436 1 -10.3528 -38.637 1
1431 1 -10.3528 -38.637 1
1415 1 -10.3528 -38.637 1
1403 1 -7.7646 -28.9778 1
1402 1 -7.7646 -28.9778 1
1399 1 -7.7646 -28.9778 1
1390 1 -7.7646 -28.9778 1
1386 1 -7.7646 -28.9778 1
1383 1 -7.7646 -28.9778 1
1299 1 -15.0 -25.9808 1
1297 1 -15.0 -25.9808 1
1295 1 -15.0 -25.9808 1
1292 1 -15.0 -25.9808 1
1284 1 -15.0 -25.9808 1
1376 1 -5.1764 -19.3185 1
1374 1 -5.1764 -19.3185 1
1355 1 -5.1764 -19.3185 1
1515 1 5.1764 -19.3185 1
1506 1 5.1764 -19.3185 1
1504 1 5.1764 -19.3185 1
1608 1 10.0 -17.3205 1
1601 1 10.0 -17.3205 1
1600 1 10.0 -17.3205 1
1599 1 10.0 -17.3205 1
1591 1 10.0 -17.3205 1
1529 1 7.7646 -28.9778 1
1522 1 7.7646 -28.9778 1
1558 1 10.3528 -38.637 1
1557 1 10.3528 -38.637 1
1555 1 10.3528 -38.637 1
1550 1 10.3528 -38.637 1
1547 1 10.3528 -38.637 1
1544 1 10.3528 -38.637 1
1677 1 20.0 -34.641 1
1670 1 20.0 -34.641 1
1664 1 20.0 -34.641 1
1662 1 20.0 -34.641 1
1658 1 20.0 -34.641 1
1654 1 20.0 -34.641 1
1653 1 20.0 -34.641 1
1646 1 15.0 -25.9808 1
1641 1 15.0 -25.9808 1
1639 1 15.0 -25.9808 1
1635 1 15.0 -25.9808 1
1632 1 15.0 -25.9808 1
1627 1 15.0 -25.9808 1
1624 1 15.0 -25.9808 1
1773 1 25.9808 -15.0 1
1766 1 25.9808 -15.0 1
1799 1 34.641 -20.0 1
1793 1 34.641 -20.0 1
1781 1 34.641 -20.0 1
1919 1 38.637 -10.3528 1
1915 1 38.637 -10.3528 1
1905 1 38.637 -10.3528 1
1904 1 38.637 -10.3528 1
1901 1 38.637 -10.3528 1
1888 1 28.9778 -7.7646 1
1885 1 28.9778 -7.7646 1
1882 1 28.9778 -7.7646 1
1877 1 28.9778 -7.7646 1
1870 1 28.9778 -7.7646 1
1867 1 28.9778 -7.7646 1
1864 1 28.9778 -7.7646 1
1862 1 28.9778 -7.7646 1
1849 1 19.3185 -5.1764 1
1846 1 19.3185 -5.1764 1
1843 1 19.3185 -5.1764 1
1842 1 19.3185 -5.1764 1
1841 1 19.3185 -5.1764 1
1837 1 19.3185 -5.1764 1
1833 1 19.3185 -5.1764 1
1759 1 17.3205 -10.0 1
1758 1 17.3205 -10.0 1
1757 1 17.3205 -10.0 1
1745 1 17.3205 -10.0 1
1828 1 9.6593 -2.5882 1
1827 1 9.6593 -2.5882 1
1826 1 9.6593 -2.5882 1
1822 1 9.6593 -2.5882 1
1820 1 9.6593 -2.5882 1
1815 1 9.6593 -2.5882 1
1812 1 9.6593 -2.5882 1
1808 1 9.6593 -2.5882 1
1803 1 9.6593 -2.5882 1
1733 1 8.6603 -5.0 1
1731 1 8.6603 -5.0 1
1723 1 8.6603 -5.0 1
1583 1 5.0 -8.6603 1
1574 1 5.0 -8.6603 1
1571 1 5.0 -8.6603 1
1569 1 5.0 -8.6603 1
1566 1 5.0 -8.6603 1
1564 1 5.0 -8.6603 1
1561 1 5.0 -8.6603 1
1499 1 2.5882 -9.6593 1
1497 1 2.5882 -9.6593 1
1496 1 2.5882 -9.6593 1
1491 1 2.5882 -9.6593 1
1486 1 2.5882 -9.6593 1
-1 0 0.0 0.0 D
1211 2 99.0 133.23953247070312 100 2147483647 101
0 0 0.0 0.0 D
420 1 5.1764 19.3185 2
419 1 5.1764 19.3185 2
418 1 5.1764 19.3185 2
417 1 5.1764 19.3185 2
416 1 5.1764 19.3185 2
415 1 5.1764 19.3185 2
413 1 5.1764 19.3185 2
412 1 5.1764 19.3185 2
410 1 5.1764 19.3185 2
409 1 5.1764 19.3185 2
408 1 5.1764 19.3185 2
407 1 5.1764 19.3185 2
406 1 5.1764 19.3185 2
405 1 5.1764 19.3185 2
404 1 5.1764 19.3185 2
403 1 5.1764 19.3185 2
401 1 5.1764 19.3185 2
400 1 5.1764 19.3185 2
399 1 5.1764 19.3185 2
397 1 5.1764 19.3185 2
396 1 5.1764 19.3185 2
394 1 5.1764 19.3185 2
393 1 5.1764 19.3185 2
392 1 5.1764 19.3185 2
391 1 5.1764 19.3185 2
468 1 10.3528 38.637 2
467 1 10.3528 38.637 2
466 1 10.3528 38.637 2
465 1 10.3528 38.637 2
464 1 10.3528 38.637 2
463 1 10.3528 38.637 2
462 1 10.3528 38.637 2
461 1 10.3528 38.637 2
460 1 10.3528 38.637 2
459 1 10.3528 38.637 2
458 1 10.3528 38.637 2
457 1 10.3528 38.637 2
456 1 10.3528 38.637 2
455 1 10.3528 38.637 2
454 1 10.3528 38.637 2
453 1 10.3528 38.637 2
452 1 10.3528 38.637 2
280 1 28.2843 28.2843 2
1939 1 39.6677 30.4381 2
1936 1 39.6677 30.4381 2
1934 1 39.6677 30.4381 2
240 1 34.641 20.0 2
239 1 34.641 20.0 2
238 1 34.641 20.0 2
237 1 34.641 20.0 2
236 1 34.641 20.0 2
235 1 34.641 20.0 2
234 1 34.641 20.0 2
233 1 34.641 20.0 2
232 1 34.641 20.0 2
231 1 34.641 20.0 2
230 1 34.641 20.0 2
229 1 34.641 20.0 2
228 1 34.641 20.0 2
227 1 34.641 20.0 2
226 1 34.641 20.0 2
225 1 34.641 20.0 2
224 1 34.641 20.0 2
223 1 34.641 20.0 2
220 1 34.641 20.0 2
219 1 34.641 20.0 2
216 1 34.641 20.0 2
215 1 34.641 20.0 2
214 1 34.641 20.0 2
213 1 34.641 20.0 2
212 1 34.641 20.0 2
211 1 34.641 20.0 2
261 1 21.2132 21.2132 2
259 1 14.1421 14.1421 2
258 1 14.1421 14.1421 2
257 1 14.1421 14.1421 2
251 1 14.1421 14.1421 2
180 1 17.3205 10.0 2
179 1 17.3205 10.0 2
178 1 17.3205 10.0 2
177 1 17.3205 10.0 2
175 1 17.3205 10.0 2
173 1 17.3205 10.0 2
172 1 17.3205 10.0 2
171 1 17.3205 10.0 2
170 1 17.3205 10.0 2
167 1 17.3205 10.0 2
166 1 17.3205 10.0 2
165 1 17.3205 10.0 2
164 1 17.3205 10.0 2
163 1 17.3205 10.0 2
162 1 17.3205 10.0 2
161 1 17.3205 10.0 2
158 1 17.3205 10.0 2
157 1 17.3205 10.0 2
155 1 17.3205 10.0 2
154 1 17.3205 10.0 2
153 1 17.3205 10.0 2
241 1 7.0711 7.0711 2
-1 0 0.0 0.0 D
1212 2 159.0 118.49413299560547 160 2147483647 161
0 0 0.0 0.0 D
390 1 2.5882 9.6593 2
389 1 2.5882 9.6593 2
388 1 2.5882 9.6593 2
387 1 2.5882 9.6593 2
386 1 2.5882 9.6593 2
385 1 2.5882 9.6593 2
383 1 2.5882 9.6593 2
382 1 2.5882 9.6593 2
381 1 2.5882 9.6593 2
380 1 2.5882 9.6593 2
379 1 2.5882 9.6593 2
378 1 2.5882 9.6593 2
377 1 2.5882 9.6593 2
376 1 2.5882 9.6593 2
375 1 2.5882 9.6593 2
372 1 2.5882 9.6593 2
371 1 2.5882 9.6593 2
370 1 2.5882 9.6593 2
369 1 2.5882 9.6593 2
368 1 2.5882 9.6593 2
367 1 2.5882 9.6593 2
366 1 2.5882 9.6593 2
365 1 2.5882 9.6593 2
363 1 2.5882 9.6593 2
362 1 2.5882 9.6593 2
361 1 2.5882 9.6593 2
487 1 0.0 10.0 2
485 1 0.0 10.0 2
484 1 0.0 10.0 2
483 1 0.0 10.0 2
482 1 0.0 10.0 2
481 1 0.0 10.0 2
497 1 0.0 20.0 2
493 1 0.0 20.0 2
450 1 7.7646 28.9778 2
449 1 7.7646 28.9778 2
448 1 7.7646 28.9778 2
447 1 7.7646 28.9778 2
446 1 7.7646 28.9778 2
445 1 7.7646 28.9778 2
444 1 7.7646 28.9778 2
443 1 7.7646 28.9778 2
442 1 7.7646 28.9778 2
441 1 7.7646 28.9778 2
440 1 7.7646 28.9778 2
439 1 7.7646 28.9778 2
437 1 7.7646 28.9778 2
436 1 7.7646 28.9778 2
435 1 7.7646 28.9778 2
434 1 7.7646 28.9778 2
433 1 7.7646 28.9778 2
432 1 7.7646 28.9778 2
431 1 7.7646 28.9778 2
428 1 7.7646 28.9778 2
427 1 7.7646 28.9778 2
426 1 7.7646 28.9778 2
425 1 7.7646 28.9778 2
424 1 7.7646 28.9778 2
423 1 7.7646 28.9778 2
422 1 7.7646 28.9778 2
421 1 7.7646 28.9778 2
480 1 10.3528 38.637 2
479 1 10.3528 38.637 2
477 1 10.3528 38.637 2
476 1 10.3528 38.637 2
475 1 10.3528 38.637 2
473 1 10.3528 38.637 2
472 1 10.3528 38.637 2
469 1 10.3528 38.637 2
506 1 0.0 30.0 2
505 1 0.0 30.0 2
503 1 0.0 30.0 2
711 1 -20.0 34.641 2
710 1 -20.0 34.641 2
709 1 -20.0 34.641 2
708 1 -20.0 34.641 2
707 1 -20.0 34.641 2
706 1 -20.0 34.641 2
705 1 -20.0 34.641 2
704 1 -20.0 34.641 2
703 1 -20.0 34.641 2
702 1 -20.0 34.641 2
701 1 -20.0 34.641 2
695 1 -20.0 34.641 2
694 1 -20.0 34.641 2
693 1 -20.0 34.641 2
692 1 -20.0 34.641 2
691 1 -20.0 34.641 2
690 1 -15.0 25.9808 2
688 1 -15.0 25.9808 2
687 1 -15.0 25.9808 2
686 1 -15.0 25.9808 2
685 1 -15.0 25.9808 2
683 1 -15.0 25.9808 2
682 1 -15.0 25.9808 2
681 1 -15.0 25.9808 2
680 1 -15.0 25.9808 2
679 1 -15.0 25.9808 2
678 1 -15.0 25.9808 2
676 1 -15.0 25.9808 2
675 1 -15.0 25.9808 2
674 1 -15.0 25.9808 2
673 1 -15.0 25.9808 2
671 1 -15.0 25.9808 2
669 1 -15.0 25.9808 2
667 1 -15.0 25.9808 2
665 1 -15.0 25.9808 2
661 1 -15.0 25.9808 2
660 1 -10.0 17.3205 2
659 1 -10.0 17.3205 2
658 1 -10.0 17.3205 2
656 1 -10.0 17.3205 2
655 1 -10.0 17.3205 2
654 1 -10.0 17.3205 2
653 1 -10.0 17.3205 2
652 1 -10.0 17.3205 2
651 1 -10.0 17.3205 2
650 1 -10.0 17.3205 2
649 1 -10.0 17.3205 2
648 1 -10.0 17.3205 2
646 1 -10.0 17.3205 2
645 1 -10.0 17.3205 2
644 1 -10.0 17.3205 2
643 1 -10.0 17.3205 2
642 1 -10.0 17.3205 2
641 1 -10.0 17.3205 2
640 1 -10.0 17.3205 2
639 1 -10.0 17.3205 2
638 1 -10.0 17.3205 2
637 1 -10.0 17.3205 2
635 1 -10.0 17.3205 2
634 1 -10.0 17.3205 2
633 1 -10.0 17.3205 2
632 1 -10.0 17.3205 2
630 1 -5.0 8.6603 2
629 1 -5.0 8.6603 2
628 1 -5.0 8.6603 2
626 1 -5.0 8.6603 2
625 1 -5.0 8.6603 2
624 1 -5.0 8.6603 2
623 1 -5.0 8.6603 2
622 1 -5.0 8.6603 2
621 1 -5.0 8.6603 2
620 1 -5.0 8.6603 2
619 1 -5.0 8.6603 2
618 1 -5.0 8.6603 2
615 1 -5.0 8.6603 2
614 1 -5.0 8.6603 2
613 1 -5.0 8.6603 2
611 1 -5.0 8.6603 2
610 1 -5.0 8.6603 2
609 1 -5.0 8.6603 2
607 1 -5.0 8.6603 2
606 1 -5.0 8.6603 2
605 1 -5.0 8.6603 2
604 1 -5.0 8.6603 2
603 1 -5.0 8.6603 2
602 1 -5.0 8.6603 2
601 1 -5.0 8.6603 2
-1 0 0.0 0.0 D
1214 4 199.0 211.58267211914062 200 2147483647 201
0 0 0.0 0.0 D
300 1 5.0 8.6603 4
299 1 5.0 8.6603 4
298 1 5.0 8.6603 4
295 1 5.0 8.6603 4
294 1 5.0 8.6603 4
293 1 5.0 8.6603 4
292 1 5.0 8.6603 4
291 1 5.0 8.6603 4
290 1 5.0 8.6603 4
289 1 5.0 8.6603 4
288 1 5.0 8.6603 4
287 1 5.0 8.6603 4
285 1 5.0 8.6603 4
284 1 5.0 8.6603 4
283 1 5.0 8.6603 4
320 1 10.0 17.3205 4
319 1 10.0 17.3205 4
318 1 10.0 17.3205 4
316 1 10.0 17.3205 4
315 1 10.0 17.3205 4
314 1 10.0 17.3205 4
313 1 10.0 17.3205 4
312 1 10.0 17.3205 4
311 1 10.0 17.3205 4
310 1 10.0 17.3205 4
309 1 10.0 17.3205 4
308 1 10.0 17.3205 4
307 1 10.0 17.3205 4
306 1 10.0 17.3205 4
305 1 10.0 17.3205 4
339 1 15.0 25.9808 4
338 1 15.0 25.9808 4
337 1 15.0 25.9808 4
336 1 15.0 25.9808 4
334 1 15.0 25.9808 4
333 1 15.0 25.9808 4
330 1 15.0 25.9808 4
329 1 15.0 25.9808 4
328 1 15.0 25.9808 4
327 1 15.0 25.9808 4
326 1 15.0 25.9808 4
325 1 15.0 25.9808 4
324 1 15.0 25.9808 4
323 1 15.0 25.9808 4
322 1 15.0 25.9808 4
321 1 15.0 25.9808 4
360 1 20.0 34.641 4
359 1 20.0 34.641 4
358 1 20.0 34.641 4
357 1 20.0 34.641 4
356 1 20.0 34.641 4
355 1 20.0 34.641 4
354 1 20.0 34.641 4
353 1 20.0 34.641 4
352 1 20.0 34.641 4
351 1 20.0 34.641 4
350 1 20.0 34.641 4
349 1 20.0 34.641 4
348 1 20.0 34.641 4
347 1 20.0 34.641 4
346 1 20.0 34.641 4
345 1 20.0 34.641 4
344 1 20.0 34.641 4
343 1 20.0 34.641 4
342 1 20.0 34.641 4
341 1 20.0 34.641 4
1950 1 19.1342 46.194 4
1948 1 19.1342 46.194 4
1947 1 19.1342 46.194 4
1946 1 19.1342 46.194 4
1944 1 19.1342 46.194 4
1943 1 19.1342 46.194 4
1941 1 19.1342 46.194 4
520 1 0.0 40.0 4
519 1 0.0 40.0 4
518 1 0.0 40.0 4
517 1 0.0 40.0 4
516 1 0.0 40.0 4
515 1 0.0 40.0 4
514 1 0.0 40.0 4
513 1 0.0 40.0 4
512 1 0.0 40.0 4
511 1 0.0 40.0 4
1960 1 -6.5263 49.5722 4
1959 1 -6.5263 49.5722 4
1958 1 -6.5263 49.5722 4
1957 1 -6.5263 49.5722 4
1955 1 -6.5263 49.5722 4
1954 1 -6.5263 49.5722 4
1953 1 -6.5263 49.5722 4
1952 1 -6.5263 49.5722 4
1951 1 -6.5263 49.5722 4
600 1 -10.3528 38.637 4
599 1 -10.3528 38.637 4
597 1 -10.3528 38.637 4
595 1 -10.3528 38.637 4
593 1 -10.3528 38.637 4
592 1 -10.3528 38.637 4
589 1 -10.3528 38.637 4
588 1 -10.3528 38.637 4
587 1 -10.3528 38.637 4
586 1 -10.3528 38.637 4
585 1 -10.3528 38.637 4
584 1 -10.3528 38.637 4
583 1 -10.3528 38.637 4
582 1 -10.3528 38.637 4
581 1 -10.3528 38.637 4
1970 1 -30.4381 39.6677 4
1969 1 -30.4381 39.6677 4
1968 1 -30.4381 39.6677 4
1967 1 -30.4381 39.6677 4
1966 1 -30.4381 39.6677 4
1965 1 -30.4381 39.6677 4
1964 1 -30.4381 39.6677 4
1963 1 -30.4381 39.6677 4
1962 1 -30.4381 39.6677 4
1961 1 -30.4381 39.6677 4
742 1 -21.2132 21.2132 4
740 1 -14.1421 14.1421 4
739 1 -14.1421 14.1421 4
738 1 -14.1421 14.1421 4
737 1 -14.1421 14.1421 4
735 1 -14.1421 14.1421 4
734 1 -14.1421 14.1421 4
732 1 -14.1421 14.1421 4
731 1 -14.1421 14.1421 4
560 1 -5.1764 19.3185 4
558 1 -5.1764 19.3185 4
557 1 -5.1764 19.3185 4
556 1 -5.1764 19.3185 4
554 1 -5.1764 19.3185 4
553 1 -5.1764 19.3185 4
552 1 -5.1764 19.3185 4
550 1 -5.1764 19.3185 4
549 1 -5.1764 19.3185 4
548 1 -5.1764 19.3185 4
547 1 -5.1764 19.3185 4
546 1 -5.1764 19.3185 4
545 1 -5.1764 19.3185 4
544 1 -5.1764 19.3185 4
543 1 -5.1764 19.3185 4
542 1 -5.1764 19.3185 4
580 1 -7.7646 28.9778 4
579 1 -7.7646 28.9778 4
578 1 -7.7646 28.9778 4
577 1 -7.7646 28.9778 4
575 1 -7.7646 28.9778 4
571 1 -7.7646 28.9778 4
570 1 -7.7646 28.9778 4
569 1 -7.7646 28.9778 4
568 1 -7.7646 28.9778 4
567 1 -7.7646 28.9778 4
566 1 -7.7646 28.9778 4
565 1 -7.7646 28.9778 4
564 1 -7.7646 28.9778 4
563 1 -7.7646 28.9778 4
562 1 -7.7646 28.9778 4
561 1 -7.7646 28.9778 4
510 1 0.0 30.0 4
509 1 0.0 30.0 4
508 1 0.0 30.0 4
507 1 0.0 30.0 4
504 1 0.0 30.0 4
502 1 0.0 30.0 4
501 1 0.0 30.0 4
500 1 0.0 20.0 4
499 1 0.0 20.0 4
498 1 0.0 20.0 4
496 1 0.0 20.0 4
495 1 0.0 20.0 4
494 1 0.0 20.0 4
492 1 0.0 20.0 4
491 1 0.0 20.0 4
490 1 0.0 10.0 4
489 1 0.0 10.0 4
488 1 0.0 10.0 4
486 1 0.0 10.0 4
540 1 -2.5882 9.6593 4
539 1 -2.5882 9.6593 4
538 1 -2.5882 9.6593 4
537 1 -2.5882 9.6593 4
536 1 -2.5882 9.6593 4
534 1 -2.5882 9.6593 4
531 1 -2.5882 9.6593 4
529 1 -2.5882 9.6593 4
527 1 -2.5882 9.6593 4
526 1 -2.5882 9.6593 4
525 1 -2.5882 9.6593 4
524 1 -2.5882 9.6593 4
523 1 -2.5882 9.6593 4
522 1 -2.5882 9.6593 4
521 1 -2.5882 9.6593 4
730 1 -7.0711 7.0711 4
728 1 -7.0711 7.0711 4
727 1 -7.0711 7.0711 4
726 1 -7.0711 7.0711 4
725 1 -7.0711 7.0711 4
723 1 -7.0711 7.0711 4
721 1 -7.0711 7.0711 4
-1 0 0.0 0.0 D
1215 4 249.0 237.44093322753906 250 2147483647 251
0 0 0.0 0.0 D
780 1 -8.6603 5.0 4
779 1 -8.6603 5.0 4
778 1 -8.6603 5.0 4
777 1 -8.6603 5.0 4
776 1 -8.6603 5.0 4
775 1 -8.6603 5.0 4
774 1 -8.6603 5.0 4
772 1 -8.6603 5.0 4
771 1 -8.6603 5.0 4
770 1 -8.6603 5.0 4
769 1 -8.6603 5.0 4
768 1 -8.6603 5.0 4
767 1 -8.6603 5.0 4
766 1 -8.6603 5.0 4
765 1 -8.6603 5.0 4
764 1 -8.6603 5.0 4
763 1 -8.6603 5.0 4
762 1 -8.6603 5.0 4
800 1 -17.3205 10.0 4
798 1 -17.3205 10.0 4
797 1 -17.3205 10.0 4
796 1 -17.3205 10.0 4
794 1 -17.3205 10.0 4
793 1 -17.3205 10.0 4
792 1 -17.3205 10.0 4
791 1 -17.3205 10.0 4
790 1 -17.3205 10.0 4
789 1 -17.3205 10.0 4
788 1 -17.3205 10.0 4
785 1 -17.3205 10.0 4
784 1 -17.3205 10.0 4
782 1 -17.3205 10.0 4
820 1 -25.9808 15.0 4
819 1 -25.9808 15.0 4
818 1 -25.9808 15.0 4
817 1 -25.9808 15.0 4
816 1 -25.9808 15.0 4
815 1 -25.9808 15.0 4
814 1 -25.9808 15.0 4
812 1 -25.9808 15.0 4
810 1 -25.9808 15.0 4
809 1 -25.9808 15.0 4
808 1 -25.9808 15.0 4
807 1 -25.9808 15.0 4
806 1 -25.9808 15.0 4
805 1 -25.9808 15.0 4
804 1 -25.9808 15.0 4
802 1 -25.9808 15.0 4
801 1 -25.9808 15.0 4
750 1 -21.2132 21.2132 4
749 1 -21.2132 21.2132 4
748 1 -21.2132 21.2132 4
747 1 -21.2132 21.2132 4
746 1 -21.2132 21.2132 4
745 1 -21.2132 21.2132 4
743 1 -21.2132 21.2132 4
760 1 -28.2843 28.2843 4
759 1 -28.2843 28.2843 4
758 1 -28.2843 28.2843 4
756 1 -28.2843 28.2843 4
755 1 -28.2843 28.2843 4
754 1 -28.2843 28.2843 4
752 1 -28.2843 28.2843 4
751 1 -28.2843 28.2843 4
840 1 -34.641 20.0 4
839 1 -34.641 20.0 4
838 1 -34.641 20.0 4
837 1 -34.641 20.0 4
836 1 -34.641 20.0 4
835 1 -34.641 20.0 4
834 1 -34.641 20.0 4
833 1 -34.641 20.0 4
831 1 -34.641 20.0 4
829 1 -34.641 20.0 4
827 1 -34.641 20.0 4
826 1 -34.641 20.0 4
825 1 -34.641 20.0 4
823 1 -34.641 20.0 4
822 1 -34.641 20.0 4
1980 1 -46.194 19.1342 4
1979 1 -46.194 19.1342 4
1976 1 -46.194 19.1342 4
1975 1 -46.194 19.1342 4
1974 1 -46.194 19.1342 4
1973 1 -46.194 19.1342 4
1972 1 -46.194 19.1342 4
1971 1 -46.194 19.1342 4
1000 1 -40.0 0.0 4
999 1 -40.0 0.0 4
998 1 -40.0 0.0 4
997 1 -40.0 0.0 4
996 1 -40.0 0.0 4
994 1 -40.0 0.0 4
993 1 -40.0 0.0 4
992 1 -40.0 0.0 4
991 1 -40.0 0.0 4
1990 1 -49.5722 -6.5263 4
1989 1 -49.5722 -6.5263 4
1987 1 -49.5722 -6.5263 4
1986 1 -49.5722 -6.5263 4
1985 1 -49.5722 -6.5263 4
1984 1 -49.5722 -6.5263 4
1983 1 -49.5722 -6.5263 4
1982 1 -49.5722 -6.5263 4
1080 1 -38.637 -10.3528 4
1079 1 -38.637 -10.3528 4
1078 1 -38.637 -10.3528 4
1077 1 -38.637 -10.3528 4
1076 1 -38.637 -10.3528 4
1074 1 -38.637 -10.3528 4
1073 1 -38.637 -10.3528 4
1072 1 -38.637 -10.3528 4
1071 1 -38.637 -10.3528 4
1070 1 -38.637 -10.3528 4
1069 1 -38.637 -10.3528 4
1068 1 -38.637 -10.3528 4
1067 1 -38.637 -10.3528 4
1066 1 -38.637 -10.3528 4
1065 1 -38.637 -10.3528 4
1064 1 -38.637 -10.3528 4
1063 1 -38.637 -10.3528 4
1062 1 -38.637 -10.3528 4
1061 1 -38.637 -10.3528 4
1999 1 -39.6677 -30.4381 4
1998 1 -39.6677 -30.4381 4
1997 1 -39.6677 -30.4381 4
1996 1 -39.6677 -30.4381 4
1995 1 -39.6677 -30.4381 4
1994 1 -39.6677 -30.4381 4
1993 1 -39.6677 -30.4381 4
1992 1 -39.6677 -30.4381 4
1239 1 -28.2843 -28.2843 4
1238 1 -28.2843 -28.2843 4
1237 1 -28.2843 -28.2843 4
1235 1 -28.2843 -28.2843 4
1234 1 -28.2843 -28.2843 4
1233 1 -28.2843 -28.2843 4
1232 1 -28.2843 -28.2843 4
1231 1 -28.2843 -28.2843 4
1229 1 -21.2132 -21.2132 4
1228 1 -21.2132 -21.2132 4
1226 1 -21.2132 -21.2132 4
1225 1 -21.2132 -21.2132 4
1224 1 -21.2132 -21.2132 4
1223 1 -21.2132 -21.2132 4
1222 1 -21.2132 -21.2132 4
1221 1 -21.2132 -21.2132 4
1060 1 -28.9778 -7.7646 4
1058 1 -28.9778 -7.7646 4
1056 1 -28.9778 -7.7646 4
1055 1 -28.9778 -7.7646 4
1054 1 -28.9778 -7.7646 4
1053 1 -28.9778 -7.7646 4
1052 1 -28.9778 -7.7646 4
1051 1 -28.9778 -7.7646 4
1050 1 -28.9778 -7.7646 4
1049 1 -28.9778 -7.7646 4
1048 1 -28.9778 -7.7646 4
1046 1 -28.9778 -7.7646 4
1045 1 -28.9778 -7.7646 4
1044 1 -28.9778 -7.7646 4
1043 1 -28.9778 -7.7646 4
1042 1 -28.9778 -7.7646 4
1041 1 -28.9778 -7.7646 4
990 1 -30.0 0.0 4
989 1 -30.0 0.0 4
988 1 -30.0 0.0 4
987 1 -30.0 0.0 4
984 1 -30.0 0.0 4
983 1 -30.0 0.0 4
982 1 -30.0 0.0 4
981 1 -30.0 0.0 4
980 1 -20.0 0.0 4
978 1 -20.0 0.0 4
977 1 -20.0 0.0 4
976 1 -20.0 0.0 4
973 1 -20.0 0.0 4
972 1 -20.0 0.0 4
971 1 -20.0 0.0 4
1040 1 -19.3185 -5.1764 4
1039 1 -19.3185 -5.1764 4
1038 1 -19.3185 -5.1764 4
1037 1 -19.3185 -5.1764 4
1036 1 -19.3185 -5.1764 4
1035 1 -19.3185 -5.1764 4
1034 1 -19.3185 -5.1764 4
1033 1 -19.3185 -5.1764 4
1032 1 -19.3185 -5.1764 4
1031 1 -19.3185 -5.1764 4
1030 1 -19.3185 -5.1764 4
1028 1 -19.3185 -5.1764 4
1027 1 -19.3185 -5.1764 4
1025 1 -19.3185 -5.1764 4
1024 1 -19.3185 -5.1764 4
1023 1 -19.3185 -5.1764 4
1021 1 -19.3185 -5.1764 4
1220 1 -14.1421 -14.1421 4
1219 1 -14.1421 -14.1421 4
1218 1 -14.1421 -14.1421 4
1217 1 -14.1421 -14.1421 4
1216 1 -14.1421 -14.1421 4
1213 1 -14.1421 -14.1421 4
1212 1 -14.1421 -14.1421 4
1211 1 -14.1421 -14.1421 4
1279 1 -10.0 -17.3205 4
1278 1 -10.0 -17.3205 4
1276 1 -10.0 -17.3205 4
1275 1 -10.0 -17.3205 4
1274 1 -10.0 -17.3205 4
1273 1 -10.0 -17.3205 4
1272 1 -10.0 -17.3205 4
1271 1 -10.0 -17.3205 4
1270 1 -10.0 -17.3205 4
1269 1 -10.0 -17.3205 4
1268 1 -10.0 -17.3205 4
1266 1 -10.0 -17.3205 4
1265 1 -10.0 -17.3205 4
1264 1 -10.0 -17.3205 4
1263 1 -10.0 -17.3205 4
1210 1 -7.0711 -7.0711 4
1208 1 -7.0711 -7.0711 4
1207 1 -7.0711 -7.0711 4
1206 1 -7.0711 -7.0711 4
1205 1 -7.0711 -7.0711 4
1204 1 -7.0711 -7.0711 4
1203 1 -7.0711 -7.0711 4
1202 1 -7.0711 -7.0711 4
1201 1 -7.0711 -7.0711 4
1020 1 -9.6593 -2.5882 4
1019 1 -9.6593 -2.5882 4
1016 1 -9.6593 -2.5882 4
1013 1 -9.6593 -2.5882 4
1012 1 -9.6593 -2.5882 4
1011 1 -9.6593 -2.5882 4
1010 1 -9.6593 -2.5882 4
1008 1 -9.6593 -2.5882 4
1006 1 -9.6593 -2.5882 4
1005 1 -9.6593 -2.5882 4
1004 1 -9.6593 -2.5882 4
1003 1 -9.6593 -2.5882 4
1002 1 -9.6593 -2.5882 4
1001 1 -9.6593 -2.5882 4
970 1 -10.0 0.0 4
966 1 -10.0 0.0 4
965 1 -10.0 0.0 4
964 1 -10.0 0.0 4
963 1 -10.0 0.0 4
962 1 -10.0 0.0 4
961 1 -10.0 0.0 4
-1 0 0.0 0.0 D
1216 2 59.0 125.62167358398438 60 2147483647 61
0 0 0.0 0.0 D
900 1 -19.3185 5.1764 2
899 1 -19.3185 5.1764 2
897 1 -19.3185 5.1764 2
896 1 -19.3185 5.1764 2
895 1 -19.3185 5.1764 2
894 1 -19.3185 5.1764 2
893 1 -19.3185 5.1764 2
892 1 -19.3185 5.1764 2
891 1 -19.3185 5.1764 2
889 1 -19.3185 5.1764 2
888 1 -19.3185 5.1764 2
887 1 -19.3185 5.1764 2
886 1 -19.3185 5.1764 2
885 1 -19.3185 5.1764 2
884 1 -19.3185 5.1764 2
883 1 -19.3185 5.1764 2
882 1 -19.3185 5.1764 2
881 1 -19.3185 5.1764 2
880 1 -19.3185 5.1764 2
879 1 -19.3185 5.1764 2
878 1 -19.3185 5.1764 2
875 1 -19.3185 5.1764 2
874 1 -19.3185 5.1764 2
873 1 -19.3185 5.1764 2
872 1 -19.3185 5.1764 2
871 1 -19.3185 5.1764 2
948 1 -38.637 10.3528 2
947 1 -38.637 10.3528 2
946 1 -38.637 10.3528 2
945 1 -38.637 10.3528 2
943 1 -38.637 10.3528 2
942 1 -38.637 10.3528 2
939 1 -38.637 10.3528 2
938 1 -38.637 10.3528 2
937 1 -38.637 10.3528 2
936 1 -38.637 10.3528 2
935 1 -38.637 10.3528 2
934 1 -38.637 10.3528 2
933 1 -38.637 10.3528 2
932 1 -38.637 10.3528 2
1978 1 -46.194 19.1342 2
1977 1 -46.194 19.1342 2
757 1 -28.2843 28.2843 2
753 1 -28.2843 28.2843 2
720 1 -20.0 34.641 2
719 1 -20.0 34.641 2
718 1 -20.0 34.641 2
717 1 -20.0 34.641 2
715 1 -20.0 34.641 2
714 1 -20.0 34.641 2
713 1 -20.0 34.641 2
712 1 -20.0 34.641 2
744 1 -21.2132 21.2132 2
741 1 -21.2132 21.2132 2
736 1 -14.1421 14.1421 2
733 1 -14.1421 14.1421 2
729 1 -7.0711 7.0711 2
724 1 -7.0711 7.0711 2
722 1 -7.0711 7.0711 2
-1 0 0.0 0.0 D
1217 2 59.0 81.31941223144531 60 2147483647 61
0 0 0.0 0.0 D
870 1 -9.6593 2.5882 2
869 1 -9.6593 2.5882 2
868 1 -9.6593 2.5882 2
867 1 -9.6593 2.5882 2
865 1 -9.6593 2.5882 2
864 1 -9.6593 2.5882 2
862 1 -9.6593 2.5882 2
861 1 -9.6593 2.5882 2
859 1 -9.6593 2.5882 2
858 1 -9.6593 2.5882 2
857 1 -9.6593 2.5882 2
856 1 -9.6593 2.5882 2
855 1 -9.6593 2.5882 2
853 1 -9.6593 2.5882 2
852 1 -9.6593 2.5882 2
851 1 -9.6593 2.5882 2
850 1 -9.6593 2.5882 2
849 1 -9.6593 2.5882 2
848 1 -9.6593 2.5882 2
847 1 -9.6593 2.5882 2
844 1 -9.6593 2.5882 2
842 1 -9.6593 2.5882 2
841 1 -9.6593 2.5882 2
929 1 -28.9778 7.7646 2
928 1 -28.9778 7.7646 2
927 1 -28.9778 7.7646 2
925 1 -28.9778 7.7646 2
924 1 -28.9778 7.7646 2
923 1 -28.9778 7.7646 2
922 1 -28.9778 7.7646 2
920 1 -28.9778 7.7646 2
919 1 -28.9778 7.7646 2
918 1 -28.9778 7.7646 2
917 1 -28.9778 7.7646 2
915 1 -28.9778 7.7646 2
914 1 -28.9778 7.7646 2
912 1 -28.9778 7.7646 2
911 1 -28.9778 7.7646 2
910 1 -28.9778 7.7646 2
909 1 -28.9778 7.7646 2
908 1 -28.9778 7.7646 2
906 1 -28.9778 7.7646 2
905 1 -28.9778 7.7646 2
904 1 -28.9778 7.7646 2
901 1 -28.9778 7.7646 2
960 1 -38.637 10.3528 2
958 1 -38.637 10.3528 2
957 1 -38.637 10.3528 2
955 1 -38.637 10.3528 2
954 1 -38.637 10.3528 2
953 1 -38.637 10.3528 2
952 1 -38.637 10.3528 2
950 1 -38.637 10.3528 2
949 1 -38.637 10.3528 2
975 1 -20.0 0.0 2
974 1 -20.0 0.0 2
969 1 -10.0 0.0 2
968 1 -10.0 0.0 2
967 1 -10.0 0.0 2
-1 0 0.0 0.0 D
1218 2 59.0 106.65241241455078 60 2147483647 61
0 0 0.0 0.0 D
979 1 -20.0 0.0 2
986 1 -30.0 0.0 2
985 1 -30.0 0.0 2
995 1 -40.0 0.0 2
1988 1 -49.5722 -6.5263 2
1981 1 -49.5722 -6.5263 2
1170 1 -25.9808 -15.0 2
1169 1 -25.9808 -15.0 2
1168 1 -25.9808 -15.0 2
1167 1 -25.9808 -15.0 2
1166 1 -25.9808 -15.0 2
1165 1 -25.9808 -15.0 2
1164 1 -25.9808 -15.0 2
1163 1 -25.9808 -15.0 2
1162 1 -25.9808 -15.0 2
1161 1 -25.9808 -15.0 2
1160 1 -25.9808 -15.0 2
1159 1 -25.9808 -15.0 2
1156 1 -25.9808 -15.0 2
1155 1 -25.9808 -15.0 2
1154 1 -25.9808 -15.0 2
1153 1 -25.9808 -15.0 2
1152 1 -25.9808 -15.0 2
1151 1 -25.9808 -15.0 2
1150 1 -25.9808 -15.0 2
1149 1 -25.9808 -15.0 2
1148 1 -25.9808 -15.0 2
1147 1 -25.9808 -15.0 2
1146 1 -25.9808 -15.0 2
1145 1 -25.9808 -15.0 2
1144 1 -25.9808 -15.0 2
1143 1 -25.9808 -15.0 2
1141 1 -25.9808 -15.0 2
1112 1 -17.3205 -10.0 2
1110 1 -8.6603 -5.0 2
1109 1 -8.6603 -5.0 2
1108 1 -8.6603 -5.0 2
1107 1 -8.6603 -5.0 2
1106 1 -8.6603 -5.0 2
1105 1 -8.6603 -5.0 2
1104 1 -8.6603 -5.0 2
1103 1 -8.6603 -5.0 2
1102 1 -8.6603 -5.0 2
1100 1 -8.6603 -5.0 2
1099 1 -8.6603 -5.0 2
1098 1 -8.6603 -5.0 2
1097 1 -8.6603 -5.0 2
1096 1 -8.6603 -5.0 2
1093 1 -8.6603 -5.0 2
1091 1 -8.6603 -5.0 2
1090 1 -8.6603 -5.0 2
1089 1 -8.6603 -5.0 2
1088 1 -8.6603 -5.0 2
1086 1 -8.6603 -5.0 2
1085 1 -8.6603 -5.0 2
1084 1 -8.6603 -5.0 2
1083 1 -8.6603 -5.0 2
1082 1 -8.6603 -5.0 2
1081 1 -8.6603 -5.0 2
-1 0 0.0 0.0 D
1219 2 59.0 114.18328857421875 60 2147483647 61
0 0 0.0 0.0 D
1353 1 -5.1764 -19.3185 2
1352 1 -5.1764 -19.3185 2
1351 1 -5.1764 -19.3185 2
1215 1 -14.1421 -14.1421 2
1214 1 -14.1421 -14.1421 2
1230 1 -21.2132 -21.2132 2
1227 1 -21.2132 -21.2132 2
1240 1 -28.2843 -28.2843 2
1236 1 -28.2843 -28.2843 2
2000 1 -39.6677 -30.4381 2
1991 1 -39.6677 -30.4381 2
1200 1 -34.641 -20.0 2
1199 1 -34.641 -20.0 2
1198 1 -34.641 -20.0 2
1197 1 -34.641 -20.0 2
1196 1 -34.641 -20.0 2
1195 1 -34.641 -20.0 2
1192 1 -34.641 -20.0 2
1191 1 -34.641 -20.0 2
1189 1 -34.641 -20.0 2
1188 1 -34.641 -20.0 2
1187 1 -34.641 -20.0 2
1186 1 -34.641 -20.0 2
1184 1 -34.641 -20.0 2
1183 1 -34.641 -20.0 2
1182 1 -34.641 -20.0 2
1181 1 -34.641 -20.0 2
1180 1 -34.641 -20.0 2
1179 1 -34.641 -20.0 2
1178 1 -34.641 -20.0 2
1177 1 -34.641 -20.0 2
1176 1 -34.641 -20.0 2
1175 1 -34.641 -20.0 2
1173 1 -34.641 -20.0 2
1172 1 -34.641 -20.0 2
1171 1 -34.641 -20.0 2
1140 1 -17.3205 -10.0 2
1139 1 -17.3205 -10.0 2
1138 1 -17.3205 -10.0 2
1137 1 -17.3205 -10.0 2
1136 1 -17.3205 -10.0 2
1135 1 -17.3205 -10.0 2
1134 1 -17.3205 -10.0 2
1133 1 -17.3205 -10.0 2
1131 1 -17.3205 -10.0 2
1128 1 -17.3205 -10.0 2
1127 1 -17.3205 -10.0 2
1126 1 -17.3205 -10.0 2
1125 1 -17.3205 -10.0 2
1124 1 -17.3205 -10.0 2
1123 1 -17.3205 -10.0 2
1122 1 -17.3205 -10.0 2
1120 1 -17.3205 -10.0 2
1119 1 -17.3205 -10.0 2
1118 1 -17.3205 -10.0 2
1115 1 -17.3205 -10.0 2
1114 1 -17.3205 -10.0 2
1113 1 -17.3205 -10.0 2
1209 1 -7.0711 -7.0711 2
-1 0 0.0 0.0 D
1220 4 149.0 139.64576721191406 150 2147483647 151
0 0 0.0 0.0 D
5 1 10.0 0.0 4
7 1 10.0 0.0 4
8 1 10.0 0.0 4
9 1 10.0 0.0 4
10 1 10.0 0.0 4
1500 1 2.5882 -9.6593 4
1498 1 2.5882 -9.6593 4
1495 1 2.5882 -9.6593 4
1494 1 2.5882 -9.6593 4
1493 1 2.5882 -9.6593 4
1492 1 2.5882 -9.6593 4
1490 1 2.5882 -9.6593 4
1489 1 2.5882 -9.6593 4
1488 1 2.5882 -9.6593 4
1487 1 2.5882 -9.6593 4
1485 1 2.5882 -9.6593 4
1484 1 2.5882 -9.6593 4
1483 1 2.5882 -9.6593 4
1482 1 2.5882 -9.6593 4
1481 1 2.5882 -9.6593 4
1449 1 0.0 -10.0 4
1448 1 0.0 -10.0 4
1447 1 0.0 -10.0 4
1445 1 0.0 -10.0 4
1444 1 0.0 -10.0 4
1443 1 0.0 -10.0 4
1441 1 0.0 -10.0 4
1520 1 5.1764 -19.3185 4
1519 1 5.1764 -19.3185 4
1518 1 5.1764 -19.3185 4
1517 1 5.1764 -19.3185 4
1516 1 5.1764 -19.3185 4
1514 1 5.1764 -19.3185 4
1513 1 5.1764 -19.3185 4
1512 1 5.1764 -19.3185 4
1511 1 5.1764 -19.3185 4
1510 1 5.1764 -19.3185 4
1509 1 5.1764 -19.3185 4
1508 1 5.1764 -19.3185 4
1507 1 5.1764 -19.3185 4
1505 1 5.1764 -19.3185 4
1503 1 5.1764 -19.3185 4
1502 1 5.1764 -19.3185 4
1501 1 5.1764 -19.3185 4
1459 1 0.0 -20.0 4
1458 1 0.0 -20.0 4
1457 1 0.0 -20.0 4
1456 1 0.0 -20.0 4
1455 1 0.0 -20.0 4
1454 1 0.0 -20.0 4
1453 1 0.0 -20.0 4
1451 1 0.0 -20.0 4
1468 1 0.0 -30.0 4
1466 1 0.0 -30.0 4
1465 1 0.0 -30.0 4
1464 1 0.0 -30.0 4
1463 1 0.0 -30.0 4
1462 1 0.0 -30.0 4
1461 1 0.0 -30.0 4
1540 1 7.7646 -28.9778 4
1539 1 7.7646 -28.9778 4
1538 1 7.7646 -28.9778 4
1537 1 7.7646 -28.9778 4
1536 1 7.7646 -28.9778 4
1535 1 7.7646 -28.9778 4
1534 1 7.7646 -28.9778 4
1533 1 7.7646 -28.9778 4
1532 1 7.7646 -28.9778 4
1531 1 7.7646 -28.9778 4
1530 1 7.7646 -28.9778 4
1528 1 7.7646 -28.9778 4
1527 1 7.7646 -28.9778 4
1526 1 7.7646 -28.9778 4
1525 1 7.7646 -28.9778 4
1524 1 7.7646 -28.9778 4
1523 1 7.7646 -28.9778 4
1521 1 7.7646 -28.9778 4
1560 1 10.3528 -38.637 4
1559 1 10.3528 -38.637 4
1556 1 10.3528 -38.637 4
1554 1 10.3528 -38.637 4
1553 1 10.3528 -38.637 4
1552 1 10.3528 -38.637 4
1551 1 10.3528 -38.637 4
1549 1 10.3528 -38.637 4
1548 1 10.3528 -38.637 4
1546 1 10.3528 -38.637 4
1545 1 10.3528 -38.637 4
1543 1 10.3528 -38.637 4
1542 1 10.3528 -38.637 4
1541 1 10.3528 -38.637 4
1480 1 0.0 -40.0 4
1479 1 0.0 -40.0 4
1477 1 0.0 -40.0 4
1476 1 0.0 -40.0 4
1475 1 0.0 -40.0 4
1474 1 0.0 -40.0 4
1472 1 0.0 -40.0 4
1471 1 0.0 -40.0 4
1320 1 -20.0 -34.641 4
1318 1 -20.0 -34.641 4
1317 1 -20.0 -34.641 4
1316 1 -20.0 -34.641 4
1315 1 -20.0 -34.641 4
1313 1 -20.0 -34.641 4
1312 1 -20.0 -34.641 4
1311 1 -20.0 -34.641 4
1310 1 -20.0 -34.641 4
1309 1 -20.0 -34.641 4
1308 1 -20.0 -34.641 4
1307 1 -20.0 -34.641 4
1306 1 -20.0 -34.641 4
1305 1 -20.0 -34.641 4
1304 1 -20.0 -34.641 4
1303 1 -20.0 -34.641 4
1302 1 -20.0 -34.641 4
1301 1 -20.0 -34.641 4
1300 1 -15.0 -25.9808 4
1298 1 -15.0 -25.9808 4
1296 1 -15.0 -25.9808 4
1294 1 -15.0 -25.9808 4
1293 1 -15.0 -25.9808 4
1291 1 -15.0 -25.9808 4
1290 1 -15.0 -25.9808 4
1289 1 -15.0 -25.9808 4
1288 1 -15.0 -25.9808 4
1287 1 -15.0 -25.9808 4
1286 1 -15.0 -25.9808 4
1285 1 -15.0 -25.9808 4
1283 1 -15.0 -25.9808 4
1282 1 -15.0 -25.9808 4
1281 1 -15.0 -25.9808 4
1260 1 -5.0 -8.6603 4
1259 1 -5.0 -8.6603 4
1258 1 -5.0 -8.6603 4
1257 1 -5.0 -8.6603 4
1256 1 -5.0 -8.6603 4
1254 1 -5.0 -8.6603 4
1253 1 -5.0 -8.6603 4
1252 1 -5.0 -8.6603 4
1251 1 -5.0 -8.6603 4
1250 1 -5.0 -8.6603 4
1249 1 -5.0 -8.6603 4
1248 1 -5.0 -8.6603 4
1247 1 -5.0 -8.6603 4
1245 1 -5.0 -8.6603 4
1244 1 -5.0 -8.6603 4
1242 1 -5.0 -8.6603 4
1241 1 -5.0 -8.6603 4
-1 0 0.0 0.0 D
1221 2 59.0 79.99995422363281 60 2147483647 61
0 0 0.0 0.0 D
1392 1 -7.7646 -28.9778 2
1391 1 -7.7646 -28.9778 2
1389 1 -7.7646 -28.9778 2
1388 1 -7.7646 -28.9778 2
1387 1 -7.7646 -28.9778 2
1385 1 -7.7646 -28.9778 2
1384 1 -7.7646 -28.9778 2
1382 1 -7.7646 -28.9778 2
1381 1 -7.7646 -28.9778 2
1440 1 -10.3528 -38.637 2
1438 1 -10.3528 -38.637 2
1437 1 -10.3528 -38.637 2
1435 1 -10.3528 -38.637 2
1434 1 -10.3528 -38.637 2
1433 1 -10.3528 -38.637 2
1432 1 -10.3528 -38.637 2
1430 1 -10.3528 -38.637 2
1429 1 -10.3528 -38.637 2
1428 1 -10.3528 -38.637 2
1427 1 -10.3528 -38.637 2
1426 1 -10.3528 -38.637 2
1425 1 -10.3528 -38.637 2
1424 1 -10.3528 -38.637 2
1423 1 -10.3528 -38.637 2
1422 1 -10.3528 -38.637 2
1421 1 -10.3528 -38.637 2
1420 1 -10.3528 -38.637 2
1419 1 -10.3528 -38.637 2
1418 1 -10.3528 -38.637 2
1417 1 -10.3528 -38.637 2
1416 1 -10.3528 -38.637 2
1414 1 -10.3528 -38.637 2
1413 1 -10.3528 -38.637 2
1412 1 -10.3528 -38.637 2
1411 1 -10.3528 -38.637 2
1380 1 -5.1764 -19.3185 2
1379 1 -5.1764 -19.3185 2
1378 1 -5.1764 -19.3185 2
1377 1 -5.1764 -19.3185 2
1375 1 -5.1764 -19.3185 2
1373 1 -5.1764 -19.3185 2
1372 1 -5.1764 -19.3185 2
1371 1 -5.1764 -19.3185 2
1370 1 -5.1764 -19.3185 2
1369 1 -5.1764 -19.3185 2
1368 1 -5.1764 -19.3185 2
1367 1 -5.1764 -19.3185 2
1366 1 -5.1764 -19.3185 2
1365 1 -5.1764 -19.3185 2
1364 1 -5.1764 -19.3185 2
1363 1 -5.1764 -19.3185 2
1362 1 -5.1764 -19.3185 2
1361 1 -5.1764 -19.3185 2
1360 1 -5.1764 -19.3185 2
1359 1 -5.1764 -19.3185 2
1358 1 -5.1764 -19.3185 2
1357 1 -5.1764 -19.3185 2
1356 1 -5.1764 -19.3185 2
1354 1 -5.1764 -19.3185 2
-1 0 0.0 0.0 D
1222 2 59.0 88.48615264892578 60 2147483647 61
0 0 0.0 0.0 D
1450 1 0.0 -10.0 2
1446 1 0.0 -10.0 2
1442 1 0.0 -10.0 2
1350 1 -2.5882 -9.6593 2
1349 1 -2.5882 -9.6593 2
1348 1 -2.5882 -9.6593 2
1347 1 -2.5882 -9.6593 2
1345 1 -2.5882 -9.6593 2
1343 1 -2.5882 -9.6593 2
1342 1 -2.5882 -9.6593 2
1341 1 -2.5882 -9.6593 2
1339 1 -2.5882 -9.6593 2
1338 1 -2.5882 -9.6593 2
1337 1 -2.5882 -9.6593 2
1336 1 -2.5882 -9.6593 2
1335 1 -2.5882 -9.6593 2
1333 1 -2.5882 -9.6593 2
1332 1 -2.5882 -9.6593 2
1331 1 -2.5882 -9.6593 2
1330 1 -2.5882 -9.6593 2
1328 1 -2.5882 -9.6593 2
1327 1 -2.5882 -9.6593 2
1324 1 -2.5882 -9.6593 2
1323 1 -2.5882 -9.6593 2
1321 1 -2.5882 -9.6593 2
1410 1 -7.7646 -28.9778 2
1409 1 -7.7646 -28.9778 2
1408 1 -7.7646 -28.9778 2
1407 1 -7.7646 -28.9778 2
1406 1 -7.7646 -28.9778 2
1405 1 -7.7646 -28.9778 2
1404 1 -7.7646 -28.9778 2
1401 1 -7.7646 -28.9778 2
1400 1 -7.7646 -28.9778 2
1398 1 -7.7646 -28.9778 2
1397 1 -7.7646 -28.9778 2
1396 1 -7.7646 -28.9778 2
1395 1 -7.7646 -28.9778 2
1394 1 -7.7646 -28.9778 2
1393 1 -7.7646 -28.9778 2
1478 1 0.0 -40.0 2
1473 1 0.0 -40.0 2
1470 1 0.0 -30.0 2
1469 1 0.0 -30.0 2
1467 1 0.0 -30.0 2
1460 1 0.0 -20.0 2
1452 1 0.0 -20.0 2
1578 1 5.0 -8.6603 2
1577 1 5.0 -8.6603 2
1576 1 5.0 -8.6603 2
1575 1 5.0 -8.6603 2
1573 1 5.0 -8.6603 2
1572 1 5.0 -8.6603 2
1570 1 5.0 -8.6603 2
1568 1 5.0 -8.6603 2
1567 1 5.0 -8.6603 2
1565 1 5.0 -8.6603 2
1563 1 5.0 -8.6603 2
1562 1 5.0 -8.6603 2
-1 0 0.0 0.0 D
1223 2 59.0 60.00006103515625 60 2147483647 61
0 0 0.0 0.0 D
1590 1 5.0 -8.6603 2
1650 1 15.0 -25.9808 2
1649 1 15.0 -25.9808 2
1648 1 15.0 -25.9808 2
1647 1 15.0 -25.9808 2
1645 1 15.0 -25.9808 2
1644 1 15.0 -25.9808 2
1643 1 15.0 -25.9808 2
1642 1 15.0 -25.9808 2
1640 1 15.0 -25.9808 2
1638 1 15.0 -25.9808 2
1637 1 15.0 -25.9808 2
1636 1 15.0 -25.9808 2
1634 1 15.0 -25.9808 2
1633 1 15.0 -25.9808 2
1631 1 15.0 -25.9808 2
1630 1 15.0 -25.9808 2
1629 1 15.0 -25.9808 2
1628 1 15.0 -25.9808 2
1626 1 15.0 -25.9808 2
1625 1 15.0 -25.9808 2
1623 1 15.0 -25.9808 2
1622 1 15.0 -25.9808 2
1621 1 15.0 -25.9808 2
1620 1 10.0 -17.3205 2
1619 1 10.0 -17.3205 2
1618 1 10.0 -17.3205 2
1617 1 10.0 -17.3205 2
1616 1 10.0 -17.3205 2
1615 1 10.0 -17.3205 2
1614 1 10.0 -17.3205 2
1613 1 10.0 -17.3205 2
1612 1 10.0 -17.3205 2
1611 1 10.0 -17.3205 2
1610 1 10.0 -17.3205 2
1609 1 10.0 -17.3205 2
1607 1 10.0 -17.3205 2
1606 1 10.0 -17.3205 2
1605 1 10.0 -17.3205 2
1604 1 10.0 -17.3205 2
1603 1 10.0 -17.3205 2
1602 1 10.0 -17.3205 2
1598 1 10.0 -17.3205 2
1597 1 10.0 -17.3205 2
1596 1 10.0 -17.3205 2
1595 1 10.0 -17.3205 2
1594 1 10.0 -17.3205 2
1593 1 10.0 -17.3205 2
1592 1 10.0 -17.3205 2
1589 1 5.0 -8.6603 2
1588 1 5.0 -8.6603 2
1587 1 5.0 -8.6603 2
1586 1 5.0 -8.6603 2
1585 1 5.0 -8.6603 2
1584 1 5.0 -8.6603 2
1582 1 5.0 -8.6603 2
1581 1 5.0 -8.6603 2
1580 1 5.0 -8.6603 2
1579 1 5.0 -8.6603 2
-1 0 0.0 0.0 D
1224 2 59.0 114.63003540039062 60 2147483647 61
0 0 0.0 0.0 D
1697 1 14.1421 -14.1421 2
1696 1 14.1421 -14.1421 2
1694 1 14.1421 -14.1421 2
1693 1 14.1421 -14.1421 2
1709 1 21.2132 -21.2132 2
1680 1 20.0 -34.641 2
1679 1 20.0 -34.641 2
1678 1 20.0 -34.641 2
1676 1 20.0 -34.641 2
1675 1 20.0 -34.641 2
1674 1 20.0 -34.641 2
1673 1 20.0 -34.641 2
1672 1 20.0 -34.641 2
1671 1 20.0 -34.641 2
1669 1 20.0 -34.641 2
1668 1 20.0 -34.641 2
1667 1 20.0 -34.641 2
1666 1 20.0 -34.641 2
1665 1 20.0 -34.641 2
1663 1 20.0 -34.641 2
1661 1 20.0 -34.641 2
1660 1 20.0 -34.641 2
1659 1 20.0 -34.641 2
1657 1 20.0 -34.641 2
1656 1 20.0 -34.641 2
1655 1 20.0 -34.641 2
1652 1 20.0 -34.641 2
1651 1 20.0 -34.641 2
1720 1 28.2843 -28.2843 2
1719 1 28.2843 -28.2843 2
1718 1 28.2843 -28.2843 2
1714 1 28.2843 -28.2843 2
1713 1 28.2843 -28.2843 2
1893 1 38.637 -10.3528 2
1892 1 38.637 -10.3528 2
1891 1 38.637 -10.3528 2
1860 1 19.3185 -5.1764 2
1859 1 19.3185 -5.1764 2
1858 1 19.3185 -5.1764 2
1857 1 19.3185 -5.1764 2
1856 1 19.3185 -5.1764 2
1855 1 19.3185 -5.1764 2
1854 1 19.3185 -5.1764 2
1853 1 19.3185 -5.1764 2
1852 1 19.3185 -5.1764 2
1851 1 19.3185 -5.1764 2
1850 1 19.3185 -5.1764 2
1848 1 19.3185 -5.1764 2
1847 1 19.3185 -5.1764 2
1845 1 19.3185 -5.1764 2
1844 1 19.3185 -5.1764 2
1840 1 19.3185 -5.1764 2
1839 1 19.3185 -5.1764 2
1838 1 19.3185 -5.1764 2
1836 1 19.3185 -5.1764 2
1835 1 19.3185 -5.1764 2
1834 1 19.3185 -5.1764 2
1832 1 19.3185 -5.1764 2
1831 1 19.3185 -5.1764 2
-1 0 0.0 0.0 D
1226 2 59.0 79.99995422363281 60 2147483647 61
0 0 0.0 0.0 D
1819 1 9.6593 -2.5882 2
1818 1 9.6593 -2.5882 2
1817 1 9.6593 -2.5882 2
1816 1 9.6593 -2.5882 2
1814 1 9.6593 -2.5882 2
1813 1 9.6593 -2.5882 2
1811 1 9.6593 -2.5882 2
1810 1 9.6593 -2.5882 2
1809 1 9.6593 -2.5882 2
1807 1 9.6593 -2.5882 2
1806 1 9.6593 -2.5882 2
1805 1 9.6593 -2.5882 2
1804 1 9.6593 -2.5882 2
1802 1 9.6593 -2.5882 2
1801 1 9.6593 -2.5882 2
1890 1 28.9778 -7.7646 2
1889 1 28.9778 -7.7646 2
1887 1 28.9778 -7.7646 2
1886 1 28.9778 -7.7646 2
1884 1 28.9778 -7.7646 2
1883 1 28.9778 -7.7646 2
1881 1 28.9778 -7.7646 2
1880 1 28.9778 -7.7646 2
1879 1 28.9778 -7.7646 2
1878 1 28.9778 -7.7646 2
1876 1 28.9778 -7.7646 2
1875 1 28.9778 -7.7646 2
1874 1 28.9778 -7.7646 2
1873 1 28.9778 -7.7646 2
1872 1 28.9778 -7.7646 2
1871 1 28.9778 -7.7646 2
1869 1 28.9778 -7.7646 2
1868 1 28.9778 -7.7646 2
1866 1 28.9778 -7.7646 2
1865 1 28.9778 -7.7646 2
1863 1 28.9778 -7.7646 2
1861 1 28.9778 -7.7646 2
1920 1 38.637 -10.3528 2
1918 1 38.637 -10.3528 2
1917 1 38.637 -10.3528 2
1916 1 38.637 -10.3528 2
1914 1 38.637 -10.3528 2
1913 1 38.637 -10.3528 2
1912 1 38.637 -10.3528 2
1911 1 38.637 -10.3528 2
1910 1 38.637 -10.3528 2
1909 1 38.637 -10.3528 2
1908 1 38.637 -10.3528 2
1907 1 38.637 -10.3528 2
1906 1 38.637 -10.3528 2
1903 1 38.637 -10.3528 2
1902 1 38.637 -10.3528 2
1900 1 38.637 -10.3528 2
1899 1 38.637 -10.3528 2
1898 1 38.637 -10.3528 2
1897 1 38.637 -10.3528 2
1896 1 38.637 -10.3528 2
1895 1 38.637 -10.3528 2
1894 1 38.637 -10.3528 2
-1 0 0.0 0.0 D
1239 2 65.0 93.14199829101562 100 2147483647 67
0 0 0.0 0.0 D
121 1 8.6603 5.0 2
123 1 8.6603 5.0 2
124 1 8.6603 5.0 2
125 1 8.6603 5.0 2
126 1 8.6603 5.0 2
128 1 8.6603 5.0 2
130 1 8.6603 5.0 2
131 1 8.6603 5.0 2
132 1 8.6603 5.0 2
133 1 8.6603 5.0 2
134 1 8.6603 5.0 2
135 1 8.6603 5.0 2
137 1 8.6603 5.0 2
138 1 8.6603 5.0 2
139 1 8.6603 5.0 2
140 1 8.6603 5.0 2
141 1 8.6603 5.0 2
142 1 8.6603 5.0 2
143 1 8.6603 5.0 2
146 1 8.6603 5.0 2
147 1 8.6603 5.0 2
148 1 8.6603 5.0 2
149 1 8.6603 5.0 2
150 1 8.6603 5.0 2
151 1 17.3205 10.0 2
152 1 17.3205 10.0 2
181 1 25.9808 15.0 2
182 1 25.9808 15.0 2
183 1 25.9808 15.0 2
184 1 25.9808 15.0 2
185 1 25.9808 15.0 2
186 1 25.9808 15.0 2
187 1 25.9808 15.0 2
188 1 25.9808 15.0 2
190 1 25.9808 15.0 2
191 1 25.9808 15.0 2
192 1 25.9808 15.0 2
193 1 25.9808 15.0 2
194 1 25.9808 15.0 2
197 1 25.9808 15.0 2
198 1 25.9808 15.0 2
199 1 25.9808 15.0 2
200 1 25.9808 15.0 2
201 1 25.9808 15.0 2
202 1 25.9808 15.0 2
203 1 25.9808 15.0 2
204 1 25.9808 15.0 2
205 1 25.9808 15.0 2
206 1 25.9808 15.0 2
209 1 25.9808 15.0 2
210 1 25.9808 15.0 2
36 1 40.0 0.0 2
39 1 40.0 0.0 2
40 1 40.0 0.0 2
30 1 30.0 0.0 2
11 1 20.0 0.0 2
1 1 10.0 0.0 2
4 1 10.0 0.0 2
6 1 10.0 0.0 2
1821 1 9.6593 -2.5882 2
1823 1 9.6593 -2.5882 2
1824 1 9.6593 -2.5882 2
1825 1 9.6593 -2.5882 2
1829 1 9.6593 -2.5882 2
1830 1 9.6593 -2.5882 2
-1 0 0.0 0.0 D
1257 4 242.0 261.32476806640625 250 2147483647 244
0 0 0.0 0.0 D
41 1 9.6593 2.5882 4
43 1 9.6593 2.5882 4
44 1 9.6593 2.5882 4
45 1 9.6593 2.5882 4
46 1 9.6593 2.5882 4
47 1 9.6593 2.5882 4
48 1 9.6593 2.5882 4
49 1 9.6593 2.5882 4
50 1 9.6593 2.5882 4
51 1 9.6593 2.5882 4
52 1 9.6593 2.5882 4
53 1 9.6593 2.5882 4
54 1 9.6593 2.5882 4
55 1 9.6593 2.5882 4
56 1 9.6593 2.5882 4
57 1 9.6593 2.5882 4
58 1 9.6593 2.5882 4
59 1 9.6593 2.5882 4
60 1 9.6593 2.5882 4
242 1 7.0711 7.0711 4
243 1 7.0711 7.0711 4
244 1 7.0711 7.0711 4
245 1 7.0711 7.0711 4
246 1 7.0711 7.0711 4
247 1 7.0711 7.0711 4
248 1 7.0711 7.0711 4
249 1 7.0711 7.0711 4
250 1 7.0711 7.0711 4
301 1 10.0 17.3205 4
302 1 10.0 17.3205 4
303 1 10.0 17.3205 4
252 1 14.1421 14.1421 4
253 1 14.1421 14.1421 4
254 1 14.1421 14.1421 4
255 1 14.1421 14.1421 4
256 1 14.1421 14.1421 4
260 1 14.1421 14.1421 4
61 1 19.3185 5.1764 4
62 1 19.3185 5.1764 4
64 1 19.3185 5.1764 4
65 1 19.3185 5.1764 4
66 1 19.3185 5.1764 4
67 1 19.3185 5.1764 4
69 1 19.3185 5.1764 4
71 1 19.3185 5.1764 4
73 1 19.3185 5.1764 4
75 1 19.3185 5.1764 4
76 1 19.3185 5.1764 4
77 1 19.3185 5.1764 4
78 1 19.3185 5.1764 4
79 1 19.3185 5.1764 4
80 1 19.3185 5.1764 4
81 1 28.9778 7.7646 4
83 1 28.9778 7.7646 4
84 1 28.9778 7.7646 4
85 1 28.9778 7.7646 4
86 1 28.9778 7.7646 4
88 1 28.9778 7.7646 4
89 1 28.9778 7.7646 4
91 1 28.9778 7.7646 4
92 1 28.9778 7.7646 4
94 1 28.9778 7.7646 4
95 1 28.9778 7.7646 4
96 1 28.9778 7.7646 4
97 1 28.9778 7.7646 4
98 1 28.9778 7.7646 4
99 1 28.9778 7.7646 4
103 1 38.637 10.3528 4
104 1 38.637 10.3528 4
105 1 38.637 10.3528 4
106 1 38.637 10.3528 4
107 1 38.637 10.3528 4
108 1 38.637 10.3528 4
109 1 38.637 10.3528 4
110 1 38.637 10.3528 4
111 1 38.637 10.3528 4
112 1 38.637 10.3528 4
113 1 38.637 10.3528 4
114 1 38.637 10.3528 4
116 1 38.637 10.3528 4
117 1 38.637 10.3528 4
118 1 38.637 10.3528 4
119 1 38.637 10.3528 4
120 1 38.637 10.3528 4
262 1 21.2132 21.2132 4
263 1 21.2132 21.2132 4
264 1 21.2132 21.2132 4
265 1 21.2132 21.2132 4
266 1 21.2132 21.2132 4
267 1 21.2132 21.2132 4
268 1 21.2132 21.2132 4
269 1 21.2132 21.2132 4
270 1 21.2132 21.2132 4
271 1 28.2843 28.2843 4
272 1 28.2843 28.2843 4
273 1 28.2843 28.2843 4
274 1 28.2843 28.2843 4
275 1 28.2843 28.2843 4
276 1 28.2843 28.2843 4
277 1 28.2843 28.2843 4
278 1 28.2843 28.2843 4
279 1 28.2843 28.2843 4
1931 1 39.6677 30.4381 4
1932 1 39.6677 30.4381 4
1933 1 39.6677 30.4381 4
1935 1 39.6677 30.4381 4
1937 1 39.6677 30.4381 4
1938 1 39.6677 30.4381 4
1940 1 39.6677 30.4381 4
1921 1 49.5722 6.5263 4
1922 1 49.5722 6.5263 4
1924 1 49.5722 6.5263 4
1925 1 49.5722 6.5263 4
1926 1 49.5722 6.5263 4
1927 1 49.5722 6.5263 4
1929 1 49.5722 6.5263 4
1930 1 49.5722 6.5263 4
31 1 40.0 0.0 4
32 1 40.0 0.0 4
33 1 40.0 0.0 4
34 1 40.0 0.0 4
35 1 40.0 0.0 4
37 1 40.0 0.0 4
38 1 40.0 0.0 4
21 1 30.0 0.0 4
22 1 30.0 0.0 4
23 1 30.0 0.0 4
24 1 30.0 0.0 4
25 1 30.0 0.0 4
26 1 30.0 0.0 4
27 1 30.0 0.0 4
28 1 30.0 0.0 4
29 1 30.0 0.0 4
12 1 20.0 0.0 4
13 1 20.0 0.0 4
14 1 20.0 0.0 4
15 1 20.0 0.0 4
16 1 20.0 0.0 4
17 1 20.0 0.0 4
18 1 20.0 0.0 4
19 1 20.0 0.0 4
20 1 20.0 0.0 4
1782 1 34.641 -20.0 4
1783 1 34.641 -20.0 4
1784 1 34.641 -20.0 4
1785 1 34.641 -20.0 4
1786 1 34.641 -20.0 4
1787 1 34.641 -20.0 4
1788 1 34.641 -20.0 4
1789 1 34.641 -20.0 4
1790 1 34.641 -20.0 4
1791 1 34.641 -20.0 4
1792 1 34.641 -20.0 4
1794 1 34.641 -20.0 4
1795 1 34.641 -20.0 4
1796 1 34.641 -20.0 4
1797 1 34.641 -20.0 4
1798 1 34.641 -20.0 4
1800 1 34.641 -20.0 4
1711 1 28.2843 -28.2843 4
1712 1 28.2843 -28.2843 4
1715 1 28.2843 -28.2843 4
1716 1 28.2843 -28.2843 4
1717 1 28.2843 -28.2843 4
1701 1 21.2132 -21.2132 4
1702 1 21.2132 -21.2132 4
1703 1 21.2132 -21.2132 4
1704 1 21.2132 -21.2132 4
1705 1 21.2132 -21.2132 4
1706 1 21.2132 -21.2132 4
1707 1 21.2132 -21.2132 4
1708 1 21.2132 -21.2132 4
1710 1 21.2132 -21.2132 4
1761 1 25.9808 -15.0 4
1762 1 25.9808 -15.0 4
1763 1 25.9808 -15.0 4
1764 1 25.9808 -15.0 4
1765 1 25.9808 -15.0 4
1767 1 25.9808 -15.0 4
1768 1 25.9808 -15.0 4
1769 1 25.9808 -15.0 4
1770 1 25.9808 -15.0 4
1771 1 25.9808 -15.0 4
1772 1 25.9808 -15.0 4
1774 1 25.9808 -15.0 4
1775 1 25.9808 -15.0 4
1776 1 25.9808 -15.0 4
1777 1 25.9808 -15.0 4
1778 1 25.9808 -15.0 4
1779 1 25.9808 -15.0 4
1780 1 25.9808 -15.0 4
1691 1 14.1421 -14.1421 4
1692 1 14.1421 -14.1421 4
1695 1 14.1421 -14.1421 4
1698 1 14.1421 -14.1421 4
1699 1 14.1421 -14.1421 4
1700 1 14.1421 -14.1421 4
1741 1 17.3205 -10.0 4
1742 1 17.3205 -10.0 4
1743 1 17.3205 -10.0 4
1744 1 17.3205 -10.0 4
1746 1 17.3205 -10.0 4
1747 1 17.3205 -10.0 4
1748 1 17.3205 -10.0 4
1749 1 17.3205 -10.0 4
1750 1 17.3205 -10.0 4
1751 1 17.3205 -10.0 4
1752 1 17.3205 -10.0 4
1753 1 17.3205 -10.0 4
1754 1 17.3205 -10.0 4
1755 1 17.3205 -10.0 4
1756 1 17.3205 -10.0 4
1760 1 17.3205 -10.0 4
2 1 10.0 0.0 4
3 1 10.0 0.0 4
1721 1 8.6603 -5.0 4
1722 1 8.6603 -5.0 4
1724 1 8.6603 -5.0 4
1725 1 8.6603 -5.0 4
1726 1 8.6603 -5.0 4
1727 1 8.6603 -5.0 4
1728 1 8.6603 -5.0 4
1729 1 8.6603 -5.0 4
1730 1 8.6603 -5.0 4
1732 1 8.6603 -5.0 4
1734 1 8.6603 -5.0 4
1735 1 8.6603 -5.0 4
1736 1 8.6603 -5.0 4
1737 1 8.6603 -5.0 4
1738 1 8.6603 -5.0 4
1739 1 8.6603 -5.0 4
1740 1 8.6603 -5.0 4
1686 1 7.0711 -7.0711 4
1687 1 7.0711 -7.0711 4
1688 1 7.0711 -7.0711 4
1689 1 7.0711 -7.0711 4
1690 1 7.0711 -7.0711 4
1681 1 7.0711 -7.0711 4
1682 1 7.0711 -7.0711 4
1683 1 7.0711 -7.0711 4
1684 1 7.0711 -7.0711 4
1685 1 7.0711 -7.0711 4
-1 0 0.0 0.0 D
