2000
1 2 1 10.0 0.0 1
2 4 1 10.0 0.0 1
3 4 1 10.0 0.0 1
4 2 1 10.0 0.0 1
5 4 1 10.0 0.0 1
6 2 1 10.0 0.0 1
7 4 1 10.0 0.0 1
8 4 1 10.0 0.0 1
9 4 1 10.0 0.0 1
10 4 1 10.0 0.0 1
11 2 1 20.0 0.0 2
12 4 1 20.0 0.0 2
13 4 1 20.0 0.0 2
14 4 1 20.0 0.0 2
15 4 1 20.0 0.0 2
16 4 1 20.0 0.0 2
17 4 1 20.0 0.0 2
18 4 1 20.0 0.0 2
19 4 1 20.0 0.0 2
20 4 1 20.0 0.0 2
21 4 1 30.0 0.0 3
22 4 1 30.0 0.0 3
23 4 1 30.0 0.0 3
24 4 1 30.0 0.0 3
25 4 1 30.0 0.0 3
26 4 1 30.0 0.0 3
27 4 1 30.0 0.0 3
28 4 1 30.0 0.0 3
29 4 1 30.0 0.0 3
30 2 1 30.0 0.0 3
31 4 1 40.0 0.0 4
32 4 1 40.0 0.0 4
33 4 1 40.0 0.0 4
34 4 1 40.0 0.0 4
35 4 1 40.0 0.0 4
36 2 1 40.0 0.0 4
37 4 1 40.0 0.0 4
38 4 1 40.0 0.0 4
39 2 1 40.0 0.0 4
40 2 1 40.0 0.0 4
41 4 1 9.6593 2.5882 5
42 1 1 9.6593 2.5882 5
43 4 1 9.6593 2.5882 5
44 4 1 9.6593 2.5882 5
45 4 1 9.6593 2.5882 5
46 4 1 9.6593 2.5882 5
47 4 1 9.6593 2.5882 5
48 4 1 9.6593 2.5882 5
49 4 1 9.6593 2.5882 5
50 4 1 9.6593 2.5882 5
51 4 1 9.6593 2.5882 5
52 4 1 9.6593 2.5882 5
53 4 1 9.6593 2.5882 5
54 4 1 9.6593 2.5882 5
55 4 1 9.6593 2.5882 5
56 4 1 9.6593 2.5882 5
57 4 1 9.6593 2.5882 5
58 4 1 9.6593 2.5882 5
59 4 1 9.6593 2.5882 5
60 4 1 9.6593 2.5882 5
61 4 1 19.3185 5.1764 6
62 4 1 19.3185 5.1764 6
63 1 1 19.3185 5.1764 6
64 4 1 19.3185 5.1764 6
65 4 1 19.3185 5.1764 6
66 4 1 19.3185 5.1764 6
67 4 1 19.3185 5.1764 6
68 1 1 19.3185 5.1764 6
69 4 1 19.3185 5.1764 6
70 1 1 19.3185 5.1764 6
71 4 1 19.3185 5.1764 6
72 1 1 19.3185 5.1764 6
73 4 1 19.3185 5.1764 6
74 1 1 19.3185 5.1764 6
75 4 1 19.3185 5.1764 6
76 4 1 19.3185 5.1764 6
77 4 1 19.3185 5.1764 6
78 4 1 19.3185 5.1764 6
79 4 1 19.3185 5.1764 6
80 4 1 19.3185 5.1764 6
81 4 1 28.9778 7.7646 7
82 1 1 28.9778 7.7646 7
83 4 1 28.9778 7.7646 7
84 4 1 28.9778 7.7646 7
85 4 1 28.9778 7.7646 7
86 4 1 28.9778 7.7646 7
87 1 1 28.9778 7.7646 7
88 4 1 28.9778 7.7646 7
89 4 1 28.9778 7.7646 7
90 1 1 28.9778 7.7646 7
91 4 1 28.9778 7.7646 7
92 4 1 28.9778 7.7646 7
93 1 1 28.9778 7.7646 7
94 4 1 28.9778 7.7646 7
95 4 1 28.9778 7.7646 7
96 4 1 28.9778 7.7646 7
97 4 1 28.9778 7.7646 7
98 4 1 28.9778 7.7646 7
99 4 1 28.9778 7.7646 7
100 1 1 28.9778 7.7646 7
101 1 1 38.637 10.3528 8
102 1 1 38.637 10.3528 8
103 4 1 38.637 10.3528 8
104 4 1 38.637 10.3528 8
105 4 1 38.637 10.3528 8
106 4 1 38.637 10.3528 8
107 4 1 38.637 10.3528 8
108 4 1 38.637 10.3528 8
109 4 1 38.637 10.3528 8
110 4 1 38.637 10.3528 8
111 4 1 38.637 10.3528 8
112 4 1 38.637 10.3528 8
113 4 1 38.637 10.3528 8
114 4 1 38.637 10.3528 8
115 1 1 38.637 10.3528 8
116 4 1 38.637 10.3528 8
117 4 1 38.637 10.3528 8
118 4 1 38.637 10.3528 8
119 4 1 38.637 10.3528 8
120 4 1 38.637 10.3528 8
121 2 1 8.6603 5.0 9
122 1 1 8.6603 5.0 9
123 2 1 8.6603 5.0 9
124 2 1 8.6603 5.0 9
125 2 1 8.6603 5.0 9
126 2 1 8.6603 5.0 9
127 1 1 8.6603 5.0 9
128 2 1 8.6603 5.0 9
129 1 1 8.6603 5.0 9
130 2 1 8.6603 5.0 9
131 2 1 8.6603 5.0 9
132 2 1 8.6603 5.0 9
133 2 1 8.6603 5.0 9
134 2 1 8.6603 5.0 9
135 2 1 8.6603 5.0 9
136 1 1 8.6603 5.0 9
137 2 1 8.6603 5.0 9
138 2 1 8.6603 5.0 9
139 2 1 8.6603 5.0 9
140 2 1 8.6603 5.0 9
141 2 1 8.6603 5.0 9
142 2 1 8.6603 5.0 9
143 2 1 8.6603 5.0 9
144 1 1 8.6603 5.0 9
145 1 1 8.6603 5.0 9
146 2 1 8.6603 5.0 9
147 2 1 8.6603 5.0 9
148 2 1 8.6603 5.0 9
149 2 1 8.6603 5.0 9
150 2 1 8.6603 5.0 9
151 2 1 17.3205 10.0 10
152 2 1 17.3205 10.0 10
153 2 1 17.3205 10.0 10
154 2 1 17.3205 10.0 10
155 2 1 17.3205 10.0 10
156 1 1 17.3205 10.0 10
157 2 1 17.3205 10.0 10
158 2 1 17.3205 10.0 10
159 1 1 17.3205 10.0 10
160 1 1 17.3205 10.0 10
161 2 1 17.3205 10.0 10
162 2 1 17.3205 10.0 10
163 2 1 17.3205 10.0 10
164 2 1 17.3205 10.0 10
165 2 1 17.3205 10.0 10
166 2 1 17.3205 10.0 10
167 2 1 17.3205 10.0 10
168 1 1 17.3205 10.0 10
169 1 1 17.3205 10.0 10
170 2 1 17.3205 10.0 10
171 2 1 17.3205 10.0 10
172 2 1 17.3205 10.0 10
173 2 1 17.3205 10.0 10
174 1 1 17.3205 10.0 10
175 2 1 17.3205 10.0 10
176 1 1 17.3205 10.0 10
177 2 1 17.3205 10.0 10
178 2 1 17.3205 10.0 10
179 2 1 17.3205 10.0 10
180 2 1 17.3205 10.0 10
181 2 1 25.9808 15.0 11
182 2 1 25.9808 15.0 11
183 2 1 25.9808 15.0 11
184 2 1 25.9808 15.0 11
185 2 1 25.9808 15.0 11
186 2 1 25.9808 15.0 11
187 2 1 25.9808 15.0 11
188 2 1 25.9808 15.0 11
189 1 1 25.9808 15.0 11
190 2 1 25.9808 15.0 11
191 2 1 25.9808 15.0 11
192 2 1 25.9808 15.0 11
193 2 1 25.9808 15.0 11
194 2 1 25.9808 15.0 11
195 1 1 25.9808 15.0 11
196 1 1 25.9808 15.0 11
197 2 1 25.9808 15.0 11
198 2 1 25.9808 15.0 11
199 2 1 25.9808 15.0 11
200 2 1 25.9808 15.0 11
201 2 1 25.9808 15.0 11
202 2 1 25.9808 15.0 11
203 2 1 25.9808 15.0 11
204 2 1 25.9808 15.0 11
205 2 1 25.9808 15.0 11
206 2 1 25.9808 15.0 11
207 1 1 25.9808 15.0 11
208 1 1 25.9808 15.0 11
209 2 1 25.9808 15.0 11
210 2 1 25.9808 15.0 11
211 2 1 34.641 20.0 12
212 2 1 34.641 20.0 12
213 2 1 34.641 20.0 12
214 2 1 34.641 20.0 12
215 2 1 34.641 20.0 12
216 2 1 34.641 20.0 12
217 1 1 34.641 20.0 12
218 1 1 34.641 20.0 12
219 2 1 34.641 20.0 12
220 2 1 34.641 20.0 12
221 1 1 34.641 20.0 12
222 1 1 34.641 20.0 12
223 2 1 34.641 20.0 12
224 2 1 34.641 20.0 12
225 2 1 34.641 20.0 12
226 2 1 34.641 20.0 12
227 2 1 34.641 20.0 12
228 2 1 34.641 20.0 12
229 2 1 34.641 20.0 12
230 2 1 34.641 20.0 12
231 2 1 34.641 20.0 12
232 2 1 34.641 20.0 12
233 2 1 34.641 20.0 12
234 2 1 34.641 20.0 12
235 2 1 34.641 20.0 12
236 2 1 34.641 20.0 12
237 2 1 34.641 20.0 12
238 2 1 34.641 20.0 12
239 2 1 34.641 20.0 12
240 2 1 34.641 20.0 12
241 2 1 7.0711 7.0711 13
242 4 1 7.0711 7.0711 13
243 4 1 7.0711 7.0711 13
244 4 1 7.0711 7.0711 13
245 4 1 7.0711 7.0711 13
246 4 1 7.0711 7.0711 13
247 4 1 7.0711 7.0711 13
248 4 1 7.0711 7.0711 13
249 4 1 7.0711 7.0711 13
250 4 1 7.0711 7.0711 13
251 2 1 14.1421 14.1421 14
252 4 1 14.1421 14.1421 14
253 4 1 14.1421 14.1421 14
254 4 1 14.1421 14.1421 14
255 4 1 14.1421 14.1421 14
256 4 1 14.1421 14.1421 14
257 2 1 14.1421 14.1421 14
258 2 1 14.1421 14.1421 14
259 2 1 14.1421 14.1421 14
260 4 1 14.1421 14.1421 14
261 2 1 21.2132 21.2132 15
262 4 1 21.2132 21.2132 15
263 4 1 21.2132 21.2132 15
264 4 1 21.2132 21.2132 15
265 4 1 21.2132 21.2132 15
266 4 1 21.2132 21.2132 15
267 4 1 21.2132 21.2132 15
268 4 1 21.2132 21.2132 15
269 4 1 21.2132 21.2132 15
270 4 1 21.2132 21.2132 15
271 4 1 28.2843 28.2843 16
272 4 1 28.2843 28.2843 16
273 4 1 28.2843 28.2843 16
274 4 1 28.2843 28.2843 16
275 4 1 28.2843 28.2843 16
276 4 1 28.2843 28.2843 16
277 4 1 28.2843 28.2843 16
278 4 1 28.2843 28.2843 16
279 4 1 28.2843 28.2843 16
280 2 1 28.2843 28.2843 16
281 1 1 5.0 8.6603 17
282 1 1 5.0 8.6603 17
283 4 1 5.0 8.6603 17
284 4 1 5.0 8.6603 17
285 4 1 5.0 8.6603 17
286 1 1 5.0 8.6603 17
287 4 1 5.0 8.6603 17
288 4 1 5.0 8.6603 17
289 4 1 5.0 8.6603 17
290 4 1 5.0 8.6603 17
291 4 1 5.0 8.6603 17
292 4 1 5.0 8.6603 17
293 4 1 5.0 8.6603 17
294 4 1 5.0 8.6603 17
295 4 1 5.0 8.6603 17
296 1 1 5.0 8.6603 17
297 1 1 5.0 8.6603 17
298 4 1 5.0 8.6603 17
299 4 1 5.0 8.6603 17
300 4 1 5.0 8.6603 17
301 4 1 10.0 17.3205 18
302 4 1 10.0 17.3205 18
303 4 1 10.0 17.3205 18
304 1 1 10.0 17.3205 18
305 4 1 10.0 17.3205 18
306 4 1 10.0 17.3205 18
307 4 1 10.0 17.3205 18
308 4 1 10.0 17.3205 18
309 4 1 10.0 17.3205 18
310 4 1 10.0 17.3205 18
311 4 1 10.0 17.3205 18
312 4 1 10.0 17.3205 18
313 4 1 10.0 17.3205 18
314 4 1 10.0 17.3205 18
315 4 1 10.0 17.3205 18
316 4 1 10.0 17.3205 18
317 1 1 10.0 17.3205 18
318 4 1 10.0 17.3205 18
319 4 1 10.0 17.3205 18
320 4 1 10.0 17.3205 18
321 4 1 15.0 25.9808 19
322 4 1 15.0 25.9808 19
323 4 1 15.0 25.9808 19
324 4 1 15.0 25.9808 19
325 4 1 15.0 25.9808 19
326 4 1 15.0 25.9808 19
327 4 1 15.0 25.9808 19
328 4 1 15.0 25.9808 19
329 4 1 15.0 25.9808 19
330 4 1 15.0 25.9808 19
331 1 1 15.0 25.9808 19
332 1 1 15.0 25.9808 19
333 4 1 15.0 25.9808 19
334 4 1 15.0 25.9808 19
335 1 1 15.0 25.9808 19
336 4 1 15.0 25.9808 19
337 4 1 15.0 25.9808 19
338 4 1 15.0 25.9808 19
339 4 1 15.0 25.9808 19
340 1 1 15.0 25.9808 19
341 4 1 20.0 34.641 20
342 4 1 20.0 34.641 20
343 4 1 20.0 34.641 20
344 4 1 20.0 34.641 20
345 4 1 20.0 34.641 20
346 4 1 20.0 34.641 20
347 4 1 20.0 34.641 20
348 4 1 20.0 34.641 20
349 4 1 20.0 34.641 20
350 4 1 20.0 34.641 20
351 4 1 20.0 34.641 20
352 4 1 20.0 34.641 20
353 4 1 20.0 34.641 20
354 4 1 20.0 34.641 20
355 4 1 20.0 34.641 20
356 4 1 20.0 34.641 20
357 4 1 20.0 34.641 20
358 4 1 20.0 34.641 20
359 4 1 20.0 34.641 20
360 4 1 20.0 34.641 20
361 2 1 2.5882 9.6593 21
362 2 1 2.5882 9.6593 21
363 2 1 2.5882 9.6593 21
364 1 1 2.5882 9.6593 21
365 2 1 2.5882 9.6593 21
366 2 1 2.5882 9.6593 21
367 2 1 2.5882 9.6593 21
368 2 1 2.5882 9.6593 21
369 2 1 2.5882 9.6593 21
370 2 1 2.5882 9.6593 21
371 2 1 2.5882 9.6593 21
372 2 1 2.5882 9.6593 21
373 1 1 2.5882 9.6593 21
374 1 1 2.5882 9.6593 21
375 2 1 2.5882 9.6593 21
376 2 1 2.5882 9.6593 21
377 2 1 2.5882 9.6593 21
378 2 1 2.5882 9.6593 21
379 2 1 2.5882 9.6593 21
380 2 1 2.5882 9.6593 21
381 2 1 2.5882 9.6593 21
382 2 1 2.5882 9.6593 21
383 2 1 2.5882 9.6593 21
384 1 1 2.5882 9.6593 21
385 2 1 2.5882 9.6593 21
386 2 1 2.5882 9.6593 21
387 2 1 2.5882 9.6593 21
388 2 1 2.5882 9.6593 21
389 2 1 2.5882 9.6593 21
390 2 1 2.5882 9.6593 21
391 2 1 5.1764 19.3185 22
392 2 1 5.1764 19.3185 22
393 2 1 5.1764 19.3185 22
394 2 1 5.1764 19.3185 22
395 1 1 5.1764 19.3185 22
396 2 1 5.1764 19.3185 22
397 2 1 5.1764 19.3185 22
398 1 1 5.1764 19.3185 22
399 2 1 5.1764 19.3185 22
400 2 1 5.1764 19.3185 22
401 2 1 5.1764 19.3185 22
402 1 1 5.1764 19.3185 22
403 2 1 5.1764 19.3185 22
404 2 1 5.1764 19.3185 22
405 2 1 5.1764 19.3185 22
406 2 1 5.1764 19.3185 22
407 2 1 5.1764 19.3185 22
408 2 1 5.1764 19.3185 22
409 2 1 5.1764 19.3185 22
410 2 1 5.1764 19.3185 22
411 1 1 5.1764 19.3185 22
412 2 1 5.1764 19.3185 22
413 2 1 5.1764 19.3185 22
414 1 1 5.1764 19.3185 22
415 2 1 5.1764 19.3185 22
416 2 1 5.1764 19.3185 22
417 2 1 5.1764 19.3185 22
418 2 1 5.1764 19.3185 22
419 2 1 5.1764 19.3185 22
420 2 1 5.1764 19.3185 22
421 2 1 7.7646 28.9778 23
422 2 1 7.7646 28.9778 23
423 2 1 7.7646 28.9778 23
424 2 1 7.7646 28.9778 23
425 2 1 7.7646 28.9778 23
426 2 1 7.7646 28.9778 23
427 2 1 7.7646 28.9778 23
428 2 1 7.7646 28.9778 23
429 1 1 7.7646 28.9778 23
430 1 1 7.7646 28.9778 23
431 2 1 7.7646 28.9778 23
432 2 1 7.7646 28.9778 23
433 2 1 7.7646 28.9778 23
434 2 1 7.7646 28.9778 23
435 2 1 7.7646 28.9778 23
436 2 1 7.7646 28.9778 23
437 2 1 7.7646 28.9778 23
438 1 1 7.7646 28.9778 23
439 2 1 7.7646 28.9778 23
440 2 1 7.7646 28.9778 23
441 2 1 7.7646 28.9778 23
442 2 1 7.7646 28.9778 23
443 2 1 7.7646 28.9778 23
444 2 1 7.7646 28.9778 23
445 2 1 7.7646 28.9778 23
446 2 1 7.7646 28.9778 23
447 2 1 7.7646 28.9778 23
448 2 1 7.7646 28.9778 23
449 2 1 7.7646 28.9778 23
450 2 1 7.7646 28.9778 23
451 1 1 10.3528 38.637 24
452 2 1 10.3528 38.637 24
453 2 1 10.3528 38.637 24
454 2 1 10.3528 38.637 24
455 2 1 10.3528 38.637 24
456 2 1 10.3528 38.637 24
457 2 1 10.3528 38.637 24
458 2 1 10.3528 38.637 24
459 2 1 10.3528 38.637 24
460 2 1 10.3528 38.637 24
461 2 1 10.3528 38.637 24
462 2 1 10.3528 38.637 24
463 2 1 10.3528 38.637 24
464 2 1 10.3528 38.637 24
465 2 1 10.3528 38.637 24
466 2 1 10.3528 38.637 24
467 2 1 10.3528 38.637 24
468 2 1 10.3528 38.637 24
469 2 1 10.3528 38.637 24
470 1 1 10.3528 38.637 24
471 1 1 10.3528 38.637 24
472 2 1 10.3528 38.637 24
473 2 1 10.3528 38.637 24
474 1 1 10.3528 38.637 24
475 2 1 10.3528 38.637 24
476 2 1 10.3528 38.637 24
477 2 1 10.3528 38.637 24
478 1 1 10.3528 38.637 24
479 2 1 10.3528 38.637 24
480 2 1 10.3528 38.637 24
481 2 1 0.0 10.0 25
482 2 1 0.0 10.0 25
483 2 1 0.0 10.0 25
484 2 1 0.0 10.0 25
485 2 1 0.0 10.0 25
486 4 1 0.0 10.0 25
487 2 1 0.0 10.0 25
488 4 1 0.0 10.0 25
489 4 1 0.0 10.0 25
490 4 1 0.0 10.0 25
491 4 1 0.0 20.0 26
492 4 1 0.0 20.0 26
493 2 1 0.0 20.0 26
494 4 1 0.0 20.0 26
495 4 1 0.0 20.0 26
496 4 1 0.0 20.0 26
497 2 1 0.0 20.0 26
498 4 1 0.0 20.0 26
499 4 1 0.0 20.0 26
500 4 1 0.0 20.0 26
501 4 1 0.0 30.0 27
502 4 1 0.0 30.0 27
503 2 1 0.0 30.0 27
504 4 1 0.0 30.0 27
505 2 1 0.0 30.0 27
506 2 1 0.0 30.0 27
507 4 1 0.0 30.0 27
508 4 1 0.0 30.0 27
509 4 1 0.0 30.0 27
510 4 1 0.0 30.0 27
511 4 1 0.0 40.0 28
512 4 1 0.0 40.0 28
513 4 1 0.0 40.0 28
514 4 1 0.0 40.0 28
515 4 1 0.0 40.0 28
516 4 1 0.0 40.0 28
517 4 1 0.0 40.0 28
518 4 1 0.0 40.0 28
519 4 1 0.0 40.0 28
520 4 1 0.0 40.0 28
521 4 1 -2.5882 9.6593 29
522 4 1 -2.5882 9.6593 29
523 4 1 -2.5882 9.6593 29
524 4 1 -2.5882 9.6593 29
525 4 1 -2.5882 9.6593 29
526 4 1 -2.5882 9.6593 29
527 4 1 -2.5882 9.6593 29
528 1 1 -2.5882 9.6593 29
529 4 1 -2.5882 9.6593 29
530 1 1 -2.5882 9.6593 29
531 4 1 -2.5882 9.6593 29
532 1 1 -2.5882 9.6593 29
533 1 1 -2.5882 9.6593 29
534 4 1 -2.5882 9.6593 29
535 1 1 -2.5882 9.6593 29
536 4 1 -2.5882 9.6593 29
537 4 1 -2.5882 9.6593 29
538 4 1 -2.5882 9.6593 29
539 4 1 -2.5882 9.6593 29
540 4 1 -2.5882 9.6593 29
541 1 1 -5.1764 19.3185 30
542 4 1 -5.1764 19.3185 30
543 4 1 -5.1764 19.3185 30
544 4 1 -5.1764 19.3185 30
545 4 1 -5.1764 19.3185 30
546 4 1 -5.1764 19.3185 30
547 4 1 -5.1764 19.3185 30
548 4 1 -5.1764 19.3185 30
549 4 1 -5.1764 19.3185 30
550 4 1 -5.1764 19.3185 30
551 1 1 -5.1764 19.3185 30
552 4 1 -5.1764 19.3185 30
553 4 1 -5.1764 19.3185 30
554 4 1 -5.1764 19.3185 30
555 1 1 -5.1764 19.3185 30
556 4 1 -5.1764 19.3185 30
557 4 1 -5.1764 19.3185 30
558 4 1 -5.1764 19.3185 30
559 1 1 -5.1764 19.3185 30
560 4 1 -5.1764 19.3185 30
561 4 1 -7.7646 28.9778 31
562 4 1 -7.7646 28.9778 31
563 4 1 -7.7646 28.9778 31
564 4 1 -7.7646 28.9778 31
565 4 1 -7.7646 28.9778 31
566 4 1 -7.7646 28.9778 31
567 4 1 -7.7646 28.9778 31
568 4 1 -7.7646 28.9778 31
569 4 1 -7.7646 28.9778 31
570 4 1 -7.7646 28.9778 31
571 4 1 -7.7646 28.9778 31
572 1 1 -7.7646 28.9778 31
573 1 1 -7.7646 28.9778 31
574 1 1 -7.7646 28.9778 31
575 4 1 -7.7646 28.9778 31
576 1 1 -7.7646 28.9778 31
577 4 1 -7.7646 28.9778 31
578 4 1 -7.7646 28.9778 31
579 4 1 -7.7646 28.9778 31
580 4 1 -7.7646 28.9778 31
581 4 1 -10.3528 38.637 32
582 4 1 -10.3528 38.637 32
583 4 1 -10.3528 38.637 32
584 4 1 -10.3528 38.637 32
585 4 1 -10.3528 38.637 32
586 4 1 -10.3528 38.637 32
587 4 1 -10.3528 38.637 32
588 4 1 -10.3528 38.637 32
589 4 1 -10.3528 38.637 32
590 1 1 -10.3528 38.637 32
591 1 1 -10.3528 38.637 32
592 4 1 -10.3528 38.637 32
593 4 1 -10.3528 38.637 32
594 1 1 -10.3528 38.637 32
595 4 1 -10.3528 38.637 32
596 1 1 -10.3528 38.637 32
597 4 1 -10.3528 38.637 32
598 1 1 -10.3528 38.637 32
599 4 1 -10.3528 38.637 32
600 4 1 -10.3528 38.637 32
601 2 1 -5.0 8.6603 33
602 2 1 -5.0 8.6603 33
603 2 1 -5.0 8.6603 33
604 2 1 -5.0 8.6603 33
605 2 1 -5.0 8.6603 33
606 2 1 -5.0 8.6603 33
607 2 1 -5.0 8.6603 33
608 1 1 -5.0 8.6603 33
609 2 1 -5.0 8.6603 33
610 2 1 -5.0 8.6603 33
611 2 1 -5.0 8.6603 33
612 1 1 -5.0 8.6603 33
613 2 1 -5.0 8.6603 33
614 2 1 -5.0 8.6603 33
615 2 1 -5.0 8.6603 33
616 1 1 -5.0 8.6603 33
617 1 1 -5.0 8.6603 33
618 2 1 -5.0 8.6603 33
619 2 1 -5.0 8.6603 33
620 2 1 -5.0 8.6603 33
621 2 1 -5.0 8.6603 33
622 2 1 -5.0 8.6603 33
623 2 1 -5.0 8.6603 33
624 2 1 -5.0 8.6603 33
625 2 1 -5.0 8.6603 33
626 2 1 -5.0 8.6603 33
627 1 1 -5.0 8.6603 33
628 2 1 -5.0 8.6603 33
629 2 1 -5.0 8.6603 33
630 2 1 -5.0 8.6603 33
631 1 1 -10.0 17.3205 34
632 2 1 -10.0 17.3205 34
633 2 1 -10.0 17.3205 34
634 2 1 -10.0 17.3205 34
635 2 1 -10.0 17.3205 34
636 1 1 -10.0 17.3205 34
637 2 1 -10.0 17.3205 34
638 2 1 -10.0 17.3205 34
639 2 1 -10.0 17.3205 34
640 2 1 -10.0 17.3205 34
641 2 1 -10.0 17.3205 34
642 2 1 -10.0 17.3205 34
643 2 1 -10.0 17.3205 34
644 2 1 -10.0 17.3205 34
645 2 1 -10.0 17.3205 34
646 2 1 -10.0 17.3205 34
647 1 1 -10.0 17.3205 34
648 2 1 -10.0 17.3205 34
649 2 1 -10.0 17.3205 34
650 2 1 -10.0 17.3205 34
651 2 1 -10.0 17.3205 34
652 2 1 -10.0 17.3205 34
653 2 1 -10.0 17.3205 34
654 2 1 -10.0 17.3205 34
655 2 1 -10.0 17.3205 34
656 2 1 -10.0 17.3205 34
657 1 1 -10.0 17.3205 34
658 2 1 -10.0 17.3205 34
659 2 1 -10.0 17.3205 34
660 2 1 -10.0 17.3205 34
661 2 1 -15.0 25.9808 35
662 1 1 -15.0 25.9808 35
663 1 1 -15.0 25.9808 35
664 1 1 -15.0 25.9808 35
665 2 1 -15.0 25.9808 35
666 1 1 -15.0 25.9808 35
667 2 1 -15.0 25.9808 35
668 1 1 -15.0 25.9808 35
669 2 1 -15.0 25.9808 35
670 1 1 -15.0 25.9808 35
671 2 1 -15.0 25.9808 35
672 1 1 -15.0 25.9808 35
673 2 1 -15.0 25.9808 35
674 2 1 -15.0 25.9808 35
675 2 1 -15.0 25.9808 35
676 2 1 -15.0 25.9808 35
677 1 1 -15.0 25.9808 35
678 2 1 -15.0 25.9808 35
679 2 1 -15.0 25.9808 35
680 2 1 -15.0 25.9808 35
681 2 1 -15.0 25.9808 35
682 2 1 -15.0 25.9808 35
683 2 1 -15.0 25.9808 35
684 1 1 -15.0 25.9808 35
685 2 1 -15.0 25.9808 35
686 2 1 -15.0 25.9808 35
687 2 1 -15.0 25.9808 35
688 2 1 -15.0 25.9808 35
689 1 1 -15.0 25.9808 35
690 2 1 -15.0 25.9808 35
691 2 1 -20.0 34.641 36
692 2 1 -20.0 34.641 36
693 2 1 -20.0 34.641 36
694 2 1 -20.0 34.641 36
695 2 1 -20.0 34.641 36
696 1 1 -20.0 34.641 36
697 1 1 -20.0 34.641 36
698 1 1 -20.0 34.641 36
699 1 1 -20.0 34.641 36
700 1 1 -20.0 34.641 36
701 2 1 -20.0 34.641 36
702 2 1 -20.0 34.641 36
703 2 1 -20.0 34.641 36
704 2 1 -20.0 34.641 36
705 2 1 -20.0 34.641 36
706 2 1 -20.0 34.641 36
707 2 1 -20.0 34.641 36
708 2 1 -20.0 34.641 36
709 2 1 -20.0 34.641 36
710 2 1 -20.0 34.641 36
711 2 1 -20.0 34.641 36
712 2 1 -20.0 34.641 36
713 2 1 -20.0 34.641 36
714 2 1 -20.0 34.641 36
715 2 1 -20.0 34.641 36
716 1 1 -20.0 34.641 36
717 2 1 -20.0 34.641 36
718 2 1 -20.0 34.641 36
719 2 1 -20.0 34.641 36
720 2 1 -20.0 34.641 36
721 4 1 -7.0711 7.0711 37
722 2 1 -7.0711 7.0711 37
723 4 1 -7.0711 7.0711 37
724 2 1 -7.0711 7.0711 37
725 4 1 -7.0711 7.0711 37
726 4 1 -7.0711 7.0711 37
727 4 1 -7.0711 7.0711 37
728 4 1 -7.0711 7.0711 37
729 2 1 -7.0711 7.0711 37
730 4 1 -7.0711 7.0711 37
731 4 1 -14.1421 14.1421 38
732 4 1 -14.1421 14.1421 38
733 2 1 -14.1421 14.1421 38
734 4 1 -14.1421 14.1421 38
735 4 1 -14.1421 14.1421 38
736 2 1 -14.1421 14.1421 38
737 4 1 -14.1421 14.1421 38
738 4 1 -14.1421 14.1421 38
739 4 1 -14.1421 14.1421 38
740 4 1 -14.1421 14.1421 38
741 2 1 -21.2132 21.2132 39
742 4 1 -21.2132 21.2132 39
743 4 1 -21.2132 21.2132 39
744 2 1 -21.2132 21.2132 39
745 4 1 -21.2132 21.2132 39
746 4 1 -21.2132 21.2132 39
747 4 1 -21.2132 21.2132 39
748 4 1 -21.2132 21.2132 39
749 4 1 -21.2132 21.2132 39
750 4 1 -21.2132 21.2132 39
751 4 1 -28.2843 28.2843 40
752 4 1 -28.2843 28.2843 40
753 2 1 -28.2843 28.2843 40
754 4 1 -28.2843 28.2843 40
755 4 1 -28.2843 28.2843 40
756 4 1 -28.2843 28.2843 40
757 2 1 -28.2843 28.2843 40
758 4 1 -28.2843 28.2843 40
759 4 1 -28.2843 28.2843 40
760 4 1 -28.2843 28.2843 40
761 1 1 -8.6603 5.0 41
762 4 1 -8.6603 5.0 41
763 4 1 -8.6603 5.0 41
764 4 1 -8.6603 5.0 41
765 4 1 -8.6603 5.0 41
766 4 1 -8.6603 5.0 41
767 4 1 -8.6603 5.0 41
768 4 1 -8.6603 5.0 41
769 4 1 -8.6603 5.0 41
770 4 1 -8.6603 5.0 41
771 4 1 -8.6603 5.0 41
772 4 1 -8.6603 5.0 41
773 1 1 -8.6603 5.0 41
774 4 1 -8.6603 5.0 41
775 4 1 -8.6603 5.0 41
776 4 1 -8.6603 5.0 41
777 4 1 -8.6603 5.0 41
778 4 1 -8.6603 5.0 41
779 4 1 -8.6603 5.0 41
780 4 1 -8.6603 5.0 41
781 1 1 -17.3205 10.0 42
782 4 1 -17.3205 10.0 42
783 1 1 -17.3205 10.0 42
784 4 1 -17.3205 10.0 42
785 4 1 -17.3205 10.0 42
786 1 1 -17.3205 10.0 42
787 1 1 -17.3205 10.0 42
788 4 1 -17.3205 10.0 42
789 4 1 -17.3205 10.0 42
790 4 1 -17.3205 10.0 42
791 4 1 -17.3205 10.0 42
792 4 1 -17.3205 10.0 42
793 4 1 -17.3205 10.0 42
794 4 1 -17.3205 10.0 42
795 1 1 -17.3205 10.0 42
796 4 1 -17.3205 10.0 42
797 4 1 -17.3205 10.0 42
798 4 1 -17.3205 10.0 42
799 1 1 -17.3205 10.0 42
800 4 1 -17.3205 10.0 42
801 4 1 -25.9808 15.0 43
802 4 1 -25.9808 15.0 43
803 1 1 -25.9808 15.0 43
804 4 1 -25.9808 15.0 43
805 4 1 -25.9808 15.0 43
806 4 1 -25.9808 15.0 43
807 4 1 -25.9808 15.0 43
808 4 1 -25.9808 15.0 43
809 4 1 -25.9808 15.0 43
810 4 1 -25.9808 15.0 43
811 1 1 -25.9808 15.0 43
812 4 1 -25.9808 15.0 43
813 1 1 -25.9808 15.0 43
814 4 1 -25.9808 15.0 43
815 4 1 -25.9808 15.0 43
816 4 1 -25.9808 15.0 43
817 4 1 -25.9808 15.0 43
818 4 1 -25.9808 15.0 43
819 4 1 -25.9808 15.0 43
820 4 1 -25.9808 15.0 43
821 1 1 -34.641 20.0 44
822 4 1 -34.641 20.0 44
823 4 1 -34.641 20.0 44
824 1 1 -34.641 20.0 44
825 4 1 -34.641 20.0 44
826 4 1 -34.641 20.0 44
827 4 1 -34.641 20.0 44
828 1 1 -34.641 20.0 44
829 4 1 -34.641 20.0 44
830 1 1 -34.641 20.0 44
831 4 1 -34.641 20.0 44
832 1 1 -34.641 20.0 44
833 4 1 -34.641 20.0 44
834 4 1 -34.641 20.0 44
835 4 1 -34.641 20.0 44
836 4 1 -34.641 20.0 44
837 4 1 -34.641 20.0 44
838 4 1 -34.641 20.0 44
839 4 1 -34.641 20.0 44
840 4 1 -34.641 20.0 44
841 2 1 -9.6593 2.5882 45
842 2 1 -9.6593 2.5882 45
843 1 1 -9.6593 2.5882 45
844 2 1 -9.6593 2.5882 45
845 1 1 -9.6593 2.5882 45
846 1 1 -9.6593 2.5882 45
847 2 1 -9.6593 2.5882 45
848 2 1 -9.6593 2.5882 45
849 2 1 -9.6593 2.5882 45
850 2 1 -9.6593 2.5882 45
851 2 1 -9.6593 2.5882 45
852 2 1 -9.6593 2.5882 45
853 2 1 -9.6593 2.5882 45
854 1 1 -9.6593 2.5882 45
855 2 1 -9.6593 2.5882 45
856 2 1 -9.6593 2.5882 45
857 2 1 -9.6593 2.5882 45
858 2 1 -9.6593 2.5882 45
859 2 1 -9.6593 2.5882 45
860 1 1 -9.6593 2.5882 45
861 2 1 -9.6593 2.5882 45
862 2 1 -9.6593 2.5882 45
863 1 1 -9.6593 2.5882 45
864 2 1 -9.6593 2.5882 45
865 2 1 -9.6593 2.5882 45
866 1 1 -9.6593 2.5882 45
867 2 1 -9.6593 2.5882 45
868 2 1 -9.6593 2.5882 45
869 2 1 -9.6593 2.5882 45
870 2 1 -9.6593 2.5882 45
871 2 1 -19.3185 5.1764 46
872 2 1 -19.3185 5.1764 46
873 2 1 -19.3185 5.1764 46
874 2 1 -19.3185 5.1764 46
875 2 1 -19.3185 5.1764 46
876 1 1 -19.3185 5.1764 46
877 1 1 -19.3185 5.1764 46
878 2 1 -19.3185 5.1764 46
879 2 1 -19.3185 5.1764 46
880 2 1 -19.3185 5.1764 46
881 2 1 -19.3185 5.1764 46
882 2 1 -19.3185 5.1764 46
883 2 1 -19.3185 5.1764 46
884 2 1 -19.3185 5.1764 46
885 2 1 -19.3185 5.1764 46
886 2 1 -19.3185 5.1764 46
887 2 1 -19.3185 5.1764 46
888 2 1 -19.3185 5.1764 46
889 2 1 -19.3185 5.1764 46
890 1 1 -19.3185 5.1764 46
891 2 1 -19.3185 5.1764 46
892 2 1 -19.3185 5.1764 46
893 2 1 -19.3185 5.1764 46
894 2 1 -19.3185 5.1764 46
895 2 1 -19.3185 5.1764 46
896 2 1 -19.3185 5.1764 46
897 2 1 -19.3185 5.1764 46
898 1 1 -19.3185 5.1764 46
899 2 1 -19.3185 5.1764 46
900 2 1 -19.3185 5.1764 46
901 2 1 -28.9778 7.7646 47
902 1 1 -28.9778 7.7646 47
903 1 1 -28.9778 7.7646 47
904 2 1 -28.9778 7.7646 47
905 2 1 -28.9778 7.7646 47
906 2 1 -28.9778 7.7646 47
907 1 1 -28.9778 7.7646 47
908 2 1 -28.9778 7.7646 47
909 2 1 -28.9778 7.7646 47
910 2 1 -28.9778 7.7646 47
911 2 1 -28.9778 7.7646 47
912 2 1 -28.9778 7.7646 47
913 1 1 -28.9778 7.7646 47
914 2 1 -28.9778 7.7646 47
915 2 1 -28.9778 7.7646 47
916 1 1 -28.9778 7.7646 47
917 2 1 -28.9778 7.7646 47
918 2 1 -28.9778 7.7646 47
919 2 1 -28.9778 7.7646 47
920 2 1 -28.9778 7.7646 47
921 1 1 -28.9778 7.7646 47
922 2 1 -28.9778 7.7646 47
923 2 1 -28.9778 7.7646 47
924 2 1 -28.9778 7.7646 47
925 2 1 -28.9778 7.7646 47
926 1 1 -28.9778 7.7646 47
927 2 1 -28.9778 7.7646 47
928 2 1 -28.9778 7.7646 47
929 2 1 -28.9778 7.7646 47
930 1 1 -28.9778 7.7646 47
931 1 1 -38.637 10.3528 48
932 2 1 -38.637 10.3528 48
933 2 1 -38.637 10.3528 48
934 2 1 -38.637 10.3528 48
935 2 1 -38.637 10.3528 48
936 2 1 -38.637 10.3528 48
937 2 1 -38.637 10.3528 48
938 2 1 -38.637 10.3528 48
939 2 1 -38.637 10.3528 48
940 1 1 -38.637 10.3528 48
941 1 1 -38.637 10.3528 48
942 2 1 -38.637 10.3528 48
943 2 1 -38.637 10.3528 48
944 1 1 -38.637 10.3528 48
945 2 1 -38.637 10.3528 48
946 2 1 -38.637 10.3528 48
947 2 1 -38.637 10.3528 48
948 2 1 -38.637 10.3528 48
949 2 1 -38.637 10.3528 48
950 2 1 -38.637 10.3528 48
951 1 1 -38.637 10.3528 48
952 2 1 -38.637 10.3528 48
953 2 1 -38.637 10.3528 48
954 2 1 -38.637 10.3528 48
955 2 1 -38.637 10.3528 48
956 1 1 -38.637 10.3528 48
957 2 1 -38.637 10.3528 48
958 2 1 -38.637 10.3528 48
959 1 1 -38.637 10.3528 48
960 2 1 -38.637 10.3528 48
961 4 1 -10.0 0.0 49
962 4 1 -10.0 0.0 49
963 4 1 -10.0 0.0 49
964 4 1 -10.0 0.0 49
965 4 1 -10.0 0.0 49
966 4 1 -10.0 0.0 49
967 2 1 -10.0 0.0 49
968 2 1 -10.0 0.0 49
969 2 1 -10.0 0.0 49
970 4 1 -10.0 0.0 49
971 4 1 -20.0 0.0 50
972 4 1 -20.0 0.0 50
973 4 1 -20.0 0.0 50
974 2 1 -20.0 0.0 50
975 2 1 -20.0 0.0 50
976 4 1 -20.0 0.0 50
977 4 1 -20.0 0.0 50
978 4 1 -20.0 0.0 50
979 2 1 -20.0 0.0 50
980 4 1 -20.0 0.0 50
981 4 1 -30.0 0.0 51
982 4 1 -30.0 0.0 51
983 4 1 -30.0 0.0 51
984 4 1 -30.0 0.0 51
985 2 1 -30.0 0.0 51
986 2 1 -30.0 0.0 51
987 4 1 -30.0 0.0 51
988 4 1 -30.0 0.0 51
989 4 1 -30.0 0.0 51
990 4 1 -30.0 0.0 51
991 4 1 -40.0 0.0 52
992 4 1 -40.0 0.0 52
993 4 1 -40.0 0.0 52
994 4 1 -40.0 0.0 52
995 2 1 -40.0 0.0 52
996 4 1 -40.0 0.0 52
997 4 1 -40.0 0.0 52
998 4 1 -40.0 0.0 52
999 4 1 -40.0 0.0 52
1000 4 1 -40.0 0.0 52
1001 4 1 -9.6593 -2.5882 53
1002 4 1 -9.6593 -2.5882 53
1003 4 1 -9.6593 -2.5882 53
1004 4 1 -9.6593 -2.5882 53
1005 4 1 -9.6593 -2.5882 53
1006 4 1 -9.6593 -2.5882 53
1007 1 1 -9.6593 -2.5882 53
1008 4 1 -9.6593 -2.5882 53
1009 1 1 -9.6593 -2.5882 53
1010 4 1 -9.6593 -2.5882 53
1011 4 1 -9.6593 -2.5882 53
1012 4 1 -9.6593 -2.5882 53
1013 4 1 -9.6593 -2.5882 53
1014 1 1 -9.6593 -2.5882 53
1015 1 1 -9.6593 -2.5882 53
1016 4 1 -9.6593 -2.5882 53
1017 1 1 -9.6593 -2.5882 53
1018 1 1 -9.6593 -2.5882 53
1019 4 1 -9.6593 -2.5882 53
1020 4 1 -9.6593 -2.5882 53
1021 4 1 -19.3185 -5.1764 54
1022 1 1 -19.3185 -5.1764 54
1023 4 1 -19.3185 -5.1764 54
1024 4 1 -19.3185 -5.1764 54
1025 4 1 -19.3185 -5.1764 54
1026 1 1 -19.3185 -5.1764 54
1027 4 1 -19.3185 -5.1764 54
1028 4 1 -19.3185 -5.1764 54
1029 1 1 -19.3185 -5.1764 54
1030 4 1 -19.3185 -5.1764 54
1031 4 1 -19.3185 -5.1764 54
1032 4 1 -19.3185 -5.1764 54
1033 4 1 -19.3185 -5.1764 54
1034 4 1 -19.3185 -5.1764 54
1035 4 1 -19.3185 -5.1764 54
1036 4 1 -19.3185 -5.1764 54
1037 4 1 -19.3185 -5.1764 54
1038 4 1 -19.3185 -5.1764 54
1039 4 1 -19.3185 -5.1764 54
1040 4 1 -19.3185 -5.1764 54
1041 4 1 -28.9778 -7.7646 55
1042 4 1 -28.9778 -7.7646 55
1043 4 1 -28.9778 -7.7646 55
1044 4 1 -28.9778 -7.7646 55
1045 4 1 -28.9778 -7.7646 55
1046 4 1 -28.9778 -7.7646 55
1047 1 1 -28.9778 -7.7646 55
1048 4 1 -28.9778 -7.7646 55
1049 4 1 -28.9778 -7.7646 55
1050 4 1 -28.9778 -7.7646 55
1051 4 1 -28.9778 -7.7646 55
1052 4 1 -28.9778 -7.7646 55
1053 4 1 -28.9778 -7.7646 55
1054 4 1 -28.9778 -7.7646 55
1055 4 1 -28.9778 -7.7646 55
1056 4 1 -28.9778 -7.7646 55
1057 1 1 -28.9778 -7.7646 55
1058 4 1 -28.9778 -7.7646 55
1059 1 1 -28.9778 -7.7646 55
1060 4 1 -28.9778 -7.7646 55
1061 4 1 -38.637 -10.3528 56
1062 4 1 -38.637 -10.3528 56
1063 4 1 -38.637 -10.3528 56
1064 4 1 -38.637 -10.3528 56
1065 4 1 -38.637 -10.3528 56
1066 4 1 -38.637 -10.3528 56
1067 4 1 -38.637 -10.3528 56
1068 4 1 -38.637 -10.3528 56
1069 4 1 -38.637 -10.3528 56
1070 4 1 -38.637 -10.3528 56
1071 4 1 -38.637 -10.3528 56
1072 4 1 -38.637 -10.3528 56
1073 4 1 -38.637 -10.3528 56
1074 4 1 -38.637 -10.3528 56
1075 1 1 -38.637 -10.3528 56
1076 4 1 -38.637 -10.3528 56
1077 4 1 -38.637 -10.3528 56
1078 4 1 -38.637 -10.3528 56
1079 4 1 -38.637 -10.3528 56
1080 4 1 -38.637 -10.3528 56
1081 2 1 -8.6603 -5.0 57
1082 2 1 -8.6603 -5.0 57
1083 2 1 -8.6603 -5.0 57
1084 2 1 -8.6603 -5.0 57
1085 2 1 -8.6603 -5.0 57
1086 2 1 -8.6603 -5.0 57
1087 1 1 -8.6603 -5.0 57
1088 2 1 -8.6603 -5.0 57
1089 2 1 -8.6603 -5.0 57
1090 2 1 -8.6603 -5.0 57
1091 2 1 -8.6603 -5.0 57
1092 1 1 -8.6603 -5.0 57
1093 2 1 -8.6603 -5.0 57
1094 1 1 -8.6603 -5.0 57
1095 1 1 -8.6603 -5.0 57
1096 2 1 -8.6603 -5.0 57
1097 2 1 -8.6603 -5.0 57
1098 2 1 -8.6603 -5.0 57
1099 2 1 -8.6603 -5.0 57
1100 2 1 -8.6603 -5.0 57
1101 1 1 -8.6603 -5.0 57
1102 2 1 -8.6603 -5.0 57
1103 2 1 -8.6603 -5.0 57
1104 2 1 -8.6603 -5.0 57
1105 2 1 -8.6603 -5.0 57
1106 2 1 -8.6603 -5.0 57
1107 2 1 -8.6603 -5.0 57
1108 2 1 -8.6603 -5.0 57
1109 2 1 -8.6603 -5.0 57
1110 2 1 -8.6603 -5.0 57
1111 1 1 -17.3205 -10.0 58
1112 2 1 -17.3205 -10.0 58
1113 2 1 -17.3205 -10.0 58
1114 2 1 -17.3205 -10.0 58
1115 2 1 -17.3205 -10.0 58
1116 1 1 -17.3205 -10.0 58
1117 1 1 -17.3205 -10.0 58
1118 2 1 -17.3205 -10.0 58
1119 2 1 -17.3205 -10.0 58
1120 2 1 -17.3205 -10.0 58
1121 1 1 -17.3205 -10.0 58
1122 2 1 -17.3205 -10.0 58
1123 2 1 -17.3205 -10.0 58
1124 2 1 -17.3205 -10.0 58
1125 2 1 -17.3205 -10.0 58
1126 2 1 -17.3205 -10.0 58
1127 2 1 -17.3205 -10.0 58
1128 2 1 -17.3205 -10.0 58
1129 1 1 -17.3205 -10.0 58
1130 1 1 -17.3205 -10.0 58
1131 2 1 -17.3205 -10.0 58
1132 1 1 -17.3205 -10.0 58
1133 2 1 -17.3205 -10.0 58
1134 2 1 -17.3205 -10.0 58
1135 2 1 -17.3205 -10.0 58
1136 2 1 -17.3205 -10.0 58
1137 2 1 -17.3205 -10.0 58
1138 2 1 -17.3205 -10.0 58
1139 2 1 -17.3205 -10.0 58
1140 2 1 -17.3205 -10.0 58
1141 2 1 -25.9808 -15.0 59
1142 1 1 -25.9808 -15.0 59
1143 2 1 -25.9808 -15.0 59
1144 2 1 -25.9808 -15.0 59
1145 2 1 -25.9808 -15.0 59
1146 2 1 -25.9808 -15.0 59
1147 2 1 -25.9808 -15.0 59
1148 2 1 -25.9808 -15.0 59
1149 2 1 -25.9808 -15.0 59
1150 2 1 -25.9808 -15.0 59
1151 2 1 -25.9808 -15.0 59
1152 2 1 -25.9808 -15.0 59
1153 2 1 -25.9808 -15.0 59
1154 2 1 -25.9808 -15.0 59
1155 2 1 -25.9808 -15.0 59
1156 2 1 -25.9808 -15.0 59
1157 1 1 -25.9808 -15.0 59
1158 1 1 -25.9808 -15.0 59
1159 2 1 -25.9808 -15.0 59
1160 2 1 -25.9808 -15.0 59
1161 2 1 -25.9808 -15.0 59
1162 2 1 -25.9808 -15.0 59
1163 2 1 -25.9808 -15.0 59
1164 2 1 -25.9808 -15.0 59
1165 2 1 -25.9808 -15.0 59
1166 2 1 -25.9808 -15.0 59
1167 2 1 -25.9808 -15.0 59
1168 2 1 -25.9808 -15.0 59
1169 2 1 -25.9808 -15.0 59
1170 2 1 -25.9808 -15.0 59
1171 2 1 -34.641 -20.0 60
1172 2 1 -34.641 -20.0 60
1173 2 1 -34.641 -20.0 60
1174 1 1 -34.641 -20.0 60
1175 2 1 -34.641 -20.0 60
1176 2 1 -34.641 -20.0 60
1177 2 1 -34.641 -20.0 60
1178 2 1 -34.641 -20.0 60
1179 2 1 -34.641 -20.0 60
1180 2 1 -34.641 -20.0 60
1181 2 1 -34.641 -20.0 60
1182 2 1 -34.641 -20.0 60
1183 2 1 -34.641 -20.0 60
1184 2 1 -34.641 -20.0 60
1185 1 1 -34.641 -20.0 60
1186 2 1 -34.641 -20.0 60
1187 2 1 -34.641 -20.0 60
1188 2 1 -34.641 -20.0 60
1189 2 1 -34.641 -20.0 60
1190 1 1 -34.641 -20.0 60
1191 2 1 -34.641 -20.0 60
1192 2 1 -34.641 -20.0 60
1193 1 1 -34.641 -20.0 60
1194 1 1 -34.641 -20.0 60
1195 2 1 -34.641 -20.0 60
1196 2 1 -34.641 -20.0 60
1197 2 1 -34.641 -20.0 60
1198 2 1 -34.641 -20.0 60
1199 2 1 -34.641 -20.0 60
1200 2 1 -34.641 -20.0 60
1201 4 1 -7.0711 -7.0711 61
1202 4 1 -7.0711 -7.0711 61
1203 4 1 -7.0711 -7.0711 61
1204 4 1 -7.0711 -7.0711 61
1205 4 1 -7.0711 -7.0711 61
1206 4 1 -7.0711 -7.0711 61
1207 4 1 -7.0711 -7.0711 61
1208 4 1 -7.0711 -7.0711 61
1209 2 1 -7.0711 -7.0711 61
1210 4 1 -7.0711 -7.0711 61
1211 4 1 -14.1421 -14.1421 62
1212 4 1 -14.1421 -14.1421 62
1213 4 1 -14.1421 -14.1421 62
1214 2 1 -14.1421 -14.1421 62
1215 2 1 -14.1421 -14.1421 62
1216 4 1 -14.1421 -14.1421 62
1217 4 1 -14.1421 -14.1421 62
1218 4 1 -14.1421 -14.1421 62
1219 4 1 -14.1421 -14.1421 62
1220 4 1 -14.1421 -14.1421 62
1221 4 1 -21.2132 -21.2132 63
1222 4 1 -21.2132 -21.2132 63
1223 4 1 -21.2132 -21.2132 63
1224 4 1 -21.2132 -21.2132 63
1225 4 1 -21.2132 -21.2132 63
1226 4 1 -21.2132 -21.2132 63
1227 2 1 -21.2132 -21.2132 63
1228 4 1 -21.2132 -21.2132 63
1229 4 1 -21.2132 -21.2132 63
1230 2 1 -21.2132 -21.2132 63
1231 4 1 -28.2843 -28.2843 64
1232 4 1 -28.2843 -28.2843 64
1233 4 1 -28.2843 -28.2843 64
1234 4 1 -28.2843 -28.2843 64
1235 4 1 -28.2843 -28.2843 64
1236 2 1 -28.2843 -28.2843 64
1237 4 1 -28.2843 -28.2843 64
1238 4 1 -28.2843 -28.2843 64
1239 4 1 -28.2843 -28.2843 64
1240 2 1 -28.2843 -28.2843 64
1241 4 1 -5.0 -8.6603 65
1242 4 1 -5.0 -8.6603 65
1243 1 1 -5.0 -8.6603 65
1244 4 1 -5.0 -8.6603 65
1245 4 1 -5.0 -8.6603 65
1246 1 1 -5.0 -8.6603 65
1247 4 1 -5.0 -8.6603 65
1248 4 1 -5.0 -8.6603 65
1249 4 1 -5.0 -8.6603 65
1250 4 1 -5.0 -8.6603 65
1251 4 1 -5.0 -8.6603 65
1252 4 1 -5.0 -8.6603 65
1253 4 1 -5.0 -8.6603 65
1254 4 1 -5.0 -8.6603 65
1255 1 1 -5.0 -8.6603 65
1256 4 1 -5.0 -8.6603 65
1257 4 1 -5.0 -8.6603 65
1258 4 1 -5.0 -8.6603 65
1259 4 1 -5.0 -8.6603 65
1260 4 1 -5.0 -8.6603 65
1261 1 1 -10.0 -17.3205 66
1262 1 1 -10.0 -17.3205 66
1263 4 1 -10.0 -17.3205 66
1264 4 1 -10.0 -17.3205 66
1265 4 1 -10.0 -17.3205 66
1266 4 1 -10.0 -17.3205 66
1267 1 1 -10.0 -17.3205 66
1268 4 1 -10.0 -17.3205 66
1269 4 1 -10.0 -17.3205 66
1270 4 1 -10.0 -17.3205 66
1271 4 1 -10.0 -17.3205 66
1272 4 1 -10.0 -17.3205 66
1273 4 1 -10.0 -17.3205 66
1274 4 1 -10.0 -17.3205 66
1275 4 1 -10.0 -17.3205 66
1276 4 1 -10.0 -17.3205 66
1277 1 1 -10.0 -17.3205 66
1278 4 1 -10.0 -17.3205 66
1279 4 1 -10.0 -17.3205 66
1280 1 1 -10.0 -17.3205 66
1281 4 1 -15.0 -25.9808 67
1282 4 1 -15.0 -25.9808 67
1283 4 1 -15.0 -25.9808 67
1284 1 1 -15.0 -25.9808 67
1285 4 1 -15.0 -25.9808 67
1286 4 1 -15.0 -25.9808 67
1287 4 1 -15.0 -25.9808 67
1288 4 1 -15.0 -25.9808 67
1289 4 1 -15.0 -25.9808 67
1290 4 1 -15.0 -25.9808 67
1291 4 1 -15.0 -25.9808 67
1292 1 1 -15.0 -25.9808 67
1293 4 1 -15.0 -25.9808 67
1294 4 1 -15.0 -25.9808 67
1295 1 1 -15.0 -25.9808 67
1296 4 1 -15.0 -25.9808 67
1297 1 1 -15.0 -25.9808 67
1298 4 1 -15.0 -25.9808 67
1299 1 1 -15.0 -25.9808 67
1300 4 1 -15.0 -25.9808 67
1301 4 1 -20.0 -34.641 68
1302 4 1 -20.0 -34.641 68
1303 4 1 -20.0 -34.641 68
1304 4 1 -20.0 -34.641 68
1305 4 1 -20.0 -34.641 68
1306 4 1 -20.0 -34.641 68
1307 4 1 -20.0 -34.641 68
1308 4 1 -20.0 -34.641 68
1309 4 1 -20.0 -34.641 68
1310 4 1 -20.0 -34.641 68
1311 4 1 -20.0 -34.641 68
1312 4 1 -20.0 -34.641 68
1313 4 1 -20.0 -34.641 68
1314 1 1 -20.0 -34.641 68
1315 4 1 -20.0 -34.641 68
1316 4 1 -20.0 -34.641 68
1317 4 1 -20.0 -34.641 68
1318 4 1 -20.0 -34.641 68
1319 1 1 -20.0 -34.641 68
1320 4 1 -20.0 -34.641 68
1321 2 1 -2.5882 -9.6593 69
1322 1 1 -2.5882 -9.6593 69
1323 2 1 -2.5882 -9.6593 69
1324 2 1 -2.5882 -9.6593 69
1325 1 1 -2.5882 -9.6593 69
1326 1 1 -2.5882 -9.6593 69
1327 2 1 -2.5882 -9.6593 69
1328 2 1 -2.5882 -9.6593 69
1329 1 1 -2.5882 -9.6593 69
1330 2 1 -2.5882 -9.6593 69
1331 2 1 -2.5882 -9.6593 69
1332 2 1 -2.5882 -9.6593 69
1333 2 1 -2.5882 -9.6593 69
1334 1 1 -2.5882 -9.6593 69
1335 2 1 -2.5882 -9.6593 69
1336 2 1 -2.5882 -9.6593 69
1337 2 1 -2.5882 -9.6593 69
1338 2 1 -2.5882 -9.6593 69
1339 2 1 -2.5882 -9.6593 69
1340 1 1 -2.5882 -9.6593 69
1341 2 1 -2.5882 -9.6593 69
1342 2 1 -2.5882 -9.6593 69
1343 2 1 -2.5882 -9.6593 69
1344 1 1 -2.5882 -9.6593 69
1345 2 1 -2.5882 -9.6593 69
1346 1 1 -2.5882 -9.6593 69
1347 2 1 -2.5882 -9.6593 69
1348 2 1 -2.5882 -9.6593 69
1349 2 1 -2.5882 -9.6593 69
1350 2 1 -2.5882 -9.6593 69
1351 2 1 -5.1764 -19.3185 70
1352 2 1 -5.1764 -19.3185 70
1353 2 1 -5.1764 -19.3185 70
1354 2 1 -5.1764 -19.3185 70
1355 1 1 -5.1764 -19.3185 70
1356 2 1 -5.1764 -19.3185 70
1357 2 1 -5.1764 -19.3185 70
1358 2 1 -5.1764 -19.3185 70
1359 2 1 -5.1764 -19.3185 70
1360 2 1 -5.1764 -19.3185 70
1361 2 1 -5.1764 -19.3185 70
1362 2 1 -5.1764 -19.3185 70
1363 2 1 -5.1764 -19.3185 70
1364 2 1 -5.1764 -19.3185 70
1365 2 1 -5.1764 -19.3185 70
1366 2 1 -5.1764 -19.3185 70
1367 2 1 -5.1764 -19.3185 70
1368 2 1 -5.1764 -19.3185 70
1369 2 1 -5.1764 -19.3185 70
1370 2 1 -5.1764 -19.3185 70
1371 2 1 -5.1764 -19.3185 70
1372 2 1 -5.1764 -19.3185 70
1373 2 1 -5.1764 -19.3185 70
1374 1 1 -5.1764 -19.3185 70
1375 2 1 -5.1764 -19.3185 70
1376 1 1 -5.1764 -19.3185 70
1377 2 1 -5.1764 -19.3185 70
1378 2 1 -5.1764 -19.3185 70
1379 2 1 -5.1764 -19.3185 70
1380 2 1 -5.1764 -19.3185 70
1381 2 1 -7.7646 -28.9778 71
1382 2 1 -7.7646 -28.9778 71
1383 1 1 -7.7646 -28.9778 71
1384 2 1 -7.7646 -28.9778 71
1385 2 1 -7.7646 -28.9778 71
1386 1 1 -7.7646 -28.9778 71
1387 2 1 -7.7646 -28.9778 71
1388 2 1 -7.7646 -28.9778 71
1389 2 1 -7.7646 -28.9778 71
1390 1 1 -7.7646 -28.9778 71
1391 2 1 -7.7646 -28.9778 71
1392 2 1 -7.7646 -28.9778 71
1393 2 1 -7.7646 -28.9778 71
1394 2 1 -7.7646 -28.9778 71
1395 2 1 -7.7646 -28.9778 71
1396 2 1 -7.7646 -28.9778 71
1397 2 1 -7.7646 -28.9778 71
1398 2 1 -7.7646 -28.9778 71
1399 1 1 -7.7646 -28.9778 71
1400 2 1 -7.7646 -28.9778 71
1401 2 1 -7.7646 -28.9778 71
1402 1 1 -7.7646 -28.9778 71
1403 1 1 -7.7646 -28.9778 71
1404 2 1 -7.7646 -28.9778 71
1405 2 1 -7.7646 -28.9778 71
1406 2 1 -7.7646 -28.9778 71
1407 2 1 -7.7646 -28.9778 71
1408 2 1 -7.7646 -28.9778 71
1409 2 1 -7.7646 -28.9778 71
1410 2 1 -7.7646 -28.9778 71
1411 2 1 -10.3528 -38.637 72
1412 2 1 -10.3528 -38.637 72
1413 2 1 -10.3528 -38.637 72
1414 2 1 -10.3528 -38.637 72
1415 1 1 -10.3528 -38.637 72
1416 2 1 -10.3528 -38.637 72
1417 2 1 -10.3528 -38.637 72
1418 2 1 -10.3528 -38.637 72
1419 2 1 -10.3528 -38.637 72
1420 2 1 -10.3528 -38.637 72
1421 2 1 -10.3528 -38.637 72
1422 2 1 -10.3528 -38.637 72
1423 2 1 -10.3528 -38.637 72
1424 2 1 -10.3528 -38.637 72
1425 2 1 -10.3528 -38.637 72
1426 2 1 -10.3528 -38.637 72
1427 2 1 -10.3528 -38.637 72
1428 2 1 -10.3528 -38.637 72
1429 2 1 -10.3528 -38.637 72
1430 2 1 -10.3528 -38.637 72
1431 1 1 -10.3528 -38.637 72
1432 2 1 -10.3528 -38.637 72
1433 2 1 -10.3528 -38.637 72
1434 2 1 -10.3528 -38.637 72
1435 2 1 -10.3528 -38.637 72
1436 1 1 -10.3528 -38.637 72
1437 2 1 -10.3528 -38.637 72
1438 2 1 -10.3528 -38.637 72
1439 1 1 -10.3528 -38.637 72
1440 2 1 -10.3528 -38.637 72
1441 4 1 0.0 -10.0 73
1442 2 1 0.0 -10.0 73
1443 4 1 0.0 -10.0 73
1444 4 1 0.0 -10.0 73
1445 4 1 0.0 -10.0 73
1446 2 1 0.0 -10.0 73
1447 4 1 0.0 -10.0 73
1448 4 1 0.0 -10.0 73
1449 4 1 0.0 -10.0 73
1450 2 1 0.0 -10.0 73
1451 4 1 0.0 -20.0 74
1452 2 1 0.0 -20.0 74
1453 4 1 0.0 -20.0 74
1454 4 1 0.0 -20.0 74
1455 4 1 0.0 -20.0 74
1456 4 1 0.0 -20.0 74
1457 4 1 0.0 -20.0 74
1458 4 1 0.0 -20.0 74
1459 4 1 0.0 -20.0 74
1460 2 1 0.0 -20.0 74
1461 4 1 0.0 -30.0 75
1462 4 1 0.0 -30.0 75
1463 4 1 0.0 -30.0 75
1464 4 1 0.0 -30.0 75
1465 4 1 0.0 -30.0 75
1466 4 1 0.0 -30.0 75
1467 2 1 0.0 -30.0 75
1468 4 1 0.0 -30.0 75
1469 2 1 0.0 -30.0 75
1470 2 1 0.0 -30.0 75
1471 4 1 0.0 -40.0 76
1472 4 1 0.0 -40.0 76
1473 2 1 0.0 -40.0 76
1474 4 1 0.0 -40.0 76
1475 4 1 0.0 -40.0 76
1476 4 1 0.0 -40.0 76
1477 4 1 0.0 -40.0 76
1478 2 1 0.0 -40.0 76
1479 4 1 0.0 -40.0 76
1480 4 1 0.0 -40.0 76
1481 4 1 2.5882 -9.6593 77
1482 4 1 2.5882 -9.6593 77
1483 4 1 2.5882 -9.6593 77
1484 4 1 2.5882 -9.6593 77
1485 4 1 2.5882 -9.6593 77
1486 1 1 2.5882 -9.6593 77
1487 4 1 2.5882 -9.6593 77
1488 4 1 2.5882 -9.6593 77
1489 4 1 2.5882 -9.6593 77
1490 4 1 2.5882 -9.6593 77
1491 1 1 2.5882 -9.6593 77
1492 4 1 2.5882 -9.6593 77
1493 4 1 2.5882 -9.6593 77
1494 4 1 2.5882 -9.6593 77
1495 4 1 2.5882 -9.6593 77
1496 1 1 2.5882 -9.6593 77
1497 1 1 2.5882 -9.6593 77
1498 4 1 2.5882 -9.6593 77
1499 1 1 2.5882 -9.6593 77
1500 4 1 2.5882 -9.6593 77
1501 4 1 5.1764 -19.3185 78
1502 4 1 5.1764 -19.3185 78
1503 4 1 5.1764 -19.3185 78
1504 1 1 5.1764 -19.3185 78
1505 4 1 5.1764 -19.3185 78
1506 1 1 5.1764 -19.3185 78
1507 4 1 5.1764 -19.3185 78
1508 4 1 5.1764 -19.3185 78
1509 4 1 5.1764 -19.3185 78
1510 4 1 5.1764 -19.3185 78
1511 4 1 5.1764 -19.3185 78
1512 4 1 5.1764 -19.3185 78
1513 4 1 5.1764 -19.3185 78
1514 4 1 5.1764 -19.3185 78
1515 1 1 5.1764 -19.3185 78
1516 4 1 5.1764 -19.3185 78
1517 4 1 5.1764 -19.3185 78
1518 4 1 5.1764 -19.3185 78
1519 4 1 5.1764 -19.3185 78
1520 4 1 5.1764 -19.3185 78
1521 4 1 7.7646 -28.9778 79
1522 1 1 7.7646 -28.9778 79
1523 4 1 7.7646 -28.9778 79
1524 4 1 7.7646 -28.9778 79
1525 4 1 7.7646 -28.9778 79
1526 4 1 7.7646 -28.9778 79
1527 4 1 7.7646 -28.9778 79
1528 4 1 7.7646 -28.9778 79
1529 1 1 7.7646 -28.9778 79
1530 4 1 7.7646 -28.9778 79
1531 4 1 7.7646 -28.9778 79
1532 4 1 7.7646 -28.9778 79
1533 4 1 7.7646 -28.9778 79
1534 4 1 7.7646 -28.9778 79
1535 4 1 7.7646 -28.9778 79
1536 4 1 7.7646 -28.9778 79
1537 4 1 7.7646 -28.9778 79
1538 4 1 7.7646 -28.9778 79
1539 4 1 7.7646 -28.9778 79
1540 4 1 7.7646 -28.9778 79
1541 4 1 10.3528 -38.637 80
1542 4 1 10.3528 -38.637 80
1543 4 1 10.3528 -38.637 80
1544 1 1 10.3528 -38.637 80
1545 4 1 10.3528 -38.637 80
1546 4 1 10.3528 -38.637 80
1547 1 1 10.3528 -38.637 80
1548 4 1 10.3528 -38.637 80
1549 4 1 10.3528 -38.637 80
1550 1 1 10.3528 -38.637 80
1551 4 1 10.3528 -38.637 80
1552 4 1 10.3528 -38.637 80
1553 4 1 10.3528 -38.637 80
1554 4 1 10.3528 -38.637 80
1555 1 1 10.3528 -38.637 80
1556 4 1 10.3528 -38.637 80
1557 1 1 10.3528 -38.637 80
1558 1 1 10.3528 -38.637 80
1559 4 1 10.3528 -38.637 80
1560 4 1 10.3528 -38.637 80
1561 1 1 5.0 -8.6603 81
1562 2 1 5.0 -8.6603 81
1563 2 1 5.0 -8.6603 81
1564 1 1 5.0 -8.6603 81
1565 2 1 5.0 -8.6603 81
1566 1 1 5.0 -8.6603 81
1567 2 1 5.0 -8.6603 81
1568 2 1 5.0 -8.6603 81
1569 1 1 5.0 -8.6603 81
1570 2 1 5.0 -8.6603 81
1571 1 1 5.0 -8.6603 81
1572 2 1 5.0 -8.6603 81
1573 2 1 5.0 -8.6603 81
1574 1 1 5.0 -8.6603 81
1575 2 1 5.0 -8.6603 81
1576 2 1 5.0 -8.6603 81
1577 2 1 5.0 -8.6603 81
1578 2 1 5.0 -8.6603 81
1579 2 1 5.0 -8.6603 81
1580 2 1 5.0 -8.6603 81
1581 2 1 5.0 -8.6603 81
1582 2 1 5.0 -8.6603 81
1583 1 1 5.0 -8.6603 81
1584 2 1 5.0 -8.6603 81
1585 2 1 5.0 -8.6603 81
1586 2 1 5.0 -8.6603 81
1587 2 1 5.0 -8.6603 81
1588 2 1 5.0 -8.6603 81
1589 2 1 5.0 -8.6603 81
1590 2 1 5.0 -8.6603 81
1591 1 1 10.0 -17.3205 82
1592 2 1 10.0 -17.3205 82
1593 2 1 10.0 -17.3205 82
1594 2 1 10.0 -17.3205 82
1595 2 1 10.0 -17.3205 82
1596 2 1 10.0 -17.3205 82
1597 2 1 10.0 -17.3205 82
1598 2 1 10.0 -17.3205 82
1599 1 1 10.0 -17.3205 82
1600 1 1 10.0 -17.3205 82
1601 1 1 10.0 -17.3205 82
1602 2 1 10.0 -17.3205 82
1603 2 1 10.0 -17.3205 82
1604 2 1 10.0 -17.3205 82
1605 2 1 10.0 -17.3205 82
1606 2 1 10.0 -17.3205 82
1607 2 1 10.0 -17.3205 82
1608 1 1 10.0 -17.3205 82
1609 2 1 10.0 -17.3205 82
1610 2 1 10.0 -17.3205 82
1611 2 1 10.0 -17.3205 82
1612 2 1 10.0 -17.3205 82
1613 2 1 10.0 -17.3205 82
1614 2 1 10.0 -17.3205 82
1615 2 1 10.0 -17.3205 82
1616 2 1 10.0 -17.3205 82
1617 2 1 10.0 -17.3205 82
1618 2 1 10.0 -17.3205 82
1619 2 1 10.0 -17.3205 82
1620 2 1 10.0 -17.3205 82
1621 2 1 15.0 -25.9808 83
1622 2 1 15.0 -25.9808 83
1623 2 1 15.0 -25.9808 83
1624 1 1 15.0 -25.9808 83
1625 2 1 15.0 -25.9808 83
1626 2 1 15.0 -25.9808 83
1627 1 1 15.0 -25.9808 83
1628 2 1 15.0 -25.9808 83
1629 2 1 15.0 -25.9808 83
1630 2 1 15.0 -25.9808 83
1631 2 1 15.0 -25.9808 83
1632 1 1 15.0 -25.9808 83
1633 2 1 15.0 -25.9808 83
1634 2 1 15.0 -25.9808 83
1635 1 1 15.0 -25.9808 83
1636 2 1 15.0 -25.9808 83
1637 2 1 15.0 -25.9808 83
1638 2 1 15.0 -25.9808 83
1639 1 1 15.0 -25.9808 83
1640 2 1 15.0 -25.9808 83
1641 1 1 15.0 -25.9808 83
1642 2 1 15.0 -25.9808 83
1643 2 1 15.0 -25.9808 83
1644 2 1 15.0 -25.9808 83
1645 2 1 15.0 -25.9808 83
1646 1 1 15.0 -25.9808 83
1647 2 1 15.0 -25.9808 83
1648 2 1 15.0 -25.9808 83
1649 2 1 15.0 -25.9808 83
1650 2 1 15.0 -25.9808 83
1651 2 1 20.0 -34.641 84
1652 2 1 20.0 -34.641 84
1653 1 1 20.0 -34.641 84
1654 1 1 20.0 -34.641 84
1655 2 1 20.0 -34.641 84
1656 2 1 20.0 -34.641 84
1657 2 1 20.0 -34.641 84
1658 1 1 20.0 -34.641 84
1659 2 1 20.0 -34.641 84
1660 2 1 20.0 -34.641 84
1661 2 1 20.0 -34.641 84
1662 1 1 20.0 -34.641 84
1663 2 1 20.0 -34.641 84
1664 1 1 20.0 -34.641 84
1665 2 1 20.0 -34.641 84
1666 2 1 20.0 -34.641 84
1667 2 1 20.0 -34.641 84
1668 2 1 20.0 -34.641 84
1669 2 1 20.0 -34.641 84
1670 1 1 20.0 -34.641 84
1671 2 1 20.0 -34.641 84
1672 2 1 20.0 -34.641 84
1673 2 1 20.0 -34.641 84
1674 2 1 20.0 -34.641 84
1675 2 1 20.0 -34.641 84
1676 2 1 20.0 -34.641 84
1677 1 1 20.0 -34.641 84
1678 2 1 20.0 -34.641 84
1679 2 1 20.0 -34.641 84
1680 2 1 20.0 -34.641 84
1681 4 1 7.0711 -7.0711 85
1682 4 1 7.0711 -7.0711 85
1683 4 1 7.0711 -7.0711 85
1684 4 1 7.0711 -7.0711 85
1685 4 1 7.0711 -7.0711 85
1686 4 1 7.0711 -7.0711 85
1687 4 1 7.0711 -7.0711 85
1688 4 1 7.0711 -7.0711 85
1689 4 1 7.0711 -7.0711 85
1690 4 1 7.0711 -7.0711 85
1691 4 1 14.1421 -14.1421 86
1692 4 1 14.1421 -14.1421 86
1693 2 1 14.1421 -14.1421 86
1694 2 1 14.1421 -14.1421 86
1695 4 1 14.1421 -14.1421 86
1696 2 1 14.1421 -14.1421 86
1697 2 1 14.1421 -14.1421 86
1698 4 1 14.1421 -14.1421 86
1699 4 1 14.1421 -14.1421 86
1700 4 1 14.1421 -14.1421 86
1701 4 1 21.2132 -21.2132 87
1702 4 1 21.2132 -21.2132 87
1703 4 1 21.2132 -21.2132 87
1704 4 1 21.2132 -21.2132 87
1705 4 1 21.2132 -21.2132 87
1706 4 1 21.2132 -21.2132 87
1707 4 1 21.2132 -21.2132 87
1708 4 1 21.2132 -21.2132 87
1709 2 1 21.2132 -21.2132 87
1710 4 1 21.2132 -21.2132 87
1711 4 1 28.2843 -28.2843 88
1712 4 1 28.2843 -28.2843 88
1713 2 1 28.2843 -28.2843 88
1714 2 1 28.2843 -28.2843 88
1715 4 1 28.2843 -28.2843 88
1716 4 1 28.2843 -28.2843 88
1717 4 1 28.2843 -28.2843 88
1718 2 1 28.2843 -28.2843 88
1719 2 1 28.2843 -28.2843 88
1720 2 1 28.2843 -28.2843 88
1721 4 1 8.6603 -5.0 89
1722 4 1 8.6603 -5.0 89
1723 1 1 8.6603 -5.0 89
1724 4 1 8.6603 -5.0 89
1725 4 1 8.6603 -5.0 89
1726 4 1 8.6603 -5.0 89
1727 4 1 8.6603 -5.0 89
1728 4 1 8.6603 -5.0 89
1729 4 1 8.6603 -5.0 89
1730 4 1 8.6603 -5.0 89
1731 1 1 8.6603 -5.0 89
1732 4 1 8.6603 -5.0 89
1733 1 1 8.6603 -5.0 89
1734 4 1 8.6603 -5.0 89
1735 4 1 8.6603 -5.0 89
1736 4 1 8.6603 -5.0 89
1737 4 1 8.6603 -5.0 89
1738 4 1 8.6603 -5.0 89
1739 4 1 8.6603 -5.0 89
1740 4 1 8.6603 -5.0 89
1741 4 1 17.3205 -10.0 90
1742 4 1 17.3205 -10.0 90
1743 4 1 17.3205 -10.0 90
1744 4 1 17.3205 -10.0 90
1745 1 1 17.3205 -10.0 90
1746 4 1 17.3205 -10.0 90
1747 4 1 17.3205 -10.0 90
1748 4 1 17.3205 -10.0 90
1749 4 1 17.3205 -10.0 90
1750 4 1 17.3205 -10.0 90
1751 4 1 17.3205 -10.0 90
1752 4 1 17.3205 -10.0 90
1753 4 1 17.3205 -10.0 90
1754 4 1 17.3205 -10.0 90
1755 4 1 17.3205 -10.0 90
1756 4 1 17.3205 -10.0 90
1757 1 1 17.3205 -10.0 90
1758 1 1 17.3205 -10.0 90
1759 1 1 17.3205 -10.0 90
1760 4 1 17.3205 -10.0 90
1761 4 1 25.9808 -15.0 91
1762 4 1 25.9808 -15.0 91
1763 4 1 25.9808 -15.0 91
1764 4 1 25.9808 -15.0 91
1765 4 1 25.9808 -15.0 91
1766 1 1 25.9808 -15.0 91
1767 4 1 25.9808 -15.0 91
1768 4 1 25.9808 -15.0 91
1769 4 1 25.9808 -15.0 91
1770 4 1 25.9808 -15.0 91
1771 4 1 25.9808 -15.0 91
1772 4 1 25.9808 -15.0 91
1773 1 1 25.9808 -15.0 91
1774 4 1 25.9808 -15.0 91
1775 4 1 25.9808 -15.0 91
1776 4 1 25.9808 -15.0 91
1777 4 1 25.9808 -15.0 91
1778 4 1 25.9808 -15.0 91
1779 4 1 25.9808 -15.0 91
1780 4 1 25.9808 -15.0 91
1781 1 1 34.641 -20.0 92
1782 4 1 34.641 -20.0 92
1783 4 1 34.641 -20.0 92
1784 4 1 34.641 -20.0 92
1785 4 1 34.641 -20.0 92
1786 4 1 34.641 -20.0 92
1787 4 1 34.641 -20.0 92
1788 4 1 34.641 -20.0 92
1789 4 1 34.641 -20.0 92
1790 4 1 34.641 -20.0 92
1791 4 1 34.641 -20.0 92
1792 4 1 34.641 -20.0 92
1793 1 1 34.641 -20.0 92
1794 4 1 34.641 -20.0 92
1795 4 1 34.641 -20.0 92
1796 4 1 34.641 -20.0 92
1797 4 1 34.641 -20.0 92
1798 4 1 34.641 -20.0 92
1799 1 1 34.641 -20.0 92
1800 4 1 34.641 -20.0 92
1801 2 1 9.6593 -2.5882 93
1802 2 1 9.6593 -2.5882 93
1803 1 1 9.6593 -2.5882 93
1804 2 1 9.6593 -2.5882 93
1805 2 1 9.6593 -2.5882 93
1806 2 1 9.6593 -2.5882 93
1807 2 1 9.6593 -2.5882 93
1808 1 1 9.6593 -2.5882 93
1809 2 1 9.6593 -2.5882 93
1810 2 1 9.6593 -2.5882 93
1811 2 1 9.6593 -2.5882 93
1812 1 1 9.6593 -2.5882 93
1813 2 1 9.6593 -2.5882 93
1814 2 1 9.6593 -2.5882 93
1815 1 1 9.6593 -2.5882 93
1816 2 1 9.6593 -2.5882 93
1817 2 1 9.6593 -2.5882 93
1818 2 1 9.6593 -2.5882 93
1819 2 1 9.6593 -2.5882 93
1820 1 1 9.6593 -2.5882 93
1821 2 1 9.6593 -2.5882 93
1822 1 1 9.6593 -2.5882 93
1823 2 1 9.6593 -2.5882 93
1824 2 1 9.6593 -2.5882 93
1825 2 1 9.6593 -2.5882 93
1826 1 1 9.6593 -2.5882 93
1827 1 1 9.6593 -2.5882 93
1828 1 1 9.6593 -2.5882 93
1829 2 1 9.6593 -2.5882 93
1830 2 1 9.6593 -2.5882 93
1831 2 1 19.3185 -5.1764 94
1832 2 1 19.3185 -5.1764 94
1833 1 1 19.3185 -5.1764 94
1834 2 1 19.3185 -5.1764 94
1835 2 1 19.3185 -5.1764 94
1836 2 1 19.3185 -5.1764 94
1837 1 1 19.3185 -5.1764 94
1838 2 1 19.3185 -5.1764 94
1839 2 1 19.3185 -5.1764 94
1840 2 1 19.3185 -5.1764 94
1841 1 1 19.3185 -5.1764 94
1842 1 1 19.3185 -5.1764 94
1843 1 1 19.3185 -5.1764 94
1844 2 1 19.3185 -5.1764 94
1845 2 1 19.3185 -5.1764 94
1846 1 1 19.3185 -5.1764 94
1847 2 1 19.3185 -5.1764 94
1848 2 1 19.3185 -5.1764 94
1849 1 1 19.3185 -5.1764 94
1850 2 1 19.3185 -5.1764 94
1851 2 1 19.3185 -5.1764 94
1852 2 1 19.3185 -5.1764 94
1853 2 1 19.3185 -5.1764 94
1854 2 1 19.3185 -5.1764 94
1855 2 1 19.3185 -5.1764 94
1856 2 1 19.3185 -5.1764 94
1857 2 1 19.3185 -5.1764 94
1858 2 1 19.3185 -5.1764 94
1859 2 1 19.3185 -5.1764 94
1860 2 1 19.3185 -5.1764 94
1861 2 1 28.9778 -7.7646 95
1862 1 1 28.9778 -7.7646 95
1863 2 1 28.9778 -7.7646 95
1864 1 1 28.9778 -7.7646 95
1865 2 1 28.9778 -7.7646 95
1866 2 1 28.9778 -7.7646 95
1867 1 1 28.9778 -7.7646 95
1868 2 1 28.9778 -7.7646 95
1869 2 1 28.9778 -7.7646 95
1870 1 1 28.9778 -7.7646 95
1871 2 1 28.9778 -7.7646 95
1872 2 1 28.9778 -7.7646 95
1873 2 1 28.9778 -7.7646 95
1874 2 1 28.9778 -7.7646 95
1875 2 1 28.9778 -7.7646 95
1876 2 1 28.9778 -7.7646 95
1877 1 1 28.9778 -7.7646 95
1878 2 1 28.9778 -7.7646 95
1879 2 1 28.9778 -7.7646 95
1880 2 1 28.9778 -7.7646 95
1881 2 1 28.9778 -7.7646 95
1882 1 1 28.9778 -7.7646 95
1883 2 1 28.9778 -7.7646 95
1884 2 1 28.9778 -7.7646 95
1885 1 1 28.9778 -7.7646 95
1886 2 1 28.9778 -7.7646 95
1887 2 1 28.9778 -7.7646 95
1888 1 1 28.9778 -7.7646 95
1889 2 1 28.9778 -7.7646 95
1890 2 1 28.9778 -7.7646 95
1891 2 1 38.637 -10.3528 96
1892 2 1 38.637 -10.3528 96
1893 2 1 38.637 -10.3528 96
1894 2 1 38.637 -10.3528 96
1895 2 1 38.637 -10.3528 96
1896 2 1 38.637 -10.3528 96
1897 2 1 38.637 -10.3528 96
1898 2 1 38.637 -10.3528 96
1899 2 1 38.637 -10.3528 96
1900 2 1 38.637 -10.3528 96
1901 1 1 38.637 -10.3528 96
1902 2 1 38.637 -10.3528 96
1903 2 1 38.637 -10.3528 96
1904 1 1 38.637 -10.3528 96
1905 1 1 38.637 -10.3528 96
1906 2 1 38.637 -10.3528 96
1907 2 1 38.637 -10.3528 96
1908 2 1 38.637 -10.3528 96
1909 2 1 38.637 -10.3528 96
1910 2 1 38.637 -10.3528 96
1911 2 1 38.637 -10.3528 96
1912 2 1 38.637 -10.3528 96
1913 2 1 38.637 -10.3528 96
1914 2 1 38.637 -10.3528 96
1915 1 1 38.637 -10.3528 96
1916 2 1 38.637 -10.3528 96
1917 2 1 38.637 -10.3528 96
1918 2 1 38.637 -10.3528 96
1919 1 1 38.637 -10.3528 96
1920 2 1 38.637 -10.3528 96
1921 4 1 49.5722 6.5263 97
1922 4 1 49.5722 6.5263 97
1923 1 1 49.5722 6.5263 97
1924 4 1 49.5722 6.5263 97
1925 4 1 49.5722 6.5263 97
1926 4 1 49.5722 6.5263 97
1927 4 1 49.5722 6.5263 97
1928 1 1 49.5722 6.5263 97
1929 4 1 49.5722 6.5263 97
1930 4 1 49.5722 6.5263 97
1931 4 1 39.6677 30.4381 98
1932 4 1 39.6677 30.4381 98
1933 4 1 39.6677 30.4381 98
1934 2 1 39.6677 30.4381 98
1935 4 1 39.6677 30.4381 98
1936 2 1 39.6677 30.4381 98
1937 4 1 39.6677 30.4381 98
1938 4 1 39.6677 30.4381 98
1939 2 1 39.6677 30.4381 98
1940 4 1 39.6677 30.4381 98
1941 4 1 19.1342 46.194 99
1942 1 1 19.1342 46.194 99
1943 4 1 19.1342 46.194 99
1944 4 1 19.1342 46.194 99
1945 1 1 19.1342 46.194 99
1946 4 1 19.1342 46.194 99
1947 4 1 19.1342 46.194 99
1948 4 1 19.1342 46.194 99
1949 1 1 19.1342 46.194 99
1950 4 1 19.1342 46.194 99
1951 4 1 -6.5263 49.5722 100
1952 4 1 -6.5263 49.5722 100
1953 4 1 -6.5263 49.5722 100
1954 4 1 -6.5263 49.5722 100
1955 4 1 -6.5263 49.5722 100
1956 1 1 -6.5263 49.5722 100
1957 4 1 -6.5263 49.5722 100
1958 4 1 -6.5263 49.5722 100
1959 4 1 -6.5263 49.5722 100
1960 4 1 -6.5263 49.5722 100
1961 4 1 -30.4381 39.6677 101
1962 4 1 -30.4381 39.6677 101
1963 4 1 -30.4381 39.6677 101
1964 4 1 -30.4381 39.6677 101
1965 4 1 -30.4381 39.6677 101
1966 4 1 -30.4381 39.6677 101
1967 4 1 -30.4381 39.6677 101
1968 4 1 -30.4381 39.6677 101
1969 4 1 -30.4381 39.6677 101
1970 4 1 -30.4381 39.6677 101
1971 4 1 -46.194 19.1342 102
1972 4 1 -46.194 19.1342 102
1973 4 1 -46.194 19.1342 102
1974 4 1 -46.194 19.1342 102
1975 4 1 -46.194 19.1342 102
1976 4 1 -46.194 19.1342 102
1977 2 1 -46.194 19.1342 102
1978 2 1 -46.194 19.1342 102
1979 4 1 -46.194 19.1342 102
1980 4 1 -46.194 19.1342 102
1981 2 1 -49.5722 -6.5263 103
1982 4 1 -49.5722 -6.5263 103
1983 4 1 -49.5722 -6.5263 103
1984 4 1 -49.5722 -6.5263 103
1985 4 1 -49.5722 -6.5263 103
1986 4 1 -49.5722 -6.5263 103
1987 4 1 -49.5722 -6.5263 103
1988 2 1 -49.5722 -6.5263 103
1989 4 1 -49.5722 -6.5263 103
1990 4 1 -49.5722 -6.5263 103
1991 2 1 -39.6677 -30.4381 104
1992 4 1 -39.6677 -30.4381 104
1993 4 1 -39.6677 -30.4381 104
1994 4 1 -39.6677 -30.4381 104
1995 4 1 -39.6677 -30.4381 104
1996 4 1 -39.6677 -30.4381 104
1997 4 1 -39.6677 -30.4381 104
1998 4 1 -39.6677 -30.4381 104
1999 4 1 -39.6677 -30.4381 104
2000 2 1 -39.6677 -30.4381 104
