File: p10 Num Depots: 1 Num Pick Up Points: 104 Num Trucks: 4Processing Time: 74 seconds
Total Demand = 2000.00| Total Distance = 2739.02| Total Travel Time = 2054.26| Total Cost = $2430.65|

Truck #1207 MaxCap: 60 Demand: 59.0 ROUTE:0 145 144 136 129 127 122 42 74 72 70 68 63 176 174 169 168 160 159 156 208 207 196 195 189 100 93 90 87 82 115 102 101 1928 1923 222 221 218 217 1949 1945 1942 470 451 340 335 332 331 317 304 414 411 402 398 395 297 296 286 282 281 -1 
Truck #1208 MaxCap: 100 Demand: 99.0 ROUTE:0 384 374 373 364 438 430 429 478 474 471 1956 598 596 594 591 590 576 574 573 572 689 684 677 672 670 668 666 664 663 662 716 700 699 698 697 696 832 830 828 824 821 959 956 951 944 941 940 931 930 926 921 916 913 907 903 902 813 811 803 898 890 877 876 799 795 787 786 783 781 657 647 636 631 559 555 551 541 535 533 532 530 528 627 617 616 612 608 773 761 866 863 860 854 846 845 843 1014 1009 1007 -1 
Truck #1209 MaxCap: 160 Demand: 149.0 ROUTE:0 1017 1015 1018 1101 1095 1094 1092 1087 1255 1246 1243 1346 1344 1340 1334 1329 1326 1325 1322 1280 1277 1267 1262 1261 1132 1130 1129 1121 1117 1116 1111 1029 1026 1022 1158 1157 1142 1059 1057 1047 1075 1194 1193 1190 1185 1174 1319 1314 1439 1436 1431 1415 1403 1402 1399 1390 1386 1383 1299 1297 1295 1292 1284 1376 1374 1355 1515 1506 1504 1608 1601 1600 1599 1591 1529 1522 1558 1557 1555 1550 1547 1544 1677 1670 1664 1662 1658 1654 1653 1646 1641 1639 1635 1632 1627 1624 1773 1766 1799 1793 1781 1919 1915 1905 1904 1901 1888 1885 1882 1877 1870 1867 1864 1862 1849 1846 1843 1842 1841 1837 1833 1759 1758 1757 1745 1828 1827 1826 1822 1820 1815 1812 1808 1803 1733 1731 1723 1583 1574 1571 1569 1566 1564 1561 1499 1497 1496 1491 1486 -1 
Truck #1211 MaxCap: 100 Demand: 99.0 ROUTE:0 420 419 418 417 416 415 413 412 410 409 408 407 406 405 404 403 401 400 399 397 396 394 393 392 391 468 467 466 465 464 463 462 461 460 459 458 457 456 455 454 453 452 280 1939 1936 1934 240 239 238 237 236 235 234 233 232 231 230 229 228 227 226 225 224 223 220 219 216 215 214 213 212 211 261 259 258 257 251 180 179 178 177 175 173 172 171 170 167 166 165 164 163 162 161 158 157 155 154 153 241 -1 
Truck #1212 MaxCap: 160 Demand: 159.0 ROUTE:0 390 389 388 387 386 385 383 382 381 380 379 378 377 376 375 372 371 370 369 368 367 366 365 363 362 361 487 485 484 483 482 481 497 493 450 449 448 447 446 445 444 443 442 441 440 439 437 436 435 434 433 432 431 428 427 426 425 424 423 422 421 480 479 477 476 475 473 472 469 506 505 503 711 710 709 708 707 706 705 704 703 702 701 695 694 693 692 691 690 688 687 686 685 683 682 681 680 679 678 676 675 674 673 671 669 667 665 661 660 659 658 656 655 654 653 652 651 650 649 648 646 645 644 643 642 641 640 639 638 637 635 634 633 632 630 629 628 626 625 624 623 622 621 620 619 618 615 614 613 611 610 609 607 606 605 604 603 602 601 -1 
Truck #1214 MaxCap: 200 Demand: 199.0 ROUTE:0 300 299 298 295 294 293 292 291 290 289 288 287 285 284 283 320 319 318 316 315 314 313 312 311 310 309 308 307 306 305 339 338 337 336 334 333 330 329 328 327 326 325 324 323 322 321 360 359 358 357 356 355 354 353 352 351 350 349 348 347 346 345 344 343 342 341 1950 1948 1947 1946 1944 1943 1941 520 519 518 517 516 515 514 513 512 511 1960 1959 1958 1957 1955 1954 1953 1952 1951 600 599 597 595 593 592 589 588 587 586 585 584 583 582 581 1970 1969 1968 1967 1966 1965 1964 1963 1962 1961 742 740 739 738 737 735 734 732 731 560 558 557 556 554 553 552 550 549 548 547 546 545 544 543 542 580 579 578 577 575 571 570 569 568 567 566 565 564 563 562 561 510 509 508 507 504 502 501 500 499 498 496 495 494 492 491 490 489 488 486 540 539 538 537 536 534 531 529 527 526 525 524 523 522 521 730 728 727 726 725 723 721 -1 
Truck #1215 MaxCap: 250 Demand: 249.0 ROUTE:0 780 779 778 777 776 775 774 772 771 770 769 768 767 766 765 764 763 762 800 798 797 796 794 793 792 791 790 789 788 785 784 782 820 819 818 817 816 815 814 812 810 809 808 807 806 805 804 802 801 750 749 748 747 746 745 743 760 759 758 756 755 754 752 751 840 839 838 837 836 835 834 833 831 829 827 826 825 823 822 1980 1979 1976 1975 1974 1973 1972 1971 1000 999 998 997 996 994 993 992 991 1990 1989 1987 1986 1985 1984 1983 1982 1080 1079 1078 1077 1076 1074 1073 1072 1071 1070 1069 1068 1067 1066 1065 1064 1063 1062 1061 1999 1998 1997 1996 1995 1994 1993 1992 1239 1238 1237 1235 1234 1233 1232 1231 1229 1228 1226 1225 1224 1223 1222 1221 1060 1058 1056 1055 1054 1053 1052 1051 1050 1049 1048 1046 1045 1044 1043 1042 1041 990 989 988 987 984 983 982 981 980 978 977 976 973 972 971 1040 1039 1038 1037 1036 1035 1034 1033 1032 1031 1030 1028 1027 1025 1024 1023 1021 1220 1219 1218 1217 1216 1213 1212 1211 1279 1278 1276 1275 1274 1273 1272 1271 1270 1269 1268 1266 1265 1264 1263 1210 1208 1207 1206 1205 1204 1203 1202 1201 1020 1019 1016 1013 1012 1011 1010 1008 1006 1005 1004 1003 1002 1001 970 966 965 964 963 962 961 -1 
Truck #1216 MaxCap: 60 Demand: 59.0 ROUTE:0 900 899 897 896 895 894 893 892 891 889 888 887 886 885 884 883 882 881 880 879 878 875 874 873 872 871 948 947 946 945 943 942 939 938 937 936 935 934 933 932 1978 1977 757 753 720 719 718 717 715 714 713 712 744 741 736 733 729 724 722 -1 
Truck #1217 MaxCap: 60 Demand: 59.0 ROUTE:0 870 869 868 867 865 864 862 861 859 858 857 856 855 853 852 851 850 849 848 847 844 842 841 929 928 927 925 924 923 922 920 919 918 917 915 914 912 911 910 909 908 906 905 904 901 960 958 957 955 954 953 952 950 949 975 974 969 968 967 -1 
Truck #1218 MaxCap: 60 Demand: 59.0 ROUTE:0 979 986 985 995 1988 1981 1170 1169 1168 1167 1166 1165 1164 1163 1162 1161 1160 1159 1156 1155 1154 1153 1152 1151 1150 1149 1148 1147 1146 1145 1144 1143 1141 1112 1110 1109 1108 1107 1106 1105 1104 1103 1102 1100 1099 1098 1097 1096 1093 1091 1090 1089 1088 1086 1085 1084 1083 1082 1081 -1 
Truck #1219 MaxCap: 60 Demand: 59.0 ROUTE:0 1353 1352 1351 1215 1214 1230 1227 1240 1236 2000 1991 1200 1199 1198 1197 1196 1195 1192 1191 1189 1188 1187 1186 1184 1183 1182 1181 1180 1179 1178 1177 1176 1175 1173 1172 1171 1140 1139 1138 1137 1136 1135 1134 1133 1131 1128 1127 1126 1125 1124 1123 1122 1120 1119 1118 1115 1114 1113 1209 -1 
Truck #1220 MaxCap: 150 Demand: 149.0 ROUTE:0 5 7 8 9 10 1500 1498 1495 1494 1493 1492 1490 1489 1488 1487 1485 1484 1483 1482 1481 1449 1448 1447 1445 1444 1443 1441 1520 1519 1518 1517 1516 1514 1513 1512 1511 1510 1509 1508 1507 1505 1503 1502 1501 1459 1458 1457 1456 1455 1454 1453 1451 1468 1466 1465 1464 1463 1462 1461 1540 1539 1538 1537 1536 1535 1534 1533 1532 1531 1530 1528 1527 1526 1525 1524 1523 1521 1560 1559 1556 1554 1553 1552 1551 1549 1548 1546 1545 1543 1542 1541 1480 1479 1477 1476 1475 1474 1472 1471 1320 1318 1317 1316 1315 1313 1312 1311 1310 1309 1308 1307 1306 1305 1304 1303 1302 1301 1300 1298 1296 1294 1293 1291 1290 1289 1288 1287 1286 1285 1283 1282 1281 1260 1259 1258 1257 1256 1254 1253 1252 1251 1250 1249 1248 1247 1245 1244 1242 1241 -1 
Truck #1221 MaxCap: 60 Demand: 59.0 ROUTE:0 1392 1391 1389 1388 1387 1385 1384 1382 1381 1440 1438 1437 1435 1434 1433 1432 1430 1429 1428 1427 1426 1425 1424 1423 1422 1421 1420 1419 1418 1417 1416 1414 1413 1412 1411 1380 1379 1378 1377 1375 1373 1372 1371 1370 1369 1368 1367 1366 1365 1364 1363 1362 1361 1360 1359 1358 1357 1356 1354 -1 
Truck #1222 MaxCap: 60 Demand: 59.0 ROUTE:0 1450 1446 1442 1350 1349 1348 1347 1345 1343 1342 1341 1339 1338 1337 1336 1335 1333 1332 1331 1330 1328 1327 1324 1323 1321 1410 1409 1408 1407 1406 1405 1404 1401 1400 1398 1397 1396 1395 1394 1393 1478 1473 1470 1469 1467 1460 1452 1578 1577 1576 1575 1573 1572 1570 1568 1567 1565 1563 1562 -1 
Truck #1223 MaxCap: 60 Demand: 59.0 ROUTE:0 1590 1650 1649 1648 1647 1645 1644 1643 1642 1640 1638 1637 1636 1634 1633 1631 1630 1629 1628 1626 1625 1623 1622 1621 1620 1619 1618 1617 1616 1615 1614 1613 1612 1611 1610 1609 1607 1606 1605 1604 1603 1602 1598 1597 1596 1595 1594 1593 1592 1589 1588 1587 1586 1585 1584 1582 1581 1580 1579 -1 
Truck #1224 MaxCap: 60 Demand: 59.0 ROUTE:0 1697 1696 1694 1693 1709 1680 1679 1678 1676 1675 1674 1673 1672 1671 1669 1668 1667 1666 1665 1663 1661 1660 1659 1657 1656 1655 1652 1651 1720 1719 1718 1714 1713 1893 1892 1891 1860 1859 1858 1857 1856 1855 1854 1853 1852 1851 1850 1848 1847 1845 1844 1840 1839 1838 1836 1835 1834 1832 1831 -1 
Truck #1226 MaxCap: 60 Demand: 59.0 ROUTE:0 1819 1818 1817 1816 1814 1813 1811 1810 1809 1807 1806 1805 1804 1802 1801 1890 1889 1887 1886 1884 1883 1881 1880 1879 1878 1876 1875 1874 1873 1872 1871 1869 1868 1866 1865 1863 1861 1920 1918 1917 1916 1914 1913 1912 1911 1910 1909 1908 1907 1906 1903 1902 1900 1899 1898 1897 1896 1895 1894 -1 
Truck #1239 MaxCap: 100 Demand: 65.0 ROUTE:0 121 123 124 125 126 128 130 131 132 133 134 135 137 138 139 140 141 142 143 146 147 148 149 150 151 152 181 182 183 184 185 186 187 188 190 191 192 193 194 197 198 199 200 201 202 203 204 205 206 209 210 36 39 40 30 11 1 4 6 1821 1823 1824 1825 1829 1830 -1 
Truck #1257 MaxCap: 250 Demand: 242.0 ROUTE:0 41 43 44 45 46 47 48 49 50 51 52 53 54 55 56 57 58 59 60 242 243 244 245 246 247 248 249 250 301 302 303 252 253 254 255 256 260 61 62 64 65 66 67 69 71 73 75 76 77 78 79 80 81 83 84 85 86 88 89 91 92 94 95 96 97 98 99 103 104 105 106 107 108 109 110 111 112 113 114 116 117 118 119 120 262 263 264 265 266 267 268 269 270 271 272 273 274 275 276 277 278 279 1931 1932 1933 1935 1937 1938 1940 1921 1922 1924 1925 1926 1927 1929 1930 31 32 33 34 35 37 38 21 22 23 24 25 26 27 28 29 12 13 14 15 16 17 18 19 20 1782 1783 1784 1785 1786 1787 1788 1789 1790 1791 1792 1794 1795 1796 1797 1798 1800 1711 1712 1715 1716 1717 1701 1702 1703 1704 1705 1706 1707 1708 1710 1761 1762 1763 1764 1765 1767 1768 1769 1770 1771 1772 1774 1775 1776 1777 1778 1779 1780 1691 1692 1695 1698 1699 1700 1741 1742 1743 1744 1746 1747 1748 1749 1750 1751 1752 1753 1754 1755 1756 1760 2 3 1721 1722 1724 1725 1726 1727 1728 1729 1730 1732 1734 1735 1736 1737 1738 1739 1740 1686 1687 1688 1689 1690 1681 1682 1683 1684 1685 -1 


Inital Solution 0 changes  totQ=2000.00 totD=2968.16 $2506.03
Local One Opt 58 changes  totQ=2000.00 totD=2755.23 $2471.73
Local Two Opt 8 changes  totQ=2000.00 totD=2747.76 $2470.54
Local Three Opt 2 changes  totQ=2000.00 totD=2743.75 $2469.93
K-Two Forward 1 changes  totQ=2000.00 totD=2735.59 $2468.71
K-Two Reverse 0 changes  totQ=2000.00 totD=2735.59 $2468.71
K-Three Forward 0 changes  totQ=2000.00 totD=2735.59 $2468.71
K-Three Reverse 0 changes  totQ=2000.00 totD=2735.59 $2468.71
Exchange 01 1 changes  totQ=2000.00 totD=2733.03 $2468.33
Exchange 01 0 changes  totQ=2000.00 totD=2733.03 $2468.33
Exchange 11 0 changes  totQ=2000.00 totD=2733.03 $2468.33
Exchange 02 0 changes  totQ=2000.00 totD=2733.03 $2468.33
Exchange 20 0 changes  totQ=2000.00 totD=2733.03 $2468.33
Exchange 12 0 changes  totQ=2000.00 totD=2733.03 $2468.33
Exchange 21 0 changes  totQ=2000.00 totD=2733.03 $2468.33
Exchange 22 0 changes  totQ=2000.00 totD=2733.03 $2468.33
Combination 1 changes  totQ=2000.00 totD=2733.03 $2468.33
Reduction 0 changes  totQ=2000.00 totD=2715.64 $2451.01
Reallocation 0 changes  totQ=2000.00 totD=2715.64 $2451.01
Relax/Combine 1 changes  totQ=2000.00 totD=2739.02 $2430.65
Sharing 0 changes  totQ=2000.00 totD=2739.02 $2430.65
Relax/Share 0 changes  totQ=2000.00 totD=2739.02 $2430.65
