1
0 0.0 0.0 2500.0 3278.007080078125 26
1318 1 59.0 126.98584747314453 60 2147483647 61
0 0 0.0 0.0 D
48 1 9.7815 2.0791 1
47 1 9.7815 2.0791 1
41 1 9.7815 2.0791 1
148 1 9.1355 4.0674 1
146 1 9.1355 4.0674 1
136 1 9.1355 4.0674 1
133 1 9.1355 4.0674 1
131 1 9.1355 4.0674 1
125 1 9.1355 4.0674 1
176 1 18.2709 8.1347 1
173 1 18.2709 8.1347 1
164 1 18.2709 8.1347 1
158 1 18.2709 8.1347 1
156 1 18.2709 8.1347 1
154 1 18.2709 8.1347 1
153 1 18.2709 8.1347 1
70 1 19.563 4.1582 1
69 1 19.563 4.1582 1
68 1 19.563 4.1582 1
63 1 19.563 4.1582 1
61 1 19.563 4.1582 1
100 1 29.3444 6.2374 1
97 1 29.3444 6.2374 1
93 1 29.3444 6.2374 1
85 1 29.3444 6.2374 1
117 1 39.1259 8.3165 1
109 1 39.1259 8.3165 1
108 1 39.1259 8.3165 1
104 1 39.1259 8.3165 1
2408 1 49.7261 5.2264 1
2406 1 49.7261 5.2264 1
2405 1 49.7261 5.2264 1
239 1 36.5418 16.2695 1
225 1 36.5418 16.2695 1
222 1 36.5418 16.2695 1
217 1 36.5418 16.2695 1
215 1 36.5418 16.2695 1
201 1 27.4064 12.2021 1
198 1 27.4064 12.2021 1
196 1 27.4064 12.2021 1
195 1 27.4064 12.2021 1
194 1 27.4064 12.2021 1
191 1 27.4064 12.2021 1
189 1 27.4064 12.2021 1
186 1 27.4064 12.2021 1
337 1 20.0739 22.2943 1
336 1 20.0739 22.2943 1
335 1 20.0739 22.2943 1
331 1 20.0739 22.2943 1
330 1 20.0739 22.2943 1
325 1 20.0739 22.2943 1
319 1 13.3826 14.8629 1
315 1 13.3826 14.8629 1
312 1 13.3826 14.8629 1
302 1 13.3826 14.8629 1
298 1 6.6913 7.4314 1
290 1 6.6913 7.4314 1
285 1 6.6913 7.4314 1
281 1 6.6913 7.4314 1
-1 0 0.0 0.0 D
1319 1 99.0 211.27484130859375 100 2147483647 101
0 0 0.0 0.0 D
380 1 5.0 8.6603 1
375 1 5.0 8.6603 1
373 1 5.0 8.6603 1
371 1 5.0 8.6603 1
369 1 5.0 8.6603 1
363 1 5.0 8.6603 1
410 1 10.0 17.3205 1
404 1 10.0 17.3205 1
402 1 10.0 17.3205 1
395 1 10.0 17.3205 1
393 1 10.0 17.3205 1
391 1 10.0 17.3205 1
447 1 15.0 25.9808 1
446 1 15.0 25.9808 1
445 1 15.0 25.9808 1
442 1 15.0 25.9808 1
435 1 15.0 25.9808 1
423 1 15.0 25.9808 1
422 1 15.0 25.9808 1
469 1 20.0 34.641 1
465 1 20.0 34.641 1
462 1 20.0 34.641 1
456 1 20.0 34.641 1
453 1 20.0 34.641 1
360 1 26.7652 29.7258 1
351 1 26.7652 29.7258 1
349 1 26.7652 29.7258 1
343 1 26.7652 29.7258 1
342 1 26.7652 29.7258 1
2427 1 29.3893 40.4509 1
2426 1 29.3893 40.4509 1
2425 1 29.3893 40.4509 1
2422 1 29.3893 40.4509 1
2438 1 10.3956 48.9074 1
2431 1 10.3956 48.9074 1
599 1 4.1811 39.7809 1
598 1 4.1811 39.7809 1
596 1 4.1811 39.7809 1
590 1 4.1811 39.7809 1
588 1 4.1811 39.7809 1
587 1 4.1811 39.7809 1
584 1 4.1811 39.7809 1
573 1 3.1359 29.8357 1
572 1 3.1359 29.8357 1
562 1 3.1359 29.8357 1
561 1 3.1359 29.8357 1
686 1 -3.1359 29.8357 1
678 1 -3.1359 29.8357 1
677 1 -3.1359 29.8357 1
665 1 -3.1359 29.8357 1
663 1 -3.1359 29.8357 1
711 1 -4.1811 39.7809 1
708 1 -4.1811 39.7809 1
704 1 -4.1811 39.7809 1
697 1 -4.1811 39.7809 1
694 1 -4.1811 39.7809 1
831 1 -20.0 34.641 1
826 1 -20.0 34.641 1
955 1 -26.7652 29.7258 1
950 1 -26.7652 29.7258 1
941 1 -26.7652 29.7258 1
937 1 -26.7652 29.7258 1
912 1 -20.0739 22.2943 1
911 1 -20.0739 22.2943 1
909 1 -20.0739 22.2943 1
901 1 -20.0739 22.2943 1
813 1 -15.0 25.9808 1
812 1 -15.0 25.9808 1
893 1 -13.3826 14.8629 1
891 1 -13.3826 14.8629 1
884 1 -13.3826 14.8629 1
881 1 -13.3826 14.8629 1
872 1 -13.3826 14.8629 1
800 1 -10.0 17.3205 1
797 1 -10.0 17.3205 1
795 1 -10.0 17.3205 1
786 1 -10.0 17.3205 1
785 1 -10.0 17.3205 1
784 1 -10.0 17.3205 1
782 1 -10.0 17.3205 1
642 1 -2.0906 19.8904 1
636 1 -2.0906 19.8904 1
634 1 -2.0906 19.8904 1
632 1 -2.0906 19.8904 1
556 1 2.0906 19.8904 1
554 1 2.0906 19.8904 1
552 1 2.0906 19.8904 1
550 1 2.0906 19.8904 1
626 1 -1.0453 9.9452 1
618 1 -1.0453 9.9452 1
612 1 -1.0453 9.9452 1
608 1 -1.0453 9.9452 1
603 1 -1.0453 9.9452 1
602 1 -1.0453 9.9452 1
777 1 -5.0 8.6603 1
775 1 -5.0 8.6603 1
774 1 -5.0 8.6603 1
769 1 -5.0 8.6603 1
767 1 -5.0 8.6603 1
-1 0 0.0 0.0 D
1320 1 159.0 292.33721923828125 160 2147483647 161
0 0 0.0 0.0 D
870 1 -6.6913 7.4314 1
867 1 -6.6913 7.4314 1
866 1 -6.6913 7.4314 1
855 1 -6.6913 7.4314 1
853 1 -6.6913 7.4314 1
846 1 -6.6913 7.4314 1
845 1 -6.6913 7.4314 1
843 1 -6.6913 7.4314 1
841 1 -6.6913 7.4314 1
929 1 -20.0739 22.2943 1
927 1 -20.0739 22.2943 1
923 1 -20.0739 22.2943 1
922 1 -20.0739 22.2943 1
920 1 -20.0739 22.2943 1
1059 1 -27.4064 12.2021 1
1055 1 -27.4064 12.2021 1
1053 1 -27.4064 12.2021 1
1052 1 -27.4064 12.2021 1
1051 1 -27.4064 12.2021 1
1041 1 -27.4064 12.2021 1
1072 1 -36.5418 16.2695 1
1071 1 -36.5418 16.2695 1
1068 1 -36.5418 16.2695 1
1198 1 -39.1259 8.3165 1
1197 1 -39.1259 8.3165 1
1194 1 -39.1259 8.3165 1
1186 1 -39.1259 8.3165 1
1176 1 -39.1259 8.3165 1
1170 1 -29.3444 6.2373 1
1167 1 -29.3444 6.2373 1
1162 1 -29.3444 6.2373 1
1154 1 -29.3444 6.2373 1
1148 1 -29.3444 6.2373 1
1147 1 -29.3444 6.2373 1
1141 1 -29.3444 6.2373 1
1294 1 -29.3444 -6.2374 1
1293 1 -29.3444 -6.2374 1
1291 1 -29.3444 -6.2374 1
1282 1 -29.3444 -6.2374 1
1410 1 -27.4064 -12.2021 1
1406 1 -27.4064 -12.2021 1
1398 1 -27.4064 -12.2021 1
1387 1 -27.4064 -12.2021 1
1386 1 -27.4064 -12.2021 1
1440 1 -36.5418 -16.2695 1
1438 1 -36.5418 -16.2695 1
1434 1 -36.5418 -16.2695 1
1425 1 -36.5418 -16.2695 1
1418 1 -36.5418 -16.2695 1
1320 1 -39.1259 -8.3165 1
1319 1 -39.1259 -8.3165 1
2490 1 -47.5528 -15.4509 1
2486 1 -47.5528 -15.4509 1
2482 1 -47.5528 -15.4509 1
2497 1 -37.1572 -33.4565 1
1559 1 -26.7652 -29.7258 1
1555 1 -26.7652 -29.7258 1
1554 1 -26.7652 -29.7258 1
1553 1 -26.7652 -29.7258 1
1552 1 -26.7652 -29.7258 1
1550 1 -26.7652 -29.7258 1
1546 1 -26.7652 -29.7258 1
1677 1 -20.0 -34.641 1
1672 1 -20.0 -34.641 1
1669 1 -20.0 -34.641 1
1665 1 -20.0 -34.641 1
1663 1 -20.0 -34.641 1
1659 1 -20.0 -34.641 1
1657 1 -20.0 -34.641 1
1656 1 -20.0 -34.641 1
1653 1 -20.0 -34.641 1
1651 1 -20.0 -34.641 1
1793 1 -4.1811 -39.7809 1
1788 1 -4.1811 -39.7809 1
1874 1 3.1359 -29.8357 1
1863 1 3.1359 -29.8357 1
1861 1 3.1359 -29.8357 1
1778 1 -3.1359 -29.8357 1
1776 1 -3.1359 -29.8357 1
1768 1 -3.1359 -29.8357 1
1636 1 -15.0 -25.9808 1
1635 1 -15.0 -25.9808 1
1632 1 -15.0 -25.9808 1
1631 1 -15.0 -25.9808 1
1630 1 -15.0 -25.9808 1
1626 1 -15.0 -25.9808 1
1621 1 -15.0 -25.9808 1
1540 1 -20.0739 -22.2943 1
1536 1 -20.0739 -22.2943 1
1528 1 -20.0739 -22.2943 1
1605 1 -10.0 -17.3205 1
1597 1 -10.0 -17.3205 1
1595 1 -10.0 -17.3205 1
1592 1 -10.0 -17.3205 1
1518 1 -13.3826 -14.8629 1
1515 1 -13.3826 -14.8629 1
1512 1 -13.3826 -14.8629 1
1370 1 -18.2709 -8.1347 1
1368 1 -18.2709 -8.1347 1
1363 1 -18.2709 -8.1347 1
1359 1 -18.2709 -8.1347 1
1358 1 -18.2709 -8.1347 1
1357 1 -18.2709 -8.1347 1
1356 1 -18.2709 -8.1347 1
1279 1 -19.563 -4.1582 1
1263 1 -19.563 -4.1582 1
1136 1 -19.563 4.1582 1
1125 1 -19.563 4.1582 1
1121 1 -19.563 4.1582 1
1116 1 -19.563 4.1582 1
1115 1 -19.563 4.1582 1
1040 1 -18.2709 8.1347 1
1037 1 -18.2709 8.1347 1
1036 1 -18.2709 8.1347 1
1034 1 -18.2709 8.1347 1
1028 1 -18.2709 8.1347 1
1027 1 -18.2709 8.1347 1
1022 1 -18.2709 8.1347 1
1018 1 -9.1355 4.0674 1
1013 1 -9.1355 4.0674 1
1010 1 -9.1355 4.0674 1
1007 1 -9.1355 4.0674 1
1006 1 -9.1355 4.0674 1
1005 1 -9.1355 4.0674 1
1100 1 -9.7815 2.0791 1
1094 1 -9.7815 2.0791 1
1091 1 -9.7815 2.0791 1
1089 1 -9.7815 2.0791 1
1084 1 -9.7815 2.0791 1
1081 1 -9.7815 2.0791 1
1260 1 -9.7815 -2.0791 1
1255 1 -9.7815 -2.0791 1
1246 1 -9.7815 -2.0791 1
1245 1 -9.7815 -2.0791 1
1343 1 -9.1355 -4.0674 1
1338 1 -9.1355 -4.0674 1
1337 1 -9.1355 -4.0674 1
1336 1 -9.1355 -4.0674 1
1326 1 -9.1355 -4.0674 1
1500 1 -6.6913 -7.4314 1
1492 1 -6.6913 -7.4314 1
1488 1 -6.6913 -7.4314 1
1588 1 -5.0 -8.6603 1
1586 1 -5.0 -8.6603 1
1585 1 -5.0 -8.6603 1
1575 1 -5.0 -8.6603 1
1570 1 -5.0 -8.6603 1
1567 1 -5.0 -8.6603 1
1563 1 -5.0 -8.6603 1
1562 1 -5.0 -8.6603 1
1561 1 -5.0 -8.6603 1
1740 1 -1.0453 -9.9452 1
1739 1 -1.0453 -9.9452 1
1737 1 -1.0453 -9.9452 1
1732 1 -1.0453 -9.9452 1
1729 1 -1.0453 -9.9452 1
1727 1 -1.0453 -9.9452 1
1722 1 -1.0453 -9.9452 1
1721 1 -1.0453 -9.9452 1
-1 0 0.0 0.0 D
1322 2 99.0 109.4326400756836 100 2147483647 101
0 0 0.0 0.0 D
420 1 10.0 17.3205 2
419 1 10.0 17.3205 2
418 1 10.0 17.3205 2
417 1 10.0 17.3205 2
416 1 10.0 17.3205 2
415 1 10.0 17.3205 2
414 1 10.0 17.3205 2
413 1 10.0 17.3205 2
412 1 10.0 17.3205 2
411 1 10.0 17.3205 2
409 1 10.0 17.3205 2
408 1 10.0 17.3205 2
407 1 10.0 17.3205 2
406 1 10.0 17.3205 2
405 1 10.0 17.3205 2
403 1 10.0 17.3205 2
401 1 10.0 17.3205 2
400 1 10.0 17.3205 2
399 1 10.0 17.3205 2
398 1 10.0 17.3205 2
397 1 10.0 17.3205 2
396 1 10.0 17.3205 2
394 1 10.0 17.3205 2
392 1 10.0 17.3205 2
421 1 15.0 25.9808 2
480 1 20.0 34.641 2
479 1 20.0 34.641 2
478 1 20.0 34.641 2
477 1 20.0 34.641 2
476 1 20.0 34.641 2
475 1 20.0 34.641 2
474 1 20.0 34.641 2
473 1 20.0 34.641 2
472 1 20.0 34.641 2
471 1 20.0 34.641 2
470 1 20.0 34.641 2
468 1 20.0 34.641 2
467 1 20.0 34.641 2
466 1 20.0 34.641 2
464 1 20.0 34.641 2
463 1 20.0 34.641 2
461 1 20.0 34.641 2
460 1 20.0 34.641 2
459 1 20.0 34.641 2
458 1 20.0 34.641 2
457 1 20.0 34.641 2
455 1 20.0 34.641 2
454 1 20.0 34.641 2
452 1 20.0 34.641 2
451 1 20.0 34.641 2
278 1 32.3607 23.5114 2
277 1 32.3607 23.5114 2
274 1 32.3607 23.5114 2
273 1 32.3607 23.5114 2
240 1 36.5418 16.2695 2
238 1 36.5418 16.2695 2
237 1 36.5418 16.2695 2
236 1 36.5418 16.2695 2
235 1 36.5418 16.2695 2
234 1 36.5418 16.2695 2
233 1 36.5418 16.2695 2
232 1 36.5418 16.2695 2
231 1 36.5418 16.2695 2
230 1 36.5418 16.2695 2
229 1 36.5418 16.2695 2
228 1 36.5418 16.2695 2
227 1 36.5418 16.2695 2
226 1 36.5418 16.2695 2
224 1 36.5418 16.2695 2
264 1 24.2705 17.6336 2
257 1 16.1803 11.7557 2
252 1 16.1803 11.7557 2
245 1 8.0902 5.8779 2
244 1 8.0902 5.8779 2
243 1 8.0902 5.8779 2
150 1 9.1355 4.0674 2
149 1 9.1355 4.0674 2
147 1 9.1355 4.0674 2
145 1 9.1355 4.0674 2
144 1 9.1355 4.0674 2
143 1 9.1355 4.0674 2
142 1 9.1355 4.0674 2
141 1 9.1355 4.0674 2
140 1 9.1355 4.0674 2
139 1 9.1355 4.0674 2
138 1 9.1355 4.0674 2
137 1 9.1355 4.0674 2
135 1 9.1355 4.0674 2
134 1 9.1355 4.0674 2
132 1 9.1355 4.0674 2
130 1 9.1355 4.0674 2
129 1 9.1355 4.0674 2
128 1 9.1355 4.0674 2
127 1 9.1355 4.0674 2
126 1 9.1355 4.0674 2
124 1 9.1355 4.0674 2
123 1 9.1355 4.0674 2
122 1 9.1355 4.0674 2
121 1 9.1355 4.0674 2
-1 0 0.0 0.0 D
1323 2 159.0 131.49217224121094 160 2147483647 161
0 0 0.0 0.0 D
630 1 -1.0453 9.9452 2
629 1 -1.0453 9.9452 2
628 1 -1.0453 9.9452 2
627 1 -1.0453 9.9452 2
625 1 -1.0453 9.9452 2
624 1 -1.0453 9.9452 2
623 1 -1.0453 9.9452 2
622 1 -1.0453 9.9452 2
621 1 -1.0453 9.9452 2
620 1 -1.0453 9.9452 2
619 1 -1.0453 9.9452 2
617 1 -1.0453 9.9452 2
616 1 -1.0453 9.9452 2
615 1 -1.0453 9.9452 2
614 1 -1.0453 9.9452 2
613 1 -1.0453 9.9452 2
611 1 -1.0453 9.9452 2
610 1 -1.0453 9.9452 2
609 1 -1.0453 9.9452 2
607 1 -1.0453 9.9452 2
606 1 -1.0453 9.9452 2
605 1 -1.0453 9.9452 2
604 1 -1.0453 9.9452 2
601 1 -1.0453 9.9452 2
739 1 -6.1803 19.0211 2
737 1 -6.1803 19.0211 2
660 1 -2.0906 19.8904 2
659 1 -2.0906 19.8904 2
658 1 -2.0906 19.8904 2
657 1 -2.0906 19.8904 2
656 1 -2.0906 19.8904 2
655 1 -2.0906 19.8904 2
654 1 -2.0906 19.8904 2
653 1 -2.0906 19.8904 2
652 1 -2.0906 19.8904 2
651 1 -2.0906 19.8904 2
650 1 -2.0906 19.8904 2
649 1 -2.0906 19.8904 2
648 1 -2.0906 19.8904 2
647 1 -2.0906 19.8904 2
646 1 -2.0906 19.8904 2
645 1 -2.0906 19.8904 2
644 1 -2.0906 19.8904 2
643 1 -2.0906 19.8904 2
641 1 -2.0906 19.8904 2
640 1 -2.0906 19.8904 2
639 1 -2.0906 19.8904 2
638 1 -2.0906 19.8904 2
637 1 -2.0906 19.8904 2
635 1 -2.0906 19.8904 2
633 1 -2.0906 19.8904 2
631 1 -2.0906 19.8904 2
690 1 -3.1359 29.8357 2
689 1 -3.1359 29.8357 2
688 1 -3.1359 29.8357 2
687 1 -3.1359 29.8357 2
685 1 -3.1359 29.8357 2
684 1 -3.1359 29.8357 2
683 1 -3.1359 29.8357 2
682 1 -3.1359 29.8357 2
681 1 -3.1359 29.8357 2
680 1 -3.1359 29.8357 2
679 1 -3.1359 29.8357 2
676 1 -3.1359 29.8357 2
675 1 -3.1359 29.8357 2
674 1 -3.1359 29.8357 2
673 1 -3.1359 29.8357 2
672 1 -3.1359 29.8357 2
671 1 -3.1359 29.8357 2
670 1 -3.1359 29.8357 2
669 1 -3.1359 29.8357 2
668 1 -3.1359 29.8357 2
667 1 -3.1359 29.8357 2
666 1 -3.1359 29.8357 2
664 1 -3.1359 29.8357 2
662 1 -3.1359 29.8357 2
661 1 -3.1359 29.8357 2
747 1 -9.2705 28.5317 2
746 1 -9.2705 28.5317 2
741 1 -9.2705 28.5317 2
759 1 -12.3607 38.0423 2
757 1 -12.3607 38.0423 2
752 1 -12.3607 38.0423 2
720 1 -4.1811 39.7809 2
719 1 -4.1811 39.7809 2
718 1 -4.1811 39.7809 2
717 1 -4.1811 39.7809 2
716 1 -4.1811 39.7809 2
715 1 -4.1811 39.7809 2
714 1 -4.1811 39.7809 2
713 1 -4.1811 39.7809 2
712 1 -4.1811 39.7809 2
710 1 -4.1811 39.7809 2
709 1 -4.1811 39.7809 2
707 1 -4.1811 39.7809 2
706 1 -4.1811 39.7809 2
705 1 -4.1811 39.7809 2
703 1 -4.1811 39.7809 2
702 1 -4.1811 39.7809 2
701 1 -4.1811 39.7809 2
700 1 -4.1811 39.7809 2
699 1 -4.1811 39.7809 2
698 1 -4.1811 39.7809 2
696 1 -4.1811 39.7809 2
695 1 -4.1811 39.7809 2
693 1 -4.1811 39.7809 2
692 1 -4.1811 39.7809 2
691 1 -4.1811 39.7809 2
2436 1 10.3956 48.9074 2
520 1 12.3607 38.0423 2
516 1 12.3607 38.0423 2
450 1 15.0 25.9808 2
449 1 15.0 25.9808 2
448 1 15.0 25.9808 2
444 1 15.0 25.9808 2
443 1 15.0 25.9808 2
441 1 15.0 25.9808 2
440 1 15.0 25.9808 2
439 1 15.0 25.9808 2
438 1 15.0 25.9808 2
437 1 15.0 25.9808 2
436 1 15.0 25.9808 2
434 1 15.0 25.9808 2
433 1 15.0 25.9808 2
432 1 15.0 25.9808 2
431 1 15.0 25.9808 2
430 1 15.0 25.9808 2
429 1 15.0 25.9808 2
428 1 15.0 25.9808 2
427 1 15.0 25.9808 2
426 1 15.0 25.9808 2
425 1 15.0 25.9808 2
424 1 15.0 25.9808 2
497 1 6.1803 19.0211 2
494 1 6.1803 19.0211 2
390 1 5.0 8.6603 2
389 1 5.0 8.6603 2
388 1 5.0 8.6603 2
387 1 5.0 8.6603 2
386 1 5.0 8.6603 2
385 1 5.0 8.6603 2
384 1 5.0 8.6603 2
383 1 5.0 8.6603 2
382 1 5.0 8.6603 2
381 1 5.0 8.6603 2
379 1 5.0 8.6603 2
378 1 5.0 8.6603 2
377 1 5.0 8.6603 2
376 1 5.0 8.6603 2
374 1 5.0 8.6603 2
372 1 5.0 8.6603 2
370 1 5.0 8.6603 2
368 1 5.0 8.6603 2
367 1 5.0 8.6603 2
366 1 5.0 8.6603 2
365 1 5.0 8.6603 2
364 1 5.0 8.6603 2
361 1 5.0 8.6603 2
362 1 5.0 8.6603 2
-1 0 0.0 0.0 D
1325 4 199.0 193.49729919433594 200 2147483647 201
0 0 0.0 0.0 D
490 1 3.0902 9.5106 4
489 1 3.0902 9.5106 4
488 1 3.0902 9.5106 4
487 1 3.0902 9.5106 4
486 1 3.0902 9.5106 4
485 1 3.0902 9.5106 4
484 1 3.0902 9.5106 4
483 1 3.0902 9.5106 4
482 1 3.0902 9.5106 4
481 1 3.0902 9.5106 4
540 1 1.0453 9.9452 4
539 1 1.0453 9.9452 4
538 1 1.0453 9.9452 4
537 1 1.0453 9.9452 4
536 1 1.0453 9.9452 4
535 1 1.0453 9.9452 4
534 1 1.0453 9.9452 4
533 1 1.0453 9.9452 4
532 1 1.0453 9.9452 4
531 1 1.0453 9.9452 4
530 1 1.0453 9.9452 4
529 1 1.0453 9.9452 4
528 1 1.0453 9.9452 4
527 1 1.0453 9.9452 4
526 1 1.0453 9.9452 4
525 1 1.0453 9.9452 4
524 1 1.0453 9.9452 4
523 1 1.0453 9.9452 4
522 1 1.0453 9.9452 4
521 1 1.0453 9.9452 4
740 1 -6.1803 19.0211 4
738 1 -6.1803 19.0211 4
736 1 -6.1803 19.0211 4
735 1 -6.1803 19.0211 4
734 1 -6.1803 19.0211 4
733 1 -6.1803 19.0211 4
732 1 -6.1803 19.0211 4
731 1 -6.1803 19.0211 4
560 1 2.0906 19.8904 4
559 1 2.0906 19.8904 4
558 1 2.0906 19.8904 4
557 1 2.0906 19.8904 4
555 1 2.0906 19.8904 4
553 1 2.0906 19.8904 4
551 1 2.0906 19.8904 4
549 1 2.0906 19.8904 4
548 1 2.0906 19.8904 4
547 1 2.0906 19.8904 4
546 1 2.0906 19.8904 4
545 1 2.0906 19.8904 4
544 1 2.0906 19.8904 4
543 1 2.0906 19.8904 4
542 1 2.0906 19.8904 4
541 1 2.0906 19.8904 4
500 1 6.1803 19.0211 4
499 1 6.1803 19.0211 4
498 1 6.1803 19.0211 4
496 1 6.1803 19.0211 4
495 1 6.1803 19.0211 4
493 1 6.1803 19.0211 4
492 1 6.1803 19.0211 4
491 1 6.1803 19.0211 4
510 1 9.2705 28.5317 4
509 1 9.2705 28.5317 4
508 1 9.2705 28.5317 4
507 1 9.2705 28.5317 4
506 1 9.2705 28.5317 4
505 1 9.2705 28.5317 4
504 1 9.2705 28.5317 4
503 1 9.2705 28.5317 4
502 1 9.2705 28.5317 4
501 1 9.2705 28.5317 4
580 1 3.1359 29.8357 4
579 1 3.1359 29.8357 4
578 1 3.1359 29.8357 4
577 1 3.1359 29.8357 4
576 1 3.1359 29.8357 4
575 1 3.1359 29.8357 4
574 1 3.1359 29.8357 4
571 1 3.1359 29.8357 4
570 1 3.1359 29.8357 4
569 1 3.1359 29.8357 4
568 1 3.1359 29.8357 4
567 1 3.1359 29.8357 4
566 1 3.1359 29.8357 4
565 1 3.1359 29.8357 4
564 1 3.1359 29.8357 4
563 1 3.1359 29.8357 4
750 1 -9.2705 28.5317 4
749 1 -9.2705 28.5317 4
748 1 -9.2705 28.5317 4
745 1 -9.2705 28.5317 4
744 1 -9.2705 28.5317 4
743 1 -9.2705 28.5317 4
742 1 -9.2705 28.5317 4
751 1 -12.3607 38.0423 4
2450 1 -10.3956 48.9074 4
2449 1 -10.3956 48.9074 4
2448 1 -10.3956 48.9074 4
2447 1 -10.3956 48.9074 4
2446 1 -10.3956 48.9074 4
2445 1 -10.3956 48.9074 4
2444 1 -10.3956 48.9074 4
2443 1 -10.3956 48.9074 4
2442 1 -10.3956 48.9074 4
2441 1 -10.3956 48.9074 4
600 1 4.1811 39.7809 4
597 1 4.1811 39.7809 4
595 1 4.1811 39.7809 4
594 1 4.1811 39.7809 4
593 1 4.1811 39.7809 4
592 1 4.1811 39.7809 4
591 1 4.1811 39.7809 4
589 1 4.1811 39.7809 4
586 1 4.1811 39.7809 4
585 1 4.1811 39.7809 4
583 1 4.1811 39.7809 4
582 1 4.1811 39.7809 4
581 1 4.1811 39.7809 4
2440 1 10.3956 48.9074 4
2439 1 10.3956 48.9074 4
2437 1 10.3956 48.9074 4
2435 1 10.3956 48.9074 4
2434 1 10.3956 48.9074 4
2433 1 10.3956 48.9074 4
2432 1 10.3956 48.9074 4
519 1 12.3607 38.0423 4
518 1 12.3607 38.0423 4
517 1 12.3607 38.0423 4
515 1 12.3607 38.0423 4
514 1 12.3607 38.0423 4
513 1 12.3607 38.0423 4
512 1 12.3607 38.0423 4
511 1 12.3607 38.0423 4
2430 1 29.3893 40.4509 4
2429 1 29.3893 40.4509 4
2428 1 29.3893 40.4509 4
2424 1 29.3893 40.4509 4
2423 1 29.3893 40.4509 4
2421 1 29.3893 40.4509 4
359 1 26.7652 29.7258 4
358 1 26.7652 29.7258 4
357 1 26.7652 29.7258 4
356 1 26.7652 29.7258 4
355 1 26.7652 29.7258 4
354 1 26.7652 29.7258 4
353 1 26.7652 29.7258 4
352 1 26.7652 29.7258 4
350 1 26.7652 29.7258 4
348 1 26.7652 29.7258 4
347 1 26.7652 29.7258 4
346 1 26.7652 29.7258 4
345 1 26.7652 29.7258 4
344 1 26.7652 29.7258 4
341 1 26.7652 29.7258 4
340 1 20.0739 22.2943 4
339 1 20.0739 22.2943 4
338 1 20.0739 22.2943 4
334 1 20.0739 22.2943 4
333 1 20.0739 22.2943 4
332 1 20.0739 22.2943 4
329 1 20.0739 22.2943 4
328 1 20.0739 22.2943 4
327 1 20.0739 22.2943 4
326 1 20.0739 22.2943 4
324 1 20.0739 22.2943 4
323 1 20.0739 22.2943 4
322 1 20.0739 22.2943 4
321 1 20.0739 22.2943 4
320 1 13.3826 14.8629 4
318 1 13.3826 14.8629 4
317 1 13.3826 14.8629 4
316 1 13.3826 14.8629 4
314 1 13.3826 14.8629 4
313 1 13.3826 14.8629 4
311 1 13.3826 14.8629 4
310 1 13.3826 14.8629 4
309 1 13.3826 14.8629 4
308 1 13.3826 14.8629 4
307 1 13.3826 14.8629 4
306 1 13.3826 14.8629 4
305 1 13.3826 14.8629 4
304 1 13.3826 14.8629 4
303 1 13.3826 14.8629 4
301 1 13.3826 14.8629 4
300 1 6.6913 7.4314 4
299 1 6.6913 7.4314 4
297 1 6.6913 7.4314 4
296 1 6.6913 7.4314 4
295 1 6.6913 7.4314 4
294 1 6.6913 7.4314 4
293 1 6.6913 7.4314 4
292 1 6.6913 7.4314 4
291 1 6.6913 7.4314 4
289 1 6.6913 7.4314 4
288 1 6.6913 7.4314 4
287 1 6.6913 7.4314 4
286 1 6.6913 7.4314 4
284 1 6.6913 7.4314 4
-1 0 0.0 0.0 D
1326 4 249.0 216.43785095214844 250 2147483647 251
0 0 0.0 0.0 D
1259 1 -9.7815 -2.0791 4
1258 1 -9.7815 -2.0791 4
1257 1 -9.7815 -2.0791 4
1256 1 -9.7815 -2.0791 4
1254 1 -9.7815 -2.0791 4
1253 1 -9.7815 -2.0791 4
1252 1 -9.7815 -2.0791 4
1251 1 -9.7815 -2.0791 4
1250 1 -9.7815 -2.0791 4
1249 1 -9.7815 -2.0791 4
1248 1 -9.7815 -2.0791 4
1247 1 -9.7815 -2.0791 4
1244 1 -9.7815 -2.0791 4
1243 1 -9.7815 -2.0791 4
1242 1 -9.7815 -2.0791 4
1241 1 -9.7815 -2.0791 4
1210 1 -10.0 0.0 4
1209 1 -10.0 0.0 4
1205 1 -10.0 0.0 4
1204 1 -10.0 0.0 4
1203 1 -10.0 0.0 4
1202 1 -10.0 0.0 4
1201 1 -10.0 0.0 4
1020 1 -9.1355 4.0674 4
1019 1 -9.1355 4.0674 4
1017 1 -9.1355 4.0674 4
1016 1 -9.1355 4.0674 4
1015 1 -9.1355 4.0674 4
1014 1 -9.1355 4.0674 4
1012 1 -9.1355 4.0674 4
1011 1 -9.1355 4.0674 4
1009 1 -9.1355 4.0674 4
1008 1 -9.1355 4.0674 4
1004 1 -9.1355 4.0674 4
1003 1 -9.1355 4.0674 4
1002 1 -9.1355 4.0674 4
1001 1 -9.1355 4.0674 4
970 1 -8.0902 5.8779 4
969 1 -8.0902 5.8779 4
968 1 -8.0902 5.8779 4
966 1 -8.0902 5.8779 4
965 1 -8.0902 5.8779 4
963 1 -8.0902 5.8779 4
962 1 -8.0902 5.8779 4
961 1 -8.0902 5.8779 4
979 1 -16.1803 11.7557 4
977 1 -16.1803 11.7557 4
976 1 -16.1803 11.7557 4
974 1 -16.1803 11.7557 4
973 1 -16.1803 11.7557 4
972 1 -16.1803 11.7557 4
971 1 -16.1803 11.7557 4
1039 1 -18.2709 8.1347 4
1038 1 -18.2709 8.1347 4
1035 1 -18.2709 8.1347 4
1033 1 -18.2709 8.1347 4
1032 1 -18.2709 8.1347 4
1031 1 -18.2709 8.1347 4
1030 1 -18.2709 8.1347 4
1029 1 -18.2709 8.1347 4
1026 1 -18.2709 8.1347 4
1025 1 -18.2709 8.1347 4
1024 1 -18.2709 8.1347 4
1023 1 -18.2709 8.1347 4
1021 1 -18.2709 8.1347 4
1220 1 -20.0 0.0 4
1219 1 -20.0 0.0 4
1217 1 -20.0 0.0 4
1215 1 -20.0 0.0 4
1214 1 -20.0 0.0 4
1213 1 -20.0 0.0 4
1212 1 -20.0 0.0 4
1211 1 -20.0 0.0 4
1264 1 -19.563 -4.1582 4
1262 1 -19.563 -4.1582 4
1261 1 -19.563 -4.1582 4
1230 1 -30.0 0.0 4
1229 1 -30.0 0.0 4
1228 1 -30.0 0.0 4
1227 1 -30.0 0.0 4
1226 1 -30.0 0.0 4
1225 1 -30.0 0.0 4
1224 1 -30.0 0.0 4
1223 1 -30.0 0.0 4
1221 1 -30.0 0.0 4
1240 1 -40.0 0.0 4
1239 1 -40.0 0.0 4
1238 1 -40.0 0.0 4
1236 1 -40.0 0.0 4
1235 1 -40.0 0.0 4
1234 1 -40.0 0.0 4
1233 1 -40.0 0.0 4
1232 1 -40.0 0.0 4
1231 1 -40.0 0.0 4
2480 1 -49.7261 5.2264 4
2479 1 -49.7261 5.2264 4
2478 1 -49.7261 5.2264 4
2476 1 -49.7261 5.2264 4
2475 1 -49.7261 5.2264 4
2474 1 -49.7261 5.2264 4
2473 1 -49.7261 5.2264 4
2472 1 -49.7261 5.2264 4
2471 1 -49.7261 5.2264 4
1080 1 -36.5418 16.2695 4
1079 1 -36.5418 16.2695 4
1078 1 -36.5418 16.2695 4
1077 1 -36.5418 16.2695 4
1076 1 -36.5418 16.2695 4
1075 1 -36.5418 16.2695 4
1074 1 -36.5418 16.2695 4
1073 1 -36.5418 16.2695 4
1070 1 -36.5418 16.2695 4
1069 1 -36.5418 16.2695 4
1067 1 -36.5418 16.2695 4
1066 1 -36.5418 16.2695 4
1065 1 -36.5418 16.2695 4
1064 1 -36.5418 16.2695 4
1063 1 -36.5418 16.2695 4
1062 1 -36.5418 16.2695 4
1061 1 -36.5418 16.2695 4
1060 1 -27.4064 12.2021 4
1058 1 -27.4064 12.2021 4
1057 1 -27.4064 12.2021 4
1056 1 -27.4064 12.2021 4
1054 1 -27.4064 12.2021 4
1050 1 -27.4064 12.2021 4
1049 1 -27.4064 12.2021 4
1048 1 -27.4064 12.2021 4
1047 1 -27.4064 12.2021 4
1046 1 -27.4064 12.2021 4
1045 1 -27.4064 12.2021 4
1044 1 -27.4064 12.2021 4
1043 1 -27.4064 12.2021 4
1042 1 -27.4064 12.2021 4
990 1 -24.2705 17.6336 4
989 1 -24.2705 17.6336 4
988 1 -24.2705 17.6336 4
986 1 -24.2705 17.6336 4
985 1 -24.2705 17.6336 4
984 1 -24.2705 17.6336 4
983 1 -24.2705 17.6336 4
982 1 -24.2705 17.6336 4
981 1 -24.2705 17.6336 4
1000 1 -32.3607 23.5114 4
999 1 -32.3607 23.5114 4
998 1 -32.3607 23.5114 4
997 1 -32.3607 23.5114 4
995 1 -32.3607 23.5114 4
994 1 -32.3607 23.5114 4
993 1 -32.3607 23.5114 4
992 1 -32.3607 23.5114 4
991 1 -32.3607 23.5114 4
2470 1 -43.3013 25.0 4
2469 1 -43.3013 25.0 4
2468 1 -43.3013 25.0 4
2467 1 -43.3013 25.0 4
2466 1 -43.3013 25.0 4
2465 1 -43.3013 25.0 4
2464 1 -43.3013 25.0 4
2463 1 -43.3013 25.0 4
2462 1 -43.3013 25.0 4
2461 1 -43.3013 25.0 4
2460 1 -29.3893 40.4508 4
2459 1 -29.3893 40.4508 4
2457 1 -29.3893 40.4508 4
2454 1 -29.3893 40.4508 4
2453 1 -29.3893 40.4508 4
2452 1 -29.3893 40.4508 4
2451 1 -29.3893 40.4508 4
840 1 -20.0 34.641 4
839 1 -20.0 34.641 4
838 1 -20.0 34.641 4
837 1 -20.0 34.641 4
836 1 -20.0 34.641 4
835 1 -20.0 34.641 4
834 1 -20.0 34.641 4
833 1 -20.0 34.641 4
832 1 -20.0 34.641 4
830 1 -20.0 34.641 4
829 1 -20.0 34.641 4
828 1 -20.0 34.641 4
827 1 -20.0 34.641 4
825 1 -20.0 34.641 4
824 1 -20.0 34.641 4
823 1 -20.0 34.641 4
822 1 -20.0 34.641 4
821 1 -20.0 34.641 4
760 1 -12.3607 38.0423 4
758 1 -12.3607 38.0423 4
756 1 -12.3607 38.0423 4
755 1 -12.3607 38.0423 4
754 1 -12.3607 38.0423 4
753 1 -12.3607 38.0423 4
820 1 -15.0 25.9808 4
819 1 -15.0 25.9808 4
818 1 -15.0 25.9808 4
817 1 -15.0 25.9808 4
816 1 -15.0 25.9808 4
815 1 -15.0 25.9808 4
814 1 -15.0 25.9808 4
811 1 -15.0 25.9808 4
810 1 -15.0 25.9808 4
809 1 -15.0 25.9808 4
808 1 -15.0 25.9808 4
807 1 -15.0 25.9808 4
806 1 -15.0 25.9808 4
805 1 -15.0 25.9808 4
804 1 -15.0 25.9808 4
803 1 -15.0 25.9808 4
802 1 -15.0 25.9808 4
801 1 -15.0 25.9808 4
799 1 -10.0 17.3205 4
798 1 -10.0 17.3205 4
796 1 -10.0 17.3205 4
794 1 -10.0 17.3205 4
793 1 -10.0 17.3205 4
792 1 -10.0 17.3205 4
791 1 -10.0 17.3205 4
790 1 -10.0 17.3205 4
789 1 -10.0 17.3205 4
788 1 -10.0 17.3205 4
787 1 -10.0 17.3205 4
783 1 -10.0 17.3205 4
781 1 -10.0 17.3205 4
780 1 -5.0 8.6603 4
779 1 -5.0 8.6603 4
778 1 -5.0 8.6603 4
776 1 -5.0 8.6603 4
773 1 -5.0 8.6603 4
772 1 -5.0 8.6603 4
771 1 -5.0 8.6603 4
770 1 -5.0 8.6603 4
768 1 -5.0 8.6603 4
766 1 -5.0 8.6603 4
765 1 -5.0 8.6603 4
764 1 -5.0 8.6603 4
763 1 -5.0 8.6603 4
762 1 -5.0 8.6603 4
761 1 -5.0 8.6603 4
730 1 -3.0902 9.5106 4
729 1 -3.0902 9.5106 4
728 1 -3.0902 9.5106 4
727 1 -3.0902 9.5106 4
726 1 -3.0902 9.5106 4
725 1 -3.0902 9.5106 4
724 1 -3.0902 9.5106 4
723 1 -3.0902 9.5106 4
722 1 -3.0902 9.5106 4
721 1 -3.0902 9.5106 4
-1 0 0.0 0.0 D
1327 2 59.0 101.04132843017578 60 2147483647 61
0 0 0.0 0.0 D
900 1 -13.3826 14.8629 2
899 1 -13.3826 14.8629 2
898 1 -13.3826 14.8629 2
897 1 -13.3826 14.8629 2
896 1 -13.3826 14.8629 2
895 1 -13.3826 14.8629 2
894 1 -13.3826 14.8629 2
892 1 -13.3826 14.8629 2
890 1 -13.3826 14.8629 2
889 1 -13.3826 14.8629 2
888 1 -13.3826 14.8629 2
887 1 -13.3826 14.8629 2
886 1 -13.3826 14.8629 2
885 1 -13.3826 14.8629 2
883 1 -13.3826 14.8629 2
882 1 -13.3826 14.8629 2
880 1 -13.3826 14.8629 2
879 1 -13.3826 14.8629 2
878 1 -13.3826 14.8629 2
877 1 -13.3826 14.8629 2
876 1 -13.3826 14.8629 2
875 1 -13.3826 14.8629 2
874 1 -13.3826 14.8629 2
873 1 -13.3826 14.8629 2
871 1 -13.3826 14.8629 2
906 1 -20.0739 22.2943 2
905 1 -20.0739 22.2943 2
904 1 -20.0739 22.2943 2
903 1 -20.0739 22.2943 2
902 1 -20.0739 22.2943 2
960 1 -26.7652 29.7258 2
959 1 -26.7652 29.7258 2
958 1 -26.7652 29.7258 2
957 1 -26.7652 29.7258 2
956 1 -26.7652 29.7258 2
954 1 -26.7652 29.7258 2
953 1 -26.7652 29.7258 2
952 1 -26.7652 29.7258 2
951 1 -26.7652 29.7258 2
949 1 -26.7652 29.7258 2
948 1 -26.7652 29.7258 2
947 1 -26.7652 29.7258 2
946 1 -26.7652 29.7258 2
945 1 -26.7652 29.7258 2
944 1 -26.7652 29.7258 2
943 1 -26.7652 29.7258 2
942 1 -26.7652 29.7258 2
940 1 -26.7652 29.7258 2
939 1 -26.7652 29.7258 2
938 1 -26.7652 29.7258 2
936 1 -26.7652 29.7258 2
935 1 -26.7652 29.7258 2
934 1 -26.7652 29.7258 2
933 1 -26.7652 29.7258 2
932 1 -26.7652 29.7258 2
931 1 -26.7652 29.7258 2
2458 1 -29.3893 40.4508 2
2456 1 -29.3893 40.4508 2
2455 1 -29.3893 40.4508 2
-1 0 0.0 0.0 D
1328 2 59.0 105.69863891601562 60 2147483647 61
0 0 0.0 0.0 D
967 1 -8.0902 5.8779 2
964 1 -8.0902 5.8779 2
1187 1 -39.1259 8.3165 2
1185 1 -39.1259 8.3165 2
1184 1 -39.1259 8.3165 2
1183 1 -39.1259 8.3165 2
1182 1 -39.1259 8.3165 2
1181 1 -39.1259 8.3165 2
1180 1 -39.1259 8.3165 2
1179 1 -39.1259 8.3165 2
1178 1 -39.1259 8.3165 2
1177 1 -39.1259 8.3165 2
1175 1 -39.1259 8.3165 2
1174 1 -39.1259 8.3165 2
1173 1 -39.1259 8.3165 2
1172 1 -39.1259 8.3165 2
1171 1 -39.1259 8.3165 2
996 1 -32.3607 23.5114 2
987 1 -24.2705 17.6336 2
930 1 -20.0739 22.2943 2
928 1 -20.0739 22.2943 2
926 1 -20.0739 22.2943 2
925 1 -20.0739 22.2943 2
924 1 -20.0739 22.2943 2
921 1 -20.0739 22.2943 2
919 1 -20.0739 22.2943 2
918 1 -20.0739 22.2943 2
917 1 -20.0739 22.2943 2
916 1 -20.0739 22.2943 2
915 1 -20.0739 22.2943 2
914 1 -20.0739 22.2943 2
913 1 -20.0739 22.2943 2
910 1 -20.0739 22.2943 2
908 1 -20.0739 22.2943 2
907 1 -20.0739 22.2943 2
980 1 -16.1803 11.7557 2
978 1 -16.1803 11.7557 2
975 1 -16.1803 11.7557 2
869 1 -6.6913 7.4314 2
868 1 -6.6913 7.4314 2
865 1 -6.6913 7.4314 2
864 1 -6.6913 7.4314 2
863 1 -6.6913 7.4314 2
862 1 -6.6913 7.4314 2
861 1 -6.6913 7.4314 2
860 1 -6.6913 7.4314 2
859 1 -6.6913 7.4314 2
858 1 -6.6913 7.4314 2
857 1 -6.6913 7.4314 2
856 1 -6.6913 7.4314 2
854 1 -6.6913 7.4314 2
852 1 -6.6913 7.4314 2
851 1 -6.6913 7.4314 2
850 1 -6.6913 7.4314 2
849 1 -6.6913 7.4314 2
848 1 -6.6913 7.4314 2
847 1 -6.6913 7.4314 2
844 1 -6.6913 7.4314 2
842 1 -6.6913 7.4314 2
-1 0 0.0 0.0 D
1329 2 59.0 80.00000762939453 60 2147483647 61
0 0 0.0 0.0 D
1110 1 -9.7815 2.0791 2
1109 1 -9.7815 2.0791 2
1108 1 -9.7815 2.0791 2
1107 1 -9.7815 2.0791 2
1106 1 -9.7815 2.0791 2
1105 1 -9.7815 2.0791 2
1104 1 -9.7815 2.0791 2
1103 1 -9.7815 2.0791 2
1102 1 -9.7815 2.0791 2
1101 1 -9.7815 2.0791 2
1099 1 -9.7815 2.0791 2
1098 1 -9.7815 2.0791 2
1097 1 -9.7815 2.0791 2
1096 1 -9.7815 2.0791 2
1095 1 -9.7815 2.0791 2
1093 1 -9.7815 2.0791 2
1092 1 -9.7815 2.0791 2
1090 1 -9.7815 2.0791 2
1088 1 -9.7815 2.0791 2
1087 1 -9.7815 2.0791 2
1086 1 -9.7815 2.0791 2
1085 1 -9.7815 2.0791 2
1083 1 -9.7815 2.0791 2
1082 1 -9.7815 2.0791 2
1112 1 -19.563 4.1582 2
1111 1 -19.563 4.1582 2
1169 1 -29.3444 6.2373 2
1168 1 -29.3444 6.2373 2
1166 1 -29.3444 6.2373 2
1165 1 -29.3444 6.2373 2
1164 1 -29.3444 6.2373 2
1163 1 -29.3444 6.2373 2
1161 1 -29.3444 6.2373 2
1160 1 -29.3444 6.2373 2
1159 1 -29.3444 6.2373 2
1158 1 -29.3444 6.2373 2
1157 1 -29.3444 6.2373 2
1156 1 -29.3444 6.2373 2
1155 1 -29.3444 6.2373 2
1153 1 -29.3444 6.2373 2
1152 1 -29.3444 6.2373 2
1151 1 -29.3444 6.2373 2
1150 1 -29.3444 6.2373 2
1149 1 -29.3444 6.2373 2
1146 1 -29.3444 6.2373 2
1145 1 -29.3444 6.2373 2
1144 1 -29.3444 6.2373 2
1143 1 -29.3444 6.2373 2
1142 1 -29.3444 6.2373 2
1200 1 -39.1259 8.3165 2
1199 1 -39.1259 8.3165 2
1196 1 -39.1259 8.3165 2
1195 1 -39.1259 8.3165 2
1193 1 -39.1259 8.3165 2
1192 1 -39.1259 8.3165 2
1191 1 -39.1259 8.3165 2
1190 1 -39.1259 8.3165 2
1189 1 -39.1259 8.3165 2
1188 1 -39.1259 8.3165 2
-1 0 0.0 0.0 D
1330 2 59.0 126.84831237792969 60 2147483647 61
0 0 0.0 0.0 D
1208 1 -10.0 0.0 2
1207 1 -10.0 0.0 2
1206 1 -10.0 0.0 2
1140 1 -19.563 4.1582 2
1139 1 -19.563 4.1582 2
1138 1 -19.563 4.1582 2
1137 1 -19.563 4.1582 2
1135 1 -19.563 4.1582 2
1134 1 -19.563 4.1582 2
1133 1 -19.563 4.1582 2
1132 1 -19.563 4.1582 2
1131 1 -19.563 4.1582 2
1130 1 -19.563 4.1582 2
1129 1 -19.563 4.1582 2
1128 1 -19.563 4.1582 2
1127 1 -19.563 4.1582 2
1126 1 -19.563 4.1582 2
1124 1 -19.563 4.1582 2
1123 1 -19.563 4.1582 2
1122 1 -19.563 4.1582 2
1120 1 -19.563 4.1582 2
1119 1 -19.563 4.1582 2
1118 1 -19.563 4.1582 2
1117 1 -19.563 4.1582 2
1114 1 -19.563 4.1582 2
1113 1 -19.563 4.1582 2
1218 1 -20.0 0.0 2
1216 1 -20.0 0.0 2
1222 1 -30.0 0.0 2
1237 1 -40.0 0.0 2
2477 1 -49.7261 5.2264 2
2484 1 -47.5528 -15.4509 2
2483 1 -47.5528 -15.4509 2
1383 1 -27.4064 -12.2021 2
1382 1 -27.4064 -12.2021 2
1381 1 -27.4064 -12.2021 2
1380 1 -18.2709 -8.1347 2
1379 1 -18.2709 -8.1347 2
1378 1 -18.2709 -8.1347 2
1377 1 -18.2709 -8.1347 2
1376 1 -18.2709 -8.1347 2
1375 1 -18.2709 -8.1347 2
1374 1 -18.2709 -8.1347 2
1373 1 -18.2709 -8.1347 2
1372 1 -18.2709 -8.1347 2
1371 1 -18.2709 -8.1347 2
1369 1 -18.2709 -8.1347 2
1367 1 -18.2709 -8.1347 2
1366 1 -18.2709 -8.1347 2
1365 1 -18.2709 -8.1347 2
1364 1 -18.2709 -8.1347 2
1362 1 -18.2709 -8.1347 2
1361 1 -18.2709 -8.1347 2
1360 1 -18.2709 -8.1347 2
1355 1 -18.2709 -8.1347 2
1354 1 -18.2709 -8.1347 2
1353 1 -18.2709 -8.1347 2
1352 1 -18.2709 -8.1347 2
1351 1 -18.2709 -8.1347 2
-1 0 0.0 0.0 D
1331 4 149.0 142.37594604492188 150 2147483647 151
0 0 0.0 0.0 D
1450 1 -8.0902 -5.8779 4
1449 1 -8.0902 -5.8779 4
1445 1 -8.0902 -5.8779 4
1444 1 -8.0902 -5.8779 4
1443 1 -8.0902 -5.8779 4
1442 1 -8.0902 -5.8779 4
1441 1 -8.0902 -5.8779 4
1280 1 -19.563 -4.1582 4
1278 1 -19.563 -4.1582 4
1277 1 -19.563 -4.1582 4
1276 1 -19.563 -4.1582 4
1275 1 -19.563 -4.1582 4
1274 1 -19.563 -4.1582 4
1273 1 -19.563 -4.1582 4
1272 1 -19.563 -4.1582 4
1271 1 -19.563 -4.1582 4
1270 1 -19.563 -4.1582 4
1269 1 -19.563 -4.1582 4
1268 1 -19.563 -4.1582 4
1267 1 -19.563 -4.1582 4
1266 1 -19.563 -4.1582 4
1265 1 -19.563 -4.1582 4
1300 1 -29.3444 -6.2374 4
1299 1 -29.3444 -6.2374 4
1298 1 -29.3444 -6.2374 4
1297 1 -29.3444 -6.2374 4
1296 1 -29.3444 -6.2374 4
1295 1 -29.3444 -6.2374 4
1292 1 -29.3444 -6.2374 4
1290 1 -29.3444 -6.2374 4
1289 1 -29.3444 -6.2374 4
1288 1 -29.3444 -6.2374 4
1287 1 -29.3444 -6.2374 4
1286 1 -29.3444 -6.2374 4
1285 1 -29.3444 -6.2374 4
1284 1 -29.3444 -6.2374 4
1283 1 -29.3444 -6.2374 4
1281 1 -29.3444 -6.2374 4
1318 1 -39.1259 -8.3165 4
1317 1 -39.1259 -8.3165 4
1316 1 -39.1259 -8.3165 4
1315 1 -39.1259 -8.3165 4
1314 1 -39.1259 -8.3165 4
1313 1 -39.1259 -8.3165 4
1312 1 -39.1259 -8.3165 4
1311 1 -39.1259 -8.3165 4
1310 1 -39.1259 -8.3165 4
1309 1 -39.1259 -8.3165 4
1308 1 -39.1259 -8.3165 4
1307 1 -39.1259 -8.3165 4
1306 1 -39.1259 -8.3165 4
1305 1 -39.1259 -8.3165 4
1304 1 -39.1259 -8.3165 4
1303 1 -39.1259 -8.3165 4
1302 1 -39.1259 -8.3165 4
1301 1 -39.1259 -8.3165 4
2489 1 -47.5528 -15.4509 4
2488 1 -47.5528 -15.4509 4
2487 1 -47.5528 -15.4509 4
2485 1 -47.5528 -15.4509 4
2481 1 -47.5528 -15.4509 4
1480 1 -32.3607 -23.5114 4
1478 1 -32.3607 -23.5114 4
1477 1 -32.3607 -23.5114 4
1476 1 -32.3607 -23.5114 4
1475 1 -32.3607 -23.5114 4
1474 1 -32.3607 -23.5114 4
1472 1 -32.3607 -23.5114 4
1471 1 -32.3607 -23.5114 4
2500 1 -37.1572 -33.4565 4
2499 1 -37.1572 -33.4565 4
2498 1 -37.1572 -33.4565 4
2496 1 -37.1572 -33.4565 4
2495 1 -37.1572 -33.4565 4
2494 1 -37.1572 -33.4565 4
2493 1 -37.1572 -33.4565 4
2492 1 -37.1572 -33.4565 4
2491 1 -37.1572 -33.4565 4
1545 1 -26.7652 -29.7258 4
1544 1 -26.7652 -29.7258 4
1543 1 -26.7652 -29.7258 4
1542 1 -26.7652 -29.7258 4
1541 1 -26.7652 -29.7258 4
1539 1 -20.0739 -22.2943 4
1538 1 -20.0739 -22.2943 4
1537 1 -20.0739 -22.2943 4
1535 1 -20.0739 -22.2943 4
1534 1 -20.0739 -22.2943 4
1533 1 -20.0739 -22.2943 4
1532 1 -20.0739 -22.2943 4
1531 1 -20.0739 -22.2943 4
1530 1 -20.0739 -22.2943 4
1529 1 -20.0739 -22.2943 4
1527 1 -20.0739 -22.2943 4
1526 1 -20.0739 -22.2943 4
1525 1 -20.0739 -22.2943 4
1524 1 -20.0739 -22.2943 4
1523 1 -20.0739 -22.2943 4
1522 1 -20.0739 -22.2943 4
1521 1 -20.0739 -22.2943 4
1470 1 -24.2705 -17.6336 4
1469 1 -24.2705 -17.6336 4
1468 1 -24.2705 -17.6336 4
1467 1 -24.2705 -17.6336 4
1466 1 -24.2705 -17.6336 4
1465 1 -24.2705 -17.6336 4
1463 1 -24.2705 -17.6336 4
1462 1 -24.2705 -17.6336 4
1461 1 -24.2705 -17.6336 4
1457 1 -16.1803 -11.7557 4
1456 1 -16.1803 -11.7557 4
1455 1 -16.1803 -11.7557 4
1453 1 -16.1803 -11.7557 4
1452 1 -16.1803 -11.7557 4
1451 1 -16.1803 -11.7557 4
1520 1 -13.3826 -14.8629 4
1519 1 -13.3826 -14.8629 4
1517 1 -13.3826 -14.8629 4
1516 1 -13.3826 -14.8629 4
1514 1 -13.3826 -14.8629 4
1513 1 -13.3826 -14.8629 4
1511 1 -13.3826 -14.8629 4
1510 1 -13.3826 -14.8629 4
1509 1 -13.3826 -14.8629 4
1508 1 -13.3826 -14.8629 4
1507 1 -13.3826 -14.8629 4
1506 1 -13.3826 -14.8629 4
1505 1 -13.3826 -14.8629 4
1504 1 -13.3826 -14.8629 4
1503 1 -13.3826 -14.8629 4
1502 1 -13.3826 -14.8629 4
1501 1 -13.3826 -14.8629 4
1499 1 -6.6913 -7.4314 4
1498 1 -6.6913 -7.4314 4
1497 1 -6.6913 -7.4314 4
1496 1 -6.6913 -7.4314 4
1495 1 -6.6913 -7.4314 4
1494 1 -6.6913 -7.4314 4
1493 1 -6.6913 -7.4314 4
1491 1 -6.6913 -7.4314 4
1490 1 -6.6913 -7.4314 4
1489 1 -6.6913 -7.4314 4
1487 1 -6.6913 -7.4314 4
1486 1 -6.6913 -7.4314 4
1485 1 -6.6913 -7.4314 4
1484 1 -6.6913 -7.4314 4
1483 1 -6.6913 -7.4314 4
1482 1 -6.6913 -7.4314 4
1481 1 -6.6913 -7.4314 4
-1 0 0.0 0.0 D
1332 2 59.0 79.99999237060547 60 2147483647 61
0 0 0.0 0.0 D
1409 1 -27.4064 -12.2021 2
1408 1 -27.4064 -12.2021 2
1407 1 -27.4064 -12.2021 2
1405 1 -27.4064 -12.2021 2
1404 1 -27.4064 -12.2021 2
1403 1 -27.4064 -12.2021 2
1402 1 -27.4064 -12.2021 2
1401 1 -27.4064 -12.2021 2
1400 1 -27.4064 -12.2021 2
1399 1 -27.4064 -12.2021 2
1397 1 -27.4064 -12.2021 2
1396 1 -27.4064 -12.2021 2
1395 1 -27.4064 -12.2021 2
1394 1 -27.4064 -12.2021 2
1393 1 -27.4064 -12.2021 2
1392 1 -27.4064 -12.2021 2
1391 1 -27.4064 -12.2021 2
1390 1 -27.4064 -12.2021 2
1389 1 -27.4064 -12.2021 2
1388 1 -27.4064 -12.2021 2
1385 1 -27.4064 -12.2021 2
1384 1 -27.4064 -12.2021 2
1439 1 -36.5418 -16.2695 2
1437 1 -36.5418 -16.2695 2
1436 1 -36.5418 -16.2695 2
1435 1 -36.5418 -16.2695 2
1433 1 -36.5418 -16.2695 2
1432 1 -36.5418 -16.2695 2
1431 1 -36.5418 -16.2695 2
1430 1 -36.5418 -16.2695 2
1429 1 -36.5418 -16.2695 2
1428 1 -36.5418 -16.2695 2
1427 1 -36.5418 -16.2695 2
1426 1 -36.5418 -16.2695 2
1424 1 -36.5418 -16.2695 2
1423 1 -36.5418 -16.2695 2
1422 1 -36.5418 -16.2695 2
1421 1 -36.5418 -16.2695 2
1420 1 -36.5418 -16.2695 2
1419 1 -36.5418 -16.2695 2
1417 1 -36.5418 -16.2695 2
1416 1 -36.5418 -16.2695 2
1415 1 -36.5418 -16.2695 2
1414 1 -36.5418 -16.2695 2
1413 1 -36.5418 -16.2695 2
1412 1 -36.5418 -16.2695 2
1411 1 -36.5418 -16.2695 2
1333 1 -9.1355 -4.0674 2
1332 1 -9.1355 -4.0674 2
1331 1 -9.1355 -4.0674 2
1330 1 -9.1355 -4.0674 2
1329 1 -9.1355 -4.0674 2
1328 1 -9.1355 -4.0674 2
1327 1 -9.1355 -4.0674 2
1325 1 -9.1355 -4.0674 2
1324 1 -9.1355 -4.0674 2
1323 1 -9.1355 -4.0674 2
1322 1 -9.1355 -4.0674 2
1321 1 -9.1355 -4.0674 2
-1 0 0.0 0.0 D
1333 2 59.0 98.66178131103516 60 2147483647 61
0 0 0.0 0.0 D
1350 1 -9.1355 -4.0674 2
1349 1 -9.1355 -4.0674 2
1348 1 -9.1355 -4.0674 2
1347 1 -9.1355 -4.0674 2
1346 1 -9.1355 -4.0674 2
1345 1 -9.1355 -4.0674 2
1344 1 -9.1355 -4.0674 2
1342 1 -9.1355 -4.0674 2
1341 1 -9.1355 -4.0674 2
1340 1 -9.1355 -4.0674 2
1339 1 -9.1355 -4.0674 2
1335 1 -9.1355 -4.0674 2
1334 1 -9.1355 -4.0674 2
1460 1 -16.1803 -11.7557 2
1459 1 -16.1803 -11.7557 2
1458 1 -16.1803 -11.7557 2
1454 1 -16.1803 -11.7557 2
1464 1 -24.2705 -17.6336 2
1479 1 -32.3607 -23.5114 2
1473 1 -32.3607 -23.5114 2
1667 1 -20.0 -34.641 2
1666 1 -20.0 -34.641 2
1664 1 -20.0 -34.641 2
1662 1 -20.0 -34.641 2
1661 1 -20.0 -34.641 2
1660 1 -20.0 -34.641 2
1658 1 -20.0 -34.641 2
1655 1 -20.0 -34.641 2
1654 1 -20.0 -34.641 2
1652 1 -20.0 -34.641 2
1620 1 -10.0 -17.3205 2
1619 1 -10.0 -17.3205 2
1618 1 -10.0 -17.3205 2
1617 1 -10.0 -17.3205 2
1616 1 -10.0 -17.3205 2
1615 1 -10.0 -17.3205 2
1614 1 -10.0 -17.3205 2
1613 1 -10.0 -17.3205 2
1612 1 -10.0 -17.3205 2
1611 1 -10.0 -17.3205 2
1610 1 -10.0 -17.3205 2
1609 1 -10.0 -17.3205 2
1608 1 -10.0 -17.3205 2
1607 1 -10.0 -17.3205 2
1606 1 -10.0 -17.3205 2
1604 1 -10.0 -17.3205 2
1603 1 -10.0 -17.3205 2
1602 1 -10.0 -17.3205 2
1601 1 -10.0 -17.3205 2
1600 1 -10.0 -17.3205 2
1599 1 -10.0 -17.3205 2
1598 1 -10.0 -17.3205 2
1596 1 -10.0 -17.3205 2
1594 1 -10.0 -17.3205 2
1593 1 -10.0 -17.3205 2
1591 1 -10.0 -17.3205 2
1448 1 -8.0902 -5.8779 2
1447 1 -8.0902 -5.8779 2
1446 1 -8.0902 -5.8779 2
-1 0 0.0 0.0 D
1334 4 149.0 143.79742431640625 150 2147483647 151
0 0 0.0 0.0 D
1967 1 5.0 -8.6603 4
1966 1 5.0 -8.6603 4
1965 1 5.0 -8.6603 4
1964 1 5.0 -8.6603 4
1963 1 5.0 -8.6603 4
1962 1 5.0 -8.6603 4
1930 1 3.0902 -9.5106 4
1929 1 3.0902 -9.5106 4
1928 1 3.0902 -9.5106 4
1927 1 3.0902 -9.5106 4
1926 1 3.0902 -9.5106 4
1925 1 3.0902 -9.5106 4
1924 1 3.0902 -9.5106 4
1923 1 3.0902 -9.5106 4
1922 1 3.0902 -9.5106 4
1921 1 3.0902 -9.5106 4
1940 1 6.1803 -19.0211 4
1939 1 6.1803 -19.0211 4
1938 1 6.1803 -19.0211 4
1935 1 6.1803 -19.0211 4
1934 1 6.1803 -19.0211 4
1933 1 6.1803 -19.0211 4
1931 1 6.1803 -19.0211 4
1950 1 9.2705 -28.5317 4
1949 1 9.2705 -28.5317 4
1948 1 9.2705 -28.5317 4
1947 1 9.2705 -28.5317 4
1946 1 9.2705 -28.5317 4
1943 1 9.2705 -28.5317 4
1941 1 9.2705 -28.5317 4
1960 1 12.3607 -38.0423 4
1959 1 12.3607 -38.0423 4
1958 1 12.3607 -38.0423 4
1957 1 12.3607 -38.0423 4
1956 1 12.3607 -38.0423 4
1955 1 12.3607 -38.0423 4
1954 1 12.3607 -38.0423 4
1953 1 12.3607 -38.0423 4
1952 1 12.3607 -38.0423 4
1800 1 -4.1811 -39.7809 4
1799 1 -4.1811 -39.7809 4
1798 1 -4.1811 -39.7809 4
1797 1 -4.1811 -39.7809 4
1796 1 -4.1811 -39.7809 4
1795 1 -4.1811 -39.7809 4
1794 1 -4.1811 -39.7809 4
1792 1 -4.1811 -39.7809 4
1791 1 -4.1811 -39.7809 4
1790 1 -4.1811 -39.7809 4
1789 1 -4.1811 -39.7809 4
1787 1 -4.1811 -39.7809 4
1786 1 -4.1811 -39.7809 4
1785 1 -4.1811 -39.7809 4
1784 1 -4.1811 -39.7809 4
1783 1 -4.1811 -39.7809 4
1782 1 -4.1811 -39.7809 4
1781 1 -4.1811 -39.7809 4
1720 1 -12.3607 -38.0423 4
1719 1 -12.3607 -38.0423 4
1717 1 -12.3607 -38.0423 4
1716 1 -12.3607 -38.0423 4
1715 1 -12.3607 -38.0423 4
1714 1 -12.3607 -38.0423 4
1713 1 -12.3607 -38.0423 4
1712 1 -12.3607 -38.0423 4
1560 1 -26.7652 -29.7258 4
1558 1 -26.7652 -29.7258 4
1557 1 -26.7652 -29.7258 4
1556 1 -26.7652 -29.7258 4
1551 1 -26.7652 -29.7258 4
1549 1 -26.7652 -29.7258 4
1548 1 -26.7652 -29.7258 4
1547 1 -26.7652 -29.7258 4
1710 1 -9.2705 -28.5317 4
1709 1 -9.2705 -28.5317 4
1707 1 -9.2705 -28.5317 4
1706 1 -9.2705 -28.5317 4
1705 1 -9.2705 -28.5317 4
1704 1 -9.2705 -28.5317 4
1703 1 -9.2705 -28.5317 4
1702 1 -9.2705 -28.5317 4
1701 1 -9.2705 -28.5317 4
1780 1 -3.1359 -29.8357 4
1779 1 -3.1359 -29.8357 4
1777 1 -3.1359 -29.8357 4
1775 1 -3.1359 -29.8357 4
1774 1 -3.1359 -29.8357 4
1773 1 -3.1359 -29.8357 4
1772 1 -3.1359 -29.8357 4
1771 1 -3.1359 -29.8357 4
1770 1 -3.1359 -29.8357 4
1769 1 -3.1359 -29.8357 4
1767 1 -3.1359 -29.8357 4
1766 1 -3.1359 -29.8357 4
1765 1 -3.1359 -29.8357 4
1764 1 -3.1359 -29.8357 4
1763 1 -3.1359 -29.8357 4
1762 1 -3.1359 -29.8357 4
1761 1 -3.1359 -29.8357 4
1760 1 -2.0906 -19.8904 4
1759 1 -2.0906 -19.8904 4
1758 1 -2.0906 -19.8904 4
1757 1 -2.0906 -19.8904 4
1756 1 -2.0906 -19.8904 4
1755 1 -2.0906 -19.8904 4
1754 1 -2.0906 -19.8904 4
1753 1 -2.0906 -19.8904 4
1752 1 -2.0906 -19.8904 4
1751 1 -2.0906 -19.8904 4
1750 1 -2.0906 -19.8904 4
1749 1 -2.0906 -19.8904 4
1748 1 -2.0906 -19.8904 4
1747 1 -2.0906 -19.8904 4
1746 1 -2.0906 -19.8904 4
1745 1 -2.0906 -19.8904 4
1744 1 -2.0906 -19.8904 4
1743 1 -2.0906 -19.8904 4
1742 1 -2.0906 -19.8904 4
1741 1 -2.0906 -19.8904 4
1700 1 -6.1803 -19.0211 4
1698 1 -6.1803 -19.0211 4
1697 1 -6.1803 -19.0211 4
1696 1 -6.1803 -19.0211 4
1695 1 -6.1803 -19.0211 4
1694 1 -6.1803 -19.0211 4
1693 1 -6.1803 -19.0211 4
1692 1 -6.1803 -19.0211 4
1691 1 -6.1803 -19.0211 4
1690 1 -3.0902 -9.5106 4
1689 1 -3.0902 -9.5106 4
1688 1 -3.0902 -9.5106 4
1687 1 -3.0902 -9.5106 4
1686 1 -3.0902 -9.5106 4
1685 1 -3.0902 -9.5106 4
1684 1 -3.0902 -9.5106 4
1683 1 -3.0902 -9.5106 4
1681 1 -3.0902 -9.5106 4
1738 1 -1.0453 -9.9452 4
1736 1 -1.0453 -9.9452 4
1735 1 -1.0453 -9.9452 4
1734 1 -1.0453 -9.9452 4
1733 1 -1.0453 -9.9452 4
1731 1 -1.0453 -9.9452 4
1730 1 -1.0453 -9.9452 4
1728 1 -1.0453 -9.9452 4
1726 1 -1.0453 -9.9452 4
1725 1 -1.0453 -9.9452 4
1724 1 -1.0453 -9.9452 4
1723 1 -1.0453 -9.9452 4
-1 0 0.0 0.0 D
1335 2 59.0 88.36231231689453 60 2147483647 61
0 0 0.0 0.0 D
1590 1 -5.0 -8.6603 2
1589 1 -5.0 -8.6603 2
1587 1 -5.0 -8.6603 2
1584 1 -5.0 -8.6603 2
1583 1 -5.0 -8.6603 2
1582 1 -5.0 -8.6603 2
1581 1 -5.0 -8.6603 2
1580 1 -5.0 -8.6603 2
1579 1 -5.0 -8.6603 2
1578 1 -5.0 -8.6603 2
1577 1 -5.0 -8.6603 2
1576 1 -5.0 -8.6603 2
1574 1 -5.0 -8.6603 2
1573 1 -5.0 -8.6603 2
1572 1 -5.0 -8.6603 2
1571 1 -5.0 -8.6603 2
1569 1 -5.0 -8.6603 2
1568 1 -5.0 -8.6603 2
1566 1 -5.0 -8.6603 2
1565 1 -5.0 -8.6603 2
1564 1 -5.0 -8.6603 2
1650 1 -15.0 -25.9808 2
1649 1 -15.0 -25.9808 2
1648 1 -15.0 -25.9808 2
1647 1 -15.0 -25.9808 2
1646 1 -15.0 -25.9808 2
1645 1 -15.0 -25.9808 2
1644 1 -15.0 -25.9808 2
1643 1 -15.0 -25.9808 2
1642 1 -15.0 -25.9808 2
1641 1 -15.0 -25.9808 2
1640 1 -15.0 -25.9808 2
1639 1 -15.0 -25.9808 2
1638 1 -15.0 -25.9808 2
1637 1 -15.0 -25.9808 2
1634 1 -15.0 -25.9808 2
1633 1 -15.0 -25.9808 2
1629 1 -15.0 -25.9808 2
1628 1 -15.0 -25.9808 2
1627 1 -15.0 -25.9808 2
1625 1 -15.0 -25.9808 2
1624 1 -15.0 -25.9808 2
1623 1 -15.0 -25.9808 2
1622 1 -15.0 -25.9808 2
1680 1 -20.0 -34.641 2
1679 1 -20.0 -34.641 2
1678 1 -20.0 -34.641 2
1676 1 -20.0 -34.641 2
1675 1 -20.0 -34.641 2
1674 1 -20.0 -34.641 2
1673 1 -20.0 -34.641 2
1671 1 -20.0 -34.641 2
1670 1 -20.0 -34.641 2
1668 1 -20.0 -34.641 2
1718 1 -12.3607 -38.0423 2
1711 1 -12.3607 -38.0423 2
1708 1 -9.2705 -28.5317 2
1699 1 -6.1803 -19.0211 2
1682 1 -3.0902 -9.5106 2
-1 0 0.0 0.0 D
1336 2 59.0 80.00006103515625 60 2147483647 61
0 0 0.0 0.0 D
1813 1 1.0453 -9.9452 2
1812 1 1.0453 -9.9452 2
1810 1 1.0453 -9.9452 2
1809 1 1.0453 -9.9452 2
1808 1 1.0453 -9.9452 2
1806 1 1.0453 -9.9452 2
1805 1 1.0453 -9.9452 2
1804 1 1.0453 -9.9452 2
1802 1 1.0453 -9.9452 2
1920 1 4.1812 -39.7809 2
1919 1 4.1812 -39.7809 2
1918 1 4.1812 -39.7809 2
1915 1 4.1812 -39.7809 2
1914 1 4.1812 -39.7809 2
1913 1 4.1812 -39.7809 2
1912 1 4.1812 -39.7809 2
1911 1 4.1812 -39.7809 2
1910 1 4.1812 -39.7809 2
1909 1 4.1812 -39.7809 2
1908 1 4.1812 -39.7809 2
1907 1 4.1812 -39.7809 2
1904 1 4.1812 -39.7809 2
1903 1 4.1812 -39.7809 2
1902 1 4.1812 -39.7809 2
1901 1 4.1812 -39.7809 2
1900 1 4.1812 -39.7809 2
1899 1 4.1812 -39.7809 2
1898 1 4.1812 -39.7809 2
1897 1 4.1812 -39.7809 2
1896 1 4.1812 -39.7809 2
1894 1 4.1812 -39.7809 2
1893 1 4.1812 -39.7809 2
1892 1 4.1812 -39.7809 2
1890 1 3.1359 -29.8357 2
1889 1 3.1359 -29.8357 2
1887 1 3.1359 -29.8357 2
1886 1 3.1359 -29.8357 2
1885 1 3.1359 -29.8357 2
1884 1 3.1359 -29.8357 2
1883 1 3.1359 -29.8357 2
1882 1 3.1359 -29.8357 2
1881 1 3.1359 -29.8357 2
1880 1 3.1359 -29.8357 2
1879 1 3.1359 -29.8357 2
1878 1 3.1359 -29.8357 2
1877 1 3.1359 -29.8357 2
1876 1 3.1359 -29.8357 2
1875 1 3.1359 -29.8357 2
1873 1 3.1359 -29.8357 2
1872 1 3.1359 -29.8357 2
1871 1 3.1359 -29.8357 2
1870 1 3.1359 -29.8357 2
1869 1 3.1359 -29.8357 2
1868 1 3.1359 -29.8357 2
1867 1 3.1359 -29.8357 2
1866 1 3.1359 -29.8357 2
1865 1 3.1359 -29.8357 2
1864 1 3.1359 -29.8357 2
1862 1 3.1359 -29.8357 2
-1 0 0.0 0.0 D
1337 1 59.0 111.95108032226562 60 2147483647 61
0 0 0.0 0.0 D
1822 1 1.0453 -9.9452 1
1821 1 1.0453 -9.9452 1
1820 1 1.0453 -9.9452 1
1811 1 1.0453 -9.9452 1
1807 1 1.0453 -9.9452 1
1803 1 1.0453 -9.9452 1
1801 1 1.0453 -9.9452 1
1860 1 2.0906 -19.8904 1
1858 1 2.0906 -19.8904 1
1843 1 2.0906 -19.8904 1
1840 1 2.0906 -19.8904 1
1839 1 2.0906 -19.8904 1
1836 1 2.0906 -19.8904 1
1834 1 2.0906 -19.8904 1
1888 1 3.1359 -29.8357 1
1917 1 4.1812 -39.7809 1
1916 1 4.1812 -39.7809 1
1906 1 4.1812 -39.7809 1
1905 1 4.1812 -39.7809 1
1895 1 4.1812 -39.7809 1
1891 1 4.1812 -39.7809 1
2038 1 20.0 -34.641 1
2035 1 20.0 -34.641 1
2034 1 20.0 -34.641 1
2031 1 20.0 -34.641 1
2030 1 20.0 -34.641 1
2028 1 20.0 -34.641 1
2024 1 20.0 -34.641 1
2156 1 26.7652 -29.7258 1
2155 1 26.7652 -29.7258 1
2152 1 26.7652 -29.7258 1
2146 1 26.7652 -29.7258 1
2141 1 26.7652 -29.7258 1
2134 1 26.7652 -29.7258 1
2018 1 15.0 -25.9808 1
2017 1 15.0 -25.9808 1
2016 1 15.0 -25.9808 1
2003 1 15.0 -25.9808 1
2000 1 10.0 -17.3205 1
1996 1 10.0 -17.3205 1
1993 1 10.0 -17.3205 1
1992 1 10.0 -17.3205 1
1985 1 10.0 -17.3205 1
1984 1 10.0 -17.3205 1
1981 1 10.0 -17.3205 1
2095 1 13.3826 -14.8629 1
2091 1 13.3826 -14.8629 1
2087 1 13.3826 -14.8629 1
2083 1 13.3826 -14.8629 1
2079 1 13.3826 -14.8629 1
2078 1 13.3826 -14.8629 1
2077 1 13.3826 -14.8629 1
2076 1 13.3826 -14.8629 1
1979 1 5.0 -8.6603 1
1978 1 5.0 -8.6603 1
1977 1 5.0 -8.6603 1
1976 1 5.0 -8.6603 1
1975 1 5.0 -8.6603 1
1961 1 5.0 -8.6603 1
-1 0 0.0 0.0 D
1338 2 59.0 87.38302612304688 60 2147483647 61
0 0 0.0 0.0 D
1830 1 1.0453 -9.9452 2
1829 1 1.0453 -9.9452 2
1828 1 1.0453 -9.9452 2
1827 1 1.0453 -9.9452 2
1826 1 1.0453 -9.9452 2
1825 1 1.0453 -9.9452 2
1824 1 1.0453 -9.9452 2
1823 1 1.0453 -9.9452 2
1819 1 1.0453 -9.9452 2
1818 1 1.0453 -9.9452 2
1817 1 1.0453 -9.9452 2
1816 1 1.0453 -9.9452 2
1815 1 1.0453 -9.9452 2
1814 1 1.0453 -9.9452 2
1859 1 2.0906 -19.8904 2
1857 1 2.0906 -19.8904 2
1856 1 2.0906 -19.8904 2
1855 1 2.0906 -19.8904 2
1854 1 2.0906 -19.8904 2
1853 1 2.0906 -19.8904 2
1852 1 2.0906 -19.8904 2
1851 1 2.0906 -19.8904 2
1850 1 2.0906 -19.8904 2
1849 1 2.0906 -19.8904 2
1848 1 2.0906 -19.8904 2
1847 1 2.0906 -19.8904 2
1846 1 2.0906 -19.8904 2
1845 1 2.0906 -19.8904 2
1844 1 2.0906 -19.8904 2
1842 1 2.0906 -19.8904 2
1841 1 2.0906 -19.8904 2
1838 1 2.0906 -19.8904 2
1837 1 2.0906 -19.8904 2
1835 1 2.0906 -19.8904 2
1833 1 2.0906 -19.8904 2
1832 1 2.0906 -19.8904 2
1831 1 2.0906 -19.8904 2
1937 1 6.1803 -19.0211 2
1936 1 6.1803 -19.0211 2
1932 1 6.1803 -19.0211 2
1945 1 9.2705 -28.5317 2
1944 1 9.2705 -28.5317 2
1942 1 9.2705 -28.5317 2
1951 1 12.3607 -38.0423 2
2092 1 13.3826 -14.8629 2
2090 1 13.3826 -14.8629 2
2089 1 13.3826 -14.8629 2
2088 1 13.3826 -14.8629 2
2086 1 13.3826 -14.8629 2
2085 1 13.3826 -14.8629 2
2084 1 13.3826 -14.8629 2
2082 1 13.3826 -14.8629 2
2081 1 13.3826 -14.8629 2
2080 1 13.3826 -14.8629 2
2075 1 13.3826 -14.8629 2
2074 1 13.3826 -14.8629 2
2073 1 13.3826 -14.8629 2
2072 1 13.3826 -14.8629 2
2071 1 13.3826 -14.8629 2
-1 0 0.0 0.0 D
1339 4 149.0 117.53837585449219 150 2147483647 151
0 0 0.0 0.0 D
1974 1 5.0 -8.6603 4
1973 1 5.0 -8.6603 4
1972 1 5.0 -8.6603 4
1971 1 5.0 -8.6603 4
1970 1 5.0 -8.6603 4
1969 1 5.0 -8.6603 4
1968 1 5.0 -8.6603 4
1980 1 5.0 -8.6603 4
1999 1 10.0 -17.3205 4
1998 1 10.0 -17.3205 4
1997 1 10.0 -17.3205 4
1995 1 10.0 -17.3205 4
1994 1 10.0 -17.3205 4
1991 1 10.0 -17.3205 4
1990 1 10.0 -17.3205 4
1989 1 10.0 -17.3205 4
1988 1 10.0 -17.3205 4
1987 1 10.0 -17.3205 4
1986 1 10.0 -17.3205 4
1983 1 10.0 -17.3205 4
1982 1 10.0 -17.3205 4
2020 1 15.0 -25.9808 4
2019 1 15.0 -25.9808 4
2015 1 15.0 -25.9808 4
2014 1 15.0 -25.9808 4
2013 1 15.0 -25.9808 4
2012 1 15.0 -25.9808 4
2011 1 15.0 -25.9808 4
2010 1 15.0 -25.9808 4
2009 1 15.0 -25.9808 4
2008 1 15.0 -25.9808 4
2007 1 15.0 -25.9808 4
2006 1 15.0 -25.9808 4
2005 1 15.0 -25.9808 4
2004 1 15.0 -25.9808 4
2002 1 15.0 -25.9808 4
2001 1 15.0 -25.9808 4
2040 1 20.0 -34.641 4
2039 1 20.0 -34.641 4
2037 1 20.0 -34.641 4
2036 1 20.0 -34.641 4
2033 1 20.0 -34.641 4
2032 1 20.0 -34.641 4
2029 1 20.0 -34.641 4
2027 1 20.0 -34.641 4
2026 1 20.0 -34.641 4
2025 1 20.0 -34.641 4
2023 1 20.0 -34.641 4
2022 1 20.0 -34.641 4
2021 1 20.0 -34.641 4
2200 1 32.3607 -23.5114 4
2199 1 32.3607 -23.5114 4
2198 1 32.3607 -23.5114 4
2197 1 32.3607 -23.5114 4
2196 1 32.3607 -23.5114 4
2195 1 32.3607 -23.5114 4
2194 1 32.3607 -23.5114 4
2193 1 32.3607 -23.5114 4
2192 1 32.3607 -23.5114 4
2191 1 32.3607 -23.5114 4
2280 1 36.5418 -16.2695 4
2279 1 36.5418 -16.2695 4
2278 1 36.5418 -16.2695 4
2277 1 36.5418 -16.2695 4
2276 1 36.5418 -16.2695 4
2275 1 36.5418 -16.2695 4
2274 1 36.5418 -16.2695 4
2273 1 36.5418 -16.2695 4
2272 1 36.5418 -16.2695 4
2271 1 36.5418 -16.2695 4
2270 1 36.5418 -16.2695 4
2269 1 36.5418 -16.2695 4
2268 1 36.5418 -16.2695 4
2266 1 36.5418 -16.2695 4
2265 1 36.5418 -16.2695 4
2264 1 36.5418 -16.2695 4
2263 1 36.5418 -16.2695 4
2262 1 36.5418 -16.2695 4
2260 1 27.4064 -12.2021 4
2259 1 27.4064 -12.2021 4
2258 1 27.4064 -12.2021 4
2257 1 27.4064 -12.2021 4
2256 1 27.4064 -12.2021 4
2255 1 27.4064 -12.2021 4
2254 1 27.4064 -12.2021 4
2253 1 27.4064 -12.2021 4
2252 1 27.4064 -12.2021 4
2251 1 27.4064 -12.2021 4
2250 1 27.4064 -12.2021 4
2249 1 27.4064 -12.2021 4
2247 1 27.4064 -12.2021 4
2246 1 27.4064 -12.2021 4
2245 1 27.4064 -12.2021 4
2244 1 27.4064 -12.2021 4
2243 1 27.4064 -12.2021 4
2242 1 27.4064 -12.2021 4
2241 1 27.4064 -12.2021 4
2190 1 24.2705 -17.6335 4
2189 1 24.2705 -17.6335 4
2188 1 24.2705 -17.6335 4
2187 1 24.2705 -17.6335 4
2186 1 24.2705 -17.6335 4
2185 1 24.2705 -17.6335 4
2184 1 24.2705 -17.6335 4
2183 1 24.2705 -17.6335 4
2182 1 24.2705 -17.6335 4
2179 1 16.1803 -11.7557 4
2178 1 16.1803 -11.7557 4
2177 1 16.1803 -11.7557 4
2176 1 16.1803 -11.7557 4
2175 1 16.1803 -11.7557 4
2174 1 16.1803 -11.7557 4
2173 1 16.1803 -11.7557 4
2172 1 16.1803 -11.7557 4
2171 1 16.1803 -11.7557 4
2239 1 18.2709 -8.1347 4
2238 1 18.2709 -8.1347 4
2236 1 18.2709 -8.1347 4
2235 1 18.2709 -8.1347 4
2234 1 18.2709 -8.1347 4
2233 1 18.2709 -8.1347 4
2232 1 18.2709 -8.1347 4
2231 1 18.2709 -8.1347 4
2230 1 18.2709 -8.1347 4
2229 1 18.2709 -8.1347 4
2227 1 18.2709 -8.1347 4
2226 1 18.2709 -8.1347 4
2225 1 18.2709 -8.1347 4
2224 1 18.2709 -8.1347 4
2223 1 18.2709 -8.1347 4
2222 1 18.2709 -8.1347 4
2217 1 9.1355 -4.0674 4
2216 1 9.1355 -4.0674 4
2215 1 9.1355 -4.0674 4
2214 1 9.1355 -4.0674 4
2213 1 9.1355 -4.0674 4
2212 1 9.1355 -4.0674 4
2211 1 9.1355 -4.0674 4
2209 1 9.1355 -4.0674 4
2207 1 9.1355 -4.0674 4
2206 1 9.1355 -4.0674 4
2204 1 9.1355 -4.0674 4
2203 1 9.1355 -4.0674 4
2201 1 9.1355 -4.0674 4
2170 1 8.0902 -5.8778 4
2166 1 8.0902 -5.8778 4
2165 1 8.0902 -5.8778 4
2164 1 8.0902 -5.8778 4
2162 1 8.0902 -5.8778 4
-1 0 0.0 0.0 D
1340 2 59.0 79.9999771118164 60 2147483647 61
0 0 0.0 0.0 D
2046 1 6.6913 -7.4314 2
2042 1 6.6913 -7.4314 2
2041 1 6.6913 -7.4314 2
2130 1 20.0739 -22.2943 2
2129 1 20.0739 -22.2943 2
2127 1 20.0739 -22.2943 2
2126 1 20.0739 -22.2943 2
2125 1 20.0739 -22.2943 2
2124 1 20.0739 -22.2943 2
2123 1 20.0739 -22.2943 2
2122 1 20.0739 -22.2943 2
2121 1 20.0739 -22.2943 2
2120 1 20.0739 -22.2943 2
2119 1 20.0739 -22.2943 2
2117 1 20.0739 -22.2943 2
2116 1 20.0739 -22.2943 2
2115 1 20.0739 -22.2943 2
2114 1 20.0739 -22.2943 2
2113 1 20.0739 -22.2943 2
2112 1 20.0739 -22.2943 2
2110 1 20.0739 -22.2943 2
2109 1 20.0739 -22.2943 2
2108 1 20.0739 -22.2943 2
2107 1 20.0739 -22.2943 2
2106 1 20.0739 -22.2943 2
2105 1 20.0739 -22.2943 2
2104 1 20.0739 -22.2943 2
2102 1 20.0739 -22.2943 2
2160 1 26.7652 -29.7258 2
2159 1 26.7652 -29.7258 2
2158 1 26.7652 -29.7258 2
2157 1 26.7652 -29.7258 2
2154 1 26.7652 -29.7258 2
2153 1 26.7652 -29.7258 2
2151 1 26.7652 -29.7258 2
2150 1 26.7652 -29.7258 2
2149 1 26.7652 -29.7258 2
2148 1 26.7652 -29.7258 2
2147 1 26.7652 -29.7258 2
2145 1 26.7652 -29.7258 2
2144 1 26.7652 -29.7258 2
2143 1 26.7652 -29.7258 2
2142 1 26.7652 -29.7258 2
2140 1 26.7652 -29.7258 2
2139 1 26.7652 -29.7258 2
2138 1 26.7652 -29.7258 2
2137 1 26.7652 -29.7258 2
2136 1 26.7652 -29.7258 2
2135 1 26.7652 -29.7258 2
2133 1 26.7652 -29.7258 2
2132 1 26.7652 -29.7258 2
2131 1 26.7652 -29.7258 2
2100 1 13.3826 -14.8629 2
2099 1 13.3826 -14.8629 2
2098 1 13.3826 -14.8629 2
2097 1 13.3826 -14.8629 2
2096 1 13.3826 -14.8629 2
2094 1 13.3826 -14.8629 2
2093 1 13.3826 -14.8629 2
-1 0 0.0 0.0 D
1341 1 48.0 107.10857391357422 60 2147483647 50
0 0 0.0 0.0 D
2307 1 9.7815 -2.0791 1
2305 1 9.7815 -2.0791 1
2300 1 9.7815 -2.0791 1
2296 1 9.7815 -2.0791 1
2294 1 9.7815 -2.0791 1
2292 1 9.7815 -2.0791 1
2288 1 9.7815 -2.0791 1
2220 1 9.1355 -4.0674 1
2219 1 9.1355 -4.0674 1
2218 1 9.1355 -4.0674 1
2210 1 9.1355 -4.0674 1
2208 1 9.1355 -4.0674 1
2205 1 9.1355 -4.0674 1
2202 1 9.1355 -4.0674 1
2237 1 18.2709 -8.1347 1
2228 1 18.2709 -8.1347 1
2221 1 18.2709 -8.1347 1
2338 1 19.563 -4.1582 1
2327 1 19.563 -4.1582 1
2322 1 19.563 -4.1582 1
2364 1 29.3444 -6.2374 1
2363 1 29.3444 -6.2374 1
2359 1 29.3444 -6.2374 1
2355 1 29.3444 -6.2374 1
2349 1 29.3444 -6.2374 1
2398 1 39.1259 -8.3165 1
2396 1 39.1259 -8.3165 1
2389 1 39.1259 -8.3165 1
2382 1 39.1259 -8.3165 1
2378 1 39.1259 -8.3165 1
2376 1 39.1259 -8.3165 1
2374 1 39.1259 -8.3165 1
2372 1 39.1259 -8.3165 1
2267 1 36.5418 -16.2695 1
2261 1 36.5418 -16.2695 1
2248 1 27.4064 -12.2021 1
2128 1 20.0739 -22.2943 1
2118 1 20.0739 -22.2943 1
2111 1 20.0739 -22.2943 1
2103 1 20.0739 -22.2943 1
2101 1 20.0739 -22.2943 1
2059 1 6.6913 -7.4314 1
2055 1 6.6913 -7.4314 1
2054 1 6.6913 -7.4314 1
2052 1 6.6913 -7.4314 1
2045 1 6.6913 -7.4314 1
2044 1 6.6913 -7.4314 1
2043 1 6.6913 -7.4314 1
-1 0 0.0 0.0 D
1342 2 59.0 89.22046661376953 60 2147483647 61
0 0 0.0 0.0 D
2070 1 6.6913 -7.4314 2
2069 1 6.6913 -7.4314 2
2068 1 6.6913 -7.4314 2
2067 1 6.6913 -7.4314 2
2066 1 6.6913 -7.4314 2
2065 1 6.6913 -7.4314 2
2064 1 6.6913 -7.4314 2
2063 1 6.6913 -7.4314 2
2062 1 6.6913 -7.4314 2
2061 1 6.6913 -7.4314 2
2060 1 6.6913 -7.4314 2
2058 1 6.6913 -7.4314 2
2057 1 6.6913 -7.4314 2
2056 1 6.6913 -7.4314 2
2053 1 6.6913 -7.4314 2
2051 1 6.6913 -7.4314 2
2050 1 6.6913 -7.4314 2
2049 1 6.6913 -7.4314 2
2048 1 6.6913 -7.4314 2
2047 1 6.6913 -7.4314 2
2180 1 16.1803 -11.7557 2
2181 1 24.2705 -17.6335 2
2381 1 39.1259 -8.3165 2
2380 1 39.1259 -8.3165 2
2379 1 39.1259 -8.3165 2
2377 1 39.1259 -8.3165 2
2375 1 39.1259 -8.3165 2
2373 1 39.1259 -8.3165 2
2371 1 39.1259 -8.3165 2
2370 1 29.3444 -6.2374 2
2369 1 29.3444 -6.2374 2
2368 1 29.3444 -6.2374 2
2367 1 29.3444 -6.2374 2
2366 1 29.3444 -6.2374 2
2365 1 29.3444 -6.2374 2
2362 1 29.3444 -6.2374 2
2361 1 29.3444 -6.2374 2
2360 1 29.3444 -6.2374 2
2358 1 29.3444 -6.2374 2
2357 1 29.3444 -6.2374 2
2356 1 29.3444 -6.2374 2
2354 1 29.3444 -6.2374 2
2353 1 29.3444 -6.2374 2
2352 1 29.3444 -6.2374 2
2351 1 29.3444 -6.2374 2
2350 1 29.3444 -6.2374 2
2348 1 29.3444 -6.2374 2
2347 1 29.3444 -6.2374 2
2346 1 29.3444 -6.2374 2
2345 1 29.3444 -6.2374 2
2344 1 29.3444 -6.2374 2
2343 1 29.3444 -6.2374 2
2342 1 29.3444 -6.2374 2
2341 1 29.3444 -6.2374 2
2169 1 8.0902 -5.8778 2
2168 1 8.0902 -5.8778 2
2167 1 8.0902 -5.8778 2
2163 1 8.0902 -5.8778 2
2161 1 8.0902 -5.8778 2
-1 0 0.0 0.0 D
1344 2 59.0 80.00000762939453 60 2147483647 61
0 0 0.0 0.0 D
2310 1 9.7815 -2.0791 2
2309 1 9.7815 -2.0791 2
2308 1 9.7815 -2.0791 2
2306 1 9.7815 -2.0791 2
2304 1 9.7815 -2.0791 2
2303 1 9.7815 -2.0791 2
2302 1 9.7815 -2.0791 2
2301 1 9.7815 -2.0791 2
2299 1 9.7815 -2.0791 2
2298 1 9.7815 -2.0791 2
2297 1 9.7815 -2.0791 2
2295 1 9.7815 -2.0791 2
2293 1 9.7815 -2.0791 2
2291 1 9.7815 -2.0791 2
2290 1 9.7815 -2.0791 2
2289 1 9.7815 -2.0791 2
2287 1 9.7815 -2.0791 2
2286 1 9.7815 -2.0791 2
2285 1 9.7815 -2.0791 2
2284 1 9.7815 -2.0791 2
2283 1 9.7815 -2.0791 2
2282 1 9.7815 -2.0791 2
2281 1 9.7815 -2.0791 2
2333 1 19.563 -4.1582 2
2332 1 19.563 -4.1582 2
2331 1 19.563 -4.1582 2
2330 1 19.563 -4.1582 2
2329 1 19.563 -4.1582 2
2328 1 19.563 -4.1582 2
2326 1 19.563 -4.1582 2
2325 1 19.563 -4.1582 2
2324 1 19.563 -4.1582 2
2323 1 19.563 -4.1582 2
2321 1 19.563 -4.1582 2
2320 1 19.563 -4.1582 2
2319 1 19.563 -4.1582 2
2318 1 19.563 -4.1582 2
2317 1 19.563 -4.1582 2
2316 1 19.563 -4.1582 2
2315 1 19.563 -4.1582 2
2314 1 19.563 -4.1582 2
2313 1 19.563 -4.1582 2
2312 1 19.563 -4.1582 2
2311 1 19.563 -4.1582 2
2400 1 39.1259 -8.3165 2
2399 1 39.1259 -8.3165 2
2397 1 39.1259 -8.3165 2
2395 1 39.1259 -8.3165 2
2394 1 39.1259 -8.3165 2
2393 1 39.1259 -8.3165 2
2392 1 39.1259 -8.3165 2
2391 1 39.1259 -8.3165 2
2390 1 39.1259 -8.3165 2
2388 1 39.1259 -8.3165 2
2387 1 39.1259 -8.3165 2
2386 1 39.1259 -8.3165 2
2385 1 39.1259 -8.3165 2
2384 1 39.1259 -8.3165 2
2383 1 39.1259 -8.3165 2
-1 0 0.0 0.0 D
1364 2 65.0 101.24199676513672 100 2147483647 67
0 0 0.0 0.0 D
151 1 18.2709 8.1347 2
152 1 18.2709 8.1347 2
155 1 18.2709 8.1347 2
157 1 18.2709 8.1347 2
159 1 18.2709 8.1347 2
160 1 18.2709 8.1347 2
161 1 18.2709 8.1347 2
162 1 18.2709 8.1347 2
163 1 18.2709 8.1347 2
165 1 18.2709 8.1347 2
166 1 18.2709 8.1347 2
167 1 18.2709 8.1347 2
168 1 18.2709 8.1347 2
169 1 18.2709 8.1347 2
170 1 18.2709 8.1347 2
171 1 18.2709 8.1347 2
172 1 18.2709 8.1347 2
174 1 18.2709 8.1347 2
175 1 18.2709 8.1347 2
177 1 18.2709 8.1347 2
178 1 18.2709 8.1347 2
179 1 18.2709 8.1347 2
180 1 18.2709 8.1347 2
181 1 27.4064 12.2021 2
182 1 27.4064 12.2021 2
183 1 27.4064 12.2021 2
184 1 27.4064 12.2021 2
185 1 27.4064 12.2021 2
187 1 27.4064 12.2021 2
188 1 27.4064 12.2021 2
190 1 27.4064 12.2021 2
192 1 27.4064 12.2021 2
193 1 27.4064 12.2021 2
197 1 27.4064 12.2021 2
199 1 27.4064 12.2021 2
200 1 27.4064 12.2021 2
202 1 27.4064 12.2021 2
203 1 27.4064 12.2021 2
204 1 27.4064 12.2021 2
205 1 27.4064 12.2021 2
206 1 27.4064 12.2021 2
207 1 27.4064 12.2021 2
208 1 27.4064 12.2021 2
209 1 27.4064 12.2021 2
210 1 27.4064 12.2021 2
211 1 36.5418 16.2695 2
212 1 36.5418 16.2695 2
213 1 36.5418 16.2695 2
214 1 36.5418 16.2695 2
216 1 36.5418 16.2695 2
218 1 36.5418 16.2695 2
219 1 36.5418 16.2695 2
220 1 36.5418 16.2695 2
221 1 36.5418 16.2695 2
223 1 36.5418 16.2695 2
35 1 40.0 0.0 2
36 1 40.0 0.0 2
16 1 20.0 0.0 2
2334 1 19.563 -4.1582 2
2335 1 19.563 -4.1582 2
2336 1 19.563 -4.1582 2
2337 1 19.563 -4.1582 2
2339 1 19.563 -4.1582 2
2340 1 19.563 -4.1582 2
6 1 10.0 0.0 2
-1 0 0.0 0.0 D
1389 4 150.0 175.3199462890625 200 2147483647 152
0 0 0.0 0.0 D
1 1 10.0 0.0 4
2 1 10.0 0.0 4
3 1 10.0 0.0 4
4 1 10.0 0.0 4
5 1 10.0 0.0 4
7 1 10.0 0.0 4
8 1 10.0 0.0 4
9 1 10.0 0.0 4
10 1 10.0 0.0 4
2240 1 18.2709 -8.1347 4
11 1 20.0 0.0 4
12 1 20.0 0.0 4
13 1 20.0 0.0 4
14 1 20.0 0.0 4
15 1 20.0 0.0 4
17 1 20.0 0.0 4
18 1 20.0 0.0 4
19 1 20.0 0.0 4
20 1 20.0 0.0 4
21 1 30.0 0.0 4
22 1 30.0 0.0 4
23 1 30.0 0.0 4
24 1 30.0 0.0 4
25 1 30.0 0.0 4
26 1 30.0 0.0 4
27 1 30.0 0.0 4
28 1 30.0 0.0 4
29 1 30.0 0.0 4
30 1 30.0 0.0 4
31 1 40.0 0.0 4
32 1 40.0 0.0 4
33 1 40.0 0.0 4
34 1 40.0 0.0 4
37 1 40.0 0.0 4
38 1 40.0 0.0 4
39 1 40.0 0.0 4
40 1 40.0 0.0 4
2401 1 49.7261 5.2264 4
2402 1 49.7261 5.2264 4
2403 1 49.7261 5.2264 4
2404 1 49.7261 5.2264 4
2407 1 49.7261 5.2264 4
2409 1 49.7261 5.2264 4
2410 1 49.7261 5.2264 4
2411 1 43.3013 25.0 4
2412 1 43.3013 25.0 4
2413 1 43.3013 25.0 4
2414 1 43.3013 25.0 4
2415 1 43.3013 25.0 4
2416 1 43.3013 25.0 4
2417 1 43.3013 25.0 4
2418 1 43.3013 25.0 4
2419 1 43.3013 25.0 4
2420 1 43.3013 25.0 4
271 1 32.3607 23.5114 4
272 1 32.3607 23.5114 4
275 1 32.3607 23.5114 4
276 1 32.3607 23.5114 4
279 1 32.3607 23.5114 4
280 1 32.3607 23.5114 4
261 1 24.2705 17.6336 4
262 1 24.2705 17.6336 4
263 1 24.2705 17.6336 4
265 1 24.2705 17.6336 4
266 1 24.2705 17.6336 4
267 1 24.2705 17.6336 4
268 1 24.2705 17.6336 4
269 1 24.2705 17.6336 4
270 1 24.2705 17.6336 4
101 1 39.1259 8.3165 4
102 1 39.1259 8.3165 4
103 1 39.1259 8.3165 4
105 1 39.1259 8.3165 4
106 1 39.1259 8.3165 4
107 1 39.1259 8.3165 4
110 1 39.1259 8.3165 4
111 1 39.1259 8.3165 4
112 1 39.1259 8.3165 4
113 1 39.1259 8.3165 4
114 1 39.1259 8.3165 4
115 1 39.1259 8.3165 4
116 1 39.1259 8.3165 4
118 1 39.1259 8.3165 4
119 1 39.1259 8.3165 4
120 1 39.1259 8.3165 4
81 1 29.3444 6.2374 4
82 1 29.3444 6.2374 4
83 1 29.3444 6.2374 4
84 1 29.3444 6.2374 4
86 1 29.3444 6.2374 4
87 1 29.3444 6.2374 4
88 1 29.3444 6.2374 4
89 1 29.3444 6.2374 4
90 1 29.3444 6.2374 4
91 1 29.3444 6.2374 4
92 1 29.3444 6.2374 4
94 1 29.3444 6.2374 4
95 1 29.3444 6.2374 4
96 1 29.3444 6.2374 4
98 1 29.3444 6.2374 4
99 1 29.3444 6.2374 4
62 1 19.563 4.1582 4
64 1 19.563 4.1582 4
65 1 19.563 4.1582 4
66 1 19.563 4.1582 4
67 1 19.563 4.1582 4
71 1 19.563 4.1582 4
72 1 19.563 4.1582 4
73 1 19.563 4.1582 4
74 1 19.563 4.1582 4
75 1 19.563 4.1582 4
76 1 19.563 4.1582 4
77 1 19.563 4.1582 4
78 1 19.563 4.1582 4
79 1 19.563 4.1582 4
80 1 19.563 4.1582 4
251 1 16.1803 11.7557 4
253 1 16.1803 11.7557 4
254 1 16.1803 11.7557 4
255 1 16.1803 11.7557 4
256 1 16.1803 11.7557 4
258 1 16.1803 11.7557 4
259 1 16.1803 11.7557 4
260 1 16.1803 11.7557 4
282 1 6.6913 7.4314 4
283 1 6.6913 7.4314 4
241 1 8.0902 5.8779 4
242 1 8.0902 5.8779 4
246 1 8.0902 5.8779 4
247 1 8.0902 5.8779 4
248 1 8.0902 5.8779 4
249 1 8.0902 5.8779 4
250 1 8.0902 5.8779 4
42 1 9.7815 2.0791 4
43 1 9.7815 2.0791 4
44 1 9.7815 2.0791 4
45 1 9.7815 2.0791 4
46 1 9.7815 2.0791 4
49 1 9.7815 2.0791 4
50 1 9.7815 2.0791 4
51 1 9.7815 2.0791 4
52 1 9.7815 2.0791 4
53 1 9.7815 2.0791 4
54 1 9.7815 2.0791 4
55 1 9.7815 2.0791 4
56 1 9.7815 2.0791 4
57 1 9.7815 2.0791 4
58 1 9.7815 2.0791 4
59 1 9.7815 2.0791 4
60 1 9.7815 2.0791 4
-1 0 0.0 0.0 D
