2500
1 4 1 10.0 0.0 1
2 4 1 10.0 0.0 1
3 4 1 10.0 0.0 1
4 4 1 10.0 0.0 1
5 4 1 10.0 0.0 1
6 2 1 10.0 0.0 1
7 4 1 10.0 0.0 1
8 4 1 10.0 0.0 1
9 4 1 10.0 0.0 1
10 4 1 10.0 0.0 1
11 4 1 20.0 0.0 2
12 4 1 20.0 0.0 2
13 4 1 20.0 0.0 2
14 4 1 20.0 0.0 2
15 4 1 20.0 0.0 2
16 2 1 20.0 0.0 2
17 4 1 20.0 0.0 2
18 4 1 20.0 0.0 2
19 4 1 20.0 0.0 2
20 4 1 20.0 0.0 2
21 4 1 30.0 0.0 3
22 4 1 30.0 0.0 3
23 4 1 30.0 0.0 3
24 4 1 30.0 0.0 3
25 4 1 30.0 0.0 3
26 4 1 30.0 0.0 3
27 4 1 30.0 0.0 3
28 4 1 30.0 0.0 3
29 4 1 30.0 0.0 3
30 4 1 30.0 0.0 3
31 4 1 40.0 0.0 4
32 4 1 40.0 0.0 4
33 4 1 40.0 0.0 4
34 4 1 40.0 0.0 4
35 2 1 40.0 0.0 4
36 2 1 40.0 0.0 4
37 4 1 40.0 0.0 4
38 4 1 40.0 0.0 4
39 4 1 40.0 0.0 4
40 4 1 40.0 0.0 4
41 1 1 9.7815 2.0791 5
42 4 1 9.7815 2.0791 5
43 4 1 9.7815 2.0791 5
44 4 1 9.7815 2.0791 5
45 4 1 9.7815 2.0791 5
46 4 1 9.7815 2.0791 5
47 1 1 9.7815 2.0791 5
48 1 1 9.7815 2.0791 5
49 4 1 9.7815 2.0791 5
50 4 1 9.7815 2.0791 5
51 4 1 9.7815 2.0791 5
52 4 1 9.7815 2.0791 5
53 4 1 9.7815 2.0791 5
54 4 1 9.7815 2.0791 5
55 4 1 9.7815 2.0791 5
56 4 1 9.7815 2.0791 5
57 4 1 9.7815 2.0791 5
58 4 1 9.7815 2.0791 5
59 4 1 9.7815 2.0791 5
60 4 1 9.7815 2.0791 5
61 1 1 19.563 4.1582 6
62 4 1 19.563 4.1582 6
63 1 1 19.563 4.1582 6
64 4 1 19.563 4.1582 6
65 4 1 19.563 4.1582 6
66 4 1 19.563 4.1582 6
67 4 1 19.563 4.1582 6
68 1 1 19.563 4.1582 6
69 1 1 19.563 4.1582 6
70 1 1 19.563 4.1582 6
71 4 1 19.563 4.1582 6
72 4 1 19.563 4.1582 6
73 4 1 19.563 4.1582 6
74 4 1 19.563 4.1582 6
75 4 1 19.563 4.1582 6
76 4 1 19.563 4.1582 6
77 4 1 19.563 4.1582 6
78 4 1 19.563 4.1582 6
79 4 1 19.563 4.1582 6
80 4 1 19.563 4.1582 6
81 4 1 29.3444 6.2374 7
82 4 1 29.3444 6.2374 7
83 4 1 29.3444 6.2374 7
84 4 1 29.3444 6.2374 7
85 1 1 29.3444 6.2374 7
86 4 1 29.3444 6.2374 7
87 4 1 29.3444 6.2374 7
88 4 1 29.3444 6.2374 7
89 4 1 29.3444 6.2374 7
90 4 1 29.3444 6.2374 7
91 4 1 29.3444 6.2374 7
92 4 1 29.3444 6.2374 7
93 1 1 29.3444 6.2374 7
94 4 1 29.3444 6.2374 7
95 4 1 29.3444 6.2374 7
96 4 1 29.3444 6.2374 7
97 1 1 29.3444 6.2374 7
98 4 1 29.3444 6.2374 7
99 4 1 29.3444 6.2374 7
100 1 1 29.3444 6.2374 7
101 4 1 39.1259 8.3165 8
102 4 1 39.1259 8.3165 8
103 4 1 39.1259 8.3165 8
104 1 1 39.1259 8.3165 8
105 4 1 39.1259 8.3165 8
106 4 1 39.1259 8.3165 8
107 4 1 39.1259 8.3165 8
108 1 1 39.1259 8.3165 8
109 1 1 39.1259 8.3165 8
110 4 1 39.1259 8.3165 8
111 4 1 39.1259 8.3165 8
112 4 1 39.1259 8.3165 8
113 4 1 39.1259 8.3165 8
114 4 1 39.1259 8.3165 8
115 4 1 39.1259 8.3165 8
116 4 1 39.1259 8.3165 8
117 1 1 39.1259 8.3165 8
118 4 1 39.1259 8.3165 8
119 4 1 39.1259 8.3165 8
120 4 1 39.1259 8.3165 8
121 2 1 9.1355 4.0674 9
122 2 1 9.1355 4.0674 9
123 2 1 9.1355 4.0674 9
124 2 1 9.1355 4.0674 9
125 1 1 9.1355 4.0674 9
126 2 1 9.1355 4.0674 9
127 2 1 9.1355 4.0674 9
128 2 1 9.1355 4.0674 9
129 2 1 9.1355 4.0674 9
130 2 1 9.1355 4.0674 9
131 1 1 9.1355 4.0674 9
132 2 1 9.1355 4.0674 9
133 1 1 9.1355 4.0674 9
134 2 1 9.1355 4.0674 9
135 2 1 9.1355 4.0674 9
136 1 1 9.1355 4.0674 9
137 2 1 9.1355 4.0674 9
138 2 1 9.1355 4.0674 9
139 2 1 9.1355 4.0674 9
140 2 1 9.1355 4.0674 9
141 2 1 9.1355 4.0674 9
142 2 1 9.1355 4.0674 9
143 2 1 9.1355 4.0674 9
144 2 1 9.1355 4.0674 9
145 2 1 9.1355 4.0674 9
146 1 1 9.1355 4.0674 9
147 2 1 9.1355 4.0674 9
148 1 1 9.1355 4.0674 9
149 2 1 9.1355 4.0674 9
150 2 1 9.1355 4.0674 9
151 2 1 18.2709 8.1347 10
152 2 1 18.2709 8.1347 10
153 1 1 18.2709 8.1347 10
154 1 1 18.2709 8.1347 10
155 2 1 18.2709 8.1347 10
156 1 1 18.2709 8.1347 10
157 2 1 18.2709 8.1347 10
158 1 1 18.2709 8.1347 10
159 2 1 18.2709 8.1347 10
160 2 1 18.2709 8.1347 10
161 2 1 18.2709 8.1347 10
162 2 1 18.2709 8.1347 10
163 2 1 18.2709 8.1347 10
164 1 1 18.2709 8.1347 10
165 2 1 18.2709 8.1347 10
166 2 1 18.2709 8.1347 10
167 2 1 18.2709 8.1347 10
168 2 1 18.2709 8.1347 10
169 2 1 18.2709 8.1347 10
170 2 1 18.2709 8.1347 10
171 2 1 18.2709 8.1347 10
172 2 1 18.2709 8.1347 10
173 1 1 18.2709 8.1347 10
174 2 1 18.2709 8.1347 10
175 2 1 18.2709 8.1347 10
176 1 1 18.2709 8.1347 10
177 2 1 18.2709 8.1347 10
178 2 1 18.2709 8.1347 10
179 2 1 18.2709 8.1347 10
180 2 1 18.2709 8.1347 10
181 2 1 27.4064 12.2021 11
182 2 1 27.4064 12.2021 11
183 2 1 27.4064 12.2021 11
184 2 1 27.4064 12.2021 11
185 2 1 27.4064 12.2021 11
186 1 1 27.4064 12.2021 11
187 2 1 27.4064 12.2021 11
188 2 1 27.4064 12.2021 11
189 1 1 27.4064 12.2021 11
190 2 1 27.4064 12.2021 11
191 1 1 27.4064 12.2021 11
192 2 1 27.4064 12.2021 11
193 2 1 27.4064 12.2021 11
194 1 1 27.4064 12.2021 11
195 1 1 27.4064 12.2021 11
196 1 1 27.4064 12.2021 11
197 2 1 27.4064 12.2021 11
198 1 1 27.4064 12.2021 11
199 2 1 27.4064 12.2021 11
200 2 1 27.4064 12.2021 11
201 1 1 27.4064 12.2021 11
202 2 1 27.4064 12.2021 11
203 2 1 27.4064 12.2021 11
204 2 1 27.4064 12.2021 11
205 2 1 27.4064 12.2021 11
206 2 1 27.4064 12.2021 11
207 2 1 27.4064 12.2021 11
208 2 1 27.4064 12.2021 11
209 2 1 27.4064 12.2021 11
210 2 1 27.4064 12.2021 11
211 2 1 36.5418 16.2695 12
212 2 1 36.5418 16.2695 12
213 2 1 36.5418 16.2695 12
214 2 1 36.5418 16.2695 12
215 1 1 36.5418 16.2695 12
216 2 1 36.5418 16.2695 12
217 1 1 36.5418 16.2695 12
218 2 1 36.5418 16.2695 12
219 2 1 36.5418 16.2695 12
220 2 1 36.5418 16.2695 12
221 2 1 36.5418 16.2695 12
222 1 1 36.5418 16.2695 12
223 2 1 36.5418 16.2695 12
224 2 1 36.5418 16.2695 12
225 1 1 36.5418 16.2695 12
226 2 1 36.5418 16.2695 12
227 2 1 36.5418 16.2695 12
228 2 1 36.5418 16.2695 12
229 2 1 36.5418 16.2695 12
230 2 1 36.5418 16.2695 12
231 2 1 36.5418 16.2695 12
232 2 1 36.5418 16.2695 12
233 2 1 36.5418 16.2695 12
234 2 1 36.5418 16.2695 12
235 2 1 36.5418 16.2695 12
236 2 1 36.5418 16.2695 12
237 2 1 36.5418 16.2695 12
238 2 1 36.5418 16.2695 12
239 1 1 36.5418 16.2695 12
240 2 1 36.5418 16.2695 12
241 4 1 8.0902 5.8779 13
242 4 1 8.0902 5.8779 13
243 2 1 8.0902 5.8779 13
244 2 1 8.0902 5.8779 13
245 2 1 8.0902 5.8779 13
246 4 1 8.0902 5.8779 13
247 4 1 8.0902 5.8779 13
248 4 1 8.0902 5.8779 13
249 4 1 8.0902 5.8779 13
250 4 1 8.0902 5.8779 13
251 4 1 16.1803 11.7557 14
252 2 1 16.1803 11.7557 14
253 4 1 16.1803 11.7557 14
254 4 1 16.1803 11.7557 14
255 4 1 16.1803 11.7557 14
256 4 1 16.1803 11.7557 14
257 2 1 16.1803 11.7557 14
258 4 1 16.1803 11.7557 14
259 4 1 16.1803 11.7557 14
260 4 1 16.1803 11.7557 14
261 4 1 24.2705 17.6336 15
262 4 1 24.2705 17.6336 15
263 4 1 24.2705 17.6336 15
264 2 1 24.2705 17.6336 15
265 4 1 24.2705 17.6336 15
266 4 1 24.2705 17.6336 15
267 4 1 24.2705 17.6336 15
268 4 1 24.2705 17.6336 15
269 4 1 24.2705 17.6336 15
270 4 1 24.2705 17.6336 15
271 4 1 32.3607 23.5114 16
272 4 1 32.3607 23.5114 16
273 2 1 32.3607 23.5114 16
274 2 1 32.3607 23.5114 16
275 4 1 32.3607 23.5114 16
276 4 1 32.3607 23.5114 16
277 2 1 32.3607 23.5114 16
278 2 1 32.3607 23.5114 16
279 4 1 32.3607 23.5114 16
280 4 1 32.3607 23.5114 16
281 1 1 6.6913 7.4314 17
282 4 1 6.6913 7.4314 17
283 4 1 6.6913 7.4314 17
284 4 1 6.6913 7.4314 17
285 1 1 6.6913 7.4314 17
286 4 1 6.6913 7.4314 17
287 4 1 6.6913 7.4314 17
288 4 1 6.6913 7.4314 17
289 4 1 6.6913 7.4314 17
290 1 1 6.6913 7.4314 17
291 4 1 6.6913 7.4314 17
292 4 1 6.6913 7.4314 17
293 4 1 6.6913 7.4314 17
294 4 1 6.6913 7.4314 17
295 4 1 6.6913 7.4314 17
296 4 1 6.6913 7.4314 17
297 4 1 6.6913 7.4314 17
298 1 1 6.6913 7.4314 17
299 4 1 6.6913 7.4314 17
300 4 1 6.6913 7.4314 17
301 4 1 13.3826 14.8629 18
302 1 1 13.3826 14.8629 18
303 4 1 13.3826 14.8629 18
304 4 1 13.3826 14.8629 18
305 4 1 13.3826 14.8629 18
306 4 1 13.3826 14.8629 18
307 4 1 13.3826 14.8629 18
308 4 1 13.3826 14.8629 18
309 4 1 13.3826 14.8629 18
310 4 1 13.3826 14.8629 18
311 4 1 13.3826 14.8629 18
312 1 1 13.3826 14.8629 18
313 4 1 13.3826 14.8629 18
314 4 1 13.3826 14.8629 18
315 1 1 13.3826 14.8629 18
316 4 1 13.3826 14.8629 18
317 4 1 13.3826 14.8629 18
318 4 1 13.3826 14.8629 18
319 1 1 13.3826 14.8629 18
320 4 1 13.3826 14.8629 18
321 4 1 20.0739 22.2943 19
322 4 1 20.0739 22.2943 19
323 4 1 20.0739 22.2943 19
324 4 1 20.0739 22.2943 19
325 1 1 20.0739 22.2943 19
326 4 1 20.0739 22.2943 19
327 4 1 20.0739 22.2943 19
328 4 1 20.0739 22.2943 19
329 4 1 20.0739 22.2943 19
330 1 1 20.0739 22.2943 19
331 1 1 20.0739 22.2943 19
332 4 1 20.0739 22.2943 19
333 4 1 20.0739 22.2943 19
334 4 1 20.0739 22.2943 19
335 1 1 20.0739 22.2943 19
336 1 1 20.0739 22.2943 19
337 1 1 20.0739 22.2943 19
338 4 1 20.0739 22.2943 19
339 4 1 20.0739 22.2943 19
340 4 1 20.0739 22.2943 19
341 4 1 26.7652 29.7258 20
342 1 1 26.7652 29.7258 20
343 1 1 26.7652 29.7258 20
344 4 1 26.7652 29.7258 20
345 4 1 26.7652 29.7258 20
346 4 1 26.7652 29.7258 20
347 4 1 26.7652 29.7258 20
348 4 1 26.7652 29.7258 20
349 1 1 26.7652 29.7258 20
350 4 1 26.7652 29.7258 20
351 1 1 26.7652 29.7258 20
352 4 1 26.7652 29.7258 20
353 4 1 26.7652 29.7258 20
354 4 1 26.7652 29.7258 20
355 4 1 26.7652 29.7258 20
356 4 1 26.7652 29.7258 20
357 4 1 26.7652 29.7258 20
358 4 1 26.7652 29.7258 20
359 4 1 26.7652 29.7258 20
360 1 1 26.7652 29.7258 20
361 2 1 5.0 8.6603 21
362 2 1 5.0 8.6603 21
363 1 1 5.0 8.6603 21
364 2 1 5.0 8.6603 21
365 2 1 5.0 8.6603 21
366 2 1 5.0 8.6603 21
367 2 1 5.0 8.6603 21
368 2 1 5.0 8.6603 21
369 1 1 5.0 8.6603 21
370 2 1 5.0 8.6603 21
371 1 1 5.0 8.6603 21
372 2 1 5.0 8.6603 21
373 1 1 5.0 8.6603 21
374 2 1 5.0 8.6603 21
375 1 1 5.0 8.6603 21
376 2 1 5.0 8.6603 21
377 2 1 5.0 8.6603 21
378 2 1 5.0 8.6603 21
379 2 1 5.0 8.6603 21
380 1 1 5.0 8.6603 21
381 2 1 5.0 8.6603 21
382 2 1 5.0 8.6603 21
383 2 1 5.0 8.6603 21
384 2 1 5.0 8.6603 21
385 2 1 5.0 8.6603 21
386 2 1 5.0 8.6603 21
387 2 1 5.0 8.6603 21
388 2 1 5.0 8.6603 21
389 2 1 5.0 8.6603 21
390 2 1 5.0 8.6603 21
391 1 1 10.0 17.3205 22
392 2 1 10.0 17.3205 22
393 1 1 10.0 17.3205 22
394 2 1 10.0 17.3205 22
395 1 1 10.0 17.3205 22
396 2 1 10.0 17.3205 22
397 2 1 10.0 17.3205 22
398 2 1 10.0 17.3205 22
399 2 1 10.0 17.3205 22
400 2 1 10.0 17.3205 22
401 2 1 10.0 17.3205 22
402 1 1 10.0 17.3205 22
403 2 1 10.0 17.3205 22
404 1 1 10.0 17.3205 22
405 2 1 10.0 17.3205 22
406 2 1 10.0 17.3205 22
407 2 1 10.0 17.3205 22
408 2 1 10.0 17.3205 22
409 2 1 10.0 17.3205 22
410 1 1 10.0 17.3205 22
411 2 1 10.0 17.3205 22
412 2 1 10.0 17.3205 22
413 2 1 10.0 17.3205 22
414 2 1 10.0 17.3205 22
415 2 1 10.0 17.3205 22
416 2 1 10.0 17.3205 22
417 2 1 10.0 17.3205 22
418 2 1 10.0 17.3205 22
419 2 1 10.0 17.3205 22
420 2 1 10.0 17.3205 22
421 2 1 15.0 25.9808 23
422 1 1 15.0 25.9808 23
423 1 1 15.0 25.9808 23
424 2 1 15.0 25.9808 23
425 2 1 15.0 25.9808 23
426 2 1 15.0 25.9808 23
427 2 1 15.0 25.9808 23
428 2 1 15.0 25.9808 23
429 2 1 15.0 25.9808 23
430 2 1 15.0 25.9808 23
431 2 1 15.0 25.9808 23
432 2 1 15.0 25.9808 23
433 2 1 15.0 25.9808 23
434 2 1 15.0 25.9808 23
435 1 1 15.0 25.9808 23
436 2 1 15.0 25.9808 23
437 2 1 15.0 25.9808 23
438 2 1 15.0 25.9808 23
439 2 1 15.0 25.9808 23
440 2 1 15.0 25.9808 23
441 2 1 15.0 25.9808 23
442 1 1 15.0 25.9808 23
443 2 1 15.0 25.9808 23
444 2 1 15.0 25.9808 23
445 1 1 15.0 25.9808 23
446 1 1 15.0 25.9808 23
447 1 1 15.0 25.9808 23
448 2 1 15.0 25.9808 23
449 2 1 15.0 25.9808 23
450 2 1 15.0 25.9808 23
451 2 1 20.0 34.641 24
452 2 1 20.0 34.641 24
453 1 1 20.0 34.641 24
454 2 1 20.0 34.641 24
455 2 1 20.0 34.641 24
456 1 1 20.0 34.641 24
457 2 1 20.0 34.641 24
458 2 1 20.0 34.641 24
459 2 1 20.0 34.641 24
460 2 1 20.0 34.641 24
461 2 1 20.0 34.641 24
462 1 1 20.0 34.641 24
463 2 1 20.0 34.641 24
464 2 1 20.0 34.641 24
465 1 1 20.0 34.641 24
466 2 1 20.0 34.641 24
467 2 1 20.0 34.641 24
468 2 1 20.0 34.641 24
469 1 1 20.0 34.641 24
470 2 1 20.0 34.641 24
471 2 1 20.0 34.641 24
472 2 1 20.0 34.641 24
473 2 1 20.0 34.641 24
474 2 1 20.0 34.641 24
475 2 1 20.0 34.641 24
476 2 1 20.0 34.641 24
477 2 1 20.0 34.641 24
478 2 1 20.0 34.641 24
479 2 1 20.0 34.641 24
480 2 1 20.0 34.641 24
481 4 1 3.0902 9.5106 25
482 4 1 3.0902 9.5106 25
483 4 1 3.0902 9.5106 25
484 4 1 3.0902 9.5106 25
485 4 1 3.0902 9.5106 25
486 4 1 3.0902 9.5106 25
487 4 1 3.0902 9.5106 25
488 4 1 3.0902 9.5106 25
489 4 1 3.0902 9.5106 25
490 4 1 3.0902 9.5106 25
491 4 1 6.1803 19.0211 26
492 4 1 6.1803 19.0211 26
493 4 1 6.1803 19.0211 26
494 2 1 6.1803 19.0211 26
495 4 1 6.1803 19.0211 26
496 4 1 6.1803 19.0211 26
497 2 1 6.1803 19.0211 26
498 4 1 6.1803 19.0211 26
499 4 1 6.1803 19.0211 26
500 4 1 6.1803 19.0211 26
501 4 1 9.2705 28.5317 27
502 4 1 9.2705 28.5317 27
503 4 1 9.2705 28.5317 27
504 4 1 9.2705 28.5317 27
505 4 1 9.2705 28.5317 27
506 4 1 9.2705 28.5317 27
507 4 1 9.2705 28.5317 27
508 4 1 9.2705 28.5317 27
509 4 1 9.2705 28.5317 27
510 4 1 9.2705 28.5317 27
511 4 1 12.3607 38.0423 28
512 4 1 12.3607 38.0423 28
513 4 1 12.3607 38.0423 28
514 4 1 12.3607 38.0423 28
515 4 1 12.3607 38.0423 28
516 2 1 12.3607 38.0423 28
517 4 1 12.3607 38.0423 28
518 4 1 12.3607 38.0423 28
519 4 1 12.3607 38.0423 28
520 2 1 12.3607 38.0423 28
521 4 1 1.0453 9.9452 29
522 4 1 1.0453 9.9452 29
523 4 1 1.0453 9.9452 29
524 4 1 1.0453 9.9452 29
525 4 1 1.0453 9.9452 29
526 4 1 1.0453 9.9452 29
527 4 1 1.0453 9.9452 29
528 4 1 1.0453 9.9452 29
529 4 1 1.0453 9.9452 29
530 4 1 1.0453 9.9452 29
531 4 1 1.0453 9.9452 29
532 4 1 1.0453 9.9452 29
533 4 1 1.0453 9.9452 29
534 4 1 1.0453 9.9452 29
535 4 1 1.0453 9.9452 29
536 4 1 1.0453 9.9452 29
537 4 1 1.0453 9.9452 29
538 4 1 1.0453 9.9452 29
539 4 1 1.0453 9.9452 29
540 4 1 1.0453 9.9452 29
541 4 1 2.0906 19.8904 30
542 4 1 2.0906 19.8904 30
543 4 1 2.0906 19.8904 30
544 4 1 2.0906 19.8904 30
545 4 1 2.0906 19.8904 30
546 4 1 2.0906 19.8904 30
547 4 1 2.0906 19.8904 30
548 4 1 2.0906 19.8904 30
549 4 1 2.0906 19.8904 30
550 1 1 2.0906 19.8904 30
551 4 1 2.0906 19.8904 30
552 1 1 2.0906 19.8904 30
553 4 1 2.0906 19.8904 30
554 1 1 2.0906 19.8904 30
555 4 1 2.0906 19.8904 30
556 1 1 2.0906 19.8904 30
557 4 1 2.0906 19.8904 30
558 4 1 2.0906 19.8904 30
559 4 1 2.0906 19.8904 30
560 4 1 2.0906 19.8904 30
561 1 1 3.1359 29.8357 31
562 1 1 3.1359 29.8357 31
563 4 1 3.1359 29.8357 31
564 4 1 3.1359 29.8357 31
565 4 1 3.1359 29.8357 31
566 4 1 3.1359 29.8357 31
567 4 1 3.1359 29.8357 31
568 4 1 3.1359 29.8357 31
569 4 1 3.1359 29.8357 31
570 4 1 3.1359 29.8357 31
571 4 1 3.1359 29.8357 31
572 1 1 3.1359 29.8357 31
573 1 1 3.1359 29.8357 31
574 4 1 3.1359 29.8357 31
575 4 1 3.1359 29.8357 31
576 4 1 3.1359 29.8357 31
577 4 1 3.1359 29.8357 31
578 4 1 3.1359 29.8357 31
579 4 1 3.1359 29.8357 31
580 4 1 3.1359 29.8357 31
581 4 1 4.1811 39.7809 32
582 4 1 4.1811 39.7809 32
583 4 1 4.1811 39.7809 32
584 1 1 4.1811 39.7809 32
585 4 1 4.1811 39.7809 32
586 4 1 4.1811 39.7809 32
587 1 1 4.1811 39.7809 32
588 1 1 4.1811 39.7809 32
589 4 1 4.1811 39.7809 32
590 1 1 4.1811 39.7809 32
591 4 1 4.1811 39.7809 32
592 4 1 4.1811 39.7809 32
593 4 1 4.1811 39.7809 32
594 4 1 4.1811 39.7809 32
595 4 1 4.1811 39.7809 32
596 1 1 4.1811 39.7809 32
597 4 1 4.1811 39.7809 32
598 1 1 4.1811 39.7809 32
599 1 1 4.1811 39.7809 32
600 4 1 4.1811 39.7809 32
601 2 1 -1.0453 9.9452 33
602 1 1 -1.0453 9.9452 33
603 1 1 -1.0453 9.9452 33
604 2 1 -1.0453 9.9452 33
605 2 1 -1.0453 9.9452 33
606 2 1 -1.0453 9.9452 33
607 2 1 -1.0453 9.9452 33
608 1 1 -1.0453 9.9452 33
609 2 1 -1.0453 9.9452 33
610 2 1 -1.0453 9.9452 33
611 2 1 -1.0453 9.9452 33
612 1 1 -1.0453 9.9452 33
613 2 1 -1.0453 9.9452 33
614 2 1 -1.0453 9.9452 33
615 2 1 -1.0453 9.9452 33
616 2 1 -1.0453 9.9452 33
617 2 1 -1.0453 9.9452 33
618 1 1 -1.0453 9.9452 33
619 2 1 -1.0453 9.9452 33
620 2 1 -1.0453 9.9452 33
621 2 1 -1.0453 9.9452 33
622 2 1 -1.0453 9.9452 33
623 2 1 -1.0453 9.9452 33
624 2 1 -1.0453 9.9452 33
625 2 1 -1.0453 9.9452 33
626 1 1 -1.0453 9.9452 33
627 2 1 -1.0453 9.9452 33
628 2 1 -1.0453 9.9452 33
629 2 1 -1.0453 9.9452 33
630 2 1 -1.0453 9.9452 33
631 2 1 -2.0906 19.8904 34
632 1 1 -2.0906 19.8904 34
633 2 1 -2.0906 19.8904 34
634 1 1 -2.0906 19.8904 34
635 2 1 -2.0906 19.8904 34
636 1 1 -2.0906 19.8904 34
637 2 1 -2.0906 19.8904 34
638 2 1 -2.0906 19.8904 34
639 2 1 -2.0906 19.8904 34
640 2 1 -2.0906 19.8904 34
641 2 1 -2.0906 19.8904 34
642 1 1 -2.0906 19.8904 34
643 2 1 -2.0906 19.8904 34
644 2 1 -2.0906 19.8904 34
645 2 1 -2.0906 19.8904 34
646 2 1 -2.0906 19.8904 34
647 2 1 -2.0906 19.8904 34
648 2 1 -2.0906 19.8904 34
649 2 1 -2.0906 19.8904 34
650 2 1 -2.0906 19.8904 34
651 2 1 -2.0906 19.8904 34
652 2 1 -2.0906 19.8904 34
653 2 1 -2.0906 19.8904 34
654 2 1 -2.0906 19.8904 34
655 2 1 -2.0906 19.8904 34
656 2 1 -2.0906 19.8904 34
657 2 1 -2.0906 19.8904 34
658 2 1 -2.0906 19.8904 34
659 2 1 -2.0906 19.8904 34
660 2 1 -2.0906 19.8904 34
661 2 1 -3.1359 29.8357 35
662 2 1 -3.1359 29.8357 35
663 1 1 -3.1359 29.8357 35
664 2 1 -3.1359 29.8357 35
665 1 1 -3.1359 29.8357 35
666 2 1 -3.1359 29.8357 35
667 2 1 -3.1359 29.8357 35
668 2 1 -3.1359 29.8357 35
669 2 1 -3.1359 29.8357 35
670 2 1 -3.1359 29.8357 35
671 2 1 -3.1359 29.8357 35
672 2 1 -3.1359 29.8357 35
673 2 1 -3.1359 29.8357 35
674 2 1 -3.1359 29.8357 35
675 2 1 -3.1359 29.8357 35
676 2 1 -3.1359 29.8357 35
677 1 1 -3.1359 29.8357 35
678 1 1 -3.1359 29.8357 35
679 2 1 -3.1359 29.8357 35
680 2 1 -3.1359 29.8357 35
681 2 1 -3.1359 29.8357 35
682 2 1 -3.1359 29.8357 35
683 2 1 -3.1359 29.8357 35
684 2 1 -3.1359 29.8357 35
685 2 1 -3.1359 29.8357 35
686 1 1 -3.1359 29.8357 35
687 2 1 -3.1359 29.8357 35
688 2 1 -3.1359 29.8357 35
689 2 1 -3.1359 29.8357 35
690 2 1 -3.1359 29.8357 35
691 2 1 -4.1811 39.7809 36
692 2 1 -4.1811 39.7809 36
693 2 1 -4.1811 39.7809 36
694 1 1 -4.1811 39.7809 36
695 2 1 -4.1811 39.7809 36
696 2 1 -4.1811 39.7809 36
697 1 1 -4.1811 39.7809 36
698 2 1 -4.1811 39.7809 36
699 2 1 -4.1811 39.7809 36
700 2 1 -4.1811 39.7809 36
701 2 1 -4.1811 39.7809 36
702 2 1 -4.1811 39.7809 36
703 2 1 -4.1811 39.7809 36
704 1 1 -4.1811 39.7809 36
705 2 1 -4.1811 39.7809 36
706 2 1 -4.1811 39.7809 36
707 2 1 -4.1811 39.7809 36
708 1 1 -4.1811 39.7809 36
709 2 1 -4.1811 39.7809 36
710 2 1 -4.1811 39.7809 36
711 1 1 -4.1811 39.7809 36
712 2 1 -4.1811 39.7809 36
713 2 1 -4.1811 39.7809 36
714 2 1 -4.1811 39.7809 36
715 2 1 -4.1811 39.7809 36
716 2 1 -4.1811 39.7809 36
717 2 1 -4.1811 39.7809 36
718 2 1 -4.1811 39.7809 36
719 2 1 -4.1811 39.7809 36
720 2 1 -4.1811 39.7809 36
721 4 1 -3.0902 9.5106 37
722 4 1 -3.0902 9.5106 37
723 4 1 -3.0902 9.5106 37
724 4 1 -3.0902 9.5106 37
725 4 1 -3.0902 9.5106 37
726 4 1 -3.0902 9.5106 37
727 4 1 -3.0902 9.5106 37
728 4 1 -3.0902 9.5106 37
729 4 1 -3.0902 9.5106 37
730 4 1 -3.0902 9.5106 37
731 4 1 -6.1803 19.0211 38
732 4 1 -6.1803 19.0211 38
733 4 1 -6.1803 19.0211 38
734 4 1 -6.1803 19.0211 38
735 4 1 -6.1803 19.0211 38
736 4 1 -6.1803 19.0211 38
737 2 1 -6.1803 19.0211 38
738 4 1 -6.1803 19.0211 38
739 2 1 -6.1803 19.0211 38
740 4 1 -6.1803 19.0211 38
741 2 1 -9.2705 28.5317 39
742 4 1 -9.2705 28.5317 39
743 4 1 -9.2705 28.5317 39
744 4 1 -9.2705 28.5317 39
745 4 1 -9.2705 28.5317 39
746 2 1 -9.2705 28.5317 39
747 2 1 -9.2705 28.5317 39
748 4 1 -9.2705 28.5317 39
749 4 1 -9.2705 28.5317 39
750 4 1 -9.2705 28.5317 39
751 4 1 -12.3607 38.0423 40
752 2 1 -12.3607 38.0423 40
753 4 1 -12.3607 38.0423 40
754 4 1 -12.3607 38.0423 40
755 4 1 -12.3607 38.0423 40
756 4 1 -12.3607 38.0423 40
757 2 1 -12.3607 38.0423 40
758 4 1 -12.3607 38.0423 40
759 2 1 -12.3607 38.0423 40
760 4 1 -12.3607 38.0423 40
761 4 1 -5.0 8.6603 41
762 4 1 -5.0 8.6603 41
763 4 1 -5.0 8.6603 41
764 4 1 -5.0 8.6603 41
765 4 1 -5.0 8.6603 41
766 4 1 -5.0 8.6603 41
767 1 1 -5.0 8.6603 41
768 4 1 -5.0 8.6603 41
769 1 1 -5.0 8.6603 41
770 4 1 -5.0 8.6603 41
771 4 1 -5.0 8.6603 41
772 4 1 -5.0 8.6603 41
773 4 1 -5.0 8.6603 41
774 1 1 -5.0 8.6603 41
775 1 1 -5.0 8.6603 41
776 4 1 -5.0 8.6603 41
777 1 1 -5.0 8.6603 41
778 4 1 -5.0 8.6603 41
779 4 1 -5.0 8.6603 41
780 4 1 -5.0 8.6603 41
781 4 1 -10.0 17.3205 42
782 1 1 -10.0 17.3205 42
783 4 1 -10.0 17.3205 42
784 1 1 -10.0 17.3205 42
785 1 1 -10.0 17.3205 42
786 1 1 -10.0 17.3205 42
787 4 1 -10.0 17.3205 42
788 4 1 -10.0 17.3205 42
789 4 1 -10.0 17.3205 42
790 4 1 -10.0 17.3205 42
791 4 1 -10.0 17.3205 42
792 4 1 -10.0 17.3205 42
793 4 1 -10.0 17.3205 42
794 4 1 -10.0 17.3205 42
795 1 1 -10.0 17.3205 42
796 4 1 -10.0 17.3205 42
797 1 1 -10.0 17.3205 42
798 4 1 -10.0 17.3205 42
799 4 1 -10.0 17.3205 42
800 1 1 -10.0 17.3205 42
801 4 1 -15.0 25.9808 43
802 4 1 -15.0 25.9808 43
803 4 1 -15.0 25.9808 43
804 4 1 -15.0 25.9808 43
805 4 1 -15.0 25.9808 43
806 4 1 -15.0 25.9808 43
807 4 1 -15.0 25.9808 43
808 4 1 -15.0 25.9808 43
809 4 1 -15.0 25.9808 43
810 4 1 -15.0 25.9808 43
811 4 1 -15.0 25.9808 43
812 1 1 -15.0 25.9808 43
813 1 1 -15.0 25.9808 43
814 4 1 -15.0 25.9808 43
815 4 1 -15.0 25.9808 43
816 4 1 -15.0 25.9808 43
817 4 1 -15.0 25.9808 43
818 4 1 -15.0 25.9808 43
819 4 1 -15.0 25.9808 43
820 4 1 -15.0 25.9808 43
821 4 1 -20.0 34.641 44
822 4 1 -20.0 34.641 44
823 4 1 -20.0 34.641 44
824 4 1 -20.0 34.641 44
825 4 1 -20.0 34.641 44
826 1 1 -20.0 34.641 44
827 4 1 -20.0 34.641 44
828 4 1 -20.0 34.641 44
829 4 1 -20.0 34.641 44
830 4 1 -20.0 34.641 44
831 1 1 -20.0 34.641 44
832 4 1 -20.0 34.641 44
833 4 1 -20.0 34.641 44
834 4 1 -20.0 34.641 44
835 4 1 -20.0 34.641 44
836 4 1 -20.0 34.641 44
837 4 1 -20.0 34.641 44
838 4 1 -20.0 34.641 44
839 4 1 -20.0 34.641 44
840 4 1 -20.0 34.641 44
841 1 1 -6.6913 7.4314 45
842 2 1 -6.6913 7.4314 45
843 1 1 -6.6913 7.4314 45
844 2 1 -6.6913 7.4314 45
845 1 1 -6.6913 7.4314 45
846 1 1 -6.6913 7.4314 45
847 2 1 -6.6913 7.4314 45
848 2 1 -6.6913 7.4314 45
849 2 1 -6.6913 7.4314 45
850 2 1 -6.6913 7.4314 45
851 2 1 -6.6913 7.4314 45
852 2 1 -6.6913 7.4314 45
853 1 1 -6.6913 7.4314 45
854 2 1 -6.6913 7.4314 45
855 1 1 -6.6913 7.4314 45
856 2 1 -6.6913 7.4314 45
857 2 1 -6.6913 7.4314 45
858 2 1 -6.6913 7.4314 45
859 2 1 -6.6913 7.4314 45
860 2 1 -6.6913 7.4314 45
861 2 1 -6.6913 7.4314 45
862 2 1 -6.6913 7.4314 45
863 2 1 -6.6913 7.4314 45
864 2 1 -6.6913 7.4314 45
865 2 1 -6.6913 7.4314 45
866 1 1 -6.6913 7.4314 45
867 1 1 -6.6913 7.4314 45
868 2 1 -6.6913 7.4314 45
869 2 1 -6.6913 7.4314 45
870 1 1 -6.6913 7.4314 45
871 2 1 -13.3826 14.8629 46
872 1 1 -13.3826 14.8629 46
873 2 1 -13.3826 14.8629 46
874 2 1 -13.3826 14.8629 46
875 2 1 -13.3826 14.8629 46
876 2 1 -13.3826 14.8629 46
877 2 1 -13.3826 14.8629 46
878 2 1 -13.3826 14.8629 46
879 2 1 -13.3826 14.8629 46
880 2 1 -13.3826 14.8629 46
881 1 1 -13.3826 14.8629 46
882 2 1 -13.3826 14.8629 46
883 2 1 -13.3826 14.8629 46
884 1 1 -13.3826 14.8629 46
885 2 1 -13.3826 14.8629 46
886 2 1 -13.3826 14.8629 46
887 2 1 -13.3826 14.8629 46
888 2 1 -13.3826 14.8629 46
889 2 1 -13.3826 14.8629 46
890 2 1 -13.3826 14.8629 46
891 1 1 -13.3826 14.8629 46
892 2 1 -13.3826 14.8629 46
893 1 1 -13.3826 14.8629 46
894 2 1 -13.3826 14.8629 46
895 2 1 -13.3826 14.8629 46
896 2 1 -13.3826 14.8629 46
897 2 1 -13.3826 14.8629 46
898 2 1 -13.3826 14.8629 46
899 2 1 -13.3826 14.8629 46
900 2 1 -13.3826 14.8629 46
901 1 1 -20.0739 22.2943 47
902 2 1 -20.0739 22.2943 47
903 2 1 -20.0739 22.2943 47
904 2 1 -20.0739 22.2943 47
905 2 1 -20.0739 22.2943 47
906 2 1 -20.0739 22.2943 47
907 2 1 -20.0739 22.2943 47
908 2 1 -20.0739 22.2943 47
909 1 1 -20.0739 22.2943 47
910 2 1 -20.0739 22.2943 47
911 1 1 -20.0739 22.2943 47
912 1 1 -20.0739 22.2943 47
913 2 1 -20.0739 22.2943 47
914 2 1 -20.0739 22.2943 47
915 2 1 -20.0739 22.2943 47
916 2 1 -20.0739 22.2943 47
917 2 1 -20.0739 22.2943 47
918 2 1 -20.0739 22.2943 47
919 2 1 -20.0739 22.2943 47
920 1 1 -20.0739 22.2943 47
921 2 1 -20.0739 22.2943 47
922 1 1 -20.0739 22.2943 47
923 1 1 -20.0739 22.2943 47
924 2 1 -20.0739 22.2943 47
925 2 1 -20.0739 22.2943 47
926 2 1 -20.0739 22.2943 47
927 1 1 -20.0739 22.2943 47
928 2 1 -20.0739 22.2943 47
929 1 1 -20.0739 22.2943 47
930 2 1 -20.0739 22.2943 47
931 2 1 -26.7652 29.7258 48
932 2 1 -26.7652 29.7258 48
933 2 1 -26.7652 29.7258 48
934 2 1 -26.7652 29.7258 48
935 2 1 -26.7652 29.7258 48
936 2 1 -26.7652 29.7258 48
937 1 1 -26.7652 29.7258 48
938 2 1 -26.7652 29.7258 48
939 2 1 -26.7652 29.7258 48
940 2 1 -26.7652 29.7258 48
941 1 1 -26.7652 29.7258 48
942 2 1 -26.7652 29.7258 48
943 2 1 -26.7652 29.7258 48
944 2 1 -26.7652 29.7258 48
945 2 1 -26.7652 29.7258 48
946 2 1 -26.7652 29.7258 48
947 2 1 -26.7652 29.7258 48
948 2 1 -26.7652 29.7258 48
949 2 1 -26.7652 29.7258 48
950 1 1 -26.7652 29.7258 48
951 2 1 -26.7652 29.7258 48
952 2 1 -26.7652 29.7258 48
953 2 1 -26.7652 29.7258 48
954 2 1 -26.7652 29.7258 48
955 1 1 -26.7652 29.7258 48
956 2 1 -26.7652 29.7258 48
957 2 1 -26.7652 29.7258 48
958 2 1 -26.7652 29.7258 48
959 2 1 -26.7652 29.7258 48
960 2 1 -26.7652 29.7258 48
961 4 1 -8.0902 5.8779 49
962 4 1 -8.0902 5.8779 49
963 4 1 -8.0902 5.8779 49
964 2 1 -8.0902 5.8779 49
965 4 1 -8.0902 5.8779 49
966 4 1 -8.0902 5.8779 49
967 2 1 -8.0902 5.8779 49
968 4 1 -8.0902 5.8779 49
969 4 1 -8.0902 5.8779 49
970 4 1 -8.0902 5.8779 49
971 4 1 -16.1803 11.7557 50
972 4 1 -16.1803 11.7557 50
973 4 1 -16.1803 11.7557 50
974 4 1 -16.1803 11.7557 50
975 2 1 -16.1803 11.7557 50
976 4 1 -16.1803 11.7557 50
977 4 1 -16.1803 11.7557 50
978 2 1 -16.1803 11.7557 50
979 4 1 -16.1803 11.7557 50
980 2 1 -16.1803 11.7557 50
981 4 1 -24.2705 17.6336 51
982 4 1 -24.2705 17.6336 51
983 4 1 -24.2705 17.6336 51
984 4 1 -24.2705 17.6336 51
985 4 1 -24.2705 17.6336 51
986 4 1 -24.2705 17.6336 51
987 2 1 -24.2705 17.6336 51
988 4 1 -24.2705 17.6336 51
989 4 1 -24.2705 17.6336 51
990 4 1 -24.2705 17.6336 51
991 4 1 -32.3607 23.5114 52
992 4 1 -32.3607 23.5114 52
993 4 1 -32.3607 23.5114 52
994 4 1 -32.3607 23.5114 52
995 4 1 -32.3607 23.5114 52
996 2 1 -32.3607 23.5114 52
997 4 1 -32.3607 23.5114 52
998 4 1 -32.3607 23.5114 52
999 4 1 -32.3607 23.5114 52
1000 4 1 -32.3607 23.5114 52
1001 4 1 -9.1355 4.0674 53
1002 4 1 -9.1355 4.0674 53
1003 4 1 -9.1355 4.0674 53
1004 4 1 -9.1355 4.0674 53
1005 1 1 -9.1355 4.0674 53
1006 1 1 -9.1355 4.0674 53
1007 1 1 -9.1355 4.0674 53
1008 4 1 -9.1355 4.0674 53
1009 4 1 -9.1355 4.0674 53
1010 1 1 -9.1355 4.0674 53
1011 4 1 -9.1355 4.0674 53
1012 4 1 -9.1355 4.0674 53
1013 1 1 -9.1355 4.0674 53
1014 4 1 -9.1355 4.0674 53
1015 4 1 -9.1355 4.0674 53
1016 4 1 -9.1355 4.0674 53
1017 4 1 -9.1355 4.0674 53
1018 1 1 -9.1355 4.0674 53
1019 4 1 -9.1355 4.0674 53
1020 4 1 -9.1355 4.0674 53
1021 4 1 -18.2709 8.1347 54
1022 1 1 -18.2709 8.1347 54
1023 4 1 -18.2709 8.1347 54
1024 4 1 -18.2709 8.1347 54
1025 4 1 -18.2709 8.1347 54
1026 4 1 -18.2709 8.1347 54
1027 1 1 -18.2709 8.1347 54
1028 1 1 -18.2709 8.1347 54
1029 4 1 -18.2709 8.1347 54
1030 4 1 -18.2709 8.1347 54
1031 4 1 -18.2709 8.1347 54
1032 4 1 -18.2709 8.1347 54
1033 4 1 -18.2709 8.1347 54
1034 1 1 -18.2709 8.1347 54
1035 4 1 -18.2709 8.1347 54
1036 1 1 -18.2709 8.1347 54
1037 1 1 -18.2709 8.1347 54
1038 4 1 -18.2709 8.1347 54
1039 4 1 -18.2709 8.1347 54
1040 1 1 -18.2709 8.1347 54
1041 1 1 -27.4064 12.2021 55
1042 4 1 -27.4064 12.2021 55
1043 4 1 -27.4064 12.2021 55
1044 4 1 -27.4064 12.2021 55
1045 4 1 -27.4064 12.2021 55
1046 4 1 -27.4064 12.2021 55
1047 4 1 -27.4064 12.2021 55
1048 4 1 -27.4064 12.2021 55
1049 4 1 -27.4064 12.2021 55
1050 4 1 -27.4064 12.2021 55
1051 1 1 -27.4064 12.2021 55
1052 1 1 -27.4064 12.2021 55
1053 1 1 -27.4064 12.2021 55
1054 4 1 -27.4064 12.2021 55
1055 1 1 -27.4064 12.2021 55
1056 4 1 -27.4064 12.2021 55
1057 4 1 -27.4064 12.2021 55
1058 4 1 -27.4064 12.2021 55
1059 1 1 -27.4064 12.2021 55
1060 4 1 -27.4064 12.2021 55
1061 4 1 -36.5418 16.2695 56
1062 4 1 -36.5418 16.2695 56
1063 4 1 -36.5418 16.2695 56
1064 4 1 -36.5418 16.2695 56
1065 4 1 -36.5418 16.2695 56
1066 4 1 -36.5418 16.2695 56
1067 4 1 -36.5418 16.2695 56
1068 1 1 -36.5418 16.2695 56
1069 4 1 -36.5418 16.2695 56
1070 4 1 -36.5418 16.2695 56
1071 1 1 -36.5418 16.2695 56
1072 1 1 -36.5418 16.2695 56
1073 4 1 -36.5418 16.2695 56
1074 4 1 -36.5418 16.2695 56
1075 4 1 -36.5418 16.2695 56
1076 4 1 -36.5418 16.2695 56
1077 4 1 -36.5418 16.2695 56
1078 4 1 -36.5418 16.2695 56
1079 4 1 -36.5418 16.2695 56
1080 4 1 -36.5418 16.2695 56
1081 1 1 -9.7815 2.0791 57
1082 2 1 -9.7815 2.0791 57
1083 2 1 -9.7815 2.0791 57
1084 1 1 -9.7815 2.0791 57
1085 2 1 -9.7815 2.0791 57
1086 2 1 -9.7815 2.0791 57
1087 2 1 -9.7815 2.0791 57
1088 2 1 -9.7815 2.0791 57
1089 1 1 -9.7815 2.0791 57
1090 2 1 -9.7815 2.0791 57
1091 1 1 -9.7815 2.0791 57
1092 2 1 -9.7815 2.0791 57
1093 2 1 -9.7815 2.0791 57
1094 1 1 -9.7815 2.0791 57
1095 2 1 -9.7815 2.0791 57
1096 2 1 -9.7815 2.0791 57
1097 2 1 -9.7815 2.0791 57
1098 2 1 -9.7815 2.0791 57
1099 2 1 -9.7815 2.0791 57
1100 1 1 -9.7815 2.0791 57
1101 2 1 -9.7815 2.0791 57
1102 2 1 -9.7815 2.0791 57
1103 2 1 -9.7815 2.0791 57
1104 2 1 -9.7815 2.0791 57
1105 2 1 -9.7815 2.0791 57
1106 2 1 -9.7815 2.0791 57
1107 2 1 -9.7815 2.0791 57
1108 2 1 -9.7815 2.0791 57
1109 2 1 -9.7815 2.0791 57
1110 2 1 -9.7815 2.0791 57
1111 2 1 -19.563 4.1582 58
1112 2 1 -19.563 4.1582 58
1113 2 1 -19.563 4.1582 58
1114 2 1 -19.563 4.1582 58
1115 1 1 -19.563 4.1582 58
1116 1 1 -19.563 4.1582 58
1117 2 1 -19.563 4.1582 58
1118 2 1 -19.563 4.1582 58
1119 2 1 -19.563 4.1582 58
1120 2 1 -19.563 4.1582 58
1121 1 1 -19.563 4.1582 58
1122 2 1 -19.563 4.1582 58
1123 2 1 -19.563 4.1582 58
1124 2 1 -19.563 4.1582 58
1125 1 1 -19.563 4.1582 58
1126 2 1 -19.563 4.1582 58
1127 2 1 -19.563 4.1582 58
1128 2 1 -19.563 4.1582 58
1129 2 1 -19.563 4.1582 58
1130 2 1 -19.563 4.1582 58
1131 2 1 -19.563 4.1582 58
1132 2 1 -19.563 4.1582 58
1133 2 1 -19.563 4.1582 58
1134 2 1 -19.563 4.1582 58
1135 2 1 -19.563 4.1582 58
1136 1 1 -19.563 4.1582 58
1137 2 1 -19.563 4.1582 58
1138 2 1 -19.563 4.1582 58
1139 2 1 -19.563 4.1582 58
1140 2 1 -19.563 4.1582 58
1141 1 1 -29.3444 6.2373 59
1142 2 1 -29.3444 6.2373 59
1143 2 1 -29.3444 6.2373 59
1144 2 1 -29.3444 6.2373 59
1145 2 1 -29.3444 6.2373 59
1146 2 1 -29.3444 6.2373 59
1147 1 1 -29.3444 6.2373 59
1148 1 1 -29.3444 6.2373 59
1149 2 1 -29.3444 6.2373 59
1150 2 1 -29.3444 6.2373 59
1151 2 1 -29.3444 6.2373 59
1152 2 1 -29.3444 6.2373 59
1153 2 1 -29.3444 6.2373 59
1154 1 1 -29.3444 6.2373 59
1155 2 1 -29.3444 6.2373 59
1156 2 1 -29.3444 6.2373 59
1157 2 1 -29.3444 6.2373 59
1158 2 1 -29.3444 6.2373 59
1159 2 1 -29.3444 6.2373 59
1160 2 1 -29.3444 6.2373 59
1161 2 1 -29.3444 6.2373 59
1162 1 1 -29.3444 6.2373 59
1163 2 1 -29.3444 6.2373 59
1164 2 1 -29.3444 6.2373 59
1165 2 1 -29.3444 6.2373 59
1166 2 1 -29.3444 6.2373 59
1167 1 1 -29.3444 6.2373 59
1168 2 1 -29.3444 6.2373 59
1169 2 1 -29.3444 6.2373 59
1170 1 1 -29.3444 6.2373 59
1171 2 1 -39.1259 8.3165 60
1172 2 1 -39.1259 8.3165 60
1173 2 1 -39.1259 8.3165 60
1174 2 1 -39.1259 8.3165 60
1175 2 1 -39.1259 8.3165 60
1176 1 1 -39.1259 8.3165 60
1177 2 1 -39.1259 8.3165 60
1178 2 1 -39.1259 8.3165 60
1179 2 1 -39.1259 8.3165 60
1180 2 1 -39.1259 8.3165 60
1181 2 1 -39.1259 8.3165 60
1182 2 1 -39.1259 8.3165 60
1183 2 1 -39.1259 8.3165 60
1184 2 1 -39.1259 8.3165 60
1185 2 1 -39.1259 8.3165 60
1186 1 1 -39.1259 8.3165 60
1187 2 1 -39.1259 8.3165 60
1188 2 1 -39.1259 8.3165 60
1189 2 1 -39.1259 8.3165 60
1190 2 1 -39.1259 8.3165 60
1191 2 1 -39.1259 8.3165 60
1192 2 1 -39.1259 8.3165 60
1193 2 1 -39.1259 8.3165 60
1194 1 1 -39.1259 8.3165 60
1195 2 1 -39.1259 8.3165 60
1196 2 1 -39.1259 8.3165 60
1197 1 1 -39.1259 8.3165 60
1198 1 1 -39.1259 8.3165 60
1199 2 1 -39.1259 8.3165 60
1200 2 1 -39.1259 8.3165 60
1201 4 1 -10.0 0.0 61
1202 4 1 -10.0 0.0 61
1203 4 1 -10.0 0.0 61
1204 4 1 -10.0 0.0 61
1205 4 1 -10.0 0.0 61
1206 2 1 -10.0 0.0 61
1207 2 1 -10.0 0.0 61
1208 2 1 -10.0 0.0 61
1209 4 1 -10.0 0.0 61
1210 4 1 -10.0 0.0 61
1211 4 1 -20.0 0.0 62
1212 4 1 -20.0 0.0 62
1213 4 1 -20.0 0.0 62
1214 4 1 -20.0 0.0 62
1215 4 1 -20.0 0.0 62
1216 2 1 -20.0 0.0 62
1217 4 1 -20.0 0.0 62
1218 2 1 -20.0 0.0 62
1219 4 1 -20.0 0.0 62
1220 4 1 -20.0 0.0 62
1221 4 1 -30.0 0.0 63
1222 2 1 -30.0 0.0 63
1223 4 1 -30.0 0.0 63
1224 4 1 -30.0 0.0 63
1225 4 1 -30.0 0.0 63
1226 4 1 -30.0 0.0 63
1227 4 1 -30.0 0.0 63
1228 4 1 -30.0 0.0 63
1229 4 1 -30.0 0.0 63
1230 4 1 -30.0 0.0 63
1231 4 1 -40.0 0.0 64
1232 4 1 -40.0 0.0 64
1233 4 1 -40.0 0.0 64
1234 4 1 -40.0 0.0 64
1235 4 1 -40.0 0.0 64
1236 4 1 -40.0 0.0 64
1237 2 1 -40.0 0.0 64
1238 4 1 -40.0 0.0 64
1239 4 1 -40.0 0.0 64
1240 4 1 -40.0 0.0 64
1241 4 1 -9.7815 -2.0791 65
1242 4 1 -9.7815 -2.0791 65
1243 4 1 -9.7815 -2.0791 65
1244 4 1 -9.7815 -2.0791 65
1245 1 1 -9.7815 -2.0791 65
1246 1 1 -9.7815 -2.0791 65
1247 4 1 -9.7815 -2.0791 65
1248 4 1 -9.7815 -2.0791 65
1249 4 1 -9.7815 -2.0791 65
1250 4 1 -9.7815 -2.0791 65
1251 4 1 -9.7815 -2.0791 65
1252 4 1 -9.7815 -2.0791 65
1253 4 1 -9.7815 -2.0791 65
1254 4 1 -9.7815 -2.0791 65
1255 1 1 -9.7815 -2.0791 65
1256 4 1 -9.7815 -2.0791 65
1257 4 1 -9.7815 -2.0791 65
1258 4 1 -9.7815 -2.0791 65
1259 4 1 -9.7815 -2.0791 65
1260 1 1 -9.7815 -2.0791 65
1261 4 1 -19.563 -4.1582 66
1262 4 1 -19.563 -4.1582 66
1263 1 1 -19.563 -4.1582 66
1264 4 1 -19.563 -4.1582 66
1265 4 1 -19.563 -4.1582 66
1266 4 1 -19.563 -4.1582 66
1267 4 1 -19.563 -4.1582 66
1268 4 1 -19.563 -4.1582 66
1269 4 1 -19.563 -4.1582 66
1270 4 1 -19.563 -4.1582 66
1271 4 1 -19.563 -4.1582 66
1272 4 1 -19.563 -4.1582 66
1273 4 1 -19.563 -4.1582 66
1274 4 1 -19.563 -4.1582 66
1275 4 1 -19.563 -4.1582 66
1276 4 1 -19.563 -4.1582 66
1277 4 1 -19.563 -4.1582 66
1278 4 1 -19.563 -4.1582 66
1279 1 1 -19.563 -4.1582 66
1280 4 1 -19.563 -4.1582 66
1281 4 1 -29.3444 -6.2374 67
1282 1 1 -29.3444 -6.2374 67
1283 4 1 -29.3444 -6.2374 67
1284 4 1 -29.3444 -6.2374 67
1285 4 1 -29.3444 -6.2374 67
1286 4 1 -29.3444 -6.2374 67
1287 4 1 -29.3444 -6.2374 67
1288 4 1 -29.3444 -6.2374 67
1289 4 1 -29.3444 -6.2374 67
1290 4 1 -29.3444 -6.2374 67
1291 1 1 -29.3444 -6.2374 67
1292 4 1 -29.3444 -6.2374 67
1293 1 1 -29.3444 -6.2374 67
1294 1 1 -29.3444 -6.2374 67
1295 4 1 -29.3444 -6.2374 67
1296 4 1 -29.3444 -6.2374 67
1297 4 1 -29.3444 -6.2374 67
1298 4 1 -29.3444 -6.2374 67
1299 4 1 -29.3444 -6.2374 67
1300 4 1 -29.3444 -6.2374 67
1301 4 1 -39.1259 -8.3165 68
1302 4 1 -39.1259 -8.3165 68
1303 4 1 -39.1259 -8.3165 68
1304 4 1 -39.1259 -8.3165 68
1305 4 1 -39.1259 -8.3165 68
1306 4 1 -39.1259 -8.3165 68
1307 4 1 -39.1259 -8.3165 68
1308 4 1 -39.1259 -8.3165 68
1309 4 1 -39.1259 -8.3165 68
1310 4 1 -39.1259 -8.3165 68
1311 4 1 -39.1259 -8.3165 68
1312 4 1 -39.1259 -8.3165 68
1313 4 1 -39.1259 -8.3165 68
1314 4 1 -39.1259 -8.3165 68
1315 4 1 -39.1259 -8.3165 68
1316 4 1 -39.1259 -8.3165 68
1317 4 1 -39.1259 -8.3165 68
1318 4 1 -39.1259 -8.3165 68
1319 1 1 -39.1259 -8.3165 68
1320 1 1 -39.1259 -8.3165 68
1321 2 1 -9.1355 -4.0674 69
1322 2 1 -9.1355 -4.0674 69
1323 2 1 -9.1355 -4.0674 69
1324 2 1 -9.1355 -4.0674 69
1325 2 1 -9.1355 -4.0674 69
1326 1 1 -9.1355 -4.0674 69
1327 2 1 -9.1355 -4.0674 69
1328 2 1 -9.1355 -4.0674 69
1329 2 1 -9.1355 -4.0674 69
1330 2 1 -9.1355 -4.0674 69
1331 2 1 -9.1355 -4.0674 69
1332 2 1 -9.1355 -4.0674 69
1333 2 1 -9.1355 -4.0674 69
1334 2 1 -9.1355 -4.0674 69
1335 2 1 -9.1355 -4.0674 69
1336 1 1 -9.1355 -4.0674 69
1337 1 1 -9.1355 -4.0674 69
1338 1 1 -9.1355 -4.0674 69
1339 2 1 -9.1355 -4.0674 69
1340 2 1 -9.1355 -4.0674 69
1341 2 1 -9.1355 -4.0674 69
1342 2 1 -9.1355 -4.0674 69
1343 1 1 -9.1355 -4.0674 69
1344 2 1 -9.1355 -4.0674 69
1345 2 1 -9.1355 -4.0674 69
1346 2 1 -9.1355 -4.0674 69
1347 2 1 -9.1355 -4.0674 69
1348 2 1 -9.1355 -4.0674 69
1349 2 1 -9.1355 -4.0674 69
1350 2 1 -9.1355 -4.0674 69
1351 2 1 -18.2709 -8.1347 70
1352 2 1 -18.2709 -8.1347 70
1353 2 1 -18.2709 -8.1347 70
1354 2 1 -18.2709 -8.1347 70
1355 2 1 -18.2709 -8.1347 70
1356 1 1 -18.2709 -8.1347 70
1357 1 1 -18.2709 -8.1347 70
1358 1 1 -18.2709 -8.1347 70
1359 1 1 -18.2709 -8.1347 70
1360 2 1 -18.2709 -8.1347 70
1361 2 1 -18.2709 -8.1347 70
1362 2 1 -18.2709 -8.1347 70
1363 1 1 -18.2709 -8.1347 70
1364 2 1 -18.2709 -8.1347 70
1365 2 1 -18.2709 -8.1347 70
1366 2 1 -18.2709 -8.1347 70
1367 2 1 -18.2709 -8.1347 70
1368 1 1 -18.2709 -8.1347 70
1369 2 1 -18.2709 -8.1347 70
1370 1 1 -18.2709 -8.1347 70
1371 2 1 -18.2709 -8.1347 70
1372 2 1 -18.2709 -8.1347 70
1373 2 1 -18.2709 -8.1347 70
1374 2 1 -18.2709 -8.1347 70
1375 2 1 -18.2709 -8.1347 70
1376 2 1 -18.2709 -8.1347 70
1377 2 1 -18.2709 -8.1347 70
1378 2 1 -18.2709 -8.1347 70
1379 2 1 -18.2709 -8.1347 70
1380 2 1 -18.2709 -8.1347 70
1381 2 1 -27.4064 -12.2021 71
1382 2 1 -27.4064 -12.2021 71
1383 2 1 -27.4064 -12.2021 71
1384 2 1 -27.4064 -12.2021 71
1385 2 1 -27.4064 -12.2021 71
1386 1 1 -27.4064 -12.2021 71
1387 1 1 -27.4064 -12.2021 71
1388 2 1 -27.4064 -12.2021 71
1389 2 1 -27.4064 -12.2021 71
1390 2 1 -27.4064 -12.2021 71
1391 2 1 -27.4064 -12.2021 71
1392 2 1 -27.4064 -12.2021 71
1393 2 1 -27.4064 -12.2021 71
1394 2 1 -27.4064 -12.2021 71
1395 2 1 -27.4064 -12.2021 71
1396 2 1 -27.4064 -12.2021 71
1397 2 1 -27.4064 -12.2021 71
1398 1 1 -27.4064 -12.2021 71
1399 2 1 -27.4064 -12.2021 71
1400 2 1 -27.4064 -12.2021 71
1401 2 1 -27.4064 -12.2021 71
1402 2 1 -27.4064 -12.2021 71
1403 2 1 -27.4064 -12.2021 71
1404 2 1 -27.4064 -12.2021 71
1405 2 1 -27.4064 -12.2021 71
1406 1 1 -27.4064 -12.2021 71
1407 2 1 -27.4064 -12.2021 71
1408 2 1 -27.4064 -12.2021 71
1409 2 1 -27.4064 -12.2021 71
1410 1 1 -27.4064 -12.2021 71
1411 2 1 -36.5418 -16.2695 72
1412 2 1 -36.5418 -16.2695 72
1413 2 1 -36.5418 -16.2695 72
1414 2 1 -36.5418 -16.2695 72
1415 2 1 -36.5418 -16.2695 72
1416 2 1 -36.5418 -16.2695 72
1417 2 1 -36.5418 -16.2695 72
1418 1 1 -36.5418 -16.2695 72
1419 2 1 -36.5418 -16.2695 72
1420 2 1 -36.5418 -16.2695 72
1421 2 1 -36.5418 -16.2695 72
1422 2 1 -36.5418 -16.2695 72
1423 2 1 -36.5418 -16.2695 72
1424 2 1 -36.5418 -16.2695 72
1425 1 1 -36.5418 -16.2695 72
1426 2 1 -36.5418 -16.2695 72
1427 2 1 -36.5418 -16.2695 72
1428 2 1 -36.5418 -16.2695 72
1429 2 1 -36.5418 -16.2695 72
1430 2 1 -36.5418 -16.2695 72
1431 2 1 -36.5418 -16.2695 72
1432 2 1 -36.5418 -16.2695 72
1433 2 1 -36.5418 -16.2695 72
1434 1 1 -36.5418 -16.2695 72
1435 2 1 -36.5418 -16.2695 72
1436 2 1 -36.5418 -16.2695 72
1437 2 1 -36.5418 -16.2695 72
1438 1 1 -36.5418 -16.2695 72
1439 2 1 -36.5418 -16.2695 72
1440 1 1 -36.5418 -16.2695 72
1441 4 1 -8.0902 -5.8779 73
1442 4 1 -8.0902 -5.8779 73
1443 4 1 -8.0902 -5.8779 73
1444 4 1 -8.0902 -5.8779 73
1445 4 1 -8.0902 -5.8779 73
1446 2 1 -8.0902 -5.8779 73
1447 2 1 -8.0902 -5.8779 73
1448 2 1 -8.0902 -5.8779 73
1449 4 1 -8.0902 -5.8779 73
1450 4 1 -8.0902 -5.8779 73
1451 4 1 -16.1803 -11.7557 74
1452 4 1 -16.1803 -11.7557 74
1453 4 1 -16.1803 -11.7557 74
1454 2 1 -16.1803 -11.7557 74
1455 4 1 -16.1803 -11.7557 74
1456 4 1 -16.1803 -11.7557 74
1457 4 1 -16.1803 -11.7557 74
1458 2 1 -16.1803 -11.7557 74
1459 2 1 -16.1803 -11.7557 74
1460 2 1 -16.1803 -11.7557 74
1461 4 1 -24.2705 -17.6336 75
1462 4 1 -24.2705 -17.6336 75
1463 4 1 -24.2705 -17.6336 75
1464 2 1 -24.2705 -17.6336 75
1465 4 1 -24.2705 -17.6336 75
1466 4 1 -24.2705 -17.6336 75
1467 4 1 -24.2705 -17.6336 75
1468 4 1 -24.2705 -17.6336 75
1469 4 1 -24.2705 -17.6336 75
1470 4 1 -24.2705 -17.6336 75
1471 4 1 -32.3607 -23.5114 76
1472 4 1 -32.3607 -23.5114 76
1473 2 1 -32.3607 -23.5114 76
1474 4 1 -32.3607 -23.5114 76
1475 4 1 -32.3607 -23.5114 76
1476 4 1 -32.3607 -23.5114 76
1477 4 1 -32.3607 -23.5114 76
1478 4 1 -32.3607 -23.5114 76
1479 2 1 -32.3607 -23.5114 76
1480 4 1 -32.3607 -23.5114 76
1481 4 1 -6.6913 -7.4314 77
1482 4 1 -6.6913 -7.4314 77
1483 4 1 -6.6913 -7.4314 77
1484 4 1 -6.6913 -7.4314 77
1485 4 1 -6.6913 -7.4314 77
1486 4 1 -6.6913 -7.4314 77
1487 4 1 -6.6913 -7.4314 77
1488 1 1 -6.6913 -7.4314 77
1489 4 1 -6.6913 -7.4314 77
1490 4 1 -6.6913 -7.4314 77
1491 4 1 -6.6913 -7.4314 77
1492 1 1 -6.6913 -7.4314 77
1493 4 1 -6.6913 -7.4314 77
1494 4 1 -6.6913 -7.4314 77
1495 4 1 -6.6913 -7.4314 77
1496 4 1 -6.6913 -7.4314 77
1497 4 1 -6.6913 -7.4314 77
1498 4 1 -6.6913 -7.4314 77
1499 4 1 -6.6913 -7.4314 77
1500 1 1 -6.6913 -7.4314 77
1501 4 1 -13.3826 -14.8629 78
1502 4 1 -13.3826 -14.8629 78
1503 4 1 -13.3826 -14.8629 78
1504 4 1 -13.3826 -14.8629 78
1505 4 1 -13.3826 -14.8629 78
1506 4 1 -13.3826 -14.8629 78
1507 4 1 -13.3826 -14.8629 78
1508 4 1 -13.3826 -14.8629 78
1509 4 1 -13.3826 -14.8629 78
1510 4 1 -13.3826 -14.8629 78
1511 4 1 -13.3826 -14.8629 78
1512 1 1 -13.3826 -14.8629 78
1513 4 1 -13.3826 -14.8629 78
1514 4 1 -13.3826 -14.8629 78
1515 1 1 -13.3826 -14.8629 78
1516 4 1 -13.3826 -14.8629 78
1517 4 1 -13.3826 -14.8629 78
1518 1 1 -13.3826 -14.8629 78
1519 4 1 -13.3826 -14.8629 78
1520 4 1 -13.3826 -14.8629 78
1521 4 1 -20.0739 -22.2943 79
1522 4 1 -20.0739 -22.2943 79
1523 4 1 -20.0739 -22.2943 79
1524 4 1 -20.0739 -22.2943 79
1525 4 1 -20.0739 -22.2943 79
1526 4 1 -20.0739 -22.2943 79
1527 4 1 -20.0739 -22.2943 79
1528 1 1 -20.0739 -22.2943 79
1529 4 1 -20.0739 -22.2943 79
1530 4 1 -20.0739 -22.2943 79
1531 4 1 -20.0739 -22.2943 79
1532 4 1 -20.0739 -22.2943 79
1533 4 1 -20.0739 -22.2943 79
1534 4 1 -20.0739 -22.2943 79
1535 4 1 -20.0739 -22.2943 79
1536 1 1 -20.0739 -22.2943 79
1537 4 1 -20.0739 -22.2943 79
1538 4 1 -20.0739 -22.2943 79
1539 4 1 -20.0739 -22.2943 79
1540 1 1 -20.0739 -22.2943 79
1541 4 1 -26.7652 -29.7258 80
1542 4 1 -26.7652 -29.7258 80
1543 4 1 -26.7652 -29.7258 80
1544 4 1 -26.7652 -29.7258 80
1545 4 1 -26.7652 -29.7258 80
1546 1 1 -26.7652 -29.7258 80
1547 4 1 -26.7652 -29.7258 80
1548 4 1 -26.7652 -29.7258 80
1549 4 1 -26.7652 -29.7258 80
1550 1 1 -26.7652 -29.7258 80
1551 4 1 -26.7652 -29.7258 80
1552 1 1 -26.7652 -29.7258 80
1553 1 1 -26.7652 -29.7258 80
1554 1 1 -26.7652 -29.7258 80
1555 1 1 -26.7652 -29.7258 80
1556 4 1 -26.7652 -29.7258 80
1557 4 1 -26.7652 -29.7258 80
1558 4 1 -26.7652 -29.7258 80
1559 1 1 -26.7652 -29.7258 80
1560 4 1 -26.7652 -29.7258 80
1561 1 1 -5.0 -8.6603 81
1562 1 1 -5.0 -8.6603 81
1563 1 1 -5.0 -8.6603 81
1564 2 1 -5.0 -8.6603 81
1565 2 1 -5.0 -8.6603 81
1566 2 1 -5.0 -8.6603 81
1567 1 1 -5.0 -8.6603 81
1568 2 1 -5.0 -8.6603 81
1569 2 1 -5.0 -8.6603 81
1570 1 1 -5.0 -8.6603 81
1571 2 1 -5.0 -8.6603 81
1572 2 1 -5.0 -8.6603 81
1573 2 1 -5.0 -8.6603 81
1574 2 1 -5.0 -8.6603 81
1575 1 1 -5.0 -8.6603 81
1576 2 1 -5.0 -8.6603 81
1577 2 1 -5.0 -8.6603 81
1578 2 1 -5.0 -8.6603 81
1579 2 1 -5.0 -8.6603 81
1580 2 1 -5.0 -8.6603 81
1581 2 1 -5.0 -8.6603 81
1582 2 1 -5.0 -8.6603 81
1583 2 1 -5.0 -8.6603 81
1584 2 1 -5.0 -8.6603 81
1585 1 1 -5.0 -8.6603 81
1586 1 1 -5.0 -8.6603 81
1587 2 1 -5.0 -8.6603 81
1588 1 1 -5.0 -8.6603 81
1589 2 1 -5.0 -8.6603 81
1590 2 1 -5.0 -8.6603 81
1591 2 1 -10.0 -17.3205 82
1592 1 1 -10.0 -17.3205 82
1593 2 1 -10.0 -17.3205 82
1594 2 1 -10.0 -17.3205 82
1595 1 1 -10.0 -17.3205 82
1596 2 1 -10.0 -17.3205 82
1597 1 1 -10.0 -17.3205 82
1598 2 1 -10.0 -17.3205 82
1599 2 1 -10.0 -17.3205 82
1600 2 1 -10.0 -17.3205 82
1601 2 1 -10.0 -17.3205 82
1602 2 1 -10.0 -17.3205 82
1603 2 1 -10.0 -17.3205 82
1604 2 1 -10.0 -17.3205 82
1605 1 1 -10.0 -17.3205 82
1606 2 1 -10.0 -17.3205 82
1607 2 1 -10.0 -17.3205 82
1608 2 1 -10.0 -17.3205 82
1609 2 1 -10.0 -17.3205 82
1610 2 1 -10.0 -17.3205 82
1611 2 1 -10.0 -17.3205 82
1612 2 1 -10.0 -17.3205 82
1613 2 1 -10.0 -17.3205 82
1614 2 1 -10.0 -17.3205 82
1615 2 1 -10.0 -17.3205 82
1616 2 1 -10.0 -17.3205 82
1617 2 1 -10.0 -17.3205 82
1618 2 1 -10.0 -17.3205 82
1619 2 1 -10.0 -17.3205 82
1620 2 1 -10.0 -17.3205 82
1621 1 1 -15.0 -25.9808 83
1622 2 1 -15.0 -25.9808 83
1623 2 1 -15.0 -25.9808 83
1624 2 1 -15.0 -25.9808 83
1625 2 1 -15.0 -25.9808 83
1626 1 1 -15.0 -25.9808 83
1627 2 1 -15.0 -25.9808 83
1628 2 1 -15.0 -25.9808 83
1629 2 1 -15.0 -25.9808 83
1630 1 1 -15.0 -25.9808 83
1631 1 1 -15.0 -25.9808 83
1632 1 1 -15.0 -25.9808 83
1633 2 1 -15.0 -25.9808 83
1634 2 1 -15.0 -25.9808 83
1635 1 1 -15.0 -25.9808 83
1636 1 1 -15.0 -25.9808 83
1637 2 1 -15.0 -25.9808 83
1638 2 1 -15.0 -25.9808 83
1639 2 1 -15.0 -25.9808 83
1640 2 1 -15.0 -25.9808 83
1641 2 1 -15.0 -25.9808 83
1642 2 1 -15.0 -25.9808 83
1643 2 1 -15.0 -25.9808 83
1644 2 1 -15.0 -25.9808 83
1645 2 1 -15.0 -25.9808 83
1646 2 1 -15.0 -25.9808 83
1647 2 1 -15.0 -25.9808 83
1648 2 1 -15.0 -25.9808 83
1649 2 1 -15.0 -25.9808 83
1650 2 1 -15.0 -25.9808 83
1651 1 1 -20.0 -34.641 84
1652 2 1 -20.0 -34.641 84
1653 1 1 -20.0 -34.641 84
1654 2 1 -20.0 -34.641 84
1655 2 1 -20.0 -34.641 84
1656 1 1 -20.0 -34.641 84
1657 1 1 -20.0 -34.641 84
1658 2 1 -20.0 -34.641 84
1659 1 1 -20.0 -34.641 84
1660 2 1 -20.0 -34.641 84
1661 2 1 -20.0 -34.641 84
1662 2 1 -20.0 -34.641 84
1663 1 1 -20.0 -34.641 84
1664 2 1 -20.0 -34.641 84
1665 1 1 -20.0 -34.641 84
1666 2 1 -20.0 -34.641 84
1667 2 1 -20.0 -34.641 84
1668 2 1 -20.0 -34.641 84
1669 1 1 -20.0 -34.641 84
1670 2 1 -20.0 -34.641 84
1671 2 1 -20.0 -34.641 84
1672 1 1 -20.0 -34.641 84
1673 2 1 -20.0 -34.641 84
1674 2 1 -20.0 -34.641 84
1675 2 1 -20.0 -34.641 84
1676 2 1 -20.0 -34.641 84
1677 1 1 -20.0 -34.641 84
1678 2 1 -20.0 -34.641 84
1679 2 1 -20.0 -34.641 84
1680 2 1 -20.0 -34.641 84
1681 4 1 -3.0902 -9.5106 85
1682 2 1 -3.0902 -9.5106 85
1683 4 1 -3.0902 -9.5106 85
1684 4 1 -3.0902 -9.5106 85
1685 4 1 -3.0902 -9.5106 85
1686 4 1 -3.0902 -9.5106 85
1687 4 1 -3.0902 -9.5106 85
1688 4 1 -3.0902 -9.5106 85
1689 4 1 -3.0902 -9.5106 85
1690 4 1 -3.0902 -9.5106 85
1691 4 1 -6.1803 -19.0211 86
1692 4 1 -6.1803 -19.0211 86
1693 4 1 -6.1803 -19.0211 86
1694 4 1 -6.1803 -19.0211 86
1695 4 1 -6.1803 -19.0211 86
1696 4 1 -6.1803 -19.0211 86
1697 4 1 -6.1803 -19.0211 86
1698 4 1 -6.1803 -19.0211 86
1699 2 1 -6.1803 -19.0211 86
1700 4 1 -6.1803 -19.0211 86
1701 4 1 -9.2705 -28.5317 87
1702 4 1 -9.2705 -28.5317 87
1703 4 1 -9.2705 -28.5317 87
1704 4 1 -9.2705 -28.5317 87
1705 4 1 -9.2705 -28.5317 87
1706 4 1 -9.2705 -28.5317 87
1707 4 1 -9.2705 -28.5317 87
1708 2 1 -9.2705 -28.5317 87
1709 4 1 -9.2705 -28.5317 87
1710 4 1 -9.2705 -28.5317 87
1711 2 1 -12.3607 -38.0423 88
1712 4 1 -12.3607 -38.0423 88
1713 4 1 -12.3607 -38.0423 88
1714 4 1 -12.3607 -38.0423 88
1715 4 1 -12.3607 -38.0423 88
1716 4 1 -12.3607 -38.0423 88
1717 4 1 -12.3607 -38.0423 88
1718 2 1 -12.3607 -38.0423 88
1719 4 1 -12.3607 -38.0423 88
1720 4 1 -12.3607 -38.0423 88
1721 1 1 -1.0453 -9.9452 89
1722 1 1 -1.0453 -9.9452 89
1723 4 1 -1.0453 -9.9452 89
1724 4 1 -1.0453 -9.9452 89
1725 4 1 -1.0453 -9.9452 89
1726 4 1 -1.0453 -9.9452 89
1727 1 1 -1.0453 -9.9452 89
1728 4 1 -1.0453 -9.9452 89
1729 1 1 -1.0453 -9.9452 89
1730 4 1 -1.0453 -9.9452 89
1731 4 1 -1.0453 -9.9452 89
1732 1 1 -1.0453 -9.9452 89
1733 4 1 -1.0453 -9.9452 89
1734 4 1 -1.0453 -9.9452 89
1735 4 1 -1.0453 -9.9452 89
1736 4 1 -1.0453 -9.9452 89
1737 1 1 -1.0453 -9.9452 89
1738 4 1 -1.0453 -9.9452 89
1739 1 1 -1.0453 -9.9452 89
1740 1 1 -1.0453 -9.9452 89
1741 4 1 -2.0906 -19.8904 90
1742 4 1 -2.0906 -19.8904 90
1743 4 1 -2.0906 -19.8904 90
1744 4 1 -2.0906 -19.8904 90
1745 4 1 -2.0906 -19.8904 90
1746 4 1 -2.0906 -19.8904 90
1747 4 1 -2.0906 -19.8904 90
1748 4 1 -2.0906 -19.8904 90
1749 4 1 -2.0906 -19.8904 90
1750 4 1 -2.0906 -19.8904 90
1751 4 1 -2.0906 -19.8904 90
1752 4 1 -2.0906 -19.8904 90
1753 4 1 -2.0906 -19.8904 90
1754 4 1 -2.0906 -19.8904 90
1755 4 1 -2.0906 -19.8904 90
1756 4 1 -2.0906 -19.8904 90
1757 4 1 -2.0906 -19.8904 90
1758 4 1 -2.0906 -19.8904 90
1759 4 1 -2.0906 -19.8904 90
1760 4 1 -2.0906 -19.8904 90
1761 4 1 -3.1359 -29.8357 91
1762 4 1 -3.1359 -29.8357 91
1763 4 1 -3.1359 -29.8357 91
1764 4 1 -3.1359 -29.8357 91
1765 4 1 -3.1359 -29.8357 91
1766 4 1 -3.1359 -29.8357 91
1767 4 1 -3.1359 -29.8357 91
1768 1 1 -3.1359 -29.8357 91
1769 4 1 -3.1359 -29.8357 91
1770 4 1 -3.1359 -29.8357 91
1771 4 1 -3.1359 -29.8357 91
1772 4 1 -3.1359 -29.8357 91
1773 4 1 -3.1359 -29.8357 91
1774 4 1 -3.1359 -29.8357 91
1775 4 1 -3.1359 -29.8357 91
1776 1 1 -3.1359 -29.8357 91
1777 4 1 -3.1359 -29.8357 91
1778 1 1 -3.1359 -29.8357 91
1779 4 1 -3.1359 -29.8357 91
1780 4 1 -3.1359 -29.8357 91
1781 4 1 -4.1811 -39.7809 92
1782 4 1 -4.1811 -39.7809 92
1783 4 1 -4.1811 -39.7809 92
1784 4 1 -4.1811 -39.7809 92
1785 4 1 -4.1811 -39.7809 92
1786 4 1 -4.1811 -39.7809 92
1787 4 1 -4.1811 -39.7809 92
1788 1 1 -4.1811 -39.7809 92
1789 4 1 -4.1811 -39.7809 92
1790 4 1 -4.1811 -39.7809 92
1791 4 1 -4.1811 -39.7809 92
1792 4 1 -4.1811 -39.7809 92
1793 1 1 -4.1811 -39.7809 92
1794 4 1 -4.1811 -39.7809 92
1795 4 1 -4.1811 -39.7809 92
1796 4 1 -4.1811 -39.7809 92
1797 4 1 -4.1811 -39.7809 92
1798 4 1 -4.1811 -39.7809 92
1799 4 1 -4.1811 -39.7809 92
1800 4 1 -4.1811 -39.7809 92
1801 1 1 1.0453 -9.9452 93
1802 2 1 1.0453 -9.9452 93
1803 1 1 1.0453 -9.9452 93
1804 2 1 1.0453 -9.9452 93
1805 2 1 1.0453 -9.9452 93
1806 2 1 1.0453 -9.9452 93
1807 1 1 1.0453 -9.9452 93
1808 2 1 1.0453 -9.9452 93
1809 2 1 1.0453 -9.9452 93
1810 2 1 1.0453 -9.9452 93
1811 1 1 1.0453 -9.9452 93
1812 2 1 1.0453 -9.9452 93
1813 2 1 1.0453 -9.9452 93
1814 2 1 1.0453 -9.9452 93
1815 2 1 1.0453 -9.9452 93
1816 2 1 1.0453 -9.9452 93
1817 2 1 1.0453 -9.9452 93
1818 2 1 1.0453 -9.9452 93
1819 2 1 1.0453 -9.9452 93
1820 1 1 1.0453 -9.9452 93
1821 1 1 1.0453 -9.9452 93
1822 1 1 1.0453 -9.9452 93
1823 2 1 1.0453 -9.9452 93
1824 2 1 1.0453 -9.9452 93
1825 2 1 1.0453 -9.9452 93
1826 2 1 1.0453 -9.9452 93
1827 2 1 1.0453 -9.9452 93
1828 2 1 1.0453 -9.9452 93
1829 2 1 1.0453 -9.9452 93
1830 2 1 1.0453 -9.9452 93
1831 2 1 2.0906 -19.8904 94
1832 2 1 2.0906 -19.8904 94
1833 2 1 2.0906 -19.8904 94
1834 1 1 2.0906 -19.8904 94
1835 2 1 2.0906 -19.8904 94
1836 1 1 2.0906 -19.8904 94
1837 2 1 2.0906 -19.8904 94
1838 2 1 2.0906 -19.8904 94
1839 1 1 2.0906 -19.8904 94
1840 1 1 2.0906 -19.8904 94
1841 2 1 2.0906 -19.8904 94
1842 2 1 2.0906 -19.8904 94
1843 1 1 2.0906 -19.8904 94
1844 2 1 2.0906 -19.8904 94
1845 2 1 2.0906 -19.8904 94
1846 2 1 2.0906 -19.8904 94
1847 2 1 2.0906 -19.8904 94
1848 2 1 2.0906 -19.8904 94
1849 2 1 2.0906 -19.8904 94
1850 2 1 2.0906 -19.8904 94
1851 2 1 2.0906 -19.8904 94
1852 2 1 2.0906 -19.8904 94
1853 2 1 2.0906 -19.8904 94
1854 2 1 2.0906 -19.8904 94
1855 2 1 2.0906 -19.8904 94
1856 2 1 2.0906 -19.8904 94
1857 2 1 2.0906 -19.8904 94
1858 1 1 2.0906 -19.8904 94
1859 2 1 2.0906 -19.8904 94
1860 1 1 2.0906 -19.8904 94
1861 1 1 3.1359 -29.8357 95
1862 2 1 3.1359 -29.8357 95
1863 1 1 3.1359 -29.8357 95
1864 2 1 3.1359 -29.8357 95
1865 2 1 3.1359 -29.8357 95
1866 2 1 3.1359 -29.8357 95
1867 2 1 3.1359 -29.8357 95
1868 2 1 3.1359 -29.8357 95
1869 2 1 3.1359 -29.8357 95
1870 2 1 3.1359 -29.8357 95
1871 2 1 3.1359 -29.8357 95
1872 2 1 3.1359 -29.8357 95
1873 2 1 3.1359 -29.8357 95
1874 1 1 3.1359 -29.8357 95
1875 2 1 3.1359 -29.8357 95
1876 2 1 3.1359 -29.8357 95
1877 2 1 3.1359 -29.8357 95
1878 2 1 3.1359 -29.8357 95
1879 2 1 3.1359 -29.8357 95
1880 2 1 3.1359 -29.8357 95
1881 2 1 3.1359 -29.8357 95
1882 2 1 3.1359 -29.8357 95
1883 2 1 3.1359 -29.8357 95
1884 2 1 3.1359 -29.8357 95
1885 2 1 3.1359 -29.8357 95
1886 2 1 3.1359 -29.8357 95
1887 2 1 3.1359 -29.8357 95
1888 1 1 3.1359 -29.8357 95
1889 2 1 3.1359 -29.8357 95
1890 2 1 3.1359 -29.8357 95
1891 1 1 4.1812 -39.7809 96
1892 2 1 4.1812 -39.7809 96
1893 2 1 4.1812 -39.7809 96
1894 2 1 4.1812 -39.7809 96
1895 1 1 4.1812 -39.7809 96
1896 2 1 4.1812 -39.7809 96
1897 2 1 4.1812 -39.7809 96
1898 2 1 4.1812 -39.7809 96
1899 2 1 4.1812 -39.7809 96
1900 2 1 4.1812 -39.7809 96
1901 2 1 4.1812 -39.7809 96
1902 2 1 4.1812 -39.7809 96
1903 2 1 4.1812 -39.7809 96
1904 2 1 4.1812 -39.7809 96
1905 1 1 4.1812 -39.7809 96
1906 1 1 4.1812 -39.7809 96
1907 2 1 4.1812 -39.7809 96
1908 2 1 4.1812 -39.7809 96
1909 2 1 4.1812 -39.7809 96
1910 2 1 4.1812 -39.7809 96
1911 2 1 4.1812 -39.7809 96
1912 2 1 4.1812 -39.7809 96
1913 2 1 4.1812 -39.7809 96
1914 2 1 4.1812 -39.7809 96
1915 2 1 4.1812 -39.7809 96
1916 1 1 4.1812 -39.7809 96
1917 1 1 4.1812 -39.7809 96
1918 2 1 4.1812 -39.7809 96
1919 2 1 4.1812 -39.7809 96
1920 2 1 4.1812 -39.7809 96
1921 4 1 3.0902 -9.5106 97
1922 4 1 3.0902 -9.5106 97
1923 4 1 3.0902 -9.5106 97
1924 4 1 3.0902 -9.5106 97
1925 4 1 3.0902 -9.5106 97
1926 4 1 3.0902 -9.5106 97
1927 4 1 3.0902 -9.5106 97
1928 4 1 3.0902 -9.5106 97
1929 4 1 3.0902 -9.5106 97
1930 4 1 3.0902 -9.5106 97
1931 4 1 6.1803 -19.0211 98
1932 2 1 6.1803 -19.0211 98
1933 4 1 6.1803 -19.0211 98
1934 4 1 6.1803 -19.0211 98
1935 4 1 6.1803 -19.0211 98
1936 2 1 6.1803 -19.0211 98
1937 2 1 6.1803 -19.0211 98
1938 4 1 6.1803 -19.0211 98
1939 4 1 6.1803 -19.0211 98
1940 4 1 6.1803 -19.0211 98
1941 4 1 9.2705 -28.5317 99
1942 2 1 9.2705 -28.5317 99
1943 4 1 9.2705 -28.5317 99
1944 2 1 9.2705 -28.5317 99
1945 2 1 9.2705 -28.5317 99
1946 4 1 9.2705 -28.5317 99
1947 4 1 9.2705 -28.5317 99
1948 4 1 9.2705 -28.5317 99
1949 4 1 9.2705 -28.5317 99
1950 4 1 9.2705 -28.5317 99
1951 2 1 12.3607 -38.0423 100
1952 4 1 12.3607 -38.0423 100
1953 4 1 12.3607 -38.0423 100
1954 4 1 12.3607 -38.0423 100
1955 4 1 12.3607 -38.0423 100
1956 4 1 12.3607 -38.0423 100
1957 4 1 12.3607 -38.0423 100
1958 4 1 12.3607 -38.0423 100
1959 4 1 12.3607 -38.0423 100
1960 4 1 12.3607 -38.0423 100
1961 1 1 5.0 -8.6603 101
1962 4 1 5.0 -8.6603 101
1963 4 1 5.0 -8.6603 101
1964 4 1 5.0 -8.6603 101
1965 4 1 5.0 -8.6603 101
1966 4 1 5.0 -8.6603 101
1967 4 1 5.0 -8.6603 101
1968 4 1 5.0 -8.6603 101
1969 4 1 5.0 -8.6603 101
1970 4 1 5.0 -8.6603 101
1971 4 1 5.0 -8.6603 101
1972 4 1 5.0 -8.6603 101
1973 4 1 5.0 -8.6603 101
1974 4 1 5.0 -8.6603 101
1975 1 1 5.0 -8.6603 101
1976 1 1 5.0 -8.6603 101
1977 1 1 5.0 -8.6603 101
1978 1 1 5.0 -8.6603 101
1979 1 1 5.0 -8.6603 101
1980 4 1 5.0 -8.6603 101
1981 1 1 10.0 -17.3205 102
1982 4 1 10.0 -17.3205 102
1983 4 1 10.0 -17.3205 102
1984 1 1 10.0 -17.3205 102
1985 1 1 10.0 -17.3205 102
1986 4 1 10.0 -17.3205 102
1987 4 1 10.0 -17.3205 102
1988 4 1 10.0 -17.3205 102
1989 4 1 10.0 -17.3205 102
1990 4 1 10.0 -17.3205 102
1991 4 1 10.0 -17.3205 102
1992 1 1 10.0 -17.3205 102
1993 1 1 10.0 -17.3205 102
1994 4 1 10.0 -17.3205 102
1995 4 1 10.0 -17.3205 102
1996 1 1 10.0 -17.3205 102
1997 4 1 10.0 -17.3205 102
1998 4 1 10.0 -17.3205 102
1999 4 1 10.0 -17.3205 102
2000 1 1 10.0 -17.3205 102
2001 4 1 15.0 -25.9808 103
2002 4 1 15.0 -25.9808 103
2003 1 1 15.0 -25.9808 103
2004 4 1 15.0 -25.9808 103
2005 4 1 15.0 -25.9808 103
2006 4 1 15.0 -25.9808 103
2007 4 1 15.0 -25.9808 103
2008 4 1 15.0 -25.9808 103
2009 4 1 15.0 -25.9808 103
2010 4 1 15.0 -25.9808 103
2011 4 1 15.0 -25.9808 103
2012 4 1 15.0 -25.9808 103
2013 4 1 15.0 -25.9808 103
2014 4 1 15.0 -25.9808 103
2015 4 1 15.0 -25.9808 103
2016 1 1 15.0 -25.9808 103
2017 1 1 15.0 -25.9808 103
2018 1 1 15.0 -25.9808 103
2019 4 1 15.0 -25.9808 103
2020 4 1 15.0 -25.9808 103
2021 4 1 20.0 -34.641 104
2022 4 1 20.0 -34.641 104
2023 4 1 20.0 -34.641 104
2024 1 1 20.0 -34.641 104
2025 4 1 20.0 -34.641 104
2026 4 1 20.0 -34.641 104
2027 4 1 20.0 -34.641 104
2028 1 1 20.0 -34.641 104
2029 4 1 20.0 -34.641 104
2030 1 1 20.0 -34.641 104
2031 1 1 20.0 -34.641 104
2032 4 1 20.0 -34.641 104
2033 4 1 20.0 -34.641 104
2034 1 1 20.0 -34.641 104
2035 1 1 20.0 -34.641 104
2036 4 1 20.0 -34.641 104
2037 4 1 20.0 -34.641 104
2038 1 1 20.0 -34.641 104
2039 4 1 20.0 -34.641 104
2040 4 1 20.0 -34.641 104
2041 2 1 6.6913 -7.4314 105
2042 2 1 6.6913 -7.4314 105
2043 1 1 6.6913 -7.4314 105
2044 1 1 6.6913 -7.4314 105
2045 1 1 6.6913 -7.4314 105
2046 2 1 6.6913 -7.4314 105
2047 2 1 6.6913 -7.4314 105
2048 2 1 6.6913 -7.4314 105
2049 2 1 6.6913 -7.4314 105
2050 2 1 6.6913 -7.4314 105
2051 2 1 6.6913 -7.4314 105
2052 1 1 6.6913 -7.4314 105
2053 2 1 6.6913 -7.4314 105
2054 1 1 6.6913 -7.4314 105
2055 1 1 6.6913 -7.4314 105
2056 2 1 6.6913 -7.4314 105
2057 2 1 6.6913 -7.4314 105
2058 2 1 6.6913 -7.4314 105
2059 1 1 6.6913 -7.4314 105
2060 2 1 6.6913 -7.4314 105
2061 2 1 6.6913 -7.4314 105
2062 2 1 6.6913 -7.4314 105
2063 2 1 6.6913 -7.4314 105
2064 2 1 6.6913 -7.4314 105
2065 2 1 6.6913 -7.4314 105
2066 2 1 6.6913 -7.4314 105
2067 2 1 6.6913 -7.4314 105
2068 2 1 6.6913 -7.4314 105
2069 2 1 6.6913 -7.4314 105
2070 2 1 6.6913 -7.4314 105
2071 2 1 13.3826 -14.8629 106
2072 2 1 13.3826 -14.8629 106
2073 2 1 13.3826 -14.8629 106
2074 2 1 13.3826 -14.8629 106
2075 2 1 13.3826 -14.8629 106
2076 1 1 13.3826 -14.8629 106
2077 1 1 13.3826 -14.8629 106
2078 1 1 13.3826 -14.8629 106
2079 1 1 13.3826 -14.8629 106
2080 2 1 13.3826 -14.8629 106
2081 2 1 13.3826 -14.8629 106
2082 2 1 13.3826 -14.8629 106
2083 1 1 13.3826 -14.8629 106
2084 2 1 13.3826 -14.8629 106
2085 2 1 13.3826 -14.8629 106
2086 2 1 13.3826 -14.8629 106
2087 1 1 13.3826 -14.8629 106
2088 2 1 13.3826 -14.8629 106
2089 2 1 13.3826 -14.8629 106
2090 2 1 13.3826 -14.8629 106
2091 1 1 13.3826 -14.8629 106
2092 2 1 13.3826 -14.8629 106
2093 2 1 13.3826 -14.8629 106
2094 2 1 13.3826 -14.8629 106
2095 1 1 13.3826 -14.8629 106
2096 2 1 13.3826 -14.8629 106
2097 2 1 13.3826 -14.8629 106
2098 2 1 13.3826 -14.8629 106
2099 2 1 13.3826 -14.8629 106
2100 2 1 13.3826 -14.8629 106
2101 1 1 20.0739 -22.2943 107
2102 2 1 20.0739 -22.2943 107
2103 1 1 20.0739 -22.2943 107
2104 2 1 20.0739 -22.2943 107
2105 2 1 20.0739 -22.2943 107
2106 2 1 20.0739 -22.2943 107
2107 2 1 20.0739 -22.2943 107
2108 2 1 20.0739 -22.2943 107
2109 2 1 20.0739 -22.2943 107
2110 2 1 20.0739 -22.2943 107
2111 1 1 20.0739 -22.2943 107
2112 2 1 20.0739 -22.2943 107
2113 2 1 20.0739 -22.2943 107
2114 2 1 20.0739 -22.2943 107
2115 2 1 20.0739 -22.2943 107
2116 2 1 20.0739 -22.2943 107
2117 2 1 20.0739 -22.2943 107
2118 1 1 20.0739 -22.2943 107
2119 2 1 20.0739 -22.2943 107
2120 2 1 20.0739 -22.2943 107
2121 2 1 20.0739 -22.2943 107
2122 2 1 20.0739 -22.2943 107
2123 2 1 20.0739 -22.2943 107
2124 2 1 20.0739 -22.2943 107
2125 2 1 20.0739 -22.2943 107
2126 2 1 20.0739 -22.2943 107
2127 2 1 20.0739 -22.2943 107
2128 1 1 20.0739 -22.2943 107
2129 2 1 20.0739 -22.2943 107
2130 2 1 20.0739 -22.2943 107
2131 2 1 26.7652 -29.7258 108
2132 2 1 26.7652 -29.7258 108
2133 2 1 26.7652 -29.7258 108
2134 1 1 26.7652 -29.7258 108
2135 2 1 26.7652 -29.7258 108
2136 2 1 26.7652 -29.7258 108
2137 2 1 26.7652 -29.7258 108
2138 2 1 26.7652 -29.7258 108
2139 2 1 26.7652 -29.7258 108
2140 2 1 26.7652 -29.7258 108
2141 1 1 26.7652 -29.7258 108
2142 2 1 26.7652 -29.7258 108
2143 2 1 26.7652 -29.7258 108
2144 2 1 26.7652 -29.7258 108
2145 2 1 26.7652 -29.7258 108
2146 1 1 26.7652 -29.7258 108
2147 2 1 26.7652 -29.7258 108
2148 2 1 26.7652 -29.7258 108
2149 2 1 26.7652 -29.7258 108
2150 2 1 26.7652 -29.7258 108
2151 2 1 26.7652 -29.7258 108
2152 1 1 26.7652 -29.7258 108
2153 2 1 26.7652 -29.7258 108
2154 2 1 26.7652 -29.7258 108
2155 1 1 26.7652 -29.7258 108
2156 1 1 26.7652 -29.7258 108
2157 2 1 26.7652 -29.7258 108
2158 2 1 26.7652 -29.7258 108
2159 2 1 26.7652 -29.7258 108
2160 2 1 26.7652 -29.7258 108
2161 2 1 8.0902 -5.8778 109
2162 4 1 8.0902 -5.8778 109
2163 2 1 8.0902 -5.8778 109
2164 4 1 8.0902 -5.8778 109
2165 4 1 8.0902 -5.8778 109
2166 4 1 8.0902 -5.8778 109
2167 2 1 8.0902 -5.8778 109
2168 2 1 8.0902 -5.8778 109
2169 2 1 8.0902 -5.8778 109
2170 4 1 8.0902 -5.8778 109
2171 4 1 16.1803 -11.7557 110
2172 4 1 16.1803 -11.7557 110
2173 4 1 16.1803 -11.7557 110
2174 4 1 16.1803 -11.7557 110
2175 4 1 16.1803 -11.7557 110
2176 4 1 16.1803 -11.7557 110
2177 4 1 16.1803 -11.7557 110
2178 4 1 16.1803 -11.7557 110
2179 4 1 16.1803 -11.7557 110
2180 2 1 16.1803 -11.7557 110
2181 2 1 24.2705 -17.6335 111
2182 4 1 24.2705 -17.6335 111
2183 4 1 24.2705 -17.6335 111
2184 4 1 24.2705 -17.6335 111
2185 4 1 24.2705 -17.6335 111
2186 4 1 24.2705 -17.6335 111
2187 4 1 24.2705 -17.6335 111
2188 4 1 24.2705 -17.6335 111
2189 4 1 24.2705 -17.6335 111
2190 4 1 24.2705 -17.6335 111
2191 4 1 32.3607 -23.5114 112
2192 4 1 32.3607 -23.5114 112
2193 4 1 32.3607 -23.5114 112
2194 4 1 32.3607 -23.5114 112
2195 4 1 32.3607 -23.5114 112
2196 4 1 32.3607 -23.5114 112
2197 4 1 32.3607 -23.5114 112
2198 4 1 32.3607 -23.5114 112
2199 4 1 32.3607 -23.5114 112
2200 4 1 32.3607 -23.5114 112
2201 4 1 9.1355 -4.0674 113
2202 1 1 9.1355 -4.0674 113
2203 4 1 9.1355 -4.0674 113
2204 4 1 9.1355 -4.0674 113
2205 1 1 9.1355 -4.0674 113
2206 4 1 9.1355 -4.0674 113
2207 4 1 9.1355 -4.0674 113
2208 1 1 9.1355 -4.0674 113
2209 4 1 9.1355 -4.0674 113
2210 1 1 9.1355 -4.0674 113
2211 4 1 9.1355 -4.0674 113
2212 4 1 9.1355 -4.0674 113
2213 4 1 9.1355 -4.0674 113
2214 4 1 9.1355 -4.0674 113
2215 4 1 9.1355 -4.0674 113
2216 4 1 9.1355 -4.0674 113
2217 4 1 9.1355 -4.0674 113
2218 1 1 9.1355 -4.0674 113
2219 1 1 9.1355 -4.0674 113
2220 1 1 9.1355 -4.0674 113
2221 1 1 18.2709 -8.1347 114
2222 4 1 18.2709 -8.1347 114
2223 4 1 18.2709 -8.1347 114
2224 4 1 18.2709 -8.1347 114
2225 4 1 18.2709 -8.1347 114
2226 4 1 18.2709 -8.1347 114
2227 4 1 18.2709 -8.1347 114
2228 1 1 18.2709 -8.1347 114
2229 4 1 18.2709 -8.1347 114
2230 4 1 18.2709 -8.1347 114
2231 4 1 18.2709 -8.1347 114
2232 4 1 18.2709 -8.1347 114
2233 4 1 18.2709 -8.1347 114
2234 4 1 18.2709 -8.1347 114
2235 4 1 18.2709 -8.1347 114
2236 4 1 18.2709 -8.1347 114
2237 1 1 18.2709 -8.1347 114
2238 4 1 18.2709 -8.1347 114
2239 4 1 18.2709 -8.1347 114
2240 4 1 18.2709 -8.1347 114
2241 4 1 27.4064 -12.2021 115
2242 4 1 27.4064 -12.2021 115
2243 4 1 27.4064 -12.2021 115
2244 4 1 27.4064 -12.2021 115
2245 4 1 27.4064 -12.2021 115
2246 4 1 27.4064 -12.2021 115
2247 4 1 27.4064 -12.2021 115
2248 1 1 27.4064 -12.2021 115
2249 4 1 27.4064 -12.2021 115
2250 4 1 27.4064 -12.2021 115
2251 4 1 27.4064 -12.2021 115
2252 4 1 27.4064 -12.2021 115
2253 4 1 27.4064 -12.2021 115
2254 4 1 27.4064 -12.2021 115
2255 4 1 27.4064 -12.2021 115
2256 4 1 27.4064 -12.2021 115
2257 4 1 27.4064 -12.2021 115
2258 4 1 27.4064 -12.2021 115
2259 4 1 27.4064 -12.2021 115
2260 4 1 27.4064 -12.2021 115
2261 1 1 36.5418 -16.2695 116
2262 4 1 36.5418 -16.2695 116
2263 4 1 36.5418 -16.2695 116
2264 4 1 36.5418 -16.2695 116
2265 4 1 36.5418 -16.2695 116
2266 4 1 36.5418 -16.2695 116
2267 1 1 36.5418 -16.2695 116
2268 4 1 36.5418 -16.2695 116
2269 4 1 36.5418 -16.2695 116
2270 4 1 36.5418 -16.2695 116
2271 4 1 36.5418 -16.2695 116
2272 4 1 36.5418 -16.2695 116
2273 4 1 36.5418 -16.2695 116
2274 4 1 36.5418 -16.2695 116
2275 4 1 36.5418 -16.2695 116
2276 4 1 36.5418 -16.2695 116
2277 4 1 36.5418 -16.2695 116
2278 4 1 36.5418 -16.2695 116
2279 4 1 36.5418 -16.2695 116
2280 4 1 36.5418 -16.2695 116
2281 2 1 9.7815 -2.0791 117
2282 2 1 9.7815 -2.0791 117
2283 2 1 9.7815 -2.0791 117
2284 2 1 9.7815 -2.0791 117
2285 2 1 9.7815 -2.0791 117
2286 2 1 9.7815 -2.0791 117
2287 2 1 9.7815 -2.0791 117
2288 1 1 9.7815 -2.0791 117
2289 2 1 9.7815 -2.0791 117
2290 2 1 9.7815 -2.0791 117
2291 2 1 9.7815 -2.0791 117
2292 1 1 9.7815 -2.0791 117
2293 2 1 9.7815 -2.0791 117
2294 1 1 9.7815 -2.0791 117
2295 2 1 9.7815 -2.0791 117
2296 1 1 9.7815 -2.0791 117
2297 2 1 9.7815 -2.0791 117
2298 2 1 9.7815 -2.0791 117
2299 2 1 9.7815 -2.0791 117
2300 1 1 9.7815 -2.0791 117
2301 2 1 9.7815 -2.0791 117
2302 2 1 9.7815 -2.0791 117
2303 2 1 9.7815 -2.0791 117
2304 2 1 9.7815 -2.0791 117
2305 1 1 9.7815 -2.0791 117
2306 2 1 9.7815 -2.0791 117
2307 1 1 9.7815 -2.0791 117
2308 2 1 9.7815 -2.0791 117
2309 2 1 9.7815 -2.0791 117
2310 2 1 9.7815 -2.0791 117
2311 2 1 19.563 -4.1582 118
2312 2 1 19.563 -4.1582 118
2313 2 1 19.563 -4.1582 118
2314 2 1 19.563 -4.1582 118
2315 2 1 19.563 -4.1582 118
2316 2 1 19.563 -4.1582 118
2317 2 1 19.563 -4.1582 118
2318 2 1 19.563 -4.1582 118
2319 2 1 19.563 -4.1582 118
2320 2 1 19.563 -4.1582 118
2321 2 1 19.563 -4.1582 118
2322 1 1 19.563 -4.1582 118
2323 2 1 19.563 -4.1582 118
2324 2 1 19.563 -4.1582 118
2325 2 1 19.563 -4.1582 118
2326 2 1 19.563 -4.1582 118
2327 1 1 19.563 -4.1582 118
2328 2 1 19.563 -4.1582 118
2329 2 1 19.563 -4.1582 118
2330 2 1 19.563 -4.1582 118
2331 2 1 19.563 -4.1582 118
2332 2 1 19.563 -4.1582 118
2333 2 1 19.563 -4.1582 118
2334 2 1 19.563 -4.1582 118
2335 2 1 19.563 -4.1582 118
2336 2 1 19.563 -4.1582 118
2337 2 1 19.563 -4.1582 118
2338 1 1 19.563 -4.1582 118
2339 2 1 19.563 -4.1582 118
2340 2 1 19.563 -4.1582 118
2341 2 1 29.3444 -6.2374 119
2342 2 1 29.3444 -6.2374 119
2343 2 1 29.3444 -6.2374 119
2344 2 1 29.3444 -6.2374 119
2345 2 1 29.3444 -6.2374 119
2346 2 1 29.3444 -6.2374 119
2347 2 1 29.3444 -6.2374 119
2348 2 1 29.3444 -6.2374 119
2349 1 1 29.3444 -6.2374 119
2350 2 1 29.3444 -6.2374 119
2351 2 1 29.3444 -6.2374 119
2352 2 1 29.3444 -6.2374 119
2353 2 1 29.3444 -6.2374 119
2354 2 1 29.3444 -6.2374 119
2355 1 1 29.3444 -6.2374 119
2356 2 1 29.3444 -6.2374 119
2357 2 1 29.3444 -6.2374 119
2358 2 1 29.3444 -6.2374 119
2359 1 1 29.3444 -6.2374 119
2360 2 1 29.3444 -6.2374 119
2361 2 1 29.3444 -6.2374 119
2362 2 1 29.3444 -6.2374 119
2363 1 1 29.3444 -6.2374 119
2364 1 1 29.3444 -6.2374 119
2365 2 1 29.3444 -6.2374 119
2366 2 1 29.3444 -6.2374 119
2367 2 1 29.3444 -6.2374 119
2368 2 1 29.3444 -6.2374 119
2369 2 1 29.3444 -6.2374 119
2370 2 1 29.3444 -6.2374 119
2371 2 1 39.1259 -8.3165 120
2372 1 1 39.1259 -8.3165 120
2373 2 1 39.1259 -8.3165 120
2374 1 1 39.1259 -8.3165 120
2375 2 1 39.1259 -8.3165 120
2376 1 1 39.1259 -8.3165 120
2377 2 1 39.1259 -8.3165 120
2378 1 1 39.1259 -8.3165 120
2379 2 1 39.1259 -8.3165 120
2380 2 1 39.1259 -8.3165 120
2381 2 1 39.1259 -8.3165 120
2382 1 1 39.1259 -8.3165 120
2383 2 1 39.1259 -8.3165 120
2384 2 1 39.1259 -8.3165 120
2385 2 1 39.1259 -8.3165 120
2386 2 1 39.1259 -8.3165 120
2387 2 1 39.1259 -8.3165 120
2388 2 1 39.1259 -8.3165 120
2389 1 1 39.1259 -8.3165 120
2390 2 1 39.1259 -8.3165 120
2391 2 1 39.1259 -8.3165 120
2392 2 1 39.1259 -8.3165 120
2393 2 1 39.1259 -8.3165 120
2394 2 1 39.1259 -8.3165 120
2395 2 1 39.1259 -8.3165 120
2396 1 1 39.1259 -8.3165 120
2397 2 1 39.1259 -8.3165 120
2398 1 1 39.1259 -8.3165 120
2399 2 1 39.1259 -8.3165 120
2400 2 1 39.1259 -8.3165 120
2401 4 1 49.7261 5.2264 121
2402 4 1 49.7261 5.2264 121
2403 4 1 49.7261 5.2264 121
2404 4 1 49.7261 5.2264 121
2405 1 1 49.7261 5.2264 121
2406 1 1 49.7261 5.2264 121
2407 4 1 49.7261 5.2264 121
2408 1 1 49.7261 5.2264 121
2409 4 1 49.7261 5.2264 121
2410 4 1 49.7261 5.2264 121
2411 4 1 43.3013 25.0 122
2412 4 1 43.3013 25.0 122
2413 4 1 43.3013 25.0 122
2414 4 1 43.3013 25.0 122
2415 4 1 43.3013 25.0 122
2416 4 1 43.3013 25.0 122
2417 4 1 43.3013 25.0 122
2418 4 1 43.3013 25.0 122
2419 4 1 43.3013 25.0 122
2420 4 1 43.3013 25.0 122
2421 4 1 29.3893 40.4509 123
2422 1 1 29.3893 40.4509 123
2423 4 1 29.3893 40.4509 123
2424 4 1 29.3893 40.4509 123
2425 1 1 29.3893 40.4509 123
2426 1 1 29.3893 40.4509 123
2427 1 1 29.3893 40.4509 123
2428 4 1 29.3893 40.4509 123
2429 4 1 29.3893 40.4509 123
2430 4 1 29.3893 40.4509 123
2431 1 1 10.3956 48.9074 124
2432 4 1 10.3956 48.9074 124
2433 4 1 10.3956 48.9074 124
2434 4 1 10.3956 48.9074 124
2435 4 1 10.3956 48.9074 124
2436 2 1 10.3956 48.9074 124
2437 4 1 10.3956 48.9074 124
2438 1 1 10.3956 48.9074 124
2439 4 1 10.3956 48.9074 124
2440 4 1 10.3956 48.9074 124
2441 4 1 -10.3956 48.9074 125
2442 4 1 -10.3956 48.9074 125
2443 4 1 -10.3956 48.9074 125
2444 4 1 -10.3956 48.9074 125
2445 4 1 -10.3956 48.9074 125
2446 4 1 -10.3956 48.9074 125
2447 4 1 -10.3956 48.9074 125
2448 4 1 -10.3956 48.9074 125
2449 4 1 -10.3956 48.9074 125
2450 4 1 -10.3956 48.9074 125
2451 4 1 -29.3893 40.4508 126
2452 4 1 -29.3893 40.4508 126
2453 4 1 -29.3893 40.4508 126
2454 4 1 -29.3893 40.4508 126
2455 2 1 -29.3893 40.4508 126
2456 2 1 -29.3893 40.4508 126
2457 4 1 -29.3893 40.4508 126
2458 2 1 -29.3893 40.4508 126
2459 4 1 -29.3893 40.4508 126
2460 4 1 -29.3893 40.4508 126
2461 4 1 -43.3013 25.0 127
2462 4 1 -43.3013 25.0 127
2463 4 1 -43.3013 25.0 127
2464 4 1 -43.3013 25.0 127
2465 4 1 -43.3013 25.0 127
2466 4 1 -43.3013 25.0 127
2467 4 1 -43.3013 25.0 127
2468 4 1 -43.3013 25.0 127
2469 4 1 -43.3013 25.0 127
2470 4 1 -43.3013 25.0 127
2471 4 1 -49.7261 5.2264 128
2472 4 1 -49.7261 5.2264 128
2473 4 1 -49.7261 5.2264 128
2474 4 1 -49.7261 5.2264 128
2475 4 1 -49.7261 5.2264 128
2476 4 1 -49.7261 5.2264 128
2477 2 1 -49.7261 5.2264 128
2478 4 1 -49.7261 5.2264 128
2479 4 1 -49.7261 5.2264 128
2480 4 1 -49.7261 5.2264 128
2481 4 1 -47.5528 -15.4509 129
2482 1 1 -47.5528 -15.4509 129
2483 2 1 -47.5528 -15.4509 129
2484 2 1 -47.5528 -15.4509 129
2485 4 1 -47.5528 -15.4509 129
2486 1 1 -47.5528 -15.4509 129
2487 4 1 -47.5528 -15.4509 129
2488 4 1 -47.5528 -15.4509 129
2489 4 1 -47.5528 -15.4509 129
2490 1 1 -47.5528 -15.4509 129
2491 4 1 -37.1572 -33.4565 130
2492 4 1 -37.1572 -33.4565 130
2493 4 1 -37.1572 -33.4565 130
2494 4 1 -37.1572 -33.4565 130
2495 4 1 -37.1572 -33.4565 130
2496 4 1 -37.1572 -33.4565 130
2497 1 1 -37.1572 -33.4565 130
2498 4 1 -37.1572 -33.4565 130
2499 4 1 -37.1572 -33.4565 130
2500 4 1 -37.1572 -33.4565 130
