File: p11 Num Depots: 1 Num Pick Up Points: 130 Num Trucks: 5Processing Time: 107 seconds
Total Demand = 2500.00| Total Distance = 3278.01| Total Travel Time = 2458.51| Total Cost = $3005.03|

Truck #1318 MaxCap: 60 Demand: 59.0 ROUTE:0 48 47 41 148 146 136 133 131 125 176 173 164 158 156 154 153 70 69 68 63 61 100 97 93 85 117 109 108 104 2408 2406 2405 239 225 222 217 215 201 198 196 195 194 191 189 186 337 336 335 331 330 325 319 315 312 302 298 290 285 281 -1 
Truck #1319 MaxCap: 100 Demand: 99.0 ROUTE:0 380 375 373 371 369 363 410 404 402 395 393 391 447 446 445 442 435 423 422 469 465 462 456 453 360 351 349 343 342 2427 2426 2425 2422 2438 2431 599 598 596 590 588 587 584 573 572 562 561 686 678 677 665 663 711 708 704 697 694 831 826 955 950 941 937 912 911 909 901 813 812 893 891 884 881 872 800 797 795 786 785 784 782 642 636 634 632 556 554 552 550 626 618 612 608 603 602 777 775 774 769 767 -1 
Truck #1320 MaxCap: 160 Demand: 159.0 ROUTE:0 870 867 866 855 853 846 845 843 841 929 927 923 922 920 1059 1055 1053 1052 1051 1041 1072 1071 1068 1198 1197 1194 1186 1176 1170 1167 1162 1154 1148 1147 1141 1294 1293 1291 1282 1410 1406 1398 1387 1386 1440 1438 1434 1425 1418 1320 1319 2490 2486 2482 2497 1559 1555 1554 1553 1552 1550 1546 1677 1672 1669 1665 1663 1659 1657 1656 1653 1651 1793 1788 1874 1863 1861 1778 1776 1768 1636 1635 1632 1631 1630 1626 1621 1540 1536 1528 1605 1597 1595 1592 1518 1515 1512 1370 1368 1363 1359 1358 1357 1356 1279 1263 1136 1125 1121 1116 1115 1040 1037 1036 1034 1028 1027 1022 1018 1013 1010 1007 1006 1005 1100 1094 1091 1089 1084 1081 1260 1255 1246 1245 1343 1338 1337 1336 1326 1500 1492 1488 1588 1586 1585 1575 1570 1567 1563 1562 1561 1740 1739 1737 1732 1729 1727 1722 1721 -1 
Truck #1322 MaxCap: 100 Demand: 99.0 ROUTE:0 420 419 418 417 416 415 414 413 412 411 409 408 407 406 405 403 401 400 399 398 397 396 394 392 421 480 479 478 477 476 475 474 473 472 471 470 468 467 466 464 463 461 460 459 458 457 455 454 452 451 278 277 274 273 240 238 237 236 235 234 233 232 231 230 229 228 227 226 224 264 257 252 245 244 243 150 149 147 145 144 143 142 141 140 139 138 137 135 134 132 130 129 128 127 126 124 123 122 121 -1 
Truck #1323 MaxCap: 160 Demand: 159.0 ROUTE:0 630 629 628 627 625 624 623 622 621 620 619 617 616 615 614 613 611 610 609 607 606 605 604 601 739 737 660 659 658 657 656 655 654 653 652 651 650 649 648 647 646 645 644 643 641 640 639 638 637 635 633 631 690 689 688 687 685 684 683 682 681 680 679 676 675 674 673 672 671 670 669 668 667 666 664 662 661 747 746 741 759 757 752 720 719 718 717 716 715 714 713 712 710 709 707 706 705 703 702 701 700 699 698 696 695 693 692 691 2436 520 516 450 449 448 444 443 441 440 439 438 437 436 434 433 432 431 430 429 428 427 426 425 424 497 494 390 389 388 387 386 385 384 383 382 381 379 378 377 376 374 372 370 368 367 366 365 364 361 362 -1 
Truck #1325 MaxCap: 200 Demand: 199.0 ROUTE:0 490 489 488 487 486 485 484 483 482 481 540 539 538 537 536 535 534 533 532 531 530 529 528 527 526 525 524 523 522 521 740 738 736 735 734 733 732 731 560 559 558 557 555 553 551 549 548 547 546 545 544 543 542 541 500 499 498 496 495 493 492 491 510 509 508 507 506 505 504 503 502 501 580 579 578 577 576 575 574 571 570 569 568 567 566 565 564 563 750 749 748 745 744 743 742 751 2450 2449 2448 2447 2446 2445 2444 2443 2442 2441 600 597 595 594 593 592 591 589 586 585 583 582 581 2440 2439 2437 2435 2434 2433 2432 519 518 517 515 514 513 512 511 2430 2429 2428 2424 2423 2421 359 358 357 356 355 354 353 352 350 348 347 346 345 344 341 340 339 338 334 333 332 329 328 327 326 324 323 322 321 320 318 317 316 314 313 311 310 309 308 307 306 305 304 303 301 300 299 297 296 295 294 293 292 291 289 288 287 286 284 -1 
Truck #1326 MaxCap: 250 Demand: 249.0 ROUTE:0 1259 1258 1257 1256 1254 1253 1252 1251 1250 1249 1248 1247 1244 1243 1242 1241 1210 1209 1205 1204 1203 1202 1201 1020 1019 1017 1016 1015 1014 1012 1011 1009 1008 1004 1003 1002 1001 970 969 968 966 965 963 962 961 979 977 976 974 973 972 971 1039 1038 1035 1033 1032 1031 1030 1029 1026 1025 1024 1023 1021 1220 1219 1217 1215 1214 1213 1212 1211 1264 1262 1261 1230 1229 1228 1227 1226 1225 1224 1223 1221 1240 1239 1238 1236 1235 1234 1233 1232 1231 2480 2479 2478 2476 2475 2474 2473 2472 2471 1080 1079 1078 1077 1076 1075 1074 1073 1070 1069 1067 1066 1065 1064 1063 1062 1061 1060 1058 1057 1056 1054 1050 1049 1048 1047 1046 1045 1044 1043 1042 990 989 988 986 985 984 983 982 981 1000 999 998 997 995 994 993 992 991 2470 2469 2468 2467 2466 2465 2464 2463 2462 2461 2460 2459 2457 2454 2453 2452 2451 840 839 838 837 836 835 834 833 832 830 829 828 827 825 824 823 822 821 760 758 756 755 754 753 820 819 818 817 816 815 814 811 810 809 808 807 806 805 804 803 802 801 799 798 796 794 793 792 791 790 789 788 787 783 781 780 779 778 776 773 772 771 770 768 766 765 764 763 762 761 730 729 728 727 726 725 724 723 722 721 -1 
Truck #1327 MaxCap: 60 Demand: 59.0 ROUTE:0 900 899 898 897 896 895 894 892 890 889 888 887 886 885 883 882 880 879 878 877 876 875 874 873 871 906 905 904 903 902 960 959 958 957 956 954 953 952 951 949 948 947 946 945 944 943 942 940 939 938 936 935 934 933 932 931 2458 2456 2455 -1 
Truck #1328 MaxCap: 60 Demand: 59.0 ROUTE:0 967 964 1187 1185 1184 1183 1182 1181 1180 1179 1178 1177 1175 1174 1173 1172 1171 996 987 930 928 926 925 924 921 919 918 917 916 915 914 913 910 908 907 980 978 975 869 868 865 864 863 862 861 860 859 858 857 856 854 852 851 850 849 848 847 844 842 -1 
Truck #1329 MaxCap: 60 Demand: 59.0 ROUTE:0 1110 1109 1108 1107 1106 1105 1104 1103 1102 1101 1099 1098 1097 1096 1095 1093 1092 1090 1088 1087 1086 1085 1083 1082 1112 1111 1169 1168 1166 1165 1164 1163 1161 1160 1159 1158 1157 1156 1155 1153 1152 1151 1150 1149 1146 1145 1144 1143 1142 1200 1199 1196 1195 1193 1192 1191 1190 1189 1188 -1 
Truck #1330 MaxCap: 60 Demand: 59.0 ROUTE:0 1208 1207 1206 1140 1139 1138 1137 1135 1134 1133 1132 1131 1130 1129 1128 1127 1126 1124 1123 1122 1120 1119 1118 1117 1114 1113 1218 1216 1222 1237 2477 2484 2483 1383 1382 1381 1380 1379 1378 1377 1376 1375 1374 1373 1372 1371 1369 1367 1366 1365 1364 1362 1361 1360 1355 1354 1353 1352 1351 -1 
Truck #1331 MaxCap: 150 Demand: 149.0 ROUTE:0 1450 1449 1445 1444 1443 1442 1441 1280 1278 1277 1276 1275 1274 1273 1272 1271 1270 1269 1268 1267 1266 1265 1300 1299 1298 1297 1296 1295 1292 1290 1289 1288 1287 1286 1285 1284 1283 1281 1318 1317 1316 1315 1314 1313 1312 1311 1310 1309 1308 1307 1306 1305 1304 1303 1302 1301 2489 2488 2487 2485 2481 1480 1478 1477 1476 1475 1474 1472 1471 2500 2499 2498 2496 2495 2494 2493 2492 2491 1545 1544 1543 1542 1541 1539 1538 1537 1535 1534 1533 1532 1531 1530 1529 1527 1526 1525 1524 1523 1522 1521 1470 1469 1468 1467 1466 1465 1463 1462 1461 1457 1456 1455 1453 1452 1451 1520 1519 1517 1516 1514 1513 1511 1510 1509 1508 1507 1506 1505 1504 1503 1502 1501 1499 1498 1497 1496 1495 1494 1493 1491 1490 1489 1487 1486 1485 1484 1483 1482 1481 -1 
Truck #1332 MaxCap: 60 Demand: 59.0 ROUTE:0 1409 1408 1407 1405 1404 1403 1402 1401 1400 1399 1397 1396 1395 1394 1393 1392 1391 1390 1389 1388 1385 1384 1439 1437 1436 1435 1433 1432 1431 1430 1429 1428 1427 1426 1424 1423 1422 1421 1420 1419 1417 1416 1415 1414 1413 1412 1411 1333 1332 1331 1330 1329 1328 1327 1325 1324 1323 1322 1321 -1 
Truck #1333 MaxCap: 60 Demand: 59.0 ROUTE:0 1350 1349 1348 1347 1346 1345 1344 1342 1341 1340 1339 1335 1334 1460 1459 1458 1454 1464 1479 1473 1667 1666 1664 1662 1661 1660 1658 1655 1654 1652 1620 1619 1618 1617 1616 1615 1614 1613 1612 1611 1610 1609 1608 1607 1606 1604 1603 1602 1601 1600 1599 1598 1596 1594 1593 1591 1448 1447 1446 -1 
Truck #1334 MaxCap: 150 Demand: 149.0 ROUTE:0 1967 1966 1965 1964 1963 1962 1930 1929 1928 1927 1926 1925 1924 1923 1922 1921 1940 1939 1938 1935 1934 1933 1931 1950 1949 1948 1947 1946 1943 1941 1960 1959 1958 1957 1956 1955 1954 1953 1952 1800 1799 1798 1797 1796 1795 1794 1792 1791 1790 1789 1787 1786 1785 1784 1783 1782 1781 1720 1719 1717 1716 1715 1714 1713 1712 1560 1558 1557 1556 1551 1549 1548 1547 1710 1709 1707 1706 1705 1704 1703 1702 1701 1780 1779 1777 1775 1774 1773 1772 1771 1770 1769 1767 1766 1765 1764 1763 1762 1761 1760 1759 1758 1757 1756 1755 1754 1753 1752 1751 1750 1749 1748 1747 1746 1745 1744 1743 1742 1741 1700 1698 1697 1696 1695 1694 1693 1692 1691 1690 1689 1688 1687 1686 1685 1684 1683 1681 1738 1736 1735 1734 1733 1731 1730 1728 1726 1725 1724 1723 -1 
Truck #1335 MaxCap: 60 Demand: 59.0 ROUTE:0 1590 1589 1587 1584 1583 1582 1581 1580 1579 1578 1577 1576 1574 1573 1572 1571 1569 1568 1566 1565 1564 1650 1649 1648 1647 1646 1645 1644 1643 1642 1641 1640 1639 1638 1637 1634 1633 1629 1628 1627 1625 1624 1623 1622 1680 1679 1678 1676 1675 1674 1673 1671 1670 1668 1718 1711 1708 1699 1682 -1 
Truck #1336 MaxCap: 60 Demand: 59.0 ROUTE:0 1813 1812 1810 1809 1808 1806 1805 1804 1802 1920 1919 1918 1915 1914 1913 1912 1911 1910 1909 1908 1907 1904 1903 1902 1901 1900 1899 1898 1897 1896 1894 1893 1892 1890 1889 1887 1886 1885 1884 1883 1882 1881 1880 1879 1878 1877 1876 1875 1873 1872 1871 1870 1869 1868 1867 1866 1865 1864 1862 -1 
Truck #1337 MaxCap: 60 Demand: 59.0 ROUTE:0 1822 1821 1820 1811 1807 1803 1801 1860 1858 1843 1840 1839 1836 1834 1888 1917 1916 1906 1905 1895 1891 2038 2035 2034 2031 2030 2028 2024 2156 2155 2152 2146 2141 2134 2018 2017 2016 2003 2000 1996 1993 1992 1985 1984 1981 2095 2091 2087 2083 2079 2078 2077 2076 1979 1978 1977 1976 1975 1961 -1 
Truck #1338 MaxCap: 60 Demand: 59.0 ROUTE:0 1830 1829 1828 1827 1826 1825 1824 1823 1819 1818 1817 1816 1815 1814 1859 1857 1856 1855 1854 1853 1852 1851 1850 1849 1848 1847 1846 1845 1844 1842 1841 1838 1837 1835 1833 1832 1831 1937 1936 1932 1945 1944 1942 1951 2092 2090 2089 2088 2086 2085 2084 2082 2081 2080 2075 2074 2073 2072 2071 -1 
Truck #1339 MaxCap: 150 Demand: 149.0 ROUTE:0 1974 1973 1972 1971 1970 1969 1968 1980 1999 1998 1997 1995 1994 1991 1990 1989 1988 1987 1986 1983 1982 2020 2019 2015 2014 2013 2012 2011 2010 2009 2008 2007 2006 2005 2004 2002 2001 2040 2039 2037 2036 2033 2032 2029 2027 2026 2025 2023 2022 2021 2200 2199 2198 2197 2196 2195 2194 2193 2192 2191 2280 2279 2278 2277 2276 2275 2274 2273 2272 2271 2270 2269 2268 2266 2265 2264 2263 2262 2260 2259 2258 2257 2256 2255 2254 2253 2252 2251 2250 2249 2247 2246 2245 2244 2243 2242 2241 2190 2189 2188 2187 2186 2185 2184 2183 2182 2179 2178 2177 2176 2175 2174 2173 2172 2171 2239 2238 2236 2235 2234 2233 2232 2231 2230 2229 2227 2226 2225 2224 2223 2222 2217 2216 2215 2214 2213 2212 2211 2209 2207 2206 2204 2203 2201 2170 2166 2165 2164 2162 -1 
Truck #1340 MaxCap: 60 Demand: 59.0 ROUTE:0 2046 2042 2041 2130 2129 2127 2126 2125 2124 2123 2122 2121 2120 2119 2117 2116 2115 2114 2113 2112 2110 2109 2108 2107 2106 2105 2104 2102 2160 2159 2158 2157 2154 2153 2151 2150 2149 2148 2147 2145 2144 2143 2142 2140 2139 2138 2137 2136 2135 2133 2132 2131 2100 2099 2098 2097 2096 2094 2093 -1 
Truck #1341 MaxCap: 60 Demand: 48.0 ROUTE:0 2307 2305 2300 2296 2294 2292 2288 2220 2219 2218 2210 2208 2205 2202 2237 2228 2221 2338 2327 2322 2364 2363 2359 2355 2349 2398 2396 2389 2382 2378 2376 2374 2372 2267 2261 2248 2128 2118 2111 2103 2101 2059 2055 2054 2052 2045 2044 2043 -1 
Truck #1342 MaxCap: 60 Demand: 59.0 ROUTE:0 2070 2069 2068 2067 2066 2065 2064 2063 2062 2061 2060 2058 2057 2056 2053 2051 2050 2049 2048 2047 2180 2181 2381 2380 2379 2377 2375 2373 2371 2370 2369 2368 2367 2366 2365 2362 2361 2360 2358 2357 2356 2354 2353 2352 2351 2350 2348 2347 2346 2345 2344 2343 2342 2341 2169 2168 2167 2163 2161 -1 
Truck #1344 MaxCap: 60 Demand: 59.0 ROUTE:0 2310 2309 2308 2306 2304 2303 2302 2301 2299 2298 2297 2295 2293 2291 2290 2289 2287 2286 2285 2284 2283 2282 2281 2333 2332 2331 2330 2329 2328 2326 2325 2324 2323 2321 2320 2319 2318 2317 2316 2315 2314 2313 2312 2311 2400 2399 2397 2395 2394 2393 2392 2391 2390 2388 2387 2386 2385 2384 2383 -1 
Truck #1364 MaxCap: 100 Demand: 65.0 ROUTE:0 151 152 155 157 159 160 161 162 163 165 166 167 168 169 170 171 172 174 175 177 178 179 180 181 182 183 184 185 187 188 190 192 193 197 199 200 202 203 204 205 206 207 208 209 210 211 212 213 214 216 218 219 220 221 223 35 36 16 2334 2335 2336 2337 2339 2340 6 -1 
Truck #1389 MaxCap: 200 Demand: 150.0 ROUTE:0 1 2 3 4 5 7 8 9 10 2240 11 12 13 14 15 17 18 19 20 21 22 23 24 25 26 27 28 29 30 31 32 33 34 37 38 39 40 2401 2402 2403 2404 2407 2409 2410 2411 2412 2413 2414 2415 2416 2417 2418 2419 2420 271 272 275 276 279 280 261 262 263 265 266 267 268 269 270 101 102 103 105 106 107 110 111 112 113 114 115 116 118 119 120 81 82 83 84 86 87 88 89 90 91 92 94 95 96 98 99 62 64 65 66 67 71 72 73 74 75 76 77 78 79 80 251 253 254 255 256 258 259 260 282 283 241 242 246 247 248 249 250 42 43 44 45 46 49 50 51 52 53 54 55 56 57 58 59 60 -1 


Inital Solution 0 changes  totQ=2500.00 totD=3542.11 $3148.24
Local One Opt 66 changes  totQ=2500.00 totD=3371.93 $3124.28
Local Two Opt 14 changes  totQ=2500.00 totD=3342.61 $3119.81
Local Three Opt 10 changes  totQ=2500.00 totD=3325.38 $3116.15
K-Two Forward 1 changes  totQ=2500.00 totD=3323.95 $3115.92
K-Two Reverse 0 changes  totQ=2500.00 totD=3323.95 $3115.92
K-Three Forward 0 changes  totQ=2500.00 totD=3323.95 $3115.92
K-Three Reverse 0 changes  totQ=2500.00 totD=3323.95 $3115.92
Exchange 01 1 changes  totQ=2500.00 totD=3323.46 $3115.85
Exchange 01 0 changes  totQ=2500.00 totD=3323.46 $3115.85
Exchange 11 0 changes  totQ=2500.00 totD=3323.46 $3115.85
Exchange 02 0 changes  totQ=2500.00 totD=3323.46 $3115.85
Exchange 20 0 changes  totQ=2500.00 totD=3323.46 $3115.85
Exchange 12 0 changes  totQ=2500.00 totD=3323.46 $3115.85
Exchange 21 0 changes  totQ=2500.00 totD=3323.46 $3115.85
Exchange 22 0 changes  totQ=2500.00 totD=3323.46 $3115.85
Combination 1 changes  totQ=2500.00 totD=3323.46 $3115.85
Reduction 0 changes  totQ=2500.00 totD=3288.07 $3097.78
Reallocation 0 changes  totQ=2500.00 totD=3288.07 $3097.78
Relax/Combine 1 changes  totQ=2500.00 totD=3278.01 $3005.03
Sharing 0 changes  totQ=2500.00 totD=3278.01 $3005.03
Relax/Share 0 changes  totQ=2500.00 totD=3278.01 $3005.03
