3000
1 2 1 10.0 0.0 1
2 4 1 10.0 0.0 1
3 4 1 10.0 0.0 1
4 2 1 10.0 0.0 1
5 2 1 10.0 0.0 1
6 4 1 10.0 0.0 1
7 4 1 10.0 0.0 1
8 4 1 10.0 0.0 1
9 4 1 10.0 0.0 1
10 4 1 10.0 0.0 1
11 4 1 20.0 0.0 2
12 4 1 20.0 0.0 2
13 4 1 20.0 0.0 2
14 4 1 20.0 0.0 2
15 4 1 20.0 0.0 2
16 4 1 20.0 0.0 2
17 2 1 20.0 0.0 2
18 4 1 20.0 0.0 2
19 4 1 20.0 0.0 2
20 4 1 20.0 0.0 2
21 4 1 30.0 0.0 3
22 2 1 30.0 0.0 3
23 4 1 30.0 0.0 3
24 4 1 30.0 0.0 3
25 4 1 30.0 0.0 3
26 4 1 30.0 0.0 3
27 2 1 30.0 0.0 3
28 4 1 30.0 0.0 3
29 4 1 30.0 0.0 3
30 4 1 30.0 0.0 3
31 4 1 40.0 0.0 4
32 4 1 40.0 0.0 4
33 4 1 40.0 0.0 4
34 4 1 40.0 0.0 4
35 4 1 40.0 0.0 4
36 4 1 40.0 0.0 4
37 2 1 40.0 0.0 4
38 4 1 40.0 0.0 4
39 4 1 40.0 0.0 4
40 2 1 40.0 0.0 4
41 4 1 9.8481 1.7365 5
42 4 1 9.8481 1.7365 5
43 1 1 9.8481 1.7365 5
44 4 1 9.8481 1.7365 5
45 4 1 9.8481 1.7365 5
46 4 1 9.8481 1.7365 5
47 1 1 9.8481 1.7365 5
48 4 1 9.8481 1.7365 5
49 1 1 9.8481 1.7365 5
50 4 1 9.8481 1.7365 5
51 4 1 9.8481 1.7365 5
52 1 1 9.8481 1.7365 5
53 4 1 9.8481 1.7365 5
54 4 1 9.8481 1.7365 5
55 1 1 9.8481 1.7365 5
56 4 1 9.8481 1.7365 5
57 1 1 9.8481 1.7365 5
58 4 1 9.8481 1.7365 5
59 4 1 9.8481 1.7365 5
60 4 1 9.8481 1.7365 5
61 1 1 19.6962 3.473 6
62 4 1 19.6962 3.473 6
63 4 1 19.6962 3.473 6
64 4 1 19.6962 3.473 6
65 4 1 19.6962 3.473 6
66 1 1 19.6962 3.473 6
67 4 1 19.6962 3.473 6
68 4 1 19.6962 3.473 6
69 4 1 19.6962 3.473 6
70 4 1 19.6962 3.473 6
71 4 1 19.6962 3.473 6
72 1 1 19.6962 3.473 6
73 1 1 19.6962 3.473 6
74 1 1 19.6962 3.473 6
75 4 1 19.6962 3.473 6
76 4 1 19.6962 3.473 6
77 4 1 19.6962 3.473 6
78 4 1 19.6962 3.473 6
79 4 1 19.6962 3.473 6
80 1 1 19.6962 3.473 6
81 4 1 29.5442 5.2094 7
82 4 1 29.5442 5.2094 7
83 4 1 29.5442 5.2094 7
84 4 1 29.5442 5.2094 7
85 1 1 29.5442 5.2094 7
86 4 1 29.5442 5.2094 7
87 1 1 29.5442 5.2094 7
88 4 1 29.5442 5.2094 7
89 4 1 29.5442 5.2094 7
90 4 1 29.5442 5.2094 7
91 4 1 29.5442 5.2094 7
92 4 1 29.5442 5.2094 7
93 4 1 29.5442 5.2094 7
94 1 1 29.5442 5.2094 7
95 1 1 29.5442 5.2094 7
96 4 1 29.5442 5.2094 7
97 4 1 29.5442 5.2094 7
98 1 1 29.5442 5.2094 7
99 4 1 29.5442 5.2094 7
100 1 1 29.5442 5.2094 7
101 1 1 39.3923 6.9459 8
102 4 1 39.3923 6.9459 8
103 1 1 39.3923 6.9459 8
104 4 1 39.3923 6.9459 8
105 4 1 39.3923 6.9459 8
106 1 1 39.3923 6.9459 8
107 4 1 39.3923 6.9459 8
108 4 1 39.3923 6.9459 8
109 4 1 39.3923 6.9459 8
110 4 1 39.3923 6.9459 8
111 4 1 39.3923 6.9459 8
112 4 1 39.3923 6.9459 8
113 4 1 39.3923 6.9459 8
114 4 1 39.3923 6.9459 8
115 4 1 39.3923 6.9459 8
116 1 1 39.3923 6.9459 8
117 4 1 39.3923 6.9459 8
118 4 1 39.3923 6.9459 8
119 4 1 39.3923 6.9459 8
120 1 1 39.3923 6.9459 8
121 2 1 9.3969 3.4202 9
122 2 1 9.3969 3.4202 9
123 2 1 9.3969 3.4202 9
124 2 1 9.3969 3.4202 9
125 2 1 9.3969 3.4202 9
126 2 1 9.3969 3.4202 9
127 1 1 9.3969 3.4202 9
128 2 1 9.3969 3.4202 9
129 2 1 9.3969 3.4202 9
130 2 1 9.3969 3.4202 9
131 2 1 9.3969 3.4202 9
132 2 1 9.3969 3.4202 9
133 2 1 9.3969 3.4202 9
134 2 1 9.3969 3.4202 9
135 2 1 9.3969 3.4202 9
136 2 1 9.3969 3.4202 9
137 2 1 9.3969 3.4202 9
138 2 1 9.3969 3.4202 9
139 2 1 9.3969 3.4202 9
140 2 1 9.3969 3.4202 9
141 2 1 9.3969 3.4202 9
142 2 1 9.3969 3.4202 9
143 2 1 9.3969 3.4202 9
144 2 1 9.3969 3.4202 9
145 2 1 9.3969 3.4202 9
146 2 1 9.3969 3.4202 9
147 2 1 9.3969 3.4202 9
148 2 1 9.3969 3.4202 9
149 1 1 9.3969 3.4202 9
150 2 1 9.3969 3.4202 9
151 2 1 18.7939 6.8404 10
152 2 1 18.7939 6.8404 10
153 2 1 18.7939 6.8404 10
154 2 1 18.7939 6.8404 10
155 2 1 18.7939 6.8404 10
156 2 1 18.7939 6.8404 10
157 2 1 18.7939 6.8404 10
158 2 1 18.7939 6.8404 10
159 2 1 18.7939 6.8404 10
160 2 1 18.7939 6.8404 10
161 2 1 18.7939 6.8404 10
162 2 1 18.7939 6.8404 10
163 2 1 18.7939 6.8404 10
164 2 1 18.7939 6.8404 10
165 2 1 18.7939 6.8404 10
166 1 1 18.7939 6.8404 10
167 1 1 18.7939 6.8404 10
168 2 1 18.7939 6.8404 10
169 2 1 18.7939 6.8404 10
170 2 1 18.7939 6.8404 10
171 1 1 18.7939 6.8404 10
172 2 1 18.7939 6.8404 10
173 2 1 18.7939 6.8404 10
174 2 1 18.7939 6.8404 10
175 2 1 18.7939 6.8404 10
176 2 1 18.7939 6.8404 10
177 2 1 18.7939 6.8404 10
178 2 1 18.7939 6.8404 10
179 2 1 18.7939 6.8404 10
180 1 1 18.7939 6.8404 10
181 1 1 28.1908 10.2606 11
182 2 1 28.1908 10.2606 11
183 2 1 28.1908 10.2606 11
184 2 1 28.1908 10.2606 11
185 2 1 28.1908 10.2606 11
186 2 1 28.1908 10.2606 11
187 1 1 28.1908 10.2606 11
188 2 1 28.1908 10.2606 11
189 2 1 28.1908 10.2606 11
190 2 1 28.1908 10.2606 11
191 2 1 28.1908 10.2606 11
192 2 1 28.1908 10.2606 11
193 2 1 28.1908 10.2606 11
194 2 1 28.1908 10.2606 11
195 1 1 28.1908 10.2606 11
196 2 1 28.1908 10.2606 11
197 2 1 28.1908 10.2606 11
198 2 1 28.1908 10.2606 11
199 1 1 28.1908 10.2606 11
200 2 1 28.1908 10.2606 11
201 2 1 28.1908 10.2606 11
202 1 1 28.1908 10.2606 11
203 2 1 28.1908 10.2606 11
204 2 1 28.1908 10.2606 11
205 2 1 28.1908 10.2606 11
206 2 1 28.1908 10.2606 11
207 2 1 28.1908 10.2606 11
208 2 1 28.1908 10.2606 11
209 2 1 28.1908 10.2606 11
210 2 1 28.1908 10.2606 11
211 1 1 37.5877 13.6808 12
212 2 1 37.5877 13.6808 12
213 2 1 37.5877 13.6808 12
214 2 1 37.5877 13.6808 12
215 2 1 37.5877 13.6808 12
216 2 1 37.5877 13.6808 12
217 2 1 37.5877 13.6808 12
218 2 1 37.5877 13.6808 12
219 2 1 37.5877 13.6808 12
220 2 1 37.5877 13.6808 12
221 2 1 37.5877 13.6808 12
222 2 1 37.5877 13.6808 12
223 2 1 37.5877 13.6808 12
224 2 1 37.5877 13.6808 12
225 2 1 37.5877 13.6808 12
226 1 1 37.5877 13.6808 12
227 1 1 37.5877 13.6808 12
228 2 1 37.5877 13.6808 12
229 2 1 37.5877 13.6808 12
230 2 1 37.5877 13.6808 12
231 2 1 37.5877 13.6808 12
232 2 1 37.5877 13.6808 12
233 2 1 37.5877 13.6808 12
234 2 1 37.5877 13.6808 12
235 2 1 37.5877 13.6808 12
236 1 1 37.5877 13.6808 12
237 2 1 37.5877 13.6808 12
238 2 1 37.5877 13.6808 12
239 2 1 37.5877 13.6808 12
240 1 1 37.5877 13.6808 12
241 4 1 8.6603 5.0 13
242 4 1 8.6603 5.0 13
243 4 1 8.6603 5.0 13
244 4 1 8.6603 5.0 13
245 4 1 8.6603 5.0 13
246 4 1 8.6603 5.0 13
247 2 1 8.6603 5.0 13
248 4 1 8.6603 5.0 13
249 2 1 8.6603 5.0 13
250 2 1 8.6603 5.0 13
251 2 1 17.3205 10.0 14
252 4 1 17.3205 10.0 14
253 4 1 17.3205 10.0 14
254 4 1 17.3205 10.0 14
255 4 1 17.3205 10.0 14
256 4 1 17.3205 10.0 14
257 2 1 17.3205 10.0 14
258 2 1 17.3205 10.0 14
259 4 1 17.3205 10.0 14
260 4 1 17.3205 10.0 14
261 4 1 25.9808 15.0 15
262 4 1 25.9808 15.0 15
263 4 1 25.9808 15.0 15
264 4 1 25.9808 15.0 15
265 2 1 25.9808 15.0 15
266 2 1 25.9808 15.0 15
267 4 1 25.9808 15.0 15
268 2 1 25.9808 15.0 15
269 2 1 25.9808 15.0 15
270 4 1 25.9808 15.0 15
271 4 1 34.641 20.0 16
272 4 1 34.641 20.0 16
273 4 1 34.641 20.0 16
274 4 1 34.641 20.0 16
275 4 1 34.641 20.0 16
276 4 1 34.641 20.0 16
277 4 1 34.641 20.0 16
278 4 1 34.641 20.0 16
279 4 1 34.641 20.0 16
280 4 1 34.641 20.0 16
281 4 1 7.6604 6.4279 17
282 4 1 7.6604 6.4279 17
283 4 1 7.6604 6.4279 17
284 4 1 7.6604 6.4279 17
285 1 1 7.6604 6.4279 17
286 4 1 7.6604 6.4279 17
287 4 1 7.6604 6.4279 17
288 4 1 7.6604 6.4279 17
289 4 1 7.6604 6.4279 17
290 1 1 7.6604 6.4279 17
291 4 1 7.6604 6.4279 17
292 1 1 7.6604 6.4279 17
293 4 1 7.6604 6.4279 17
294 4 1 7.6604 6.4279 17
295 4 1 7.6604 6.4279 17
296 4 1 7.6604 6.4279 17
297 4 1 7.6604 6.4279 17
298 4 1 7.6604 6.4279 17
299 4 1 7.6604 6.4279 17
300 4 1 7.6604 6.4279 17
301 4 1 15.3209 12.8558 18
302 1 1 15.3209 12.8558 18
303 4 1 15.3209 12.8558 18
304 4 1 15.3209 12.8558 18
305 1 1 15.3209 12.8558 18
306 4 1 15.3209 12.8558 18
307 4 1 15.3209 12.8558 18
308 4 1 15.3209 12.8558 18
309 4 1 15.3209 12.8558 18
310 4 1 15.3209 12.8558 18
311 4 1 15.3209 12.8558 18
312 4 1 15.3209 12.8558 18
313 4 1 15.3209 12.8558 18
314 4 1 15.3209 12.8558 18
315 1 1 15.3209 12.8558 18
316 4 1 15.3209 12.8558 18
317 4 1 15.3209 12.8558 18
318 4 1 15.3209 12.8558 18
319 4 1 15.3209 12.8558 18
320 4 1 15.3209 12.8558 18
321 4 1 22.9813 19.2836 19
322 4 1 22.9813 19.2836 19
323 4 1 22.9813 19.2836 19
324 1 1 22.9813 19.2836 19
325 4 1 22.9813 19.2836 19
326 4 1 22.9813 19.2836 19
327 4 1 22.9813 19.2836 19
328 4 1 22.9813 19.2836 19
329 4 1 22.9813 19.2836 19
330 4 1 22.9813 19.2836 19
331 4 1 22.9813 19.2836 19
332 1 1 22.9813 19.2836 19
333 4 1 22.9813 19.2836 19
334 4 1 22.9813 19.2836 19
335 4 1 22.9813 19.2836 19
336 1 1 22.9813 19.2836 19
337 1 1 22.9813 19.2836 19
338 4 1 22.9813 19.2836 19
339 4 1 22.9813 19.2836 19
340 4 1 22.9813 19.2836 19
341 4 1 30.6418 25.7115 20
342 4 1 30.6418 25.7115 20
343 1 1 30.6418 25.7115 20
344 4 1 30.6418 25.7115 20
345 1 1 30.6418 25.7115 20
346 4 1 30.6418 25.7115 20
347 4 1 30.6418 25.7115 20
348 4 1 30.6418 25.7115 20
349 4 1 30.6418 25.7115 20
350 4 1 30.6418 25.7115 20
351 4 1 30.6418 25.7115 20
352 4 1 30.6418 25.7115 20
353 4 1 30.6418 25.7115 20
354 4 1 30.6418 25.7115 20
355 4 1 30.6418 25.7115 20
356 1 1 30.6418 25.7115 20
357 4 1 30.6418 25.7115 20
358 1 1 30.6418 25.7115 20
359 4 1 30.6418 25.7115 20
360 4 1 30.6418 25.7115 20
361 2 1 6.4279 7.6604 21
362 2 1 6.4279 7.6604 21
363 1 1 6.4279 7.6604 21
364 1 1 6.4279 7.6604 21
365 1 1 6.4279 7.6604 21
366 2 1 6.4279 7.6604 21
367 2 1 6.4279 7.6604 21
368 2 1 6.4279 7.6604 21
369 1 1 6.4279 7.6604 21
370 2 1 6.4279 7.6604 21
371 2 1 6.4279 7.6604 21
372 2 1 6.4279 7.6604 21
373 1 1 6.4279 7.6604 21
374 2 1 6.4279 7.6604 21
375 2 1 6.4279 7.6604 21
376 2 1 6.4279 7.6604 21
377 2 1 6.4279 7.6604 21
378 1 1 6.4279 7.6604 21
379 1 1 6.4279 7.6604 21
380 1 1 6.4279 7.6604 21
381 1 1 6.4279 7.6604 21
382 1 1 6.4279 7.6604 21
383 2 1 6.4279 7.6604 21
384 1 1 6.4279 7.6604 21
385 2 1 6.4279 7.6604 21
386 2 1 6.4279 7.6604 21
387 1 1 6.4279 7.6604 21
388 1 1 6.4279 7.6604 21
389 2 1 6.4279 7.6604 21
390 2 1 6.4279 7.6604 21
391 2 1 12.8558 15.3209 22
392 2 1 12.8558 15.3209 22
393 2 1 12.8558 15.3209 22
394 2 1 12.8558 15.3209 22
395 2 1 12.8558 15.3209 22
396 2 1 12.8558 15.3209 22
397 2 1 12.8558 15.3209 22
398 2 1 12.8558 15.3209 22
399 2 1 12.8558 15.3209 22
400 2 1 12.8558 15.3209 22
401 2 1 12.8558 15.3209 22
402 2 1 12.8558 15.3209 22
403 2 1 12.8558 15.3209 22
404 2 1 12.8558 15.3209 22
405 2 1 12.8558 15.3209 22
406 2 1 12.8558 15.3209 22
407 2 1 12.8558 15.3209 22
408 1 1 12.8558 15.3209 22
409 2 1 12.8558 15.3209 22
410 1 1 12.8558 15.3209 22
411 1 1 12.8558 15.3209 22
412 2 1 12.8558 15.3209 22
413 2 1 12.8558 15.3209 22
414 2 1 12.8558 15.3209 22
415 1 1 12.8558 15.3209 22
416 2 1 12.8558 15.3209 22
417 2 1 12.8558 15.3209 22
418 2 1 12.8558 15.3209 22
419 2 1 12.8558 15.3209 22
420 1 1 12.8558 15.3209 22
421 2 1 19.2836 22.9813 23
422 2 1 19.2836 22.9813 23
423 1 1 19.2836 22.9813 23
424 2 1 19.2836 22.9813 23
425 2 1 19.2836 22.9813 23
426 2 1 19.2836 22.9813 23
427 2 1 19.2836 22.9813 23
428 2 1 19.2836 22.9813 23
429 1 1 19.2836 22.9813 23
430 2 1 19.2836 22.9813 23
431 2 1 19.2836 22.9813 23
432 2 1 19.2836 22.9813 23
433 2 1 19.2836 22.9813 23
434 2 1 19.2836 22.9813 23
435 2 1 19.2836 22.9813 23
436 2 1 19.2836 22.9813 23
437 2 1 19.2836 22.9813 23
438 2 1 19.2836 22.9813 23
439 2 1 19.2836 22.9813 23
440 2 1 19.2836 22.9813 23
441 2 1 19.2836 22.9813 23
442 2 1 19.2836 22.9813 23
443 1 1 19.2836 22.9813 23
444 2 1 19.2836 22.9813 23
445 1 1 19.2836 22.9813 23
446 2 1 19.2836 22.9813 23
447 2 1 19.2836 22.9813 23
448 2 1 19.2836 22.9813 23
449 2 1 19.2836 22.9813 23
450 1 1 19.2836 22.9813 23
451 2 1 25.7115 30.6418 24
452 2 1 25.7115 30.6418 24
453 1 1 25.7115 30.6418 24
454 2 1 25.7115 30.6418 24
455 2 1 25.7115 30.6418 24
456 2 1 25.7115 30.6418 24
457 2 1 25.7115 30.6418 24
458 2 1 25.7115 30.6418 24
459 2 1 25.7115 30.6418 24
460 2 1 25.7115 30.6418 24
461 2 1 25.7115 30.6418 24
462 2 1 25.7115 30.6418 24
463 2 1 25.7115 30.6418 24
464 2 1 25.7115 30.6418 24
465 1 1 25.7115 30.6418 24
466 2 1 25.7115 30.6418 24
467 2 1 25.7115 30.6418 24
468 2 1 25.7115 30.6418 24
469 2 1 25.7115 30.6418 24
470 2 1 25.7115 30.6418 24
471 1 1 25.7115 30.6418 24
472 2 1 25.7115 30.6418 24
473 2 1 25.7115 30.6418 24
474 2 1 25.7115 30.6418 24
475 2 1 25.7115 30.6418 24
476 1 1 25.7115 30.6418 24
477 2 1 25.7115 30.6418 24
478 2 1 25.7115 30.6418 24
479 2 1 25.7115 30.6418 24
480 1 1 25.7115 30.6418 24
481 4 1 5.0 8.6603 25
482 4 1 5.0 8.6603 25
483 4 1 5.0 8.6603 25
484 4 1 5.0 8.6603 25
485 4 1 5.0 8.6603 25
486 4 1 5.0 8.6603 25
487 4 1 5.0 8.6603 25
488 4 1 5.0 8.6603 25
489 2 1 5.0 8.6603 25
490 4 1 5.0 8.6603 25
491 2 1 10.0 17.3205 26
492 2 1 10.0 17.3205 26
493 2 1 10.0 17.3205 26
494 4 1 10.0 17.3205 26
495 4 1 10.0 17.3205 26
496 4 1 10.0 17.3205 26
497 4 1 10.0 17.3205 26
498 4 1 10.0 17.3205 26
499 2 1 10.0 17.3205 26
500 4 1 10.0 17.3205 26
501 4 1 15.0 25.9808 27
502 2 1 15.0 25.9808 27
503 2 1 15.0 25.9808 27
504 2 1 15.0 25.9808 27
505 2 1 15.0 25.9808 27
506 4 1 15.0 25.9808 27
507 4 1 15.0 25.9808 27
508 4 1 15.0 25.9808 27
509 4 1 15.0 25.9808 27
510 4 1 15.0 25.9808 27
511 4 1 20.0 34.641 28
512 4 1 20.0 34.641 28
513 4 1 20.0 34.641 28
514 2 1 20.0 34.641 28
515 4 1 20.0 34.641 28
516 4 1 20.0 34.641 28
517 2 1 20.0 34.641 28
518 2 1 20.0 34.641 28
519 4 1 20.0 34.641 28
520 4 1 20.0 34.641 28
521 4 1 3.4202 9.3969 29
522 4 1 3.4202 9.3969 29
523 4 1 3.4202 9.3969 29
524 4 1 3.4202 9.3969 29
525 1 1 3.4202 9.3969 29
526 4 1 3.4202 9.3969 29
527 4 1 3.4202 9.3969 29
528 4 1 3.4202 9.3969 29
529 1 1 3.4202 9.3969 29
530 4 1 3.4202 9.3969 29
531 4 1 3.4202 9.3969 29
532 4 1 3.4202 9.3969 29
533 1 1 3.4202 9.3969 29
534 4 1 3.4202 9.3969 29
535 4 1 3.4202 9.3969 29
536 1 1 3.4202 9.3969 29
537 1 1 3.4202 9.3969 29
538 4 1 3.4202 9.3969 29
539 4 1 3.4202 9.3969 29
540 1 1 3.4202 9.3969 29
541 4 1 6.8404 18.7939 30
542 4 1 6.8404 18.7939 30
543 1 1 6.8404 18.7939 30
544 4 1 6.8404 18.7939 30
545 1 1 6.8404 18.7939 30
546 4 1 6.8404 18.7939 30
547 4 1 6.8404 18.7939 30
548 4 1 6.8404 18.7939 30
549 4 1 6.8404 18.7939 30
550 4 1 6.8404 18.7939 30
551 4 1 6.8404 18.7939 30
552 1 1 6.8404 18.7939 30
553 4 1 6.8404 18.7939 30
554 4 1 6.8404 18.7939 30
555 4 1 6.8404 18.7939 30
556 4 1 6.8404 18.7939 30
557 1 1 6.8404 18.7939 30
558 4 1 6.8404 18.7939 30
559 1 1 6.8404 18.7939 30
560 4 1 6.8404 18.7939 30
561 1 1 10.2606 28.1908 31
562 1 1 10.2606 28.1908 31
563 4 1 10.2606 28.1908 31
564 4 1 10.2606 28.1908 31
565 4 1 10.2606 28.1908 31
566 1 1 10.2606 28.1908 31
567 4 1 10.2606 28.1908 31
568 4 1 10.2606 28.1908 31
569 4 1 10.2606 28.1908 31
570 4 1 10.2606 28.1908 31
571 1 1 10.2606 28.1908 31
572 4 1 10.2606 28.1908 31
573 4 1 10.2606 28.1908 31
574 4 1 10.2606 28.1908 31
575 4 1 10.2606 28.1908 31
576 1 1 10.2606 28.1908 31
577 4 1 10.2606 28.1908 31
578 4 1 10.2606 28.1908 31
579 4 1 10.2606 28.1908 31
580 4 1 10.2606 28.1908 31
581 4 1 13.6808 37.5877 32
582 4 1 13.6808 37.5877 32
583 4 1 13.6808 37.5877 32
584 1 1 13.6808 37.5877 32
585 4 1 13.6808 37.5877 32
586 1 1 13.6808 37.5877 32
587 4 1 13.6808 37.5877 32
588 4 1 13.6808 37.5877 32
589 4 1 13.6808 37.5877 32
590 4 1 13.6808 37.5877 32
591 1 1 13.6808 37.5877 32
592 4 1 13.6808 37.5877 32
593 1 1 13.6808 37.5877 32
594 1 1 13.6808 37.5877 32
595 4 1 13.6808 37.5877 32
596 4 1 13.6808 37.5877 32
597 4 1 13.6808 37.5877 32
598 4 1 13.6808 37.5877 32
599 1 1 13.6808 37.5877 32
600 4 1 13.6808 37.5877 32
601 2 1 1.7365 9.8481 33
602 2 1 1.7365 9.8481 33
603 2 1 1.7365 9.8481 33
604 2 1 1.7365 9.8481 33
605 2 1 1.7365 9.8481 33
606 2 1 1.7365 9.8481 33
607 2 1 1.7365 9.8481 33
608 1 1 1.7365 9.8481 33
609 2 1 1.7365 9.8481 33
610 2 1 1.7365 9.8481 33
611 2 1 1.7365 9.8481 33
612 2 1 1.7365 9.8481 33
613 2 1 1.7365 9.8481 33
614 2 1 1.7365 9.8481 33
615 1 1 1.7365 9.8481 33
616 2 1 1.7365 9.8481 33
617 1 1 1.7365 9.8481 33
618 2 1 1.7365 9.8481 33
619 2 1 1.7365 9.8481 33
620 2 1 1.7365 9.8481 33
621 1 1 1.7365 9.8481 33
622 1 1 1.7365 9.8481 33
623 2 1 1.7365 9.8481 33
624 2 1 1.7365 9.8481 33
625 2 1 1.7365 9.8481 33
626 2 1 1.7365 9.8481 33
627 2 1 1.7365 9.8481 33
628 1 1 1.7365 9.8481 33
629 2 1 1.7365 9.8481 33
630 2 1 1.7365 9.8481 33
631 2 1 3.473 19.6962 34
632 2 1 3.473 19.6962 34
633 1 1 3.473 19.6962 34
634 2 1 3.473 19.6962 34
635 2 1 3.473 19.6962 34
636 2 1 3.473 19.6962 34
637 2 1 3.473 19.6962 34
638 2 1 3.473 19.6962 34
639 1 1 3.473 19.6962 34
640 2 1 3.473 19.6962 34
641 1 1 3.473 19.6962 34
642 1 1 3.473 19.6962 34
643 1 1 3.473 19.6962 34
644 2 1 3.473 19.6962 34
645 2 1 3.473 19.6962 34
646 2 1 3.473 19.6962 34
647 2 1 3.473 19.6962 34
648 2 1 3.473 19.6962 34
649 2 1 3.473 19.6962 34
650 2 1 3.473 19.6962 34
651 2 1 3.473 19.6962 34
652 2 1 3.473 19.6962 34
653 2 1 3.473 19.6962 34
654 2 1 3.473 19.6962 34
655 2 1 3.473 19.6962 34
656 2 1 3.473 19.6962 34
657 2 1 3.473 19.6962 34
658 2 1 3.473 19.6962 34
659 2 1 3.473 19.6962 34
660 2 1 3.473 19.6962 34
661 2 1 5.2094 29.5442 35
662 1 1 5.2094 29.5442 35
663 1 1 5.2094 29.5442 35
664 2 1 5.2094 29.5442 35
665 1 1 5.2094 29.5442 35
666 2 1 5.2094 29.5442 35
667 2 1 5.2094 29.5442 35
668 2 1 5.2094 29.5442 35
669 2 1 5.2094 29.5442 35
670 2 1 5.2094 29.5442 35
671 1 1 5.2094 29.5442 35
672 2 1 5.2094 29.5442 35
673 1 1 5.2094 29.5442 35
674 1 1 5.2094 29.5442 35
675 2 1 5.2094 29.5442 35
676 2 1 5.2094 29.5442 35
677 1 1 5.2094 29.5442 35
678 2 1 5.2094 29.5442 35
679 2 1 5.2094 29.5442 35
680 2 1 5.2094 29.5442 35
681 2 1 5.2094 29.5442 35
682 2 1 5.2094 29.5442 35
683 2 1 5.2094 29.5442 35
684 2 1 5.2094 29.5442 35
685 1 1 5.2094 29.5442 35
686 2 1 5.2094 29.5442 35
687 2 1 5.2094 29.5442 35
688 2 1 5.2094 29.5442 35
689 2 1 5.2094 29.5442 35
690 2 1 5.2094 29.5442 35
691 2 1 6.9459 39.3923 36
692 2 1 6.9459 39.3923 36
693 1 1 6.9459 39.3923 36
694 2 1 6.9459 39.3923 36
695 2 1 6.9459 39.3923 36
696 1 1 6.9459 39.3923 36
697 2 1 6.9459 39.3923 36
698 1 1 6.9459 39.3923 36
699 2 1 6.9459 39.3923 36
700 1 1 6.9459 39.3923 36
701 2 1 6.9459 39.3923 36
702 1 1 6.9459 39.3923 36
703 2 1 6.9459 39.3923 36
704 2 1 6.9459 39.3923 36
705 1 1 6.9459 39.3923 36
706 1 1 6.9459 39.3923 36
707 2 1 6.9459 39.3923 36
708 2 1 6.9459 39.3923 36
709 1 1 6.9459 39.3923 36
710 2 1 6.9459 39.3923 36
711 2 1 6.9459 39.3923 36
712 2 1 6.9459 39.3923 36
713 2 1 6.9459 39.3923 36
714 2 1 6.9459 39.3923 36
715 2 1 6.9459 39.3923 36
716 2 1 6.9459 39.3923 36
717 2 1 6.9459 39.3923 36
718 2 1 6.9459 39.3923 36
719 2 1 6.9459 39.3923 36
720 1 1 6.9459 39.3923 36
721 4 1 0.0 10.0 37
722 4 1 0.0 10.0 37
723 4 1 0.0 10.0 37
724 4 1 0.0 10.0 37
725 4 1 0.0 10.0 37
726 2 1 0.0 10.0 37
727 4 1 0.0 10.0 37
728 4 1 0.0 10.0 37
729 4 1 0.0 10.0 37
730 4 1 0.0 10.0 37
731 4 1 0.0 20.0 38
732 2 1 0.0 20.0 38
733 4 1 0.0 20.0 38
734 4 1 0.0 20.0 38
735 4 1 0.0 20.0 38
736 4 1 0.0 20.0 38
737 2 1 0.0 20.0 38
738 2 1 0.0 20.0 38
739 4 1 0.0 20.0 38
740 4 1 0.0 20.0 38
741 4 1 0.0 30.0 39
742 2 1 0.0 30.0 39
743 2 1 0.0 30.0 39
744 4 1 0.0 30.0 39
745 4 1 0.0 30.0 39
746 4 1 0.0 30.0 39
747 4 1 0.0 30.0 39
748 4 1 0.0 30.0 39
749 4 1 0.0 30.0 39
750 4 1 0.0 30.0 39
751 4 1 0.0 40.0 40
752 4 1 0.0 40.0 40
753 4 1 0.0 40.0 40
754 4 1 0.0 40.0 40
755 4 1 0.0 40.0 40
756 4 1 0.0 40.0 40
757 2 1 0.0 40.0 40
758 2 1 0.0 40.0 40
759 2 1 0.0 40.0 40
760 4 1 0.0 40.0 40
761 4 1 -1.7365 9.8481 41
762 4 1 -1.7365 9.8481 41
763 4 1 -1.7365 9.8481 41
764 1 1 -1.7365 9.8481 41
765 1 1 -1.7365 9.8481 41
766 1 1 -1.7365 9.8481 41
767 1 1 -1.7365 9.8481 41
768 4 1 -1.7365 9.8481 41
769 4 1 -1.7365 9.8481 41
770 1 1 -1.7365 9.8481 41
771 4 1 -1.7365 9.8481 41
772 4 1 -1.7365 9.8481 41
773 4 1 -1.7365 9.8481 41
774 4 1 -1.7365 9.8481 41
775 4 1 -1.7365 9.8481 41
776 1 1 -1.7365 9.8481 41
777 1 1 -1.7365 9.8481 41
778 4 1 -1.7365 9.8481 41
779 4 1 -1.7365 9.8481 41
780 1 1 -1.7365 9.8481 41
781 4 1 -3.473 19.6962 42
782 1 1 -3.473 19.6962 42
783 4 1 -3.473 19.6962 42
784 4 1 -3.473 19.6962 42
785 4 1 -3.473 19.6962 42
786 4 1 -3.473 19.6962 42
787 4 1 -3.473 19.6962 42
788 1 1 -3.473 19.6962 42
789 4 1 -3.473 19.6962 42
790 4 1 -3.473 19.6962 42
791 1 1 -3.473 19.6962 42
792 4 1 -3.473 19.6962 42
793 4 1 -3.473 19.6962 42
794 4 1 -3.473 19.6962 42
795 4 1 -3.473 19.6962 42
796 4 1 -3.473 19.6962 42
797 4 1 -3.473 19.6962 42
798 4 1 -3.473 19.6962 42
799 4 1 -3.473 19.6962 42
800 4 1 -3.473 19.6962 42
801 4 1 -5.2094 29.5442 43
802 4 1 -5.2094 29.5442 43
803 4 1 -5.2094 29.5442 43
804 4 1 -5.2094 29.5442 43
805 4 1 -5.2094 29.5442 43
806 4 1 -5.2094 29.5442 43
807 4 1 -5.2094 29.5442 43
808 1 1 -5.2094 29.5442 43
809 4 1 -5.2094 29.5442 43
810 4 1 -5.2094 29.5442 43
811 4 1 -5.2094 29.5442 43
812 4 1 -5.2094 29.5442 43
813 4 1 -5.2094 29.5442 43
814 4 1 -5.2094 29.5442 43
815 4 1 -5.2094 29.5442 43
816 4 1 -5.2094 29.5442 43
817 4 1 -5.2094 29.5442 43
818 4 1 -5.2094 29.5442 43
819 4 1 -5.2094 29.5442 43
820 4 1 -5.2094 29.5442 43
821 4 1 -6.9459 39.3923 44
822 4 1 -6.9459 39.3923 44
823 1 1 -6.9459 39.3923 44
824 4 1 -6.9459 39.3923 44
825 4 1 -6.9459 39.3923 44
826 4 1 -6.9459 39.3923 44
827 4 1 -6.9459 39.3923 44
828 1 1 -6.9459 39.3923 44
829 4 1 -6.9459 39.3923 44
830 4 1 -6.9459 39.3923 44
831 4 1 -6.9459 39.3923 44
832 4 1 -6.9459 39.3923 44
833 4 1 -6.9459 39.3923 44
834 1 1 -6.9459 39.3923 44
835 4 1 -6.9459 39.3923 44
836 1 1 -6.9459 39.3923 44
837 4 1 -6.9459 39.3923 44
838 4 1 -6.9459 39.3923 44
839 4 1 -6.9459 39.3923 44
840 4 1 -6.9459 39.3923 44
841 2 1 -3.4202 9.3969 45
842 2 1 -3.4202 9.3969 45
843 2 1 -3.4202 9.3969 45
844 2 1 -3.4202 9.3969 45
845 2 1 -3.4202 9.3969 45
846 2 1 -3.4202 9.3969 45
847 2 1 -3.4202 9.3969 45
848 1 1 -3.4202 9.3969 45
849 2 1 -3.4202 9.3969 45
850 2 1 -3.4202 9.3969 45
851 2 1 -3.4202 9.3969 45
852 2 1 -3.4202 9.3969 45
853 2 1 -3.4202 9.3969 45
854 2 1 -3.4202 9.3969 45
855 2 1 -3.4202 9.3969 45
856 2 1 -3.4202 9.3969 45
857 1 1 -3.4202 9.3969 45
858 1 1 -3.4202 9.3969 45
859 2 1 -3.4202 9.3969 45
860 1 1 -3.4202 9.3969 45
861 1 1 -3.4202 9.3969 45
862 1 1 -3.4202 9.3969 45
863 2 1 -3.4202 9.3969 45
864 2 1 -3.4202 9.3969 45
865 2 1 -3.4202 9.3969 45
866 2 1 -3.4202 9.3969 45
867 2 1 -3.4202 9.3969 45
868 2 1 -3.4202 9.3969 45
869 2 1 -3.4202 9.3969 45
870 1 1 -3.4202 9.3969 45
871 2 1 -6.8404 18.7939 46
872 2 1 -6.8404 18.7939 46
873 2 1 -6.8404 18.7939 46
874 2 1 -6.8404 18.7939 46
875 2 1 -6.8404 18.7939 46
876 2 1 -6.8404 18.7939 46
877 1 1 -6.8404 18.7939 46
878 2 1 -6.8404 18.7939 46
879 2 1 -6.8404 18.7939 46
880 2 1 -6.8404 18.7939 46
881 2 1 -6.8404 18.7939 46
882 2 1 -6.8404 18.7939 46
883 1 1 -6.8404 18.7939 46
884 2 1 -6.8404 18.7939 46
885 2 1 -6.8404 18.7939 46
886 2 1 -6.8404 18.7939 46
887 2 1 -6.8404 18.7939 46
888 2 1 -6.8404 18.7939 46
889 2 1 -6.8404 18.7939 46
890 2 1 -6.8404 18.7939 46
891 1 1 -6.8404 18.7939 46
892 2 1 -6.8404 18.7939 46
893 1 1 -6.8404 18.7939 46
894 2 1 -6.8404 18.7939 46
895 2 1 -6.8404 18.7939 46
896 2 1 -6.8404 18.7939 46
897 2 1 -6.8404 18.7939 46
898 2 1 -6.8404 18.7939 46
899 2 1 -6.8404 18.7939 46
900 1 1 -6.8404 18.7939 46
901 2 1 -10.2606 28.1908 47
902 1 1 -10.2606 28.1908 47
903 2 1 -10.2606 28.1908 47
904 1 1 -10.2606 28.1908 47
905 2 1 -10.2606 28.1908 47
906 2 1 -10.2606 28.1908 47
907 2 1 -10.2606 28.1908 47
908 2 1 -10.2606 28.1908 47
909 2 1 -10.2606 28.1908 47
910 2 1 -10.2606 28.1908 47
911 2 1 -10.2606 28.1908 47
912 1 1 -10.2606 28.1908 47
913 2 1 -10.2606 28.1908 47
914 1 1 -10.2606 28.1908 47
915 2 1 -10.2606 28.1908 47
916 2 1 -10.2606 28.1908 47
917 2 1 -10.2606 28.1908 47
918 2 1 -10.2606 28.1908 47
919 2 1 -10.2606 28.1908 47
920 1 1 -10.2606 28.1908 47
921 2 1 -10.2606 28.1908 47
922 1 1 -10.2606 28.1908 47
923 2 1 -10.2606 28.1908 47
924 2 1 -10.2606 28.1908 47
925 2 1 -10.2606 28.1908 47
926 2 1 -10.2606 28.1908 47
927 2 1 -10.2606 28.1908 47
928 2 1 -10.2606 28.1908 47
929 1 1 -10.2606 28.1908 47
930 2 1 -10.2606 28.1908 47
931 2 1 -13.6808 37.5877 48
932 2 1 -13.6808 37.5877 48
933 2 1 -13.6808 37.5877 48
934 2 1 -13.6808 37.5877 48
935 2 1 -13.6808 37.5877 48
936 2 1 -13.6808 37.5877 48
937 1 1 -13.6808 37.5877 48
938 2 1 -13.6808 37.5877 48
939 2 1 -13.6808 37.5877 48
940 2 1 -13.6808 37.5877 48
941 2 1 -13.6808 37.5877 48
942 2 1 -13.6808 37.5877 48
943 2 1 -13.6808 37.5877 48
944 2 1 -13.6808 37.5877 48
945 2 1 -13.6808 37.5877 48
946 2 1 -13.6808 37.5877 48
947 2 1 -13.6808 37.5877 48
948 2 1 -13.6808 37.5877 48
949 2 1 -13.6808 37.5877 48
950 2 1 -13.6808 37.5877 48
951 1 1 -13.6808 37.5877 48
952 2 1 -13.6808 37.5877 48
953 1 1 -13.6808 37.5877 48
954 2 1 -13.6808 37.5877 48
955 2 1 -13.6808 37.5877 48
956 2 1 -13.6808 37.5877 48
957 2 1 -13.6808 37.5877 48
958 2 1 -13.6808 37.5877 48
959 1 1 -13.6808 37.5877 48
960 2 1 -13.6808 37.5877 48
961 4 1 -5.0 8.6603 49
962 4 1 -5.0 8.6603 49
963 4 1 -5.0 8.6603 49
964 2 1 -5.0 8.6603 49
965 4 1 -5.0 8.6603 49
966 4 1 -5.0 8.6603 49
967 4 1 -5.0 8.6603 49
968 4 1 -5.0 8.6603 49
969 4 1 -5.0 8.6603 49
970 4 1 -5.0 8.6603 49
971 4 1 -10.0 17.3205 50
972 4 1 -10.0 17.3205 50
973 4 1 -10.0 17.3205 50
974 2 1 -10.0 17.3205 50
975 4 1 -10.0 17.3205 50
976 4 1 -10.0 17.3205 50
977 4 1 -10.0 17.3205 50
978 4 1 -10.0 17.3205 50
979 2 1 -10.0 17.3205 50
980 4 1 -10.0 17.3205 50
981 4 1 -15.0 25.9808 51
982 4 1 -15.0 25.9808 51
983 4 1 -15.0 25.9808 51
984 4 1 -15.0 25.9808 51
985 4 1 -15.0 25.9808 51
986 2 1 -15.0 25.9808 51
987 2 1 -15.0 25.9808 51
988 4 1 -15.0 25.9808 51
989 4 1 -15.0 25.9808 51
990 4 1 -15.0 25.9808 51
991 2 1 -20.0 34.641 52
992 4 1 -20.0 34.641 52
993 4 1 -20.0 34.641 52
994 4 1 -20.0 34.641 52
995 2 1 -20.0 34.641 52
996 4 1 -20.0 34.641 52
997 4 1 -20.0 34.641 52
998 4 1 -20.0 34.641 52
999 2 1 -20.0 34.641 52
1000 4 1 -20.0 34.641 52
1001 4 1 -6.4279 7.6604 53
1002 4 1 -6.4279 7.6604 53
1003 4 1 -6.4279 7.6604 53
1004 1 1 -6.4279 7.6604 53
1005 4 1 -6.4279 7.6604 53
1006 1 1 -6.4279 7.6604 53
1007 4 1 -6.4279 7.6604 53
1008 4 1 -6.4279 7.6604 53
1009 4 1 -6.4279 7.6604 53
1010 4 1 -6.4279 7.6604 53
1011 4 1 -6.4279 7.6604 53
1012 4 1 -6.4279 7.6604 53
1013 4 1 -6.4279 7.6604 53
1014 4 1 -6.4279 7.6604 53
1015 4 1 -6.4279 7.6604 53
1016 4 1 -6.4279 7.6604 53
1017 4 1 -6.4279 7.6604 53
1018 4 1 -6.4279 7.6604 53
1019 1 1 -6.4279 7.6604 53
1020 1 1 -6.4279 7.6604 53
1021 1 1 -12.8558 15.3209 54
1022 4 1 -12.8558 15.3209 54
1023 4 1 -12.8558 15.3209 54
1024 4 1 -12.8558 15.3209 54
1025 4 1 -12.8558 15.3209 54
1026 4 1 -12.8558 15.3209 54
1027 4 1 -12.8558 15.3209 54
1028 4 1 -12.8558 15.3209 54
1029 4 1 -12.8558 15.3209 54
1030 4 1 -12.8558 15.3209 54
1031 1 1 -12.8558 15.3209 54
1032 4 1 -12.8558 15.3209 54
1033 1 1 -12.8558 15.3209 54
1034 4 1 -12.8558 15.3209 54
1035 4 1 -12.8558 15.3209 54
1036 4 1 -12.8558 15.3209 54
1037 1 1 -12.8558 15.3209 54
1038 4 1 -12.8558 15.3209 54
1039 4 1 -12.8558 15.3209 54
1040 1 1 -12.8558 15.3209 54
1041 4 1 -19.2836 22.9813 55
1042 4 1 -19.2836 22.9813 55
1043 1 1 -19.2836 22.9813 55
1044 4 1 -19.2836 22.9813 55
1045 4 1 -19.2836 22.9813 55
1046 4 1 -19.2836 22.9813 55
1047 4 1 -19.2836 22.9813 55
1048 1 1 -19.2836 22.9813 55
1049 4 1 -19.2836 22.9813 55
1050 4 1 -19.2836 22.9813 55
1051 4 1 -19.2836 22.9813 55
1052 1 1 -19.2836 22.9813 55
1053 4 1 -19.2836 22.9813 55
1054 4 1 -19.2836 22.9813 55
1055 4 1 -19.2836 22.9813 55
1056 4 1 -19.2836 22.9813 55
1057 4 1 -19.2836 22.9813 55
1058 4 1 -19.2836 22.9813 55
1059 4 1 -19.2836 22.9813 55
1060 4 1 -19.2836 22.9813 55
1061 4 1 -25.7115 30.6418 56
1062 4 1 -25.7115 30.6418 56
1063 1 1 -25.7115 30.6418 56
1064 4 1 -25.7115 30.6418 56
1065 4 1 -25.7115 30.6418 56
1066 1 1 -25.7115 30.6418 56
1067 4 1 -25.7115 30.6418 56
1068 4 1 -25.7115 30.6418 56
1069 1 1 -25.7115 30.6418 56
1070 4 1 -25.7115 30.6418 56
1071 4 1 -25.7115 30.6418 56
1072 4 1 -25.7115 30.6418 56
1073 4 1 -25.7115 30.6418 56
1074 4 1 -25.7115 30.6418 56
1075 4 1 -25.7115 30.6418 56
1076 4 1 -25.7115 30.6418 56
1077 4 1 -25.7115 30.6418 56
1078 1 1 -25.7115 30.6418 56
1079 4 1 -25.7115 30.6418 56
1080 4 1 -25.7115 30.6418 56
1081 2 1 -7.6604 6.4279 57
1082 2 1 -7.6604 6.4279 57
1083 2 1 -7.6604 6.4279 57
1084 2 1 -7.6604 6.4279 57
1085 1 1 -7.6604 6.4279 57
1086 1 1 -7.6604 6.4279 57
1087 2 1 -7.6604 6.4279 57
1088 2 1 -7.6604 6.4279 57
1089 1 1 -7.6604 6.4279 57
1090 2 1 -7.6604 6.4279 57
1091 2 1 -7.6604 6.4279 57
1092 2 1 -7.6604 6.4279 57
1093 2 1 -7.6604 6.4279 57
1094 2 1 -7.6604 6.4279 57
1095 2 1 -7.6604 6.4279 57
1096 2 1 -7.6604 6.4279 57
1097 2 1 -7.6604 6.4279 57
1098 2 1 -7.6604 6.4279 57
1099 2 1 -7.6604 6.4279 57
1100 2 1 -7.6604 6.4279 57
1101 2 1 -7.6604 6.4279 57
1102 2 1 -7.6604 6.4279 57
1103 2 1 -7.6604 6.4279 57
1104 2 1 -7.6604 6.4279 57
1105 2 1 -7.6604 6.4279 57
1106 2 1 -7.6604 6.4279 57
1107 2 1 -7.6604 6.4279 57
1108 1 1 -7.6604 6.4279 57
1109 2 1 -7.6604 6.4279 57
1110 2 1 -7.6604 6.4279 57
1111 2 1 -15.3209 12.8558 58
1112 2 1 -15.3209 12.8558 58
1113 1 1 -15.3209 12.8558 58
1114 2 1 -15.3209 12.8558 58
1115 2 1 -15.3209 12.8558 58
1116 1 1 -15.3209 12.8558 58
1117 1 1 -15.3209 12.8558 58
1118 2 1 -15.3209 12.8558 58
1119 2 1 -15.3209 12.8558 58
1120 2 1 -15.3209 12.8558 58
1121 2 1 -15.3209 12.8558 58
1122 2 1 -15.3209 12.8558 58
1123 1 1 -15.3209 12.8558 58
1124 1 1 -15.3209 12.8558 58
1125 2 1 -15.3209 12.8558 58
1126 2 1 -15.3209 12.8558 58
1127 1 1 -15.3209 12.8558 58
1128 2 1 -15.3209 12.8558 58
1129 2 1 -15.3209 12.8558 58
1130 2 1 -15.3209 12.8558 58
1131 1 1 -15.3209 12.8558 58
1132 2 1 -15.3209 12.8558 58
1133 2 1 -15.3209 12.8558 58
1134 2 1 -15.3209 12.8558 58
1135 2 1 -15.3209 12.8558 58
1136 2 1 -15.3209 12.8558 58
1137 2 1 -15.3209 12.8558 58
1138 2 1 -15.3209 12.8558 58
1139 2 1 -15.3209 12.8558 58
1140 1 1 -15.3209 12.8558 58
1141 2 1 -22.9813 19.2836 59
1142 2 1 -22.9813 19.2836 59
1143 2 1 -22.9813 19.2836 59
1144 2 1 -22.9813 19.2836 59
1145 2 1 -22.9813 19.2836 59
1146 1 1 -22.9813 19.2836 59
1147 2 1 -22.9813 19.2836 59
1148 2 1 -22.9813 19.2836 59
1149 2 1 -22.9813 19.2836 59
1150 2 1 -22.9813 19.2836 59
1151 2 1 -22.9813 19.2836 59
1152 2 1 -22.9813 19.2836 59
1153 2 1 -22.9813 19.2836 59
1154 2 1 -22.9813 19.2836 59
1155 2 1 -22.9813 19.2836 59
1156 2 1 -22.9813 19.2836 59
1157 2 1 -22.9813 19.2836 59
1158 2 1 -22.9813 19.2836 59
1159 1 1 -22.9813 19.2836 59
1160 2 1 -22.9813 19.2836 59
1161 2 1 -22.9813 19.2836 59
1162 2 1 -22.9813 19.2836 59
1163 2 1 -22.9813 19.2836 59
1164 2 1 -22.9813 19.2836 59
1165 2 1 -22.9813 19.2836 59
1166 1 1 -22.9813 19.2836 59
1167 2 1 -22.9813 19.2836 59
1168 2 1 -22.9813 19.2836 59
1169 1 1 -22.9813 19.2836 59
1170 2 1 -22.9813 19.2836 59
1171 2 1 -30.6418 25.7115 60
1172 2 1 -30.6418 25.7115 60
1173 2 1 -30.6418 25.7115 60
1174 2 1 -30.6418 25.7115 60
1175 2 1 -30.6418 25.7115 60
1176 2 1 -30.6418 25.7115 60
1177 1 1 -30.6418 25.7115 60
1178 1 1 -30.6418 25.7115 60
1179 2 1 -30.6418 25.7115 60
1180 2 1 -30.6418 25.7115 60
1181 2 1 -30.6418 25.7115 60
1182 2 1 -30.6418 25.7115 60
1183 2 1 -30.6418 25.7115 60
1184 2 1 -30.6418 25.7115 60
1185 2 1 -30.6418 25.7115 60
1186 2 1 -30.6418 25.7115 60
1187 1 1 -30.6418 25.7115 60
1188 2 1 -30.6418 25.7115 60
1189 2 1 -30.6418 25.7115 60
1190 2 1 -30.6418 25.7115 60
1191 2 1 -30.6418 25.7115 60
1192 1 1 -30.6418 25.7115 60
1193 2 1 -30.6418 25.7115 60
1194 2 1 -30.6418 25.7115 60
1195 2 1 -30.6418 25.7115 60
1196 2 1 -30.6418 25.7115 60
1197 2 1 -30.6418 25.7115 60
1198 2 1 -30.6418 25.7115 60
1199 2 1 -30.6418 25.7115 60
1200 2 1 -30.6418 25.7115 60
1201 4 1 -8.6603 5.0 61
1202 2 1 -8.6603 5.0 61
1203 4 1 -8.6603 5.0 61
1204 2 1 -8.6603 5.0 61
1205 4 1 -8.6603 5.0 61
1206 4 1 -8.6603 5.0 61
1207 4 1 -8.6603 5.0 61
1208 2 1 -8.6603 5.0 61
1209 4 1 -8.6603 5.0 61
1210 4 1 -8.6603 5.0 61
1211 2 1 -17.3205 10.0 62
1212 4 1 -17.3205 10.0 62
1213 2 1 -17.3205 10.0 62
1214 4 1 -17.3205 10.0 62
1215 4 1 -17.3205 10.0 62
1216 4 1 -17.3205 10.0 62
1217 2 1 -17.3205 10.0 62
1218 4 1 -17.3205 10.0 62
1219 4 1 -17.3205 10.0 62
1220 4 1 -17.3205 10.0 62
1221 4 1 -25.9808 15.0 63
1222 2 1 -25.9808 15.0 63
1223 4 1 -25.9808 15.0 63
1224 4 1 -25.9808 15.0 63
1225 4 1 -25.9808 15.0 63
1226 4 1 -25.9808 15.0 63
1227 4 1 -25.9808 15.0 63
1228 4 1 -25.9808 15.0 63
1229 4 1 -25.9808 15.0 63
1230 2 1 -25.9808 15.0 63
1231 4 1 -34.641 20.0 64
1232 4 1 -34.641 20.0 64
1233 4 1 -34.641 20.0 64
1234 4 1 -34.641 20.0 64
1235 4 1 -34.641 20.0 64
1236 4 1 -34.641 20.0 64
1237 4 1 -34.641 20.0 64
1238 4 1 -34.641 20.0 64
1239 4 1 -34.641 20.0 64
1240 4 1 -34.641 20.0 64
1241 4 1 -9.3969 3.4202 65
1242 1 1 -9.3969 3.4202 65
1243 4 1 -9.3969 3.4202 65
1244 4 1 -9.3969 3.4202 65
1245 4 1 -9.3969 3.4202 65
1246 1 1 -9.3969 3.4202 65
1247 1 1 -9.3969 3.4202 65
1248 4 1 -9.3969 3.4202 65
1249 4 1 -9.3969 3.4202 65
1250 4 1 -9.3969 3.4202 65
1251 4 1 -9.3969 3.4202 65
1252 1 1 -9.3969 3.4202 65
1253 4 1 -9.3969 3.4202 65
1254 4 1 -9.3969 3.4202 65
1255 4 1 -9.3969 3.4202 65
1256 4 1 -9.3969 3.4202 65
1257 4 1 -9.3969 3.4202 65
1258 4 1 -9.3969 3.4202 65
1259 4 1 -9.3969 3.4202 65
1260 1 1 -9.3969 3.4202 65
1261 4 1 -18.7939 6.8404 66
1262 4 1 -18.7939 6.8404 66
1263 4 1 -18.7939 6.8404 66
1264 4 1 -18.7939 6.8404 66
1265 4 1 -18.7939 6.8404 66
1266 4 1 -18.7939 6.8404 66
1267 4 1 -18.7939 6.8404 66
1268 4 1 -18.7939 6.8404 66
1269 4 1 -18.7939 6.8404 66
1270 1 1 -18.7939 6.8404 66
1271 4 1 -18.7939 6.8404 66
1272 4 1 -18.7939 6.8404 66
1273 4 1 -18.7939 6.8404 66
1274 4 1 -18.7939 6.8404 66
1275 4 1 -18.7939 6.8404 66
1276 4 1 -18.7939 6.8404 66
1277 4 1 -18.7939 6.8404 66
1278 4 1 -18.7939 6.8404 66
1279 4 1 -18.7939 6.8404 66
1280 4 1 -18.7939 6.8404 66
1281 4 1 -28.1908 10.2606 67
1282 4 1 -28.1908 10.2606 67
1283 4 1 -28.1908 10.2606 67
1284 1 1 -28.1908 10.2606 67
1285 4 1 -28.1908 10.2606 67
1286 4 1 -28.1908 10.2606 67
1287 4 1 -28.1908 10.2606 67
1288 4 1 -28.1908 10.2606 67
1289 4 1 -28.1908 10.2606 67
1290 4 1 -28.1908 10.2606 67
1291 4 1 -28.1908 10.2606 67
1292 4 1 -28.1908 10.2606 67
1293 4 1 -28.1908 10.2606 67
1294 4 1 -28.1908 10.2606 67
1295 4 1 -28.1908 10.2606 67
1296 4 1 -28.1908 10.2606 67
1297 1 1 -28.1908 10.2606 67
1298 4 1 -28.1908 10.2606 67
1299 1 1 -28.1908 10.2606 67
1300 1 1 -28.1908 10.2606 67
1301 4 1 -37.5877 13.6808 68
1302 4 1 -37.5877 13.6808 68
1303 4 1 -37.5877 13.6808 68
1304 4 1 -37.5877 13.6808 68
1305 1 1 -37.5877 13.6808 68
1306 4 1 -37.5877 13.6808 68
1307 4 1 -37.5877 13.6808 68
1308 4 1 -37.5877 13.6808 68
1309 4 1 -37.5877 13.6808 68
1310 4 1 -37.5877 13.6808 68
1311 4 1 -37.5877 13.6808 68
1312 4 1 -37.5877 13.6808 68
1313 4 1 -37.5877 13.6808 68
1314 4 1 -37.5877 13.6808 68
1315 4 1 -37.5877 13.6808 68
1316 4 1 -37.5877 13.6808 68
1317 4 1 -37.5877 13.6808 68
1318 1 1 -37.5877 13.6808 68
1319 1 1 -37.5877 13.6808 68
1320 4 1 -37.5877 13.6808 68
1321 1 1 -9.8481 1.7365 69
1322 2 1 -9.8481 1.7365 69
1323 2 1 -9.8481 1.7365 69
1324 1 1 -9.8481 1.7365 69
1325 2 1 -9.8481 1.7365 69
1326 2 1 -9.8481 1.7365 69
1327 2 1 -9.8481 1.7365 69
1328 2 1 -9.8481 1.7365 69
1329 1 1 -9.8481 1.7365 69
1330 2 1 -9.8481 1.7365 69
1331 2 1 -9.8481 1.7365 69
1332 2 1 -9.8481 1.7365 69
1333 2 1 -9.8481 1.7365 69
1334 2 1 -9.8481 1.7365 69
1335 2 1 -9.8481 1.7365 69
1336 2 1 -9.8481 1.7365 69
1337 2 1 -9.8481 1.7365 69
1338 2 1 -9.8481 1.7365 69
1339 2 1 -9.8481 1.7365 69
1340 2 1 -9.8481 1.7365 69
1341 2 1 -9.8481 1.7365 69
1342 1 1 -9.8481 1.7365 69
1343 2 1 -9.8481 1.7365 69
1344 1 1 -9.8481 1.7365 69
1345 2 1 -9.8481 1.7365 69
1346 1 1 -9.8481 1.7365 69
1347 2 1 -9.8481 1.7365 69
1348 1 1 -9.8481 1.7365 69
1349 2 1 -9.8481 1.7365 69
1350 2 1 -9.8481 1.7365 69
1351 1 1 -19.6962 3.473 70
1352 2 1 -19.6962 3.473 70
1353 2 1 -19.6962 3.473 70
1354 2 1 -19.6962 3.473 70
1355 2 1 -19.6962 3.473 70
1356 2 1 -19.6962 3.473 70
1357 2 1 -19.6962 3.473 70
1358 2 1 -19.6962 3.473 70
1359 2 1 -19.6962 3.473 70
1360 2 1 -19.6962 3.473 70
1361 2 1 -19.6962 3.473 70
1362 2 1 -19.6962 3.473 70
1363 2 1 -19.6962 3.473 70
1364 2 1 -19.6962 3.473 70
1365 2 1 -19.6962 3.473 70
1366 2 1 -19.6962 3.473 70
1367 2 1 -19.6962 3.473 70
1368 1 1 -19.6962 3.473 70
1369 2 1 -19.6962 3.473 70
1370 2 1 -19.6962 3.473 70
1371 1 1 -19.6962 3.473 70
1372 1 1 -19.6962 3.473 70
1373 2 1 -19.6962 3.473 70
1374 2 1 -19.6962 3.473 70
1375 2 1 -19.6962 3.473 70
1376 2 1 -19.6962 3.473 70
1377 2 1 -19.6962 3.473 70
1378 2 1 -19.6962 3.473 70
1379 2 1 -19.6962 3.473 70
1380 2 1 -19.6962 3.473 70
1381 2 1 -29.5442 5.2094 71
1382 2 1 -29.5442 5.2094 71
1383 2 1 -29.5442 5.2094 71
1384 2 1 -29.5442 5.2094 71
1385 2 1 -29.5442 5.2094 71
1386 2 1 -29.5442 5.2094 71
1387 2 1 -29.5442 5.2094 71
1388 2 1 -29.5442 5.2094 71
1389 2 1 -29.5442 5.2094 71
1390 2 1 -29.5442 5.2094 71
1391 2 1 -29.5442 5.2094 71
1392 2 1 -29.5442 5.2094 71
1393 2 1 -29.5442 5.2094 71
1394 2 1 -29.5442 5.2094 71
1395 2 1 -29.5442 5.2094 71
1396 1 1 -29.5442 5.2094 71
1397 2 1 -29.5442 5.2094 71
1398 2 1 -29.5442 5.2094 71
1399 2 1 -29.5442 5.2094 71
1400 2 1 -29.5442 5.2094 71
1401 2 1 -29.5442 5.2094 71
1402 1 1 -29.5442 5.2094 71
1403 2 1 -29.5442 5.2094 71
1404 2 1 -29.5442 5.2094 71
1405 2 1 -29.5442 5.2094 71
1406 2 1 -29.5442 5.2094 71
1407 2 1 -29.5442 5.2094 71
1408 2 1 -29.5442 5.2094 71
1409 2 1 -29.5442 5.2094 71
1410 2 1 -29.5442 5.2094 71
1411 2 1 -39.3923 6.9459 72
1412 2 1 -39.3923 6.9459 72
1413 2 1 -39.3923 6.9459 72
1414 1 1 -39.3923 6.9459 72
1415 1 1 -39.3923 6.9459 72
1416 2 1 -39.3923 6.9459 72
1417 2 1 -39.3923 6.9459 72
1418 2 1 -39.3923 6.9459 72
1419 2 1 -39.3923 6.9459 72
1420 2 1 -39.3923 6.9459 72
1421 2 1 -39.3923 6.9459 72
1422 2 1 -39.3923 6.9459 72
1423 2 1 -39.3923 6.9459 72
1424 2 1 -39.3923 6.9459 72
1425 2 1 -39.3923 6.9459 72
1426 2 1 -39.3923 6.9459 72
1427 1 1 -39.3923 6.9459 72
1428 1 1 -39.3923 6.9459 72
1429 2 1 -39.3923 6.9459 72
1430 2 1 -39.3923 6.9459 72
1431 2 1 -39.3923 6.9459 72
1432 2 1 -39.3923 6.9459 72
1433 2 1 -39.3923 6.9459 72
1434 2 1 -39.3923 6.9459 72
1435 1 1 -39.3923 6.9459 72
1436 2 1 -39.3923 6.9459 72
1437 2 1 -39.3923 6.9459 72
1438 2 1 -39.3923 6.9459 72
1439 2 1 -39.3923 6.9459 72
1440 2 1 -39.3923 6.9459 72
1441 4 1 -10.0 0.0 73
1442 4 1 -10.0 0.0 73
1443 4 1 -10.0 0.0 73
1444 4 1 -10.0 0.0 73
1445 4 1 -10.0 0.0 73
1446 4 1 -10.0 0.0 73
1447 4 1 -10.0 0.0 73
1448 4 1 -10.0 0.0 73
1449 4 1 -10.0 0.0 73
1450 4 1 -10.0 0.0 73
1451 2 1 -20.0 0.0 74
1452 2 1 -20.0 0.0 74
1453 4 1 -20.0 0.0 74
1454 2 1 -20.0 0.0 74
1455 4 1 -20.0 0.0 74
1456 4 1 -20.0 0.0 74
1457 2 1 -20.0 0.0 74
1458 4 1 -20.0 0.0 74
1459 4 1 -20.0 0.0 74
1460 2 1 -20.0 0.0 74
1461 4 1 -30.0 0.0 75
1462 4 1 -30.0 0.0 75
1463 4 1 -30.0 0.0 75
1464 4 1 -30.0 0.0 75
1465 2 1 -30.0 0.0 75
1466 2 1 -30.0 0.0 75
1467 2 1 -30.0 0.0 75
1468 2 1 -30.0 0.0 75
1469 4 1 -30.0 0.0 75
1470 4 1 -30.0 0.0 75
1471 4 1 -40.0 0.0 76
1472 4 1 -40.0 0.0 76
1473 2 1 -40.0 0.0 76
1474 4 1 -40.0 0.0 76
1475 4 1 -40.0 0.0 76
1476 4 1 -40.0 0.0 76
1477 4 1 -40.0 0.0 76
1478 4 1 -40.0 0.0 76
1479 4 1 -40.0 0.0 76
1480 4 1 -40.0 0.0 76
1481 1 1 -9.8481 -1.7365 77
1482 4 1 -9.8481 -1.7365 77
1483 4 1 -9.8481 -1.7365 77
1484 4 1 -9.8481 -1.7365 77
1485 4 1 -9.8481 -1.7365 77
1486 4 1 -9.8481 -1.7365 77
1487 1 1 -9.8481 -1.7365 77
1488 4 1 -9.8481 -1.7365 77
1489 4 1 -9.8481 -1.7365 77
1490 4 1 -9.8481 -1.7365 77
1491 4 1 -9.8481 -1.7365 77
1492 4 1 -9.8481 -1.7365 77
1493 4 1 -9.8481 -1.7365 77
1494 1 1 -9.8481 -1.7365 77
1495 4 1 -9.8481 -1.7365 77
1496 4 1 -9.8481 -1.7365 77
1497 4 1 -9.8481 -1.7365 77
1498 1 1 -9.8481 -1.7365 77
1499 4 1 -9.8481 -1.7365 77
1500 4 1 -9.8481 -1.7365 77
1501 4 1 -19.6962 -3.473 78
1502 4 1 -19.6962 -3.473 78
1503 4 1 -19.6962 -3.473 78
1504 4 1 -19.6962 -3.473 78
1505 4 1 -19.6962 -3.473 78
1506 4 1 -19.6962 -3.473 78
1507 1 1 -19.6962 -3.473 78
1508 4 1 -19.6962 -3.473 78
1509 4 1 -19.6962 -3.473 78
1510 4 1 -19.6962 -3.473 78
1511 1 1 -19.6962 -3.473 78
1512 4 1 -19.6962 -3.473 78
1513 4 1 -19.6962 -3.473 78
1514 4 1 -19.6962 -3.473 78
1515 4 1 -19.6962 -3.473 78
1516 4 1 -19.6962 -3.473 78
1517 4 1 -19.6962 -3.473 78
1518 4 1 -19.6962 -3.473 78
1519 4 1 -19.6962 -3.473 78
1520 4 1 -19.6962 -3.473 78
1521 4 1 -29.5442 -5.2094 79
1522 4 1 -29.5442 -5.2094 79
1523 4 1 -29.5442 -5.2094 79
1524 4 1 -29.5442 -5.2094 79
1525 4 1 -29.5442 -5.2094 79
1526 4 1 -29.5442 -5.2094 79
1527 4 1 -29.5442 -5.2094 79
1528 4 1 -29.5442 -5.2094 79
1529 4 1 -29.5442 -5.2094 79
1530 4 1 -29.5442 -5.2094 79
1531 4 1 -29.5442 -5.2094 79
1532 4 1 -29.5442 -5.2094 79
1533 4 1 -29.5442 -5.2094 79
1534 4 1 -29.5442 -5.2094 79
1535 1 1 -29.5442 -5.2094 79
1536 1 1 -29.5442 -5.2094 79
1537 1 1 -29.5442 -5.2094 79
1538 4 1 -29.5442 -5.2094 79
1539 4 1 -29.5442 -5.2094 79
1540 4 1 -29.5442 -5.2094 79
1541 4 1 -39.3923 -6.9459 80
1542 1 1 -39.3923 -6.9459 80
1543 4 1 -39.3923 -6.9459 80
1544 4 1 -39.3923 -6.9459 80
1545 1 1 -39.3923 -6.9459 80
1546 4 1 -39.3923 -6.9459 80
1547 4 1 -39.3923 -6.9459 80
1548 1 1 -39.3923 -6.9459 80
1549 4 1 -39.3923 -6.9459 80
1550 4 1 -39.3923 -6.9459 80
1551 4 1 -39.3923 -6.9459 80
1552 4 1 -39.3923 -6.9459 80
1553 1 1 -39.3923 -6.9459 80
1554 4 1 -39.3923 -6.9459 80
1555 4 1 -39.3923 -6.9459 80
1556 1 1 -39.3923 -6.9459 80
1557 4 1 -39.3923 -6.9459 80
1558 4 1 -39.3923 -6.9459 80
1559 1 1 -39.3923 -6.9459 80
1560 4 1 -39.3923 -6.9459 80
1561 2 1 -9.3969 -3.4202 81
1562 2 1 -9.3969 -3.4202 81
1563 2 1 -9.3969 -3.4202 81
1564 2 1 -9.3969 -3.4202 81
1565 2 1 -9.3969 -3.4202 81
1566 1 1 -9.3969 -3.4202 81
1567 2 1 -9.3969 -3.4202 81
1568 2 1 -9.3969 -3.4202 81
1569 2 1 -9.3969 -3.4202 81
1570 1 1 -9.3969 -3.4202 81
1571 2 1 -9.3969 -3.4202 81
1572 2 1 -9.3969 -3.4202 81
1573 2 1 -9.3969 -3.4202 81
1574 2 1 -9.3969 -3.4202 81
1575 2 1 -9.3969 -3.4202 81
1576 2 1 -9.3969 -3.4202 81
1577 2 1 -9.3969 -3.4202 81
1578 2 1 -9.3969 -3.4202 81
1579 2 1 -9.3969 -3.4202 81
1580 2 1 -9.3969 -3.4202 81
1581 2 1 -9.3969 -3.4202 81
1582 2 1 -9.3969 -3.4202 81
1583 2 1 -9.3969 -3.4202 81
1584 1 1 -9.3969 -3.4202 81
1585 1 1 -9.3969 -3.4202 81
1586 2 1 -9.3969 -3.4202 81
1587 2 1 -9.3969 -3.4202 81
1588 2 1 -9.3969 -3.4202 81
1589 2 1 -9.3969 -3.4202 81
1590 1 1 -9.3969 -3.4202 81
1591 1 1 -18.7939 -6.8404 82
1592 2 1 -18.7939 -6.8404 82
1593 1 1 -18.7939 -6.8404 82
1594 2 1 -18.7939 -6.8404 82
1595 2 1 -18.7939 -6.8404 82
1596 2 1 -18.7939 -6.8404 82
1597 2 1 -18.7939 -6.8404 82
1598 1 1 -18.7939 -6.8404 82
1599 2 1 -18.7939 -6.8404 82
1600 2 1 -18.7939 -6.8404 82
1601 1 1 -18.7939 -6.8404 82
1602 2 1 -18.7939 -6.8404 82
1603 2 1 -18.7939 -6.8404 82
1604 1 1 -18.7939 -6.8404 82
1605 2 1 -18.7939 -6.8404 82
1606 2 1 -18.7939 -6.8404 82
1607 2 1 -18.7939 -6.8404 82
1608 2 1 -18.7939 -6.8404 82
1609 2 1 -18.7939 -6.8404 82
1610 2 1 -18.7939 -6.8404 82
1611 2 1 -18.7939 -6.8404 82
1612 2 1 -18.7939 -6.8404 82
1613 2 1 -18.7939 -6.8404 82
1614 2 1 -18.7939 -6.8404 82
1615 2 1 -18.7939 -6.8404 82
1616 1 1 -18.7939 -6.8404 82
1617 1 1 -18.7939 -6.8404 82
1618 2 1 -18.7939 -6.8404 82
1619 2 1 -18.7939 -6.8404 82
1620 2 1 -18.7939 -6.8404 82
1621 2 1 -28.1908 -10.2606 83
1622 2 1 -28.1908 -10.2606 83
1623 2 1 -28.1908 -10.2606 83
1624 2 1 -28.1908 -10.2606 83
1625 2 1 -28.1908 -10.2606 83
1626 1 1 -28.1908 -10.2606 83
1627 2 1 -28.1908 -10.2606 83
1628 1 1 -28.1908 -10.2606 83
1629 2 1 -28.1908 -10.2606 83
1630 2 1 -28.1908 -10.2606 83
1631 2 1 -28.1908 -10.2606 83
1632 2 1 -28.1908 -10.2606 83
1633 2 1 -28.1908 -10.2606 83
1634 1 1 -28.1908 -10.2606 83
1635 2 1 -28.1908 -10.2606 83
1636 1 1 -28.1908 -10.2606 83
1637 1 1 -28.1908 -10.2606 83
1638 2 1 -28.1908 -10.2606 83
1639 1 1 -28.1908 -10.2606 83
1640 2 1 -28.1908 -10.2606 83
1641 2 1 -28.1908 -10.2606 83
1642 2 1 -28.1908 -10.2606 83
1643 2 1 -28.1908 -10.2606 83
1644 2 1 -28.1908 -10.2606 83
1645 1 1 -28.1908 -10.2606 83
1646 2 1 -28.1908 -10.2606 83
1647 2 1 -28.1908 -10.2606 83
1648 1 1 -28.1908 -10.2606 83
1649 2 1 -28.1908 -10.2606 83
1650 2 1 -28.1908 -10.2606 83
1651 2 1 -37.5877 -13.6808 84
1652 1 1 -37.5877 -13.6808 84
1653 1 1 -37.5877 -13.6808 84
1654 2 1 -37.5877 -13.6808 84
1655 2 1 -37.5877 -13.6808 84
1656 1 1 -37.5877 -13.6808 84
1657 1 1 -37.5877 -13.6808 84
1658 2 1 -37.5877 -13.6808 84
1659 2 1 -37.5877 -13.6808 84
1660 2 1 -37.5877 -13.6808 84
1661 2 1 -37.5877 -13.6808 84
1662 2 1 -37.5877 -13.6808 84
1663 2 1 -37.5877 -13.6808 84
1664 2 1 -37.5877 -13.6808 84
1665 1 1 -37.5877 -13.6808 84
1666 2 1 -37.5877 -13.6808 84
1667 2 1 -37.5877 -13.6808 84
1668 2 1 -37.5877 -13.6808 84
1669 2 1 -37.5877 -13.6808 84
1670 2 1 -37.5877 -13.6808 84
1671 2 1 -37.5877 -13.6808 84
1672 1 1 -37.5877 -13.6808 84
1673 2 1 -37.5877 -13.6808 84
1674 2 1 -37.5877 -13.6808 84
1675 2 1 -37.5877 -13.6808 84
1676 2 1 -37.5877 -13.6808 84
1677 2 1 -37.5877 -13.6808 84
1678 1 1 -37.5877 -13.6808 84
1679 2 1 -37.5877 -13.6808 84
1680 2 1 -37.5877 -13.6808 84
1681 4 1 -8.6603 -5.0 85
1682 2 1 -8.6603 -5.0 85
1683 4 1 -8.6603 -5.0 85
1684 4 1 -8.6603 -5.0 85
1685 4 1 -8.6603 -5.0 85
1686 2 1 -8.6603 -5.0 85
1687 2 1 -8.6603 -5.0 85
1688 4 1 -8.6603 -5.0 85
1689 4 1 -8.6603 -5.0 85
1690 4 1 -8.6603 -5.0 85
1691 4 1 -17.3205 -10.0 86
1692 4 1 -17.3205 -10.0 86
1693 4 1 -17.3205 -10.0 86
1694 4 1 -17.3205 -10.0 86
1695 4 1 -17.3205 -10.0 86
1696 4 1 -17.3205 -10.0 86
1697 2 1 -17.3205 -10.0 86
1698 2 1 -17.3205 -10.0 86
1699 4 1 -17.3205 -10.0 86
1700 4 1 -17.3205 -10.0 86
1701 2 1 -25.9808 -15.0 87
1702 2 1 -25.9808 -15.0 87
1703 2 1 -25.9808 -15.0 87
1704 4 1 -25.9808 -15.0 87
1705 4 1 -25.9808 -15.0 87
1706 4 1 -25.9808 -15.0 87
1707 4 1 -25.9808 -15.0 87
1708 4 1 -25.9808 -15.0 87
1709 4 1 -25.9808 -15.0 87
1710 4 1 -25.9808 -15.0 87
1711 4 1 -34.641 -20.0 88
1712 4 1 -34.641 -20.0 88
1713 4 1 -34.641 -20.0 88
1714 4 1 -34.641 -20.0 88
1715 4 1 -34.641 -20.0 88
1716 2 1 -34.641 -20.0 88
1717 4 1 -34.641 -20.0 88
1718 4 1 -34.641 -20.0 88
1719 4 1 -34.641 -20.0 88
1720 4 1 -34.641 -20.0 88
1721 4 1 -7.6604 -6.4279 89
1722 4 1 -7.6604 -6.4279 89
1723 1 1 -7.6604 -6.4279 89
1724 4 1 -7.6604 -6.4279 89
1725 4 1 -7.6604 -6.4279 89
1726 4 1 -7.6604 -6.4279 89
1727 1 1 -7.6604 -6.4279 89
1728 1 1 -7.6604 -6.4279 89
1729 4 1 -7.6604 -6.4279 89
1730 1 1 -7.6604 -6.4279 89
1731 4 1 -7.6604 -6.4279 89
1732 1 1 -7.6604 -6.4279 89
1733 1 1 -7.6604 -6.4279 89
1734 4 1 -7.6604 -6.4279 89
1735 4 1 -7.6604 -6.4279 89
1736 4 1 -7.6604 -6.4279 89
1737 4 1 -7.6604 -6.4279 89
1738 4 1 -7.6604 -6.4279 89
1739 1 1 -7.6604 -6.4279 89
1740 4 1 -7.6604 -6.4279 89
1741 1 1 -15.3209 -12.8558 90
1742 4 1 -15.3209 -12.8558 90
1743 4 1 -15.3209 -12.8558 90
1744 4 1 -15.3209 -12.8558 90
1745 4 1 -15.3209 -12.8558 90
1746 4 1 -15.3209 -12.8558 90
1747 4 1 -15.3209 -12.8558 90
1748 4 1 -15.3209 -12.8558 90
1749 4 1 -15.3209 -12.8558 90
1750 4 1 -15.3209 -12.8558 90
1751 4 1 -15.3209 -12.8558 90
1752 4 1 -15.3209 -12.8558 90
1753 4 1 -15.3209 -12.8558 90
1754 4 1 -15.3209 -12.8558 90
1755 4 1 -15.3209 -12.8558 90
1756 4 1 -15.3209 -12.8558 90
1757 1 1 -15.3209 -12.8558 90
1758 1 1 -15.3209 -12.8558 90
1759 1 1 -15.3209 -12.8558 90
1760 4 1 -15.3209 -12.8558 90
1761 4 1 -22.9813 -19.2836 91
1762 4 1 -22.9813 -19.2836 91
1763 4 1 -22.9813 -19.2836 91
1764 4 1 -22.9813 -19.2836 91
1765 1 1 -22.9813 -19.2836 91
1766 4 1 -22.9813 -19.2836 91
1767 4 1 -22.9813 -19.2836 91
1768 4 1 -22.9813 -19.2836 91
1769 4 1 -22.9813 -19.2836 91
1770 4 1 -22.9813 -19.2836 91
1771 4 1 -22.9813 -19.2836 91
1772 4 1 -22.9813 -19.2836 91
1773 4 1 -22.9813 -19.2836 91
1774 4 1 -22.9813 -19.2836 91
1775 4 1 -22.9813 -19.2836 91
1776 4 1 -22.9813 -19.2836 91
1777 4 1 -22.9813 -19.2836 91
1778 4 1 -22.9813 -19.2836 91
1779 4 1 -22.9813 -19.2836 91
1780 4 1 -22.9813 -19.2836 91
1781 4 1 -30.6418 -25.7115 92
1782 4 1 -30.6418 -25.7115 92
1783 4 1 -30.6418 -25.7115 92
1784 4 1 -30.6418 -25.7115 92
1785 1 1 -30.6418 -25.7115 92
1786 4 1 -30.6418 -25.7115 92
1787 4 1 -30.6418 -25.7115 92
1788 4 1 -30.6418 -25.7115 92
1789 4 1 -30.6418 -25.7115 92
1790 1 1 -30.6418 -25.7115 92
1791 4 1 -30.6418 -25.7115 92
1792 4 1 -30.6418 -25.7115 92
1793 4 1 -30.6418 -25.7115 92
1794 4 1 -30.6418 -25.7115 92
1795 4 1 -30.6418 -25.7115 92
1796 4 1 -30.6418 -25.7115 92
1797 4 1 -30.6418 -25.7115 92
1798 4 1 -30.6418 -25.7115 92
1799 4 1 -30.6418 -25.7115 92
1800 4 1 -30.6418 -25.7115 92
1801 2 1 -6.4279 -7.6604 93
1802 2 1 -6.4279 -7.6604 93
1803 1 1 -6.4279 -7.6604 93
1804 2 1 -6.4279 -7.6604 93
1805 2 1 -6.4279 -7.6604 93
1806 2 1 -6.4279 -7.6604 93
1807 1 1 -6.4279 -7.6604 93
1808 2 1 -6.4279 -7.6604 93
1809 1 1 -6.4279 -7.6604 93
1810 2 1 -6.4279 -7.6604 93
1811 2 1 -6.4279 -7.6604 93
1812 2 1 -6.4279 -7.6604 93
1813 2 1 -6.4279 -7.6604 93
1814 1 1 -6.4279 -7.6604 93
1815 1 1 -6.4279 -7.6604 93
1816 2 1 -6.4279 -7.6604 93
1817 2 1 -6.4279 -7.6604 93
1818 2 1 -6.4279 -7.6604 93
1819 2 1 -6.4279 -7.6604 93
1820 2 1 -6.4279 -7.6604 93
1821 2 1 -6.4279 -7.6604 93
1822 2 1 -6.4279 -7.6604 93
1823 1 1 -6.4279 -7.6604 93
1824 2 1 -6.4279 -7.6604 93
1825 2 1 -6.4279 -7.6604 93
1826 1 1 -6.4279 -7.6604 93
1827 2 1 -6.4279 -7.6604 93
1828 2 1 -6.4279 -7.6604 93
1829 1 1 -6.4279 -7.6604 93
1830 1 1 -6.4279 -7.6604 93
1831 2 1 -12.8558 -15.3209 94
1832 2 1 -12.8558 -15.3209 94
1833 2 1 -12.8558 -15.3209 94
1834 1 1 -12.8558 -15.3209 94
1835 2 1 -12.8558 -15.3209 94
1836 2 1 -12.8558 -15.3209 94
1837 1 1 -12.8558 -15.3209 94
1838 1 1 -12.8558 -15.3209 94
1839 2 1 -12.8558 -15.3209 94
1840 2 1 -12.8558 -15.3209 94
1841 1 1 -12.8558 -15.3209 94
1842 2 1 -12.8558 -15.3209 94
1843 2 1 -12.8558 -15.3209 94
1844 1 1 -12.8558 -15.3209 94
1845 2 1 -12.8558 -15.3209 94
1846 1 1 -12.8558 -15.3209 94
1847 2 1 -12.8558 -15.3209 94
1848 2 1 -12.8558 -15.3209 94
1849 1 1 -12.8558 -15.3209 94
1850 1 1 -12.8558 -15.3209 94
1851 2 1 -12.8558 -15.3209 94
1852 1 1 -12.8558 -15.3209 94
1853 2 1 -12.8558 -15.3209 94
1854 2 1 -12.8558 -15.3209 94
1855 2 1 -12.8558 -15.3209 94
1856 2 1 -12.8558 -15.3209 94
1857 2 1 -12.8558 -15.3209 94
1858 2 1 -12.8558 -15.3209 94
1859 2 1 -12.8558 -15.3209 94
1860 1 1 -12.8558 -15.3209 94
1861 2 1 -19.2836 -22.9813 95
1862 2 1 -19.2836 -22.9813 95
1863 1 1 -19.2836 -22.9813 95
1864 2 1 -19.2836 -22.9813 95
1865 2 1 -19.2836 -22.9813 95
1866 2 1 -19.2836 -22.9813 95
1867 2 1 -19.2836 -22.9813 95
1868 2 1 -19.2836 -22.9813 95
1869 2 1 -19.2836 -22.9813 95
1870 2 1 -19.2836 -22.9813 95
1871 2 1 -19.2836 -22.9813 95
1872 2 1 -19.2836 -22.9813 95
1873 2 1 -19.2836 -22.9813 95
1874 2 1 -19.2836 -22.9813 95
1875 2 1 -19.2836 -22.9813 95
1876 2 1 -19.2836 -22.9813 95
1877 2 1 -19.2836 -22.9813 95
1878 2 1 -19.2836 -22.9813 95
1879 2 1 -19.2836 -22.9813 95
1880 2 1 -19.2836 -22.9813 95
1881 2 1 -19.2836 -22.9813 95
1882 2 1 -19.2836 -22.9813 95
1883 1 1 -19.2836 -22.9813 95
1884 1 1 -19.2836 -22.9813 95
1885 2 1 -19.2836 -22.9813 95
1886 2 1 -19.2836 -22.9813 95
1887 2 1 -19.2836 -22.9813 95
1888 1 1 -19.2836 -22.9813 95
1889 2 1 -19.2836 -22.9813 95
1890 2 1 -19.2836 -22.9813 95
1891 2 1 -25.7115 -30.6418 96
1892 2 1 -25.7115 -30.6418 96
1893 2 1 -25.7115 -30.6418 96
1894 2 1 -25.7115 -30.6418 96
1895 1 1 -25.7115 -30.6418 96
1896 2 1 -25.7115 -30.6418 96
1897 2 1 -25.7115 -30.6418 96
1898 2 1 -25.7115 -30.6418 96
1899 2 1 -25.7115 -30.6418 96
1900 2 1 -25.7115 -30.6418 96
1901 2 1 -25.7115 -30.6418 96
1902 2 1 -25.7115 -30.6418 96
1903 2 1 -25.7115 -30.6418 96
1904 2 1 -25.7115 -30.6418 96
1905 2 1 -25.7115 -30.6418 96
1906 2 1 -25.7115 -30.6418 96
1907 2 1 -25.7115 -30.6418 96
1908 2 1 -25.7115 -30.6418 96
1909 2 1 -25.7115 -30.6418 96
1910 2 1 -25.7115 -30.6418 96
1911 2 1 -25.7115 -30.6418 96
1912 2 1 -25.7115 -30.6418 96
1913 2 1 -25.7115 -30.6418 96
1914 2 1 -25.7115 -30.6418 96
1915 1 1 -25.7115 -30.6418 96
1916 1 1 -25.7115 -30.6418 96
1917 1 1 -25.7115 -30.6418 96
1918 2 1 -25.7115 -30.6418 96
1919 2 1 -25.7115 -30.6418 96
1920 2 1 -25.7115 -30.6418 96
1921 4 1 -5.0 -8.6603 97
1922 4 1 -5.0 -8.6603 97
1923 4 1 -5.0 -8.6603 97
1924 4 1 -5.0 -8.6603 97
1925 4 1 -5.0 -8.6603 97
1926 4 1 -5.0 -8.6603 97
1927 4 1 -5.0 -8.6603 97
1928 4 1 -5.0 -8.6603 97
1929 2 1 -5.0 -8.6603 97
1930 2 1 -5.0 -8.6603 97
1931 2 1 -10.0 -17.3205 98
1932 4 1 -10.0 -17.3205 98
1933 4 1 -10.0 -17.3205 98
1934 2 1 -10.0 -17.3205 98
1935 2 1 -10.0 -17.3205 98
1936 4 1 -10.0 -17.3205 98
1937 4 1 -10.0 -17.3205 98
1938 4 1 -10.0 -17.3205 98
1939 4 1 -10.0 -17.3205 98
1940 4 1 -10.0 -17.3205 98
1941 4 1 -15.0 -25.9808 99
1942 4 1 -15.0 -25.9808 99
1943 4 1 -15.0 -25.9808 99
1944 4 1 -15.0 -25.9808 99
1945 2 1 -15.0 -25.9808 99
1946 2 1 -15.0 -25.9808 99
1947 4 1 -15.0 -25.9808 99
1948 4 1 -15.0 -25.9808 99
1949 4 1 -15.0 -25.9808 99
1950 4 1 -15.0 -25.9808 99
1951 4 1 -20.0 -34.641 100
1952 4 1 -20.0 -34.641 100
1953 2 1 -20.0 -34.641 100
1954 4 1 -20.0 -34.641 100
1955 4 1 -20.0 -34.641 100
1956 2 1 -20.0 -34.641 100
1957 2 1 -20.0 -34.641 100
1958 4 1 -20.0 -34.641 100
1959 2 1 -20.0 -34.641 100
1960 4 1 -20.0 -34.641 100
1961 4 1 -3.4202 -9.3969 101
1962 4 1 -3.4202 -9.3969 101
1963 4 1 -3.4202 -9.3969 101
1964 4 1 -3.4202 -9.3969 101
1965 4 1 -3.4202 -9.3969 101
1966 4 1 -3.4202 -9.3969 101
1967 4 1 -3.4202 -9.3969 101
1968 4 1 -3.4202 -9.3969 101
1969 4 1 -3.4202 -9.3969 101
1970 4 1 -3.4202 -9.3969 101
1971 4 1 -3.4202 -9.3969 101
1972 1 1 -3.4202 -9.3969 101
1973 4 1 -3.4202 -9.3969 101
1974 4 1 -3.4202 -9.3969 101
1975 4 1 -3.4202 -9.3969 101
1976 4 1 -3.4202 -9.3969 101
1977 4 1 -3.4202 -9.3969 101
1978 4 1 -3.4202 -9.3969 101
1979 4 1 -3.4202 -9.3969 101
1980 1 1 -3.4202 -9.3969 101
1981 4 1 -6.8404 -18.7939 102
1982 4 1 -6.8404 -18.7939 102
1983 4 1 -6.8404 -18.7939 102
1984 4 1 -6.8404 -18.7939 102
1985 4 1 -6.8404 -18.7939 102
1986 1 1 -6.8404 -18.7939 102
1987 4 1 -6.8404 -18.7939 102
1988 4 1 -6.8404 -18.7939 102
1989 4 1 -6.8404 -18.7939 102
1990 4 1 -6.8404 -18.7939 102
1991 4 1 -6.8404 -18.7939 102
1992 4 1 -6.8404 -18.7939 102
1993 4 1 -6.8404 -18.7939 102
1994 4 1 -6.8404 -18.7939 102
1995 4 1 -6.8404 -18.7939 102
1996 4 1 -6.8404 -18.7939 102
1997 4 1 -6.8404 -18.7939 102
1998 1 1 -6.8404 -18.7939 102
1999 4 1 -6.8404 -18.7939 102
2000 4 1 -6.8404 -18.7939 102
2001 4 1 -10.2606 -28.1908 103
2002 4 1 -10.2606 -28.1908 103
2003 4 1 -10.2606 -28.1908 103
2004 1 1 -10.2606 -28.1908 103
2005 1 1 -10.2606 -28.1908 103
2006 1 1 -10.2606 -28.1908 103
2007 4 1 -10.2606 -28.1908 103
2008 4 1 -10.2606 -28.1908 103
2009 1 1 -10.2606 -28.1908 103
2010 4 1 -10.2606 -28.1908 103
2011 1 1 -10.2606 -28.1908 103
2012 4 1 -10.2606 -28.1908 103
2013 1 1 -10.2606 -28.1908 103
2014 1 1 -10.2606 -28.1908 103
2015 4 1 -10.2606 -28.1908 103
2016 4 1 -10.2606 -28.1908 103
2017 4 1 -10.2606 -28.1908 103
2018 1 1 -10.2606 -28.1908 103
2019 1 1 -10.2606 -28.1908 103
2020 4 1 -10.2606 -28.1908 103
2021 4 1 -13.6808 -37.5877 104
2022 4 1 -13.6808 -37.5877 104
2023 1 1 -13.6808 -37.5877 104
2024 4 1 -13.6808 -37.5877 104
2025 4 1 -13.6808 -37.5877 104
2026 1 1 -13.6808 -37.5877 104
2027 4 1 -13.6808 -37.5877 104
2028 4 1 -13.6808 -37.5877 104
2029 1 1 -13.6808 -37.5877 104
2030 4 1 -13.6808 -37.5877 104
2031 1 1 -13.6808 -37.5877 104
2032 4 1 -13.6808 -37.5877 104
2033 1 1 -13.6808 -37.5877 104
2034 4 1 -13.6808 -37.5877 104
2035 4 1 -13.6808 -37.5877 104
2036 4 1 -13.6808 -37.5877 104
2037 4 1 -13.6808 -37.5877 104
2038 4 1 -13.6808 -37.5877 104
2039 4 1 -13.6808 -37.5877 104
2040 4 1 -13.6808 -37.5877 104
2041 2 1 -1.7365 -9.8481 105
2042 2 1 -1.7365 -9.8481 105
2043 2 1 -1.7365 -9.8481 105
2044 2 1 -1.7365 -9.8481 105
2045 2 1 -1.7365 -9.8481 105
2046 2 1 -1.7365 -9.8481 105
2047 1 1 -1.7365 -9.8481 105
2048 1 1 -1.7365 -9.8481 105
2049 2 1 -1.7365 -9.8481 105
2050 2 1 -1.7365 -9.8481 105
2051 2 1 -1.7365 -9.8481 105
2052 2 1 -1.7365 -9.8481 105
2053 2 1 -1.7365 -9.8481 105
2054 2 1 -1.7365 -9.8481 105
2055 2 1 -1.7365 -9.8481 105
2056 1 1 -1.7365 -9.8481 105
2057 2 1 -1.7365 -9.8481 105
2058 2 1 -1.7365 -9.8481 105
2059 2 1 -1.7365 -9.8481 105
2060 2 1 -1.7365 -9.8481 105
2061 2 1 -1.7365 -9.8481 105
2062 1 1 -1.7365 -9.8481 105
2063 2 1 -1.7365 -9.8481 105
2064 2 1 -1.7365 -9.8481 105
2065 2 1 -1.7365 -9.8481 105
2066 2 1 -1.7365 -9.8481 105
2067 2 1 -1.7365 -9.8481 105
2068 2 1 -1.7365 -9.8481 105
2069 2 1 -1.7365 -9.8481 105
2070 1 1 -1.7365 -9.8481 105
2071 2 1 -3.473 -19.6962 106
2072 2 1 -3.473 -19.6962 106
2073 2 1 -3.473 -19.6962 106
2074 2 1 -3.473 -19.6962 106
2075 2 1 -3.473 -19.6962 106
2076 2 1 -3.473 -19.6962 106
2077 2 1 -3.473 -19.6962 106
2078 2 1 -3.473 -19.6962 106
2079 2 1 -3.473 -19.6962 106
2080 2 1 -3.473 -19.6962 106
2081 1 1 -3.473 -19.6962 106
2082 2 1 -3.473 -19.6962 106
2083 2 1 -3.473 -19.6962 106
2084 2 1 -3.473 -19.6962 106
2085 2 1 -3.473 -19.6962 106
2086 1 1 -3.473 -19.6962 106
2087 1 1 -3.473 -19.6962 106
2088 2 1 -3.473 -19.6962 106
2089 2 1 -3.473 -19.6962 106
2090 2 1 -3.473 -19.6962 106
2091 2 1 -3.473 -19.6962 106
2092 2 1 -3.473 -19.6962 106
2093 2 1 -3.473 -19.6962 106
2094 2 1 -3.473 -19.6962 106
2095 1 1 -3.473 -19.6962 106
2096 2 1 -3.473 -19.6962 106
2097 2 1 -3.473 -19.6962 106
2098 2 1 -3.473 -19.6962 106
2099 1 1 -3.473 -19.6962 106
2100 2 1 -3.473 -19.6962 106
2101 2 1 -5.2094 -29.5442 107
2102 2 1 -5.2094 -29.5442 107
2103 2 1 -5.2094 -29.5442 107
2104 2 1 -5.2094 -29.5442 107
2105 2 1 -5.2094 -29.5442 107
2106 2 1 -5.2094 -29.5442 107
2107 1 1 -5.2094 -29.5442 107
2108 2 1 -5.2094 -29.5442 107
2109 2 1 -5.2094 -29.5442 107
2110 2 1 -5.2094 -29.5442 107
2111 2 1 -5.2094 -29.5442 107
2112 2 1 -5.2094 -29.5442 107
2113 2 1 -5.2094 -29.5442 107
2114 2 1 -5.2094 -29.5442 107
2115 2 1 -5.2094 -29.5442 107
2116 2 1 -5.2094 -29.5442 107
2117 2 1 -5.2094 -29.5442 107
2118 2 1 -5.2094 -29.5442 107
2119 2 1 -5.2094 -29.5442 107
2120 1 1 -5.2094 -29.5442 107
2121 2 1 -5.2094 -29.5442 107
2122 2 1 -5.2094 -29.5442 107
2123 2 1 -5.2094 -29.5442 107
2124 1 1 -5.2094 -29.5442 107
2125 2 1 -5.2094 -29.5442 107
2126 2 1 -5.2094 -29.5442 107
2127 2 1 -5.2094 -29.5442 107
2128 2 1 -5.2094 -29.5442 107
2129 2 1 -5.2094 -29.5442 107
2130 2 1 -5.2094 -29.5442 107
2131 2 1 -6.9459 -39.3923 108
2132 2 1 -6.9459 -39.3923 108
2133 2 1 -6.9459 -39.3923 108
2134 1 1 -6.9459 -39.3923 108
2135 2 1 -6.9459 -39.3923 108
2136 2 1 -6.9459 -39.3923 108
2137 2 1 -6.9459 -39.3923 108
2138 2 1 -6.9459 -39.3923 108
2139 2 1 -6.9459 -39.3923 108
2140 2 1 -6.9459 -39.3923 108
2141 2 1 -6.9459 -39.3923 108
2142 2 1 -6.9459 -39.3923 108
2143 2 1 -6.9459 -39.3923 108
2144 2 1 -6.9459 -39.3923 108
2145 2 1 -6.9459 -39.3923 108
2146 2 1 -6.9459 -39.3923 108
2147 2 1 -6.9459 -39.3923 108
2148 2 1 -6.9459 -39.3923 108
2149 1 1 -6.9459 -39.3923 108
2150 2 1 -6.9459 -39.3923 108
2151 2 1 -6.9459 -39.3923 108
2152 2 1 -6.9459 -39.3923 108
2153 2 1 -6.9459 -39.3923 108
2154 2 1 -6.9459 -39.3923 108
2155 2 1 -6.9459 -39.3923 108
2156 2 1 -6.9459 -39.3923 108
2157 1 1 -6.9459 -39.3923 108
2158 2 1 -6.9459 -39.3923 108
2159 2 1 -6.9459 -39.3923 108
2160 2 1 -6.9459 -39.3923 108
2161 4 1 0.0 -10.0 109
2162 4 1 0.0 -10.0 109
2163 2 1 0.0 -10.0 109
2164 4 1 0.0 -10.0 109
2165 4 1 0.0 -10.0 109
2166 4 1 0.0 -10.0 109
2167 2 1 0.0 -10.0 109
2168 4 1 0.0 -10.0 109
2169 4 1 0.0 -10.0 109
2170 2 1 0.0 -10.0 109
2171 4 1 0.0 -20.0 110
2172 4 1 0.0 -20.0 110
2173 4 1 0.0 -20.0 110
2174 4 1 0.0 -20.0 110
2175 4 1 0.0 -20.0 110
2176 4 1 0.0 -20.0 110
2177 2 1 0.0 -20.0 110
2178 2 1 0.0 -20.0 110
2179 4 1 0.0 -20.0 110
2180 4 1 0.0 -20.0 110
2181 4 1 0.0 -30.0 111
2182 2 1 0.0 -30.0 111
2183 4 1 0.0 -30.0 111
2184 2 1 0.0 -30.0 111
2185 4 1 0.0 -30.0 111
2186 4 1 0.0 -30.0 111
2187 4 1 0.0 -30.0 111
2188 2 1 0.0 -30.0 111
2189 4 1 0.0 -30.0 111
2190 4 1 0.0 -30.0 111
2191 4 1 0.0 -40.0 112
2192 4 1 0.0 -40.0 112
2193 4 1 0.0 -40.0 112
2194 4 1 0.0 -40.0 112
2195 4 1 0.0 -40.0 112
2196 4 1 0.0 -40.0 112
2197 4 1 0.0 -40.0 112
2198 4 1 0.0 -40.0 112
2199 4 1 0.0 -40.0 112
2200 2 1 0.0 -40.0 112
2201 4 1 1.7365 -9.8481 113
2202 1 1 1.7365 -9.8481 113
2203 4 1 1.7365 -9.8481 113
2204 4 1 1.7365 -9.8481 113
2205 4 1 1.7365 -9.8481 113
2206 4 1 1.7365 -9.8481 113
2207 4 1 1.7365 -9.8481 113
2208 4 1 1.7365 -9.8481 113
2209 4 1 1.7365 -9.8481 113
2210 4 1 1.7365 -9.8481 113
2211 4 1 1.7365 -9.8481 113
2212 4 1 1.7365 -9.8481 113
2213 4 1 1.7365 -9.8481 113
2214 4 1 1.7365 -9.8481 113
2215 4 1 1.7365 -9.8481 113
2216 1 1 1.7365 -9.8481 113
2217 4 1 1.7365 -9.8481 113
2218 4 1 1.7365 -9.8481 113
2219 4 1 1.7365 -9.8481 113
2220 4 1 1.7365 -9.8481 113
2221 4 1 3.473 -19.6962 114
2222 4 1 3.473 -19.6962 114
2223 4 1 3.473 -19.6962 114
2224 4 1 3.473 -19.6962 114
2225 4 1 3.473 -19.6962 114
2226 4 1 3.473 -19.6962 114
2227 1 1 3.473 -19.6962 114
2228 4 1 3.473 -19.6962 114
2229 4 1 3.473 -19.6962 114
2230 4 1 3.473 -19.6962 114
2231 1 1 3.473 -19.6962 114
2232 4 1 3.473 -19.6962 114
2233 4 1 3.473 -19.6962 114
2234 4 1 3.473 -19.6962 114
2235 1 1 3.473 -19.6962 114
2236 4 1 3.473 -19.6962 114
2237 4 1 3.473 -19.6962 114
2238 4 1 3.473 -19.6962 114
2239 4 1 3.473 -19.6962 114
2240 4 1 3.473 -19.6962 114
2241 4 1 5.2094 -29.5442 115
2242 4 1 5.2094 -29.5442 115
2243 4 1 5.2094 -29.5442 115
2244 1 1 5.2094 -29.5442 115
2245 1 1 5.2094 -29.5442 115
2246 4 1 5.2094 -29.5442 115
2247 4 1 5.2094 -29.5442 115
2248 1 1 5.2094 -29.5442 115
2249 4 1 5.2094 -29.5442 115
2250 4 1 5.2094 -29.5442 115
2251 1 1 5.2094 -29.5442 115
2252 4 1 5.2094 -29.5442 115
2253 4 1 5.2094 -29.5442 115
2254 4 1 5.2094 -29.5442 115
2255 4 1 5.2094 -29.5442 115
2256 1 1 5.2094 -29.5442 115
2257 4 1 5.2094 -29.5442 115
2258 1 1 5.2094 -29.5442 115
2259 4 1 5.2094 -29.5442 115
2260 4 1 5.2094 -29.5442 115
2261 4 1 6.9459 -39.3923 116
2262 4 1 6.9459 -39.3923 116
2263 4 1 6.9459 -39.3923 116
2264 4 1 6.9459 -39.3923 116
2265 1 1 6.9459 -39.3923 116
2266 4 1 6.9459 -39.3923 116
2267 4 1 6.9459 -39.3923 116
2268 4 1 6.9459 -39.3923 116
2269 4 1 6.9459 -39.3923 116
2270 4 1 6.9459 -39.3923 116
2271 4 1 6.9459 -39.3923 116
2272 4 1 6.9459 -39.3923 116
2273 4 1 6.9459 -39.3923 116
2274 4 1 6.9459 -39.3923 116
2275 4 1 6.9459 -39.3923 116
2276 4 1 6.9459 -39.3923 116
2277 1 1 6.9459 -39.3923 116
2278 4 1 6.9459 -39.3923 116
2279 4 1 6.9459 -39.3923 116
2280 4 1 6.9459 -39.3923 116
2281 2 1 3.4202 -9.3969 117
2282 2 1 3.4202 -9.3969 117
2283 2 1 3.4202 -9.3969 117
2284 2 1 3.4202 -9.3969 117
2285 2 1 3.4202 -9.3969 117
2286 2 1 3.4202 -9.3969 117
2287 2 1 3.4202 -9.3969 117
2288 2 1 3.4202 -9.3969 117
2289 2 1 3.4202 -9.3969 117
2290 2 1 3.4202 -9.3969 117
2291 2 1 3.4202 -9.3969 117
2292 2 1 3.4202 -9.3969 117
2293 1 1 3.4202 -9.3969 117
2294 2 1 3.4202 -9.3969 117
2295 1 1 3.4202 -9.3969 117
2296 2 1 3.4202 -9.3969 117
2297 2 1 3.4202 -9.3969 117
2298 1 1 3.4202 -9.3969 117
2299 1 1 3.4202 -9.3969 117
2300 2 1 3.4202 -9.3969 117
2301 2 1 3.4202 -9.3969 117
2302 2 1 3.4202 -9.3969 117
2303 2 1 3.4202 -9.3969 117
2304 1 1 3.4202 -9.3969 117
2305 2 1 3.4202 -9.3969 117
2306 2 1 3.4202 -9.3969 117
2307 2 1 3.4202 -9.3969 117
2308 2 1 3.4202 -9.3969 117
2309 2 1 3.4202 -9.3969 117
2310 2 1 3.4202 -9.3969 117
2311 2 1 6.8404 -18.7939 118
2312 2 1 6.8404 -18.7939 118
2313 2 1 6.8404 -18.7939 118
2314 2 1 6.8404 -18.7939 118
2315 2 1 6.8404 -18.7939 118
2316 2 1 6.8404 -18.7939 118
2317 2 1 6.8404 -18.7939 118
2318 2 1 6.8404 -18.7939 118
2319 2 1 6.8404 -18.7939 118
2320 2 1 6.8404 -18.7939 118
2321 1 1 6.8404 -18.7939 118
2322 2 1 6.8404 -18.7939 118
2323 2 1 6.8404 -18.7939 118
2324 2 1 6.8404 -18.7939 118
2325 1 1 6.8404 -18.7939 118
2326 2 1 6.8404 -18.7939 118
2327 2 1 6.8404 -18.7939 118
2328 1 1 6.8404 -18.7939 118
2329 2 1 6.8404 -18.7939 118
2330 2 1 6.8404 -18.7939 118
2331 2 1 6.8404 -18.7939 118
2332 2 1 6.8404 -18.7939 118
2333 1 1 6.8404 -18.7939 118
2334 2 1 6.8404 -18.7939 118
2335 2 1 6.8404 -18.7939 118
2336 2 1 6.8404 -18.7939 118
2337 2 1 6.8404 -18.7939 118
2338 2 1 6.8404 -18.7939 118
2339 2 1 6.8404 -18.7939 118
2340 2 1 6.8404 -18.7939 118
2341 2 1 10.2606 -28.1908 119
2342 2 1 10.2606 -28.1908 119
2343 2 1 10.2606 -28.1908 119
2344 2 1 10.2606 -28.1908 119
2345 2 1 10.2606 -28.1908 119
2346 2 1 10.2606 -28.1908 119
2347 2 1 10.2606 -28.1908 119
2348 2 1 10.2606 -28.1908 119
2349 2 1 10.2606 -28.1908 119
2350 2 1 10.2606 -28.1908 119
2351 2 1 10.2606 -28.1908 119
2352 2 1 10.2606 -28.1908 119
2353 2 1 10.2606 -28.1908 119
2354 2 1 10.2606 -28.1908 119
2355 2 1 10.2606 -28.1908 119
2356 2 1 10.2606 -28.1908 119
2357 2 1 10.2606 -28.1908 119
2358 2 1 10.2606 -28.1908 119
2359 2 1 10.2606 -28.1908 119
2360 1 1 10.2606 -28.1908 119
2361 2 1 10.2606 -28.1908 119
2362 2 1 10.2606 -28.1908 119
2363 2 1 10.2606 -28.1908 119
2364 1 1 10.2606 -28.1908 119
2365 1 1 10.2606 -28.1908 119
2366 2 1 10.2606 -28.1908 119
2367 2 1 10.2606 -28.1908 119
2368 2 1 10.2606 -28.1908 119
2369 1 1 10.2606 -28.1908 119
2370 2 1 10.2606 -28.1908 119
2371 1 1 13.6808 -37.5877 120
2372 2 1 13.6808 -37.5877 120
2373 2 1 13.6808 -37.5877 120
2374 2 1 13.6808 -37.5877 120
2375 1 1 13.6808 -37.5877 120
2376 1 1 13.6808 -37.5877 120
2377 1 1 13.6808 -37.5877 120
2378 2 1 13.6808 -37.5877 120
2379 1 1 13.6808 -37.5877 120
2380 2 1 13.6808 -37.5877 120
2381 2 1 13.6808 -37.5877 120
2382 1 1 13.6808 -37.5877 120
2383 2 1 13.6808 -37.5877 120
2384 2 1 13.6808 -37.5877 120
2385 1 1 13.6808 -37.5877 120
2386 2 1 13.6808 -37.5877 120
2387 2 1 13.6808 -37.5877 120
2388 2 1 13.6808 -37.5877 120
2389 1 1 13.6808 -37.5877 120
2390 1 1 13.6808 -37.5877 120
2391 2 1 13.6808 -37.5877 120
2392 1 1 13.6808 -37.5877 120
2393 2 1 13.6808 -37.5877 120
2394 2 1 13.6808 -37.5877 120
2395 2 1 13.6808 -37.5877 120
2396 2 1 13.6808 -37.5877 120
2397 2 1 13.6808 -37.5877 120
2398 2 1 13.6808 -37.5877 120
2399 2 1 13.6808 -37.5877 120
2400 2 1 13.6808 -37.5877 120
2401 2 1 5.0 -8.6603 121
2402 4 1 5.0 -8.6603 121
2403 4 1 5.0 -8.6603 121
2404 4 1 5.0 -8.6603 121
2405 4 1 5.0 -8.6603 121
2406 2 1 5.0 -8.6603 121
2407 4 1 5.0 -8.6603 121
2408 4 1 5.0 -8.6603 121
2409 4 1 5.0 -8.6603 121
2410 2 1 5.0 -8.6603 121
2411 4 1 10.0 -17.3205 122
2412 4 1 10.0 -17.3205 122
2413 4 1 10.0 -17.3205 122
2414 4 1 10.0 -17.3205 122
2415 4 1 10.0 -17.3205 122
2416 4 1 10.0 -17.3205 122
2417 4 1 10.0 -17.3205 122
2418 4 1 10.0 -17.3205 122
2419 4 1 10.0 -17.3205 122
2420 4 1 10.0 -17.3205 122
2421 4 1 15.0 -25.9808 123
2422 4 1 15.0 -25.9808 123
2423 4 1 15.0 -25.9808 123
2424 4 1 15.0 -25.9808 123
2425 4 1 15.0 -25.9808 123
2426 4 1 15.0 -25.9808 123
2427 4 1 15.0 -25.9808 123
2428 4 1 15.0 -25.9808 123
2429 4 1 15.0 -25.9808 123
2430 4 1 15.0 -25.9808 123
2431 4 1 20.0 -34.641 124
2432 2 1 20.0 -34.641 124
2433 4 1 20.0 -34.641 124
2434 2 1 20.0 -34.641 124
2435 4 1 20.0 -34.641 124
2436 4 1 20.0 -34.641 124
2437 4 1 20.0 -34.641 124
2438 4 1 20.0 -34.641 124
2439 2 1 20.0 -34.641 124
2440 2 1 20.0 -34.641 124
2441 4 1 6.4279 -7.6604 125
2442 4 1 6.4279 -7.6604 125
2443 4 1 6.4279 -7.6604 125
2444 4 1 6.4279 -7.6604 125
2445 1 1 6.4279 -7.6604 125
2446 4 1 6.4279 -7.6604 125
2447 4 1 6.4279 -7.6604 125
2448 4 1 6.4279 -7.6604 125
2449 4 1 6.4279 -7.6604 125
2450 4 1 6.4279 -7.6604 125
2451 4 1 6.4279 -7.6604 125
2452 4 1 6.4279 -7.6604 125
2453 1 1 6.4279 -7.6604 125
2454 4 1 6.4279 -7.6604 125
2455 4 1 6.4279 -7.6604 125
2456 4 1 6.4279 -7.6604 125
2457 4 1 6.4279 -7.6604 125
2458 4 1 6.4279 -7.6604 125
2459 4 1 6.4279 -7.6604 125
2460 4 1 6.4279 -7.6604 125
2461 1 1 12.8558 -15.3209 126
2462 4 1 12.8558 -15.3209 126
2463 4 1 12.8558 -15.3209 126
2464 4 1 12.8558 -15.3209 126
2465 4 1 12.8558 -15.3209 126
2466 4 1 12.8558 -15.3209 126
2467 1 1 12.8558 -15.3209 126
2468 4 1 12.8558 -15.3209 126
2469 1 1 12.8558 -15.3209 126
2470 4 1 12.8558 -15.3209 126
2471 1 1 12.8558 -15.3209 126
2472 4 1 12.8558 -15.3209 126
2473 4 1 12.8558 -15.3209 126
2474 4 1 12.8558 -15.3209 126
2475 1 1 12.8558 -15.3209 126
2476 4 1 12.8558 -15.3209 126
2477 4 1 12.8558 -15.3209 126
2478 4 1 12.8558 -15.3209 126
2479 4 1 12.8558 -15.3209 126
2480 1 1 12.8558 -15.3209 126
2481 4 1 19.2836 -22.9813 127
2482 4 1 19.2836 -22.9813 127
2483 4 1 19.2836 -22.9813 127
2484 1 1 19.2836 -22.9813 127
2485 4 1 19.2836 -22.9813 127
2486 4 1 19.2836 -22.9813 127
2487 4 1 19.2836 -22.9813 127
2488 4 1 19.2836 -22.9813 127
2489 4 1 19.2836 -22.9813 127
2490 4 1 19.2836 -22.9813 127
2491 4 1 19.2836 -22.9813 127
2492 4 1 19.2836 -22.9813 127
2493 4 1 19.2836 -22.9813 127
2494 4 1 19.2836 -22.9813 127
2495 4 1 19.2836 -22.9813 127
2496 4 1 19.2836 -22.9813 127
2497 1 1 19.2836 -22.9813 127
2498 4 1 19.2836 -22.9813 127
2499 4 1 19.2836 -22.9813 127
2500 1 1 19.2836 -22.9813 127
2501 4 1 25.7115 -30.6418 128
2502 1 1 25.7115 -30.6418 128
2503 1 1 25.7115 -30.6418 128
2504 4 1 25.7115 -30.6418 128
2505 4 1 25.7115 -30.6418 128
2506 1 1 25.7115 -30.6418 128
2507 4 1 25.7115 -30.6418 128
2508 4 1 25.7115 -30.6418 128
2509 1 1 25.7115 -30.6418 128
2510 4 1 25.7115 -30.6418 128
2511 4 1 25.7115 -30.6418 128
2512 4 1 25.7115 -30.6418 128
2513 1 1 25.7115 -30.6418 128
2514 1 1 25.7115 -30.6418 128
2515 4 1 25.7115 -30.6418 128
2516 4 1 25.7115 -30.6418 128
2517 4 1 25.7115 -30.6418 128
2518 4 1 25.7115 -30.6418 128
2519 4 1 25.7115 -30.6418 128
2520 1 1 25.7115 -30.6418 128
2521 2 1 7.6604 -6.4279 129
2522 2 1 7.6604 -6.4279 129
2523 2 1 7.6604 -6.4279 129
2524 2 1 7.6604 -6.4279 129
2525 2 1 7.6604 -6.4279 129
2526 1 1 7.6604 -6.4279 129
2527 2 1 7.6604 -6.4279 129
2528 2 1 7.6604 -6.4279 129
2529 2 1 7.6604 -6.4279 129
2530 2 1 7.6604 -6.4279 129
2531 1 1 7.6604 -6.4279 129
2532 2 1 7.6604 -6.4279 129
2533 2 1 7.6604 -6.4279 129
2534 2 1 7.6604 -6.4279 129
2535 2 1 7.6604 -6.4279 129
2536 2 1 7.6604 -6.4279 129
2537 2 1 7.6604 -6.4279 129
2538 2 1 7.6604 -6.4279 129
2539 1 1 7.6604 -6.4279 129
2540 1 1 7.6604 -6.4279 129
2541 2 1 7.6604 -6.4279 129
2542 2 1 7.6604 -6.4279 129
2543 2 1 7.6604 -6.4279 129
2544 2 1 7.6604 -6.4279 129
2545 2 1 7.6604 -6.4279 129
2546 2 1 7.6604 -6.4279 129
2547 2 1 7.6604 -6.4279 129
2548 1 1 7.6604 -6.4279 129
2549 2 1 7.6604 -6.4279 129
2550 2 1 7.6604 -6.4279 129
2551 2 1 15.3209 -12.8557 130
2552 1 1 15.3209 -12.8557 130
2553 2 1 15.3209 -12.8557 130
2554 2 1 15.3209 -12.8557 130
2555 2 1 15.3209 -12.8557 130
2556 2 1 15.3209 -12.8557 130
2557 2 1 15.3209 -12.8557 130
2558 2 1 15.3209 -12.8557 130
2559 2 1 15.3209 -12.8557 130
2560 1 1 15.3209 -12.8557 130
2561 2 1 15.3209 -12.8557 130
2562 2 1 15.3209 -12.8557 130
2563 2 1 15.3209 -12.8557 130
2564 2 1 15.3209 -12.8557 130
2565 2 1 15.3209 -12.8557 130
2566 2 1 15.3209 -12.8557 130
2567 2 1 15.3209 -12.8557 130
2568 2 1 15.3209 -12.8557 130
2569 2 1 15.3209 -12.8557 130
2570 2 1 15.3209 -12.8557 130
2571 2 1 15.3209 -12.8557 130
2572 2 1 15.3209 -12.8557 130
2573 2 1 15.3209 -12.8557 130
2574 2 1 15.3209 -12.8557 130
2575 2 1 15.3209 -12.8557 130
2576 2 1 15.3209 -12.8557 130
2577 2 1 15.3209 -12.8557 130
2578 2 1 15.3209 -12.8557 130
2579 1 1 15.3209 -12.8557 130
2580 2 1 15.3209 -12.8557 130
2581 2 1 22.9813 -19.2836 131
2582 2 1 22.9813 -19.2836 131
2583 1 1 22.9813 -19.2836 131
2584 2 1 22.9813 -19.2836 131
2585 1 1 22.9813 -19.2836 131
2586 2 1 22.9813 -19.2836 131
2587 2 1 22.9813 -19.2836 131
2588 2 1 22.9813 -19.2836 131
2589 2 1 22.9813 -19.2836 131
2590 2 1 22.9813 -19.2836 131
2591 2 1 22.9813 -19.2836 131
2592 1 1 22.9813 -19.2836 131
2593 2 1 22.9813 -19.2836 131
2594 1 1 22.9813 -19.2836 131
2595 2 1 22.9813 -19.2836 131
2596 2 1 22.9813 -19.2836 131
2597 2 1 22.9813 -19.2836 131
2598 2 1 22.9813 -19.2836 131
2599 2 1 22.9813 -19.2836 131
2600 2 1 22.9813 -19.2836 131
2601 2 1 22.9813 -19.2836 131
2602 2 1 22.9813 -19.2836 131
2603 1 1 22.9813 -19.2836 131
2604 2 1 22.9813 -19.2836 131
2605 2 1 22.9813 -19.2836 131
2606 2 1 22.9813 -19.2836 131
2607 1 1 22.9813 -19.2836 131
2608 2 1 22.9813 -19.2836 131
2609 2 1 22.9813 -19.2836 131
2610 2 1 22.9813 -19.2836 131
2611 1 1 30.6418 -25.7115 132
2612 2 1 30.6418 -25.7115 132
2613 2 1 30.6418 -25.7115 132
2614 2 1 30.6418 -25.7115 132
2615 2 1 30.6418 -25.7115 132
2616 2 1 30.6418 -25.7115 132
2617 1 1 30.6418 -25.7115 132
2618 2 1 30.6418 -25.7115 132
2619 2 1 30.6418 -25.7115 132
2620 2 1 30.6418 -25.7115 132
2621 1 1 30.6418 -25.7115 132
2622 2 1 30.6418 -25.7115 132
2623 2 1 30.6418 -25.7115 132
2624 2 1 30.6418 -25.7115 132
2625 2 1 30.6418 -25.7115 132
2626 2 1 30.6418 -25.7115 132
2627 2 1 30.6418 -25.7115 132
2628 2 1 30.6418 -25.7115 132
2629 2 1 30.6418 -25.7115 132
2630 2 1 30.6418 -25.7115 132
2631 2 1 30.6418 -25.7115 132
2632 1 1 30.6418 -25.7115 132
2633 2 1 30.6418 -25.7115 132
2634 2 1 30.6418 -25.7115 132
2635 2 1 30.6418 -25.7115 132
2636 2 1 30.6418 -25.7115 132
2637 2 1 30.6418 -25.7115 132
2638 2 1 30.6418 -25.7115 132
2639 2 1 30.6418 -25.7115 132
2640 2 1 30.6418 -25.7115 132
2641 4 1 8.6603 -5.0 133
2642 4 1 8.6603 -5.0 133
2643 4 1 8.6603 -5.0 133
2644 4 1 8.6603 -5.0 133
2645 2 1 8.6603 -5.0 133
2646 4 1 8.6603 -5.0 133
2647 4 1 8.6603 -5.0 133
2648 4 1 8.6603 -5.0 133
2649 4 1 8.6603 -5.0 133
2650 4 1 8.6603 -5.0 133
2651 2 1 17.3205 -10.0 134
2652 4 1 17.3205 -10.0 134
2653 4 1 17.3205 -10.0 134
2654 4 1 17.3205 -10.0 134
2655 2 1 17.3205 -10.0 134
2656 4 1 17.3205 -10.0 134
2657 4 1 17.3205 -10.0 134
2658 2 1 17.3205 -10.0 134
2659 4 1 17.3205 -10.0 134
2660 4 1 17.3205 -10.0 134
2661 2 1 25.9808 -15.0 135
2662 2 1 25.9808 -15.0 135
2663 2 1 25.9808 -15.0 135
2664 4 1 25.9808 -15.0 135
2665 4 1 25.9808 -15.0 135
2666 4 1 25.9808 -15.0 135
2667 4 1 25.9808 -15.0 135
2668 4 1 25.9808 -15.0 135
2669 4 1 25.9808 -15.0 135
2670 4 1 25.9808 -15.0 135
2671 4 1 34.641 -20.0 136
2672 2 1 34.641 -20.0 136
2673 4 1 34.641 -20.0 136
2674 4 1 34.641 -20.0 136
2675 2 1 34.641 -20.0 136
2676 4 1 34.641 -20.0 136
2677 4 1 34.641 -20.0 136
2678 4 1 34.641 -20.0 136
2679 4 1 34.641 -20.0 136
2680 4 1 34.641 -20.0 136
2681 4 1 9.3969 -3.4202 137
2682 1 1 9.3969 -3.4202 137
2683 4 1 9.3969 -3.4202 137
2684 4 1 9.3969 -3.4202 137
2685 4 1 9.3969 -3.4202 137
2686 4 1 9.3969 -3.4202 137
2687 4 1 9.3969 -3.4202 137
2688 4 1 9.3969 -3.4202 137
2689 4 1 9.3969 -3.4202 137
2690 4 1 9.3969 -3.4202 137
2691 4 1 9.3969 -3.4202 137
2692 1 1 9.3969 -3.4202 137
2693 4 1 9.3969 -3.4202 137
2694 1 1 9.3969 -3.4202 137
2695 4 1 9.3969 -3.4202 137
2696 4 1 9.3969 -3.4202 137
2697 4 1 9.3969 -3.4202 137
2698 4 1 9.3969 -3.4202 137
2699 4 1 9.3969 -3.4202 137
2700 4 1 9.3969 -3.4202 137
2701 4 1 18.7939 -6.8404 138
2702 4 1 18.7939 -6.8404 138
2703 4 1 18.7939 -6.8404 138
2704 4 1 18.7939 -6.8404 138
2705 4 1 18.7939 -6.8404 138
2706 4 1 18.7939 -6.8404 138
2707 4 1 18.7939 -6.8404 138
2708 4 1 18.7939 -6.8404 138
2709 1 1 18.7939 -6.8404 138
2710 4 1 18.7939 -6.8404 138
2711 4 1 18.7939 -6.8404 138
2712 4 1 18.7939 -6.8404 138
2713 4 1 18.7939 -6.8404 138
2714 4 1 18.7939 -6.8404 138
2715 1 1 18.7939 -6.8404 138
2716 4 1 18.7939 -6.8404 138
2717 4 1 18.7939 -6.8404 138
2718 4 1 18.7939 -6.8404 138
2719 4 1 18.7939 -6.8404 138
2720 4 1 18.7939 -6.8404 138
2721 4 1 28.1908 -10.2606 139
2722 4 1 28.1908 -10.2606 139
2723 4 1 28.1908 -10.2606 139
2724 1 1 28.1908 -10.2606 139
2725 4 1 28.1908 -10.2606 139
2726 4 1 28.1908 -10.2606 139
2727 4 1 28.1908 -10.2606 139
2728 4 1 28.1908 -10.2606 139
2729 1 1 28.1908 -10.2606 139
2730 4 1 28.1908 -10.2606 139
2731 4 1 28.1908 -10.2606 139
2732 4 1 28.1908 -10.2606 139
2733 4 1 28.1908 -10.2606 139
2734 4 1 28.1908 -10.2606 139
2735 4 1 28.1908 -10.2606 139
2736 4 1 28.1908 -10.2606 139
2737 4 1 28.1908 -10.2606 139
2738 4 1 28.1908 -10.2606 139
2739 4 1 28.1908 -10.2606 139
2740 4 1 28.1908 -10.2606 139
2741 4 1 37.5877 -13.6808 140
2742 4 1 37.5877 -13.6808 140
2743 4 1 37.5877 -13.6808 140
2744 1 1 37.5877 -13.6808 140
2745 4 1 37.5877 -13.6808 140
2746 4 1 37.5877 -13.6808 140
2747 4 1 37.5877 -13.6808 140
2748 1 1 37.5877 -13.6808 140
2749 4 1 37.5877 -13.6808 140
2750 4 1 37.5877 -13.6808 140
2751 4 1 37.5877 -13.6808 140
2752 4 1 37.5877 -13.6808 140
2753 4 1 37.5877 -13.6808 140
2754 1 1 37.5877 -13.6808 140
2755 4 1 37.5877 -13.6808 140
2756 4 1 37.5877 -13.6808 140
2757 4 1 37.5877 -13.6808 140
2758 4 1 37.5877 -13.6808 140
2759 4 1 37.5877 -13.6808 140
2760 1 1 37.5877 -13.6808 140
2761 2 1 9.8481 -1.7365 141
2762 2 1 9.8481 -1.7365 141
2763 2 1 9.8481 -1.7365 141
2764 2 1 9.8481 -1.7365 141
2765 2 1 9.8481 -1.7365 141
2766 2 1 9.8481 -1.7365 141
2767 2 1 9.8481 -1.7365 141
2768 2 1 9.8481 -1.7365 141
2769 1 1 9.8481 -1.7365 141
2770 2 1 9.8481 -1.7365 141
2771 2 1 9.8481 -1.7365 141
2772 2 1 9.8481 -1.7365 141
2773 1 1 9.8481 -1.7365 141
2774 2 1 9.8481 -1.7365 141
2775 2 1 9.8481 -1.7365 141
2776 2 1 9.8481 -1.7365 141
2777 2 1 9.8481 -1.7365 141
2778 2 1 9.8481 -1.7365 141
2779 2 1 9.8481 -1.7365 141
2780 2 1 9.8481 -1.7365 141
2781 2 1 9.8481 -1.7365 141
2782 2 1 9.8481 -1.7365 141
2783 2 1 9.8481 -1.7365 141
2784 2 1 9.8481 -1.7365 141
2785 1 1 9.8481 -1.7365 141
2786 2 1 9.8481 -1.7365 141
2787 2 1 9.8481 -1.7365 141
2788 2 1 9.8481 -1.7365 141
2789 2 1 9.8481 -1.7365 141
2790 2 1 9.8481 -1.7365 141
2791 2 1 19.6962 -3.473 142
2792 2 1 19.6962 -3.473 142
2793 2 1 19.6962 -3.473 142
2794 2 1 19.6962 -3.473 142
2795 2 1 19.6962 -3.473 142
2796 1 1 19.6962 -3.473 142
2797 2 1 19.6962 -3.473 142
2798 2 1 19.6962 -3.473 142
2799 2 1 19.6962 -3.473 142
2800 2 1 19.6962 -3.473 142
2801 2 1 19.6962 -3.473 142
2802 1 1 19.6962 -3.473 142
2803 2 1 19.6962 -3.473 142
2804 2 1 19.6962 -3.473 142
2805 2 1 19.6962 -3.473 142
2806 1 1 19.6962 -3.473 142
2807 2 1 19.6962 -3.473 142
2808 2 1 19.6962 -3.473 142
2809 2 1 19.6962 -3.473 142
2810 2 1 19.6962 -3.473 142
2811 1 1 19.6962 -3.473 142
2812 2 1 19.6962 -3.473 142
2813 1 1 19.6962 -3.473 142
2814 2 1 19.6962 -3.473 142
2815 2 1 19.6962 -3.473 142
2816 1 1 19.6962 -3.473 142
2817 2 1 19.6962 -3.473 142
2818 1 1 19.6962 -3.473 142
2819 2 1 19.6962 -3.473 142
2820 2 1 19.6962 -3.473 142
2821 2 1 29.5442 -5.2094 143
2822 2 1 29.5442 -5.2094 143
2823 1 1 29.5442 -5.2094 143
2824 2 1 29.5442 -5.2094 143
2825 2 1 29.5442 -5.2094 143
2826 2 1 29.5442 -5.2094 143
2827 2 1 29.5442 -5.2094 143
2828 2 1 29.5442 -5.2094 143
2829 2 1 29.5442 -5.2094 143
2830 1 1 29.5442 -5.2094 143
2831 2 1 29.5442 -5.2094 143
2832 2 1 29.5442 -5.2094 143
2833 2 1 29.5442 -5.2094 143
2834 1 1 29.5442 -5.2094 143
2835 1 1 29.5442 -5.2094 143
2836 2 1 29.5442 -5.2094 143
2837 2 1 29.5442 -5.2094 143
2838 2 1 29.5442 -5.2094 143
2839 2 1 29.5442 -5.2094 143
2840 2 1 29.5442 -5.2094 143
2841 2 1 29.5442 -5.2094 143
2842 2 1 29.5442 -5.2094 143
2843 2 1 29.5442 -5.2094 143
2844 1 1 29.5442 -5.2094 143
2845 2 1 29.5442 -5.2094 143
2846 2 1 29.5442 -5.2094 143
2847 2 1 29.5442 -5.2094 143
2848 1 1 29.5442 -5.2094 143
2849 2 1 29.5442 -5.2094 143
2850 2 1 29.5442 -5.2094 143
2851 2 1 39.3923 -6.9459 144
2852 1 1 39.3923 -6.9459 144
2853 2 1 39.3923 -6.9459 144
2854 2 1 39.3923 -6.9459 144
2855 2 1 39.3923 -6.9459 144
2856 2 1 39.3923 -6.9459 144
2857 2 1 39.3923 -6.9459 144
2858 2 1 39.3923 -6.9459 144
2859 2 1 39.3923 -6.9459 144
2860 2 1 39.3923 -6.9459 144
2861 2 1 39.3923 -6.9459 144
2862 1 1 39.3923 -6.9459 144
2863 2 1 39.3923 -6.9459 144
2864 2 1 39.3923 -6.9459 144
2865 2 1 39.3923 -6.9459 144
2866 2 1 39.3923 -6.9459 144
2867 2 1 39.3923 -6.9459 144
2868 2 1 39.3923 -6.9459 144
2869 1 1 39.3923 -6.9459 144
2870 2 1 39.3923 -6.9459 144
2871 2 1 39.3923 -6.9459 144
2872 2 1 39.3923 -6.9459 144
2873 1 1 39.3923 -6.9459 144
2874 2 1 39.3923 -6.9459 144
2875 2 1 39.3923 -6.9459 144
2876 1 1 39.3923 -6.9459 144
2877 2 1 39.3923 -6.9459 144
2878 2 1 39.3923 -6.9459 144
2879 2 1 39.3923 -6.9459 144
2880 2 1 39.3923 -6.9459 144
2881 4 1 49.8097 4.3578 145
2882 2 1 49.8097 4.3578 145
2883 4 1 49.8097 4.3578 145
2884 4 1 49.8097 4.3578 145
2885 4 1 49.8097 4.3578 145
2886 4 1 49.8097 4.3578 145
2887 4 1 49.8097 4.3578 145
2888 4 1 49.8097 4.3578 145
2889 1 1 49.8097 4.3578 145
2890 4 1 49.8097 4.3578 145
2891 4 1 45.3154 21.1309 146
2892 4 1 45.3154 21.1309 146
2893 4 1 45.3154 21.1309 146
2894 4 1 45.3154 21.1309 146
2895 4 1 45.3154 21.1309 146
2896 4 1 45.3154 21.1309 146
2897 4 1 45.3154 21.1309 146
2898 4 1 45.3154 21.1309 146
2899 4 1 45.3154 21.1309 146
2900 4 1 45.3154 21.1309 146
2901 4 1 35.3553 35.3553 147
2902 4 1 35.3553 35.3553 147
2903 1 1 35.3553 35.3553 147
2904 1 1 35.3553 35.3553 147
2905 4 1 35.3553 35.3553 147
2906 4 1 35.3553 35.3553 147
2907 2 1 35.3553 35.3553 147
2908 1 1 35.3553 35.3553 147
2909 4 1 35.3553 35.3553 147
2910 4 1 35.3553 35.3553 147
2911 2 1 21.1309 45.3154 148
2912 4 1 21.1309 45.3154 148
2913 4 1 21.1309 45.3154 148
2914 4 1 21.1309 45.3154 148
2915 4 1 21.1309 45.3154 148
2916 4 1 21.1309 45.3154 148
2917 4 1 21.1309 45.3154 148
2918 4 1 21.1309 45.3154 148
2919 2 1 21.1309 45.3154 148
2920 4 1 21.1309 45.3154 148
2921 4 1 4.3578 49.8097 149
2922 4 1 4.3578 49.8097 149
2923 4 1 4.3578 49.8097 149
2924 4 1 4.3578 49.8097 149
2925 4 1 4.3578 49.8097 149
2926 4 1 4.3578 49.8097 149
2927 1 1 4.3578 49.8097 149
2928 1 1 4.3578 49.8097 149
2929 4 1 4.3578 49.8097 149
2930 4 1 4.3578 49.8097 149
2931 4 1 -12.941 48.2963 150
2932 4 1 -12.941 48.2963 150
2933 2 1 -12.941 48.2963 150
2934 4 1 -12.941 48.2963 150
2935 4 1 -12.941 48.2963 150
2936 4 1 -12.941 48.2963 150
2937 4 1 -12.941 48.2963 150
2938 4 1 -12.941 48.2963 150
2939 4 1 -12.941 48.2963 150
2940 4 1 -12.941 48.2963 150
2941 4 1 -28.6788 40.9576 151
2942 4 1 -28.6788 40.9576 151
2943 4 1 -28.6788 40.9576 151
2944 4 1 -28.6788 40.9576 151
2945 1 1 -28.6788 40.9576 151
2946 4 1 -28.6788 40.9576 151
2947 4 1 -28.6788 40.9576 151
2948 4 1 -28.6788 40.9576 151
2949 4 1 -28.6788 40.9576 151
2950 4 1 -28.6788 40.9576 151
2951 4 1 -40.9576 28.6788 152
2952 4 1 -40.9576 28.6788 152
2953 4 1 -40.9576 28.6788 152
2954 2 1 -40.9576 28.6788 152
2955 4 1 -40.9576 28.6788 152
2956 4 1 -40.9576 28.6788 152
2957 4 1 -40.9576 28.6788 152
2958 4 1 -40.9576 28.6788 152
2959 4 1 -40.9576 28.6788 152
2960 4 1 -40.9576 28.6788 152
2961 4 1 -48.2963 12.9409 153
2962 4 1 -48.2963 12.9409 153
2963 4 1 -48.2963 12.9409 153
2964 4 1 -48.2963 12.9409 153
2965 4 1 -48.2963 12.9409 153
2966 4 1 -48.2963 12.9409 153
2967 4 1 -48.2963 12.9409 153
2968 2 1 -48.2963 12.9409 153
2969 4 1 -48.2963 12.9409 153
2970 4 1 -48.2963 12.9409 153
2971 4 1 -49.8097 -4.3578 154
2972 4 1 -49.8097 -4.3578 154
2973 4 1 -49.8097 -4.3578 154
2974 1 1 -49.8097 -4.3578 154
2975 4 1 -49.8097 -4.3578 154
2976 1 1 -49.8097 -4.3578 154
2977 4 1 -49.8097 -4.3578 154
2978 4 1 -49.8097 -4.3578 154
2979 4 1 -49.8097 -4.3578 154
2980 4 1 -49.8097 -4.3578 154
2981 4 1 -45.3154 -21.1309 155
2982 4 1 -45.3154 -21.1309 155
2983 2 1 -45.3154 -21.1309 155
2984 4 1 -45.3154 -21.1309 155
2985 4 1 -45.3154 -21.1309 155
2986 2 1 -45.3154 -21.1309 155
2987 4 1 -45.3154 -21.1309 155
2988 4 1 -45.3154 -21.1309 155
2989 2 1 -45.3154 -21.1309 155
2990 4 1 -45.3154 -21.1309 155
2991 4 1 -35.3553 -35.3553 156
2992 4 1 -35.3553 -35.3553 156
2993 4 1 -35.3553 -35.3553 156
2994 4 1 -35.3553 -35.3553 156
2995 2 1 -35.3553 -35.3553 156
2996 4 1 -35.3553 -35.3553 156
2997 4 1 -35.3553 -35.3553 156
2998 4 1 -35.3553 -35.3553 156
2999 4 1 -35.3553 -35.3553 156
3000 4 1 -35.3553 -35.3553 156
