File: p12 Num Depots: 1 Num Pick Up Points: 156 Num Trucks: 6Processing Time: 189 seconds
Total Demand = 3000.00| Total Distance = 3862.49| Total Travel Time = 2896.87| Total Cost = $3486.51|

Truck #1484 MaxCap: 100 Demand: 99.0 ROUTE:0 387 384 382 381 380 379 378 373 369 365 388 420 415 411 410 408 450 445 443 429 423 480 476 471 465 453 599 594 593 591 586 584 720 709 706 705 702 700 698 696 693 2928 2927 836 834 828 823 808 685 677 674 673 671 665 663 662 576 571 566 562 561 559 557 552 545 543 643 642 641 639 633 791 788 782 900 893 891 883 877 780 777 776 770 767 766 765 764 628 622 621 617 615 608 540 537 536 533 529 525 -1 
Truck #1485 MaxCap: 160 Demand: 159.0 ROUTE:0 870 862 861 860 858 857 848 1020 1019 1006 1004 1108 1089 1086 1085 1140 1131 1127 1124 1123 1117 1116 1113 1040 1037 1033 1031 1021 929 922 920 914 912 904 902 959 953 951 937 2945 1078 1069 1066 1063 1192 1187 1178 1177 1052 1048 1043 1169 1166 1159 1146 1300 1299 1297 1284 1402 1396 1319 1318 1305 1435 1428 1427 1415 1414 2976 2974 1559 1556 1553 1548 1545 1542 1537 1536 1535 1648 1645 1639 1637 1636 1634 1628 1626 1678 1672 1665 1657 1656 1653 1652 1790 1785 1765 1846 1844 1841 1838 1837 1834 1759 1758 1757 1741 1617 1616 1604 1601 1598 1593 1591 1511 1507 1372 1371 1368 1351 1270 1260 1252 1247 1246 1242 1348 1346 1344 1342 1329 1324 1321 1498 1494 1487 1481 1590 1585 1584 1570 1566 1739 1733 1732 1730 1728 1727 1723 1830 1829 1826 1823 1815 1814 1809 1807 1803 -1 
Truck #1486 MaxCap: 60 Demand: 59.0 ROUTE:0 179 178 177 176 175 174 173 172 170 169 168 165 164 163 162 161 160 159 158 157 156 155 154 153 152 151 209 208 207 206 205 204 203 201 200 198 197 196 194 193 192 191 190 189 188 186 185 184 183 182 2882 40 37 27 22 17 5 4 1 -1 
Truck #1487 MaxCap: 100 Demand: 99.0 ROUTE:0 150 148 147 146 145 144 143 142 141 140 139 138 137 136 135 134 133 132 131 130 129 128 126 125 124 123 122 121 250 249 247 258 257 251 269 268 266 265 210 239 238 237 235 234 233 232 231 230 229 228 225 224 223 222 221 220 219 218 217 216 215 214 213 212 2907 407 406 405 404 403 402 401 400 399 398 397 396 395 394 393 392 391 390 389 386 385 383 377 376 375 374 372 371 370 368 367 366 362 361 -1 
Truck #1488 MaxCap: 160 Demand: 159.0 ROUTE:0 489 419 418 417 416 414 413 412 409 499 493 492 491 505 504 503 502 449 448 447 446 444 442 441 440 439 438 437 436 435 434 433 432 431 430 428 427 426 425 424 422 421 479 478 477 475 474 473 472 470 469 468 467 466 464 463 462 461 460 459 458 457 456 455 454 452 451 518 517 514 2919 2911 719 718 717 716 715 714 713 712 711 710 708 707 704 703 701 699 697 695 694 692 691 684 683 682 681 680 679 678 676 675 672 670 669 668 667 666 664 661 660 659 658 657 656 655 654 653 652 651 650 649 648 647 646 645 644 640 638 637 636 635 634 632 631 630 629 627 626 625 624 623 620 619 618 616 614 613 612 611 610 609 607 606 605 604 603 602 601 -1 
Truck #1490 MaxCap: 200 Demand: 199.0 ROUTE:0 300 299 298 297 296 295 294 293 291 289 288 287 286 284 283 282 281 320 319 318 317 316 314 313 312 311 310 309 308 307 306 304 303 301 340 339 338 335 334 333 331 330 329 328 327 326 325 323 322 321 360 359 357 355 2910 2909 2906 2905 2902 2901 2920 2918 2917 2916 2915 2914 2913 2912 2930 2929 2926 2925 2924 2923 2922 2921 760 756 755 754 753 752 751 600 598 597 596 595 592 590 589 588 587 585 583 582 581 520 519 516 515 513 512 511 510 509 508 507 506 501 580 579 578 577 575 574 573 572 570 569 568 567 565 564 563 750 749 748 747 746 745 744 741 806 805 804 803 802 801 740 739 736 735 734 733 731 560 558 556 555 554 553 551 550 549 548 547 546 544 542 541 500 498 497 496 495 494 490 488 487 486 485 484 483 482 481 539 538 535 534 532 531 530 528 527 526 524 523 522 521 730 729 728 727 725 724 723 722 721 -1 
Truck #1491 MaxCap: 250 Demand: 249.0 ROUTE:0 1259 1258 1257 1256 1255 1254 1253 1251 1250 1249 1248 1245 1244 1243 1241 1210 1209 1207 1206 1205 1203 1201 1220 1219 1218 1216 1215 1214 1212 1039 1038 1036 1035 1034 1032 1030 1029 1028 1027 1026 1025 1024 1023 1022 980 978 977 976 975 973 972 971 990 989 988 985 984 983 982 981 1060 1059 1058 1057 1056 1055 1054 1053 1051 1050 1049 1047 1046 1045 1044 1042 1041 1229 1228 1227 1226 1225 1224 1223 1221 1285 1283 1282 1281 1320 1317 1316 1315 1314 1313 1312 1311 1310 1309 1308 1307 1306 1304 1303 1302 1301 1240 1239 1238 1237 1236 1235 1234 1233 1232 1231 2960 2959 2958 2957 2956 2955 2953 2952 2951 1080 1079 1077 1076 1075 1074 1073 1072 1071 1070 1068 1067 1065 1064 1062 1061 1000 998 997 996 994 993 992 2950 2949 2948 2947 2946 2944 2943 2942 2941 2940 2939 2938 2937 2936 2935 2934 2932 2931 840 839 838 837 835 833 832 831 830 829 827 826 825 824 822 821 820 819 818 817 816 815 814 813 812 811 810 809 807 800 799 798 797 796 795 794 793 792 790 789 787 786 785 784 783 781 779 778 775 774 773 772 771 769 768 763 762 761 970 969 968 967 966 965 963 962 961 1018 1017 1016 1015 1014 1013 1012 1011 1010 1009 1008 1007 1005 1003 1002 1001 -1 
Truck #1492 MaxCap: 60 Demand: 59.0 ROUTE:0 899 898 897 896 895 894 892 890 889 888 887 886 885 884 882 881 880 879 878 876 875 874 873 872 871 925 924 923 921 919 918 917 916 915 913 911 910 909 908 907 906 905 903 901 2933 759 758 757 743 742 690 689 688 687 686 738 737 732 726 -1 
Truck #1493 MaxCap: 60 Demand: 59.0 ROUTE:0 869 868 867 866 865 864 863 859 856 855 854 853 852 851 850 849 847 846 845 844 843 842 841 930 928 927 926 960 958 957 956 955 954 952 950 949 948 947 946 945 944 943 942 941 940 939 938 936 935 934 933 932 931 991 987 986 979 974 964 -1 
Truck #1494 MaxCap: 60 Demand: 59.0 ROUTE:0 1110 1109 1107 1106 1105 1104 1103 1102 1101 1100 1099 1098 1097 1096 1095 1094 1093 1092 1091 1090 1088 1087 1084 1083 1082 1081 1139 1138 1137 1136 1135 1134 1133 1132 1130 1129 1128 1126 1125 1122 1121 1120 1119 1118 1115 1114 1112 1111 1150 1149 1148 1147 1145 1144 1143 1142 1141 999 995 -1 
Truck #1495 MaxCap: 60 Demand: 59.0 ROUTE:0 1208 1204 1202 1217 1213 1211 1170 1168 1167 1165 1164 1163 1162 1161 1160 1158 1157 1156 1155 1154 1153 1152 1151 1200 1199 1198 1197 1196 1195 1194 1193 1191 1190 1189 1188 1186 1185 1184 1183 1182 1181 1180 1179 1176 1175 1174 1173 1172 1171 2954 2968 1230 1222 1328 1327 1326 1325 1323 1322 -1 
Truck #1496 MaxCap: 150 Demand: 149.0 ROUTE:0 1500 1499 1497 1496 1495 1493 1492 1491 1490 1489 1488 1486 1485 1484 1483 1482 1459 1458 1456 1455 1453 1520 1519 1518 1517 1516 1515 1514 1513 1512 1510 1509 1508 1506 1505 1504 1503 1502 1501 1540 1539 1538 1534 1533 1532 1531 1530 1529 1528 1527 1526 1525 1524 1523 1522 1521 1470 1469 1464 1463 1462 1461 1480 1479 1478 1477 1476 1475 1474 1472 1471 1560 1558 1557 1555 1554 1552 1551 1550 1549 1547 1546 1544 1543 1541 2988 2987 2985 2984 2982 2981 2980 2979 2978 2977 2975 2973 2972 2971 2970 2969 2967 2966 2965 2964 2963 2962 2961 1298 1296 1295 1294 1293 1292 1291 1290 1289 1288 1287 1286 1280 1279 1278 1277 1276 1275 1274 1273 1272 1271 1269 1268 1267 1266 1265 1264 1263 1262 1261 1450 1449 1448 1447 1446 1445 1444 1443 1442 1441 -1 
Truck #1497 MaxCap: 60 Demand: 59.0 ROUTE:0 1468 1467 1466 1465 1607 1606 1605 1603 1602 1600 1599 1597 1596 1595 1594 1592 1380 1379 1378 1377 1376 1375 1374 1373 1370 1369 1367 1366 1365 1364 1363 1362 1361 1360 1359 1358 1357 1356 1355 1354 1353 1352 1350 1349 1347 1345 1343 1341 1340 1339 1338 1337 1336 1335 1334 1333 1332 1331 1330 -1 
Truck #1498 MaxCap: 60 Demand: 59.0 ROUTE:0 1430 1429 1426 1425 1424 1423 1422 1421 1420 1419 1418 1417 1416 1413 1412 1411 1473 1440 1439 1438 1437 1436 1434 1433 1432 1431 1410 1409 1408 1407 1406 1405 1404 1403 1401 1400 1399 1398 1397 1395 1394 1393 1392 1391 1390 1389 1388 1387 1386 1385 1384 1383 1382 1381 1460 1457 1454 1452 1451 -1 
Truck #1499 MaxCap: 60 Demand: 59.0 ROUTE:0 1687 1686 1682 1650 1649 1647 1646 1644 1643 1642 1641 1640 1638 1635 1633 1632 1631 1630 1629 1627 1625 1624 1623 1622 1621 1680 1679 1677 1676 1675 1674 1673 1671 1670 1669 1668 1667 1666 1664 1663 1662 1661 1660 1659 1658 1655 1654 1651 1620 1619 1618 1615 1614 1613 1612 1611 1610 1609 1608 -1 
Truck #1500 MaxCap: 60 Demand: 59.0 ROUTE:0 1563 1562 1561 1589 1588 1587 1586 1583 1582 1581 1580 1579 1578 1577 1576 1575 1574 1573 1572 1571 1569 1568 1567 1565 1564 1698 1697 1703 1702 1701 1716 2989 2986 2983 2995 1833 1832 1831 1828 1827 1825 1824 1822 1821 1820 1819 1818 1817 1816 1813 1812 1811 1810 1808 1806 1805 1804 1802 1801 -1 
Truck #1501 MaxCap: 150 Demand: 149.0 ROUTE:0 1690 1689 1688 1685 1684 1683 1681 1740 1738 1737 1736 1735 1734 1731 1729 1726 1725 1724 1722 1721 1760 1756 1755 1754 1753 1752 1751 1750 1749 1748 1747 1746 1745 1744 1743 1742 1700 1699 1696 1695 1694 1693 1692 1691 1710 1709 1708 1707 1706 1705 1704 1780 1779 1778 1777 1776 1775 1774 1773 1772 1771 1770 1769 1768 1767 1766 1764 1763 1762 1761 1800 1799 1798 1797 1796 1795 1794 1793 1792 1791 1789 1788 1787 1786 1784 1783 1782 1781 1720 1719 1718 1717 1715 1714 1713 1712 1711 2990 3000 2999 2998 2997 2996 2994 2993 2992 2991 1960 1958 1955 1954 1952 1951 1950 1949 1948 1947 1944 1943 1942 1941 1940 1939 1938 1937 1936 1933 1932 1928 1927 1926 1925 1924 1923 1922 1921 1974 1973 1971 1970 1969 1968 1967 1966 1965 1964 1963 1962 1961 -1 
Truck #1502 MaxCap: 60 Demand: 59.0 ROUTE:0 1907 1906 1905 1904 1903 1902 1901 1900 1899 1898 1897 1896 1894 1893 1892 1891 1890 1889 1887 1886 1885 1882 1881 1880 1879 1878 1877 1876 1875 1874 1873 1872 1871 1870 1869 1868 1867 1866 1865 1864 1862 1861 1859 1858 1857 1856 1855 1854 1853 1851 1848 1847 1845 1843 1842 1840 1839 1836 1835 -1 
Truck #1503 MaxCap: 60 Demand: 59.0 ROUTE:0 2216 2202 2235 2231 2227 2099 2095 2087 2086 2081 1998 1986 2019 2018 2014 2013 2011 2009 2006 2005 2004 2124 2120 2107 2258 2256 2251 2248 2245 2244 2277 2265 2157 2149 2134 2033 2031 2029 2026 2023 1917 1916 1915 1895 1888 1884 1883 1863 1860 1852 1850 1849 1980 1972 2070 2062 2056 2048 2047 -1 
Truck #1504 MaxCap: 60 Demand: 59.0 ROUTE:0 1930 1929 1935 1934 1931 1920 1919 1918 1914 1913 1912 1911 1910 1909 1908 1959 1957 1956 1953 1946 1945 2084 2083 2082 2080 2079 2078 2077 2076 2075 2074 2073 2072 2071 2069 2068 2067 2066 2065 2064 2063 2061 2060 2059 2058 2057 2055 2054 2053 2052 2051 2050 2049 2046 2045 2044 2043 2042 2041 -1 
Truck #1505 MaxCap: 150 Demand: 149.0 ROUTE:0 1979 1978 1977 1976 1975 2000 1999 1997 1996 1995 1994 1993 1992 1991 1990 1989 1988 1987 1985 1984 1983 1982 1981 2020 2017 2016 2015 2012 2010 2008 2007 2003 2002 2001 2040 2039 2038 2037 2036 2035 2034 2032 2030 2028 2027 2025 2024 2022 2021 2199 2198 2197 2196 2195 2194 2193 2192 2191 2280 2279 2278 2276 2275 2274 2273 2272 2271 2270 2269 2268 2267 2266 2264 2263 2262 2261 2260 2259 2257 2255 2254 2253 2252 2250 2249 2247 2246 2243 2242 2241 2190 2189 2187 2186 2185 2183 2181 2180 2179 2176 2175 2174 2173 2172 2171 2240 2239 2238 2237 2236 2234 2233 2232 2230 2229 2228 2226 2225 2224 2223 2222 2221 2169 2168 2166 2165 2164 2162 2161 2220 2219 2218 2217 2215 2214 2213 2212 2211 2210 2209 2208 2207 2206 2205 2204 2203 2201 2403 2402 -1 
Truck #1506 MaxCap: 60 Demand: 59.0 ROUTE:0 2122 2121 2119 2118 2117 2116 2115 2114 2113 2112 2111 2110 2109 2108 2106 2105 2104 2103 2102 2101 2160 2159 2158 2156 2155 2154 2153 2152 2151 2150 2148 2147 2146 2145 2144 2143 2142 2141 2140 2139 2138 2137 2136 2135 2133 2132 2131 2100 2098 2097 2096 2094 2093 2092 2091 2090 2089 2088 2085 -1 
Truck #1507 MaxCap: 60 Demand: 59.0 ROUTE:0 2170 2167 2163 2178 2177 2130 2129 2128 2127 2126 2125 2123 2188 2184 2182 2200 2357 2356 2355 2354 2353 2352 2351 2350 2349 2348 2347 2346 2345 2344 2343 2342 2341 2340 2339 2338 2337 2336 2335 2334 2332 2331 2330 2329 2327 2326 2324 2323 2322 2320 2319 2318 2317 2316 2315 2314 2313 2312 2311 -1 
Truck #1508 MaxCap: 60 Demand: 59.0 ROUTE:0 2304 2299 2298 2295 2293 2333 2328 2325 2321 2369 2365 2364 2360 2392 2390 2389 2385 2382 2379 2377 2376 2375 2371 2520 2514 2513 2509 2506 2503 2502 2632 2621 2617 2611 2607 2603 2594 2592 2585 2583 2500 2497 2484 2480 2475 2471 2469 2467 2461 2579 2560 2552 2548 2540 2539 2531 2526 2453 2445 -1 
Truck #1509 MaxCap: 60 Demand: 59.0 ROUTE:0 2310 2309 2308 2307 2306 2305 2303 2302 2301 2300 2297 2296 2294 2292 2291 2290 2289 2288 2287 2286 2285 2284 2283 2282 2281 2370 2368 2367 2366 2363 2362 2361 2359 2358 2400 2399 2398 2397 2396 2395 2394 2393 2391 2388 2387 2386 2384 2383 2381 2380 2378 2374 2373 2372 2434 2432 2410 2406 2401 -1 
Truck #1510 MaxCap: 150 Demand: 149.0 ROUTE:0 2460 2459 2458 2457 2456 2455 2454 2452 2451 2450 2449 2448 2447 2446 2444 2443 2442 2441 2408 2407 2405 2404 2409 2420 2419 2418 2417 2416 2415 2414 2413 2412 2411 2479 2478 2477 2476 2474 2473 2472 2470 2468 2466 2465 2464 2463 2462 2499 2498 2496 2495 2494 2493 2492 2491 2490 2489 2488 2487 2486 2485 2483 2482 2481 2430 2429 2428 2427 2426 2425 2424 2423 2422 2421 2438 2437 2436 2435 2433 2431 2519 2518 2517 2516 2515 2512 2511 2510 2508 2507 2505 2504 2501 2680 2679 2678 2677 2676 2674 2673 2671 2750 2749 2747 2746 2745 2743 2742 2741 2670 2669 2668 2667 2666 2665 2664 2660 2659 2657 2656 2654 2653 2652 2650 2649 2648 2647 2646 2644 2643 2642 2641 2700 2699 2698 2697 2696 2695 2693 2691 2690 2689 2688 2687 2686 2685 2684 2683 2681 -1 
Truck #1511 MaxCap: 60 Demand: 57.0 ROUTE:0 2820 2819 2817 2815 2814 2812 2810 2809 2808 2807 2805 2804 2803 2801 2800 2799 2798 2797 2795 2794 2793 2792 2791 2610 2609 2608 2606 2605 2604 2602 2601 2600 2599 2598 2597 2596 2595 2593 2591 2590 2589 2588 2587 2586 2584 2582 2581 2620 2619 2618 2616 2615 2614 2613 2612 2440 2439 -1 
Truck #1512 MaxCap: 60 Demand: 59.0 ROUTE:0 2645 2580 2578 2577 2576 2575 2574 2573 2572 2571 2570 2569 2568 2567 2566 2565 2564 2563 2562 2561 2559 2558 2557 2556 2555 2554 2553 2551 2640 2639 2638 2637 2636 2635 2634 2633 2631 2630 2629 2628 2627 2626 2625 2624 2623 2622 2675 2672 2663 2662 2661 2658 2655 2651 2765 2764 2763 2762 2761 -1 
Truck #1520 MaxCap: 100 Demand: 91.0 ROUTE:0 285 290 292 302 305 315 324 332 336 337 343 345 356 358 2903 2904 2908 211 226 227 236 240 2889 101 103 106 116 120 85 87 94 95 98 100 181 187 195 199 202 61 66 72 73 74 80 166 167 171 180 2823 2830 2834 2835 2844 2848 2852 2862 2869 2873 2876 2744 2748 2754 2760 2724 2729 2709 2715 2796 2802 2806 2811 2813 2816 2818 2682 2692 2694 2769 2773 2785 43 47 49 52 55 57 127 149 363 364 -1 
Truck #1521 MaxCap: 100 Demand: 96.0 ROUTE:0 2766 2767 2768 2770 2771 2772 2774 2775 2776 2777 2778 2779 2780 2781 2782 2783 2784 2786 2787 2788 2789 2790 2821 2822 2824 2825 2826 2827 2828 2829 2831 2832 2833 2836 2837 2838 2839 2840 2841 2842 2843 2845 2846 2847 2849 2850 2867 2868 2870 2871 2872 2874 2875 2877 2878 2879 2880 2851 2853 2854 2855 2856 2857 2858 2859 2860 2861 2863 2864 2865 2866 2521 2522 2523 2524 2525 2527 2528 2529 2530 2532 2533 2534 2535 2536 2537 2538 2541 2542 2543 2544 2545 2546 2547 2549 2550 -1 
Truck #1564 MaxCap: 200 Demand: 193.0 ROUTE:0 2 3 6 7 8 9 10 2701 2702 2703 2704 2705 2706 2707 2708 2710 2711 2712 2713 2714 2716 2717 2718 2719 2720 11 12 13 14 15 16 18 19 20 2721 2722 2723 2725 2726 2727 2728 2730 2731 2732 2733 2734 2735 2736 2737 2738 2739 2740 2751 2752 2753 2755 2756 2757 2758 2759 21 23 24 25 26 28 29 30 31 32 33 34 35 36 38 39 2881 2883 2884 2885 2886 2887 2888 2890 2891 2892 2893 2894 2895 2896 2897 2898 2899 2900 341 342 344 346 347 348 349 350 351 352 353 354 271 272 273 274 275 276 277 278 279 280 261 262 263 264 267 270 102 104 105 107 108 109 110 111 112 113 114 115 117 118 119 81 82 83 84 86 88 89 90 91 92 93 96 97 99 62 63 64 65 67 68 69 70 71 75 76 77 78 79 252 253 254 255 256 259 260 241 242 243 244 245 246 248 41 42 44 45 46 48 50 51 53 54 56 58 59 60 -1 


Inital Solution 0 changes  totQ=3000.00 totD=4184.14 $3639.93
Local One Opt 66 changes  totQ=3000.00 totD=4029.86 $3621.26
Local Two Opt 29 changes  totQ=3000.00 totD=3995.90 $3616.43
Local Three Opt 11 changes  totQ=3000.00 totD=3981.00 $3613.48
K-Two Forward 0 changes  totQ=3000.00 totD=3981.00 $3613.48
K-Two Reverse 1 changes  totQ=3000.00 totD=3980.59 $3613.41
K-Three Forward 0 changes  totQ=3000.00 totD=3980.59 $3613.41
K-Three Reverse 0 changes  totQ=3000.00 totD=3980.59 $3613.41
Exchange 01 2 changes  totQ=3000.00 totD=3960.29 $3612.17
Exchange 01 0 changes  totQ=3000.00 totD=3960.29 $3612.17
Exchange 11 4 changes  totQ=3000.00 totD=3930.40 $3610.37
Exchange 02 0 changes  totQ=3000.00 totD=3930.40 $3610.37
Exchange 20 0 changes  totQ=3000.00 totD=3930.40 $3610.37
Exchange 12 1 changes  totQ=3000.00 totD=3927.72 $3610.21
Exchange 21 0 changes  totQ=3000.00 totD=3927.72 $3610.21
Exchange 22 0 changes  totQ=3000.00 totD=3927.72 $3610.21
Combination 2 changes  totQ=3000.00 totD=3927.72 $3610.21
Reduction 0 changes  totQ=3000.00 totD=3883.74 $3579.53
Reallocation 0 changes  totQ=3000.00 totD=3883.74 $3579.53
Relax/Combine 1 changes  totQ=3000.00 totD=3862.49 $3486.51
Sharing 0 changes  totQ=3000.00 totD=3862.49 $3486.51
Relax/Share 0 changes  totQ=3000.00 totD=3862.49 $3486.51
