1
0 0.0 0.0 3000.0 3862.487548828125 31
1484 1 99.0 162.05233764648438 100 2147483647 101
0 0 0.0 0.0 D
387 1 6.4279 7.6604 1
384 1 6.4279 7.6604 1
382 1 6.4279 7.6604 1
381 1 6.4279 7.6604 1
380 1 6.4279 7.6604 1
379 1 6.4279 7.6604 1
378 1 6.4279 7.6604 1
373 1 6.4279 7.6604 1
369 1 6.4279 7.6604 1
365 1 6.4279 7.6604 1
388 1 6.4279 7.6604 1
420 1 12.8558 15.3209 1
415 1 12.8558 15.3209 1
411 1 12.8558 15.3209 1
410 1 12.8558 15.3209 1
408 1 12.8558 15.3209 1
450 1 19.2836 22.9813 1
445 1 19.2836 22.9813 1
443 1 19.2836 22.9813 1
429 1 19.2836 22.9813 1
423 1 19.2836 22.9813 1
480 1 25.7115 30.6418 1
476 1 25.7115 30.6418 1
471 1 25.7115 30.6418 1
465 1 25.7115 30.6418 1
453 1 25.7115 30.6418 1
599 1 13.6808 37.5877 1
594 1 13.6808 37.5877 1
593 1 13.6808 37.5877 1
591 1 13.6808 37.5877 1
586 1 13.6808 37.5877 1
584 1 13.6808 37.5877 1
720 1 6.9459 39.3923 1
709 1 6.9459 39.3923 1
706 1 6.9459 39.3923 1
705 1 6.9459 39.3923 1
702 1 6.9459 39.3923 1
700 1 6.9459 39.3923 1
698 1 6.9459 39.3923 1
696 1 6.9459 39.3923 1
693 1 6.9459 39.3923 1
2928 1 4.3578 49.8097 1
2927 1 4.3578 49.8097 1
836 1 -6.9459 39.3923 1
834 1 -6.9459 39.3923 1
828 1 -6.9459 39.3923 1
823 1 -6.9459 39.3923 1
808 1 -5.2094 29.5442 1
685 1 5.2094 29.5442 1
677 1 5.2094 29.5442 1
674 1 5.2094 29.5442 1
673 1 5.2094 29.5442 1
671 1 5.2094 29.5442 1
665 1 5.2094 29.5442 1
663 1 5.2094 29.5442 1
662 1 5.2094 29.5442 1
576 1 10.2606 28.1908 1
571 1 10.2606 28.1908 1
566 1 10.2606 28.1908 1
562 1 10.2606 28.1908 1
561 1 10.2606 28.1908 1
559 1 6.8404 18.7939 1
557 1 6.8404 18.7939 1
552 1 6.8404 18.7939 1
545 1 6.8404 18.7939 1
543 1 6.8404 18.7939 1
643 1 3.473 19.6962 1
642 1 3.473 19.6962 1
641 1 3.473 19.6962 1
639 1 3.473 19.6962 1
633 1 3.473 19.6962 1
791 1 -3.473 19.6962 1
788 1 -3.473 19.6962 1
782 1 -3.473 19.6962 1
900 1 -6.8404 18.7939 1
893 1 -6.8404 18.7939 1
891 1 -6.8404 18.7939 1
883 1 -6.8404 18.7939 1
877 1 -6.8404 18.7939 1
780 1 -1.7365 9.8481 1
777 1 -1.7365 9.8481 1
776 1 -1.7365 9.8481 1
770 1 -1.7365 9.8481 1
767 1 -1.7365 9.8481 1
766 1 -1.7365 9.8481 1
765 1 -1.7365 9.8481 1
764 1 -1.7365 9.8481 1
628 1 1.7365 9.8481 1
622 1 1.7365 9.8481 1
621 1 1.7365 9.8481 1
617 1 1.7365 9.8481 1
615 1 1.7365 9.8481 1
608 1 1.7365 9.8481 1
540 1 3.4202 9.3969 1
537 1 3.4202 9.3969 1
536 1 3.4202 9.3969 1
533 1 3.4202 9.3969 1
529 1 3.4202 9.3969 1
525 1 3.4202 9.3969 1
-1 0 0.0 0.0 D
1485 1 159.0 278.7495422363281 160 2147483647 161
0 0 0.0 0.0 D
870 1 -3.4202 9.3969 1
862 1 -3.4202 9.3969 1
861 1 -3.4202 9.3969 1
860 1 -3.4202 9.3969 1
858 1 -3.4202 9.3969 1
857 1 -3.4202 9.3969 1
848 1 -3.4202 9.3969 1
1020 1 -6.4279 7.6604 1
1019 1 -6.4279 7.6604 1
1006 1 -6.4279 7.6604 1
1004 1 -6.4279 7.6604 1
1108 1 -7.6604 6.4279 1
1089 1 -7.6604 6.4279 1
1086 1 -7.6604 6.4279 1
1085 1 -7.6604 6.4279 1
1140 1 -15.3209 12.8558 1
1131 1 -15.3209 12.8558 1
1127 1 -15.3209 12.8558 1
1124 1 -15.3209 12.8558 1
1123 1 -15.3209 12.8558 1
1117 1 -15.3209 12.8558 1
1116 1 -15.3209 12.8558 1
1113 1 -15.3209 12.8558 1
1040 1 -12.8558 15.3209 1
1037 1 -12.8558 15.3209 1
1033 1 -12.8558 15.3209 1
1031 1 -12.8558 15.3209 1
1021 1 -12.8558 15.3209 1
929 1 -10.2606 28.1908 1
922 1 -10.2606 28.1908 1
920 1 -10.2606 28.1908 1
914 1 -10.2606 28.1908 1
912 1 -10.2606 28.1908 1
904 1 -10.2606 28.1908 1
902 1 -10.2606 28.1908 1
959 1 -13.6808 37.5877 1
953 1 -13.6808 37.5877 1
951 1 -13.6808 37.5877 1
937 1 -13.6808 37.5877 1
2945 1 -28.6788 40.9576 1
1078 1 -25.7115 30.6418 1
1069 1 -25.7115 30.6418 1
1066 1 -25.7115 30.6418 1
1063 1 -25.7115 30.6418 1
1192 1 -30.6418 25.7115 1
1187 1 -30.6418 25.7115 1
1178 1 -30.6418 25.7115 1
1177 1 -30.6418 25.7115 1
1052 1 -19.2836 22.9813 1
1048 1 -19.2836 22.9813 1
1043 1 -19.2836 22.9813 1
1169 1 -22.9813 19.2836 1
1166 1 -22.9813 19.2836 1
1159 1 -22.9813 19.2836 1
1146 1 -22.9813 19.2836 1
1300 1 -28.1908 10.2606 1
1299 1 -28.1908 10.2606 1
1297 1 -28.1908 10.2606 1
1284 1 -28.1908 10.2606 1
1402 1 -29.5442 5.2094 1
1396 1 -29.5442 5.2094 1
1319 1 -37.5877 13.6808 1
1318 1 -37.5877 13.6808 1
1305 1 -37.5877 13.6808 1
1435 1 -39.3923 6.9459 1
1428 1 -39.3923 6.9459 1
1427 1 -39.3923 6.9459 1
1415 1 -39.3923 6.9459 1
1414 1 -39.3923 6.9459 1
2976 1 -49.8097 -4.3578 1
2974 1 -49.8097 -4.3578 1
1559 1 -39.3923 -6.9459 1
1556 1 -39.3923 -6.9459 1
1553 1 -39.3923 -6.9459 1
1548 1 -39.3923 -6.9459 1
1545 1 -39.3923 -6.9459 1
1542 1 -39.3923 -6.9459 1
1537 1 -29.5442 -5.2094 1
1536 1 -29.5442 -5.2094 1
1535 1 -29.5442 -5.2094 1
1648 1 -28.1908 -10.2606 1
1645 1 -28.1908 -10.2606 1
1639 1 -28.1908 -10.2606 1
1637 1 -28.1908 -10.2606 1
1636 1 -28.1908 -10.2606 1
1634 1 -28.1908 -10.2606 1
1628 1 -28.1908 -10.2606 1
1626 1 -28.1908 -10.2606 1
1678 1 -37.5877 -13.6808 1
1672 1 -37.5877 -13.6808 1
1665 1 -37.5877 -13.6808 1
1657 1 -37.5877 -13.6808 1
1656 1 -37.5877 -13.6808 1
1653 1 -37.5877 -13.6808 1
1652 1 -37.5877 -13.6808 1
1790 1 -30.6418 -25.7115 1
1785 1 -30.6418 -25.7115 1
1765 1 -22.9813 -19.2836 1
1846 1 -12.8558 -15.3209 1
1844 1 -12.8558 -15.3209 1
1841 1 -12.8558 -15.3209 1
1838 1 -12.8558 -15.3209 1
1837 1 -12.8558 -15.3209 1
1834 1 -12.8558 -15.3209 1
1759 1 -15.3209 -12.8558 1
1758 1 -15.3209 -12.8558 1
1757 1 -15.3209 -12.8558 1
1741 1 -15.3209 -12.8558 1
1617 1 -18.7939 -6.8404 1
1616 1 -18.7939 -6.8404 1
1604 1 -18.7939 -6.8404 1
1601 1 -18.7939 -6.8404 1
1598 1 -18.7939 -6.8404 1
1593 1 -18.7939 -6.8404 1
1591 1 -18.7939 -6.8404 1
1511 1 -19.6962 -3.473 1
1507 1 -19.6962 -3.473 1
1372 1 -19.6962 3.473 1
1371 1 -19.6962 3.473 1
1368 1 -19.6962 3.473 1
1351 1 -19.6962 3.473 1
1270 1 -18.7939 6.8404 1
1260 1 -9.3969 3.4202 1
1252 1 -9.3969 3.4202 1
1247 1 -9.3969 3.4202 1
1246 1 -9.3969 3.4202 1
1242 1 -9.3969 3.4202 1
1348 1 -9.8481 1.7365 1
1346 1 -9.8481 1.7365 1
1344 1 -9.8481 1.7365 1
1342 1 -9.8481 1.7365 1
1329 1 -9.8481 1.7365 1
1324 1 -9.8481 1.7365 1
1321 1 -9.8481 1.7365 1
1498 1 -9.8481 -1.7365 1
1494 1 -9.8481 -1.7365 1
1487 1 -9.8481 -1.7365 1
1481 1 -9.8481 -1.7365 1
1590 1 -9.3969 -3.4202 1
1585 1 -9.3969 -3.4202 1
1584 1 -9.3969 -3.4202 1
1570 1 -9.3969 -3.4202 1
1566 1 -9.3969 -3.4202 1
1739 1 -7.6604 -6.4279 1
1733 1 -7.6604 -6.4279 1
1732 1 -7.6604 -6.4279 1
1730 1 -7.6604 -6.4279 1
1728 1 -7.6604 -6.4279 1
1727 1 -7.6604 -6.4279 1
1723 1 -7.6604 -6.4279 1
1830 1 -6.4279 -7.6604 1
1829 1 -6.4279 -7.6604 1
1826 1 -6.4279 -7.6604 1
1823 1 -6.4279 -7.6604 1
1815 1 -6.4279 -7.6604 1
1814 1 -6.4279 -7.6604 1
1809 1 -6.4279 -7.6604 1
1807 1 -6.4279 -7.6604 1
1803 1 -6.4279 -7.6604 1
-1 0 0.0 0.0 D
1486 2 59.0 103.14437103271484 60 2147483647 61
0 0 0.0 0.0 D
179 1 18.7939 6.8404 2
178 1 18.7939 6.8404 2
177 1 18.7939 6.8404 2
176 1 18.7939 6.8404 2
175 1 18.7939 6.8404 2
174 1 18.7939 6.8404 2
173 1 18.7939 6.8404 2
172 1 18.7939 6.8404 2
170 1 18.7939 6.8404 2
169 1 18.7939 6.8404 2
168 1 18.7939 6.8404 2
165 1 18.7939 6.8404 2
164 1 18.7939 6.8404 2
163 1 18.7939 6.8404 2
162 1 18.7939 6.8404 2
161 1 18.7939 6.8404 2
160 1 18.7939 6.8404 2
159 1 18.7939 6.8404 2
158 1 18.7939 6.8404 2
157 1 18.7939 6.8404 2
156 1 18.7939 6.8404 2
155 1 18.7939 6.8404 2
154 1 18.7939 6.8404 2
153 1 18.7939 6.8404 2
152 1 18.7939 6.8404 2
151 1 18.7939 6.8404 2
209 1 28.1908 10.2606 2
208 1 28.1908 10.2606 2
207 1 28.1908 10.2606 2
206 1 28.1908 10.2606 2
205 1 28.1908 10.2606 2
204 1 28.1908 10.2606 2
203 1 28.1908 10.2606 2
201 1 28.1908 10.2606 2
200 1 28.1908 10.2606 2
198 1 28.1908 10.2606 2
197 1 28.1908 10.2606 2
196 1 28.1908 10.2606 2
194 1 28.1908 10.2606 2
193 1 28.1908 10.2606 2
192 1 28.1908 10.2606 2
191 1 28.1908 10.2606 2
190 1 28.1908 10.2606 2
189 1 28.1908 10.2606 2
188 1 28.1908 10.2606 2
186 1 28.1908 10.2606 2
185 1 28.1908 10.2606 2
184 1 28.1908 10.2606 2
183 1 28.1908 10.2606 2
182 1 28.1908 10.2606 2
2882 1 49.8097 4.3578 2
40 1 40.0 0.0 2
37 1 40.0 0.0 2
27 1 30.0 0.0 2
22 1 30.0 0.0 2
17 1 20.0 0.0 2
5 1 10.0 0.0 2
4 1 10.0 0.0 2
1 1 10.0 0.0 2
-1 0 0.0 0.0 D
1487 2 99.0 118.88804626464844 100 2147483647 101
0 0 0.0 0.0 D
150 1 9.3969 3.4202 2
148 1 9.3969 3.4202 2
147 1 9.3969 3.4202 2
146 1 9.3969 3.4202 2
145 1 9.3969 3.4202 2
144 1 9.3969 3.4202 2
143 1 9.3969 3.4202 2
142 1 9.3969 3.4202 2
141 1 9.3969 3.4202 2
140 1 9.3969 3.4202 2
139 1 9.3969 3.4202 2
138 1 9.3969 3.4202 2
137 1 9.3969 3.4202 2
136 1 9.3969 3.4202 2
135 1 9.3969 3.4202 2
134 1 9.3969 3.4202 2
133 1 9.3969 3.4202 2
132 1 9.3969 3.4202 2
131 1 9.3969 3.4202 2
130 1 9.3969 3.4202 2
129 1 9.3969 3.4202 2
128 1 9.3969 3.4202 2
126 1 9.3969 3.4202 2
125 1 9.3969 3.4202 2
124 1 9.3969 3.4202 2
123 1 9.3969 3.4202 2
122 1 9.3969 3.4202 2
121 1 9.3969 3.4202 2
250 1 8.6603 5.0 2
249 1 8.6603 5.0 2
247 1 8.6603 5.0 2
258 1 17.3205 10.0 2
257 1 17.3205 10.0 2
251 1 17.3205 10.0 2
269 1 25.9808 15.0 2
268 1 25.9808 15.0 2
266 1 25.9808 15.0 2
265 1 25.9808 15.0 2
210 1 28.1908 10.2606 2
239 1 37.5877 13.6808 2
238 1 37.5877 13.6808 2
237 1 37.5877 13.6808 2
235 1 37.5877 13.6808 2
234 1 37.5877 13.6808 2
233 1 37.5877 13.6808 2
232 1 37.5877 13.6808 2
231 1 37.5877 13.6808 2
230 1 37.5877 13.6808 2
229 1 37.5877 13.6808 2
228 1 37.5877 13.6808 2
225 1 37.5877 13.6808 2
224 1 37.5877 13.6808 2
223 1 37.5877 13.6808 2
222 1 37.5877 13.6808 2
221 1 37.5877 13.6808 2
220 1 37.5877 13.6808 2
219 1 37.5877 13.6808 2
218 1 37.5877 13.6808 2
217 1 37.5877 13.6808 2
216 1 37.5877 13.6808 2
215 1 37.5877 13.6808 2
214 1 37.5877 13.6808 2
213 1 37.5877 13.6808 2
212 1 37.5877 13.6808 2
2907 1 35.3553 35.3553 2
407 1 12.8558 15.3209 2
406 1 12.8558 15.3209 2
405 1 12.8558 15.3209 2
404 1 12.8558 15.3209 2
403 1 12.8558 15.3209 2
402 1 12.8558 15.3209 2
401 1 12.8558 15.3209 2
400 1 12.8558 15.3209 2
399 1 12.8558 15.3209 2
398 1 12.8558 15.3209 2
397 1 12.8558 15.3209 2
396 1 12.8558 15.3209 2
395 1 12.8558 15.3209 2
394 1 12.8558 15.3209 2
393 1 12.8558 15.3209 2
392 1 12.8558 15.3209 2
391 1 12.8558 15.3209 2
390 1 6.4279 7.6604 2
389 1 6.4279 7.6604 2
386 1 6.4279 7.6604 2
385 1 6.4279 7.6604 2
383 1 6.4279 7.6604 2
377 1 6.4279 7.6604 2
376 1 6.4279 7.6604 2
375 1 6.4279 7.6604 2
374 1 6.4279 7.6604 2
372 1 6.4279 7.6604 2
371 1 6.4279 7.6604 2
370 1 6.4279 7.6604 2
368 1 6.4279 7.6604 2
367 1 6.4279 7.6604 2
366 1 6.4279 7.6604 2
362 1 6.4279 7.6604 2
361 1 6.4279 7.6604 2
-1 0 0.0 0.0 D
1488 2 159.0 122.0936508178711 160 2147483647 161
0 0 0.0 0.0 D
489 1 5.0 8.6603 2
419 1 12.8558 15.3209 2
418 1 12.8558 15.3209 2
417 1 12.8558 15.3209 2
416 1 12.8558 15.3209 2
414 1 12.8558 15.3209 2
413 1 12.8558 15.3209 2
412 1 12.8558 15.3209 2
409 1 12.8558 15.3209 2
499 1 10.0 17.3205 2
493 1 10.0 17.3205 2
492 1 10.0 17.3205 2
491 1 10.0 17.3205 2
505 1 15.0 25.9808 2
504 1 15.0 25.9808 2
503 1 15.0 25.9808 2
502 1 15.0 25.9808 2
449 1 19.2836 22.9813 2
448 1 19.2836 22.9813 2
447 1 19.2836 22.9813 2
446 1 19.2836 22.9813 2
444 1 19.2836 22.9813 2
442 1 19.2836 22.9813 2
441 1 19.2836 22.9813 2
440 1 19.2836 22.9813 2
439 1 19.2836 22.9813 2
438 1 19.2836 22.9813 2
437 1 19.2836 22.9813 2
436 1 19.2836 22.9813 2
435 1 19.2836 22.9813 2
434 1 19.2836 22.9813 2
433 1 19.2836 22.9813 2
432 1 19.2836 22.9813 2
431 1 19.2836 22.9813 2
430 1 19.2836 22.9813 2
428 1 19.2836 22.9813 2
427 1 19.2836 22.9813 2
426 1 19.2836 22.9813 2
425 1 19.2836 22.9813 2
424 1 19.2836 22.9813 2
422 1 19.2836 22.9813 2
421 1 19.2836 22.9813 2
479 1 25.7115 30.6418 2
478 1 25.7115 30.6418 2
477 1 25.7115 30.6418 2
475 1 25.7115 30.6418 2
474 1 25.7115 30.6418 2
473 1 25.7115 30.6418 2
472 1 25.7115 30.6418 2
470 1 25.7115 30.6418 2
469 1 25.7115 30.6418 2
468 1 25.7115 30.6418 2
467 1 25.7115 30.6418 2
466 1 25.7115 30.6418 2
464 1 25.7115 30.6418 2
463 1 25.7115 30.6418 2
462 1 25.7115 30.6418 2
461 1 25.7115 30.6418 2
460 1 25.7115 30.6418 2
459 1 25.7115 30.6418 2
458 1 25.7115 30.6418 2
457 1 25.7115 30.6418 2
456 1 25.7115 30.6418 2
455 1 25.7115 30.6418 2
454 1 25.7115 30.6418 2
452 1 25.7115 30.6418 2
451 1 25.7115 30.6418 2
518 1 20.0 34.641 2
517 1 20.0 34.641 2
514 1 20.0 34.641 2
2919 1 21.1309 45.3154 2
2911 1 21.1309 45.3154 2
719 1 6.9459 39.3923 2
718 1 6.9459 39.3923 2
717 1 6.9459 39.3923 2
716 1 6.9459 39.3923 2
715 1 6.9459 39.3923 2
714 1 6.9459 39.3923 2
713 1 6.9459 39.3923 2
712 1 6.9459 39.3923 2
711 1 6.9459 39.3923 2
710 1 6.9459 39.3923 2
708 1 6.9459 39.3923 2
707 1 6.9459 39.3923 2
704 1 6.9459 39.3923 2
703 1 6.9459 39.3923 2
701 1 6.9459 39.3923 2
699 1 6.9459 39.3923 2
697 1 6.9459 39.3923 2
695 1 6.9459 39.3923 2
694 1 6.9459 39.3923 2
692 1 6.9459 39.3923 2
691 1 6.9459 39.3923 2
684 1 5.2094 29.5442 2
683 1 5.2094 29.5442 2
682 1 5.2094 29.5442 2
681 1 5.2094 29.5442 2
680 1 5.2094 29.5442 2
679 1 5.2094 29.5442 2
678 1 5.2094 29.5442 2
676 1 5.2094 29.5442 2
675 1 5.2094 29.5442 2
672 1 5.2094 29.5442 2
670 1 5.2094 29.5442 2
669 1 5.2094 29.5442 2
668 1 5.2094 29.5442 2
667 1 5.2094 29.5442 2
666 1 5.2094 29.5442 2
664 1 5.2094 29.5442 2
661 1 5.2094 29.5442 2
660 1 3.473 19.6962 2
659 1 3.473 19.6962 2
658 1 3.473 19.6962 2
657 1 3.473 19.6962 2
656 1 3.473 19.6962 2
655 1 3.473 19.6962 2
654 1 3.473 19.6962 2
653 1 3.473 19.6962 2
652 1 3.473 19.6962 2
651 1 3.473 19.6962 2
650 1 3.473 19.6962 2
649 1 3.473 19.6962 2
648 1 3.473 19.6962 2
647 1 3.473 19.6962 2
646 1 3.473 19.6962 2
645 1 3.473 19.6962 2
644 1 3.473 19.6962 2
640 1 3.473 19.6962 2
638 1 3.473 19.6962 2
637 1 3.473 19.6962 2
636 1 3.473 19.6962 2
635 1 3.473 19.6962 2
634 1 3.473 19.6962 2
632 1 3.473 19.6962 2
631 1 3.473 19.6962 2
630 1 1.7365 9.8481 2
629 1 1.7365 9.8481 2
627 1 1.7365 9.8481 2
626 1 1.7365 9.8481 2
625 1 1.7365 9.8481 2
624 1 1.7365 9.8481 2
623 1 1.7365 9.8481 2
620 1 1.7365 9.8481 2
619 1 1.7365 9.8481 2
618 1 1.7365 9.8481 2
616 1 1.7365 9.8481 2
614 1 1.7365 9.8481 2
613 1 1.7365 9.8481 2
612 1 1.7365 9.8481 2
611 1 1.7365 9.8481 2
610 1 1.7365 9.8481 2
609 1 1.7365 9.8481 2
607 1 1.7365 9.8481 2
606 1 1.7365 9.8481 2
605 1 1.7365 9.8481 2
604 1 1.7365 9.8481 2
603 1 1.7365 9.8481 2
602 1 1.7365 9.8481 2
601 1 1.7365 9.8481 2
-1 0 0.0 0.0 D
1490 4 199.0 194.4611053466797 200 2147483647 201
0 0 0.0 0.0 D
300 1 7.6604 6.4279 4
299 1 7.6604 6.4279 4
298 1 7.6604 6.4279 4
297 1 7.6604 6.4279 4
296 1 7.6604 6.4279 4
295 1 7.6604 6.4279 4
294 1 7.6604 6.4279 4
293 1 7.6604 6.4279 4
291 1 7.6604 6.4279 4
289 1 7.6604 6.4279 4
288 1 7.6604 6.4279 4
287 1 7.6604 6.4279 4
286 1 7.6604 6.4279 4
284 1 7.6604 6.4279 4
283 1 7.6604 6.4279 4
282 1 7.6604 6.4279 4
281 1 7.6604 6.4279 4
320 1 15.3209 12.8558 4
319 1 15.3209 12.8558 4
318 1 15.3209 12.8558 4
317 1 15.3209 12.8558 4
316 1 15.3209 12.8558 4
314 1 15.3209 12.8558 4
313 1 15.3209 12.8558 4
312 1 15.3209 12.8558 4
311 1 15.3209 12.8558 4
310 1 15.3209 12.8558 4
309 1 15.3209 12.8558 4
308 1 15.3209 12.8558 4
307 1 15.3209 12.8558 4
306 1 15.3209 12.8558 4
304 1 15.3209 12.8558 4
303 1 15.3209 12.8558 4
301 1 15.3209 12.8558 4
340 1 22.9813 19.2836 4
339 1 22.9813 19.2836 4
338 1 22.9813 19.2836 4
335 1 22.9813 19.2836 4
334 1 22.9813 19.2836 4
333 1 22.9813 19.2836 4
331 1 22.9813 19.2836 4
330 1 22.9813 19.2836 4
329 1 22.9813 19.2836 4
328 1 22.9813 19.2836 4
327 1 22.9813 19.2836 4
326 1 22.9813 19.2836 4
325 1 22.9813 19.2836 4
323 1 22.9813 19.2836 4
322 1 22.9813 19.2836 4
321 1 22.9813 19.2836 4
360 1 30.6418 25.7115 4
359 1 30.6418 25.7115 4
357 1 30.6418 25.7115 4
355 1 30.6418 25.7115 4
2910 1 35.3553 35.3553 4
2909 1 35.3553 35.3553 4
2906 1 35.3553 35.3553 4
2905 1 35.3553 35.3553 4
2902 1 35.3553 35.3553 4
2901 1 35.3553 35.3553 4
2920 1 21.1309 45.3154 4
2918 1 21.1309 45.3154 4
2917 1 21.1309 45.3154 4
2916 1 21.1309 45.3154 4
2915 1 21.1309 45.3154 4
2914 1 21.1309 45.3154 4
2913 1 21.1309 45.3154 4
2912 1 21.1309 45.3154 4
2930 1 4.3578 49.8097 4
2929 1 4.3578 49.8097 4
2926 1 4.3578 49.8097 4
2925 1 4.3578 49.8097 4
2924 1 4.3578 49.8097 4
2923 1 4.3578 49.8097 4
2922 1 4.3578 49.8097 4
2921 1 4.3578 49.8097 4
760 1 0.0 40.0 4
756 1 0.0 40.0 4
755 1 0.0 40.0 4
754 1 0.0 40.0 4
753 1 0.0 40.0 4
752 1 0.0 40.0 4
751 1 0.0 40.0 4
600 1 13.6808 37.5877 4
598 1 13.6808 37.5877 4
597 1 13.6808 37.5877 4
596 1 13.6808 37.5877 4
595 1 13.6808 37.5877 4
592 1 13.6808 37.5877 4
590 1 13.6808 37.5877 4
589 1 13.6808 37.5877 4
588 1 13.6808 37.5877 4
587 1 13.6808 37.5877 4
585 1 13.6808 37.5877 4
583 1 13.6808 37.5877 4
582 1 13.6808 37.5877 4
581 1 13.6808 37.5877 4
520 1 20.0 34.641 4
519 1 20.0 34.641 4
516 1 20.0 34.641 4
515 1 20.0 34.641 4
513 1 20.0 34.641 4
512 1 20.0 34.641 4
511 1 20.0 34.641 4
510 1 15.0 25.9808 4
509 1 15.0 25.9808 4
508 1 15.0 25.9808 4
507 1 15.0 25.9808 4
506 1 15.0 25.9808 4
501 1 15.0 25.9808 4
580 1 10.2606 28.1908 4
579 1 10.2606 28.1908 4
578 1 10.2606 28.1908 4
577 1 10.2606 28.1908 4
575 1 10.2606 28.1908 4
574 1 10.2606 28.1908 4
573 1 10.2606 28.1908 4
572 1 10.2606 28.1908 4
570 1 10.2606 28.1908 4
569 1 10.2606 28.1908 4
568 1 10.2606 28.1908 4
567 1 10.2606 28.1908 4
565 1 10.2606 28.1908 4
564 1 10.2606 28.1908 4
563 1 10.2606 28.1908 4
750 1 0.0 30.0 4
749 1 0.0 30.0 4
748 1 0.0 30.0 4
747 1 0.0 30.0 4
746 1 0.0 30.0 4
745 1 0.0 30.0 4
744 1 0.0 30.0 4
741 1 0.0 30.0 4
806 1 -5.2094 29.5442 4
805 1 -5.2094 29.5442 4
804 1 -5.2094 29.5442 4
803 1 -5.2094 29.5442 4
802 1 -5.2094 29.5442 4
801 1 -5.2094 29.5442 4
740 1 0.0 20.0 4
739 1 0.0 20.0 4
736 1 0.0 20.0 4
735 1 0.0 20.0 4
734 1 0.0 20.0 4
733 1 0.0 20.0 4
731 1 0.0 20.0 4
560 1 6.8404 18.7939 4
558 1 6.8404 18.7939 4
556 1 6.8404 18.7939 4
555 1 6.8404 18.7939 4
554 1 6.8404 18.7939 4
553 1 6.8404 18.7939 4
551 1 6.8404 18.7939 4
550 1 6.8404 18.7939 4
549 1 6.8404 18.7939 4
548 1 6.8404 18.7939 4
547 1 6.8404 18.7939 4
546 1 6.8404 18.7939 4
544 1 6.8404 18.7939 4
542 1 6.8404 18.7939 4
541 1 6.8404 18.7939 4
500 1 10.0 17.3205 4
498 1 10.0 17.3205 4
497 1 10.0 17.3205 4
496 1 10.0 17.3205 4
495 1 10.0 17.3205 4
494 1 10.0 17.3205 4
490 1 5.0 8.6603 4
488 1 5.0 8.6603 4
487 1 5.0 8.6603 4
486 1 5.0 8.6603 4
485 1 5.0 8.6603 4
484 1 5.0 8.6603 4
483 1 5.0 8.6603 4
482 1 5.0 8.6603 4
481 1 5.0 8.6603 4
539 1 3.4202 9.3969 4
538 1 3.4202 9.3969 4
535 1 3.4202 9.3969 4
534 1 3.4202 9.3969 4
532 1 3.4202 9.3969 4
531 1 3.4202 9.3969 4
530 1 3.4202 9.3969 4
528 1 3.4202 9.3969 4
527 1 3.4202 9.3969 4
526 1 3.4202 9.3969 4
524 1 3.4202 9.3969 4
523 1 3.4202 9.3969 4
522 1 3.4202 9.3969 4
521 1 3.4202 9.3969 4
730 1 0.0 10.0 4
729 1 0.0 10.0 4
728 1 0.0 10.0 4
727 1 0.0 10.0 4
725 1 0.0 10.0 4
724 1 0.0 10.0 4
723 1 0.0 10.0 4
722 1 0.0 10.0 4
721 1 0.0 10.0 4
-1 0 0.0 0.0 D
1491 4 249.0 197.1528778076172 250 2147483647 251
0 0 0.0 0.0 D
1259 1 -9.3969 3.4202 4
1258 1 -9.3969 3.4202 4
1257 1 -9.3969 3.4202 4
1256 1 -9.3969 3.4202 4
1255 1 -9.3969 3.4202 4
1254 1 -9.3969 3.4202 4
1253 1 -9.3969 3.4202 4
1251 1 -9.3969 3.4202 4
1250 1 -9.3969 3.4202 4
1249 1 -9.3969 3.4202 4
1248 1 -9.3969 3.4202 4
1245 1 -9.3969 3.4202 4
1244 1 -9.3969 3.4202 4
1243 1 -9.3969 3.4202 4
1241 1 -9.3969 3.4202 4
1210 1 -8.6603 5.0 4
1209 1 -8.6603 5.0 4
1207 1 -8.6603 5.0 4
1206 1 -8.6603 5.0 4
1205 1 -8.6603 5.0 4
1203 1 -8.6603 5.0 4
1201 1 -8.6603 5.0 4
1220 1 -17.3205 10.0 4
1219 1 -17.3205 10.0 4
1218 1 -17.3205 10.0 4
1216 1 -17.3205 10.0 4
1215 1 -17.3205 10.0 4
1214 1 -17.3205 10.0 4
1212 1 -17.3205 10.0 4
1039 1 -12.8558 15.3209 4
1038 1 -12.8558 15.3209 4
1036 1 -12.8558 15.3209 4
1035 1 -12.8558 15.3209 4
1034 1 -12.8558 15.3209 4
1032 1 -12.8558 15.3209 4
1030 1 -12.8558 15.3209 4
1029 1 -12.8558 15.3209 4
1028 1 -12.8558 15.3209 4
1027 1 -12.8558 15.3209 4
1026 1 -12.8558 15.3209 4
1025 1 -12.8558 15.3209 4
1024 1 -12.8558 15.3209 4
1023 1 -12.8558 15.3209 4
1022 1 -12.8558 15.3209 4
980 1 -10.0 17.3205 4
978 1 -10.0 17.3205 4
977 1 -10.0 17.3205 4
976 1 -10.0 17.3205 4
975 1 -10.0 17.3205 4
973 1 -10.0 17.3205 4
972 1 -10.0 17.3205 4
971 1 -10.0 17.3205 4
990 1 -15.0 25.9808 4
989 1 -15.0 25.9808 4
988 1 -15.0 25.9808 4
985 1 -15.0 25.9808 4
984 1 -15.0 25.9808 4
983 1 -15.0 25.9808 4
982 1 -15.0 25.9808 4
981 1 -15.0 25.9808 4
1060 1 -19.2836 22.9813 4
1059 1 -19.2836 22.9813 4
1058 1 -19.2836 22.9813 4
1057 1 -19.2836 22.9813 4
1056 1 -19.2836 22.9813 4
1055 1 -19.2836 22.9813 4
1054 1 -19.2836 22.9813 4
1053 1 -19.2836 22.9813 4
1051 1 -19.2836 22.9813 4
1050 1 -19.2836 22.9813 4
1049 1 -19.2836 22.9813 4
1047 1 -19.2836 22.9813 4
1046 1 -19.2836 22.9813 4
1045 1 -19.2836 22.9813 4
1044 1 -19.2836 22.9813 4
1042 1 -19.2836 22.9813 4
1041 1 -19.2836 22.9813 4
1229 1 -25.9808 15.0 4
1228 1 -25.9808 15.0 4
1227 1 -25.9808 15.0 4
1226 1 -25.9808 15.0 4
1225 1 -25.9808 15.0 4
1224 1 -25.9808 15.0 4
1223 1 -25.9808 15.0 4
1221 1 -25.9808 15.0 4
1285 1 -28.1908 10.2606 4
1283 1 -28.1908 10.2606 4
1282 1 -28.1908 10.2606 4
1281 1 -28.1908 10.2606 4
1320 1 -37.5877 13.6808 4
1317 1 -37.5877 13.6808 4
1316 1 -37.5877 13.6808 4
1315 1 -37.5877 13.6808 4
1314 1 -37.5877 13.6808 4
1313 1 -37.5877 13.6808 4
1312 1 -37.5877 13.6808 4
1311 1 -37.5877 13.6808 4
1310 1 -37.5877 13.6808 4
1309 1 -37.5877 13.6808 4
1308 1 -37.5877 13.6808 4
1307 1 -37.5877 13.6808 4
1306 1 -37.5877 13.6808 4
1304 1 -37.5877 13.6808 4
1303 1 -37.5877 13.6808 4
1302 1 -37.5877 13.6808 4
1301 1 -37.5877 13.6808 4
1240 1 -34.641 20.0 4
1239 1 -34.641 20.0 4
1238 1 -34.641 20.0 4
1237 1 -34.641 20.0 4
1236 1 -34.641 20.0 4
1235 1 -34.641 20.0 4
1234 1 -34.641 20.0 4
1233 1 -34.641 20.0 4
1232 1 -34.641 20.0 4
1231 1 -34.641 20.0 4
2960 1 -40.9576 28.6788 4
2959 1 -40.9576 28.6788 4
2958 1 -40.9576 28.6788 4
2957 1 -40.9576 28.6788 4
2956 1 -40.9576 28.6788 4
2955 1 -40.9576 28.6788 4
2953 1 -40.9576 28.6788 4
2952 1 -40.9576 28.6788 4
2951 1 -40.9576 28.6788 4
1080 1 -25.7115 30.6418 4
1079 1 -25.7115 30.6418 4
1077 1 -25.7115 30.6418 4
1076 1 -25.7115 30.6418 4
1075 1 -25.7115 30.6418 4
1074 1 -25.7115 30.6418 4
1073 1 -25.7115 30.6418 4
1072 1 -25.7115 30.6418 4
1071 1 -25.7115 30.6418 4
1070 1 -25.7115 30.6418 4
1068 1 -25.7115 30.6418 4
1067 1 -25.7115 30.6418 4
1065 1 -25.7115 30.6418 4
1064 1 -25.7115 30.6418 4
1062 1 -25.7115 30.6418 4
1061 1 -25.7115 30.6418 4
1000 1 -20.0 34.641 4
998 1 -20.0 34.641 4
997 1 -20.0 34.641 4
996 1 -20.0 34.641 4
994 1 -20.0 34.641 4
993 1 -20.0 34.641 4
992 1 -20.0 34.641 4
2950 1 -28.6788 40.9576 4
2949 1 -28.6788 40.9576 4
2948 1 -28.6788 40.9576 4
2947 1 -28.6788 40.9576 4
2946 1 -28.6788 40.9576 4
2944 1 -28.6788 40.9576 4
2943 1 -28.6788 40.9576 4
2942 1 -28.6788 40.9576 4
2941 1 -28.6788 40.9576 4
2940 1 -12.941 48.2963 4
2939 1 -12.941 48.2963 4
2938 1 -12.941 48.2963 4
2937 1 -12.941 48.2963 4
2936 1 -12.941 48.2963 4
2935 1 -12.941 48.2963 4
2934 1 -12.941 48.2963 4
2932 1 -12.941 48.2963 4
2931 1 -12.941 48.2963 4
840 1 -6.9459 39.3923 4
839 1 -6.9459 39.3923 4
838 1 -6.9459 39.3923 4
837 1 -6.9459 39.3923 4
835 1 -6.9459 39.3923 4
833 1 -6.9459 39.3923 4
832 1 -6.9459 39.3923 4
831 1 -6.9459 39.3923 4
830 1 -6.9459 39.3923 4
829 1 -6.9459 39.3923 4
827 1 -6.9459 39.3923 4
826 1 -6.9459 39.3923 4
825 1 -6.9459 39.3923 4
824 1 -6.9459 39.3923 4
822 1 -6.9459 39.3923 4
821 1 -6.9459 39.3923 4
820 1 -5.2094 29.5442 4
819 1 -5.2094 29.5442 4
818 1 -5.2094 29.5442 4
817 1 -5.2094 29.5442 4
816 1 -5.2094 29.5442 4
815 1 -5.2094 29.5442 4
814 1 -5.2094 29.5442 4
813 1 -5.2094 29.5442 4
812 1 -5.2094 29.5442 4
811 1 -5.2094 29.5442 4
810 1 -5.2094 29.5442 4
809 1 -5.2094 29.5442 4
807 1 -5.2094 29.5442 4
800 1 -3.473 19.6962 4
799 1 -3.473 19.6962 4
798 1 -3.473 19.6962 4
797 1 -3.473 19.6962 4
796 1 -3.473 19.6962 4
795 1 -3.473 19.6962 4
794 1 -3.473 19.6962 4
793 1 -3.473 19.6962 4
792 1 -3.473 19.6962 4
790 1 -3.473 19.6962 4
789 1 -3.473 19.6962 4
787 1 -3.473 19.6962 4
786 1 -3.473 19.6962 4
785 1 -3.473 19.6962 4
784 1 -3.473 19.6962 4
783 1 -3.473 19.6962 4
781 1 -3.473 19.6962 4
779 1 -1.7365 9.8481 4
778 1 -1.7365 9.8481 4
775 1 -1.7365 9.8481 4
774 1 -1.7365 9.8481 4
773 1 -1.7365 9.8481 4
772 1 -1.7365 9.8481 4
771 1 -1.7365 9.8481 4
769 1 -1.7365 9.8481 4
768 1 -1.7365 9.8481 4
763 1 -1.7365 9.8481 4
762 1 -1.7365 9.8481 4
761 1 -1.7365 9.8481 4
970 1 -5.0 8.6603 4
969 1 -5.0 8.6603 4
968 1 -5.0 8.6603 4
967 1 -5.0 8.6603 4
966 1 -5.0 8.6603 4
965 1 -5.0 8.6603 4
963 1 -5.0 8.6603 4
962 1 -5.0 8.6603 4
961 1 -5.0 8.6603 4
1018 1 -6.4279 7.6604 4
1017 1 -6.4279 7.6604 4
1016 1 -6.4279 7.6604 4
1015 1 -6.4279 7.6604 4
1014 1 -6.4279 7.6604 4
1013 1 -6.4279 7.6604 4
1012 1 -6.4279 7.6604 4
1011 1 -6.4279 7.6604 4
1010 1 -6.4279 7.6604 4
1009 1 -6.4279 7.6604 4
1008 1 -6.4279 7.6604 4
1007 1 -6.4279 7.6604 4
1005 1 -6.4279 7.6604 4
1003 1 -6.4279 7.6604 4
1002 1 -6.4279 7.6604 4
1001 1 -6.4279 7.6604 4
-1 0 0.0 0.0 D
1492 2 59.0 111.7580337524414 60 2147483647 61
0 0 0.0 0.0 D
899 1 -6.8404 18.7939 2
898 1 -6.8404 18.7939 2
897 1 -6.8404 18.7939 2
896 1 -6.8404 18.7939 2
895 1 -6.8404 18.7939 2
894 1 -6.8404 18.7939 2
892 1 -6.8404 18.7939 2
890 1 -6.8404 18.7939 2
889 1 -6.8404 18.7939 2
888 1 -6.8404 18.7939 2
887 1 -6.8404 18.7939 2
886 1 -6.8404 18.7939 2
885 1 -6.8404 18.7939 2
884 1 -6.8404 18.7939 2
882 1 -6.8404 18.7939 2
881 1 -6.8404 18.7939 2
880 1 -6.8404 18.7939 2
879 1 -6.8404 18.7939 2
878 1 -6.8404 18.7939 2
876 1 -6.8404 18.7939 2
875 1 -6.8404 18.7939 2
874 1 -6.8404 18.7939 2
873 1 -6.8404 18.7939 2
872 1 -6.8404 18.7939 2
871 1 -6.8404 18.7939 2
925 1 -10.2606 28.1908 2
924 1 -10.2606 28.1908 2
923 1 -10.2606 28.1908 2
921 1 -10.2606 28.1908 2
919 1 -10.2606 28.1908 2
918 1 -10.2606 28.1908 2
917 1 -10.2606 28.1908 2
916 1 -10.2606 28.1908 2
915 1 -10.2606 28.1908 2
913 1 -10.2606 28.1908 2
911 1 -10.2606 28.1908 2
910 1 -10.2606 28.1908 2
909 1 -10.2606 28.1908 2
908 1 -10.2606 28.1908 2
907 1 -10.2606 28.1908 2
906 1 -10.2606 28.1908 2
905 1 -10.2606 28.1908 2
903 1 -10.2606 28.1908 2
901 1 -10.2606 28.1908 2
2933 1 -12.941 48.2963 2
759 1 0.0 40.0 2
758 1 0.0 40.0 2
757 1 0.0 40.0 2
743 1 0.0 30.0 2
742 1 0.0 30.0 2
690 1 5.2094 29.5442 2
689 1 5.2094 29.5442 2
688 1 5.2094 29.5442 2
687 1 5.2094 29.5442 2
686 1 5.2094 29.5442 2
738 1 0.0 20.0 2
737 1 0.0 20.0 2
732 1 0.0 20.0 2
726 1 0.0 10.0 2
-1 0 0.0 0.0 D
1493 2 59.0 86.97244262695312 60 2147483647 61
0 0 0.0 0.0 D
869 1 -3.4202 9.3969 2
868 1 -3.4202 9.3969 2
867 1 -3.4202 9.3969 2
866 1 -3.4202 9.3969 2
865 1 -3.4202 9.3969 2
864 1 -3.4202 9.3969 2
863 1 -3.4202 9.3969 2
859 1 -3.4202 9.3969 2
856 1 -3.4202 9.3969 2
855 1 -3.4202 9.3969 2
854 1 -3.4202 9.3969 2
853 1 -3.4202 9.3969 2
852 1 -3.4202 9.3969 2
851 1 -3.4202 9.3969 2
850 1 -3.4202 9.3969 2
849 1 -3.4202 9.3969 2
847 1 -3.4202 9.3969 2
846 1 -3.4202 9.3969 2
845 1 -3.4202 9.3969 2
844 1 -3.4202 9.3969 2
843 1 -3.4202 9.3969 2
842 1 -3.4202 9.3969 2
841 1 -3.4202 9.3969 2
930 1 -10.2606 28.1908 2
928 1 -10.2606 28.1908 2
927 1 -10.2606 28.1908 2
926 1 -10.2606 28.1908 2
960 1 -13.6808 37.5877 2
958 1 -13.6808 37.5877 2
957 1 -13.6808 37.5877 2
956 1 -13.6808 37.5877 2
955 1 -13.6808 37.5877 2
954 1 -13.6808 37.5877 2
952 1 -13.6808 37.5877 2
950 1 -13.6808 37.5877 2
949 1 -13.6808 37.5877 2
948 1 -13.6808 37.5877 2
947 1 -13.6808 37.5877 2
946 1 -13.6808 37.5877 2
945 1 -13.6808 37.5877 2
944 1 -13.6808 37.5877 2
943 1 -13.6808 37.5877 2
942 1 -13.6808 37.5877 2
941 1 -13.6808 37.5877 2
940 1 -13.6808 37.5877 2
939 1 -13.6808 37.5877 2
938 1 -13.6808 37.5877 2
936 1 -13.6808 37.5877 2
935 1 -13.6808 37.5877 2
934 1 -13.6808 37.5877 2
933 1 -13.6808 37.5877 2
932 1 -13.6808 37.5877 2
931 1 -13.6808 37.5877 2
991 1 -20.0 34.641 2
987 1 -15.0 25.9808 2
986 1 -15.0 25.9808 2
979 1 -10.0 17.3205 2
974 1 -10.0 17.3205 2
964 1 -5.0 8.6603 2
-1 0 0.0 0.0 D
1494 2 59.0 85.64404296875 60 2147483647 61
0 0 0.0 0.0 D
1110 1 -7.6604 6.4279 2
1109 1 -7.6604 6.4279 2
1107 1 -7.6604 6.4279 2
1106 1 -7.6604 6.4279 2
1105 1 -7.6604 6.4279 2
1104 1 -7.6604 6.4279 2
1103 1 -7.6604 6.4279 2
1102 1 -7.6604 6.4279 2
1101 1 -7.6604 6.4279 2
1100 1 -7.6604 6.4279 2
1099 1 -7.6604 6.4279 2
1098 1 -7.6604 6.4279 2
1097 1 -7.6604 6.4279 2
1096 1 -7.6604 6.4279 2
1095 1 -7.6604 6.4279 2
1094 1 -7.6604 6.4279 2
1093 1 -7.6604 6.4279 2
1092 1 -7.6604 6.4279 2
1091 1 -7.6604 6.4279 2
1090 1 -7.6604 6.4279 2
1088 1 -7.6604 6.4279 2
1087 1 -7.6604 6.4279 2
1084 1 -7.6604 6.4279 2
1083 1 -7.6604 6.4279 2
1082 1 -7.6604 6.4279 2
1081 1 -7.6604 6.4279 2
1139 1 -15.3209 12.8558 2
1138 1 -15.3209 12.8558 2
1137 1 -15.3209 12.8558 2
1136 1 -15.3209 12.8558 2
1135 1 -15.3209 12.8558 2
1134 1 -15.3209 12.8558 2
1133 1 -15.3209 12.8558 2
1132 1 -15.3209 12.8558 2
1130 1 -15.3209 12.8558 2
1129 1 -15.3209 12.8558 2
1128 1 -15.3209 12.8558 2
1126 1 -15.3209 12.8558 2
1125 1 -15.3209 12.8558 2
1122 1 -15.3209 12.8558 2
1121 1 -15.3209 12.8558 2
1120 1 -15.3209 12.8558 2
1119 1 -15.3209 12.8558 2
1118 1 -15.3209 12.8558 2
1115 1 -15.3209 12.8558 2
1114 1 -15.3209 12.8558 2
1112 1 -15.3209 12.8558 2
1111 1 -15.3209 12.8558 2
1150 1 -22.9813 19.2836 2
1149 1 -22.9813 19.2836 2
1148 1 -22.9813 19.2836 2
1147 1 -22.9813 19.2836 2
1145 1 -22.9813 19.2836 2
1144 1 -22.9813 19.2836 2
1143 1 -22.9813 19.2836 2
1142 1 -22.9813 19.2836 2
1141 1 -22.9813 19.2836 2
999 1 -20.0 34.641 2
995 1 -20.0 34.641 2
-1 0 0.0 0.0 D
1495 2 59.0 122.26769256591797 60 2147483647 61
0 0 0.0 0.0 D
1208 1 -8.6603 5.0 2
1204 1 -8.6603 5.0 2
1202 1 -8.6603 5.0 2
1217 1 -17.3205 10.0 2
1213 1 -17.3205 10.0 2
1211 1 -17.3205 10.0 2
1170 1 -22.9813 19.2836 2
1168 1 -22.9813 19.2836 2
1167 1 -22.9813 19.2836 2
1165 1 -22.9813 19.2836 2
1164 1 -22.9813 19.2836 2
1163 1 -22.9813 19.2836 2
1162 1 -22.9813 19.2836 2
1161 1 -22.9813 19.2836 2
1160 1 -22.9813 19.2836 2
1158 1 -22.9813 19.2836 2
1157 1 -22.9813 19.2836 2
1156 1 -22.9813 19.2836 2
1155 1 -22.9813 19.2836 2
1154 1 -22.9813 19.2836 2
1153 1 -22.9813 19.2836 2
1152 1 -22.9813 19.2836 2
1151 1 -22.9813 19.2836 2
1200 1 -30.6418 25.7115 2
1199 1 -30.6418 25.7115 2
1198 1 -30.6418 25.7115 2
1197 1 -30.6418 25.7115 2
1196 1 -30.6418 25.7115 2
1195 1 -30.6418 25.7115 2
1194 1 -30.6418 25.7115 2
1193 1 -30.6418 25.7115 2
1191 1 -30.6418 25.7115 2
1190 1 -30.6418 25.7115 2
1189 1 -30.6418 25.7115 2
1188 1 -30.6418 25.7115 2
1186 1 -30.6418 25.7115 2
1185 1 -30.6418 25.7115 2
1184 1 -30.6418 25.7115 2
1183 1 -30.6418 25.7115 2
1182 1 -30.6418 25.7115 2
1181 1 -30.6418 25.7115 2
1180 1 -30.6418 25.7115 2
1179 1 -30.6418 25.7115 2
1176 1 -30.6418 25.7115 2
1175 1 -30.6418 25.7115 2
1174 1 -30.6418 25.7115 2
1173 1 -30.6418 25.7115 2
1172 1 -30.6418 25.7115 2
1171 1 -30.6418 25.7115 2
2954 1 -40.9576 28.6788 2
2968 1 -48.2963 12.9409 2
1230 1 -25.9808 15.0 2
1222 1 -25.9808 15.0 2
1328 1 -9.8481 1.7365 2
1327 1 -9.8481 1.7365 2
1326 1 -9.8481 1.7365 2
1325 1 -9.8481 1.7365 2
1323 1 -9.8481 1.7365 2
1322 1 -9.8481 1.7365 2
-1 0 0.0 0.0 D
1496 4 149.0 157.51321411132812 150 2147483647 151
0 0 0.0 0.0 D
1500 1 -9.8481 -1.7365 4
1499 1 -9.8481 -1.7365 4
1497 1 -9.8481 -1.7365 4
1496 1 -9.8481 -1.7365 4
1495 1 -9.8481 -1.7365 4
1493 1 -9.8481 -1.7365 4
1492 1 -9.8481 -1.7365 4
1491 1 -9.8481 -1.7365 4
1490 1 -9.8481 -1.7365 4
1489 1 -9.8481 -1.7365 4
1488 1 -9.8481 -1.7365 4
1486 1 -9.8481 -1.7365 4
1485 1 -9.8481 -1.7365 4
1484 1 -9.8481 -1.7365 4
1483 1 -9.8481 -1.7365 4
1482 1 -9.8481 -1.7365 4
1459 1 -20.0 0.0 4
1458 1 -20.0 0.0 4
1456 1 -20.0 0.0 4
1455 1 -20.0 0.0 4
1453 1 -20.0 0.0 4
1520 1 -19.6962 -3.473 4
1519 1 -19.6962 -3.473 4
1518 1 -19.6962 -3.473 4
1517 1 -19.6962 -3.473 4
1516 1 -19.6962 -3.473 4
1515 1 -19.6962 -3.473 4
1514 1 -19.6962 -3.473 4
1513 1 -19.6962 -3.473 4
1512 1 -19.6962 -3.473 4
1510 1 -19.6962 -3.473 4
1509 1 -19.6962 -3.473 4
1508 1 -19.6962 -3.473 4
1506 1 -19.6962 -3.473 4
1505 1 -19.6962 -3.473 4
1504 1 -19.6962 -3.473 4
1503 1 -19.6962 -3.473 4
1502 1 -19.6962 -3.473 4
1501 1 -19.6962 -3.473 4
1540 1 -29.5442 -5.2094 4
1539 1 -29.5442 -5.2094 4
1538 1 -29.5442 -5.2094 4
1534 1 -29.5442 -5.2094 4
1533 1 -29.5442 -5.2094 4
1532 1 -29.5442 -5.2094 4
1531 1 -29.5442 -5.2094 4
1530 1 -29.5442 -5.2094 4
1529 1 -29.5442 -5.2094 4
1528 1 -29.5442 -5.2094 4
1527 1 -29.5442 -5.2094 4
1526 1 -29.5442 -5.2094 4
1525 1 -29.5442 -5.2094 4
1524 1 -29.5442 -5.2094 4
1523 1 -29.5442 -5.2094 4
1522 1 -29.5442 -5.2094 4
1521 1 -29.5442 -5.2094 4
1470 1 -30.0 0.0 4
1469 1 -30.0 0.0 4
1464 1 -30.0 0.0 4
1463 1 -30.0 0.0 4
1462 1 -30.0 0.0 4
1461 1 -30.0 0.0 4
1480 1 -40.0 0.0 4
1479 1 -40.0 0.0 4
1478 1 -40.0 0.0 4
1477 1 -40.0 0.0 4
1476 1 -40.0 0.0 4
1475 1 -40.0 0.0 4
1474 1 -40.0 0.0 4
1472 1 -40.0 0.0 4
1471 1 -40.0 0.0 4
1560 1 -39.3923 -6.9459 4
1558 1 -39.3923 -6.9459 4
1557 1 -39.3923 -6.9459 4
1555 1 -39.3923 -6.9459 4
1554 1 -39.3923 -6.9459 4
1552 1 -39.3923 -6.9459 4
1551 1 -39.3923 -6.9459 4
1550 1 -39.3923 -6.9459 4
1549 1 -39.3923 -6.9459 4
1547 1 -39.3923 -6.9459 4
1546 1 -39.3923 -6.9459 4
1544 1 -39.3923 -6.9459 4
1543 1 -39.3923 -6.9459 4
1541 1 -39.3923 -6.9459 4
2988 1 -45.3154 -21.1309 4
2987 1 -45.3154 -21.1309 4
2985 1 -45.3154 -21.1309 4
2984 1 -45.3154 -21.1309 4
2982 1 -45.3154 -21.1309 4
2981 1 -45.3154 -21.1309 4
2980 1 -49.8097 -4.3578 4
2979 1 -49.8097 -4.3578 4
2978 1 -49.8097 -4.3578 4
2977 1 -49.8097 -4.3578 4
2975 1 -49.8097 -4.3578 4
2973 1 -49.8097 -4.3578 4
2972 1 -49.8097 -4.3578 4
2971 1 -49.8097 -4.3578 4
2970 1 -48.2963 12.9409 4
2969 1 -48.2963 12.9409 4
2967 1 -48.2963 12.9409 4
2966 1 -48.2963 12.9409 4
2965 1 -48.2963 12.9409 4
2964 1 -48.2963 12.9409 4
2963 1 -48.2963 12.9409 4
2962 1 -48.2963 12.9409 4
2961 1 -48.2963 12.9409 4
1298 1 -28.1908 10.2606 4
1296 1 -28.1908 10.2606 4
1295 1 -28.1908 10.2606 4
1294 1 -28.1908 10.2606 4
1293 1 -28.1908 10.2606 4
1292 1 -28.1908 10.2606 4
1291 1 -28.1908 10.2606 4
1290 1 -28.1908 10.2606 4
1289 1 -28.1908 10.2606 4
1288 1 -28.1908 10.2606 4
1287 1 -28.1908 10.2606 4
1286 1 -28.1908 10.2606 4
1280 1 -18.7939 6.8404 4
1279 1 -18.7939 6.8404 4
1278 1 -18.7939 6.8404 4
1277 1 -18.7939 6.8404 4
1276 1 -18.7939 6.8404 4
1275 1 -18.7939 6.8404 4
1274 1 -18.7939 6.8404 4
1273 1 -18.7939 6.8404 4
1272 1 -18.7939 6.8404 4
1271 1 -18.7939 6.8404 4
1269 1 -18.7939 6.8404 4
1268 1 -18.7939 6.8404 4
1267 1 -18.7939 6.8404 4
1266 1 -18.7939 6.8404 4
1265 1 -18.7939 6.8404 4
1264 1 -18.7939 6.8404 4
1263 1 -18.7939 6.8404 4
1262 1 -18.7939 6.8404 4
1261 1 -18.7939 6.8404 4
1450 1 -10.0 0.0 4
1449 1 -10.0 0.0 4
1448 1 -10.0 0.0 4
1447 1 -10.0 0.0 4
1446 1 -10.0 0.0 4
1445 1 -10.0 0.0 4
1444 1 -10.0 0.0 4
1443 1 -10.0 0.0 4
1442 1 -10.0 0.0 4
1441 1 -10.0 0.0 4
-1 0 0.0 0.0 D
1497 2 59.0 73.48173522949219 60 2147483647 61
0 0 0.0 0.0 D
1468 1 -30.0 0.0 2
1467 1 -30.0 0.0 2
1466 1 -30.0 0.0 2
1465 1 -30.0 0.0 2
1607 1 -18.7939 -6.8404 2
1606 1 -18.7939 -6.8404 2
1605 1 -18.7939 -6.8404 2
1603 1 -18.7939 -6.8404 2
1602 1 -18.7939 -6.8404 2
1600 1 -18.7939 -6.8404 2
1599 1 -18.7939 -6.8404 2
1597 1 -18.7939 -6.8404 2
1596 1 -18.7939 -6.8404 2
1595 1 -18.7939 -6.8404 2
1594 1 -18.7939 -6.8404 2
1592 1 -18.7939 -6.8404 2
1380 1 -19.6962 3.473 2
1379 1 -19.6962 3.473 2
1378 1 -19.6962 3.473 2
1377 1 -19.6962 3.473 2
1376 1 -19.6962 3.473 2
1375 1 -19.6962 3.473 2
1374 1 -19.6962 3.473 2
1373 1 -19.6962 3.473 2
1370 1 -19.6962 3.473 2
1369 1 -19.6962 3.473 2
1367 1 -19.6962 3.473 2
1366 1 -19.6962 3.473 2
1365 1 -19.6962 3.473 2
1364 1 -19.6962 3.473 2
1363 1 -19.6962 3.473 2
1362 1 -19.6962 3.473 2
1361 1 -19.6962 3.473 2
1360 1 -19.6962 3.473 2
1359 1 -19.6962 3.473 2
1358 1 -19.6962 3.473 2
1357 1 -19.6962 3.473 2
1356 1 -19.6962 3.473 2
1355 1 -19.6962 3.473 2
1354 1 -19.6962 3.473 2
1353 1 -19.6962 3.473 2
1352 1 -19.6962 3.473 2
1350 1 -9.8481 1.7365 2
1349 1 -9.8481 1.7365 2
1347 1 -9.8481 1.7365 2
1345 1 -9.8481 1.7365 2
1343 1 -9.8481 1.7365 2
1341 1 -9.8481 1.7365 2
1340 1 -9.8481 1.7365 2
1339 1 -9.8481 1.7365 2
1338 1 -9.8481 1.7365 2
1337 1 -9.8481 1.7365 2
1336 1 -9.8481 1.7365 2
1335 1 -9.8481 1.7365 2
1334 1 -9.8481 1.7365 2
1333 1 -9.8481 1.7365 2
1332 1 -9.8481 1.7365 2
1331 1 -9.8481 1.7365 2
1330 1 -9.8481 1.7365 2
-1 0 0.0 0.0 D
1498 2 59.0 94.81822204589844 60 2147483647 61
0 0 0.0 0.0 D
1430 1 -39.3923 6.9459 2
1429 1 -39.3923 6.9459 2
1426 1 -39.3923 6.9459 2
1425 1 -39.3923 6.9459 2
1424 1 -39.3923 6.9459 2
1423 1 -39.3923 6.9459 2
1422 1 -39.3923 6.9459 2
1421 1 -39.3923 6.9459 2
1420 1 -39.3923 6.9459 2
1419 1 -39.3923 6.9459 2
1418 1 -39.3923 6.9459 2
1417 1 -39.3923 6.9459 2
1416 1 -39.3923 6.9459 2
1413 1 -39.3923 6.9459 2
1412 1 -39.3923 6.9459 2
1411 1 -39.3923 6.9459 2
1473 1 -40.0 0.0 2
1440 1 -39.3923 6.9459 2
1439 1 -39.3923 6.9459 2
1438 1 -39.3923 6.9459 2
1437 1 -39.3923 6.9459 2
1436 1 -39.3923 6.9459 2
1434 1 -39.3923 6.9459 2
1433 1 -39.3923 6.9459 2
1432 1 -39.3923 6.9459 2
1431 1 -39.3923 6.9459 2
1410 1 -29.5442 5.2094 2
1409 1 -29.5442 5.2094 2
1408 1 -29.5442 5.2094 2
1407 1 -29.5442 5.2094 2
1406 1 -29.5442 5.2094 2
1405 1 -29.5442 5.2094 2
1404 1 -29.5442 5.2094 2
1403 1 -29.5442 5.2094 2
1401 1 -29.5442 5.2094 2
1400 1 -29.5442 5.2094 2
1399 1 -29.5442 5.2094 2
1398 1 -29.5442 5.2094 2
1397 1 -29.5442 5.2094 2
1395 1 -29.5442 5.2094 2
1394 1 -29.5442 5.2094 2
1393 1 -29.5442 5.2094 2
1392 1 -29.5442 5.2094 2
1391 1 -29.5442 5.2094 2
1390 1 -29.5442 5.2094 2
1389 1 -29.5442 5.2094 2
1388 1 -29.5442 5.2094 2
1387 1 -29.5442 5.2094 2
1386 1 -29.5442 5.2094 2
1385 1 -29.5442 5.2094 2
1384 1 -29.5442 5.2094 2
1383 1 -29.5442 5.2094 2
1382 1 -29.5442 5.2094 2
1381 1 -29.5442 5.2094 2
1460 1 -20.0 0.0 2
1457 1 -20.0 0.0 2
1454 1 -20.0 0.0 2
1452 1 -20.0 0.0 2
1451 1 -20.0 0.0 2
-1 0 0.0 0.0 D
1499 2 59.0 80.2265853881836 60 2147483647 61
0 0 0.0 0.0 D
1687 1 -8.6603 -5.0 2
1686 1 -8.6603 -5.0 2
1682 1 -8.6603 -5.0 2
1650 1 -28.1908 -10.2606 2
1649 1 -28.1908 -10.2606 2
1647 1 -28.1908 -10.2606 2
1646 1 -28.1908 -10.2606 2
1644 1 -28.1908 -10.2606 2
1643 1 -28.1908 -10.2606 2
1642 1 -28.1908 -10.2606 2
1641 1 -28.1908 -10.2606 2
1640 1 -28.1908 -10.2606 2
1638 1 -28.1908 -10.2606 2
1635 1 -28.1908 -10.2606 2
1633 1 -28.1908 -10.2606 2
1632 1 -28.1908 -10.2606 2
1631 1 -28.1908 -10.2606 2
1630 1 -28.1908 -10.2606 2
1629 1 -28.1908 -10.2606 2
1627 1 -28.1908 -10.2606 2
1625 1 -28.1908 -10.2606 2
1624 1 -28.1908 -10.2606 2
1623 1 -28.1908 -10.2606 2
1622 1 -28.1908 -10.2606 2
1621 1 -28.1908 -10.2606 2
1680 1 -37.5877 -13.6808 2
1679 1 -37.5877 -13.6808 2
1677 1 -37.5877 -13.6808 2
1676 1 -37.5877 -13.6808 2
1675 1 -37.5877 -13.6808 2
1674 1 -37.5877 -13.6808 2
1673 1 -37.5877 -13.6808 2
1671 1 -37.5877 -13.6808 2
1670 1 -37.5877 -13.6808 2
1669 1 -37.5877 -13.6808 2
1668 1 -37.5877 -13.6808 2
1667 1 -37.5877 -13.6808 2
1666 1 -37.5877 -13.6808 2
1664 1 -37.5877 -13.6808 2
1663 1 -37.5877 -13.6808 2
1662 1 -37.5877 -13.6808 2
1661 1 -37.5877 -13.6808 2
1660 1 -37.5877 -13.6808 2
1659 1 -37.5877 -13.6808 2
1658 1 -37.5877 -13.6808 2
1655 1 -37.5877 -13.6808 2
1654 1 -37.5877 -13.6808 2
1651 1 -37.5877 -13.6808 2
1620 1 -18.7939 -6.8404 2
1619 1 -18.7939 -6.8404 2
1618 1 -18.7939 -6.8404 2
1615 1 -18.7939 -6.8404 2
1614 1 -18.7939 -6.8404 2
1613 1 -18.7939 -6.8404 2
1612 1 -18.7939 -6.8404 2
1611 1 -18.7939 -6.8404 2
1610 1 -18.7939 -6.8404 2
1609 1 -18.7939 -6.8404 2
1608 1 -18.7939 -6.8404 2
-1 0 0.0 0.0 D
1500 2 59.0 118.52484130859375 60 2147483647 61
0 0 0.0 0.0 D
1563 1 -9.3969 -3.4202 2
1562 1 -9.3969 -3.4202 2
1561 1 -9.3969 -3.4202 2
1589 1 -9.3969 -3.4202 2
1588 1 -9.3969 -3.4202 2
1587 1 -9.3969 -3.4202 2
1586 1 -9.3969 -3.4202 2
1583 1 -9.3969 -3.4202 2
1582 1 -9.3969 -3.4202 2
1581 1 -9.3969 -3.4202 2
1580 1 -9.3969 -3.4202 2
1579 1 -9.3969 -3.4202 2
1578 1 -9.3969 -3.4202 2
1577 1 -9.3969 -3.4202 2
1576 1 -9.3969 -3.4202 2
1575 1 -9.3969 -3.4202 2
1574 1 -9.3969 -3.4202 2
1573 1 -9.3969 -3.4202 2
1572 1 -9.3969 -3.4202 2
1571 1 -9.3969 -3.4202 2
1569 1 -9.3969 -3.4202 2
1568 1 -9.3969 -3.4202 2
1567 1 -9.3969 -3.4202 2
1565 1 -9.3969 -3.4202 2
1564 1 -9.3969 -3.4202 2
1698 1 -17.3205 -10.0 2
1697 1 -17.3205 -10.0 2
1703 1 -25.9808 -15.0 2
1702 1 -25.9808 -15.0 2
1701 1 -25.9808 -15.0 2
1716 1 -34.641 -20.0 2
2989 1 -45.3154 -21.1309 2
2986 1 -45.3154 -21.1309 2
2983 1 -45.3154 -21.1309 2
2995 1 -35.3553 -35.3553 2
1833 1 -12.8558 -15.3209 2
1832 1 -12.8558 -15.3209 2
1831 1 -12.8558 -15.3209 2
1828 1 -6.4279 -7.6604 2
1827 1 -6.4279 -7.6604 2
1825 1 -6.4279 -7.6604 2
1824 1 -6.4279 -7.6604 2
1822 1 -6.4279 -7.6604 2
1821 1 -6.4279 -7.6604 2
1820 1 -6.4279 -7.6604 2
1819 1 -6.4279 -7.6604 2
1818 1 -6.4279 -7.6604 2
1817 1 -6.4279 -7.6604 2
1816 1 -6.4279 -7.6604 2
1813 1 -6.4279 -7.6604 2
1812 1 -6.4279 -7.6604 2
1811 1 -6.4279 -7.6604 2
1810 1 -6.4279 -7.6604 2
1808 1 -6.4279 -7.6604 2
1806 1 -6.4279 -7.6604 2
1805 1 -6.4279 -7.6604 2
1804 1 -6.4279 -7.6604 2
1802 1 -6.4279 -7.6604 2
1801 1 -6.4279 -7.6604 2
-1 0 0.0 0.0 D
1501 4 149.0 142.64529418945312 150 2147483647 151
0 0 0.0 0.0 D
1690 1 -8.6603 -5.0 4
1689 1 -8.6603 -5.0 4
1688 1 -8.6603 -5.0 4
1685 1 -8.6603 -5.0 4
1684 1 -8.6603 -5.0 4
1683 1 -8.6603 -5.0 4
1681 1 -8.6603 -5.0 4
1740 1 -7.6604 -6.4279 4
1738 1 -7.6604 -6.4279 4
1737 1 -7.6604 -6.4279 4
1736 1 -7.6604 -6.4279 4
1735 1 -7.6604 -6.4279 4
1734 1 -7.6604 -6.4279 4
1731 1 -7.6604 -6.4279 4
1729 1 -7.6604 -6.4279 4
1726 1 -7.6604 -6.4279 4
1725 1 -7.6604 -6.4279 4
1724 1 -7.6604 -6.4279 4
1722 1 -7.6604 -6.4279 4
1721 1 -7.6604 -6.4279 4
1760 1 -15.3209 -12.8558 4
1756 1 -15.3209 -12.8558 4
1755 1 -15.3209 -12.8558 4
1754 1 -15.3209 -12.8558 4
1753 1 -15.3209 -12.8558 4
1752 1 -15.3209 -12.8558 4
1751 1 -15.3209 -12.8558 4
1750 1 -15.3209 -12.8558 4
1749 1 -15.3209 -12.8558 4
1748 1 -15.3209 -12.8558 4
1747 1 -15.3209 -12.8558 4
1746 1 -15.3209 -12.8558 4
1745 1 -15.3209 -12.8558 4
1744 1 -15.3209 -12.8558 4
1743 1 -15.3209 -12.8558 4
1742 1 -15.3209 -12.8558 4
1700 1 -17.3205 -10.0 4
1699 1 -17.3205 -10.0 4
1696 1 -17.3205 -10.0 4
1695 1 -17.3205 -10.0 4
1694 1 -17.3205 -10.0 4
1693 1 -17.3205 -10.0 4
1692 1 -17.3205 -10.0 4
1691 1 -17.3205 -10.0 4
1710 1 -25.9808 -15.0 4
1709 1 -25.9808 -15.0 4
1708 1 -25.9808 -15.0 4
1707 1 -25.9808 -15.0 4
1706 1 -25.9808 -15.0 4
1705 1 -25.9808 -15.0 4
1704 1 -25.9808 -15.0 4
1780 1 -22.9813 -19.2836 4
1779 1 -22.9813 -19.2836 4
1778 1 -22.9813 -19.2836 4
1777 1 -22.9813 -19.2836 4
1776 1 -22.9813 -19.2836 4
1775 1 -22.9813 -19.2836 4
1774 1 -22.9813 -19.2836 4
1773 1 -22.9813 -19.2836 4
1772 1 -22.9813 -19.2836 4
1771 1 -22.9813 -19.2836 4
1770 1 -22.9813 -19.2836 4
1769 1 -22.9813 -19.2836 4
1768 1 -22.9813 -19.2836 4
1767 1 -22.9813 -19.2836 4
1766 1 -22.9813 -19.2836 4
1764 1 -22.9813 -19.2836 4
1763 1 -22.9813 -19.2836 4
1762 1 -22.9813 -19.2836 4
1761 1 -22.9813 -19.2836 4
1800 1 -30.6418 -25.7115 4
1799 1 -30.6418 -25.7115 4
1798 1 -30.6418 -25.7115 4
1797 1 -30.6418 -25.7115 4
1796 1 -30.6418 -25.7115 4
1795 1 -30.6418 -25.7115 4
1794 1 -30.6418 -25.7115 4
1793 1 -30.6418 -25.7115 4
1792 1 -30.6418 -25.7115 4
1791 1 -30.6418 -25.7115 4
1789 1 -30.6418 -25.7115 4
1788 1 -30.6418 -25.7115 4
1787 1 -30.6418 -25.7115 4
1786 1 -30.6418 -25.7115 4
1784 1 -30.6418 -25.7115 4
1783 1 -30.6418 -25.7115 4
1782 1 -30.6418 -25.7115 4
1781 1 -30.6418 -25.7115 4
1720 1 -34.641 -20.0 4
1719 1 -34.641 -20.0 4
1718 1 -34.641 -20.0 4
1717 1 -34.641 -20.0 4
1715 1 -34.641 -20.0 4
1714 1 -34.641 -20.0 4
1713 1 -34.641 -20.0 4
1712 1 -34.641 -20.0 4
1711 1 -34.641 -20.0 4
2990 1 -45.3154 -21.1309 4
3000 1 -35.3553 -35.3553 4
2999 1 -35.3553 -35.3553 4
2998 1 -35.3553 -35.3553 4
2997 1 -35.3553 -35.3553 4
2996 1 -35.3553 -35.3553 4
2994 1 -35.3553 -35.3553 4
2993 1 -35.3553 -35.3553 4
2992 1 -35.3553 -35.3553 4
2991 1 -35.3553 -35.3553 4
1960 1 -20.0 -34.641 4
1958 1 -20.0 -34.641 4
1955 1 -20.0 -34.641 4
1954 1 -20.0 -34.641 4
1952 1 -20.0 -34.641 4
1951 1 -20.0 -34.641 4
1950 1 -15.0 -25.9808 4
1949 1 -15.0 -25.9808 4
1948 1 -15.0 -25.9808 4
1947 1 -15.0 -25.9808 4
1944 1 -15.0 -25.9808 4
1943 1 -15.0 -25.9808 4
1942 1 -15.0 -25.9808 4
1941 1 -15.0 -25.9808 4
1940 1 -10.0 -17.3205 4
1939 1 -10.0 -17.3205 4
1938 1 -10.0 -17.3205 4
1937 1 -10.0 -17.3205 4
1936 1 -10.0 -17.3205 4
1933 1 -10.0 -17.3205 4
1932 1 -10.0 -17.3205 4
1928 1 -5.0 -8.6603 4
1927 1 -5.0 -8.6603 4
1926 1 -5.0 -8.6603 4
1925 1 -5.0 -8.6603 4
1924 1 -5.0 -8.6603 4
1923 1 -5.0 -8.6603 4
1922 1 -5.0 -8.6603 4
1921 1 -5.0 -8.6603 4
1974 1 -3.4202 -9.3969 4
1973 1 -3.4202 -9.3969 4
1971 1 -3.4202 -9.3969 4
1970 1 -3.4202 -9.3969 4
1969 1 -3.4202 -9.3969 4
1968 1 -3.4202 -9.3969 4
1967 1 -3.4202 -9.3969 4
1966 1 -3.4202 -9.3969 4
1965 1 -3.4202 -9.3969 4
1964 1 -3.4202 -9.3969 4
1963 1 -3.4202 -9.3969 4
1962 1 -3.4202 -9.3969 4
1961 1 -3.4202 -9.3969 4
-1 0 0.0 0.0 D
1502 2 59.0 80.00003051757812 60 2147483647 61
0 0 0.0 0.0 D
1907 1 -25.7115 -30.6418 2
1906 1 -25.7115 -30.6418 2
1905 1 -25.7115 -30.6418 2
1904 1 -25.7115 -30.6418 2
1903 1 -25.7115 -30.6418 2
1902 1 -25.7115 -30.6418 2
1901 1 -25.7115 -30.6418 2
1900 1 -25.7115 -30.6418 2
1899 1 -25.7115 -30.6418 2
1898 1 -25.7115 -30.6418 2
1897 1 -25.7115 -30.6418 2
1896 1 -25.7115 -30.6418 2
1894 1 -25.7115 -30.6418 2
1893 1 -25.7115 -30.6418 2
1892 1 -25.7115 -30.6418 2
1891 1 -25.7115 -30.6418 2
1890 1 -19.2836 -22.9813 2
1889 1 -19.2836 -22.9813 2
1887 1 -19.2836 -22.9813 2
1886 1 -19.2836 -22.9813 2
1885 1 -19.2836 -22.9813 2
1882 1 -19.2836 -22.9813 2
1881 1 -19.2836 -22.9813 2
1880 1 -19.2836 -22.9813 2
1879 1 -19.2836 -22.9813 2
1878 1 -19.2836 -22.9813 2
1877 1 -19.2836 -22.9813 2
1876 1 -19.2836 -22.9813 2
1875 1 -19.2836 -22.9813 2
1874 1 -19.2836 -22.9813 2
1873 1 -19.2836 -22.9813 2
1872 1 -19.2836 -22.9813 2
1871 1 -19.2836 -22.9813 2
1870 1 -19.2836 -22.9813 2
1869 1 -19.2836 -22.9813 2
1868 1 -19.2836 -22.9813 2
1867 1 -19.2836 -22.9813 2
1866 1 -19.2836 -22.9813 2
1865 1 -19.2836 -22.9813 2
1864 1 -19.2836 -22.9813 2
1862 1 -19.2836 -22.9813 2
1861 1 -19.2836 -22.9813 2
1859 1 -12.8558 -15.3209 2
1858 1 -12.8558 -15.3209 2
1857 1 -12.8558 -15.3209 2
1856 1 -12.8558 -15.3209 2
1855 1 -12.8558 -15.3209 2
1854 1 -12.8558 -15.3209 2
1853 1 -12.8558 -15.3209 2
1851 1 -12.8558 -15.3209 2
1848 1 -12.8558 -15.3209 2
1847 1 -12.8558 -15.3209 2
1845 1 -12.8558 -15.3209 2
1843 1 -12.8558 -15.3209 2
1842 1 -12.8558 -15.3209 2
1840 1 -12.8558 -15.3209 2
1839 1 -12.8558 -15.3209 2
1836 1 -12.8558 -15.3209 2
1835 1 -12.8558 -15.3209 2
-1 0 0.0 0.0 D
1503 1 59.0 143.7207489013672 60 2147483647 61
0 0 0.0 0.0 D
2216 1 1.7365 -9.8481 1
2202 1 1.7365 -9.8481 1
2235 1 3.473 -19.6962 1
2231 1 3.473 -19.6962 1
2227 1 3.473 -19.6962 1
2099 1 -3.473 -19.6962 1
2095 1 -3.473 -19.6962 1
2087 1 -3.473 -19.6962 1
2086 1 -3.473 -19.6962 1
2081 1 -3.473 -19.6962 1
1998 1 -6.8404 -18.7939 1
1986 1 -6.8404 -18.7939 1
2019 1 -10.2606 -28.1908 1
2018 1 -10.2606 -28.1908 1
2014 1 -10.2606 -28.1908 1
2013 1 -10.2606 -28.1908 1
2011 1 -10.2606 -28.1908 1
2009 1 -10.2606 -28.1908 1
2006 1 -10.2606 -28.1908 1
2005 1 -10.2606 -28.1908 1
2004 1 -10.2606 -28.1908 1
2124 1 -5.2094 -29.5442 1
2120 1 -5.2094 -29.5442 1
2107 1 -5.2094 -29.5442 1
2258 1 5.2094 -29.5442 1
2256 1 5.2094 -29.5442 1
2251 1 5.2094 -29.5442 1
2248 1 5.2094 -29.5442 1
2245 1 5.2094 -29.5442 1
2244 1 5.2094 -29.5442 1
2277 1 6.9459 -39.3923 1
2265 1 6.9459 -39.3923 1
2157 1 -6.9459 -39.3923 1
2149 1 -6.9459 -39.3923 1
2134 1 -6.9459 -39.3923 1
2033 1 -13.6808 -37.5877 1
2031 1 -13.6808 -37.5877 1
2029 1 -13.6808 -37.5877 1
2026 1 -13.6808 -37.5877 1
2023 1 -13.6808 -37.5877 1
1917 1 -25.7115 -30.6418 1
1916 1 -25.7115 -30.6418 1
1915 1 -25.7115 -30.6418 1
1895 1 -25.7115 -30.6418 1
1888 1 -19.2836 -22.9813 1
1884 1 -19.2836 -22.9813 1
1883 1 -19.2836 -22.9813 1
1863 1 -19.2836 -22.9813 1
1860 1 -12.8558 -15.3209 1
1852 1 -12.8558 -15.3209 1
1850 1 -12.8558 -15.3209 1
1849 1 -12.8558 -15.3209 1
1980 1 -3.4202 -9.3969 1
1972 1 -3.4202 -9.3969 1
2070 1 -1.7365 -9.8481 1
2062 1 -1.7365 -9.8481 1
2056 1 -1.7365 -9.8481 1
2048 1 -1.7365 -9.8481 1
2047 1 -1.7365 -9.8481 1
-1 0 0.0 0.0 D
1504 2 59.0 90.70006561279297 60 2147483647 61
0 0 0.0 0.0 D
1930 1 -5.0 -8.6603 2
1929 1 -5.0 -8.6603 2
1935 1 -10.0 -17.3205 2
1934 1 -10.0 -17.3205 2
1931 1 -10.0 -17.3205 2
1920 1 -25.7115 -30.6418 2
1919 1 -25.7115 -30.6418 2
1918 1 -25.7115 -30.6418 2
1914 1 -25.7115 -30.6418 2
1913 1 -25.7115 -30.6418 2
1912 1 -25.7115 -30.6418 2
1911 1 -25.7115 -30.6418 2
1910 1 -25.7115 -30.6418 2
1909 1 -25.7115 -30.6418 2
1908 1 -25.7115 -30.6418 2
1959 1 -20.0 -34.641 2
1957 1 -20.0 -34.641 2
1956 1 -20.0 -34.641 2
1953 1 -20.0 -34.641 2
1946 1 -15.0 -25.9808 2
1945 1 -15.0 -25.9808 2
2084 1 -3.473 -19.6962 2
2083 1 -3.473 -19.6962 2
2082 1 -3.473 -19.6962 2
2080 1 -3.473 -19.6962 2
2079 1 -3.473 -19.6962 2
2078 1 -3.473 -19.6962 2
2077 1 -3.473 -19.6962 2
2076 1 -3.473 -19.6962 2
2075 1 -3.473 -19.6962 2
2074 1 -3.473 -19.6962 2
2073 1 -3.473 -19.6962 2
2072 1 -3.473 -19.6962 2
2071 1 -3.473 -19.6962 2
2069 1 -1.7365 -9.8481 2
2068 1 -1.7365 -9.8481 2
2067 1 -1.7365 -9.8481 2
2066 1 -1.7365 -9.8481 2
2065 1 -1.7365 -9.8481 2
2064 1 -1.7365 -9.8481 2
2063 1 -1.7365 -9.8481 2
2061 1 -1.7365 -9.8481 2
2060 1 -1.7365 -9.8481 2
2059 1 -1.7365 -9.8481 2
2058 1 -1.7365 -9.8481 2
2057 1 -1.7365 -9.8481 2
2055 1 -1.7365 -9.8481 2
2054 1 -1.7365 -9.8481 2
2053 1 -1.7365 -9.8481 2
2052 1 -1.7365 -9.8481 2
2051 1 -1.7365 -9.8481 2
2050 1 -1.7365 -9.8481 2
2049 1 -1.7365 -9.8481 2
2046 1 -1.7365 -9.8481 2
2045 1 -1.7365 -9.8481 2
2044 1 -1.7365 -9.8481 2
2043 1 -1.7365 -9.8481 2
2042 1 -1.7365 -9.8481 2
2041 1 -1.7365 -9.8481 2
-1 0 0.0 0.0 D
1505 4 149.0 115.09538269042969 150 2147483647 151
0 0 0.0 0.0 D
1979 1 -3.4202 -9.3969 4
1978 1 -3.4202 -9.3969 4
1977 1 -3.4202 -9.3969 4
1976 1 -3.4202 -9.3969 4
1975 1 -3.4202 -9.3969 4
2000 1 -6.8404 -18.7939 4
1999 1 -6.8404 -18.7939 4
1997 1 -6.8404 -18.7939 4
1996 1 -6.8404 -18.7939 4
1995 1 -6.8404 -18.7939 4
1994 1 -6.8404 -18.7939 4
1993 1 -6.8404 -18.7939 4
1992 1 -6.8404 -18.7939 4
1991 1 -6.8404 -18.7939 4
1990 1 -6.8404 -18.7939 4
1989 1 -6.8404 -18.7939 4
1988 1 -6.8404 -18.7939 4
1987 1 -6.8404 -18.7939 4
1985 1 -6.8404 -18.7939 4
1984 1 -6.8404 -18.7939 4
1983 1 -6.8404 -18.7939 4
1982 1 -6.8404 -18.7939 4
1981 1 -6.8404 -18.7939 4
2020 1 -10.2606 -28.1908 4
2017 1 -10.2606 -28.1908 4
2016 1 -10.2606 -28.1908 4
2015 1 -10.2606 -28.1908 4
2012 1 -10.2606 -28.1908 4
2010 1 -10.2606 -28.1908 4
2008 1 -10.2606 -28.1908 4
2007 1 -10.2606 -28.1908 4
2003 1 -10.2606 -28.1908 4
2002 1 -10.2606 -28.1908 4
2001 1 -10.2606 -28.1908 4
2040 1 -13.6808 -37.5877 4
2039 1 -13.6808 -37.5877 4
2038 1 -13.6808 -37.5877 4
2037 1 -13.6808 -37.5877 4
2036 1 -13.6808 -37.5877 4
2035 1 -13.6808 -37.5877 4
2034 1 -13.6808 -37.5877 4
2032 1 -13.6808 -37.5877 4
2030 1 -13.6808 -37.5877 4
2028 1 -13.6808 -37.5877 4
2027 1 -13.6808 -37.5877 4
2025 1 -13.6808 -37.5877 4
2024 1 -13.6808 -37.5877 4
2022 1 -13.6808 -37.5877 4
2021 1 -13.6808 -37.5877 4
2199 1 0.0 -40.0 4
2198 1 0.0 -40.0 4
2197 1 0.0 -40.0 4
2196 1 0.0 -40.0 4
2195 1 0.0 -40.0 4
2194 1 0.0 -40.0 4
2193 1 0.0 -40.0 4
2192 1 0.0 -40.0 4
2191 1 0.0 -40.0 4
2280 1 6.9459 -39.3923 4
2279 1 6.9459 -39.3923 4
2278 1 6.9459 -39.3923 4
2276 1 6.9459 -39.3923 4
2275 1 6.9459 -39.3923 4
2274 1 6.9459 -39.3923 4
2273 1 6.9459 -39.3923 4
2272 1 6.9459 -39.3923 4
2271 1 6.9459 -39.3923 4
2270 1 6.9459 -39.3923 4
2269 1 6.9459 -39.3923 4
2268 1 6.9459 -39.3923 4
2267 1 6.9459 -39.3923 4
2266 1 6.9459 -39.3923 4
2264 1 6.9459 -39.3923 4
2263 1 6.9459 -39.3923 4
2262 1 6.9459 -39.3923 4
2261 1 6.9459 -39.3923 4
2260 1 5.2094 -29.5442 4
2259 1 5.2094 -29.5442 4
2257 1 5.2094 -29.5442 4
2255 1 5.2094 -29.5442 4
2254 1 5.2094 -29.5442 4
2253 1 5.2094 -29.5442 4
2252 1 5.2094 -29.5442 4
2250 1 5.2094 -29.5442 4
2249 1 5.2094 -29.5442 4
2247 1 5.2094 -29.5442 4
2246 1 5.2094 -29.5442 4
2243 1 5.2094 -29.5442 4
2242 1 5.2094 -29.5442 4
2241 1 5.2094 -29.5442 4
2190 1 0.0 -30.0 4
2189 1 0.0 -30.0 4
2187 1 0.0 -30.0 4
2186 1 0.0 -30.0 4
2185 1 0.0 -30.0 4
2183 1 0.0 -30.0 4
2181 1 0.0 -30.0 4
2180 1 0.0 -20.0 4
2179 1 0.0 -20.0 4
2176 1 0.0 -20.0 4
2175 1 0.0 -20.0 4
2174 1 0.0 -20.0 4
2173 1 0.0 -20.0 4
2172 1 0.0 -20.0 4
2171 1 0.0 -20.0 4
2240 1 3.473 -19.6962 4
2239 1 3.473 -19.6962 4
2238 1 3.473 -19.6962 4
2237 1 3.473 -19.6962 4
2236 1 3.473 -19.6962 4
2234 1 3.473 -19.6962 4
2233 1 3.473 -19.6962 4
2232 1 3.473 -19.6962 4
2230 1 3.473 -19.6962 4
2229 1 3.473 -19.6962 4
2228 1 3.473 -19.6962 4
2226 1 3.473 -19.6962 4
2225 1 3.473 -19.6962 4
2224 1 3.473 -19.6962 4
2223 1 3.473 -19.6962 4
2222 1 3.473 -19.6962 4
2221 1 3.473 -19.6962 4
2169 1 0.0 -10.0 4
2168 1 0.0 -10.0 4
2166 1 0.0 -10.0 4
2165 1 0.0 -10.0 4
2164 1 0.0 -10.0 4
2162 1 0.0 -10.0 4
2161 1 0.0 -10.0 4
2220 1 1.7365 -9.8481 4
2219 1 1.7365 -9.8481 4
2218 1 1.7365 -9.8481 4
2217 1 1.7365 -9.8481 4
2215 1 1.7365 -9.8481 4
2214 1 1.7365 -9.8481 4
2213 1 1.7365 -9.8481 4
2212 1 1.7365 -9.8481 4
2211 1 1.7365 -9.8481 4
2210 1 1.7365 -9.8481 4
2209 1 1.7365 -9.8481 4
2208 1 1.7365 -9.8481 4
2207 1 1.7365 -9.8481 4
2206 1 1.7365 -9.8481 4
2205 1 1.7365 -9.8481 4
2204 1 1.7365 -9.8481 4
2203 1 1.7365 -9.8481 4
2201 1 1.7365 -9.8481 4
2403 1 5.0 -8.6603 4
2402 1 5.0 -8.6603 4
-1 0 0.0 0.0 D
1506 2 59.0 79.99996948242188 60 2147483647 61
0 0 0.0 0.0 D
2122 1 -5.2094 -29.5442 2
2121 1 -5.2094 -29.5442 2
2119 1 -5.2094 -29.5442 2
2118 1 -5.2094 -29.5442 2
2117 1 -5.2094 -29.5442 2
2116 1 -5.2094 -29.5442 2
2115 1 -5.2094 -29.5442 2
2114 1 -5.2094 -29.5442 2
2113 1 -5.2094 -29.5442 2
2112 1 -5.2094 -29.5442 2
2111 1 -5.2094 -29.5442 2
2110 1 -5.2094 -29.5442 2
2109 1 -5.2094 -29.5442 2
2108 1 -5.2094 -29.5442 2
2106 1 -5.2094 -29.5442 2
2105 1 -5.2094 -29.5442 2
2104 1 -5.2094 -29.5442 2
2103 1 -5.2094 -29.5442 2
2102 1 -5.2094 -29.5442 2
2101 1 -5.2094 -29.5442 2
2160 1 -6.9459 -39.3923 2
2159 1 -6.9459 -39.3923 2
2158 1 -6.9459 -39.3923 2
2156 1 -6.9459 -39.3923 2
2155 1 -6.9459 -39.3923 2
2154 1 -6.9459 -39.3923 2
2153 1 -6.9459 -39.3923 2
2152 1 -6.9459 -39.3923 2
2151 1 -6.9459 -39.3923 2
2150 1 -6.9459 -39.3923 2
2148 1 -6.9459 -39.3923 2
2147 1 -6.9459 -39.3923 2
2146 1 -6.9459 -39.3923 2
2145 1 -6.9459 -39.3923 2
2144 1 -6.9459 -39.3923 2
2143 1 -6.9459 -39.3923 2
2142 1 -6.9459 -39.3923 2
2141 1 -6.9459 -39.3923 2
2140 1 -6.9459 -39.3923 2
2139 1 -6.9459 -39.3923 2
2138 1 -6.9459 -39.3923 2
2137 1 -6.9459 -39.3923 2
2136 1 -6.9459 -39.3923 2
2135 1 -6.9459 -39.3923 2
2133 1 -6.9459 -39.3923 2
2132 1 -6.9459 -39.3923 2
2131 1 -6.9459 -39.3923 2
2100 1 -3.473 -19.6962 2
2098 1 -3.473 -19.6962 2
2097 1 -3.473 -19.6962 2
2096 1 -3.473 -19.6962 2
2094 1 -3.473 -19.6962 2
2093 1 -3.473 -19.6962 2
2092 1 -3.473 -19.6962 2
2091 1 -3.473 -19.6962 2
2090 1 -3.473 -19.6962 2
2089 1 -3.473 -19.6962 2
2088 1 -3.473 -19.6962 2
2085 1 -3.473 -19.6962 2
-1 0 0.0 0.0 D
1507 2 59.0 91.74674224853516 60 2147483647 61
0 0 0.0 0.0 D
2170 1 0.0 -10.0 2
2167 1 0.0 -10.0 2
2163 1 0.0 -10.0 2
2178 1 0.0 -20.0 2
2177 1 0.0 -20.0 2
2130 1 -5.2094 -29.5442 2
2129 1 -5.2094 -29.5442 2
2128 1 -5.2094 -29.5442 2
2127 1 -5.2094 -29.5442 2
2126 1 -5.2094 -29.5442 2
2125 1 -5.2094 -29.5442 2
2123 1 -5.2094 -29.5442 2
2188 1 0.0 -30.0 2
2184 1 0.0 -30.0 2
2182 1 0.0 -30.0 2
2200 1 0.0 -40.0 2
2357 1 10.2606 -28.1908 2
2356 1 10.2606 -28.1908 2
2355 1 10.2606 -28.1908 2
2354 1 10.2606 -28.1908 2
2353 1 10.2606 -28.1908 2
2352 1 10.2606 -28.1908 2
2351 1 10.2606 -28.1908 2
2350 1 10.2606 -28.1908 2
2349 1 10.2606 -28.1908 2
2348 1 10.2606 -28.1908 2
2347 1 10.2606 -28.1908 2
2346 1 10.2606 -28.1908 2
2345 1 10.2606 -28.1908 2
2344 1 10.2606 -28.1908 2
2343 1 10.2606 -28.1908 2
2342 1 10.2606 -28.1908 2
2341 1 10.2606 -28.1908 2
2340 1 6.8404 -18.7939 2
2339 1 6.8404 -18.7939 2
2338 1 6.8404 -18.7939 2
2337 1 6.8404 -18.7939 2
2336 1 6.8404 -18.7939 2
2335 1 6.8404 -18.7939 2
2334 1 6.8404 -18.7939 2
2332 1 6.8404 -18.7939 2
2331 1 6.8404 -18.7939 2
2330 1 6.8404 -18.7939 2
2329 1 6.8404 -18.7939 2
2327 1 6.8404 -18.7939 2
2326 1 6.8404 -18.7939 2
2324 1 6.8404 -18.7939 2
2323 1 6.8404 -18.7939 2
2322 1 6.8404 -18.7939 2
2320 1 6.8404 -18.7939 2
2319 1 6.8404 -18.7939 2
2318 1 6.8404 -18.7939 2
2317 1 6.8404 -18.7939 2
2316 1 6.8404 -18.7939 2
2315 1 6.8404 -18.7939 2
2314 1 6.8404 -18.7939 2
2313 1 6.8404 -18.7939 2
2312 1 6.8404 -18.7939 2
2311 1 6.8404 -18.7939 2
-1 0 0.0 0.0 D
1508 1 59.0 111.32289123535156 60 2147483647 61
0 0 0.0 0.0 D
2304 1 3.4202 -9.3969 1
2299 1 3.4202 -9.3969 1
2298 1 3.4202 -9.3969 1
2295 1 3.4202 -9.3969 1
2293 1 3.4202 -9.3969 1
2333 1 6.8404 -18.7939 1
2328 1 6.8404 -18.7939 1
2325 1 6.8404 -18.7939 1
2321 1 6.8404 -18.7939 1
2369 1 10.2606 -28.1908 1
2365 1 10.2606 -28.1908 1
2364 1 10.2606 -28.1908 1
2360 1 10.2606 -28.1908 1
2392 1 13.6808 -37.5877 1
2390 1 13.6808 -37.5877 1
2389 1 13.6808 -37.5877 1
2385 1 13.6808 -37.5877 1
2382 1 13.6808 -37.5877 1
2379 1 13.6808 -37.5877 1
2377 1 13.6808 -37.5877 1
2376 1 13.6808 -37.5877 1
2375 1 13.6808 -37.5877 1
2371 1 13.6808 -37.5877 1
2520 1 25.7115 -30.6418 1
2514 1 25.7115 -30.6418 1
2513 1 25.7115 -30.6418 1
2509 1 25.7115 -30.6418 1
2506 1 25.7115 -30.6418 1
2503 1 25.7115 -30.6418 1
2502 1 25.7115 -30.6418 1
2632 1 30.6418 -25.7115 1
2621 1 30.6418 -25.7115 1
2617 1 30.6418 -25.7115 1
2611 1 30.6418 -25.7115 1
2607 1 22.9813 -19.2836 1
2603 1 22.9813 -19.2836 1
2594 1 22.9813 -19.2836 1
2592 1 22.9813 -19.2836 1
2585 1 22.9813 -19.2836 1
2583 1 22.9813 -19.2836 1
2500 1 19.2836 -22.9813 1
2497 1 19.2836 -22.9813 1
2484 1 19.2836 -22.9813 1
2480 1 12.8558 -15.3209 1
2475 1 12.8558 -15.3209 1
2471 1 12.8558 -15.3209 1
2469 1 12.8558 -15.3209 1
2467 1 12.8558 -15.3209 1
2461 1 12.8558 -15.3209 1
2579 1 15.3209 -12.8557 1
2560 1 15.3209 -12.8557 1
2552 1 15.3209 -12.8557 1
2548 1 7.6604 -6.4279 1
2540 1 7.6604 -6.4279 1
2539 1 7.6604 -6.4279 1
2531 1 7.6604 -6.4279 1
2526 1 7.6604 -6.4279 1
2453 1 6.4279 -7.6604 1
2445 1 6.4279 -7.6604 1
-1 0 0.0 0.0 D
1509 2 59.0 86.97244262695312 60 2147483647 61
0 0 0.0 0.0 D
2310 1 3.4202 -9.3969 2
2309 1 3.4202 -9.3969 2
2308 1 3.4202 -9.3969 2
2307 1 3.4202 -9.3969 2
2306 1 3.4202 -9.3969 2
2305 1 3.4202 -9.3969 2
2303 1 3.4202 -9.3969 2
2302 1 3.4202 -9.3969 2
2301 1 3.4202 -9.3969 2
2300 1 3.4202 -9.3969 2
2297 1 3.4202 -9.3969 2
2296 1 3.4202 -9.3969 2
2294 1 3.4202 -9.3969 2
2292 1 3.4202 -9.3969 2
2291 1 3.4202 -9.3969 2
2290 1 3.4202 -9.3969 2
2289 1 3.4202 -9.3969 2
2288 1 3.4202 -9.3969 2
2287 1 3.4202 -9.3969 2
2286 1 3.4202 -9.3969 2
2285 1 3.4202 -9.3969 2
2284 1 3.4202 -9.3969 2
2283 1 3.4202 -9.3969 2
2282 1 3.4202 -9.3969 2
2281 1 3.4202 -9.3969 2
2370 1 10.2606 -28.1908 2
2368 1 10.2606 -28.1908 2
2367 1 10.2606 -28.1908 2
2366 1 10.2606 -28.1908 2
2363 1 10.2606 -28.1908 2
2362 1 10.2606 -28.1908 2
2361 1 10.2606 -28.1908 2
2359 1 10.2606 -28.1908 2
2358 1 10.2606 -28.1908 2
2400 1 13.6808 -37.5877 2
2399 1 13.6808 -37.5877 2
2398 1 13.6808 -37.5877 2
2397 1 13.6808 -37.5877 2
2396 1 13.6808 -37.5877 2
2395 1 13.6808 -37.5877 2
2394 1 13.6808 -37.5877 2
2393 1 13.6808 -37.5877 2
2391 1 13.6808 -37.5877 2
2388 1 13.6808 -37.5877 2
2387 1 13.6808 -37.5877 2
2386 1 13.6808 -37.5877 2
2384 1 13.6808 -37.5877 2
2383 1 13.6808 -37.5877 2
2381 1 13.6808 -37.5877 2
2380 1 13.6808 -37.5877 2
2378 1 13.6808 -37.5877 2
2374 1 13.6808 -37.5877 2
2373 1 13.6808 -37.5877 2
2372 1 13.6808 -37.5877 2
2434 1 20.0 -34.641 2
2432 1 20.0 -34.641 2
2410 1 5.0 -8.6603 2
2406 1 5.0 -8.6603 2
2401 1 5.0 -8.6603 2
-1 0 0.0 0.0 D
1510 4 149.0 121.72004699707031 150 2147483647 151
0 0 0.0 0.0 D
2460 1 6.4279 -7.6604 4
2459 1 6.4279 -7.6604 4
2458 1 6.4279 -7.6604 4
2457 1 6.4279 -7.6604 4
2456 1 6.4279 -7.6604 4
2455 1 6.4279 -7.6604 4
2454 1 6.4279 -7.6604 4
2452 1 6.4279 -7.6604 4
2451 1 6.4279 -7.6604 4
2450 1 6.4279 -7.6604 4
2449 1 6.4279 -7.6604 4
2448 1 6.4279 -7.6604 4
2447 1 6.4279 -7.6604 4
2446 1 6.4279 -7.6604 4
2444 1 6.4279 -7.6604 4
2443 1 6.4279 -7.6604 4
2442 1 6.4279 -7.6604 4
2441 1 6.4279 -7.6604 4
2408 1 5.0 -8.6603 4
2407 1 5.0 -8.6603 4
2405 1 5.0 -8.6603 4
2404 1 5.0 -8.6603 4
2409 1 5.0 -8.6603 4
2420 1 10.0 -17.3205 4
2419 1 10.0 -17.3205 4
2418 1 10.0 -17.3205 4
2417 1 10.0 -17.3205 4
2416 1 10.0 -17.3205 4
2415 1 10.0 -17.3205 4
2414 1 10.0 -17.3205 4
2413 1 10.0 -17.3205 4
2412 1 10.0 -17.3205 4
2411 1 10.0 -17.3205 4
2479 1 12.8558 -15.3209 4
2478 1 12.8558 -15.3209 4
2477 1 12.8558 -15.3209 4
2476 1 12.8558 -15.3209 4
2474 1 12.8558 -15.3209 4
2473 1 12.8558 -15.3209 4
2472 1 12.8558 -15.3209 4
2470 1 12.8558 -15.3209 4
2468 1 12.8558 -15.3209 4
2466 1 12.8558 -15.3209 4
2465 1 12.8558 -15.3209 4
2464 1 12.8558 -15.3209 4
2463 1 12.8558 -15.3209 4
2462 1 12.8558 -15.3209 4
2499 1 19.2836 -22.9813 4
2498 1 19.2836 -22.9813 4
2496 1 19.2836 -22.9813 4
2495 1 19.2836 -22.9813 4
2494 1 19.2836 -22.9813 4
2493 1 19.2836 -22.9813 4
2492 1 19.2836 -22.9813 4
2491 1 19.2836 -22.9813 4
2490 1 19.2836 -22.9813 4
2489 1 19.2836 -22.9813 4
2488 1 19.2836 -22.9813 4
2487 1 19.2836 -22.9813 4
2486 1 19.2836 -22.9813 4
2485 1 19.2836 -22.9813 4
2483 1 19.2836 -22.9813 4
2482 1 19.2836 -22.9813 4
2481 1 19.2836 -22.9813 4
2430 1 15.0 -25.9808 4
2429 1 15.0 -25.9808 4
2428 1 15.0 -25.9808 4
2427 1 15.0 -25.9808 4
2426 1 15.0 -25.9808 4
2425 1 15.0 -25.9808 4
2424 1 15.0 -25.9808 4
2423 1 15.0 -25.9808 4
2422 1 15.0 -25.9808 4
2421 1 15.0 -25.9808 4
2438 1 20.0 -34.641 4
2437 1 20.0 -34.641 4
2436 1 20.0 -34.641 4
2435 1 20.0 -34.641 4
2433 1 20.0 -34.641 4
2431 1 20.0 -34.641 4
2519 1 25.7115 -30.6418 4
2518 1 25.7115 -30.6418 4
2517 1 25.7115 -30.6418 4
2516 1 25.7115 -30.6418 4
2515 1 25.7115 -30.6418 4
2512 1 25.7115 -30.6418 4
2511 1 25.7115 -30.6418 4
2510 1 25.7115 -30.6418 4
2508 1 25.7115 -30.6418 4
2507 1 25.7115 -30.6418 4
2505 1 25.7115 -30.6418 4
2504 1 25.7115 -30.6418 4
2501 1 25.7115 -30.6418 4
2680 1 34.641 -20.0 4
2679 1 34.641 -20.0 4
2678 1 34.641 -20.0 4
2677 1 34.641 -20.0 4
2676 1 34.641 -20.0 4
2674 1 34.641 -20.0 4
2673 1 34.641 -20.0 4
2671 1 34.641 -20.0 4
2750 1 37.5877 -13.6808 4
2749 1 37.5877 -13.6808 4
2747 1 37.5877 -13.6808 4
2746 1 37.5877 -13.6808 4
2745 1 37.5877 -13.6808 4
2743 1 37.5877 -13.6808 4
2742 1 37.5877 -13.6808 4
2741 1 37.5877 -13.6808 4
2670 1 25.9808 -15.0 4
2669 1 25.9808 -15.0 4
2668 1 25.9808 -15.0 4
2667 1 25.9808 -15.0 4
2666 1 25.9808 -15.0 4
2665 1 25.9808 -15.0 4
2664 1 25.9808 -15.0 4
2660 1 17.3205 -10.0 4
2659 1 17.3205 -10.0 4
2657 1 17.3205 -10.0 4
2656 1 17.3205 -10.0 4
2654 1 17.3205 -10.0 4
2653 1 17.3205 -10.0 4
2652 1 17.3205 -10.0 4
2650 1 8.6603 -5.0 4
2649 1 8.6603 -5.0 4
2648 1 8.6603 -5.0 4
2647 1 8.6603 -5.0 4
2646 1 8.6603 -5.0 4
2644 1 8.6603 -5.0 4
2643 1 8.6603 -5.0 4
2642 1 8.6603 -5.0 4
2641 1 8.6603 -5.0 4
2700 1 9.3969 -3.4202 4
2699 1 9.3969 -3.4202 4
2698 1 9.3969 -3.4202 4
2697 1 9.3969 -3.4202 4
2696 1 9.3969 -3.4202 4
2695 1 9.3969 -3.4202 4
2693 1 9.3969 -3.4202 4
2691 1 9.3969 -3.4202 4
2690 1 9.3969 -3.4202 4
2689 1 9.3969 -3.4202 4
2688 1 9.3969 -3.4202 4
2687 1 9.3969 -3.4202 4
2686 1 9.3969 -3.4202 4
2685 1 9.3969 -3.4202 4
2684 1 9.3969 -3.4202 4
2683 1 9.3969 -3.4202 4
2681 1 9.3969 -3.4202 4
-1 0 0.0 0.0 D
1511 2 57.0 100.04023742675781 60 2147483647 59
0 0 0.0 0.0 D
2820 1 19.6962 -3.473 2
2819 1 19.6962 -3.473 2
2817 1 19.6962 -3.473 2
2815 1 19.6962 -3.473 2
2814 1 19.6962 -3.473 2
2812 1 19.6962 -3.473 2
2810 1 19.6962 -3.473 2
2809 1 19.6962 -3.473 2
2808 1 19.6962 -3.473 2
2807 1 19.6962 -3.473 2
2805 1 19.6962 -3.473 2
2804 1 19.6962 -3.473 2
2803 1 19.6962 -3.473 2
2801 1 19.6962 -3.473 2
2800 1 19.6962 -3.473 2
2799 1 19.6962 -3.473 2
2798 1 19.6962 -3.473 2
2797 1 19.6962 -3.473 2
2795 1 19.6962 -3.473 2
2794 1 19.6962 -3.473 2
2793 1 19.6962 -3.473 2
2792 1 19.6962 -3.473 2
2791 1 19.6962 -3.473 2
2610 1 22.9813 -19.2836 2
2609 1 22.9813 -19.2836 2
2608 1 22.9813 -19.2836 2
2606 1 22.9813 -19.2836 2
2605 1 22.9813 -19.2836 2
2604 1 22.9813 -19.2836 2
2602 1 22.9813 -19.2836 2
2601 1 22.9813 -19.2836 2
2600 1 22.9813 -19.2836 2
2599 1 22.9813 -19.2836 2
2598 1 22.9813 -19.2836 2
2597 1 22.9813 -19.2836 2
2596 1 22.9813 -19.2836 2
2595 1 22.9813 -19.2836 2
2593 1 22.9813 -19.2836 2
2591 1 22.9813 -19.2836 2
2590 1 22.9813 -19.2836 2
2589 1 22.9813 -19.2836 2
2588 1 22.9813 -19.2836 2
2587 1 22.9813 -19.2836 2
2586 1 22.9813 -19.2836 2
2584 1 22.9813 -19.2836 2
2582 1 22.9813 -19.2836 2
2581 1 22.9813 -19.2836 2
2620 1 30.6418 -25.7115 2
2619 1 30.6418 -25.7115 2
2618 1 30.6418 -25.7115 2
2616 1 30.6418 -25.7115 2
2615 1 30.6418 -25.7115 2
2614 1 30.6418 -25.7115 2
2613 1 30.6418 -25.7115 2
2612 1 30.6418 -25.7115 2
2440 1 20.0 -34.641 2
2439 1 20.0 -34.641 2
-1 0 0.0 0.0 D
1512 2 59.0 88.412841796875 60 2147483647 61
0 0 0.0 0.0 D
2645 1 8.6603 -5.0 2
2580 1 15.3209 -12.8557 2
2578 1 15.3209 -12.8557 2
2577 1 15.3209 -12.8557 2
2576 1 15.3209 -12.8557 2
2575 1 15.3209 -12.8557 2
2574 1 15.3209 -12.8557 2
2573 1 15.3209 -12.8557 2
2572 1 15.3209 -12.8557 2
2571 1 15.3209 -12.8557 2
2570 1 15.3209 -12.8557 2
2569 1 15.3209 -12.8557 2
2568 1 15.3209 -12.8557 2
2567 1 15.3209 -12.8557 2
2566 1 15.3209 -12.8557 2
2565 1 15.3209 -12.8557 2
2564 1 15.3209 -12.8557 2
2563 1 15.3209 -12.8557 2
2562 1 15.3209 -12.8557 2
2561 1 15.3209 -12.8557 2
2559 1 15.3209 -12.8557 2
2558 1 15.3209 -12.8557 2
2557 1 15.3209 -12.8557 2
2556 1 15.3209 -12.8557 2
2555 1 15.3209 -12.8557 2
2554 1 15.3209 -12.8557 2
2553 1 15.3209 -12.8557 2
2551 1 15.3209 -12.8557 2
2640 1 30.6418 -25.7115 2
2639 1 30.6418 -25.7115 2
2638 1 30.6418 -25.7115 2
2637 1 30.6418 -25.7115 2
2636 1 30.6418 -25.7115 2
2635 1 30.6418 -25.7115 2
2634 1 30.6418 -25.7115 2
2633 1 30.6418 -25.7115 2
2631 1 30.6418 -25.7115 2
2630 1 30.6418 -25.7115 2
2629 1 30.6418 -25.7115 2
2628 1 30.6418 -25.7115 2
2627 1 30.6418 -25.7115 2
2626 1 30.6418 -25.7115 2
2625 1 30.6418 -25.7115 2
2624 1 30.6418 -25.7115 2
2623 1 30.6418 -25.7115 2
2622 1 30.6418 -25.7115 2
2675 1 34.641 -20.0 2
2672 1 34.641 -20.0 2
2663 1 25.9808 -15.0 2
2662 1 25.9808 -15.0 2
2661 1 25.9808 -15.0 2
2658 1 17.3205 -10.0 2
2655 1 17.3205 -10.0 2
2651 1 17.3205 -10.0 2
2765 1 9.8481 -1.7365 2
2764 1 9.8481 -1.7365 2
2763 1 9.8481 -1.7365 2
2762 1 9.8481 -1.7365 2
2761 1 9.8481 -1.7365 2
-1 0 0.0 0.0 D
1520 1 91.0 217.26002502441406 100 2147483647 93
0 0 0.0 0.0 D
285 1 7.6604 6.4279 1
290 1 7.6604 6.4279 1
292 1 7.6604 6.4279 1
302 1 15.3209 12.8558 1
305 1 15.3209 12.8558 1
315 1 15.3209 12.8558 1
324 1 22.9813 19.2836 1
332 1 22.9813 19.2836 1
336 1 22.9813 19.2836 1
337 1 22.9813 19.2836 1
343 1 30.6418 25.7115 1
345 1 30.6418 25.7115 1
356 1 30.6418 25.7115 1
358 1 30.6418 25.7115 1
2903 1 35.3553 35.3553 1
2904 1 35.3553 35.3553 1
2908 1 35.3553 35.3553 1
211 1 37.5877 13.6808 1
226 1 37.5877 13.6808 1
227 1 37.5877 13.6808 1
236 1 37.5877 13.6808 1
240 1 37.5877 13.6808 1
2889 1 49.8097 4.3578 1
101 1 39.3923 6.9459 1
103 1 39.3923 6.9459 1
106 1 39.3923 6.9459 1
116 1 39.3923 6.9459 1
120 1 39.3923 6.9459 1
85 1 29.5442 5.2094 1
87 1 29.5442 5.2094 1
94 1 29.5442 5.2094 1
95 1 29.5442 5.2094 1
98 1 29.5442 5.2094 1
100 1 29.5442 5.2094 1
181 1 28.1908 10.2606 1
187 1 28.1908 10.2606 1
195 1 28.1908 10.2606 1
199 1 28.1908 10.2606 1
202 1 28.1908 10.2606 1
61 1 19.6962 3.473 1
66 1 19.6962 3.473 1
72 1 19.6962 3.473 1
73 1 19.6962 3.473 1
74 1 19.6962 3.473 1
80 1 19.6962 3.473 1
166 1 18.7939 6.8404 1
167 1 18.7939 6.8404 1
171 1 18.7939 6.8404 1
180 1 18.7939 6.8404 1
2823 1 29.5442 -5.2094 1
2830 1 29.5442 -5.2094 1
2834 1 29.5442 -5.2094 1
2835 1 29.5442 -5.2094 1
2844 1 29.5442 -5.2094 1
2848 1 29.5442 -5.2094 1
2852 1 39.3923 -6.9459 1
2862 1 39.3923 -6.9459 1
2869 1 39.3923 -6.9459 1
2873 1 39.3923 -6.9459 1
2876 1 39.3923 -6.9459 1
2744 1 37.5877 -13.6808 1
2748 1 37.5877 -13.6808 1
2754 1 37.5877 -13.6808 1
2760 1 37.5877 -13.6808 1
2724 1 28.1908 -10.2606 1
2729 1 28.1908 -10.2606 1
2709 1 18.7939 -6.8404 1
2715 1 18.7939 -6.8404 1
2796 1 19.6962 -3.473 1
2802 1 19.6962 -3.473 1
2806 1 19.6962 -3.473 1
2811 1 19.6962 -3.473 1
2813 1 19.6962 -3.473 1
2816 1 19.6962 -3.473 1
2818 1 19.6962 -3.473 1
2682 1 9.3969 -3.4202 1
2692 1 9.3969 -3.4202 1
2694 1 9.3969 -3.4202 1
2769 1 9.8481 -1.7365 1
2773 1 9.8481 -1.7365 1
2785 1 9.8481 -1.7365 1
43 1 9.8481 1.7365 1
47 1 9.8481 1.7365 1
49 1 9.8481 1.7365 1
52 1 9.8481 1.7365 1
55 1 9.8481 1.7365 1
57 1 9.8481 1.7365 1
127 1 9.3969 3.4202 1
149 1 9.3969 3.4202 1
363 1 6.4279 7.6604 1
364 1 6.4279 7.6604 1
-1 0 0.0 0.0 D
1521 2 96.0 81.73609924316406 100 2147483647 98
0 0 0.0 0.0 D
2766 1 9.8481 -1.7365 2
2767 1 9.8481 -1.7365 2
2768 1 9.8481 -1.7365 2
2770 1 9.8481 -1.7365 2
2771 1 9.8481 -1.7365 2
2772 1 9.8481 -1.7365 2
2774 1 9.8481 -1.7365 2
2775 1 9.8481 -1.7365 2
2776 1 9.8481 -1.7365 2
2777 1 9.8481 -1.7365 2
2778 1 9.8481 -1.7365 2
2779 1 9.8481 -1.7365 2
2780 1 9.8481 -1.7365 2
2781 1 9.8481 -1.7365 2
2782 1 9.8481 -1.7365 2
2783 1 9.8481 -1.7365 2
2784 1 9.8481 -1.7365 2
2786 1 9.8481 -1.7365 2
2787 1 9.8481 -1.7365 2
2788 1 9.8481 -1.7365 2
2789 1 9.8481 -1.7365 2
2790 1 9.8481 -1.7365 2
2821 1 29.5442 -5.2094 2
2822 1 29.5442 -5.2094 2
2824 1 29.5442 -5.2094 2
2825 1 29.5442 -5.2094 2
2826 1 29.5442 -5.2094 2
2827 1 29.5442 -5.2094 2
2828 1 29.5442 -5.2094 2
2829 1 29.5442 -5.2094 2
2831 1 29.5442 -5.2094 2
2832 1 29.5442 -5.2094 2
2833 1 29.5442 -5.2094 2
2836 1 29.5442 -5.2094 2
2837 1 29.5442 -5.2094 2
2838 1 29.5442 -5.2094 2
2839 1 29.5442 -5.2094 2
2840 1 29.5442 -5.2094 2
2841 1 29.5442 -5.2094 2
2842 1 29.5442 -5.2094 2
2843 1 29.5442 -5.2094 2
2845 1 29.5442 -5.2094 2
2846 1 29.5442 -5.2094 2
2847 1 29.5442 -5.2094 2
2849 1 29.5442 -5.2094 2
2850 1 29.5442 -5.2094 2
2867 1 39.3923 -6.9459 2
2868 1 39.3923 -6.9459 2
2870 1 39.3923 -6.9459 2
2871 1 39.3923 -6.9459 2
2872 1 39.3923 -6.9459 2
2874 1 39.3923 -6.9459 2
2875 1 39.3923 -6.9459 2
2877 1 39.3923 -6.9459 2
2878 1 39.3923 -6.9459 2
2879 1 39.3923 -6.9459 2
2880 1 39.3923 -6.9459 2
2851 1 39.3923 -6.9459 2
2853 1 39.3923 -6.9459 2
2854 1 39.3923 -6.9459 2
2855 1 39.3923 -6.9459 2
2856 1 39.3923 -6.9459 2
2857 1 39.3923 -6.9459 2
2858 1 39.3923 -6.9459 2
2859 1 39.3923 -6.9459 2
2860 1 39.3923 -6.9459 2
2861 1 39.3923 -6.9459 2
2863 1 39.3923 -6.9459 2
2864 1 39.3923 -6.9459 2
2865 1 39.3923 -6.9459 2
2866 1 39.3923 -6.9459 2
2521 1 7.6604 -6.4279 2
2522 1 7.6604 -6.4279 2
2523 1 7.6604 -6.4279 2
2524 1 7.6604 -6.4279 2
2525 1 7.6604 -6.4279 2
2527 1 7.6604 -6.4279 2
2528 1 7.6604 -6.4279 2
2529 1 7.6604 -6.4279 2
2530 1 7.6604 -6.4279 2
2532 1 7.6604 -6.4279 2
2533 1 7.6604 -6.4279 2
2534 1 7.6604 -6.4279 2
2535 1 7.6604 -6.4279 2
2536 1 7.6604 -6.4279 2
2537 1 7.6604 -6.4279 2
2538 1 7.6604 -6.4279 2
2541 1 7.6604 -6.4279 2
2542 1 7.6604 -6.4279 2
2543 1 7.6604 -6.4279 2
2544 1 7.6604 -6.4279 2
2545 1 7.6604 -6.4279 2
2546 1 7.6604 -6.4279 2
2547 1 7.6604 -6.4279 2
2549 1 7.6604 -6.4279 2
2550 1 7.6604 -6.4279 2
-1 0 0.0 0.0 D
1564 4 193.0 203.3660125732422 200 2147483647 195
0 0 0.0 0.0 D
2 1 10.0 0.0 4
3 1 10.0 0.0 4
6 1 10.0 0.0 4
7 1 10.0 0.0 4
8 1 10.0 0.0 4
9 1 10.0 0.0 4
10 1 10.0 0.0 4
2701 1 18.7939 -6.8404 4
2702 1 18.7939 -6.8404 4
2703 1 18.7939 -6.8404 4
2704 1 18.7939 -6.8404 4
2705 1 18.7939 -6.8404 4
2706 1 18.7939 -6.8404 4
2707 1 18.7939 -6.8404 4
2708 1 18.7939 -6.8404 4
2710 1 18.7939 -6.8404 4
2711 1 18.7939 -6.8404 4
2712 1 18.7939 -6.8404 4
2713 1 18.7939 -6.8404 4
2714 1 18.7939 -6.8404 4
2716 1 18.7939 -6.8404 4
2717 1 18.7939 -6.8404 4
2718 1 18.7939 -6.8404 4
2719 1 18.7939 -6.8404 4
2720 1 18.7939 -6.8404 4
11 1 20.0 0.0 4
12 1 20.0 0.0 4
13 1 20.0 0.0 4
14 1 20.0 0.0 4
15 1 20.0 0.0 4
16 1 20.0 0.0 4
18 1 20.0 0.0 4
19 1 20.0 0.0 4
20 1 20.0 0.0 4
2721 1 28.1908 -10.2606 4
2722 1 28.1908 -10.2606 4
2723 1 28.1908 -10.2606 4
2725 1 28.1908 -10.2606 4
2726 1 28.1908 -10.2606 4
2727 1 28.1908 -10.2606 4
2728 1 28.1908 -10.2606 4
2730 1 28.1908 -10.2606 4
2731 1 28.1908 -10.2606 4
2732 1 28.1908 -10.2606 4
2733 1 28.1908 -10.2606 4
2734 1 28.1908 -10.2606 4
2735 1 28.1908 -10.2606 4
2736 1 28.1908 -10.2606 4
2737 1 28.1908 -10.2606 4
2738 1 28.1908 -10.2606 4
2739 1 28.1908 -10.2606 4
2740 1 28.1908 -10.2606 4
2751 1 37.5877 -13.6808 4
2752 1 37.5877 -13.6808 4
2753 1 37.5877 -13.6808 4
2755 1 37.5877 -13.6808 4
2756 1 37.5877 -13.6808 4
2757 1 37.5877 -13.6808 4
2758 1 37.5877 -13.6808 4
2759 1 37.5877 -13.6808 4
21 1 30.0 0.0 4
23 1 30.0 0.0 4
24 1 30.0 0.0 4
25 1 30.0 0.0 4
26 1 30.0 0.0 4
28 1 30.0 0.0 4
29 1 30.0 0.0 4
30 1 30.0 0.0 4
31 1 40.0 0.0 4
32 1 40.0 0.0 4
33 1 40.0 0.0 4
34 1 40.0 0.0 4
35 1 40.0 0.0 4
36 1 40.0 0.0 4
38 1 40.0 0.0 4
39 1 40.0 0.0 4
2881 1 49.8097 4.3578 4
2883 1 49.8097 4.3578 4
2884 1 49.8097 4.3578 4
2885 1 49.8097 4.3578 4
2886 1 49.8097 4.3578 4
2887 1 49.8097 4.3578 4
2888 1 49.8097 4.3578 4
2890 1 49.8097 4.3578 4
2891 1 45.3154 21.1309 4
2892 1 45.3154 21.1309 4
2893 1 45.3154 21.1309 4
2894 1 45.3154 21.1309 4
2895 1 45.3154 21.1309 4
2896 1 45.3154 21.1309 4
2897 1 45.3154 21.1309 4
2898 1 45.3154 21.1309 4
2899 1 45.3154 21.1309 4
2900 1 45.3154 21.1309 4
341 1 30.6418 25.7115 4
342 1 30.6418 25.7115 4
344 1 30.6418 25.7115 4
346 1 30.6418 25.7115 4
347 1 30.6418 25.7115 4
348 1 30.6418 25.7115 4
349 1 30.6418 25.7115 4
350 1 30.6418 25.7115 4
351 1 30.6418 25.7115 4
352 1 30.6418 25.7115 4
353 1 30.6418 25.7115 4
354 1 30.6418 25.7115 4
271 1 34.641 20.0 4
272 1 34.641 20.0 4
273 1 34.641 20.0 4
274 1 34.641 20.0 4
275 1 34.641 20.0 4
276 1 34.641 20.0 4
277 1 34.641 20.0 4
278 1 34.641 20.0 4
279 1 34.641 20.0 4
280 1 34.641 20.0 4
261 1 25.9808 15.0 4
262 1 25.9808 15.0 4
263 1 25.9808 15.0 4
264 1 25.9808 15.0 4
267 1 25.9808 15.0 4
270 1 25.9808 15.0 4
102 1 39.3923 6.9459 4
104 1 39.3923 6.9459 4
105 1 39.3923 6.9459 4
107 1 39.3923 6.9459 4
108 1 39.3923 6.9459 4
109 1 39.3923 6.9459 4
110 1 39.3923 6.9459 4
111 1 39.3923 6.9459 4
112 1 39.3923 6.9459 4
113 1 39.3923 6.9459 4
114 1 39.3923 6.9459 4
115 1 39.3923 6.9459 4
117 1 39.3923 6.9459 4
118 1 39.3923 6.9459 4
119 1 39.3923 6.9459 4
81 1 29.5442 5.2094 4
82 1 29.5442 5.2094 4
83 1 29.5442 5.2094 4
84 1 29.5442 5.2094 4
86 1 29.5442 5.2094 4
88 1 29.5442 5.2094 4
89 1 29.5442 5.2094 4
90 1 29.5442 5.2094 4
91 1 29.5442 5.2094 4
92 1 29.5442 5.2094 4
93 1 29.5442 5.2094 4
96 1 29.5442 5.2094 4
97 1 29.5442 5.2094 4
99 1 29.5442 5.2094 4
62 1 19.6962 3.473 4
63 1 19.6962 3.473 4
64 1 19.6962 3.473 4
65 1 19.6962 3.473 4
67 1 19.6962 3.473 4
68 1 19.6962 3.473 4
69 1 19.6962 3.473 4
70 1 19.6962 3.473 4
71 1 19.6962 3.473 4
75 1 19.6962 3.473 4
76 1 19.6962 3.473 4
77 1 19.6962 3.473 4
78 1 19.6962 3.473 4
79 1 19.6962 3.473 4
252 1 17.3205 10.0 4
253 1 17.3205 10.0 4
254 1 17.3205 10.0 4
255 1 17.3205 10.0 4
256 1 17.3205 10.0 4
259 1 17.3205 10.0 4
260 1 17.3205 10.0 4
241 1 8.6603 5.0 4
242 1 8.6603 5.0 4
243 1 8.6603 5.0 4
244 1 8.6603 5.0 4
245 1 8.6603 5.0 4
246 1 8.6603 5.0 4
248 1 8.6603 5.0 4
41 1 9.8481 1.7365 4
42 1 9.8481 1.7365 4
44 1 9.8481 1.7365 4
45 1 9.8481 1.7365 4
46 1 9.8481 1.7365 4
48 1 9.8481 1.7365 4
50 1 9.8481 1.7365 4
51 1 9.8481 1.7365 4
53 1 9.8481 1.7365 4
54 1 9.8481 1.7365 4
56 1 9.8481 1.7365 4
58 1 9.8481 1.7365 4
59 1 9.8481 1.7365 4
60 1 9.8481 1.7365 4
-1 0 0.0 0.0 D
