1
0 0.0 0.0 1020.0 3193.87109375 9
1708 1 115.0 675.0474853515625 160 2147483647 117
0 0 0.0 0.0 D
147 1 -5.0 8.6603 1
143 1 -5.0 8.6603 1
142 1 -5.0 8.6603 1
136 1 -5.0 8.6603 1
134 1 -5.0 8.6603 1
154 1 -10.0 17.3205 1
161 1 -10.0 17.3205 1
178 1 -10.0 17.3205 1
210 1 -15.0 25.9808 1
208 1 -15.0 25.9808 1
205 1 -15.0 25.9808 1
196 1 -15.0 25.9808 1
183 1 -15.0 25.9808 1
191 1 -15.0 25.9808 1
192 1 -15.0 25.9808 1
195 1 -15.0 25.9808 1
214 1 -20.0 34.641 1
225 1 -20.0 34.641 1
227 1 -20.0 34.641 1
229 1 -20.0 34.641 1
233 1 -20.0 34.641 1
234 1 -20.0 34.641 1
237 1 -20.0 34.641 1
631 1 -30.0 51.9615 1
634 1 -30.0 51.9615 1
638 1 -30.0 51.9615 1
639 1 -30.0 51.9615 1
649 1 -30.0 51.9615 1
653 1 -30.0 51.9615 1
654 1 -30.0 51.9615 1
663 1 -35.0 60.6218 1
666 1 -35.0 60.6218 1
668 1 -35.0 60.6218 1
674 1 -35.0 60.6218 1
676 1 -35.0 60.6218 1
687 1 -35.0 60.6218 1
689 1 -35.0 60.6218 1
1007 1 -86.6025 50.0 1
735 1 -45.0 77.9423 1
740 1 -45.0 77.9423 1
742 1 -45.0 77.9423 1
744 1 -45.0 77.9423 1
749 1 -45.0 77.9423 1
725 1 -45.0 77.9423 1
729 1 -45.0 77.9423 1
694 1 -40.0 69.282 1
700 1 -40.0 69.282 1
703 1 -40.0 69.282 1
709 1 -40.0 69.282 1
710 1 -40.0 69.282 1
712 1 -40.0 69.282 1
713 1 -40.0 69.282 1
717 1 -40.0 69.282 1
614 1 45.0 77.9423 1
616 1 45.0 77.9423 1
624 1 45.0 77.9423 1
995 1 86.6025 50.0 1
591 1 40.0 69.282 1
593 1 40.0 69.282 1
594 1 40.0 69.282 1
599 1 40.0 69.282 1
601 1 40.0 69.282 1
602 1 40.0 69.282 1
606 1 40.0 69.282 1
581 1 35.0 60.6218 1
583 1 35.0 60.6218 1
584 1 35.0 60.6218 1
585 1 35.0 60.6218 1
586 1 35.0 60.6218 1
553 1 30.0 51.9615 1
558 1 30.0 51.9615 1
560 1 30.0 51.9615 1
562 1 30.0 51.9615 1
567 1 30.0 51.9615 1
568 1 30.0 51.9615 1
570 1 30.0 51.9615 1
108 1 20.0 34.641 1
110 1 20.0 34.641 1
114 1 20.0 34.641 1
119 1 20.0 34.641 1
490 1 43.3013 25.0 1
84 1 15.0 25.9808 1
94 1 15.0 25.9808 1
98 1 15.0 25.9808 1
69 1 10.0 17.3205 1
74 1 10.0 17.3205 1
80 1 10.0 17.3205 1
43 1 5.0 8.6603 1
49 1 5.0 8.6603 1
53 1 5.0 8.6603 1
318 1 -10.0 -17.3205 1
316 1 -10.0 -17.3205 1
312 1 -10.0 -17.3205 1
309 1 -10.0 -17.3205 1
307 1 -10.0 -17.3205 1
302 1 -10.0 -17.3205 1
328 1 -15.0 -25.9808 1
323 1 -15.0 -25.9808 1
510 1 0.0 -50.0 1
954 1 40.0 -69.282 1
949 1 40.0 -69.282 1
940 1 40.0 -69.282 1
932 1 40.0 -69.282 1
896 1 30.0 -51.9615 1
895 1 30.0 -51.9615 1
892 1 30.0 -51.9615 1
890 1 30.0 -51.9615 1
887 1 30.0 -51.9615 1
886 1 30.0 -51.9615 1
883 1 30.0 -51.9615 1
882 1 30.0 -51.9615 1
873 1 30.0 -51.9615 1
872 1 30.0 -51.9615 1
476 1 20.0 -34.641 1
472 1 20.0 -34.641 1
-1 0 0.0 0.0 D
1709 2 57.0 318.4248046875 60 2147483647 59
0 0 0.0 0.0 D
420 1 10.0 -17.3205 2
419 1 10.0 -17.3205 2
417 1 10.0 -17.3205 2
416 1 10.0 -17.3205 2
414 1 10.0 -17.3205 2
412 1 10.0 -17.3205 2
410 1 10.0 -17.3205 2
408 1 10.0 -17.3205 2
407 1 10.0 -17.3205 2
406 1 10.0 -17.3205 2
404 1 10.0 -17.3205 2
403 1 10.0 -17.3205 2
402 1 10.0 -17.3205 2
401 1 10.0 -17.3205 2
400 1 10.0 -17.3205 2
399 1 10.0 -17.3205 2
398 1 10.0 -17.3205 2
397 1 10.0 -17.3205 2
396 1 10.0 -17.3205 2
395 1 10.0 -17.3205 2
394 1 10.0 -17.3205 2
393 1 10.0 -17.3205 2
391 1 10.0 -17.3205 2
194 1 -15.0 25.9808 2
193 1 -15.0 25.9808 2
190 1 -15.0 25.9808 2
189 1 -15.0 25.9808 2
188 1 -15.0 25.9808 2
187 1 -15.0 25.9808 2
186 1 -15.0 25.9808 2
185 1 -15.0 25.9808 2
184 1 -15.0 25.9808 2
182 1 -15.0 25.9808 2
181 1 -15.0 25.9808 2
483 1 43.3013 25.0 2
998 1 86.6025 50.0 2
997 1 86.6025 50.0 2
547 1 90.0 0.0 2
538 1 80.0 0.0 2
535 1 80.0 0.0 2
533 1 80.0 0.0 2
530 1 70.0 0.0 2
527 1 70.0 0.0 2
523 1 70.0 0.0 2
522 1 70.0 0.0 2
518 1 60.0 0.0 2
40 1 40.0 0.0 2
38 1 40.0 0.0 2
33 1 40.0 0.0 2
31 1 40.0 0.0 2
29 1 30.0 0.0 2
21 1 30.0 0.0 2
19 1 20.0 0.0 2
18 1 20.0 0.0 2
14 1 20.0 0.0 2
11 1 20.0 0.0 2
5 1 10.0 0.0 2
-1 0 0.0 0.0 D
1710 2 99.0 180.00001525878906 100 2147483647 101
0 0 0.0 0.0 D
180 1 -10.0 17.3205 2
179 1 -10.0 17.3205 2
177 1 -10.0 17.3205 2
176 1 -10.0 17.3205 2
175 1 -10.0 17.3205 2
174 1 -10.0 17.3205 2
173 1 -10.0 17.3205 2
172 1 -10.0 17.3205 2
171 1 -10.0 17.3205 2
170 1 -10.0 17.3205 2
169 1 -10.0 17.3205 2
168 1 -10.0 17.3205 2
167 1 -10.0 17.3205 2
166 1 -10.0 17.3205 2
165 1 -10.0 17.3205 2
164 1 -10.0 17.3205 2
163 1 -10.0 17.3205 2
162 1 -10.0 17.3205 2
160 1 -10.0 17.3205 2
159 1 -10.0 17.3205 2
158 1 -10.0 17.3205 2
157 1 -10.0 17.3205 2
156 1 -10.0 17.3205 2
155 1 -10.0 17.3205 2
153 1 -10.0 17.3205 2
152 1 -10.0 17.3205 2
151 1 -10.0 17.3205 2
209 1 -15.0 25.9808 2
228 1 -20.0 34.641 2
226 1 -20.0 34.641 2
224 1 -20.0 34.641 2
223 1 -20.0 34.641 2
222 1 -20.0 34.641 2
221 1 -20.0 34.641 2
220 1 -20.0 34.641 2
219 1 -20.0 34.641 2
218 1 -20.0 34.641 2
217 1 -20.0 34.641 2
216 1 -20.0 34.641 2
215 1 -20.0 34.641 2
213 1 -20.0 34.641 2
212 1 -20.0 34.641 2
211 1 -20.0 34.641 2
690 1 -35.0 60.6218 2
750 1 -45.0 77.9423 2
748 1 -45.0 77.9423 2
747 1 -45.0 77.9423 2
746 1 -45.0 77.9423 2
745 1 -45.0 77.9423 2
743 1 -45.0 77.9423 2
741 1 -45.0 77.9423 2
739 1 -45.0 77.9423 2
738 1 -45.0 77.9423 2
737 1 -45.0 77.9423 2
736 1 -45.0 77.9423 2
734 1 -45.0 77.9423 2
733 1 -45.0 77.9423 2
732 1 -45.0 77.9423 2
731 1 -45.0 77.9423 2
730 1 -45.0 77.9423 2
728 1 -45.0 77.9423 2
727 1 -45.0 77.9423 2
726 1 -45.0 77.9423 2
724 1 -45.0 77.9423 2
723 1 -45.0 77.9423 2
722 1 -45.0 77.9423 2
721 1 -45.0 77.9423 2
688 1 -35.0 60.6218 2
686 1 -35.0 60.6218 2
685 1 -35.0 60.6218 2
684 1 -35.0 60.6218 2
683 1 -35.0 60.6218 2
682 1 -35.0 60.6218 2
681 1 -35.0 60.6218 2
680 1 -35.0 60.6218 2
679 1 -35.0 60.6218 2
678 1 -35.0 60.6218 2
677 1 -35.0 60.6218 2
675 1 -35.0 60.6218 2
673 1 -35.0 60.6218 2
672 1 -35.0 60.6218 2
671 1 -35.0 60.6218 2
670 1 -35.0 60.6218 2
669 1 -35.0 60.6218 2
667 1 -35.0 60.6218 2
665 1 -35.0 60.6218 2
664 1 -35.0 60.6218 2
662 1 -35.0 60.6218 2
661 1 -35.0 60.6218 2
207 1 -15.0 25.9808 2
206 1 -15.0 25.9808 2
204 1 -15.0 25.9808 2
203 1 -15.0 25.9808 2
202 1 -15.0 25.9808 2
201 1 -15.0 25.9808 2
200 1 -15.0 25.9808 2
199 1 -15.0 25.9808 2
198 1 -15.0 25.9808 2
197 1 -15.0 25.9808 2
-1 0 0.0 0.0 D
1711 2 144.0 357.0352478027344 160 2147483647 146
0 0 0.0 0.0 D
150 1 -5.0 8.6603 2
149 1 -5.0 8.6603 2
148 1 -5.0 8.6603 2
146 1 -5.0 8.6603 2
145 1 -5.0 8.6603 2
144 1 -5.0 8.6603 2
141 1 -5.0 8.6603 2
140 1 -5.0 8.6603 2
139 1 -5.0 8.6603 2
138 1 -5.0 8.6603 2
137 1 -5.0 8.6603 2
135 1 -5.0 8.6603 2
133 1 -5.0 8.6603 2
132 1 -5.0 8.6603 2
131 1 -5.0 8.6603 2
130 1 -5.0 8.6603 2
129 1 -5.0 8.6603 2
128 1 -5.0 8.6603 2
127 1 -5.0 8.6603 2
126 1 -5.0 8.6603 2
125 1 -5.0 8.6603 2
124 1 -5.0 8.6603 2
123 1 -5.0 8.6603 2
122 1 -5.0 8.6603 2
121 1 -5.0 8.6603 2
247 1 -10.0 0.0 2
244 1 -10.0 0.0 2
243 1 -10.0 0.0 2
242 1 -10.0 0.0 2
240 1 -20.0 34.641 2
239 1 -20.0 34.641 2
238 1 -20.0 34.641 2
236 1 -20.0 34.641 2
235 1 -20.0 34.641 2
232 1 -20.0 34.641 2
231 1 -20.0 34.641 2
230 1 -20.0 34.641 2
660 1 -30.0 51.9615 2
659 1 -30.0 51.9615 2
658 1 -30.0 51.9615 2
657 1 -30.0 51.9615 2
656 1 -30.0 51.9615 2
655 1 -30.0 51.9615 2
652 1 -30.0 51.9615 2
651 1 -30.0 51.9615 2
650 1 -30.0 51.9615 2
648 1 -30.0 51.9615 2
647 1 -30.0 51.9615 2
646 1 -30.0 51.9615 2
645 1 -30.0 51.9615 2
644 1 -30.0 51.9615 2
643 1 -30.0 51.9615 2
642 1 -30.0 51.9615 2
641 1 -30.0 51.9615 2
640 1 -30.0 51.9615 2
637 1 -30.0 51.9615 2
636 1 -30.0 51.9615 2
635 1 -30.0 51.9615 2
633 1 -30.0 51.9615 2
632 1 -30.0 51.9615 2
720 1 -40.0 69.282 2
719 1 -40.0 69.282 2
718 1 -40.0 69.282 2
716 1 -40.0 69.282 2
715 1 -40.0 69.282 2
714 1 -40.0 69.282 2
711 1 -40.0 69.282 2
708 1 -40.0 69.282 2
707 1 -40.0 69.282 2
706 1 -40.0 69.282 2
705 1 -40.0 69.282 2
704 1 -40.0 69.282 2
702 1 -40.0 69.282 2
701 1 -40.0 69.282 2
699 1 -40.0 69.282 2
698 1 -40.0 69.282 2
697 1 -40.0 69.282 2
696 1 -40.0 69.282 2
695 1 -40.0 69.282 2
693 1 -40.0 69.282 2
692 1 -40.0 69.282 2
691 1 -40.0 69.282 2
498 1 -43.3013 25.0 2
778 1 -80.0 0.0 2
764 1 -70.0 0.0 2
763 1 -70.0 0.0 2
758 1 -60.0 0.0 2
272 1 -40.0 0.0 2
271 1 -40.0 0.0 2
268 1 -30.0 0.0 2
266 1 -30.0 0.0 2
262 1 -30.0 0.0 2
256 1 -20.0 0.0 2
253 1 -20.0 0.0 2
252 1 -20.0 0.0 2
506 1 0.0 -50.0 2
504 1 0.0 -50.0 2
450 1 15.0 -25.9808 2
449 1 15.0 -25.9808 2
448 1 15.0 -25.9808 2
447 1 15.0 -25.9808 2
446 1 15.0 -25.9808 2
445 1 15.0 -25.9808 2
443 1 15.0 -25.9808 2
442 1 15.0 -25.9808 2
441 1 15.0 -25.9808 2
440 1 15.0 -25.9808 2
439 1 15.0 -25.9808 2
438 1 15.0 -25.9808 2
437 1 15.0 -25.9808 2
436 1 15.0 -25.9808 2
434 1 15.0 -25.9808 2
433 1 15.0 -25.9808 2
432 1 15.0 -25.9808 2
430 1 15.0 -25.9808 2
429 1 15.0 -25.9808 2
428 1 15.0 -25.9808 2
427 1 15.0 -25.9808 2
426 1 15.0 -25.9808 2
425 1 15.0 -25.9808 2
421 1 15.0 -25.9808 2
390 1 5.0 -8.6603 2
389 1 5.0 -8.6603 2
388 1 5.0 -8.6603 2
387 1 5.0 -8.6603 2
385 1 5.0 -8.6603 2
384 1 5.0 -8.6603 2
383 1 5.0 -8.6603 2
381 1 5.0 -8.6603 2
379 1 5.0 -8.6603 2
378 1 5.0 -8.6603 2
377 1 5.0 -8.6603 2
376 1 5.0 -8.6603 2
375 1 5.0 -8.6603 2
374 1 5.0 -8.6603 2
373 1 5.0 -8.6603 2
372 1 5.0 -8.6603 2
369 1 5.0 -8.6603 2
368 1 5.0 -8.6603 2
366 1 5.0 -8.6603 2
365 1 5.0 -8.6603 2
364 1 5.0 -8.6603 2
363 1 5.0 -8.6603 2
362 1 5.0 -8.6603 2
-1 0 0.0 0.0 D
1713 4 199.0 457.59881591796875 200 2147483647 201
0 0 0.0 0.0 D
79 1 10.0 17.3205 4
78 1 10.0 17.3205 4
77 1 10.0 17.3205 4
76 1 10.0 17.3205 4
75 1 10.0 17.3205 4
73 1 10.0 17.3205 4
72 1 10.0 17.3205 4
71 1 10.0 17.3205 4
70 1 10.0 17.3205 4
68 1 10.0 17.3205 4
67 1 10.0 17.3205 4
66 1 10.0 17.3205 4
65 1 10.0 17.3205 4
64 1 10.0 17.3205 4
63 1 10.0 17.3205 4
62 1 10.0 17.3205 4
61 1 10.0 17.3205 4
60 1 5.0 8.6603 4
59 1 5.0 8.6603 4
58 1 5.0 8.6603 4
57 1 5.0 8.6603 4
56 1 5.0 8.6603 4
55 1 5.0 8.6603 4
54 1 5.0 8.6603 4
52 1 5.0 8.6603 4
51 1 5.0 8.6603 4
50 1 5.0 8.6603 4
48 1 5.0 8.6603 4
47 1 5.0 8.6603 4
46 1 5.0 8.6603 4
45 1 5.0 8.6603 4
44 1 5.0 8.6603 4
42 1 5.0 8.6603 4
41 1 5.0 8.6603 4
100 1 15.0 25.9808 4
99 1 15.0 25.9808 4
97 1 15.0 25.9808 4
96 1 15.0 25.9808 4
95 1 15.0 25.9808 4
93 1 15.0 25.9808 4
92 1 15.0 25.9808 4
91 1 15.0 25.9808 4
90 1 15.0 25.9808 4
89 1 15.0 25.9808 4
88 1 15.0 25.9808 4
87 1 15.0 25.9808 4
86 1 15.0 25.9808 4
85 1 15.0 25.9808 4
83 1 15.0 25.9808 4
82 1 15.0 25.9808 4
81 1 15.0 25.9808 4
500 1 -43.3013 25.0 4
499 1 -43.3013 25.0 4
497 1 -43.3013 25.0 4
496 1 -43.3013 25.0 4
495 1 -43.3013 25.0 4
494 1 -43.3013 25.0 4
493 1 -43.3013 25.0 4
492 1 -43.3013 25.0 4
491 1 -43.3013 25.0 4
1010 1 -86.6025 50.0 4
1009 1 -86.6025 50.0 4
1008 1 -86.6025 50.0 4
1006 1 -86.6025 50.0 4
1005 1 -86.6025 50.0 4
1004 1 -86.6025 50.0 4
1003 1 -86.6025 50.0 4
1002 1 -86.6025 50.0 4
1001 1 -86.6025 50.0 4
790 1 -90.0 0.0 4
789 1 -90.0 0.0 4
788 1 -90.0 0.0 4
787 1 -90.0 0.0 4
786 1 -90.0 0.0 4
785 1 -90.0 0.0 4
784 1 -90.0 0.0 4
783 1 -90.0 0.0 4
782 1 -90.0 0.0 4
781 1 -90.0 0.0 4
780 1 -80.0 0.0 4
779 1 -80.0 0.0 4
777 1 -80.0 0.0 4
776 1 -80.0 0.0 4
775 1 -80.0 0.0 4
774 1 -80.0 0.0 4
773 1 -80.0 0.0 4
772 1 -80.0 0.0 4
771 1 -80.0 0.0 4
770 1 -70.0 0.0 4
769 1 -70.0 0.0 4
768 1 -70.0 0.0 4
767 1 -70.0 0.0 4
766 1 -70.0 0.0 4
765 1 -70.0 0.0 4
762 1 -70.0 0.0 4
761 1 -70.0 0.0 4
760 1 -60.0 0.0 4
759 1 -60.0 0.0 4
757 1 -60.0 0.0 4
756 1 -60.0 0.0 4
755 1 -60.0 0.0 4
754 1 -60.0 0.0 4
753 1 -60.0 0.0 4
752 1 -60.0 0.0 4
751 1 -60.0 0.0 4
280 1 -40.0 0.0 4
279 1 -40.0 0.0 4
278 1 -40.0 0.0 4
277 1 -40.0 0.0 4
276 1 -40.0 0.0 4
275 1 -40.0 0.0 4
274 1 -40.0 0.0 4
273 1 -40.0 0.0 4
270 1 -30.0 0.0 4
269 1 -30.0 0.0 4
267 1 -30.0 0.0 4
265 1 -30.0 0.0 4
264 1 -30.0 0.0 4
263 1 -30.0 0.0 4
261 1 -30.0 0.0 4
260 1 -20.0 0.0 4
259 1 -20.0 0.0 4
258 1 -20.0 0.0 4
257 1 -20.0 0.0 4
255 1 -20.0 0.0 4
254 1 -20.0 0.0 4
251 1 -20.0 0.0 4
853 1 -45.0 -77.9423 4
852 1 -45.0 -77.9423 4
851 1 -45.0 -77.9423 4
850 1 -40.0 -69.282 4
849 1 -40.0 -69.282 4
847 1 -40.0 -69.282 4
846 1 -40.0 -69.282 4
845 1 -40.0 -69.282 4
844 1 -40.0 -69.282 4
843 1 -40.0 -69.282 4
842 1 -40.0 -69.282 4
841 1 -40.0 -69.282 4
840 1 -40.0 -69.282 4
839 1 -40.0 -69.282 4
838 1 -40.0 -69.282 4
837 1 -40.0 -69.282 4
835 1 -40.0 -69.282 4
834 1 -40.0 -69.282 4
831 1 -40.0 -69.282 4
809 1 -30.0 -51.9615 4
808 1 -30.0 -51.9615 4
807 1 -30.0 -51.9615 4
806 1 -30.0 -51.9615 4
805 1 -30.0 -51.9615 4
803 1 -30.0 -51.9615 4
802 1 -30.0 -51.9615 4
801 1 -30.0 -51.9615 4
800 1 -30.0 -51.9615 4
799 1 -30.0 -51.9615 4
798 1 -30.0 -51.9615 4
797 1 -30.0 -51.9615 4
796 1 -30.0 -51.9615 4
794 1 -30.0 -51.9615 4
792 1 -30.0 -51.9615 4
360 1 -20.0 -34.641 4
359 1 -20.0 -34.641 4
357 1 -20.0 -34.641 4
356 1 -20.0 -34.641 4
355 1 -20.0 -34.641 4
354 1 -20.0 -34.641 4
353 1 -20.0 -34.641 4
352 1 -20.0 -34.641 4
351 1 -20.0 -34.641 4
350 1 -20.0 -34.641 4
349 1 -20.0 -34.641 4
348 1 -20.0 -34.641 4
347 1 -20.0 -34.641 4
346 1 -20.0 -34.641 4
345 1 -20.0 -34.641 4
344 1 -20.0 -34.641 4
343 1 -20.0 -34.641 4
341 1 -20.0 -34.641 4
320 1 -10.0 -17.3205 4
319 1 -10.0 -17.3205 4
317 1 -10.0 -17.3205 4
315 1 -10.0 -17.3205 4
314 1 -10.0 -17.3205 4
313 1 -10.0 -17.3205 4
311 1 -10.0 -17.3205 4
310 1 -10.0 -17.3205 4
308 1 -10.0 -17.3205 4
306 1 -10.0 -17.3205 4
305 1 -10.0 -17.3205 4
304 1 -10.0 -17.3205 4
303 1 -10.0 -17.3205 4
301 1 -10.0 -17.3205 4
250 1 -10.0 0.0 4
249 1 -10.0 0.0 4
248 1 -10.0 0.0 4
246 1 -10.0 0.0 4
245 1 -10.0 0.0 4
241 1 -10.0 0.0 4
-1 0 0.0 0.0 D
1714 4 230.0 545.5341186523438 250 2147483647 232
0 0 0.0 0.0 D
300 1 -5.0 -8.6603 4
299 1 -5.0 -8.6603 4
298 1 -5.0 -8.6603 4
296 1 -5.0 -8.6603 4
294 1 -5.0 -8.6603 4
293 1 -5.0 -8.6603 4
292 1 -5.0 -8.6603 4
291 1 -5.0 -8.6603 4
290 1 -5.0 -8.6603 4
289 1 -5.0 -8.6603 4
288 1 -5.0 -8.6603 4
287 1 -5.0 -8.6603 4
286 1 -5.0 -8.6603 4
284 1 -5.0 -8.6603 4
283 1 -5.0 -8.6603 4
281 1 -5.0 -8.6603 4
340 1 -15.0 -25.9808 4
339 1 -15.0 -25.9808 4
338 1 -15.0 -25.9808 4
337 1 -15.0 -25.9808 4
336 1 -15.0 -25.9808 4
335 1 -15.0 -25.9808 4
334 1 -15.0 -25.9808 4
333 1 -15.0 -25.9808 4
332 1 -15.0 -25.9808 4
331 1 -15.0 -25.9808 4
330 1 -15.0 -25.9808 4
329 1 -15.0 -25.9808 4
327 1 -15.0 -25.9808 4
326 1 -15.0 -25.9808 4
325 1 -15.0 -25.9808 4
324 1 -15.0 -25.9808 4
322 1 -15.0 -25.9808 4
321 1 -15.0 -25.9808 4
830 1 -35.0 -60.6218 4
829 1 -35.0 -60.6218 4
827 1 -35.0 -60.6218 4
826 1 -35.0 -60.6218 4
825 1 -35.0 -60.6218 4
824 1 -35.0 -60.6218 4
822 1 -35.0 -60.6218 4
821 1 -35.0 -60.6218 4
820 1 -35.0 -60.6218 4
819 1 -35.0 -60.6218 4
818 1 -35.0 -60.6218 4
817 1 -35.0 -60.6218 4
816 1 -35.0 -60.6218 4
814 1 -35.0 -60.6218 4
812 1 -35.0 -60.6218 4
811 1 -35.0 -60.6218 4
870 1 -45.0 -77.9423 4
869 1 -45.0 -77.9423 4
868 1 -45.0 -77.9423 4
867 1 -45.0 -77.9423 4
866 1 -45.0 -77.9423 4
865 1 -45.0 -77.9423 4
864 1 -45.0 -77.9423 4
863 1 -45.0 -77.9423 4
860 1 -45.0 -77.9423 4
859 1 -45.0 -77.9423 4
858 1 -45.0 -77.9423 4
857 1 -45.0 -77.9423 4
856 1 -45.0 -77.9423 4
855 1 -45.0 -77.9423 4
854 1 -45.0 -77.9423 4
1020 1 0.0 -100.0 4
1019 1 0.0 -100.0 4
1018 1 0.0 -100.0 4
1017 1 0.0 -100.0 4
1015 1 0.0 -100.0 4
1014 1 0.0 -100.0 4
1013 1 0.0 -100.0 4
1012 1 0.0 -100.0 4
1011 1 0.0 -100.0 4
509 1 0.0 -50.0 4
508 1 0.0 -50.0 4
507 1 0.0 -50.0 4
505 1 0.0 -50.0 4
503 1 0.0 -50.0 4
502 1 0.0 -50.0 4
501 1 0.0 -50.0 4
12 1 20.0 0.0 4
13 1 20.0 0.0 4
15 1 20.0 0.0 4
16 1 20.0 0.0 4
17 1 20.0 0.0 4
20 1 20.0 0.0 4
22 1 30.0 0.0 4
23 1 30.0 0.0 4
24 1 30.0 0.0 4
25 1 30.0 0.0 4
26 1 30.0 0.0 4
27 1 30.0 0.0 4
28 1 30.0 0.0 4
30 1 30.0 0.0 4
32 1 40.0 0.0 4
34 1 40.0 0.0 4
35 1 40.0 0.0 4
36 1 40.0 0.0 4
37 1 40.0 0.0 4
39 1 40.0 0.0 4
481 1 43.3013 25.0 4
482 1 43.3013 25.0 4
484 1 43.3013 25.0 4
485 1 43.3013 25.0 4
486 1 43.3013 25.0 4
487 1 43.3013 25.0 4
488 1 43.3013 25.0 4
489 1 43.3013 25.0 4
511 1 60.0 0.0 4
512 1 60.0 0.0 4
513 1 60.0 0.0 4
514 1 60.0 0.0 4
515 1 60.0 0.0 4
516 1 60.0 0.0 4
517 1 60.0 0.0 4
519 1 60.0 0.0 4
520 1 60.0 0.0 4
521 1 70.0 0.0 4
524 1 70.0 0.0 4
525 1 70.0 0.0 4
526 1 70.0 0.0 4
528 1 70.0 0.0 4
529 1 70.0 0.0 4
531 1 80.0 0.0 4
532 1 80.0 0.0 4
534 1 80.0 0.0 4
536 1 80.0 0.0 4
537 1 80.0 0.0 4
539 1 80.0 0.0 4
540 1 80.0 0.0 4
541 1 90.0 0.0 4
542 1 90.0 0.0 4
543 1 90.0 0.0 4
544 1 90.0 0.0 4
545 1 90.0 0.0 4
546 1 90.0 0.0 4
548 1 90.0 0.0 4
549 1 90.0 0.0 4
550 1 90.0 0.0 4
991 1 86.6025 50.0 4
992 1 86.6025 50.0 4
993 1 86.6025 50.0 4
994 1 86.6025 50.0 4
996 1 86.6025 50.0 4
999 1 86.6025 50.0 4
1000 1 86.6025 50.0 4
611 1 45.0 77.9423 4
612 1 45.0 77.9423 4
613 1 45.0 77.9423 4
615 1 45.0 77.9423 4
617 1 45.0 77.9423 4
618 1 45.0 77.9423 4
619 1 45.0 77.9423 4
620 1 45.0 77.9423 4
621 1 45.0 77.9423 4
622 1 45.0 77.9423 4
623 1 45.0 77.9423 4
625 1 45.0 77.9423 4
626 1 45.0 77.9423 4
627 1 45.0 77.9423 4
628 1 45.0 77.9423 4
629 1 45.0 77.9423 4
630 1 45.0 77.9423 4
592 1 40.0 69.282 4
595 1 40.0 69.282 4
596 1 40.0 69.282 4
597 1 40.0 69.282 4
598 1 40.0 69.282 4
600 1 40.0 69.282 4
603 1 40.0 69.282 4
604 1 40.0 69.282 4
605 1 40.0 69.282 4
607 1 40.0 69.282 4
608 1 40.0 69.282 4
609 1 40.0 69.282 4
610 1 40.0 69.282 4
571 1 35.0 60.6218 4
572 1 35.0 60.6218 4
573 1 35.0 60.6218 4
574 1 35.0 60.6218 4
575 1 35.0 60.6218 4
576 1 35.0 60.6218 4
577 1 35.0 60.6218 4
578 1 35.0 60.6218 4
579 1 35.0 60.6218 4
580 1 35.0 60.6218 4
582 1 35.0 60.6218 4
587 1 35.0 60.6218 4
588 1 35.0 60.6218 4
589 1 35.0 60.6218 4
590 1 35.0 60.6218 4
551 1 30.0 51.9615 4
552 1 30.0 51.9615 4
554 1 30.0 51.9615 4
555 1 30.0 51.9615 4
556 1 30.0 51.9615 4
557 1 30.0 51.9615 4
559 1 30.0 51.9615 4
561 1 30.0 51.9615 4
563 1 30.0 51.9615 4
564 1 30.0 51.9615 4
565 1 30.0 51.9615 4
566 1 30.0 51.9615 4
569 1 30.0 51.9615 4
101 1 20.0 34.641 4
102 1 20.0 34.641 4
103 1 20.0 34.641 4
104 1 20.0 34.641 4
105 1 20.0 34.641 4
106 1 20.0 34.641 4
107 1 20.0 34.641 4
109 1 20.0 34.641 4
111 1 20.0 34.641 4
112 1 20.0 34.641 4
113 1 20.0 34.641 4
115 1 20.0 34.641 4
116 1 20.0 34.641 4
117 1 20.0 34.641 4
118 1 20.0 34.641 4
120 1 20.0 34.641 4
1 1 10.0 0.0 4
2 1 10.0 0.0 4
3 1 10.0 0.0 4
4 1 10.0 0.0 4
6 1 10.0 0.0 4
7 1 10.0 0.0 4
8 1 10.0 0.0 4
9 1 10.0 0.0 4
10 1 10.0 0.0 4
-1 0 0.0 0.0 D
1715 2 59.0 200.00010681152344 60 2147483647 61
0 0 0.0 0.0 D
930 1 35.0 -60.6218 2
929 1 35.0 -60.6218 2
928 1 35.0 -60.6218 2
926 1 35.0 -60.6218 2
924 1 35.0 -60.6218 2
923 1 35.0 -60.6218 2
922 1 35.0 -60.6218 2
920 1 35.0 -60.6218 2
919 1 35.0 -60.6218 2
917 1 35.0 -60.6218 2
916 1 35.0 -60.6218 2
914 1 35.0 -60.6218 2
913 1 35.0 -60.6218 2
911 1 35.0 -60.6218 2
910 1 35.0 -60.6218 2
909 1 35.0 -60.6218 2
908 1 35.0 -60.6218 2
907 1 35.0 -60.6218 2
906 1 35.0 -60.6218 2
905 1 35.0 -60.6218 2
904 1 35.0 -60.6218 2
903 1 35.0 -60.6218 2
902 1 35.0 -60.6218 2
877 1 30.0 -51.9615 2
876 1 30.0 -51.9615 2
875 1 30.0 -51.9615 2
874 1 30.0 -51.9615 2
871 1 30.0 -51.9615 2
990 1 45.0 -77.9423 2
989 1 45.0 -77.9423 2
988 1 45.0 -77.9423 2
987 1 45.0 -77.9423 2
986 1 45.0 -77.9423 2
985 1 45.0 -77.9423 2
984 1 45.0 -77.9423 2
480 1 20.0 -34.641 2
479 1 20.0 -34.641 2
478 1 20.0 -34.641 2
477 1 20.0 -34.641 2
475 1 20.0 -34.641 2
474 1 20.0 -34.641 2
473 1 20.0 -34.641 2
471 1 20.0 -34.641 2
470 1 20.0 -34.641 2
469 1 20.0 -34.641 2
468 1 20.0 -34.641 2
467 1 20.0 -34.641 2
466 1 20.0 -34.641 2
465 1 20.0 -34.641 2
464 1 20.0 -34.641 2
461 1 20.0 -34.641 2
459 1 20.0 -34.641 2
458 1 20.0 -34.641 2
457 1 20.0 -34.641 2
456 1 20.0 -34.641 2
455 1 20.0 -34.641 2
453 1 20.0 -34.641 2
452 1 20.0 -34.641 2
451 1 20.0 -34.641 2
-1 0 0.0 0.0 D
1716 2 58.0 180.00001525878906 60 2147483647 60
0 0 0.0 0.0 D
983 1 45.0 -77.9423 2
982 1 45.0 -77.9423 2
981 1 45.0 -77.9423 2
978 1 45.0 -77.9423 2
977 1 45.0 -77.9423 2
975 1 45.0 -77.9423 2
974 1 45.0 -77.9423 2
973 1 45.0 -77.9423 2
972 1 45.0 -77.9423 2
971 1 45.0 -77.9423 2
969 1 45.0 -77.9423 2
968 1 45.0 -77.9423 2
967 1 45.0 -77.9423 2
966 1 45.0 -77.9423 2
965 1 45.0 -77.9423 2
964 1 45.0 -77.9423 2
962 1 45.0 -77.9423 2
960 1 40.0 -69.282 2
959 1 40.0 -69.282 2
958 1 40.0 -69.282 2
957 1 40.0 -69.282 2
956 1 40.0 -69.282 2
955 1 40.0 -69.282 2
953 1 40.0 -69.282 2
952 1 40.0 -69.282 2
951 1 40.0 -69.282 2
950 1 40.0 -69.282 2
948 1 40.0 -69.282 2
947 1 40.0 -69.282 2
946 1 40.0 -69.282 2
945 1 40.0 -69.282 2
944 1 40.0 -69.282 2
943 1 40.0 -69.282 2
942 1 40.0 -69.282 2
941 1 40.0 -69.282 2
939 1 40.0 -69.282 2
938 1 40.0 -69.282 2
937 1 40.0 -69.282 2
936 1 40.0 -69.282 2
935 1 40.0 -69.282 2
934 1 40.0 -69.282 2
933 1 40.0 -69.282 2
931 1 40.0 -69.282 2
900 1 30.0 -51.9615 2
899 1 30.0 -51.9615 2
898 1 30.0 -51.9615 2
897 1 30.0 -51.9615 2
894 1 30.0 -51.9615 2
893 1 30.0 -51.9615 2
891 1 30.0 -51.9615 2
889 1 30.0 -51.9615 2
888 1 30.0 -51.9615 2
885 1 30.0 -51.9615 2
884 1 30.0 -51.9615 2
881 1 30.0 -51.9615 2
880 1 30.0 -51.9615 2
879 1 30.0 -51.9615 2
878 1 30.0 -51.9615 2
-1 0 0.0 0.0 D
1724 1 59.0 280.2305908203125 60 2147483647 61
0 0 0.0 0.0 D
282 1 -5.0 -8.6603 1
285 1 -5.0 -8.6603 1
295 1 -5.0 -8.6603 1
297 1 -5.0 -8.6603 1
342 1 -20.0 -34.641 1
358 1 -20.0 -34.641 1
791 1 -30.0 -51.9615 1
793 1 -30.0 -51.9615 1
795 1 -30.0 -51.9615 1
804 1 -30.0 -51.9615 1
810 1 -30.0 -51.9615 1
813 1 -35.0 -60.6218 1
815 1 -35.0 -60.6218 1
823 1 -35.0 -60.6218 1
828 1 -35.0 -60.6218 1
832 1 -40.0 -69.282 1
833 1 -40.0 -69.282 1
836 1 -40.0 -69.282 1
848 1 -40.0 -69.282 1
861 1 -45.0 -77.9423 1
862 1 -45.0 -77.9423 1
1016 1 0.0 -100.0 1
961 1 45.0 -77.9423 1
963 1 45.0 -77.9423 1
970 1 45.0 -77.9423 1
976 1 45.0 -77.9423 1
979 1 45.0 -77.9423 1
980 1 45.0 -77.9423 1
901 1 35.0 -60.6218 1
912 1 35.0 -60.6218 1
915 1 35.0 -60.6218 1
918 1 35.0 -60.6218 1
921 1 35.0 -60.6218 1
925 1 35.0 -60.6218 1
927 1 35.0 -60.6218 1
454 1 20.0 -34.641 1
460 1 20.0 -34.641 1
462 1 20.0 -34.641 1
463 1 20.0 -34.641 1
422 1 15.0 -25.9808 1
423 1 15.0 -25.9808 1
424 1 15.0 -25.9808 1
431 1 15.0 -25.9808 1
435 1 15.0 -25.9808 1
444 1 15.0 -25.9808 1
392 1 10.0 -17.3205 1
405 1 10.0 -17.3205 1
409 1 10.0 -17.3205 1
411 1 10.0 -17.3205 1
413 1 10.0 -17.3205 1
415 1 10.0 -17.3205 1
418 1 10.0 -17.3205 1
361 1 5.0 -8.6603 1
367 1 5.0 -8.6603 1
370 1 5.0 -8.6603 1
371 1 5.0 -8.6603 1
380 1 5.0 -8.6603 1
382 1 5.0 -8.6603 1
386 1 5.0 -8.6603 1
-1 0 0.0 0.0 D
