1020
1 4 1 10.0 0.0 1
2 4 1 10.0 0.0 1
3 4 1 10.0 0.0 1
4 4 1 10.0 0.0 1
5 2 1 10.0 0.0 1
6 4 1 10.0 0.0 1
7 4 1 10.0 0.0 1
8 4 1 10.0 0.0 1
9 4 1 10.0 0.0 1
10 4 1 10.0 0.0 1
11 2 1 20.0 0.0 2
12 4 1 20.0 0.0 2
13 4 1 20.0 0.0 2
14 2 1 20.0 0.0 2
15 4 1 20.0 0.0 2
16 4 1 20.0 0.0 2
17 4 1 20.0 0.0 2
18 2 1 20.0 0.0 2
19 2 1 20.0 0.0 2
20 4 1 20.0 0.0 2
21 2 1 30.0 0.0 3
22 4 1 30.0 0.0 3
23 4 1 30.0 0.0 3
24 4 1 30.0 0.0 3
25 4 1 30.0 0.0 3
26 4 1 30.0 0.0 3
27 4 1 30.0 0.0 3
28 4 1 30.0 0.0 3
29 2 1 30.0 0.0 3
30 4 1 30.0 0.0 3
31 2 1 40.0 0.0 4
32 4 1 40.0 0.0 4
33 2 1 40.0 0.0 4
34 4 1 40.0 0.0 4
35 4 1 40.0 0.0 4
36 4 1 40.0 0.0 4
37 4 1 40.0 0.0 4
38 2 1 40.0 0.0 4
39 4 1 40.0 0.0 4
40 2 1 40.0 0.0 4
41 4 1 5.0 8.6603 5
42 4 1 5.0 8.6603 5
43 1 1 5.0 8.6603 5
44 4 1 5.0 8.6603 5
45 4 1 5.0 8.6603 5
46 4 1 5.0 8.6603 5
47 4 1 5.0 8.6603 5
48 4 1 5.0 8.6603 5
49 1 1 5.0 8.6603 5
50 4 1 5.0 8.6603 5
51 4 1 5.0 8.6603 5
52 4 1 5.0 8.6603 5
53 1 1 5.0 8.6603 5
54 4 1 5.0 8.6603 5
55 4 1 5.0 8.6603 5
56 4 1 5.0 8.6603 5
57 4 1 5.0 8.6603 5
58 4 1 5.0 8.6603 5
59 4 1 5.0 8.6603 5
60 4 1 5.0 8.6603 5
61 4 1 10.0 17.3205 6
62 4 1 10.0 17.3205 6
63 4 1 10.0 17.3205 6
64 4 1 10.0 17.3205 6
65 4 1 10.0 17.3205 6
66 4 1 10.0 17.3205 6
67 4 1 10.0 17.3205 6
68 4 1 10.0 17.3205 6
69 1 1 10.0 17.3205 6
70 4 1 10.0 17.3205 6
71 4 1 10.0 17.3205 6
72 4 1 10.0 17.3205 6
73 4 1 10.0 17.3205 6
74 1 1 10.0 17.3205 6
75 4 1 10.0 17.3205 6
76 4 1 10.0 17.3205 6
77 4 1 10.0 17.3205 6
78 4 1 10.0 17.3205 6
79 4 1 10.0 17.3205 6
80 1 1 10.0 17.3205 6
81 4 1 15.0 25.9808 7
82 4 1 15.0 25.9808 7
83 4 1 15.0 25.9808 7
84 1 1 15.0 25.9808 7
85 4 1 15.0 25.9808 7
86 4 1 15.0 25.9808 7
87 4 1 15.0 25.9808 7
88 4 1 15.0 25.9808 7
89 4 1 15.0 25.9808 7
90 4 1 15.0 25.9808 7
91 4 1 15.0 25.9808 7
92 4 1 15.0 25.9808 7
93 4 1 15.0 25.9808 7
94 1 1 15.0 25.9808 7
95 4 1 15.0 25.9808 7
96 4 1 15.0 25.9808 7
97 4 1 15.0 25.9808 7
98 1 1 15.0 25.9808 7
99 4 1 15.0 25.9808 7
100 4 1 15.0 25.9808 7
101 4 1 20.0 34.641 8
102 4 1 20.0 34.641 8
103 4 1 20.0 34.641 8
104 4 1 20.0 34.641 8
105 4 1 20.0 34.641 8
106 4 1 20.0 34.641 8
107 4 1 20.0 34.641 8
108 1 1 20.0 34.641 8
109 4 1 20.0 34.641 8
110 1 1 20.0 34.641 8
111 4 1 20.0 34.641 8
112 4 1 20.0 34.641 8
113 4 1 20.0 34.641 8
114 1 1 20.0 34.641 8
115 4 1 20.0 34.641 8
116 4 1 20.0 34.641 8
117 4 1 20.0 34.641 8
118 4 1 20.0 34.641 8
119 1 1 20.0 34.641 8
120 4 1 20.0 34.641 8
121 2 1 -5.0 8.6603 9
122 2 1 -5.0 8.6603 9
123 2 1 -5.0 8.6603 9
124 2 1 -5.0 8.6603 9
125 2 1 -5.0 8.6603 9
126 2 1 -5.0 8.6603 9
127 2 1 -5.0 8.6603 9
128 2 1 -5.0 8.6603 9
129 2 1 -5.0 8.6603 9
130 2 1 -5.0 8.6603 9
131 2 1 -5.0 8.6603 9
132 2 1 -5.0 8.6603 9
133 2 1 -5.0 8.6603 9
134 1 1 -5.0 8.6603 9
135 2 1 -5.0 8.6603 9
136 1 1 -5.0 8.6603 9
137 2 1 -5.0 8.6603 9
138 2 1 -5.0 8.6603 9
139 2 1 -5.0 8.6603 9
140 2 1 -5.0 8.6603 9
141 2 1 -5.0 8.6603 9
142 1 1 -5.0 8.6603 9
143 1 1 -5.0 8.6603 9
144 2 1 -5.0 8.6603 9
145 2 1 -5.0 8.6603 9
146 2 1 -5.0 8.6603 9
147 1 1 -5.0 8.6603 9
148 2 1 -5.0 8.6603 9
149 2 1 -5.0 8.6603 9
150 2 1 -5.0 8.6603 9
151 2 1 -10.0 17.3205 10
152 2 1 -10.0 17.3205 10
153 2 1 -10.0 17.3205 10
154 1 1 -10.0 17.3205 10
155 2 1 -10.0 17.3205 10
156 2 1 -10.0 17.3205 10
157 2 1 -10.0 17.3205 10
158 2 1 -10.0 17.3205 10
159 2 1 -10.0 17.3205 10
160 2 1 -10.0 17.3205 10
161 1 1 -10.0 17.3205 10
162 2 1 -10.0 17.3205 10
163 2 1 -10.0 17.3205 10
164 2 1 -10.0 17.3205 10
165 2 1 -10.0 17.3205 10
166 2 1 -10.0 17.3205 10
167 2 1 -10.0 17.3205 10
168 2 1 -10.0 17.3205 10
169 2 1 -10.0 17.3205 10
170 2 1 -10.0 17.3205 10
171 2 1 -10.0 17.3205 10
172 2 1 -10.0 17.3205 10
173 2 1 -10.0 17.3205 10
174 2 1 -10.0 17.3205 10
175 2 1 -10.0 17.3205 10
176 2 1 -10.0 17.3205 10
177 2 1 -10.0 17.3205 10
178 1 1 -10.0 17.3205 10
179 2 1 -10.0 17.3205 10
180 2 1 -10.0 17.3205 10
181 2 1 -15.0 25.9808 11
182 2 1 -15.0 25.9808 11
183 1 1 -15.0 25.9808 11
184 2 1 -15.0 25.9808 11
185 2 1 -15.0 25.9808 11
186 2 1 -15.0 25.9808 11
187 2 1 -15.0 25.9808 11
188 2 1 -15.0 25.9808 11
189 2 1 -15.0 25.9808 11
190 2 1 -15.0 25.9808 11
191 1 1 -15.0 25.9808 11
192 1 1 -15.0 25.9808 11
193 2 1 -15.0 25.9808 11
194 2 1 -15.0 25.9808 11
195 1 1 -15.0 25.9808 11
196 1 1 -15.0 25.9808 11
197 2 1 -15.0 25.9808 11
198 2 1 -15.0 25.9808 11
199 2 1 -15.0 25.9808 11
200 2 1 -15.0 25.9808 11
201 2 1 -15.0 25.9808 11
202 2 1 -15.0 25.9808 11
203 2 1 -15.0 25.9808 11
204 2 1 -15.0 25.9808 11
205 1 1 -15.0 25.9808 11
206 2 1 -15.0 25.9808 11
207 2 1 -15.0 25.9808 11
208 1 1 -15.0 25.9808 11
209 2 1 -15.0 25.9808 11
210 1 1 -15.0 25.9808 11
211 2 1 -20.0 34.641 12
212 2 1 -20.0 34.641 12
213 2 1 -20.0 34.641 12
214 1 1 -20.0 34.641 12
215 2 1 -20.0 34.641 12
216 2 1 -20.0 34.641 12
217 2 1 -20.0 34.641 12
218 2 1 -20.0 34.641 12
219 2 1 -20.0 34.641 12
220 2 1 -20.0 34.641 12
221 2 1 -20.0 34.641 12
222 2 1 -20.0 34.641 12
223 2 1 -20.0 34.641 12
224 2 1 -20.0 34.641 12
225 1 1 -20.0 34.641 12
226 2 1 -20.0 34.641 12
227 1 1 -20.0 34.641 12
228 2 1 -20.0 34.641 12
229 1 1 -20.0 34.641 12
230 2 1 -20.0 34.641 12
231 2 1 -20.0 34.641 12
232 2 1 -20.0 34.641 12
233 1 1 -20.0 34.641 12
234 1 1 -20.0 34.641 12
235 2 1 -20.0 34.641 12
236 2 1 -20.0 34.641 12
237 1 1 -20.0 34.641 12
238 2 1 -20.0 34.641 12
239 2 1 -20.0 34.641 12
240 2 1 -20.0 34.641 12
241 4 1 -10.0 0.0 13
242 2 1 -10.0 0.0 13
243 2 1 -10.0 0.0 13
244 2 1 -10.0 0.0 13
245 4 1 -10.0 0.0 13
246 4 1 -10.0 0.0 13
247 2 1 -10.0 0.0 13
248 4 1 -10.0 0.0 13
249 4 1 -10.0 0.0 13
250 4 1 -10.0 0.0 13
251 4 1 -20.0 0.0 14
252 2 1 -20.0 0.0 14
253 2 1 -20.0 0.0 14
254 4 1 -20.0 0.0 14
255 4 1 -20.0 0.0 14
256 2 1 -20.0 0.0 14
257 4 1 -20.0 0.0 14
258 4 1 -20.0 0.0 14
259 4 1 -20.0 0.0 14
260 4 1 -20.0 0.0 14
261 4 1 -30.0 0.0 15
262 2 1 -30.0 0.0 15
263 4 1 -30.0 0.0 15
264 4 1 -30.0 0.0 15
265 4 1 -30.0 0.0 15
266 2 1 -30.0 0.0 15
267 4 1 -30.0 0.0 15
268 2 1 -30.0 0.0 15
269 4 1 -30.0 0.0 15
270 4 1 -30.0 0.0 15
271 2 1 -40.0 0.0 16
272 2 1 -40.0 0.0 16
273 4 1 -40.0 0.0 16
274 4 1 -40.0 0.0 16
275 4 1 -40.0 0.0 16
276 4 1 -40.0 0.0 16
277 4 1 -40.0 0.0 16
278 4 1 -40.0 0.0 16
279 4 1 -40.0 0.0 16
280 4 1 -40.0 0.0 16
281 4 1 -5.0 -8.6603 17
282 1 1 -5.0 -8.6603 17
283 4 1 -5.0 -8.6603 17
284 4 1 -5.0 -8.6603 17
285 1 1 -5.0 -8.6603 17
286 4 1 -5.0 -8.6603 17
287 4 1 -5.0 -8.6603 17
288 4 1 -5.0 -8.6603 17
289 4 1 -5.0 -8.6603 17
290 4 1 -5.0 -8.6603 17
291 4 1 -5.0 -8.6603 17
292 4 1 -5.0 -8.6603 17
293 4 1 -5.0 -8.6603 17
294 4 1 -5.0 -8.6603 17
295 1 1 -5.0 -8.6603 17
296 4 1 -5.0 -8.6603 17
297 1 1 -5.0 -8.6603 17
298 4 1 -5.0 -8.6603 17
299 4 1 -5.0 -8.6603 17
300 4 1 -5.0 -8.6603 17
301 4 1 -10.0 -17.3205 18
302 1 1 -10.0 -17.3205 18
303 4 1 -10.0 -17.3205 18
304 4 1 -10.0 -17.3205 18
305 4 1 -10.0 -17.3205 18
306 4 1 -10.0 -17.3205 18
307 1 1 -10.0 -17.3205 18
308 4 1 -10.0 -17.3205 18
309 1 1 -10.0 -17.3205 18
310 4 1 -10.0 -17.3205 18
311 4 1 -10.0 -17.3205 18
312 1 1 -10.0 -17.3205 18
313 4 1 -10.0 -17.3205 18
314 4 1 -10.0 -17.3205 18
315 4 1 -10.0 -17.3205 18
316 1 1 -10.0 -17.3205 18
317 4 1 -10.0 -17.3205 18
318 1 1 -10.0 -17.3205 18
319 4 1 -10.0 -17.3205 18
320 4 1 -10.0 -17.3205 18
321 4 1 -15.0 -25.9808 19
322 4 1 -15.0 -25.9808 19
323 1 1 -15.0 -25.9808 19
324 4 1 -15.0 -25.9808 19
325 4 1 -15.0 -25.9808 19
326 4 1 -15.0 -25.9808 19
327 4 1 -15.0 -25.9808 19
328 1 1 -15.0 -25.9808 19
329 4 1 -15.0 -25.9808 19
330 4 1 -15.0 -25.9808 19
331 4 1 -15.0 -25.9808 19
332 4 1 -15.0 -25.9808 19
333 4 1 -15.0 -25.9808 19
334 4 1 -15.0 -25.9808 19
335 4 1 -15.0 -25.9808 19
336 4 1 -15.0 -25.9808 19
337 4 1 -15.0 -25.9808 19
338 4 1 -15.0 -25.9808 19
339 4 1 -15.0 -25.9808 19
340 4 1 -15.0 -25.9808 19
341 4 1 -20.0 -34.641 20
342 1 1 -20.0 -34.641 20
343 4 1 -20.0 -34.641 20
344 4 1 -20.0 -34.641 20
345 4 1 -20.0 -34.641 20
346 4 1 -20.0 -34.641 20
347 4 1 -20.0 -34.641 20
348 4 1 -20.0 -34.641 20
349 4 1 -20.0 -34.641 20
350 4 1 -20.0 -34.641 20
351 4 1 -20.0 -34.641 20
352 4 1 -20.0 -34.641 20
353 4 1 -20.0 -34.641 20
354 4 1 -20.0 -34.641 20
355 4 1 -20.0 -34.641 20
356 4 1 -20.0 -34.641 20
357 4 1 -20.0 -34.641 20
358 1 1 -20.0 -34.641 20
359 4 1 -20.0 -34.641 20
360 4 1 -20.0 -34.641 20
361 1 1 5.0 -8.6603 21
362 2 1 5.0 -8.6603 21
363 2 1 5.0 -8.6603 21
364 2 1 5.0 -8.6603 21
365 2 1 5.0 -8.6603 21
366 2 1 5.0 -8.6603 21
367 1 1 5.0 -8.6603 21
368 2 1 5.0 -8.6603 21
369 2 1 5.0 -8.6603 21
370 1 1 5.0 -8.6603 21
371 1 1 5.0 -8.6603 21
372 2 1 5.0 -8.6603 21
373 2 1 5.0 -8.6603 21
374 2 1 5.0 -8.6603 21
375 2 1 5.0 -8.6603 21
376 2 1 5.0 -8.6603 21
377 2 1 5.0 -8.6603 21
378 2 1 5.0 -8.6603 21
379 2 1 5.0 -8.6603 21
380 1 1 5.0 -8.6603 21
381 2 1 5.0 -8.6603 21
382 1 1 5.0 -8.6603 21
383 2 1 5.0 -8.6603 21
384 2 1 5.0 -8.6603 21
385 2 1 5.0 -8.6603 21
386 1 1 5.0 -8.6603 21
387 2 1 5.0 -8.6603 21
388 2 1 5.0 -8.6603 21
389 2 1 5.0 -8.6603 21
390 2 1 5.0 -8.6603 21
391 2 1 10.0 -17.3205 22
392 1 1 10.0 -17.3205 22
393 2 1 10.0 -17.3205 22
394 2 1 10.0 -17.3205 22
395 2 1 10.0 -17.3205 22
396 2 1 10.0 -17.3205 22
397 2 1 10.0 -17.3205 22
398 2 1 10.0 -17.3205 22
399 2 1 10.0 -17.3205 22
400 2 1 10.0 -17.3205 22
401 2 1 10.0 -17.3205 22
402 2 1 10.0 -17.3205 22
403 2 1 10.0 -17.3205 22
404 2 1 10.0 -17.3205 22
405 1 1 10.0 -17.3205 22
406 2 1 10.0 -17.3205 22
407 2 1 10.0 -17.3205 22
408 2 1 10.0 -17.3205 22
409 1 1 10.0 -17.3205 22
410 2 1 10.0 -17.3205 22
411 1 1 10.0 -17.3205 22
412 2 1 10.0 -17.3205 22
413 1 1 10.0 -17.3205 22
414 2 1 10.0 -17.3205 22
415 1 1 10.0 -17.3205 22
416 2 1 10.0 -17.3205 22
417 2 1 10.0 -17.3205 22
418 1 1 10.0 -17.3205 22
419 2 1 10.0 -17.3205 22
420 2 1 10.0 -17.3205 22
421 2 1 15.0 -25.9808 23
422 1 1 15.0 -25.9808 23
423 1 1 15.0 -25.9808 23
424 1 1 15.0 -25.9808 23
425 2 1 15.0 -25.9808 23
426 2 1 15.0 -25.9808 23
427 2 1 15.0 -25.9808 23
428 2 1 15.0 -25.9808 23
429 2 1 15.0 -25.9808 23
430 2 1 15.0 -25.9808 23
431 1 1 15.0 -25.9808 23
432 2 1 15.0 -25.9808 23
433 2 1 15.0 -25.9808 23
434 2 1 15.0 -25.9808 23
435 1 1 15.0 -25.9808 23
436 2 1 15.0 -25.9808 23
437 2 1 15.0 -25.9808 23
438 2 1 15.0 -25.9808 23
439 2 1 15.0 -25.9808 23
440 2 1 15.0 -25.9808 23
441 2 1 15.0 -25.9808 23
442 2 1 15.0 -25.9808 23
443 2 1 15.0 -25.9808 23
444 1 1 15.0 -25.9808 23
445 2 1 15.0 -25.9808 23
446 2 1 15.0 -25.9808 23
447 2 1 15.0 -25.9808 23
448 2 1 15.0 -25.9808 23
449 2 1 15.0 -25.9808 23
450 2 1 15.0 -25.9808 23
451 2 1 20.0 -34.641 24
452 2 1 20.0 -34.641 24
453 2 1 20.0 -34.641 24
454 1 1 20.0 -34.641 24
455 2 1 20.0 -34.641 24
456 2 1 20.0 -34.641 24
457 2 1 20.0 -34.641 24
458 2 1 20.0 -34.641 24
459 2 1 20.0 -34.641 24
460 1 1 20.0 -34.641 24
461 2 1 20.0 -34.641 24
462 1 1 20.0 -34.641 24
463 1 1 20.0 -34.641 24
464 2 1 20.0 -34.641 24
465 2 1 20.0 -34.641 24
466 2 1 20.0 -34.641 24
467 2 1 20.0 -34.641 24
468 2 1 20.0 -34.641 24
469 2 1 20.0 -34.641 24
470 2 1 20.0 -34.641 24
471 2 1 20.0 -34.641 24
472 1 1 20.0 -34.641 24
473 2 1 20.0 -34.641 24
474 2 1 20.0 -34.641 24
475 2 1 20.0 -34.641 24
476 1 1 20.0 -34.641 24
477 2 1 20.0 -34.641 24
478 2 1 20.0 -34.641 24
479 2 1 20.0 -34.641 24
480 2 1 20.0 -34.641 24
481 4 1 43.3013 25.0 25
482 4 1 43.3013 25.0 25
483 2 1 43.3013 25.0 25
484 4 1 43.3013 25.0 25
485 4 1 43.3013 25.0 25
486 4 1 43.3013 25.0 25
487 4 1 43.3013 25.0 25
488 4 1 43.3013 25.0 25
489 4 1 43.3013 25.0 25
490 1 1 43.3013 25.0 25
491 4 1 -43.3013 25.0 26
492 4 1 -43.3013 25.0 26
493 4 1 -43.3013 25.0 26
494 4 1 -43.3013 25.0 26
495 4 1 -43.3013 25.0 26
496 4 1 -43.3013 25.0 26
497 4 1 -43.3013 25.0 26
498 2 1 -43.3013 25.0 26
499 4 1 -43.3013 25.0 26
500 4 1 -43.3013 25.0 26
501 4 1 0.0 -50.0 27
502 4 1 0.0 -50.0 27
503 4 1 0.0 -50.0 27
504 2 1 0.0 -50.0 27
505 4 1 0.0 -50.0 27
506 2 1 0.0 -50.0 27
507 4 1 0.0 -50.0 27
508 4 1 0.0 -50.0 27
509 4 1 0.0 -50.0 27
510 1 1 0.0 -50.0 27
511 4 1 60.0 0.0 28
512 4 1 60.0 0.0 28
513 4 1 60.0 0.0 28
514 4 1 60.0 0.0 28
515 4 1 60.0 0.0 28
516 4 1 60.0 0.0 28
517 4 1 60.0 0.0 28
518 2 1 60.0 0.0 28
519 4 1 60.0 0.0 28
520 4 1 60.0 0.0 28
521 4 1 70.0 0.0 29
522 2 1 70.0 0.0 29
523 2 1 70.0 0.0 29
524 4 1 70.0 0.0 29
525 4 1 70.0 0.0 29
526 4 1 70.0 0.0 29
527 2 1 70.0 0.0 29
528 4 1 70.0 0.0 29
529 4 1 70.0 0.0 29
530 2 1 70.0 0.0 29
531 4 1 80.0 0.0 30
532 4 1 80.0 0.0 30
533 2 1 80.0 0.0 30
534 4 1 80.0 0.0 30
535 2 1 80.0 0.0 30
536 4 1 80.0 0.0 30
537 4 1 80.0 0.0 30
538 2 1 80.0 0.0 30
539 4 1 80.0 0.0 30
540 4 1 80.0 0.0 30
541 4 1 90.0 0.0 31
542 4 1 90.0 0.0 31
543 4 1 90.0 0.0 31
544 4 1 90.0 0.0 31
545 4 1 90.0 0.0 31
546 4 1 90.0 0.0 31
547 2 1 90.0 0.0 31
548 4 1 90.0 0.0 31
549 4 1 90.0 0.0 31
550 4 1 90.0 0.0 31
551 4 1 30.0 51.9615 32
552 4 1 30.0 51.9615 32
553 1 1 30.0 51.9615 32
554 4 1 30.0 51.9615 32
555 4 1 30.0 51.9615 32
556 4 1 30.0 51.9615 32
557 4 1 30.0 51.9615 32
558 1 1 30.0 51.9615 32
559 4 1 30.0 51.9615 32
560 1 1 30.0 51.9615 32
561 4 1 30.0 51.9615 32
562 1 1 30.0 51.9615 32
563 4 1 30.0 51.9615 32
564 4 1 30.0 51.9615 32
565 4 1 30.0 51.9615 32
566 4 1 30.0 51.9615 32
567 1 1 30.0 51.9615 32
568 1 1 30.0 51.9615 32
569 4 1 30.0 51.9615 32
570 1 1 30.0 51.9615 32
571 4 1 35.0 60.6218 33
572 4 1 35.0 60.6218 33
573 4 1 35.0 60.6218 33
574 4 1 35.0 60.6218 33
575 4 1 35.0 60.6218 33
576 4 1 35.0 60.6218 33
577 4 1 35.0 60.6218 33
578 4 1 35.0 60.6218 33
579 4 1 35.0 60.6218 33
580 4 1 35.0 60.6218 33
581 1 1 35.0 60.6218 33
582 4 1 35.0 60.6218 33
583 1 1 35.0 60.6218 33
584 1 1 35.0 60.6218 33
585 1 1 35.0 60.6218 33
586 1 1 35.0 60.6218 33
587 4 1 35.0 60.6218 33
588 4 1 35.0 60.6218 33
589 4 1 35.0 60.6218 33
590 4 1 35.0 60.6218 33
591 1 1 40.0 69.282 34
592 4 1 40.0 69.282 34
593 1 1 40.0 69.282 34
594 1 1 40.0 69.282 34
595 4 1 40.0 69.282 34
596 4 1 40.0 69.282 34
597 4 1 40.0 69.282 34
598 4 1 40.0 69.282 34
599 1 1 40.0 69.282 34
600 4 1 40.0 69.282 34
601 1 1 40.0 69.282 34
602 1 1 40.0 69.282 34
603 4 1 40.0 69.282 34
604 4 1 40.0 69.282 34
605 4 1 40.0 69.282 34
606 1 1 40.0 69.282 34
607 4 1 40.0 69.282 34
608 4 1 40.0 69.282 34
609 4 1 40.0 69.282 34
610 4 1 40.0 69.282 34
611 4 1 45.0 77.9423 35
612 4 1 45.0 77.9423 35
613 4 1 45.0 77.9423 35
614 1 1 45.0 77.9423 35
615 4 1 45.0 77.9423 35
616 1 1 45.0 77.9423 35
617 4 1 45.0 77.9423 35
618 4 1 45.0 77.9423 35
619 4 1 45.0 77.9423 35
620 4 1 45.0 77.9423 35
621 4 1 45.0 77.9423 35
622 4 1 45.0 77.9423 35
623 4 1 45.0 77.9423 35
624 1 1 45.0 77.9423 35
625 4 1 45.0 77.9423 35
626 4 1 45.0 77.9423 35
627 4 1 45.0 77.9423 35
628 4 1 45.0 77.9423 35
629 4 1 45.0 77.9423 35
630 4 1 45.0 77.9423 35
631 1 1 -30.0 51.9615 36
632 2 1 -30.0 51.9615 36
633 2 1 -30.0 51.9615 36
634 1 1 -30.0 51.9615 36
635 2 1 -30.0 51.9615 36
636 2 1 -30.0 51.9615 36
637 2 1 -30.0 51.9615 36
638 1 1 -30.0 51.9615 36
639 1 1 -30.0 51.9615 36
640 2 1 -30.0 51.9615 36
641 2 1 -30.0 51.9615 36
642 2 1 -30.0 51.9615 36
643 2 1 -30.0 51.9615 36
644 2 1 -30.0 51.9615 36
645 2 1 -30.0 51.9615 36
646 2 1 -30.0 51.9615 36
647 2 1 -30.0 51.9615 36
648 2 1 -30.0 51.9615 36
649 1 1 -30.0 51.9615 36
650 2 1 -30.0 51.9615 36
651 2 1 -30.0 51.9615 36
652 2 1 -30.0 51.9615 36
653 1 1 -30.0 51.9615 36
654 1 1 -30.0 51.9615 36
655 2 1 -30.0 51.9615 36
656 2 1 -30.0 51.9615 36
657 2 1 -30.0 51.9615 36
658 2 1 -30.0 51.9615 36
659 2 1 -30.0 51.9615 36
660 2 1 -30.0 51.9615 36
661 2 1 -35.0 60.6218 37
662 2 1 -35.0 60.6218 37
663 1 1 -35.0 60.6218 37
664 2 1 -35.0 60.6218 37
665 2 1 -35.0 60.6218 37
666 1 1 -35.0 60.6218 37
667 2 1 -35.0 60.6218 37
668 1 1 -35.0 60.6218 37
669 2 1 -35.0 60.6218 37
670 2 1 -35.0 60.6218 37
671 2 1 -35.0 60.6218 37
672 2 1 -35.0 60.6218 37
673 2 1 -35.0 60.6218 37
674 1 1 -35.0 60.6218 37
675 2 1 -35.0 60.6218 37
676 1 1 -35.0 60.6218 37
677 2 1 -35.0 60.6218 37
678 2 1 -35.0 60.6218 37
679 2 1 -35.0 60.6218 37
680 2 1 -35.0 60.6218 37
681 2 1 -35.0 60.6218 37
682 2 1 -35.0 60.6218 37
683 2 1 -35.0 60.6218 37
684 2 1 -35.0 60.6218 37
685 2 1 -35.0 60.6218 37
686 2 1 -35.0 60.6218 37
687 1 1 -35.0 60.6218 37
688 2 1 -35.0 60.6218 37
689 1 1 -35.0 60.6218 37
690 2 1 -35.0 60.6218 37
691 2 1 -40.0 69.282 38
692 2 1 -40.0 69.282 38
693 2 1 -40.0 69.282 38
694 1 1 -40.0 69.282 38
695 2 1 -40.0 69.282 38
696 2 1 -40.0 69.282 38
697 2 1 -40.0 69.282 38
698 2 1 -40.0 69.282 38
699 2 1 -40.0 69.282 38
700 1 1 -40.0 69.282 38
701 2 1 -40.0 69.282 38
702 2 1 -40.0 69.282 38
703 1 1 -40.0 69.282 38
704 2 1 -40.0 69.282 38
705 2 1 -40.0 69.282 38
706 2 1 -40.0 69.282 38
707 2 1 -40.0 69.282 38
708 2 1 -40.0 69.282 38
709 1 1 -40.0 69.282 38
710 1 1 -40.0 69.282 38
711 2 1 -40.0 69.282 38
712 1 1 -40.0 69.282 38
713 1 1 -40.0 69.282 38
714 2 1 -40.0 69.282 38
715 2 1 -40.0 69.282 38
716 2 1 -40.0 69.282 38
717 1 1 -40.0 69.282 38
718 2 1 -40.0 69.282 38
719 2 1 -40.0 69.282 38
720 2 1 -40.0 69.282 38
721 2 1 -45.0 77.9423 39
722 2 1 -45.0 77.9423 39
723 2 1 -45.0 77.9423 39
724 2 1 -45.0 77.9423 39
725 1 1 -45.0 77.9423 39
726 2 1 -45.0 77.9423 39
727 2 1 -45.0 77.9423 39
728 2 1 -45.0 77.9423 39
729 1 1 -45.0 77.9423 39
730 2 1 -45.0 77.9423 39
731 2 1 -45.0 77.9423 39
732 2 1 -45.0 77.9423 39
733 2 1 -45.0 77.9423 39
734 2 1 -45.0 77.9423 39
735 1 1 -45.0 77.9423 39
736 2 1 -45.0 77.9423 39
737 2 1 -45.0 77.9423 39
738 2 1 -45.0 77.9423 39
739 2 1 -45.0 77.9423 39
740 1 1 -45.0 77.9423 39
741 2 1 -45.0 77.9423 39
742 1 1 -45.0 77.9423 39
743 2 1 -45.0 77.9423 39
744 1 1 -45.0 77.9423 39
745 2 1 -45.0 77.9423 39
746 2 1 -45.0 77.9423 39
747 2 1 -45.0 77.9423 39
748 2 1 -45.0 77.9423 39
749 1 1 -45.0 77.9423 39
750 2 1 -45.0 77.9423 39
751 4 1 -60.0 0.0 40
752 4 1 -60.0 0.0 40
753 4 1 -60.0 0.0 40
754 4 1 -60.0 0.0 40
755 4 1 -60.0 0.0 40
756 4 1 -60.0 0.0 40
757 4 1 -60.0 0.0 40
758 2 1 -60.0 0.0 40
759 4 1 -60.0 0.0 40
760 4 1 -60.0 0.0 40
761 4 1 -70.0 0.0 41
762 4 1 -70.0 0.0 41
763 2 1 -70.0 0.0 41
764 2 1 -70.0 0.0 41
765 4 1 -70.0 0.0 41
766 4 1 -70.0 0.0 41
767 4 1 -70.0 0.0 41
768 4 1 -70.0 0.0 41
769 4 1 -70.0 0.0 41
770 4 1 -70.0 0.0 41
771 4 1 -80.0 0.0 42
772 4 1 -80.0 0.0 42
773 4 1 -80.0 0.0 42
774 4 1 -80.0 0.0 42
775 4 1 -80.0 0.0 42
776 4 1 -80.0 0.0 42
777 4 1 -80.0 0.0 42
778 2 1 -80.0 0.0 42
779 4 1 -80.0 0.0 42
780 4 1 -80.0 0.0 42
781 4 1 -90.0 0.0 43
782 4 1 -90.0 0.0 43
783 4 1 -90.0 0.0 43
784 4 1 -90.0 0.0 43
785 4 1 -90.0 0.0 43
786 4 1 -90.0 0.0 43
787 4 1 -90.0 0.0 43
788 4 1 -90.0 0.0 43
789 4 1 -90.0 0.0 43
790 4 1 -90.0 0.0 43
791 1 1 -30.0 -51.9615 44
792 4 1 -30.0 -51.9615 44
793 1 1 -30.0 -51.9615 44
794 4 1 -30.0 -51.9615 44
795 1 1 -30.0 -51.9615 44
796 4 1 -30.0 -51.9615 44
797 4 1 -30.0 -51.9615 44
798 4 1 -30.0 -51.9615 44
799 4 1 -30.0 -51.9615 44
800 4 1 -30.0 -51.9615 44
801 4 1 -30.0 -51.9615 44
802 4 1 -30.0 -51.9615 44
803 4 1 -30.0 -51.9615 44
804 1 1 -30.0 -51.9615 44
805 4 1 -30.0 -51.9615 44
806 4 1 -30.0 -51.9615 44
807 4 1 -30.0 -51.9615 44
808 4 1 -30.0 -51.9615 44
809 4 1 -30.0 -51.9615 44
810 1 1 -30.0 -51.9615 44
811 4 1 -35.0 -60.6218 45
812 4 1 -35.0 -60.6218 45
813 1 1 -35.0 -60.6218 45
814 4 1 -35.0 -60.6218 45
815 1 1 -35.0 -60.6218 45
816 4 1 -35.0 -60.6218 45
817 4 1 -35.0 -60.6218 45
818 4 1 -35.0 -60.6218 45
819 4 1 -35.0 -60.6218 45
820 4 1 -35.0 -60.6218 45
821 4 1 -35.0 -60.6218 45
822 4 1 -35.0 -60.6218 45
823 1 1 -35.0 -60.6218 45
824 4 1 -35.0 -60.6218 45
825 4 1 -35.0 -60.6218 45
826 4 1 -35.0 -60.6218 45
827 4 1 -35.0 -60.6218 45
828 1 1 -35.0 -60.6218 45
829 4 1 -35.0 -60.6218 45
830 4 1 -35.0 -60.6218 45
831 4 1 -40.0 -69.282 46
832 1 1 -40.0 -69.282 46
833 1 1 -40.0 -69.282 46
834 4 1 -40.0 -69.282 46
835 4 1 -40.0 -69.282 46
836 1 1 -40.0 -69.282 46
837 4 1 -40.0 -69.282 46
838 4 1 -40.0 -69.282 46
839 4 1 -40.0 -69.282 46
840 4 1 -40.0 -69.282 46
841 4 1 -40.0 -69.282 46
842 4 1 -40.0 -69.282 46
843 4 1 -40.0 -69.282 46
844 4 1 -40.0 -69.282 46
845 4 1 -40.0 -69.282 46
846 4 1 -40.0 -69.282 46
847 4 1 -40.0 -69.282 46
848 1 1 -40.0 -69.282 46
849 4 1 -40.0 -69.282 46
850 4 1 -40.0 -69.282 46
851 4 1 -45.0 -77.9423 47
852 4 1 -45.0 -77.9423 47
853 4 1 -45.0 -77.9423 47
854 4 1 -45.0 -77.9423 47
855 4 1 -45.0 -77.9423 47
856 4 1 -45.0 -77.9423 47
857 4 1 -45.0 -77.9423 47
858 4 1 -45.0 -77.9423 47
859 4 1 -45.0 -77.9423 47
860 4 1 -45.0 -77.9423 47
861 1 1 -45.0 -77.9423 47
862 1 1 -45.0 -77.9423 47
863 4 1 -45.0 -77.9423 47
864 4 1 -45.0 -77.9423 47
865 4 1 -45.0 -77.9423 47
866 4 1 -45.0 -77.9423 47
867 4 1 -45.0 -77.9423 47
868 4 1 -45.0 -77.9423 47
869 4 1 -45.0 -77.9423 47
870 4 1 -45.0 -77.9423 47
871 2 1 30.0 -51.9615 48
872 1 1 30.0 -51.9615 48
873 1 1 30.0 -51.9615 48
874 2 1 30.0 -51.9615 48
875 2 1 30.0 -51.9615 48
876 2 1 30.0 -51.9615 48
877 2 1 30.0 -51.9615 48
878 2 1 30.0 -51.9615 48
879 2 1 30.0 -51.9615 48
880 2 1 30.0 -51.9615 48
881 2 1 30.0 -51.9615 48
882 1 1 30.0 -51.9615 48
883 1 1 30.0 -51.9615 48
884 2 1 30.0 -51.9615 48
885 2 1 30.0 -51.9615 48
886 1 1 30.0 -51.9615 48
887 1 1 30.0 -51.9615 48
888 2 1 30.0 -51.9615 48
889 2 1 30.0 -51.9615 48
890 1 1 30.0 -51.9615 48
891 2 1 30.0 -51.9615 48
892 1 1 30.0 -51.9615 48
893 2 1 30.0 -51.9615 48
894 2 1 30.0 -51.9615 48
895 1 1 30.0 -51.9615 48
896 1 1 30.0 -51.9615 48
897 2 1 30.0 -51.9615 48
898 2 1 30.0 -51.9615 48
899 2 1 30.0 -51.9615 48
900 2 1 30.0 -51.9615 48
901 1 1 35.0 -60.6218 49
902 2 1 35.0 -60.6218 49
903 2 1 35.0 -60.6218 49
904 2 1 35.0 -60.6218 49
905 2 1 35.0 -60.6218 49
906 2 1 35.0 -60.6218 49
907 2 1 35.0 -60.6218 49
908 2 1 35.0 -60.6218 49
909 2 1 35.0 -60.6218 49
910 2 1 35.0 -60.6218 49
911 2 1 35.0 -60.6218 49
912 1 1 35.0 -60.6218 49
913 2 1 35.0 -60.6218 49
914 2 1 35.0 -60.6218 49
915 1 1 35.0 -60.6218 49
916 2 1 35.0 -60.6218 49
917 2 1 35.0 -60.6218 49
918 1 1 35.0 -60.6218 49
919 2 1 35.0 -60.6218 49
920 2 1 35.0 -60.6218 49
921 1 1 35.0 -60.6218 49
922 2 1 35.0 -60.6218 49
923 2 1 35.0 -60.6218 49
924 2 1 35.0 -60.6218 49
925 1 1 35.0 -60.6218 49
926 2 1 35.0 -60.6218 49
927 1 1 35.0 -60.6218 49
928 2 1 35.0 -60.6218 49
929 2 1 35.0 -60.6218 49
930 2 1 35.0 -60.6218 49
931 2 1 40.0 -69.282 50
932 1 1 40.0 -69.282 50
933 2 1 40.0 -69.282 50
934 2 1 40.0 -69.282 50
935 2 1 40.0 -69.282 50
936 2 1 40.0 -69.282 50
937 2 1 40.0 -69.282 50
938 2 1 40.0 -69.282 50
939 2 1 40.0 -69.282 50
940 1 1 40.0 -69.282 50
941 2 1 40.0 -69.282 50
942 2 1 40.0 -69.282 50
943 2 1 40.0 -69.282 50
944 2 1 40.0 -69.282 50
945 2 1 40.0 -69.282 50
946 2 1 40.0 -69.282 50
947 2 1 40.0 -69.282 50
948 2 1 40.0 -69.282 50
949 1 1 40.0 -69.282 50
950 2 1 40.0 -69.282 50
951 2 1 40.0 -69.282 50
952 2 1 40.0 -69.282 50
953 2 1 40.0 -69.282 50
954 1 1 40.0 -69.282 50
955 2 1 40.0 -69.282 50
956 2 1 40.0 -69.282 50
957 2 1 40.0 -69.282 50
958 2 1 40.0 -69.282 50
959 2 1 40.0 -69.282 50
960 2 1 40.0 -69.282 50
961 1 1 45.0 -77.9423 51
962 2 1 45.0 -77.9423 51
963 1 1 45.0 -77.9423 51
964 2 1 45.0 -77.9423 51
965 2 1 45.0 -77.9423 51
966 2 1 45.0 -77.9423 51
967 2 1 45.0 -77.9423 51
968 2 1 45.0 -77.9423 51
969 2 1 45.0 -77.9423 51
970 1 1 45.0 -77.9423 51
971 2 1 45.0 -77.9423 51
972 2 1 45.0 -77.9423 51
973 2 1 45.0 -77.9423 51
974 2 1 45.0 -77.9423 51
975 2 1 45.0 -77.9423 51
976 1 1 45.0 -77.9423 51
977 2 1 45.0 -77.9423 51
978 2 1 45.0 -77.9423 51
979 1 1 45.0 -77.9423 51
980 1 1 45.0 -77.9423 51
981 2 1 45.0 -77.9423 51
982 2 1 45.0 -77.9423 51
983 2 1 45.0 -77.9423 51
984 2 1 45.0 -77.9423 51
985 2 1 45.0 -77.9423 51
986 2 1 45.0 -77.9423 51
987 2 1 45.0 -77.9423 51
988 2 1 45.0 -77.9423 51
989 2 1 45.0 -77.9423 51
990 2 1 45.0 -77.9423 51
991 4 1 86.6025 50.0 52
992 4 1 86.6025 50.0 52
993 4 1 86.6025 50.0 52
994 4 1 86.6025 50.0 52
995 1 1 86.6025 50.0 52
996 4 1 86.6025 50.0 52
997 2 1 86.6025 50.0 52
998 2 1 86.6025 50.0 52
999 4 1 86.6025 50.0 52
1000 4 1 86.6025 50.0 52
1001 4 1 -86.6025 50.0 53
1002 4 1 -86.6025 50.0 53
1003 4 1 -86.6025 50.0 53
1004 4 1 -86.6025 50.0 53
1005 4 1 -86.6025 50.0 53
1006 4 1 -86.6025 50.0 53
1007 1 1 -86.6025 50.0 53
1008 4 1 -86.6025 50.0 53
1009 4 1 -86.6025 50.0 53
1010 4 1 -86.6025 50.0 53
1011 4 1 0.0 -100.0 54
1012 4 1 0.0 -100.0 54
1013 4 1 0.0 -100.0 54
1014 4 1 0.0 -100.0 54
1015 4 1 0.0 -100.0 54
1016 1 1 0.0 -100.0 54
1017 4 1 0.0 -100.0 54
1018 4 1 0.0 -100.0 54
1019 4 1 0.0 -100.0 54
1020 4 1 0.0 -100.0 54
