1
0 0.0 0.0 2000.0 5164.37548828125 19
1753 1 99.0 422.0730895996094 100 2147483647 101
0 0 0.0 0.0 D
144 1 5.0 8.6603 1
140 1 5.0 8.6603 1
139 1 5.0 8.6603 1
135 1 5.0 8.6603 1
134 1 5.0 8.6603 1
123 1 5.0 8.6603 1
209 1 15.0 25.9808 1
202 1 15.0 25.9808 1
200 1 15.0 25.9808 1
195 1 15.0 25.9808 1
186 1 15.0 25.9808 1
976 1 12.941 48.2963 1
1199 1 35.0 60.6218 1
1197 1 35.0 60.6218 1
1195 1 35.0 60.6218 1
1191 1 35.0 60.6218 1
1187 1 35.0 60.6218 1
1186 1 35.0 60.6218 1
1181 1 35.0 60.6218 1
1177 1 35.0 60.6218 1
1176 1 35.0 60.6218 1
1172 1 35.0 60.6218 1
1228 1 40.0 69.282 1
1227 1 40.0 69.282 1
1225 1 40.0 69.282 1
1221 1 40.0 69.282 1
1212 1 40.0 69.282 1
1260 1 45.0 77.9423 1
1992 1 25.8819 96.5926 1
1380 1 -45.0 77.9423 1
1376 1 -45.0 77.9423 1
1372 1 -45.0 77.9423 1
1369 1 -45.0 77.9423 1
1355 1 -40.0 69.282 1
1352 1 -40.0 69.282 1
1349 1 -40.0 69.282 1
1346 1 -40.0 69.282 1
1342 1 -40.0 69.282 1
1336 1 -35.0 60.6218 1
1331 1 -35.0 60.6218 1
1323 1 -35.0 60.6218 1
1315 1 -30.0 51.9615 1
1310 1 -30.0 51.9615 1
986 1 -35.3553 35.3553 1
1498 1 -77.9423 45.0 1
1497 1 -77.9423 45.0 1
1494 1 -77.9423 45.0 1
1481 1 -77.9423 45.0 1
1459 1 -69.282 40.0 1
1456 1 -69.282 40.0 1
1446 1 -69.282 40.0 1
1443 1 -69.282 40.0 1
1440 1 -60.6218 35.0 1
1439 1 -60.6218 35.0 1
1438 1 -60.6218 35.0 1
1437 1 -60.6218 35.0 1
1435 1 -60.6218 35.0 1
1433 1 -60.6218 35.0 1
1432 1 -60.6218 35.0 1
1424 1 -60.6218 35.0 1
1416 1 -60.6218 35.0 1
1409 1 -51.9615 30.0 1
1404 1 -51.9615 30.0 1
1400 1 -51.9615 30.0 1
1399 1 -51.9615 30.0 1
1394 1 -51.9615 30.0 1
1389 1 -51.9615 30.0 1
1387 1 -51.9615 30.0 1
1386 1 -51.9615 30.0 1
1381 1 -51.9615 30.0 1
480 1 -34.641 20.0 1
473 1 -34.641 20.0 1
467 1 -34.641 20.0 1
464 1 -34.641 20.0 1
450 1 -25.9808 15.0 1
446 1 -25.9808 15.0 1
440 1 -25.9808 15.0 1
437 1 -25.9808 15.0 1
436 1 -25.9808 15.0 1
435 1 -25.9808 15.0 1
433 1 -25.9808 15.0 1
430 1 -25.9808 15.0 1
429 1 -25.9808 15.0 1
359 1 -20.0 34.641 1
351 1 -20.0 34.641 1
347 1 -20.0 34.641 1
343 1 -20.0 34.641 1
342 1 -20.0 34.641 1
331 1 -15.0 25.9808 1
330 1 -15.0 25.9808 1
324 1 -15.0 25.9808 1
322 1 -15.0 25.9808 1
317 1 -10.0 17.3205 1
315 1 -10.0 17.3205 1
416 1 -17.3205 10.0 1
410 1 -17.3205 10.0 1
395 1 -17.3205 10.0 1
297 1 -5.0 8.6603 1
290 1 -5.0 8.6603 1
-1 0 0.0 0.0 D
1754 1 152.0 466.1360168457031 160 2147483647 154
0 0 0.0 0.0 D
870 1 8.6603 -5.0 1
865 1 8.6603 -5.0 1
864 1 8.6603 -5.0 1
860 1 8.6603 -5.0 1
859 1 8.6603 -5.0 1
857 1 8.6603 -5.0 1
855 1 8.6603 -5.0 1
899 1 17.3205 -10.0 1
895 1 17.3205 -10.0 1
893 1 17.3205 -10.0 1
892 1 17.3205 -10.0 1
890 1 17.3205 -10.0 1
885 1 17.3205 -10.0 1
884 1 17.3205 -10.0 1
881 1 17.3205 -10.0 1
878 1 17.3205 -10.0 1
917 1 25.9808 -15.0 1
912 1 25.9808 -15.0 1
960 1 34.641 -20.0 1
948 1 34.641 -20.0 1
942 1 34.641 -20.0 1
937 1 34.641 -20.0 1
932 1 34.641 -20.0 1
1890 1 51.9615 -30.0 1
1886 1 51.9615 -30.0 1
1867 1 51.9615 -30.0 1
1916 1 60.6218 -35.0 1
1915 1 60.6218 -35.0 1
1901 1 60.6218 -35.0 1
1900 1 60.6218 -35.0 1
1896 1 60.6218 -35.0 1
1891 1 60.6218 -35.0 1
1931 1 69.282 -40.0 1
1930 1 69.282 -40.0 1
1927 1 69.282 -40.0 1
1926 1 69.282 -40.0 1
1923 1 69.282 -40.0 1
1921 1 69.282 -40.0 1
1979 1 77.9423 -45.0 1
1972 1 77.9423 -45.0 1
1971 1 77.9423 -45.0 1
1969 1 77.9423 -45.0 1
1960 1 77.9423 -45.0 1
1957 1 77.9423 -45.0 1
1860 1 45.0 -77.9423 1
1851 1 45.0 -77.9423 1
1847 1 45.0 -77.9423 1
1843 1 45.0 -77.9423 1
1839 1 40.0 -69.282 1
1836 1 40.0 -69.282 1
1831 1 40.0 -69.282 1
1829 1 40.0 -69.282 1
1821 1 40.0 -69.282 1
1820 1 35.0 -60.6218 1
1819 1 35.0 -60.6218 1
1818 1 35.0 -60.6218 1
1812 1 35.0 -60.6218 1
1810 1 35.0 -60.6218 1
1805 1 35.0 -60.6218 1
1790 1 30.0 -51.9615 1
1786 1 30.0 -51.9615 1
1012 1 35.3553 -35.3553 1
839 1 20.0 -34.641 1
825 1 20.0 -34.641 1
813 1 15.0 -25.9808 1
812 1 15.0 -25.9808 1
795 1 10.0 -17.3205 1
794 1 10.0 -17.3205 1
789 1 10.0 -17.3205 1
787 1 10.0 -17.3205 1
782 1 10.0 -17.3205 1
658 1 -10.0 -17.3205 1
657 1 -10.0 -17.3205 1
656 1 -10.0 -17.3205 1
655 1 -10.0 -17.3205 1
654 1 -10.0 -17.3205 1
649 1 -10.0 -17.3205 1
648 1 -10.0 -17.3205 1
644 1 -10.0 -17.3205 1
641 1 -10.0 -17.3205 1
635 1 -10.0 -17.3205 1
678 1 -15.0 -25.9808 1
674 1 -15.0 -25.9808 1
673 1 -15.0 -25.9808 1
718 1 -20.0 -34.641 1
716 1 -20.0 -34.641 1
715 1 -20.0 -34.641 1
711 1 -20.0 -34.641 1
703 1 -20.0 -34.641 1
693 1 -20.0 -34.641 1
1008 1 -12.9409 -48.2963 1
1639 1 -30.0 -51.9615 1
1630 1 -30.0 -51.9615 1
1627 1 -30.0 -51.9615 1
1626 1 -30.0 -51.9615 1
1680 1 -35.0 -60.6218 1
1675 1 -35.0 -60.6218 1
1673 1 -35.0 -60.6218 1
1672 1 -35.0 -60.6218 1
1671 1 -35.0 -60.6218 1
1663 1 -35.0 -60.6218 1
1655 1 -35.0 -60.6218 1
1652 1 -35.0 -60.6218 1
1651 1 -35.0 -60.6218 1
1707 1 -40.0 -69.282 1
1702 1 -40.0 -69.282 1
1701 1 -40.0 -69.282 1
1700 1 -40.0 -69.282 1
1694 1 -40.0 -69.282 1
1693 1 -40.0 -69.282 1
1684 1 -40.0 -69.282 1
1734 1 -45.0 -77.9423 1
1729 1 -45.0 -77.9423 1
1728 1 -45.0 -77.9423 1
1726 1 -45.0 -77.9423 1
1721 1 -45.0 -77.9423 1
1719 1 -45.0 -77.9423 1
1712 1 -45.0 -77.9423 1
1711 1 -45.0 -77.9423 1
1616 1 -77.9423 -45.0 1
1611 1 -77.9423 -45.0 1
1607 1 -77.9423 -45.0 1
1592 1 -69.282 -40.0 1
1590 1 -69.282 -40.0 1
1579 1 -60.6218 -35.0 1
1578 1 -60.6218 -35.0 1
1576 1 -60.6218 -35.0 1
1572 1 -60.6218 -35.0 1
1570 1 -60.6218 -35.0 1
1567 1 -60.6218 -35.0 1
1566 1 -60.6218 -35.0 1
1563 1 -60.6218 -35.0 1
1558 1 -51.9615 -30.0 1
1541 1 -51.9615 -30.0 1
596 1 -34.641 -20.0 1
588 1 -34.641 -20.0 1
585 1 -34.641 -20.0 1
578 1 -25.9808 -15.0 1
575 1 -25.9808 -15.0 1
569 1 -25.9808 -15.0 1
568 1 -25.9808 -15.0 1
567 1 -25.9808 -15.0 1
561 1 -25.9808 -15.0 1
559 1 -17.3205 -10.0 1
556 1 -17.3205 -10.0 1
543 1 -17.3205 -10.0 1
390 1 -8.6603 5.0 1
376 1 -8.6603 5.0 1
369 1 -8.6603 5.0 1
366 1 -8.6603 5.0 1
364 1 -8.6603 5.0 1
361 1 -8.6603 5.0 1
-1 0 0.0 0.0 D
1755 2 59.0 233.8001251220703 60 2147483647 61
0 0 0.0 0.0 D
180 1 10.0 17.3205 2
178 1 10.0 17.3205 2
177 1 10.0 17.3205 2
176 1 10.0 17.3205 2
175 1 10.0 17.3205 2
174 1 10.0 17.3205 2
173 1 10.0 17.3205 2
172 1 10.0 17.3205 2
171 1 10.0 17.3205 2
170 1 10.0 17.3205 2
168 1 10.0 17.3205 2
167 1 10.0 17.3205 2
166 1 10.0 17.3205 2
165 1 10.0 17.3205 2
164 1 10.0 17.3205 2
162 1 10.0 17.3205 2
161 1 10.0 17.3205 2
158 1 10.0 17.3205 2
157 1 10.0 17.3205 2
156 1 10.0 17.3205 2
155 1 10.0 17.3205 2
154 1 10.0 17.3205 2
153 1 10.0 17.3205 2
152 1 10.0 17.3205 2
151 1 10.0 17.3205 2
221 1 20.0 34.641 2
220 1 20.0 34.641 2
219 1 20.0 34.641 2
214 1 20.0 34.641 2
213 1 20.0 34.641 2
211 1 20.0 34.641 2
1990 1 96.5926 25.8819 2
1985 1 96.5926 25.8819 2
1058 1 90.0 0.0 2
1056 1 90.0 0.0 2
1054 1 90.0 0.0 2
1050 1 80.0 0.0 2
1048 1 80.0 0.0 2
1046 1 80.0 0.0 2
1045 1 80.0 0.0 2
1044 1 80.0 0.0 2
1040 1 70.0 0.0 2
1038 1 70.0 0.0 2
1033 1 70.0 0.0 2
1032 1 70.0 0.0 2
1026 1 60.0 0.0 2
1021 1 60.0 0.0 2
32 1 40.0 0.0 2
28 1 30.0 0.0 2
27 1 30.0 0.0 2
25 1 30.0 0.0 2
23 1 30.0 0.0 2
22 1 30.0 0.0 2
19 1 20.0 0.0 2
16 1 20.0 0.0 2
10 1 10.0 0.0 2
8 1 10.0 0.0 2
4 1 10.0 0.0 2
3 1 10.0 0.0 2
-1 0 0.0 0.0 D
1756 2 99.0 180.00001525878906 100 2147483647 101
0 0 0.0 0.0 D
1180 1 35.0 60.6218 2
1179 1 35.0 60.6218 2
1178 1 35.0 60.6218 2
1175 1 35.0 60.6218 2
1174 1 35.0 60.6218 2
1173 1 35.0 60.6218 2
1171 1 35.0 60.6218 2
1259 1 45.0 77.9423 2
1258 1 45.0 77.9423 2
1257 1 45.0 77.9423 2
1256 1 45.0 77.9423 2
1255 1 45.0 77.9423 2
1254 1 45.0 77.9423 2
1253 1 45.0 77.9423 2
1252 1 45.0 77.9423 2
1251 1 45.0 77.9423 2
1250 1 45.0 77.9423 2
1249 1 45.0 77.9423 2
1248 1 45.0 77.9423 2
1247 1 45.0 77.9423 2
1246 1 45.0 77.9423 2
1245 1 45.0 77.9423 2
1244 1 45.0 77.9423 2
1243 1 45.0 77.9423 2
1242 1 45.0 77.9423 2
1241 1 45.0 77.9423 2
1240 1 45.0 77.9423 2
1239 1 45.0 77.9423 2
1238 1 45.0 77.9423 2
1237 1 45.0 77.9423 2
1236 1 45.0 77.9423 2
1235 1 45.0 77.9423 2
1234 1 45.0 77.9423 2
1233 1 45.0 77.9423 2
1232 1 45.0 77.9423 2
1231 1 45.0 77.9423 2
1230 1 40.0 69.282 2
1229 1 40.0 69.282 2
1226 1 40.0 69.282 2
1224 1 40.0 69.282 2
1223 1 40.0 69.282 2
1222 1 40.0 69.282 2
1220 1 40.0 69.282 2
1219 1 40.0 69.282 2
1218 1 40.0 69.282 2
1217 1 40.0 69.282 2
1216 1 40.0 69.282 2
1215 1 40.0 69.282 2
1214 1 40.0 69.282 2
1213 1 40.0 69.282 2
1211 1 40.0 69.282 2
1210 1 40.0 69.282 2
1208 1 40.0 69.282 2
1207 1 40.0 69.282 2
1206 1 40.0 69.282 2
1205 1 40.0 69.282 2
1204 1 40.0 69.282 2
1203 1 40.0 69.282 2
1201 1 40.0 69.282 2
1170 1 30.0 51.9615 2
1169 1 30.0 51.9615 2
1168 1 30.0 51.9615 2
1167 1 30.0 51.9615 2
1165 1 30.0 51.9615 2
1164 1 30.0 51.9615 2
1163 1 30.0 51.9615 2
1161 1 30.0 51.9615 2
1160 1 30.0 51.9615 2
1159 1 30.0 51.9615 2
1158 1 30.0 51.9615 2
1156 1 30.0 51.9615 2
1155 1 30.0 51.9615 2
1154 1 30.0 51.9615 2
1153 1 30.0 51.9615 2
1151 1 30.0 51.9615 2
1150 1 30.0 51.9615 2
1149 1 30.0 51.9615 2
1146 1 30.0 51.9615 2
1145 1 30.0 51.9615 2
1144 1 30.0 51.9615 2
1143 1 30.0 51.9615 2
1142 1 30.0 51.9615 2
1141 1 30.0 51.9615 2
240 1 20.0 34.641 2
237 1 20.0 34.641 2
236 1 20.0 34.641 2
235 1 20.0 34.641 2
234 1 20.0 34.641 2
233 1 20.0 34.641 2
231 1 20.0 34.641 2
230 1 20.0 34.641 2
229 1 20.0 34.641 2
228 1 20.0 34.641 2
227 1 20.0 34.641 2
226 1 20.0 34.641 2
225 1 20.0 34.641 2
224 1 20.0 34.641 2
223 1 20.0 34.641 2
222 1 20.0 34.641 2
-1 0 0.0 0.0 D
1757 2 159.0 352.72296142578125 160 2147483647 161
0 0 0.0 0.0 D
420 1 -17.3205 10.0 2
419 1 -17.3205 10.0 2
418 1 -17.3205 10.0 2
417 1 -17.3205 10.0 2
415 1 -17.3205 10.0 2
414 1 -17.3205 10.0 2
413 1 -17.3205 10.0 2
412 1 -17.3205 10.0 2
411 1 -17.3205 10.0 2
409 1 -17.3205 10.0 2
408 1 -17.3205 10.0 2
407 1 -17.3205 10.0 2
406 1 -17.3205 10.0 2
405 1 -17.3205 10.0 2
404 1 -17.3205 10.0 2
403 1 -17.3205 10.0 2
402 1 -17.3205 10.0 2
401 1 -17.3205 10.0 2
400 1 -17.3205 10.0 2
399 1 -17.3205 10.0 2
398 1 -17.3205 10.0 2
397 1 -17.3205 10.0 2
396 1 -17.3205 10.0 2
394 1 -17.3205 10.0 2
393 1 -17.3205 10.0 2
392 1 -17.3205 10.0 2
391 1 -17.3205 10.0 2
479 1 -34.641 20.0 2
478 1 -34.641 20.0 2
477 1 -34.641 20.0 2
476 1 -34.641 20.0 2
475 1 -34.641 20.0 2
474 1 -34.641 20.0 2
472 1 -34.641 20.0 2
471 1 -34.641 20.0 2
470 1 -34.641 20.0 2
469 1 -34.641 20.0 2
468 1 -34.641 20.0 2
466 1 -34.641 20.0 2
465 1 -34.641 20.0 2
463 1 -34.641 20.0 2
462 1 -34.641 20.0 2
461 1 -34.641 20.0 2
460 1 -34.641 20.0 2
459 1 -34.641 20.0 2
458 1 -34.641 20.0 2
457 1 -34.641 20.0 2
456 1 -34.641 20.0 2
455 1 -34.641 20.0 2
454 1 -34.641 20.0 2
453 1 -34.641 20.0 2
452 1 -34.641 20.0 2
451 1 -34.641 20.0 2
1410 1 -51.9615 30.0 2
1408 1 -51.9615 30.0 2
1407 1 -51.9615 30.0 2
1406 1 -51.9615 30.0 2
1405 1 -51.9615 30.0 2
1403 1 -51.9615 30.0 2
1402 1 -51.9615 30.0 2
1401 1 -51.9615 30.0 2
1398 1 -51.9615 30.0 2
1397 1 -51.9615 30.0 2
1396 1 -51.9615 30.0 2
1395 1 -51.9615 30.0 2
1393 1 -51.9615 30.0 2
1392 1 -51.9615 30.0 2
1391 1 -51.9615 30.0 2
1390 1 -51.9615 30.0 2
1388 1 -51.9615 30.0 2
1385 1 -51.9615 30.0 2
1384 1 -51.9615 30.0 2
1383 1 -51.9615 30.0 2
1382 1 -51.9615 30.0 2
1448 1 -69.282 40.0 2
1447 1 -69.282 40.0 2
1445 1 -69.282 40.0 2
1444 1 -69.282 40.0 2
1442 1 -69.282 40.0 2
1441 1 -69.282 40.0 2
981 1 -35.3553 35.3553 2
271 1 0.0 40.0 2
1263 1 0.0 60.0 2
1262 1 0.0 60.0 2
1276 1 0.0 70.0 2
1289 1 0.0 80.0 2
1295 1 0.0 90.0 2
1294 1 0.0 90.0 2
1293 1 0.0 90.0 2
1292 1 0.0 90.0 2
2000 1 25.8819 96.5926 2
1999 1 25.8819 96.5926 2
1200 1 35.0 60.6218 2
1198 1 35.0 60.6218 2
1196 1 35.0 60.6218 2
1194 1 35.0 60.6218 2
1193 1 35.0 60.6218 2
1192 1 35.0 60.6218 2
1190 1 35.0 60.6218 2
1189 1 35.0 60.6218 2
1188 1 35.0 60.6218 2
1185 1 35.0 60.6218 2
1184 1 35.0 60.6218 2
1183 1 35.0 60.6218 2
1182 1 35.0 60.6218 2
978 1 12.941 48.2963 2
975 1 12.941 48.2963 2
210 1 15.0 25.9808 2
208 1 15.0 25.9808 2
207 1 15.0 25.9808 2
206 1 15.0 25.9808 2
205 1 15.0 25.9808 2
204 1 15.0 25.9808 2
203 1 15.0 25.9808 2
201 1 15.0 25.9808 2
199 1 15.0 25.9808 2
198 1 15.0 25.9808 2
197 1 15.0 25.9808 2
196 1 15.0 25.9808 2
194 1 15.0 25.9808 2
193 1 15.0 25.9808 2
192 1 15.0 25.9808 2
191 1 15.0 25.9808 2
190 1 15.0 25.9808 2
189 1 15.0 25.9808 2
188 1 15.0 25.9808 2
187 1 15.0 25.9808 2
185 1 15.0 25.9808 2
184 1 15.0 25.9808 2
183 1 15.0 25.9808 2
182 1 15.0 25.9808 2
181 1 15.0 25.9808 2
260 1 0.0 20.0 2
256 1 0.0 20.0 2
242 1 0.0 10.0 2
150 1 5.0 8.6603 2
149 1 5.0 8.6603 2
148 1 5.0 8.6603 2
147 1 5.0 8.6603 2
146 1 5.0 8.6603 2
145 1 5.0 8.6603 2
143 1 5.0 8.6603 2
142 1 5.0 8.6603 2
141 1 5.0 8.6603 2
138 1 5.0 8.6603 2
137 1 5.0 8.6603 2
136 1 5.0 8.6603 2
133 1 5.0 8.6603 2
132 1 5.0 8.6603 2
131 1 5.0 8.6603 2
130 1 5.0 8.6603 2
129 1 5.0 8.6603 2
128 1 5.0 8.6603 2
127 1 5.0 8.6603 2
126 1 5.0 8.6603 2
125 1 5.0 8.6603 2
124 1 5.0 8.6603 2
122 1 5.0 8.6603 2
121 1 5.0 8.6603 2
-1 0 0.0 0.0 D
1759 4 199.0 401.7181091308594 200 2147483647 201
0 0 0.0 0.0 D
250 1 0.0 10.0 4
249 1 0.0 10.0 4
248 1 0.0 10.0 4
247 1 0.0 10.0 4
246 1 0.0 10.0 4
245 1 0.0 10.0 4
244 1 0.0 10.0 4
243 1 0.0 10.0 4
241 1 0.0 10.0 4
259 1 0.0 20.0 4
258 1 0.0 20.0 4
257 1 0.0 20.0 4
255 1 0.0 20.0 4
254 1 0.0 20.0 4
253 1 0.0 20.0 4
252 1 0.0 20.0 4
251 1 0.0 20.0 4
120 1 34.641 20.0 4
119 1 34.641 20.0 4
118 1 34.641 20.0 4
115 1 34.641 20.0 4
114 1 34.641 20.0 4
113 1 34.641 20.0 4
112 1 34.641 20.0 4
111 1 34.641 20.0 4
110 1 34.641 20.0 4
109 1 34.641 20.0 4
107 1 34.641 20.0 4
106 1 34.641 20.0 4
105 1 34.641 20.0 4
103 1 34.641 20.0 4
101 1 34.641 20.0 4
1080 1 51.9615 30.0 4
1079 1 51.9615 30.0 4
1078 1 51.9615 30.0 4
1074 1 51.9615 30.0 4
1073 1 51.9615 30.0 4
1072 1 51.9615 30.0 4
1071 1 51.9615 30.0 4
1069 1 51.9615 30.0 4
1068 1 51.9615 30.0 4
1065 1 51.9615 30.0 4
1064 1 51.9615 30.0 4
1063 1 51.9615 30.0 4
1062 1 51.9615 30.0 4
1120 1 69.282 40.0 4
1118 1 69.282 40.0 4
1117 1 69.282 40.0 4
1116 1 69.282 40.0 4
1115 1 69.282 40.0 4
1114 1 69.282 40.0 4
1113 1 69.282 40.0 4
1112 1 69.282 40.0 4
1111 1 69.282 40.0 4
1109 1 69.282 40.0 4
1107 1 69.282 40.0 4
1106 1 69.282 40.0 4
1105 1 69.282 40.0 4
1104 1 69.282 40.0 4
1103 1 69.282 40.0 4
1102 1 69.282 40.0 4
1101 1 69.282 40.0 4
1998 1 25.8819 96.5926 4
1997 1 25.8819 96.5926 4
1996 1 25.8819 96.5926 4
1995 1 25.8819 96.5926 4
1994 1 25.8819 96.5926 4
1993 1 25.8819 96.5926 4
1991 1 25.8819 96.5926 4
1300 1 0.0 90.0 4
1299 1 0.0 90.0 4
1298 1 0.0 90.0 4
1297 1 0.0 90.0 4
1296 1 0.0 90.0 4
1291 1 0.0 90.0 4
1290 1 0.0 80.0 4
1288 1 0.0 80.0 4
1287 1 0.0 80.0 4
1286 1 0.0 80.0 4
1285 1 0.0 80.0 4
1284 1 0.0 80.0 4
1283 1 0.0 80.0 4
1282 1 0.0 80.0 4
1281 1 0.0 80.0 4
1280 1 0.0 70.0 4
1279 1 0.0 70.0 4
1278 1 0.0 70.0 4
1277 1 0.0 70.0 4
1275 1 0.0 70.0 4
1274 1 0.0 70.0 4
1273 1 0.0 70.0 4
1272 1 0.0 70.0 4
1271 1 0.0 70.0 4
1379 1 -45.0 77.9423 4
1378 1 -45.0 77.9423 4
1377 1 -45.0 77.9423 4
1375 1 -45.0 77.9423 4
1374 1 -45.0 77.9423 4
1373 1 -45.0 77.9423 4
1371 1 -45.0 77.9423 4
1370 1 -45.0 77.9423 4
1368 1 -45.0 77.9423 4
1367 1 -45.0 77.9423 4
1366 1 -45.0 77.9423 4
1365 1 -45.0 77.9423 4
1364 1 -45.0 77.9423 4
1363 1 -45.0 77.9423 4
1362 1 -45.0 77.9423 4
1361 1 -45.0 77.9423 4
1340 1 -35.0 60.6218 4
1339 1 -35.0 60.6218 4
1338 1 -35.0 60.6218 4
1337 1 -35.0 60.6218 4
1335 1 -35.0 60.6218 4
1334 1 -35.0 60.6218 4
1333 1 -35.0 60.6218 4
1332 1 -35.0 60.6218 4
1330 1 -35.0 60.6218 4
1329 1 -35.0 60.6218 4
1328 1 -35.0 60.6218 4
1327 1 -35.0 60.6218 4
1326 1 -35.0 60.6218 4
1325 1 -35.0 60.6218 4
1324 1 -35.0 60.6218 4
1322 1 -35.0 60.6218 4
1321 1 -35.0 60.6218 4
1270 1 0.0 60.0 4
1269 1 0.0 60.0 4
1268 1 0.0 60.0 4
1267 1 0.0 60.0 4
1266 1 0.0 60.0 4
1265 1 0.0 60.0 4
1264 1 0.0 60.0 4
1261 1 0.0 60.0 4
980 1 12.941 48.2963 4
979 1 12.941 48.2963 4
977 1 12.941 48.2963 4
974 1 12.941 48.2963 4
973 1 12.941 48.2963 4
972 1 12.941 48.2963 4
971 1 12.941 48.2963 4
280 1 0.0 40.0 4
279 1 0.0 40.0 4
278 1 0.0 40.0 4
277 1 0.0 40.0 4
276 1 0.0 40.0 4
275 1 0.0 40.0 4
274 1 0.0 40.0 4
273 1 0.0 40.0 4
272 1 0.0 40.0 4
270 1 0.0 30.0 4
269 1 0.0 30.0 4
268 1 0.0 30.0 4
267 1 0.0 30.0 4
266 1 0.0 30.0 4
265 1 0.0 30.0 4
264 1 0.0 30.0 4
263 1 0.0 30.0 4
262 1 0.0 30.0 4
261 1 0.0 30.0 4
340 1 -15.0 25.9808 4
339 1 -15.0 25.9808 4
338 1 -15.0 25.9808 4
337 1 -15.0 25.9808 4
336 1 -15.0 25.9808 4
335 1 -15.0 25.9808 4
334 1 -15.0 25.9808 4
333 1 -15.0 25.9808 4
332 1 -15.0 25.9808 4
329 1 -15.0 25.9808 4
328 1 -15.0 25.9808 4
327 1 -15.0 25.9808 4
326 1 -15.0 25.9808 4
325 1 -15.0 25.9808 4
323 1 -15.0 25.9808 4
321 1 -15.0 25.9808 4
305 1 -10.0 17.3205 4
304 1 -10.0 17.3205 4
303 1 -10.0 17.3205 4
302 1 -10.0 17.3205 4
301 1 -10.0 17.3205 4
300 1 -5.0 8.6603 4
299 1 -5.0 8.6603 4
298 1 -5.0 8.6603 4
296 1 -5.0 8.6603 4
295 1 -5.0 8.6603 4
294 1 -5.0 8.6603 4
293 1 -5.0 8.6603 4
292 1 -5.0 8.6603 4
291 1 -5.0 8.6603 4
289 1 -5.0 8.6603 4
288 1 -5.0 8.6603 4
287 1 -5.0 8.6603 4
286 1 -5.0 8.6603 4
285 1 -5.0 8.6603 4
284 1 -5.0 8.6603 4
283 1 -5.0 8.6603 4
282 1 -5.0 8.6603 4
281 1 -5.0 8.6603 4
-1 0 0.0 0.0 D
1760 4 249.0 377.1999206542969 250 2147483647 251
0 0 0.0 0.0 D
52 1 8.6603 5.0 4
53 1 8.6603 5.0 4
54 1 8.6603 5.0 4
55 1 8.6603 5.0 4
56 1 8.6603 5.0 4
57 1 8.6603 5.0 4
59 1 8.6603 5.0 4
60 1 8.6603 5.0 4
320 1 -10.0 17.3205 4
319 1 -10.0 17.3205 4
318 1 -10.0 17.3205 4
316 1 -10.0 17.3205 4
314 1 -10.0 17.3205 4
313 1 -10.0 17.3205 4
312 1 -10.0 17.3205 4
311 1 -10.0 17.3205 4
310 1 -10.0 17.3205 4
309 1 -10.0 17.3205 4
308 1 -10.0 17.3205 4
307 1 -10.0 17.3205 4
306 1 -10.0 17.3205 4
360 1 -20.0 34.641 4
358 1 -20.0 34.641 4
357 1 -20.0 34.641 4
356 1 -20.0 34.641 4
355 1 -20.0 34.641 4
354 1 -20.0 34.641 4
353 1 -20.0 34.641 4
352 1 -20.0 34.641 4
350 1 -20.0 34.641 4
349 1 -20.0 34.641 4
348 1 -20.0 34.641 4
346 1 -20.0 34.641 4
345 1 -20.0 34.641 4
344 1 -20.0 34.641 4
341 1 -20.0 34.641 4
1320 1 -30.0 51.9615 4
1319 1 -30.0 51.9615 4
1318 1 -30.0 51.9615 4
1317 1 -30.0 51.9615 4
1316 1 -30.0 51.9615 4
1314 1 -30.0 51.9615 4
1313 1 -30.0 51.9615 4
1312 1 -30.0 51.9615 4
1311 1 -30.0 51.9615 4
1309 1 -30.0 51.9615 4
1308 1 -30.0 51.9615 4
1307 1 -30.0 51.9615 4
1306 1 -30.0 51.9615 4
1305 1 -30.0 51.9615 4
1304 1 -30.0 51.9615 4
1303 1 -30.0 51.9615 4
1302 1 -30.0 51.9615 4
1301 1 -30.0 51.9615 4
1360 1 -40.0 69.282 4
1359 1 -40.0 69.282 4
1358 1 -40.0 69.282 4
1357 1 -40.0 69.282 4
1356 1 -40.0 69.282 4
1354 1 -40.0 69.282 4
1353 1 -40.0 69.282 4
1351 1 -40.0 69.282 4
1350 1 -40.0 69.282 4
1348 1 -40.0 69.282 4
1347 1 -40.0 69.282 4
1345 1 -40.0 69.282 4
1344 1 -40.0 69.282 4
1343 1 -40.0 69.282 4
1341 1 -40.0 69.282 4
990 1 -35.3553 35.3553 4
989 1 -35.3553 35.3553 4
988 1 -35.3553 35.3553 4
987 1 -35.3553 35.3553 4
985 1 -35.3553 35.3553 4
984 1 -35.3553 35.3553 4
983 1 -35.3553 35.3553 4
982 1 -35.3553 35.3553 4
520 1 -40.0 0.0 4
519 1 -40.0 0.0 4
518 1 -40.0 0.0 4
516 1 -40.0 0.0 4
514 1 -40.0 0.0 4
513 1 -40.0 0.0 4
512 1 -40.0 0.0 4
511 1 -40.0 0.0 4
1000 1 -48.2963 -12.941 4
999 1 -48.2963 -12.941 4
998 1 -48.2963 -12.941 4
996 1 -48.2963 -12.941 4
995 1 -48.2963 -12.941 4
994 1 -48.2963 -12.941 4
993 1 -48.2963 -12.941 4
992 1 -48.2963 -12.941 4
991 1 -48.2963 -12.941 4
1510 1 -60.0 0.0 4
1509 1 -60.0 0.0 4
1508 1 -60.0 0.0 4
1507 1 -60.0 0.0 4
1506 1 -60.0 0.0 4
1505 1 -60.0 0.0 4
1503 1 -60.0 0.0 4
1520 1 -70.0 0.0 4
1519 1 -70.0 0.0 4
1518 1 -70.0 0.0 4
1517 1 -70.0 0.0 4
1516 1 -70.0 0.0 4
1514 1 -70.0 0.0 4
1513 1 -70.0 0.0 4
1512 1 -70.0 0.0 4
1530 1 -80.0 0.0 4
1528 1 -80.0 0.0 4
1524 1 -80.0 0.0 4
1523 1 -80.0 0.0 4
1522 1 -80.0 0.0 4
1540 1 -90.0 0.0 4
1538 1 -90.0 0.0 4
1537 1 -90.0 0.0 4
1536 1 -90.0 0.0 4
1535 1 -90.0 0.0 4
1534 1 -90.0 0.0 4
1533 1 -90.0 0.0 4
1532 1 -90.0 0.0 4
1531 1 -90.0 0.0 4
1620 1 -77.9423 -45.0 4
1619 1 -77.9423 -45.0 4
1618 1 -77.9423 -45.0 4
1617 1 -77.9423 -45.0 4
1615 1 -77.9423 -45.0 4
1614 1 -77.9423 -45.0 4
1613 1 -77.9423 -45.0 4
1612 1 -77.9423 -45.0 4
1610 1 -77.9423 -45.0 4
1609 1 -77.9423 -45.0 4
1608 1 -77.9423 -45.0 4
1606 1 -77.9423 -45.0 4
1605 1 -77.9423 -45.0 4
1604 1 -77.9423 -45.0 4
1603 1 -77.9423 -45.0 4
1602 1 -77.9423 -45.0 4
1601 1 -77.9423 -45.0 4
1580 1 -60.6218 -35.0 4
1577 1 -60.6218 -35.0 4
1575 1 -60.6218 -35.0 4
1574 1 -60.6218 -35.0 4
1573 1 -60.6218 -35.0 4
1571 1 -60.6218 -35.0 4
1569 1 -60.6218 -35.0 4
1568 1 -60.6218 -35.0 4
1565 1 -60.6218 -35.0 4
1564 1 -60.6218 -35.0 4
1562 1 -60.6218 -35.0 4
1561 1 -60.6218 -35.0 4
1557 1 -51.9615 -30.0 4
1556 1 -51.9615 -30.0 4
1555 1 -51.9615 -30.0 4
1554 1 -51.9615 -30.0 4
1553 1 -51.9615 -30.0 4
1552 1 -51.9615 -30.0 4
1551 1 -51.9615 -30.0 4
1550 1 -51.9615 -30.0 4
1549 1 -51.9615 -30.0 4
1548 1 -51.9615 -30.0 4
1547 1 -51.9615 -30.0 4
1546 1 -51.9615 -30.0 4
1545 1 -51.9615 -30.0 4
1544 1 -51.9615 -30.0 4
1543 1 -51.9615 -30.0 4
1542 1 -51.9615 -30.0 4
600 1 -34.641 -20.0 4
599 1 -34.641 -20.0 4
598 1 -34.641 -20.0 4
597 1 -34.641 -20.0 4
595 1 -34.641 -20.0 4
594 1 -34.641 -20.0 4
593 1 -34.641 -20.0 4
592 1 -34.641 -20.0 4
591 1 -34.641 -20.0 4
590 1 -34.641 -20.0 4
589 1 -34.641 -20.0 4
587 1 -34.641 -20.0 4
586 1 -34.641 -20.0 4
584 1 -34.641 -20.0 4
583 1 -34.641 -20.0 4
582 1 -34.641 -20.0 4
581 1 -34.641 -20.0 4
580 1 -25.9808 -15.0 4
579 1 -25.9808 -15.0 4
577 1 -25.9808 -15.0 4
576 1 -25.9808 -15.0 4
574 1 -25.9808 -15.0 4
573 1 -25.9808 -15.0 4
572 1 -25.9808 -15.0 4
571 1 -25.9808 -15.0 4
570 1 -25.9808 -15.0 4
566 1 -25.9808 -15.0 4
565 1 -25.9808 -15.0 4
564 1 -25.9808 -15.0 4
563 1 -25.9808 -15.0 4
562 1 -25.9808 -15.0 4
560 1 -17.3205 -10.0 4
558 1 -17.3205 -10.0 4
557 1 -17.3205 -10.0 4
555 1 -17.3205 -10.0 4
554 1 -17.3205 -10.0 4
553 1 -17.3205 -10.0 4
552 1 -17.3205 -10.0 4
551 1 -17.3205 -10.0 4
550 1 -17.3205 -10.0 4
549 1 -17.3205 -10.0 4
548 1 -17.3205 -10.0 4
547 1 -17.3205 -10.0 4
546 1 -17.3205 -10.0 4
545 1 -17.3205 -10.0 4
544 1 -17.3205 -10.0 4
542 1 -17.3205 -10.0 4
541 1 -17.3205 -10.0 4
500 1 -20.0 0.0 4
499 1 -20.0 0.0 4
498 1 -20.0 0.0 4
496 1 -20.0 0.0 4
495 1 -20.0 0.0 4
494 1 -20.0 0.0 4
493 1 -20.0 0.0 4
490 1 -10.0 0.0 4
488 1 -10.0 0.0 4
487 1 -10.0 0.0 4
486 1 -10.0 0.0 4
485 1 -10.0 0.0 4
484 1 -10.0 0.0 4
483 1 -10.0 0.0 4
482 1 -10.0 0.0 4
481 1 -10.0 0.0 4
540 1 -8.6603 -5.0 4
539 1 -8.6603 -5.0 4
538 1 -8.6603 -5.0 4
537 1 -8.6603 -5.0 4
535 1 -8.6603 -5.0 4
534 1 -8.6603 -5.0 4
531 1 -8.6603 -5.0 4
530 1 -8.6603 -5.0 4
529 1 -8.6603 -5.0 4
528 1 -8.6603 -5.0 4
527 1 -8.6603 -5.0 4
526 1 -8.6603 -5.0 4
525 1 -8.6603 -5.0 4
524 1 -8.6603 -5.0 4
523 1 -8.6603 -5.0 4
522 1 -8.6603 -5.0 4
521 1 -8.6603 -5.0 4
-1 0 0.0 0.0 D
1761 2 59.0 180.00003051757812 60 2147483647 61
0 0 0.0 0.0 D
1425 1 -60.6218 35.0 2
1423 1 -60.6218 35.0 2
1422 1 -60.6218 35.0 2
1421 1 -60.6218 35.0 2
1420 1 -60.6218 35.0 2
1419 1 -60.6218 35.0 2
1418 1 -60.6218 35.0 2
1417 1 -60.6218 35.0 2
1415 1 -60.6218 35.0 2
1414 1 -60.6218 35.0 2
1413 1 -60.6218 35.0 2
1412 1 -60.6218 35.0 2
1411 1 -60.6218 35.0 2
1500 1 -77.9423 45.0 2
1499 1 -77.9423 45.0 2
1496 1 -77.9423 45.0 2
1495 1 -77.9423 45.0 2
1493 1 -77.9423 45.0 2
1492 1 -77.9423 45.0 2
1491 1 -77.9423 45.0 2
1490 1 -77.9423 45.0 2
1489 1 -77.9423 45.0 2
1488 1 -77.9423 45.0 2
1487 1 -77.9423 45.0 2
1486 1 -77.9423 45.0 2
1485 1 -77.9423 45.0 2
1484 1 -77.9423 45.0 2
1483 1 -77.9423 45.0 2
1482 1 -77.9423 45.0 2
1480 1 -77.9423 45.0 2
1479 1 -77.9423 45.0 2
1478 1 -77.9423 45.0 2
1477 1 -77.9423 45.0 2
1476 1 -77.9423 45.0 2
1475 1 -77.9423 45.0 2
1474 1 -77.9423 45.0 2
1473 1 -77.9423 45.0 2
1472 1 -77.9423 45.0 2
1471 1 -77.9423 45.0 2
1470 1 -69.282 40.0 2
1469 1 -69.282 40.0 2
1468 1 -69.282 40.0 2
1467 1 -69.282 40.0 2
1466 1 -69.282 40.0 2
1465 1 -69.282 40.0 2
1464 1 -69.282 40.0 2
1463 1 -69.282 40.0 2
1462 1 -69.282 40.0 2
1461 1 -69.282 40.0 2
1460 1 -69.282 40.0 2
1458 1 -69.282 40.0 2
1457 1 -69.282 40.0 2
1455 1 -69.282 40.0 2
1454 1 -69.282 40.0 2
1453 1 -69.282 40.0 2
1452 1 -69.282 40.0 2
1451 1 -69.282 40.0 2
1450 1 -69.282 40.0 2
1449 1 -69.282 40.0 2
-1 0 0.0 0.0 D
1762 2 59.0 146.50479125976562 60 2147483647 61
0 0 0.0 0.0 D
389 1 -8.6603 5.0 2
388 1 -8.6603 5.0 2
387 1 -8.6603 5.0 2
386 1 -8.6603 5.0 2
385 1 -8.6603 5.0 2
384 1 -8.6603 5.0 2
383 1 -8.6603 5.0 2
382 1 -8.6603 5.0 2
381 1 -8.6603 5.0 2
380 1 -8.6603 5.0 2
379 1 -8.6603 5.0 2
378 1 -8.6603 5.0 2
377 1 -8.6603 5.0 2
375 1 -8.6603 5.0 2
374 1 -8.6603 5.0 2
373 1 -8.6603 5.0 2
372 1 -8.6603 5.0 2
371 1 -8.6603 5.0 2
370 1 -8.6603 5.0 2
368 1 -8.6603 5.0 2
367 1 -8.6603 5.0 2
365 1 -8.6603 5.0 2
363 1 -8.6603 5.0 2
362 1 -8.6603 5.0 2
449 1 -25.9808 15.0 2
448 1 -25.9808 15.0 2
447 1 -25.9808 15.0 2
445 1 -25.9808 15.0 2
444 1 -25.9808 15.0 2
443 1 -25.9808 15.0 2
442 1 -25.9808 15.0 2
441 1 -25.9808 15.0 2
439 1 -25.9808 15.0 2
438 1 -25.9808 15.0 2
434 1 -25.9808 15.0 2
432 1 -25.9808 15.0 2
431 1 -25.9808 15.0 2
428 1 -25.9808 15.0 2
427 1 -25.9808 15.0 2
426 1 -25.9808 15.0 2
425 1 -25.9808 15.0 2
424 1 -25.9808 15.0 2
423 1 -25.9808 15.0 2
422 1 -25.9808 15.0 2
421 1 -25.9808 15.0 2
1436 1 -60.6218 35.0 2
1434 1 -60.6218 35.0 2
1431 1 -60.6218 35.0 2
1430 1 -60.6218 35.0 2
1429 1 -60.6218 35.0 2
1428 1 -60.6218 35.0 2
1427 1 -60.6218 35.0 2
1426 1 -60.6218 35.0 2
505 1 -30.0 0.0 2
504 1 -30.0 0.0 2
497 1 -20.0 0.0 2
492 1 -20.0 0.0 2
491 1 -20.0 0.0 2
489 1 -10.0 0.0 2
-1 0 0.0 0.0 D
1763 2 59.0 236.76242065429688 60 2147483647 61
0 0 0.0 0.0 D
660 1 -10.0 -17.3205 2
659 1 -10.0 -17.3205 2
653 1 -10.0 -17.3205 2
652 1 -10.0 -17.3205 2
651 1 -10.0 -17.3205 2
650 1 -10.0 -17.3205 2
647 1 -10.0 -17.3205 2
646 1 -10.0 -17.3205 2
645 1 -10.0 -17.3205 2
643 1 -10.0 -17.3205 2
642 1 -10.0 -17.3205 2
640 1 -10.0 -17.3205 2
639 1 -10.0 -17.3205 2
638 1 -10.0 -17.3205 2
637 1 -10.0 -17.3205 2
636 1 -10.0 -17.3205 2
634 1 -10.0 -17.3205 2
633 1 -10.0 -17.3205 2
632 1 -10.0 -17.3205 2
631 1 -10.0 -17.3205 2
720 1 -20.0 -34.641 2
719 1 -20.0 -34.641 2
717 1 -20.0 -34.641 2
714 1 -20.0 -34.641 2
713 1 -20.0 -34.641 2
712 1 -20.0 -34.641 2
710 1 -20.0 -34.641 2
709 1 -20.0 -34.641 2
708 1 -20.0 -34.641 2
707 1 -20.0 -34.641 2
706 1 -20.0 -34.641 2
705 1 -20.0 -34.641 2
704 1 -20.0 -34.641 2
702 1 -20.0 -34.641 2
701 1 -20.0 -34.641 2
700 1 -20.0 -34.641 2
699 1 -20.0 -34.641 2
698 1 -20.0 -34.641 2
697 1 -20.0 -34.641 2
696 1 -20.0 -34.641 2
695 1 -20.0 -34.641 2
694 1 -20.0 -34.641 2
692 1 -20.0 -34.641 2
691 1 -20.0 -34.641 2
1621 1 -30.0 -51.9615 2
997 1 -48.2963 -12.941 2
1539 1 -90.0 0.0 2
1529 1 -80.0 0.0 2
1527 1 -80.0 0.0 2
1526 1 -80.0 0.0 2
1525 1 -80.0 0.0 2
1521 1 -80.0 0.0 2
1515 1 -70.0 0.0 2
1511 1 -70.0 0.0 2
1504 1 -60.0 0.0 2
1502 1 -60.0 0.0 2
1501 1 -60.0 0.0 2
517 1 -40.0 0.0 2
515 1 -40.0 0.0 2
-1 0 0.0 0.0 D
1764 4 149.0 375.23046875 150 2147483647 151
0 0 0.0 0.0 D
510 1 -30.0 0.0 4
509 1 -30.0 0.0 4
508 1 -30.0 0.0 4
507 1 -30.0 0.0 4
506 1 -30.0 0.0 4
503 1 -30.0 0.0 4
502 1 -30.0 0.0 4
501 1 -30.0 0.0 4
1560 1 -51.9615 -30.0 4
1559 1 -51.9615 -30.0 4
1600 1 -69.282 -40.0 4
1599 1 -69.282 -40.0 4
1598 1 -69.282 -40.0 4
1597 1 -69.282 -40.0 4
1596 1 -69.282 -40.0 4
1595 1 -69.282 -40.0 4
1594 1 -69.282 -40.0 4
1593 1 -69.282 -40.0 4
1591 1 -69.282 -40.0 4
1589 1 -69.282 -40.0 4
1588 1 -69.282 -40.0 4
1587 1 -69.282 -40.0 4
1586 1 -69.282 -40.0 4
1585 1 -69.282 -40.0 4
1584 1 -69.282 -40.0 4
1583 1 -69.282 -40.0 4
1582 1 -69.282 -40.0 4
1581 1 -69.282 -40.0 4
1010 1 -12.9409 -48.2963 4
1009 1 -12.9409 -48.2963 4
1007 1 -12.9409 -48.2963 4
1006 1 -12.9409 -48.2963 4
1005 1 -12.9409 -48.2963 4
1004 1 -12.9409 -48.2963 4
1003 1 -12.9409 -48.2963 4
1002 1 -12.9409 -48.2963 4
1001 1 -12.9409 -48.2963 4
1750 1 0.0 -60.0 4
1749 1 0.0 -60.0 4
1748 1 0.0 -60.0 4
1747 1 0.0 -60.0 4
1746 1 0.0 -60.0 4
1745 1 0.0 -60.0 4
1744 1 0.0 -60.0 4
1742 1 0.0 -60.0 4
1741 1 0.0 -60.0 4
1759 1 0.0 -70.0 4
1758 1 0.0 -70.0 4
1756 1 0.0 -70.0 4
1755 1 0.0 -70.0 4
1754 1 0.0 -70.0 4
1753 1 0.0 -70.0 4
1752 1 0.0 -70.0 4
1751 1 0.0 -70.0 4
1770 1 0.0 -80.0 4
1769 1 0.0 -80.0 4
1768 1 0.0 -80.0 4
1766 1 0.0 -80.0 4
1765 1 0.0 -80.0 4
1762 1 0.0 -80.0 4
1761 1 0.0 -80.0 4
1780 1 0.0 -90.0 4
1779 1 0.0 -90.0 4
1778 1 0.0 -90.0 4
1777 1 0.0 -90.0 4
1776 1 0.0 -90.0 4
1775 1 0.0 -90.0 4
1774 1 0.0 -90.0 4
1773 1 0.0 -90.0 4
1772 1 0.0 -90.0 4
1771 1 0.0 -90.0 4
1846 1 45.0 -77.9423 4
1845 1 45.0 -77.9423 4
1844 1 45.0 -77.9423 4
1842 1 45.0 -77.9423 4
1841 1 45.0 -77.9423 4
1817 1 35.0 -60.6218 4
1816 1 35.0 -60.6218 4
1815 1 35.0 -60.6218 4
1814 1 35.0 -60.6218 4
1813 1 35.0 -60.6218 4
1811 1 35.0 -60.6218 4
1809 1 35.0 -60.6218 4
1808 1 35.0 -60.6218 4
1807 1 35.0 -60.6218 4
1806 1 35.0 -60.6218 4
1804 1 35.0 -60.6218 4
1803 1 35.0 -60.6218 4
1802 1 35.0 -60.6218 4
1801 1 35.0 -60.6218 4
820 1 15.0 -25.9808 4
819 1 15.0 -25.9808 4
818 1 15.0 -25.9808 4
817 1 15.0 -25.9808 4
816 1 15.0 -25.9808 4
815 1 15.0 -25.9808 4
814 1 15.0 -25.9808 4
811 1 15.0 -25.9808 4
810 1 15.0 -25.9808 4
809 1 15.0 -25.9808 4
808 1 15.0 -25.9808 4
807 1 15.0 -25.9808 4
806 1 15.0 -25.9808 4
805 1 15.0 -25.9808 4
804 1 15.0 -25.9808 4
803 1 15.0 -25.9808 4
802 1 15.0 -25.9808 4
801 1 15.0 -25.9808 4
759 1 0.0 -40.0 4
757 1 0.0 -40.0 4
755 1 0.0 -40.0 4
754 1 0.0 -40.0 4
753 1 0.0 -40.0 4
752 1 0.0 -40.0 4
751 1 0.0 -40.0 4
750 1 0.0 -30.0 4
749 1 0.0 -30.0 4
748 1 0.0 -30.0 4
747 1 0.0 -30.0 4
746 1 0.0 -30.0 4
744 1 0.0 -30.0 4
742 1 0.0 -30.0 4
741 1 0.0 -30.0 4
740 1 0.0 -20.0 4
739 1 0.0 -20.0 4
738 1 0.0 -20.0 4
737 1 0.0 -20.0 4
736 1 0.0 -20.0 4
735 1 0.0 -20.0 4
734 1 0.0 -20.0 4
733 1 0.0 -20.0 4
732 1 0.0 -20.0 4
731 1 0.0 -20.0 4
779 1 5.0 -8.6603 4
778 1 5.0 -8.6603 4
777 1 5.0 -8.6603 4
776 1 5.0 -8.6603 4
775 1 5.0 -8.6603 4
774 1 5.0 -8.6603 4
773 1 5.0 -8.6603 4
772 1 5.0 -8.6603 4
771 1 5.0 -8.6603 4
770 1 5.0 -8.6603 4
769 1 5.0 -8.6603 4
768 1 5.0 -8.6603 4
766 1 5.0 -8.6603 4
765 1 5.0 -8.6603 4
763 1 5.0 -8.6603 4
51 1 8.6603 5.0 4
-1 0 0.0 0.0 D
1765 2 59.0 180.00001525878906 60 2147483647 61
0 0 0.0 0.0 D
1725 1 -45.0 -77.9423 2
1724 1 -45.0 -77.9423 2
1723 1 -45.0 -77.9423 2
1722 1 -45.0 -77.9423 2
1720 1 -45.0 -77.9423 2
1718 1 -45.0 -77.9423 2
1717 1 -45.0 -77.9423 2
1716 1 -45.0 -77.9423 2
1715 1 -45.0 -77.9423 2
1714 1 -45.0 -77.9423 2
1713 1 -45.0 -77.9423 2
1710 1 -40.0 -69.282 2
1709 1 -40.0 -69.282 2
1708 1 -40.0 -69.282 2
1706 1 -40.0 -69.282 2
1705 1 -40.0 -69.282 2
1704 1 -40.0 -69.282 2
1703 1 -40.0 -69.282 2
1699 1 -40.0 -69.282 2
1698 1 -40.0 -69.282 2
1697 1 -40.0 -69.282 2
1696 1 -40.0 -69.282 2
1695 1 -40.0 -69.282 2
1692 1 -40.0 -69.282 2
1691 1 -40.0 -69.282 2
1690 1 -40.0 -69.282 2
1689 1 -40.0 -69.282 2
1688 1 -40.0 -69.282 2
1687 1 -40.0 -69.282 2
1686 1 -40.0 -69.282 2
1685 1 -40.0 -69.282 2
1683 1 -40.0 -69.282 2
1682 1 -40.0 -69.282 2
1681 1 -40.0 -69.282 2
1650 1 -30.0 -51.9615 2
1649 1 -30.0 -51.9615 2
1648 1 -30.0 -51.9615 2
1647 1 -30.0 -51.9615 2
1646 1 -30.0 -51.9615 2
1645 1 -30.0 -51.9615 2
1644 1 -30.0 -51.9615 2
1643 1 -30.0 -51.9615 2
1642 1 -30.0 -51.9615 2
1641 1 -30.0 -51.9615 2
1640 1 -30.0 -51.9615 2
1638 1 -30.0 -51.9615 2
1637 1 -30.0 -51.9615 2
1636 1 -30.0 -51.9615 2
1635 1 -30.0 -51.9615 2
1634 1 -30.0 -51.9615 2
1633 1 -30.0 -51.9615 2
1632 1 -30.0 -51.9615 2
1631 1 -30.0 -51.9615 2
1629 1 -30.0 -51.9615 2
1628 1 -30.0 -51.9615 2
1625 1 -30.0 -51.9615 2
1624 1 -30.0 -51.9615 2
1623 1 -30.0 -51.9615 2
1622 1 -30.0 -51.9615 2
-1 0 0.0 0.0 D
1766 2 59.0 180.00001525878906 60 2147483647 61
0 0 0.0 0.0 D
690 1 -15.0 -25.9808 2
689 1 -15.0 -25.9808 2
688 1 -15.0 -25.9808 2
687 1 -15.0 -25.9808 2
686 1 -15.0 -25.9808 2
685 1 -15.0 -25.9808 2
684 1 -15.0 -25.9808 2
683 1 -15.0 -25.9808 2
682 1 -15.0 -25.9808 2
681 1 -15.0 -25.9808 2
680 1 -15.0 -25.9808 2
679 1 -15.0 -25.9808 2
677 1 -15.0 -25.9808 2
676 1 -15.0 -25.9808 2
675 1 -15.0 -25.9808 2
672 1 -15.0 -25.9808 2
671 1 -15.0 -25.9808 2
670 1 -15.0 -25.9808 2
669 1 -15.0 -25.9808 2
668 1 -15.0 -25.9808 2
667 1 -15.0 -25.9808 2
666 1 -15.0 -25.9808 2
665 1 -15.0 -25.9808 2
664 1 -15.0 -25.9808 2
663 1 -15.0 -25.9808 2
662 1 -15.0 -25.9808 2
661 1 -15.0 -25.9808 2
1679 1 -35.0 -60.6218 2
1678 1 -35.0 -60.6218 2
1677 1 -35.0 -60.6218 2
1676 1 -35.0 -60.6218 2
1674 1 -35.0 -60.6218 2
1670 1 -35.0 -60.6218 2
1669 1 -35.0 -60.6218 2
1668 1 -35.0 -60.6218 2
1667 1 -35.0 -60.6218 2
1666 1 -35.0 -60.6218 2
1665 1 -35.0 -60.6218 2
1664 1 -35.0 -60.6218 2
1662 1 -35.0 -60.6218 2
1661 1 -35.0 -60.6218 2
1660 1 -35.0 -60.6218 2
1659 1 -35.0 -60.6218 2
1658 1 -35.0 -60.6218 2
1657 1 -35.0 -60.6218 2
1656 1 -35.0 -60.6218 2
1654 1 -35.0 -60.6218 2
1653 1 -35.0 -60.6218 2
1740 1 -45.0 -77.9423 2
1739 1 -45.0 -77.9423 2
1738 1 -45.0 -77.9423 2
1737 1 -45.0 -77.9423 2
1736 1 -45.0 -77.9423 2
1735 1 -45.0 -77.9423 2
1733 1 -45.0 -77.9423 2
1732 1 -45.0 -77.9423 2
1731 1 -45.0 -77.9423 2
1730 1 -45.0 -77.9423 2
1727 1 -45.0 -77.9423 2
-1 0 0.0 0.0 D
1767 2 59.0 194.45843505859375 60 2147483647 61
0 0 0.0 0.0 D
630 1 -5.0 -8.6603 2
629 1 -5.0 -8.6603 2
628 1 -5.0 -8.6603 2
625 1 -5.0 -8.6603 2
624 1 -5.0 -8.6603 2
623 1 -5.0 -8.6603 2
620 1 -5.0 -8.6603 2
619 1 -5.0 -8.6603 2
618 1 -5.0 -8.6603 2
617 1 -5.0 -8.6603 2
616 1 -5.0 -8.6603 2
615 1 -5.0 -8.6603 2
613 1 -5.0 -8.6603 2
612 1 -5.0 -8.6603 2
611 1 -5.0 -8.6603 2
610 1 -5.0 -8.6603 2
609 1 -5.0 -8.6603 2
608 1 -5.0 -8.6603 2
607 1 -5.0 -8.6603 2
605 1 -5.0 -8.6603 2
604 1 -5.0 -8.6603 2
603 1 -5.0 -8.6603 2
602 1 -5.0 -8.6603 2
601 1 -5.0 -8.6603 2
727 1 0.0 -10.0 2
745 1 0.0 -30.0 2
743 1 0.0 -30.0 2
760 1 0.0 -40.0 2
758 1 0.0 -40.0 2
756 1 0.0 -40.0 2
1743 1 0.0 -60.0 2
1760 1 0.0 -70.0 2
1757 1 0.0 -70.0 2
1767 1 0.0 -80.0 2
1764 1 0.0 -80.0 2
1763 1 0.0 -80.0 2
933 1 34.641 -20.0 2
931 1 34.641 -20.0 2
900 1 17.3205 -10.0 2
898 1 17.3205 -10.0 2
897 1 17.3205 -10.0 2
896 1 17.3205 -10.0 2
894 1 17.3205 -10.0 2
891 1 17.3205 -10.0 2
889 1 17.3205 -10.0 2
888 1 17.3205 -10.0 2
887 1 17.3205 -10.0 2
886 1 17.3205 -10.0 2
883 1 17.3205 -10.0 2
882 1 17.3205 -10.0 2
880 1 17.3205 -10.0 2
879 1 17.3205 -10.0 2
877 1 17.3205 -10.0 2
876 1 17.3205 -10.0 2
875 1 17.3205 -10.0 2
874 1 17.3205 -10.0 2
873 1 17.3205 -10.0 2
872 1 17.3205 -10.0 2
871 1 17.3205 -10.0 2
-1 0 0.0 0.0 D
1769 2 59.0 159.99993896484375 60 2147483647 61
0 0 0.0 0.0 D
1935 1 69.282 -40.0 2
1934 1 69.282 -40.0 2
1933 1 69.282 -40.0 2
1932 1 69.282 -40.0 2
1929 1 69.282 -40.0 2
1928 1 69.282 -40.0 2
1925 1 69.282 -40.0 2
1924 1 69.282 -40.0 2
1922 1 69.282 -40.0 2
1889 1 51.9615 -30.0 2
1888 1 51.9615 -30.0 2
1887 1 51.9615 -30.0 2
1885 1 51.9615 -30.0 2
1884 1 51.9615 -30.0 2
1883 1 51.9615 -30.0 2
1882 1 51.9615 -30.0 2
1881 1 51.9615 -30.0 2
1880 1 51.9615 -30.0 2
1879 1 51.9615 -30.0 2
1878 1 51.9615 -30.0 2
1877 1 51.9615 -30.0 2
1876 1 51.9615 -30.0 2
1875 1 51.9615 -30.0 2
1874 1 51.9615 -30.0 2
1873 1 51.9615 -30.0 2
1872 1 51.9615 -30.0 2
1871 1 51.9615 -30.0 2
1870 1 51.9615 -30.0 2
1869 1 51.9615 -30.0 2
1868 1 51.9615 -30.0 2
1866 1 51.9615 -30.0 2
1865 1 51.9615 -30.0 2
1864 1 51.9615 -30.0 2
1863 1 51.9615 -30.0 2
1862 1 51.9615 -30.0 2
1861 1 51.9615 -30.0 2
959 1 34.641 -20.0 2
958 1 34.641 -20.0 2
957 1 34.641 -20.0 2
956 1 34.641 -20.0 2
955 1 34.641 -20.0 2
954 1 34.641 -20.0 2
953 1 34.641 -20.0 2
952 1 34.641 -20.0 2
951 1 34.641 -20.0 2
950 1 34.641 -20.0 2
949 1 34.641 -20.0 2
947 1 34.641 -20.0 2
946 1 34.641 -20.0 2
945 1 34.641 -20.0 2
944 1 34.641 -20.0 2
943 1 34.641 -20.0 2
941 1 34.641 -20.0 2
940 1 34.641 -20.0 2
939 1 34.641 -20.0 2
938 1 34.641 -20.0 2
936 1 34.641 -20.0 2
935 1 34.641 -20.0 2
934 1 34.641 -20.0 2
-1 0 0.0 0.0 D
1770 2 59.0 180.00003051757812 60 2147483647 61
0 0 0.0 0.0 D
1914 1 60.6218 -35.0 2
1913 1 60.6218 -35.0 2
1912 1 60.6218 -35.0 2
1911 1 60.6218 -35.0 2
1910 1 60.6218 -35.0 2
1909 1 60.6218 -35.0 2
1908 1 60.6218 -35.0 2
1907 1 60.6218 -35.0 2
1906 1 60.6218 -35.0 2
1905 1 60.6218 -35.0 2
1904 1 60.6218 -35.0 2
1903 1 60.6218 -35.0 2
1902 1 60.6218 -35.0 2
1899 1 60.6218 -35.0 2
1898 1 60.6218 -35.0 2
1897 1 60.6218 -35.0 2
1895 1 60.6218 -35.0 2
1894 1 60.6218 -35.0 2
1893 1 60.6218 -35.0 2
1892 1 60.6218 -35.0 2
1980 1 77.9423 -45.0 2
1978 1 77.9423 -45.0 2
1977 1 77.9423 -45.0 2
1976 1 77.9423 -45.0 2
1975 1 77.9423 -45.0 2
1974 1 77.9423 -45.0 2
1973 1 77.9423 -45.0 2
1970 1 77.9423 -45.0 2
1968 1 77.9423 -45.0 2
1967 1 77.9423 -45.0 2
1966 1 77.9423 -45.0 2
1965 1 77.9423 -45.0 2
1964 1 77.9423 -45.0 2
1963 1 77.9423 -45.0 2
1962 1 77.9423 -45.0 2
1961 1 77.9423 -45.0 2
1959 1 77.9423 -45.0 2
1958 1 77.9423 -45.0 2
1956 1 77.9423 -45.0 2
1955 1 77.9423 -45.0 2
1954 1 77.9423 -45.0 2
1953 1 77.9423 -45.0 2
1952 1 77.9423 -45.0 2
1951 1 77.9423 -45.0 2
1950 1 69.282 -40.0 2
1949 1 69.282 -40.0 2
1948 1 69.282 -40.0 2
1947 1 69.282 -40.0 2
1946 1 69.282 -40.0 2
1945 1 69.282 -40.0 2
1944 1 69.282 -40.0 2
1943 1 69.282 -40.0 2
1942 1 69.282 -40.0 2
1941 1 69.282 -40.0 2
1940 1 69.282 -40.0 2
1939 1 69.282 -40.0 2
1938 1 69.282 -40.0 2
1937 1 69.282 -40.0 2
1936 1 69.282 -40.0 2
-1 0 0.0 0.0 D
1771 2 52.0 140.00003051757812 60 2147483647 54
0 0 0.0 0.0 D
869 1 8.6603 -5.0 2
868 1 8.6603 -5.0 2
867 1 8.6603 -5.0 2
866 1 8.6603 -5.0 2
863 1 8.6603 -5.0 2
862 1 8.6603 -5.0 2
861 1 8.6603 -5.0 2
858 1 8.6603 -5.0 2
854 1 8.6603 -5.0 2
853 1 8.6603 -5.0 2
852 1 8.6603 -5.0 2
851 1 8.6603 -5.0 2
850 1 8.6603 -5.0 2
849 1 8.6603 -5.0 2
848 1 8.6603 -5.0 2
847 1 8.6603 -5.0 2
846 1 8.6603 -5.0 2
845 1 8.6603 -5.0 2
844 1 8.6603 -5.0 2
843 1 8.6603 -5.0 2
842 1 8.6603 -5.0 2
841 1 8.6603 -5.0 2
930 1 25.9808 -15.0 2
929 1 25.9808 -15.0 2
928 1 25.9808 -15.0 2
927 1 25.9808 -15.0 2
926 1 25.9808 -15.0 2
925 1 25.9808 -15.0 2
924 1 25.9808 -15.0 2
923 1 25.9808 -15.0 2
922 1 25.9808 -15.0 2
919 1 25.9808 -15.0 2
918 1 25.9808 -15.0 2
916 1 25.9808 -15.0 2
915 1 25.9808 -15.0 2
914 1 25.9808 -15.0 2
913 1 25.9808 -15.0 2
911 1 25.9808 -15.0 2
910 1 25.9808 -15.0 2
909 1 25.9808 -15.0 2
908 1 25.9808 -15.0 2
907 1 25.9808 -15.0 2
906 1 25.9808 -15.0 2
905 1 25.9808 -15.0 2
904 1 25.9808 -15.0 2
903 1 25.9808 -15.0 2
902 1 25.9808 -15.0 2
901 1 25.9808 -15.0 2
1920 1 60.6218 -35.0 2
1919 1 60.6218 -35.0 2
1918 1 60.6218 -35.0 2
1917 1 60.6218 -35.0 2
-1 0 0.0 0.0 D
1774 1 76.0 341.96630859375 100 2147483647 78
0 0 0.0 0.0 D
856 1 8.6603 -5.0 1
761 1 5.0 -8.6603 1
762 1 5.0 -8.6603 1
764 1 5.0 -8.6603 1
767 1 5.0 -8.6603 1
780 1 5.0 -8.6603 1
606 1 -5.0 -8.6603 1
614 1 -5.0 -8.6603 1
621 1 -5.0 -8.6603 1
622 1 -5.0 -8.6603 1
626 1 -5.0 -8.6603 1
627 1 -5.0 -8.6603 1
532 1 -8.6603 -5.0 1
533 1 -8.6603 -5.0 1
536 1 -8.6603 -5.0 1
159 1 10.0 17.3205 1
160 1 10.0 17.3205 1
163 1 10.0 17.3205 1
169 1 10.0 17.3205 1
179 1 10.0 17.3205 1
920 1 25.9808 -15.0 1
921 1 25.9808 -15.0 1
963 1 48.2963 12.941 1
967 1 48.2963 12.941 1
969 1 48.2963 12.941 1
212 1 20.0 34.641 1
215 1 20.0 34.641 1
216 1 20.0 34.641 1
217 1 20.0 34.641 1
218 1 20.0 34.641 1
232 1 20.0 34.641 1
238 1 20.0 34.641 1
239 1 20.0 34.641 1
1147 1 30.0 51.9615 1
1148 1 30.0 51.9615 1
1152 1 30.0 51.9615 1
1157 1 30.0 51.9615 1
1162 1 30.0 51.9615 1
1166 1 30.0 51.9615 1
1202 1 40.0 69.282 1
1209 1 40.0 69.282 1
1130 1 77.9423 45.0 1
1137 1 77.9423 45.0 1
1139 1 77.9423 45.0 1
1108 1 69.282 40.0 1
1110 1 69.282 40.0 1
1119 1 69.282 40.0 1
1097 1 60.6218 35.0 1
1061 1 51.9615 30.0 1
1066 1 51.9615 30.0 1
1067 1 51.9615 30.0 1
1070 1 51.9615 30.0 1
1075 1 51.9615 30.0 1
1076 1 51.9615 30.0 1
1077 1 51.9615 30.0 1
102 1 34.641 20.0 1
104 1 34.641 20.0 1
108 1 34.641 20.0 1
116 1 34.641 20.0 1
117 1 34.641 20.0 1
81 1 25.9808 15.0 1
82 1 25.9808 15.0 1
84 1 25.9808 15.0 1
89 1 25.9808 15.0 1
91 1 25.9808 15.0 1
92 1 25.9808 15.0 1
94 1 25.9808 15.0 1
99 1 25.9808 15.0 1
61 1 17.3205 10.0 1
67 1 17.3205 10.0 1
69 1 17.3205 10.0 1
75 1 17.3205 10.0 1
77 1 17.3205 10.0 1
78 1 17.3205 10.0 1
45 1 8.6603 5.0 1
58 1 8.6603 5.0 1
-1 0 0.0 0.0 D
1801 4 235.0 415.802978515625 250 2147483647 237
0 0 0.0 0.0 D
721 1 0.0 -10.0 4
722 1 0.0 -10.0 4
723 1 0.0 -10.0 4
724 1 0.0 -10.0 4
725 1 0.0 -10.0 4
726 1 0.0 -10.0 4
728 1 0.0 -10.0 4
729 1 0.0 -10.0 4
730 1 0.0 -10.0 4
781 1 10.0 -17.3205 4
783 1 10.0 -17.3205 4
784 1 10.0 -17.3205 4
785 1 10.0 -17.3205 4
786 1 10.0 -17.3205 4
788 1 10.0 -17.3205 4
790 1 10.0 -17.3205 4
791 1 10.0 -17.3205 4
792 1 10.0 -17.3205 4
793 1 10.0 -17.3205 4
796 1 10.0 -17.3205 4
797 1 10.0 -17.3205 4
798 1 10.0 -17.3205 4
799 1 10.0 -17.3205 4
800 1 10.0 -17.3205 4
821 1 20.0 -34.641 4
822 1 20.0 -34.641 4
823 1 20.0 -34.641 4
824 1 20.0 -34.641 4
826 1 20.0 -34.641 4
827 1 20.0 -34.641 4
828 1 20.0 -34.641 4
829 1 20.0 -34.641 4
830 1 20.0 -34.641 4
831 1 20.0 -34.641 4
832 1 20.0 -34.641 4
833 1 20.0 -34.641 4
834 1 20.0 -34.641 4
835 1 20.0 -34.641 4
836 1 20.0 -34.641 4
837 1 20.0 -34.641 4
838 1 20.0 -34.641 4
840 1 20.0 -34.641 4
1781 1 30.0 -51.9615 4
1782 1 30.0 -51.9615 4
1783 1 30.0 -51.9615 4
1784 1 30.0 -51.9615 4
1785 1 30.0 -51.9615 4
1787 1 30.0 -51.9615 4
1788 1 30.0 -51.9615 4
1789 1 30.0 -51.9615 4
1791 1 30.0 -51.9615 4
1792 1 30.0 -51.9615 4
1793 1 30.0 -51.9615 4
1794 1 30.0 -51.9615 4
1795 1 30.0 -51.9615 4
1796 1 30.0 -51.9615 4
1797 1 30.0 -51.9615 4
1798 1 30.0 -51.9615 4
1799 1 30.0 -51.9615 4
1800 1 30.0 -51.9615 4
1822 1 40.0 -69.282 4
1823 1 40.0 -69.282 4
1824 1 40.0 -69.282 4
1825 1 40.0 -69.282 4
1826 1 40.0 -69.282 4
1827 1 40.0 -69.282 4
1828 1 40.0 -69.282 4
1830 1 40.0 -69.282 4
1832 1 40.0 -69.282 4
1833 1 40.0 -69.282 4
1834 1 40.0 -69.282 4
1835 1 40.0 -69.282 4
1837 1 40.0 -69.282 4
1838 1 40.0 -69.282 4
1840 1 40.0 -69.282 4
1848 1 45.0 -77.9423 4
1849 1 45.0 -77.9423 4
1850 1 45.0 -77.9423 4
1852 1 45.0 -77.9423 4
1853 1 45.0 -77.9423 4
1854 1 45.0 -77.9423 4
1855 1 45.0 -77.9423 4
1856 1 45.0 -77.9423 4
1857 1 45.0 -77.9423 4
1858 1 45.0 -77.9423 4
1859 1 45.0 -77.9423 4
1011 1 35.3553 -35.3553 4
1013 1 35.3553 -35.3553 4
1014 1 35.3553 -35.3553 4
1015 1 35.3553 -35.3553 4
1016 1 35.3553 -35.3553 4
1017 1 35.3553 -35.3553 4
1018 1 35.3553 -35.3553 4
1019 1 35.3553 -35.3553 4
1020 1 35.3553 -35.3553 4
1 1 10.0 0.0 4
2 1 10.0 0.0 4
5 1 10.0 0.0 4
6 1 10.0 0.0 4
7 1 10.0 0.0 4
9 1 10.0 0.0 4
11 1 20.0 0.0 4
12 1 20.0 0.0 4
13 1 20.0 0.0 4
14 1 20.0 0.0 4
15 1 20.0 0.0 4
17 1 20.0 0.0 4
18 1 20.0 0.0 4
20 1 20.0 0.0 4
21 1 30.0 0.0 4
24 1 30.0 0.0 4
26 1 30.0 0.0 4
29 1 30.0 0.0 4
30 1 30.0 0.0 4
31 1 40.0 0.0 4
33 1 40.0 0.0 4
34 1 40.0 0.0 4
35 1 40.0 0.0 4
36 1 40.0 0.0 4
37 1 40.0 0.0 4
38 1 40.0 0.0 4
39 1 40.0 0.0 4
40 1 40.0 0.0 4
961 1 48.2963 12.941 4
962 1 48.2963 12.941 4
964 1 48.2963 12.941 4
965 1 48.2963 12.941 4
966 1 48.2963 12.941 4
968 1 48.2963 12.941 4
970 1 48.2963 12.941 4
1022 1 60.0 0.0 4
1023 1 60.0 0.0 4
1024 1 60.0 0.0 4
1025 1 60.0 0.0 4
1027 1 60.0 0.0 4
1028 1 60.0 0.0 4
1029 1 60.0 0.0 4
1030 1 60.0 0.0 4
1031 1 70.0 0.0 4
1034 1 70.0 0.0 4
1035 1 70.0 0.0 4
1036 1 70.0 0.0 4
1037 1 70.0 0.0 4
1039 1 70.0 0.0 4
1041 1 80.0 0.0 4
1042 1 80.0 0.0 4
1043 1 80.0 0.0 4
1047 1 80.0 0.0 4
1049 1 80.0 0.0 4
1051 1 90.0 0.0 4
1052 1 90.0 0.0 4
1053 1 90.0 0.0 4
1055 1 90.0 0.0 4
1057 1 90.0 0.0 4
1059 1 90.0 0.0 4
1060 1 90.0 0.0 4
1981 1 96.5926 25.8819 4
1982 1 96.5926 25.8819 4
1983 1 96.5926 25.8819 4
1984 1 96.5926 25.8819 4
1986 1 96.5926 25.8819 4
1987 1 96.5926 25.8819 4
1988 1 96.5926 25.8819 4
1989 1 96.5926 25.8819 4
1121 1 77.9423 45.0 4
1122 1 77.9423 45.0 4
1123 1 77.9423 45.0 4
1124 1 77.9423 45.0 4
1125 1 77.9423 45.0 4
1126 1 77.9423 45.0 4
1127 1 77.9423 45.0 4
1128 1 77.9423 45.0 4
1129 1 77.9423 45.0 4
1131 1 77.9423 45.0 4
1132 1 77.9423 45.0 4
1133 1 77.9423 45.0 4
1134 1 77.9423 45.0 4
1135 1 77.9423 45.0 4
1136 1 77.9423 45.0 4
1138 1 77.9423 45.0 4
1140 1 77.9423 45.0 4
1081 1 60.6218 35.0 4
1082 1 60.6218 35.0 4
1083 1 60.6218 35.0 4
1084 1 60.6218 35.0 4
1085 1 60.6218 35.0 4
1086 1 60.6218 35.0 4
1087 1 60.6218 35.0 4
1088 1 60.6218 35.0 4
1089 1 60.6218 35.0 4
1090 1 60.6218 35.0 4
1091 1 60.6218 35.0 4
1092 1 60.6218 35.0 4
1093 1 60.6218 35.0 4
1094 1 60.6218 35.0 4
1095 1 60.6218 35.0 4
1096 1 60.6218 35.0 4
1098 1 60.6218 35.0 4
1099 1 60.6218 35.0 4
1100 1 60.6218 35.0 4
83 1 25.9808 15.0 4
85 1 25.9808 15.0 4
86 1 25.9808 15.0 4
87 1 25.9808 15.0 4
88 1 25.9808 15.0 4
90 1 25.9808 15.0 4
93 1 25.9808 15.0 4
95 1 25.9808 15.0 4
96 1 25.9808 15.0 4
97 1 25.9808 15.0 4
98 1 25.9808 15.0 4
100 1 25.9808 15.0 4
62 1 17.3205 10.0 4
63 1 17.3205 10.0 4
64 1 17.3205 10.0 4
65 1 17.3205 10.0 4
66 1 17.3205 10.0 4
68 1 17.3205 10.0 4
70 1 17.3205 10.0 4
71 1 17.3205 10.0 4
72 1 17.3205 10.0 4
73 1 17.3205 10.0 4
74 1 17.3205 10.0 4
76 1 17.3205 10.0 4
79 1 17.3205 10.0 4
80 1 17.3205 10.0 4
41 1 8.6603 5.0 4
42 1 8.6603 5.0 4
43 1 8.6603 5.0 4
44 1 8.6603 5.0 4
46 1 8.6603 5.0 4
47 1 8.6603 5.0 4
48 1 8.6603 5.0 4
49 1 8.6603 5.0 4
50 1 8.6603 5.0 4
-1 0 0.0 0.0 D
