File: p14 Num Depots: 1 Num Pick Up Points: 104 Num Trucks: 4Processing Time: 69 seconds
Total Demand = 2000.00| Total Distance = 5164.38| Total Travel Time = 3873.28| Total Cost = $2740.19|

Truck #1753 MaxCap: 100 Demand: 99.0 ROUTE:0 144 140 139 135 134 123 209 202 200 195 186 976 1199 1197 1195 1191 1187 1186 1181 1177 1176 1172 1228 1227 1225 1221 1212 1260 1992 1380 1376 1372 1369 1355 1352 1349 1346 1342 1336 1331 1323 1315 1310 986 1498 1497 1494 1481 1459 1456 1446 1443 1440 1439 1438 1437 1435 1433 1432 1424 1416 1409 1404 1400 1399 1394 1389 1387 1386 1381 480 473 467 464 450 446 440 437 436 435 433 430 429 359 351 347 343 342 331 330 324 322 317 315 416 410 395 297 290 -1 
Truck #1754 MaxCap: 160 Demand: 152.0 ROUTE:0 870 865 864 860 859 857 855 899 895 893 892 890 885 884 881 878 917 912 960 948 942 937 932 1890 1886 1867 1916 1915 1901 1900 1896 1891 1931 1930 1927 1926 1923 1921 1979 1972 1971 1969 1960 1957 1860 1851 1847 1843 1839 1836 1831 1829 1821 1820 1819 1818 1812 1810 1805 1790 1786 1012 839 825 813 812 795 794 789 787 782 658 657 656 655 654 649 648 644 641 635 678 674 673 718 716 715 711 703 693 1008 1639 1630 1627 1626 1680 1675 1673 1672 1671 1663 1655 1652 1651 1707 1702 1701 1700 1694 1693 1684 1734 1729 1728 1726 1721 1719 1712 1711 1616 1611 1607 1592 1590 1579 1578 1576 1572 1570 1567 1566 1563 1558 1541 596 588 585 578 575 569 568 567 561 559 556 543 390 376 369 366 364 361 -1 
Truck #1755 MaxCap: 60 Demand: 59.0 ROUTE:0 180 178 177 176 175 174 173 172 171 170 168 167 166 165 164 162 161 158 157 156 155 154 153 152 151 221 220 219 214 213 211 1990 1985 1058 1056 1054 1050 1048 1046 1045 1044 1040 1038 1033 1032 1026 1021 32 28 27 25 23 22 19 16 10 8 4 3 -1 
Truck #1756 MaxCap: 100 Demand: 99.0 ROUTE:0 1180 1179 1178 1175 1174 1173 1171 1259 1258 1257 1256 1255 1254 1253 1252 1251 1250 1249 1248 1247 1246 1245 1244 1243 1242 1241 1240 1239 1238 1237 1236 1235 1234 1233 1232 1231 1230 1229 1226 1224 1223 1222 1220 1219 1218 1217 1216 1215 1214 1213 1211 1210 1208 1207 1206 1205 1204 1203 1201 1170 1169 1168 1167 1165 1164 1163 1161 1160 1159 1158 1156 1155 1154 1153 1151 1150 1149 1146 1145 1144 1143 1142 1141 240 237 236 235 234 233 231 230 229 228 227 226 225 224 223 222 -1 
Truck #1757 MaxCap: 160 Demand: 159.0 ROUTE:0 420 419 418 417 415 414 413 412 411 409 408 407 406 405 404 403 402 401 400 399 398 397 396 394 393 392 391 479 478 477 476 475 474 472 471 470 469 468 466 465 463 462 461 460 459 458 457 456 455 454 453 452 451 1410 1408 1407 1406 1405 1403 1402 1401 1398 1397 1396 1395 1393 1392 1391 1390 1388 1385 1384 1383 1382 1448 1447 1445 1444 1442 1441 981 271 1263 1262 1276 1289 1295 1294 1293 1292 2000 1999 1200 1198 1196 1194 1193 1192 1190 1189 1188 1185 1184 1183 1182 978 975 210 208 207 206 205 204 203 201 199 198 197 196 194 193 192 191 190 189 188 187 185 184 183 182 181 260 256 242 150 149 148 147 146 145 143 142 141 138 137 136 133 132 131 130 129 128 127 126 125 124 122 121 -1 
Truck #1759 MaxCap: 200 Demand: 199.0 ROUTE:0 250 249 248 247 246 245 244 243 241 259 258 257 255 254 253 252 251 120 119 118 115 114 113 112 111 110 109 107 106 105 103 101 1080 1079 1078 1074 1073 1072 1071 1069 1068 1065 1064 1063 1062 1120 1118 1117 1116 1115 1114 1113 1112 1111 1109 1107 1106 1105 1104 1103 1102 1101 1998 1997 1996 1995 1994 1993 1991 1300 1299 1298 1297 1296 1291 1290 1288 1287 1286 1285 1284 1283 1282 1281 1280 1279 1278 1277 1275 1274 1273 1272 1271 1379 1378 1377 1375 1374 1373 1371 1370 1368 1367 1366 1365 1364 1363 1362 1361 1340 1339 1338 1337 1335 1334 1333 1332 1330 1329 1328 1327 1326 1325 1324 1322 1321 1270 1269 1268 1267 1266 1265 1264 1261 980 979 977 974 973 972 971 280 279 278 277 276 275 274 273 272 270 269 268 267 266 265 264 263 262 261 340 339 338 337 336 335 334 333 332 329 328 327 326 325 323 321 305 304 303 302 301 300 299 298 296 295 294 293 292 291 289 288 287 286 285 284 283 282 281 -1 
Truck #1760 MaxCap: 250 Demand: 249.0 ROUTE:0 52 53 54 55 56 57 59 60 320 319 318 316 314 313 312 311 310 309 308 307 306 360 358 357 356 355 354 353 352 350 349 348 346 345 344 341 1320 1319 1318 1317 1316 1314 1313 1312 1311 1309 1308 1307 1306 1305 1304 1303 1302 1301 1360 1359 1358 1357 1356 1354 1353 1351 1350 1348 1347 1345 1344 1343 1341 990 989 988 987 985 984 983 982 520 519 518 516 514 513 512 511 1000 999 998 996 995 994 993 992 991 1510 1509 1508 1507 1506 1505 1503 1520 1519 1518 1517 1516 1514 1513 1512 1530 1528 1524 1523 1522 1540 1538 1537 1536 1535 1534 1533 1532 1531 1620 1619 1618 1617 1615 1614 1613 1612 1610 1609 1608 1606 1605 1604 1603 1602 1601 1580 1577 1575 1574 1573 1571 1569 1568 1565 1564 1562 1561 1557 1556 1555 1554 1553 1552 1551 1550 1549 1548 1547 1546 1545 1544 1543 1542 600 599 598 597 595 594 593 592 591 590 589 587 586 584 583 582 581 580 579 577 576 574 573 572 571 570 566 565 564 563 562 560 558 557 555 554 553 552 551 550 549 548 547 546 545 544 542 541 500 499 498 496 495 494 493 490 488 487 486 485 484 483 482 481 540 539 538 537 535 534 531 530 529 528 527 526 525 524 523 522 521 -1 
Truck #1761 MaxCap: 60 Demand: 59.0 ROUTE:0 1425 1423 1422 1421 1420 1419 1418 1417 1415 1414 1413 1412 1411 1500 1499 1496 1495 1493 1492 1491 1490 1489 1488 1487 1486 1485 1484 1483 1482 1480 1479 1478 1477 1476 1475 1474 1473 1472 1471 1470 1469 1468 1467 1466 1465 1464 1463 1462 1461 1460 1458 1457 1455 1454 1453 1452 1451 1450 1449 -1 
Truck #1762 MaxCap: 60 Demand: 59.0 ROUTE:0 389 388 387 386 385 384 383 382 381 380 379 378 377 375 374 373 372 371 370 368 367 365 363 362 449 448 447 445 444 443 442 441 439 438 434 432 431 428 427 426 425 424 423 422 421 1436 1434 1431 1430 1429 1428 1427 1426 505 504 497 492 491 489 -1 
Truck #1763 MaxCap: 60 Demand: 59.0 ROUTE:0 660 659 653 652 651 650 647 646 645 643 642 640 639 638 637 636 634 633 632 631 720 719 717 714 713 712 710 709 708 707 706 705 704 702 701 700 699 698 697 696 695 694 692 691 1621 997 1539 1529 1527 1526 1525 1521 1515 1511 1504 1502 1501 517 515 -1 
Truck #1764 MaxCap: 150 Demand: 149.0 ROUTE:0 510 509 508 507 506 503 502 501 1560 1559 1600 1599 1598 1597 1596 1595 1594 1593 1591 1589 1588 1587 1586 1585 1584 1583 1582 1581 1010 1009 1007 1006 1005 1004 1003 1002 1001 1750 1749 1748 1747 1746 1745 1744 1742 1741 1759 1758 1756 1755 1754 1753 1752 1751 1770 1769 1768 1766 1765 1762 1761 1780 1779 1778 1777 1776 1775 1774 1773 1772 1771 1846 1845 1844 1842 1841 1817 1816 1815 1814 1813 1811 1809 1808 1807 1806 1804 1803 1802 1801 820 819 818 817 816 815 814 811 810 809 808 807 806 805 804 803 802 801 759 757 755 754 753 752 751 750 749 748 747 746 744 742 741 740 739 738 737 736 735 734 733 732 731 779 778 777 776 775 774 773 772 771 770 769 768 766 765 763 51 -1 
Truck #1765 MaxCap: 60 Demand: 59.0 ROUTE:0 1725 1724 1723 1722 1720 1718 1717 1716 1715 1714 1713 1710 1709 1708 1706 1705 1704 1703 1699 1698 1697 1696 1695 1692 1691 1690 1689 1688 1687 1686 1685 1683 1682 1681 1650 1649 1648 1647 1646 1645 1644 1643 1642 1641 1640 1638 1637 1636 1635 1634 1633 1632 1631 1629 1628 1625 1624 1623 1622 -1 
Truck #1766 MaxCap: 60 Demand: 59.0 ROUTE:0 690 689 688 687 686 685 684 683 682 681 680 679 677 676 675 672 671 670 669 668 667 666 665 664 663 662 661 1679 1678 1677 1676 1674 1670 1669 1668 1667 1666 1665 1664 1662 1661 1660 1659 1658 1657 1656 1654 1653 1740 1739 1738 1737 1736 1735 1733 1732 1731 1730 1727 -1 
Truck #1767 MaxCap: 60 Demand: 59.0 ROUTE:0 630 629 628 625 624 623 620 619 618 617 616 615 613 612 611 610 609 608 607 605 604 603 602 601 727 745 743 760 758 756 1743 1760 1757 1767 1764 1763 933 931 900 898 897 896 894 891 889 888 887 886 883 882 880 879 877 876 875 874 873 872 871 -1 
Truck #1769 MaxCap: 60 Demand: 59.0 ROUTE:0 1935 1934 1933 1932 1929 1928 1925 1924 1922 1889 1888 1887 1885 1884 1883 1882 1881 1880 1879 1878 1877 1876 1875 1874 1873 1872 1871 1870 1869 1868 1866 1865 1864 1863 1862 1861 959 958 957 956 955 954 953 952 951 950 949 947 946 945 944 943 941 940 939 938 936 935 934 -1 
Truck #1770 MaxCap: 60 Demand: 59.0 ROUTE:0 1914 1913 1912 1911 1910 1909 1908 1907 1906 1905 1904 1903 1902 1899 1898 1897 1895 1894 1893 1892 1980 1978 1977 1976 1975 1974 1973 1970 1968 1967 1966 1965 1964 1963 1962 1961 1959 1958 1956 1955 1954 1953 1952 1951 1950 1949 1948 1947 1946 1945 1944 1943 1942 1941 1940 1939 1938 1937 1936 -1 
Truck #1771 MaxCap: 60 Demand: 52.0 ROUTE:0 869 868 867 866 863 862 861 858 854 853 852 851 850 849 848 847 846 845 844 843 842 841 930 929 928 927 926 925 924 923 922 919 918 916 915 914 913 911 910 909 908 907 906 905 904 903 902 901 1920 1919 1918 1917 -1 
Truck #1774 MaxCap: 100 Demand: 76.0 ROUTE:0 856 761 762 764 767 780 606 614 621 622 626 627 532 533 536 159 160 163 169 179 920 921 963 967 969 212 215 216 217 218 232 238 239 1147 1148 1152 1157 1162 1166 1202 1209 1130 1137 1139 1108 1110 1119 1097 1061 1066 1067 1070 1075 1076 1077 102 104 108 116 117 81 82 84 89 91 92 94 99 61 67 69 75 77 78 45 58 -1 
Truck #1801 MaxCap: 250 Demand: 235.0 ROUTE:0 721 722 723 724 725 726 728 729 730 781 783 784 785 786 788 790 791 792 793 796 797 798 799 800 821 822 823 824 826 827 828 829 830 831 832 833 834 835 836 837 838 840 1781 1782 1783 1784 1785 1787 1788 1789 1791 1792 1793 1794 1795 1796 1797 1798 1799 1800 1822 1823 1824 1825 1826 1827 1828 1830 1832 1833 1834 1835 1837 1838 1840 1848 1849 1850 1852 1853 1854 1855 1856 1857 1858 1859 1011 1013 1014 1015 1016 1017 1018 1019 1020 1 2 5 6 7 9 11 12 13 14 15 17 18 20 21 24 26 29 30 31 33 34 35 36 37 38 39 40 961 962 964 965 966 968 970 1022 1023 1024 1025 1027 1028 1029 1030 1031 1034 1035 1036 1037 1039 1041 1042 1043 1047 1049 1051 1052 1053 1055 1057 1059 1060 1981 1982 1983 1984 1986 1987 1988 1989 1121 1122 1123 1124 1125 1126 1127 1128 1129 1131 1132 1133 1134 1135 1136 1138 1140 1081 1082 1083 1084 1085 1086 1087 1088 1089 1090 1091 1092 1093 1094 1095 1096 1098 1099 1100 83 85 86 87 88 90 93 95 96 97 98 100 62 63 64 65 66 68 70 71 72 73 74 76 79 80 41 42 43 44 46 47 48 49 50 -1 


Inital Solution 0 changes  totQ=2000.00 totD=5296.62 $2776.43
Local One Opt 20 changes  totQ=2000.00 totD=5140.22 $2756.98
Local Two Opt 7 changes  totQ=2000.00 totD=5130.45 $2755.45
Local Three Opt 4 changes  totQ=2000.00 totD=5112.88 $2751.98
K-Two Forward 1 changes  totQ=2000.00 totD=5111.11 $2751.71
K-Two Reverse 0 changes  totQ=2000.00 totD=5111.11 $2751.71
K-Three Forward 0 changes  totQ=2000.00 totD=5111.11 $2751.71
K-Three Reverse 0 changes  totQ=2000.00 totD=5111.11 $2751.71
Exchange 01 6 changes  totQ=2000.00 totD=5112.22 $2749.20
Exchange 01 0 changes  totQ=2000.00 totD=5112.22 $2749.20
Exchange 11 0 changes  totQ=2000.00 totD=5112.22 $2749.20
Exchange 02 0 changes  totQ=2000.00 totD=5112.22 $2749.20
Exchange 20 0 changes  totQ=2000.00 totD=5112.22 $2749.20
Exchange 12 0 changes  totQ=2000.00 totD=5112.22 $2749.20
Exchange 21 0 changes  totQ=2000.00 totD=5112.22 $2749.20
Exchange 22 0 changes  totQ=2000.00 totD=5112.22 $2749.20
Combination 1 changes  totQ=2000.00 totD=5112.22 $2749.20
Reduction 0 changes  totQ=2000.00 totD=5149.22 $2745.10
Reallocation 0 changes  totQ=2000.00 totD=5149.22 $2745.10
Relax/Combine 1 changes  totQ=2000.00 totD=5164.38 $2740.19
Sharing 0 changes  totQ=2000.00 totD=5164.38 $2740.19
Relax/Share 0 changes  totQ=2000.00 totD=5164.38 $2740.19
