2000
1 4 1 10.0 0.0 1
2 4 1 10.0 0.0 1
3 2 1 10.0 0.0 1
4 2 1 10.0 0.0 1
5 4 1 10.0 0.0 1
6 4 1 10.0 0.0 1
7 4 1 10.0 0.0 1
8 2 1 10.0 0.0 1
9 4 1 10.0 0.0 1
10 2 1 10.0 0.0 1
11 4 1 20.0 0.0 2
12 4 1 20.0 0.0 2
13 4 1 20.0 0.0 2
14 4 1 20.0 0.0 2
15 4 1 20.0 0.0 2
16 2 1 20.0 0.0 2
17 4 1 20.0 0.0 2
18 4 1 20.0 0.0 2
19 2 1 20.0 0.0 2
20 4 1 20.0 0.0 2
21 4 1 30.0 0.0 3
22 2 1 30.0 0.0 3
23 2 1 30.0 0.0 3
24 4 1 30.0 0.0 3
25 2 1 30.0 0.0 3
26 4 1 30.0 0.0 3
27 2 1 30.0 0.0 3
28 2 1 30.0 0.0 3
29 4 1 30.0 0.0 3
30 4 1 30.0 0.0 3
31 4 1 40.0 0.0 4
32 2 1 40.0 0.0 4
33 4 1 40.0 0.0 4
34 4 1 40.0 0.0 4
35 4 1 40.0 0.0 4
36 4 1 40.0 0.0 4
37 4 1 40.0 0.0 4
38 4 1 40.0 0.0 4
39 4 1 40.0 0.0 4
40 4 1 40.0 0.0 4
41 4 1 8.6603 5.0 5
42 4 1 8.6603 5.0 5
43 4 1 8.6603 5.0 5
44 4 1 8.6603 5.0 5
45 1 1 8.6603 5.0 5
46 4 1 8.6603 5.0 5
47 4 1 8.6603 5.0 5
48 4 1 8.6603 5.0 5
49 4 1 8.6603 5.0 5
50 4 1 8.6603 5.0 5
51 4 1 8.6603 5.0 5
52 4 1 8.6603 5.0 5
53 4 1 8.6603 5.0 5
54 4 1 8.6603 5.0 5
55 4 1 8.6603 5.0 5
56 4 1 8.6603 5.0 5
57 4 1 8.6603 5.0 5
58 1 1 8.6603 5.0 5
59 4 1 8.6603 5.0 5
60 4 1 8.6603 5.0 5
61 1 1 17.3205 10.0 6
62 4 1 17.3205 10.0 6
63 4 1 17.3205 10.0 6
64 4 1 17.3205 10.0 6
65 4 1 17.3205 10.0 6
66 4 1 17.3205 10.0 6
67 1 1 17.3205 10.0 6
68 4 1 17.3205 10.0 6
69 1 1 17.3205 10.0 6
70 4 1 17.3205 10.0 6
71 4 1 17.3205 10.0 6
72 4 1 17.3205 10.0 6
73 4 1 17.3205 10.0 6
74 4 1 17.3205 10.0 6
75 1 1 17.3205 10.0 6
76 4 1 17.3205 10.0 6
77 1 1 17.3205 10.0 6
78 1 1 17.3205 10.0 6
79 4 1 17.3205 10.0 6
80 4 1 17.3205 10.0 6
81 1 1 25.9808 15.0 7
82 1 1 25.9808 15.0 7
83 4 1 25.9808 15.0 7
84 1 1 25.9808 15.0 7
85 4 1 25.9808 15.0 7
86 4 1 25.9808 15.0 7
87 4 1 25.9808 15.0 7
88 4 1 25.9808 15.0 7
89 1 1 25.9808 15.0 7
90 4 1 25.9808 15.0 7
91 1 1 25.9808 15.0 7
92 1 1 25.9808 15.0 7
93 4 1 25.9808 15.0 7
94 1 1 25.9808 15.0 7
95 4 1 25.9808 15.0 7
96 4 1 25.9808 15.0 7
97 4 1 25.9808 15.0 7
98 4 1 25.9808 15.0 7
99 1 1 25.9808 15.0 7
100 4 1 25.9808 15.0 7
101 4 1 34.641 20.0 8
102 1 1 34.641 20.0 8
103 4 1 34.641 20.0 8
104 1 1 34.641 20.0 8
105 4 1 34.641 20.0 8
106 4 1 34.641 20.0 8
107 4 1 34.641 20.0 8
108 1 1 34.641 20.0 8
109 4 1 34.641 20.0 8
110 4 1 34.641 20.0 8
111 4 1 34.641 20.0 8
112 4 1 34.641 20.0 8
113 4 1 34.641 20.0 8
114 4 1 34.641 20.0 8
115 4 1 34.641 20.0 8
116 1 1 34.641 20.0 8
117 1 1 34.641 20.0 8
118 4 1 34.641 20.0 8
119 4 1 34.641 20.0 8
120 4 1 34.641 20.0 8
121 2 1 5.0 8.6603 9
122 2 1 5.0 8.6603 9
123 1 1 5.0 8.6603 9
124 2 1 5.0 8.6603 9
125 2 1 5.0 8.6603 9
126 2 1 5.0 8.6603 9
127 2 1 5.0 8.6603 9
128 2 1 5.0 8.6603 9
129 2 1 5.0 8.6603 9
130 2 1 5.0 8.6603 9
131 2 1 5.0 8.6603 9
132 2 1 5.0 8.6603 9
133 2 1 5.0 8.6603 9
134 1 1 5.0 8.6603 9
135 1 1 5.0 8.6603 9
136 2 1 5.0 8.6603 9
137 2 1 5.0 8.6603 9
138 2 1 5.0 8.6603 9
139 1 1 5.0 8.6603 9
140 1 1 5.0 8.6603 9
141 2 1 5.0 8.6603 9
142 2 1 5.0 8.6603 9
143 2 1 5.0 8.6603 9
144 1 1 5.0 8.6603 9
145 2 1 5.0 8.6603 9
146 2 1 5.0 8.6603 9
147 2 1 5.0 8.6603 9
148 2 1 5.0 8.6603 9
149 2 1 5.0 8.6603 9
150 2 1 5.0 8.6603 9
151 2 1 10.0 17.3205 10
152 2 1 10.0 17.3205 10
153 2 1 10.0 17.3205 10
154 2 1 10.0 17.3205 10
155 2 1 10.0 17.3205 10
156 2 1 10.0 17.3205 10
157 2 1 10.0 17.3205 10
158 2 1 10.0 17.3205 10
159 1 1 10.0 17.3205 10
160 1 1 10.0 17.3205 10
161 2 1 10.0 17.3205 10
162 2 1 10.0 17.3205 10
163 1 1 10.0 17.3205 10
164 2 1 10.0 17.3205 10
165 2 1 10.0 17.3205 10
166 2 1 10.0 17.3205 10
167 2 1 10.0 17.3205 10
168 2 1 10.0 17.3205 10
169 1 1 10.0 17.3205 10
170 2 1 10.0 17.3205 10
171 2 1 10.0 17.3205 10
172 2 1 10.0 17.3205 10
173 2 1 10.0 17.3205 10
174 2 1 10.0 17.3205 10
175 2 1 10.0 17.3205 10
176 2 1 10.0 17.3205 10
177 2 1 10.0 17.3205 10
178 2 1 10.0 17.3205 10
179 1 1 10.0 17.3205 10
180 2 1 10.0 17.3205 10
181 2 1 15.0 25.9808 11
182 2 1 15.0 25.9808 11
183 2 1 15.0 25.9808 11
184 2 1 15.0 25.9808 11
185 2 1 15.0 25.9808 11
186 1 1 15.0 25.9808 11
187 2 1 15.0 25.9808 11
188 2 1 15.0 25.9808 11
189 2 1 15.0 25.9808 11
190 2 1 15.0 25.9808 11
191 2 1 15.0 25.9808 11
192 2 1 15.0 25.9808 11
193 2 1 15.0 25.9808 11
194 2 1 15.0 25.9808 11
195 1 1 15.0 25.9808 11
196 2 1 15.0 25.9808 11
197 2 1 15.0 25.9808 11
198 2 1 15.0 25.9808 11
199 2 1 15.0 25.9808 11
200 1 1 15.0 25.9808 11
201 2 1 15.0 25.9808 11
202 1 1 15.0 25.9808 11
203 2 1 15.0 25.9808 11
204 2 1 15.0 25.9808 11
205 2 1 15.0 25.9808 11
206 2 1 15.0 25.9808 11
207 2 1 15.0 25.9808 11
208 2 1 15.0 25.9808 11
209 1 1 15.0 25.9808 11
210 2 1 15.0 25.9808 11
211 2 1 20.0 34.641 12
212 1 1 20.0 34.641 12
213 2 1 20.0 34.641 12
214 2 1 20.0 34.641 12
215 1 1 20.0 34.641 12
216 1 1 20.0 34.641 12
217 1 1 20.0 34.641 12
218 1 1 20.0 34.641 12
219 2 1 20.0 34.641 12
220 2 1 20.0 34.641 12
221 2 1 20.0 34.641 12
222 2 1 20.0 34.641 12
223 2 1 20.0 34.641 12
224 2 1 20.0 34.641 12
225 2 1 20.0 34.641 12
226 2 1 20.0 34.641 12
227 2 1 20.0 34.641 12
228 2 1 20.0 34.641 12
229 2 1 20.0 34.641 12
230 2 1 20.0 34.641 12
231 2 1 20.0 34.641 12
232 1 1 20.0 34.641 12
233 2 1 20.0 34.641 12
234 2 1 20.0 34.641 12
235 2 1 20.0 34.641 12
236 2 1 20.0 34.641 12
237 2 1 20.0 34.641 12
238 1 1 20.0 34.641 12
239 1 1 20.0 34.641 12
240 2 1 20.0 34.641 12
241 4 1 0.0 10.0 13
242 2 1 0.0 10.0 13
243 4 1 0.0 10.0 13
244 4 1 0.0 10.0 13
245 4 1 0.0 10.0 13
246 4 1 0.0 10.0 13
247 4 1 0.0 10.0 13
248 4 1 0.0 10.0 13
249 4 1 0.0 10.0 13
250 4 1 0.0 10.0 13
251 4 1 0.0 20.0 14
252 4 1 0.0 20.0 14
253 4 1 0.0 20.0 14
254 4 1 0.0 20.0 14
255 4 1 0.0 20.0 14
256 2 1 0.0 20.0 14
257 4 1 0.0 20.0 14
258 4 1 0.0 20.0 14
259 4 1 0.0 20.0 14
260 2 1 0.0 20.0 14
261 4 1 0.0 30.0 15
262 4 1 0.0 30.0 15
263 4 1 0.0 30.0 15
264 4 1 0.0 30.0 15
265 4 1 0.0 30.0 15
266 4 1 0.0 30.0 15
267 4 1 0.0 30.0 15
268 4 1 0.0 30.0 15
269 4 1 0.0 30.0 15
270 4 1 0.0 30.0 15
271 2 1 0.0 40.0 16
272 4 1 0.0 40.0 16
273 4 1 0.0 40.0 16
274 4 1 0.0 40.0 16
275 4 1 0.0 40.0 16
276 4 1 0.0 40.0 16
277 4 1 0.0 40.0 16
278 4 1 0.0 40.0 16
279 4 1 0.0 40.0 16
280 4 1 0.0 40.0 16
281 4 1 -5.0 8.6603 17
282 4 1 -5.0 8.6603 17
283 4 1 -5.0 8.6603 17
284 4 1 -5.0 8.6603 17
285 4 1 -5.0 8.6603 17
286 4 1 -5.0 8.6603 17
287 4 1 -5.0 8.6603 17
288 4 1 -5.0 8.6603 17
289 4 1 -5.0 8.6603 17
290 1 1 -5.0 8.6603 17
291 4 1 -5.0 8.6603 17
292 4 1 -5.0 8.6603 17
293 4 1 -5.0 8.6603 17
294 4 1 -5.0 8.6603 17
295 4 1 -5.0 8.6603 17
296 4 1 -5.0 8.6603 17
297 1 1 -5.0 8.6603 17
298 4 1 -5.0 8.6603 17
299 4 1 -5.0 8.6603 17
300 4 1 -5.0 8.6603 17
301 4 1 -10.0 17.3205 18
302 4 1 -10.0 17.3205 18
303 4 1 -10.0 17.3205 18
304 4 1 -10.0 17.3205 18
305 4 1 -10.0 17.3205 18
306 4 1 -10.0 17.3205 18
307 4 1 -10.0 17.3205 18
308 4 1 -10.0 17.3205 18
309 4 1 -10.0 17.3205 18
310 4 1 -10.0 17.3205 18
311 4 1 -10.0 17.3205 18
312 4 1 -10.0 17.3205 18
313 4 1 -10.0 17.3205 18
314 4 1 -10.0 17.3205 18
315 1 1 -10.0 17.3205 18
316 4 1 -10.0 17.3205 18
317 1 1 -10.0 17.3205 18
318 4 1 -10.0 17.3205 18
319 4 1 -10.0 17.3205 18
320 4 1 -10.0 17.3205 18
321 4 1 -15.0 25.9808 19
322 1 1 -15.0 25.9808 19
323 4 1 -15.0 25.9808 19
324 1 1 -15.0 25.9808 19
325 4 1 -15.0 25.9808 19
326 4 1 -15.0 25.9808 19
327 4 1 -15.0 25.9808 19
328 4 1 -15.0 25.9808 19
329 4 1 -15.0 25.9808 19
330 1 1 -15.0 25.9808 19
331 1 1 -15.0 25.9808 19
332 4 1 -15.0 25.9808 19
333 4 1 -15.0 25.9808 19
334 4 1 -15.0 25.9808 19
335 4 1 -15.0 25.9808 19
336 4 1 -15.0 25.9808 19
337 4 1 -15.0 25.9808 19
338 4 1 -15.0 25.9808 19
339 4 1 -15.0 25.9808 19
340 4 1 -15.0 25.9808 19
341 4 1 -20.0 34.641 20
342 1 1 -20.0 34.641 20
343 1 1 -20.0 34.641 20
344 4 1 -20.0 34.641 20
345 4 1 -20.0 34.641 20
346 4 1 -20.0 34.641 20
347 1 1 -20.0 34.641 20
348 4 1 -20.0 34.641 20
349 4 1 -20.0 34.641 20
350 4 1 -20.0 34.641 20
351 1 1 -20.0 34.641 20
352 4 1 -20.0 34.641 20
353 4 1 -20.0 34.641 20
354 4 1 -20.0 34.641 20
355 4 1 -20.0 34.641 20
356 4 1 -20.0 34.641 20
357 4 1 -20.0 34.641 20
358 4 1 -20.0 34.641 20
359 1 1 -20.0 34.641 20
360 4 1 -20.0 34.641 20
361 1 1 -8.6603 5.0 21
362 2 1 -8.6603 5.0 21
363 2 1 -8.6603 5.0 21
364 1 1 -8.6603 5.0 21
365 2 1 -8.6603 5.0 21
366 1 1 -8.6603 5.0 21
367 2 1 -8.6603 5.0 21
368 2 1 -8.6603 5.0 21
369 1 1 -8.6603 5.0 21
370 2 1 -8.6603 5.0 21
371 2 1 -8.6603 5.0 21
372 2 1 -8.6603 5.0 21
373 2 1 -8.6603 5.0 21
374 2 1 -8.6603 5.0 21
375 2 1 -8.6603 5.0 21
376 1 1 -8.6603 5.0 21
377 2 1 -8.6603 5.0 21
378 2 1 -8.6603 5.0 21
379 2 1 -8.6603 5.0 21
380 2 1 -8.6603 5.0 21
381 2 1 -8.6603 5.0 21
382 2 1 -8.6603 5.0 21
383 2 1 -8.6603 5.0 21
384 2 1 -8.6603 5.0 21
385 2 1 -8.6603 5.0 21
386 2 1 -8.6603 5.0 21
387 2 1 -8.6603 5.0 21
388 2 1 -8.6603 5.0 21
389 2 1 -8.6603 5.0 21
390 1 1 -8.6603 5.0 21
391 2 1 -17.3205 10.0 22
392 2 1 -17.3205 10.0 22
393 2 1 -17.3205 10.0 22
394 2 1 -17.3205 10.0 22
395 1 1 -17.3205 10.0 22
396 2 1 -17.3205 10.0 22
397 2 1 -17.3205 10.0 22
398 2 1 -17.3205 10.0 22
399 2 1 -17.3205 10.0 22
400 2 1 -17.3205 10.0 22
401 2 1 -17.3205 10.0 22
402 2 1 -17.3205 10.0 22
403 2 1 -17.3205 10.0 22
404 2 1 -17.3205 10.0 22
405 2 1 -17.3205 10.0 22
406 2 1 -17.3205 10.0 22
407 2 1 -17.3205 10.0 22
408 2 1 -17.3205 10.0 22
409 2 1 -17.3205 10.0 22
410 1 1 -17.3205 10.0 22
411 2 1 -17.3205 10.0 22
412 2 1 -17.3205 10.0 22
413 2 1 -17.3205 10.0 22
414 2 1 -17.3205 10.0 22
415 2 1 -17.3205 10.0 22
416 1 1 -17.3205 10.0 22
417 2 1 -17.3205 10.0 22
418 2 1 -17.3205 10.0 22
419 2 1 -17.3205 10.0 22
420 2 1 -17.3205 10.0 22
421 2 1 -25.9808 15.0 23
422 2 1 -25.9808 15.0 23
423 2 1 -25.9808 15.0 23
424 2 1 -25.9808 15.0 23
425 2 1 -25.9808 15.0 23
426 2 1 -25.9808 15.0 23
427 2 1 -25.9808 15.0 23
428 2 1 -25.9808 15.0 23
429 1 1 -25.9808 15.0 23
430 1 1 -25.9808 15.0 23
431 2 1 -25.9808 15.0 23
432 2 1 -25.9808 15.0 23
433 1 1 -25.9808 15.0 23
434 2 1 -25.9808 15.0 23
435 1 1 -25.9808 15.0 23
436 1 1 -25.9808 15.0 23
437 1 1 -25.9808 15.0 23
438 2 1 -25.9808 15.0 23
439 2 1 -25.9808 15.0 23
440 1 1 -25.9808 15.0 23
441 2 1 -25.9808 15.0 23
442 2 1 -25.9808 15.0 23
443 2 1 -25.9808 15.0 23
444 2 1 -25.9808 15.0 23
445 2 1 -25.9808 15.0 23
446 1 1 -25.9808 15.0 23
447 2 1 -25.9808 15.0 23
448 2 1 -25.9808 15.0 23
449 2 1 -25.9808 15.0 23
450 1 1 -25.9808 15.0 23
451 2 1 -34.641 20.0 24
452 2 1 -34.641 20.0 24
453 2 1 -34.641 20.0 24
454 2 1 -34.641 20.0 24
455 2 1 -34.641 20.0 24
456 2 1 -34.641 20.0 24
457 2 1 -34.641 20.0 24
458 2 1 -34.641 20.0 24
459 2 1 -34.641 20.0 24
460 2 1 -34.641 20.0 24
461 2 1 -34.641 20.0 24
462 2 1 -34.641 20.0 24
463 2 1 -34.641 20.0 24
464 1 1 -34.641 20.0 24
465 2 1 -34.641 20.0 24
466 2 1 -34.641 20.0 24
467 1 1 -34.641 20.0 24
468 2 1 -34.641 20.0 24
469 2 1 -34.641 20.0 24
470 2 1 -34.641 20.0 24
471 2 1 -34.641 20.0 24
472 2 1 -34.641 20.0 24
473 1 1 -34.641 20.0 24
474 2 1 -34.641 20.0 24
475 2 1 -34.641 20.0 24
476 2 1 -34.641 20.0 24
477 2 1 -34.641 20.0 24
478 2 1 -34.641 20.0 24
479 2 1 -34.641 20.0 24
480 1 1 -34.641 20.0 24
481 4 1 -10.0 0.0 25
482 4 1 -10.0 0.0 25
483 4 1 -10.0 0.0 25
484 4 1 -10.0 0.0 25
485 4 1 -10.0 0.0 25
486 4 1 -10.0 0.0 25
487 4 1 -10.0 0.0 25
488 4 1 -10.0 0.0 25
489 2 1 -10.0 0.0 25
490 4 1 -10.0 0.0 25
491 2 1 -20.0 0.0 26
492 2 1 -20.0 0.0 26
493 4 1 -20.0 0.0 26
494 4 1 -20.0 0.0 26
495 4 1 -20.0 0.0 26
496 4 1 -20.0 0.0 26
497 2 1 -20.0 0.0 26
498 4 1 -20.0 0.0 26
499 4 1 -20.0 0.0 26
500 4 1 -20.0 0.0 26
501 4 1 -30.0 0.0 27
502 4 1 -30.0 0.0 27
503 4 1 -30.0 0.0 27
504 2 1 -30.0 0.0 27
505 2 1 -30.0 0.0 27
506 4 1 -30.0 0.0 27
507 4 1 -30.0 0.0 27
508 4 1 -30.0 0.0 27
509 4 1 -30.0 0.0 27
510 4 1 -30.0 0.0 27
511 4 1 -40.0 0.0 28
512 4 1 -40.0 0.0 28
513 4 1 -40.0 0.0 28
514 4 1 -40.0 0.0 28
515 2 1 -40.0 0.0 28
516 4 1 -40.0 0.0 28
517 2 1 -40.0 0.0 28
518 4 1 -40.0 0.0 28
519 4 1 -40.0 0.0 28
520 4 1 -40.0 0.0 28
521 4 1 -8.6603 -5.0 29
522 4 1 -8.6603 -5.0 29
523 4 1 -8.6603 -5.0 29
524 4 1 -8.6603 -5.0 29
525 4 1 -8.6603 -5.0 29
526 4 1 -8.6603 -5.0 29
527 4 1 -8.6603 -5.0 29
528 4 1 -8.6603 -5.0 29
529 4 1 -8.6603 -5.0 29
530 4 1 -8.6603 -5.0 29
531 4 1 -8.6603 -5.0 29
532 1 1 -8.6603 -5.0 29
533 1 1 -8.6603 -5.0 29
534 4 1 -8.6603 -5.0 29
535 4 1 -8.6603 -5.0 29
536 1 1 -8.6603 -5.0 29
537 4 1 -8.6603 -5.0 29
538 4 1 -8.6603 -5.0 29
539 4 1 -8.6603 -5.0 29
540 4 1 -8.6603 -5.0 29
541 4 1 -17.3205 -10.0 30
542 4 1 -17.3205 -10.0 30
543 1 1 -17.3205 -10.0 30
544 4 1 -17.3205 -10.0 30
545 4 1 -17.3205 -10.0 30
546 4 1 -17.3205 -10.0 30
547 4 1 -17.3205 -10.0 30
548 4 1 -17.3205 -10.0 30
549 4 1 -17.3205 -10.0 30
550 4 1 -17.3205 -10.0 30
551 4 1 -17.3205 -10.0 30
552 4 1 -17.3205 -10.0 30
553 4 1 -17.3205 -10.0 30
554 4 1 -17.3205 -10.0 30
555 4 1 -17.3205 -10.0 30
556 1 1 -17.3205 -10.0 30
557 4 1 -17.3205 -10.0 30
558 4 1 -17.3205 -10.0 30
559 1 1 -17.3205 -10.0 30
560 4 1 -17.3205 -10.0 30
561 1 1 -25.9808 -15.0 31
562 4 1 -25.9808 -15.0 31
563 4 1 -25.9808 -15.0 31
564 4 1 -25.9808 -15.0 31
565 4 1 -25.9808 -15.0 31
566 4 1 -25.9808 -15.0 31
567 1 1 -25.9808 -15.0 31
568 1 1 -25.9808 -15.0 31
569 1 1 -25.9808 -15.0 31
570 4 1 -25.9808 -15.0 31
571 4 1 -25.9808 -15.0 31
572 4 1 -25.9808 -15.0 31
573 4 1 -25.9808 -15.0 31
574 4 1 -25.9808 -15.0 31
575 1 1 -25.9808 -15.0 31
576 4 1 -25.9808 -15.0 31
577 4 1 -25.9808 -15.0 31
578 1 1 -25.9808 -15.0 31
579 4 1 -25.9808 -15.0 31
580 4 1 -25.9808 -15.0 31
581 4 1 -34.641 -20.0 32
582 4 1 -34.641 -20.0 32
583 4 1 -34.641 -20.0 32
584 4 1 -34.641 -20.0 32
585 1 1 -34.641 -20.0 32
586 4 1 -34.641 -20.0 32
587 4 1 -34.641 -20.0 32
588 1 1 -34.641 -20.0 32
589 4 1 -34.641 -20.0 32
590 4 1 -34.641 -20.0 32
591 4 1 -34.641 -20.0 32
592 4 1 -34.641 -20.0 32
593 4 1 -34.641 -20.0 32
594 4 1 -34.641 -20.0 32
595 4 1 -34.641 -20.0 32
596 1 1 -34.641 -20.0 32
597 4 1 -34.641 -20.0 32
598 4 1 -34.641 -20.0 32
599 4 1 -34.641 -20.0 32
600 4 1 -34.641 -20.0 32
601 2 1 -5.0 -8.6603 33
602 2 1 -5.0 -8.6603 33
603 2 1 -5.0 -8.6603 33
604 2 1 -5.0 -8.6603 33
605 2 1 -5.0 -8.6603 33
606 1 1 -5.0 -8.6603 33
607 2 1 -5.0 -8.6603 33
608 2 1 -5.0 -8.6603 33
609 2 1 -5.0 -8.6603 33
610 2 1 -5.0 -8.6603 33
611 2 1 -5.0 -8.6603 33
612 2 1 -5.0 -8.6603 33
613 2 1 -5.0 -8.6603 33
614 1 1 -5.0 -8.6603 33
615 2 1 -5.0 -8.6603 33
616 2 1 -5.0 -8.6603 33
617 2 1 -5.0 -8.6603 33
618 2 1 -5.0 -8.6603 33
619 2 1 -5.0 -8.6603 33
620 2 1 -5.0 -8.6603 33
621 1 1 -5.0 -8.6603 33
622 1 1 -5.0 -8.6603 33
623 2 1 -5.0 -8.6603 33
624 2 1 -5.0 -8.6603 33
625 2 1 -5.0 -8.6603 33
626 1 1 -5.0 -8.6603 33
627 1 1 -5.0 -8.6603 33
628 2 1 -5.0 -8.6603 33
629 2 1 -5.0 -8.6603 33
630 2 1 -5.0 -8.6603 33
631 2 1 -10.0 -17.3205 34
632 2 1 -10.0 -17.3205 34
633 2 1 -10.0 -17.3205 34
634 2 1 -10.0 -17.3205 34
635 1 1 -10.0 -17.3205 34
636 2 1 -10.0 -17.3205 34
637 2 1 -10.0 -17.3205 34
638 2 1 -10.0 -17.3205 34
639 2 1 -10.0 -17.3205 34
640 2 1 -10.0 -17.3205 34
641 1 1 -10.0 -17.3205 34
642 2 1 -10.0 -17.3205 34
643 2 1 -10.0 -17.3205 34
644 1 1 -10.0 -17.3205 34
645 2 1 -10.0 -17.3205 34
646 2 1 -10.0 -17.3205 34
647 2 1 -10.0 -17.3205 34
648 1 1 -10.0 -17.3205 34
649 1 1 -10.0 -17.3205 34
650 2 1 -10.0 -17.3205 34
651 2 1 -10.0 -17.3205 34
652 2 1 -10.0 -17.3205 34
653 2 1 -10.0 -17.3205 34
654 1 1 -10.0 -17.3205 34
655 1 1 -10.0 -17.3205 34
656 1 1 -10.0 -17.3205 34
657 1 1 -10.0 -17.3205 34
658 1 1 -10.0 -17.3205 34
659 2 1 -10.0 -17.3205 34
660 2 1 -10.0 -17.3205 34
661 2 1 -15.0 -25.9808 35
662 2 1 -15.0 -25.9808 35
663 2 1 -15.0 -25.9808 35
664 2 1 -15.0 -25.9808 35
665 2 1 -15.0 -25.9808 35
666 2 1 -15.0 -25.9808 35
667 2 1 -15.0 -25.9808 35
668 2 1 -15.0 -25.9808 35
669 2 1 -15.0 -25.9808 35
670 2 1 -15.0 -25.9808 35
671 2 1 -15.0 -25.9808 35
672 2 1 -15.0 -25.9808 35
673 1 1 -15.0 -25.9808 35
674 1 1 -15.0 -25.9808 35
675 2 1 -15.0 -25.9808 35
676 2 1 -15.0 -25.9808 35
677 2 1 -15.0 -25.9808 35
678 1 1 -15.0 -25.9808 35
679 2 1 -15.0 -25.9808 35
680 2 1 -15.0 -25.9808 35
681 2 1 -15.0 -25.9808 35
682 2 1 -15.0 -25.9808 35
683 2 1 -15.0 -25.9808 35
684 2 1 -15.0 -25.9808 35
685 2 1 -15.0 -25.9808 35
686 2 1 -15.0 -25.9808 35
687 2 1 -15.0 -25.9808 35
688 2 1 -15.0 -25.9808 35
689 2 1 -15.0 -25.9808 35
690 2 1 -15.0 -25.9808 35
691 2 1 -20.0 -34.641 36
692 2 1 -20.0 -34.641 36
693 1 1 -20.0 -34.641 36
694 2 1 -20.0 -34.641 36
695 2 1 -20.0 -34.641 36
696 2 1 -20.0 -34.641 36
697 2 1 -20.0 -34.641 36
698 2 1 -20.0 -34.641 36
699 2 1 -20.0 -34.641 36
700 2 1 -20.0 -34.641 36
701 2 1 -20.0 -34.641 36
702 2 1 -20.0 -34.641 36
703 1 1 -20.0 -34.641 36
704 2 1 -20.0 -34.641 36
705 2 1 -20.0 -34.641 36
706 2 1 -20.0 -34.641 36
707 2 1 -20.0 -34.641 36
708 2 1 -20.0 -34.641 36
709 2 1 -20.0 -34.641 36
710 2 1 -20.0 -34.641 36
711 1 1 -20.0 -34.641 36
712 2 1 -20.0 -34.641 36
713 2 1 -20.0 -34.641 36
714 2 1 -20.0 -34.641 36
715 1 1 -20.0 -34.641 36
716 1 1 -20.0 -34.641 36
717 2 1 -20.0 -34.641 36
718 1 1 -20.0 -34.641 36
719 2 1 -20.0 -34.641 36
720 2 1 -20.0 -34.641 36
721 4 1 0.0 -10.0 37
722 4 1 0.0 -10.0 37
723 4 1 0.0 -10.0 37
724 4 1 0.0 -10.0 37
725 4 1 0.0 -10.0 37
726 4 1 0.0 -10.0 37
727 2 1 0.0 -10.0 37
728 4 1 0.0 -10.0 37
729 4 1 0.0 -10.0 37
730 4 1 0.0 -10.0 37
731 4 1 0.0 -20.0 38
732 4 1 0.0 -20.0 38
733 4 1 0.0 -20.0 38
734 4 1 0.0 -20.0 38
735 4 1 0.0 -20.0 38
736 4 1 0.0 -20.0 38
737 4 1 0.0 -20.0 38
738 4 1 0.0 -20.0 38
739 4 1 0.0 -20.0 38
740 4 1 0.0 -20.0 38
741 4 1 0.0 -30.0 39
742 4 1 0.0 -30.0 39
743 2 1 0.0 -30.0 39
744 4 1 0.0 -30.0 39
745 2 1 0.0 -30.0 39
746 4 1 0.0 -30.0 39
747 4 1 0.0 -30.0 39
748 4 1 0.0 -30.0 39
749 4 1 0.0 -30.0 39
750 4 1 0.0 -30.0 39
751 4 1 0.0 -40.0 40
752 4 1 0.0 -40.0 40
753 4 1 0.0 -40.0 40
754 4 1 0.0 -40.0 40
755 4 1 0.0 -40.0 40
756 2 1 0.0 -40.0 40
757 4 1 0.0 -40.0 40
758 2 1 0.0 -40.0 40
759 4 1 0.0 -40.0 40
760 2 1 0.0 -40.0 40
761 1 1 5.0 -8.6603 41
762 1 1 5.0 -8.6603 41
763 4 1 5.0 -8.6603 41
764 1 1 5.0 -8.6603 41
765 4 1 5.0 -8.6603 41
766 4 1 5.0 -8.6603 41
767 1 1 5.0 -8.6603 41
768 4 1 5.0 -8.6603 41
769 4 1 5.0 -8.6603 41
770 4 1 5.0 -8.6603 41
771 4 1 5.0 -8.6603 41
772 4 1 5.0 -8.6603 41
773 4 1 5.0 -8.6603 41
774 4 1 5.0 -8.6603 41
775 4 1 5.0 -8.6603 41
776 4 1 5.0 -8.6603 41
777 4 1 5.0 -8.6603 41
778 4 1 5.0 -8.6603 41
779 4 1 5.0 -8.6603 41
780 1 1 5.0 -8.6603 41
781 4 1 10.0 -17.3205 42
782 1 1 10.0 -17.3205 42
783 4 1 10.0 -17.3205 42
784 4 1 10.0 -17.3205 42
785 4 1 10.0 -17.3205 42
786 4 1 10.0 -17.3205 42
787 1 1 10.0 -17.3205 42
788 4 1 10.0 -17.3205 42
789 1 1 10.0 -17.3205 42
790 4 1 10.0 -17.3205 42
791 4 1 10.0 -17.3205 42
792 4 1 10.0 -17.3205 42
793 4 1 10.0 -17.3205 42
794 1 1 10.0 -17.3205 42
795 1 1 10.0 -17.3205 42
796 4 1 10.0 -17.3205 42
797 4 1 10.0 -17.3205 42
798 4 1 10.0 -17.3205 42
799 4 1 10.0 -17.3205 42
800 4 1 10.0 -17.3205 42
801 4 1 15.0 -25.9808 43
802 4 1 15.0 -25.9808 43
803 4 1 15.0 -25.9808 43
804 4 1 15.0 -25.9808 43
805 4 1 15.0 -25.9808 43
806 4 1 15.0 -25.9808 43
807 4 1 15.0 -25.9808 43
808 4 1 15.0 -25.9808 43
809 4 1 15.0 -25.9808 43
810 4 1 15.0 -25.9808 43
811 4 1 15.0 -25.9808 43
812 1 1 15.0 -25.9808 43
813 1 1 15.0 -25.9808 43
814 4 1 15.0 -25.9808 43
815 4 1 15.0 -25.9808 43
816 4 1 15.0 -25.9808 43
817 4 1 15.0 -25.9808 43
818 4 1 15.0 -25.9808 43
819 4 1 15.0 -25.9808 43
820 4 1 15.0 -25.9808 43
821 4 1 20.0 -34.641 44
822 4 1 20.0 -34.641 44
823 4 1 20.0 -34.641 44
824 4 1 20.0 -34.641 44
825 1 1 20.0 -34.641 44
826 4 1 20.0 -34.641 44
827 4 1 20.0 -34.641 44
828 4 1 20.0 -34.641 44
829 4 1 20.0 -34.641 44
830 4 1 20.0 -34.641 44
831 4 1 20.0 -34.641 44
832 4 1 20.0 -34.641 44
833 4 1 20.0 -34.641 44
834 4 1 20.0 -34.641 44
835 4 1 20.0 -34.641 44
836 4 1 20.0 -34.641 44
837 4 1 20.0 -34.641 44
838 4 1 20.0 -34.641 44
839 1 1 20.0 -34.641 44
840 4 1 20.0 -34.641 44
841 2 1 8.6603 -5.0 45
842 2 1 8.6603 -5.0 45
843 2 1 8.6603 -5.0 45
844 2 1 8.6603 -5.0 45
845 2 1 8.6603 -5.0 45
846 2 1 8.6603 -5.0 45
847 2 1 8.6603 -5.0 45
848 2 1 8.6603 -5.0 45
849 2 1 8.6603 -5.0 45
850 2 1 8.6603 -5.0 45
851 2 1 8.6603 -5.0 45
852 2 1 8.6603 -5.0 45
853 2 1 8.6603 -5.0 45
854 2 1 8.6603 -5.0 45
855 1 1 8.6603 -5.0 45
856 1 1 8.6603 -5.0 45
857 1 1 8.6603 -5.0 45
858 2 1 8.6603 -5.0 45
859 1 1 8.6603 -5.0 45
860 1 1 8.6603 -5.0 45
861 2 1 8.6603 -5.0 45
862 2 1 8.6603 -5.0 45
863 2 1 8.6603 -5.0 45
864 1 1 8.6603 -5.0 45
865 1 1 8.6603 -5.0 45
866 2 1 8.6603 -5.0 45
867 2 1 8.6603 -5.0 45
868 2 1 8.6603 -5.0 45
869 2 1 8.6603 -5.0 45
870 1 1 8.6603 -5.0 45
871 2 1 17.3205 -10.0 46
872 2 1 17.3205 -10.0 46
873 2 1 17.3205 -10.0 46
874 2 1 17.3205 -10.0 46
875 2 1 17.3205 -10.0 46
876 2 1 17.3205 -10.0 46
877 2 1 17.3205 -10.0 46
878 1 1 17.3205 -10.0 46
879 2 1 17.3205 -10.0 46
880 2 1 17.3205 -10.0 46
881 1 1 17.3205 -10.0 46
882 2 1 17.3205 -10.0 46
883 2 1 17.3205 -10.0 46
884 1 1 17.3205 -10.0 46
885 1 1 17.3205 -10.0 46
886 2 1 17.3205 -10.0 46
887 2 1 17.3205 -10.0 46
888 2 1 17.3205 -10.0 46
889 2 1 17.3205 -10.0 46
890 1 1 17.3205 -10.0 46
891 2 1 17.3205 -10.0 46
892 1 1 17.3205 -10.0 46
893 1 1 17.3205 -10.0 46
894 2 1 17.3205 -10.0 46
895 1 1 17.3205 -10.0 46
896 2 1 17.3205 -10.0 46
897 2 1 17.3205 -10.0 46
898 2 1 17.3205 -10.0 46
899 1 1 17.3205 -10.0 46
900 2 1 17.3205 -10.0 46
901 2 1 25.9808 -15.0 47
902 2 1 25.9808 -15.0 47
903 2 1 25.9808 -15.0 47
904 2 1 25.9808 -15.0 47
905 2 1 25.9808 -15.0 47
906 2 1 25.9808 -15.0 47
907 2 1 25.9808 -15.0 47
908 2 1 25.9808 -15.0 47
909 2 1 25.9808 -15.0 47
910 2 1 25.9808 -15.0 47
911 2 1 25.9808 -15.0 47
912 1 1 25.9808 -15.0 47
913 2 1 25.9808 -15.0 47
914 2 1 25.9808 -15.0 47
915 2 1 25.9808 -15.0 47
916 2 1 25.9808 -15.0 47
917 1 1 25.9808 -15.0 47
918 2 1 25.9808 -15.0 47
919 2 1 25.9808 -15.0 47
920 1 1 25.9808 -15.0 47
921 1 1 25.9808 -15.0 47
922 2 1 25.9808 -15.0 47
923 2 1 25.9808 -15.0 47
924 2 1 25.9808 -15.0 47
925 2 1 25.9808 -15.0 47
926 2 1 25.9808 -15.0 47
927 2 1 25.9808 -15.0 47
928 2 1 25.9808 -15.0 47
929 2 1 25.9808 -15.0 47
930 2 1 25.9808 -15.0 47
931 2 1 34.641 -20.0 48
932 1 1 34.641 -20.0 48
933 2 1 34.641 -20.0 48
934 2 1 34.641 -20.0 48
935 2 1 34.641 -20.0 48
936 2 1 34.641 -20.0 48
937 1 1 34.641 -20.0 48
938 2 1 34.641 -20.0 48
939 2 1 34.641 -20.0 48
940 2 1 34.641 -20.0 48
941 2 1 34.641 -20.0 48
942 1 1 34.641 -20.0 48
943 2 1 34.641 -20.0 48
944 2 1 34.641 -20.0 48
945 2 1 34.641 -20.0 48
946 2 1 34.641 -20.0 48
947 2 1 34.641 -20.0 48
948 1 1 34.641 -20.0 48
949 2 1 34.641 -20.0 48
950 2 1 34.641 -20.0 48
951 2 1 34.641 -20.0 48
952 2 1 34.641 -20.0 48
953 2 1 34.641 -20.0 48
954 2 1 34.641 -20.0 48
955 2 1 34.641 -20.0 48
956 2 1 34.641 -20.0 48
957 2 1 34.641 -20.0 48
958 2 1 34.641 -20.0 48
959 2 1 34.641 -20.0 48
960 1 1 34.641 -20.0 48
961 4 1 48.2963 12.941 49
962 4 1 48.2963 12.941 49
963 1 1 48.2963 12.941 49
964 4 1 48.2963 12.941 49
965 4 1 48.2963 12.941 49
966 4 1 48.2963 12.941 49
967 1 1 48.2963 12.941 49
968 4 1 48.2963 12.941 49
969 1 1 48.2963 12.941 49
970 4 1 48.2963 12.941 49
971 4 1 12.941 48.2963 50
972 4 1 12.941 48.2963 50
973 4 1 12.941 48.2963 50
974 4 1 12.941 48.2963 50
975 2 1 12.941 48.2963 50
976 1 1 12.941 48.2963 50
977 4 1 12.941 48.2963 50
978 2 1 12.941 48.2963 50
979 4 1 12.941 48.2963 50
980 4 1 12.941 48.2963 50
981 2 1 -35.3553 35.3553 51
982 4 1 -35.3553 35.3553 51
983 4 1 -35.3553 35.3553 51
984 4 1 -35.3553 35.3553 51
985 4 1 -35.3553 35.3553 51
986 1 1 -35.3553 35.3553 51
987 4 1 -35.3553 35.3553 51
988 4 1 -35.3553 35.3553 51
989 4 1 -35.3553 35.3553 51
990 4 1 -35.3553 35.3553 51
991 4 1 -48.2963 -12.941 52
992 4 1 -48.2963 -12.941 52
993 4 1 -48.2963 -12.941 52
994 4 1 -48.2963 -12.941 52
995 4 1 -48.2963 -12.941 52
996 4 1 -48.2963 -12.941 52
997 2 1 -48.2963 -12.941 52
998 4 1 -48.2963 -12.941 52
999 4 1 -48.2963 -12.941 52
1000 4 1 -48.2963 -12.941 52
1001 4 1 -12.9409 -48.2963 53
1002 4 1 -12.9409 -48.2963 53
1003 4 1 -12.9409 -48.2963 53
1004 4 1 -12.9409 -48.2963 53
1005 4 1 -12.9409 -48.2963 53
1006 4 1 -12.9409 -48.2963 53
1007 4 1 -12.9409 -48.2963 53
1008 1 1 -12.9409 -48.2963 53
1009 4 1 -12.9409 -48.2963 53
1010 4 1 -12.9409 -48.2963 53
1011 4 1 35.3553 -35.3553 54
1012 1 1 35.3553 -35.3553 54
1013 4 1 35.3553 -35.3553 54
1014 4 1 35.3553 -35.3553 54
1015 4 1 35.3553 -35.3553 54
1016 4 1 35.3553 -35.3553 54
1017 4 1 35.3553 -35.3553 54
1018 4 1 35.3553 -35.3553 54
1019 4 1 35.3553 -35.3553 54
1020 4 1 35.3553 -35.3553 54
1021 2 1 60.0 0.0 55
1022 4 1 60.0 0.0 55
1023 4 1 60.0 0.0 55
1024 4 1 60.0 0.0 55
1025 4 1 60.0 0.0 55
1026 2 1 60.0 0.0 55
1027 4 1 60.0 0.0 55
1028 4 1 60.0 0.0 55
1029 4 1 60.0 0.0 55
1030 4 1 60.0 0.0 55
1031 4 1 70.0 0.0 56
1032 2 1 70.0 0.0 56
1033 2 1 70.0 0.0 56
1034 4 1 70.0 0.0 56
1035 4 1 70.0 0.0 56
1036 4 1 70.0 0.0 56
1037 4 1 70.0 0.0 56
1038 2 1 70.0 0.0 56
1039 4 1 70.0 0.0 56
1040 2 1 70.0 0.0 56
1041 4 1 80.0 0.0 57
1042 4 1 80.0 0.0 57
1043 4 1 80.0 0.0 57
1044 2 1 80.0 0.0 57
1045 2 1 80.0 0.0 57
1046 2 1 80.0 0.0 57
1047 4 1 80.0 0.0 57
1048 2 1 80.0 0.0 57
1049 4 1 80.0 0.0 57
1050 2 1 80.0 0.0 57
1051 4 1 90.0 0.0 58
1052 4 1 90.0 0.0 58
1053 4 1 90.0 0.0 58
1054 2 1 90.0 0.0 58
1055 4 1 90.0 0.0 58
1056 2 1 90.0 0.0 58
1057 4 1 90.0 0.0 58
1058 2 1 90.0 0.0 58
1059 4 1 90.0 0.0 58
1060 4 1 90.0 0.0 58
1061 1 1 51.9615 30.0 59
1062 4 1 51.9615 30.0 59
1063 4 1 51.9615 30.0 59
1064 4 1 51.9615 30.0 59
1065 4 1 51.9615 30.0 59
1066 1 1 51.9615 30.0 59
1067 1 1 51.9615 30.0 59
1068 4 1 51.9615 30.0 59
1069 4 1 51.9615 30.0 59
1070 1 1 51.9615 30.0 59
1071 4 1 51.9615 30.0 59
1072 4 1 51.9615 30.0 59
1073 4 1 51.9615 30.0 59
1074 4 1 51.9615 30.0 59
1075 1 1 51.9615 30.0 59
1076 1 1 51.9615 30.0 59
1077 1 1 51.9615 30.0 59
1078 4 1 51.9615 30.0 59
1079 4 1 51.9615 30.0 59
1080 4 1 51.9615 30.0 59
1081 4 1 60.6218 35.0 60
1082 4 1 60.6218 35.0 60
1083 4 1 60.6218 35.0 60
1084 4 1 60.6218 35.0 60
1085 4 1 60.6218 35.0 60
1086 4 1 60.6218 35.0 60
1087 4 1 60.6218 35.0 60
1088 4 1 60.6218 35.0 60
1089 4 1 60.6218 35.0 60
1090 4 1 60.6218 35.0 60
1091 4 1 60.6218 35.0 60
1092 4 1 60.6218 35.0 60
1093 4 1 60.6218 35.0 60
1094 4 1 60.6218 35.0 60
1095 4 1 60.6218 35.0 60
1096 4 1 60.6218 35.0 60
1097 1 1 60.6218 35.0 60
1098 4 1 60.6218 35.0 60
1099 4 1 60.6218 35.0 60
1100 4 1 60.6218 35.0 60
1101 4 1 69.282 40.0 61
1102 4 1 69.282 40.0 61
1103 4 1 69.282 40.0 61
1104 4 1 69.282 40.0 61
1105 4 1 69.282 40.0 61
1106 4 1 69.282 40.0 61
1107 4 1 69.282 40.0 61
1108 1 1 69.282 40.0 61
1109 4 1 69.282 40.0 61
1110 1 1 69.282 40.0 61
1111 4 1 69.282 40.0 61
1112 4 1 69.282 40.0 61
1113 4 1 69.282 40.0 61
1114 4 1 69.282 40.0 61
1115 4 1 69.282 40.0 61
1116 4 1 69.282 40.0 61
1117 4 1 69.282 40.0 61
1118 4 1 69.282 40.0 61
1119 1 1 69.282 40.0 61
1120 4 1 69.282 40.0 61
1121 4 1 77.9423 45.0 62
1122 4 1 77.9423 45.0 62
1123 4 1 77.9423 45.0 62
1124 4 1 77.9423 45.0 62
1125 4 1 77.9423 45.0 62
1126 4 1 77.9423 45.0 62
1127 4 1 77.9423 45.0 62
1128 4 1 77.9423 45.0 62
1129 4 1 77.9423 45.0 62
1130 1 1 77.9423 45.0 62
1131 4 1 77.9423 45.0 62
1132 4 1 77.9423 45.0 62
1133 4 1 77.9423 45.0 62
1134 4 1 77.9423 45.0 62
1135 4 1 77.9423 45.0 62
1136 4 1 77.9423 45.0 62
1137 1 1 77.9423 45.0 62
1138 4 1 77.9423 45.0 62
1139 1 1 77.9423 45.0 62
1140 4 1 77.9423 45.0 62
1141 2 1 30.0 51.9615 63
1142 2 1 30.0 51.9615 63
1143 2 1 30.0 51.9615 63
1144 2 1 30.0 51.9615 63
1145 2 1 30.0 51.9615 63
1146 2 1 30.0 51.9615 63
1147 1 1 30.0 51.9615 63
1148 1 1 30.0 51.9615 63
1149 2 1 30.0 51.9615 63
1150 2 1 30.0 51.9615 63
1151 2 1 30.0 51.9615 63
1152 1 1 30.0 51.9615 63
1153 2 1 30.0 51.9615 63
1154 2 1 30.0 51.9615 63
1155 2 1 30.0 51.9615 63
1156 2 1 30.0 51.9615 63
1157 1 1 30.0 51.9615 63
1158 2 1 30.0 51.9615 63
1159 2 1 30.0 51.9615 63
1160 2 1 30.0 51.9615 63
1161 2 1 30.0 51.9615 63
1162 1 1 30.0 51.9615 63
1163 2 1 30.0 51.9615 63
1164 2 1 30.0 51.9615 63
1165 2 1 30.0 51.9615 63
1166 1 1 30.0 51.9615 63
1167 2 1 30.0 51.9615 63
1168 2 1 30.0 51.9615 63
1169 2 1 30.0 51.9615 63
1170 2 1 30.0 51.9615 63
1171 2 1 35.0 60.6218 64
1172 1 1 35.0 60.6218 64
1173 2 1 35.0 60.6218 64
1174 2 1 35.0 60.6218 64
1175 2 1 35.0 60.6218 64
1176 1 1 35.0 60.6218 64
1177 1 1 35.0 60.6218 64
1178 2 1 35.0 60.6218 64
1179 2 1 35.0 60.6218 64
1180 2 1 35.0 60.6218 64
1181 1 1 35.0 60.6218 64
1182 2 1 35.0 60.6218 64
1183 2 1 35.0 60.6218 64
1184 2 1 35.0 60.6218 64
1185 2 1 35.0 60.6218 64
1186 1 1 35.0 60.6218 64
1187 1 1 35.0 60.6218 64
1188 2 1 35.0 60.6218 64
1189 2 1 35.0 60.6218 64
1190 2 1 35.0 60.6218 64
1191 1 1 35.0 60.6218 64
1192 2 1 35.0 60.6218 64
1193 2 1 35.0 60.6218 64
1194 2 1 35.0 60.6218 64
1195 1 1 35.0 60.6218 64
1196 2 1 35.0 60.6218 64
1197 1 1 35.0 60.6218 64
1198 2 1 35.0 60.6218 64
1199 1 1 35.0 60.6218 64
1200 2 1 35.0 60.6218 64
1201 2 1 40.0 69.282 65
1202 1 1 40.0 69.282 65
1203 2 1 40.0 69.282 65
1204 2 1 40.0 69.282 65
1205 2 1 40.0 69.282 65
1206 2 1 40.0 69.282 65
1207 2 1 40.0 69.282 65
1208 2 1 40.0 69.282 65
1209 1 1 40.0 69.282 65
1210 2 1 40.0 69.282 65
1211 2 1 40.0 69.282 65
1212 1 1 40.0 69.282 65
1213 2 1 40.0 69.282 65
1214 2 1 40.0 69.282 65
1215 2 1 40.0 69.282 65
1216 2 1 40.0 69.282 65
1217 2 1 40.0 69.282 65
1218 2 1 40.0 69.282 65
1219 2 1 40.0 69.282 65
1220 2 1 40.0 69.282 65
1221 1 1 40.0 69.282 65
1222 2 1 40.0 69.282 65
1223 2 1 40.0 69.282 65
1224 2 1 40.0 69.282 65
1225 1 1 40.0 69.282 65
1226 2 1 40.0 69.282 65
1227 1 1 40.0 69.282 65
1228 1 1 40.0 69.282 65
1229 2 1 40.0 69.282 65
1230 2 1 40.0 69.282 65
1231 2 1 45.0 77.9423 66
1232 2 1 45.0 77.9423 66
1233 2 1 45.0 77.9423 66
1234 2 1 45.0 77.9423 66
1235 2 1 45.0 77.9423 66
1236 2 1 45.0 77.9423 66
1237 2 1 45.0 77.9423 66
1238 2 1 45.0 77.9423 66
1239 2 1 45.0 77.9423 66
1240 2 1 45.0 77.9423 66
1241 2 1 45.0 77.9423 66
1242 2 1 45.0 77.9423 66
1243 2 1 45.0 77.9423 66
1244 2 1 45.0 77.9423 66
1245 2 1 45.0 77.9423 66
1246 2 1 45.0 77.9423 66
1247 2 1 45.0 77.9423 66
1248 2 1 45.0 77.9423 66
1249 2 1 45.0 77.9423 66
1250 2 1 45.0 77.9423 66
1251 2 1 45.0 77.9423 66
1252 2 1 45.0 77.9423 66
1253 2 1 45.0 77.9423 66
1254 2 1 45.0 77.9423 66
1255 2 1 45.0 77.9423 66
1256 2 1 45.0 77.9423 66
1257 2 1 45.0 77.9423 66
1258 2 1 45.0 77.9423 66
1259 2 1 45.0 77.9423 66
1260 1 1 45.0 77.9423 66
1261 4 1 0.0 60.0 67
1262 2 1 0.0 60.0 67
1263 2 1 0.0 60.0 67
1264 4 1 0.0 60.0 67
1265 4 1 0.0 60.0 67
1266 4 1 0.0 60.0 67
1267 4 1 0.0 60.0 67
1268 4 1 0.0 60.0 67
1269 4 1 0.0 60.0 67
1270 4 1 0.0 60.0 67
1271 4 1 0.0 70.0 68
1272 4 1 0.0 70.0 68
1273 4 1 0.0 70.0 68
1274 4 1 0.0 70.0 68
1275 4 1 0.0 70.0 68
1276 2 1 0.0 70.0 68
1277 4 1 0.0 70.0 68
1278 4 1 0.0 70.0 68
1279 4 1 0.0 70.0 68
1280 4 1 0.0 70.0 68
1281 4 1 0.0 80.0 69
1282 4 1 0.0 80.0 69
1283 4 1 0.0 80.0 69
1284 4 1 0.0 80.0 69
1285 4 1 0.0 80.0 69
1286 4 1 0.0 80.0 69
1287 4 1 0.0 80.0 69
1288 4 1 0.0 80.0 69
1289 2 1 0.0 80.0 69
1290 4 1 0.0 80.0 69
1291 4 1 0.0 90.0 70
1292 2 1 0.0 90.0 70
1293 2 1 0.0 90.0 70
1294 2 1 0.0 90.0 70
1295 2 1 0.0 90.0 70
1296 4 1 0.0 90.0 70
1297 4 1 0.0 90.0 70
1298 4 1 0.0 90.0 70
1299 4 1 0.0 90.0 70
1300 4 1 0.0 90.0 70
1301 4 1 -30.0 51.9615 71
1302 4 1 -30.0 51.9615 71
1303 4 1 -30.0 51.9615 71
1304 4 1 -30.0 51.9615 71
1305 4 1 -30.0 51.9615 71
1306 4 1 -30.0 51.9615 71
1307 4 1 -30.0 51.9615 71
1308 4 1 -30.0 51.9615 71
1309 4 1 -30.0 51.9615 71
1310 1 1 -30.0 51.9615 71
1311 4 1 -30.0 51.9615 71
1312 4 1 -30.0 51.9615 71
1313 4 1 -30.0 51.9615 71
1314 4 1 -30.0 51.9615 71
1315 1 1 -30.0 51.9615 71
1316 4 1 -30.0 51.9615 71
1317 4 1 -30.0 51.9615 71
1318 4 1 -30.0 51.9615 71
1319 4 1 -30.0 51.9615 71
1320 4 1 -30.0 51.9615 71
1321 4 1 -35.0 60.6218 72
1322 4 1 -35.0 60.6218 72
1323 1 1 -35.0 60.6218 72
1324 4 1 -35.0 60.6218 72
1325 4 1 -35.0 60.6218 72
1326 4 1 -35.0 60.6218 72
1327 4 1 -35.0 60.6218 72
1328 4 1 -35.0 60.6218 72
1329 4 1 -35.0 60.6218 72
1330 4 1 -35.0 60.6218 72
1331 1 1 -35.0 60.6218 72
1332 4 1 -35.0 60.6218 72
1333 4 1 -35.0 60.6218 72
1334 4 1 -35.0 60.6218 72
1335 4 1 -35.0 60.6218 72
1336 1 1 -35.0 60.6218 72
1337 4 1 -35.0 60.6218 72
1338 4 1 -35.0 60.6218 72
1339 4 1 -35.0 60.6218 72
1340 4 1 -35.0 60.6218 72
1341 4 1 -40.0 69.282 73
1342 1 1 -40.0 69.282 73
1343 4 1 -40.0 69.282 73
1344 4 1 -40.0 69.282 73
1345 4 1 -40.0 69.282 73
1346 1 1 -40.0 69.282 73
1347 4 1 -40.0 69.282 73
1348 4 1 -40.0 69.282 73
1349 1 1 -40.0 69.282 73
1350 4 1 -40.0 69.282 73
1351 4 1 -40.0 69.282 73
1352 1 1 -40.0 69.282 73
1353 4 1 -40.0 69.282 73
1354 4 1 -40.0 69.282 73
1355 1 1 -40.0 69.282 73
1356 4 1 -40.0 69.282 73
1357 4 1 -40.0 69.282 73
1358 4 1 -40.0 69.282 73
1359 4 1 -40.0 69.282 73
1360 4 1 -40.0 69.282 73
1361 4 1 -45.0 77.9423 74
1362 4 1 -45.0 77.9423 74
1363 4 1 -45.0 77.9423 74
1364 4 1 -45.0 77.9423 74
1365 4 1 -45.0 77.9423 74
1366 4 1 -45.0 77.9423 74
1367 4 1 -45.0 77.9423 74
1368 4 1 -45.0 77.9423 74
1369 1 1 -45.0 77.9423 74
1370 4 1 -45.0 77.9423 74
1371 4 1 -45.0 77.9423 74
1372 1 1 -45.0 77.9423 74
1373 4 1 -45.0 77.9423 74
1374 4 1 -45.0 77.9423 74
1375 4 1 -45.0 77.9423 74
1376 1 1 -45.0 77.9423 74
1377 4 1 -45.0 77.9423 74
1378 4 1 -45.0 77.9423 74
1379 4 1 -45.0 77.9423 74
1380 1 1 -45.0 77.9423 74
1381 1 1 -51.9615 30.0 75
1382 2 1 -51.9615 30.0 75
1383 2 1 -51.9615 30.0 75
1384 2 1 -51.9615 30.0 75
1385 2 1 -51.9615 30.0 75
1386 1 1 -51.9615 30.0 75
1387 1 1 -51.9615 30.0 75
1388 2 1 -51.9615 30.0 75
1389 1 1 -51.9615 30.0 75
1390 2 1 -51.9615 30.0 75
1391 2 1 -51.9615 30.0 75
1392 2 1 -51.9615 30.0 75
1393 2 1 -51.9615 30.0 75
1394 1 1 -51.9615 30.0 75
1395 2 1 -51.9615 30.0 75
1396 2 1 -51.9615 30.0 75
1397 2 1 -51.9615 30.0 75
1398 2 1 -51.9615 30.0 75
1399 1 1 -51.9615 30.0 75
1400 1 1 -51.9615 30.0 75
1401 2 1 -51.9615 30.0 75
1402 2 1 -51.9615 30.0 75
1403 2 1 -51.9615 30.0 75
1404 1 1 -51.9615 30.0 75
1405 2 1 -51.9615 30.0 75
1406 2 1 -51.9615 30.0 75
1407 2 1 -51.9615 30.0 75
1408 2 1 -51.9615 30.0 75
1409 1 1 -51.9615 30.0 75
1410 2 1 -51.9615 30.0 75
1411 2 1 -60.6218 35.0 76
1412 2 1 -60.6218 35.0 76
1413 2 1 -60.6218 35.0 76
1414 2 1 -60.6218 35.0 76
1415 2 1 -60.6218 35.0 76
1416 1 1 -60.6218 35.0 76
1417 2 1 -60.6218 35.0 76
1418 2 1 -60.6218 35.0 76
1419 2 1 -60.6218 35.0 76
1420 2 1 -60.6218 35.0 76
1421 2 1 -60.6218 35.0 76
1422 2 1 -60.6218 35.0 76
1423 2 1 -60.6218 35.0 76
1424 1 1 -60.6218 35.0 76
1425 2 1 -60.6218 35.0 76
1426 2 1 -60.6218 35.0 76
1427 2 1 -60.6218 35.0 76
1428 2 1 -60.6218 35.0 76
1429 2 1 -60.6218 35.0 76
1430 2 1 -60.6218 35.0 76
1431 2 1 -60.6218 35.0 76
1432 1 1 -60.6218 35.0 76
1433 1 1 -60.6218 35.0 76
1434 2 1 -60.6218 35.0 76
1435 1 1 -60.6218 35.0 76
1436 2 1 -60.6218 35.0 76
1437 1 1 -60.6218 35.0 76
1438 1 1 -60.6218 35.0 76
1439 1 1 -60.6218 35.0 76
1440 1 1 -60.6218 35.0 76
1441 2 1 -69.282 40.0 77
1442 2 1 -69.282 40.0 77
1443 1 1 -69.282 40.0 77
1444 2 1 -69.282 40.0 77
1445 2 1 -69.282 40.0 77
1446 1 1 -69.282 40.0 77
1447 2 1 -69.282 40.0 77
1448 2 1 -69.282 40.0 77
1449 2 1 -69.282 40.0 77
1450 2 1 -69.282 40.0 77
1451 2 1 -69.282 40.0 77
1452 2 1 -69.282 40.0 77
1453 2 1 -69.282 40.0 77
1454 2 1 -69.282 40.0 77
1455 2 1 -69.282 40.0 77
1456 1 1 -69.282 40.0 77
1457 2 1 -69.282 40.0 77
1458 2 1 -69.282 40.0 77
1459 1 1 -69.282 40.0 77
1460 2 1 -69.282 40.0 77
1461 2 1 -69.282 40.0 77
1462 2 1 -69.282 40.0 77
1463 2 1 -69.282 40.0 77
1464 2 1 -69.282 40.0 77
1465 2 1 -69.282 40.0 77
1466 2 1 -69.282 40.0 77
1467 2 1 -69.282 40.0 77
1468 2 1 -69.282 40.0 77
1469 2 1 -69.282 40.0 77
1470 2 1 -69.282 40.0 77
1471 2 1 -77.9423 45.0 78
1472 2 1 -77.9423 45.0 78
1473 2 1 -77.9423 45.0 78
1474 2 1 -77.9423 45.0 78
1475 2 1 -77.9423 45.0 78
1476 2 1 -77.9423 45.0 78
1477 2 1 -77.9423 45.0 78
1478 2 1 -77.9423 45.0 78
1479 2 1 -77.9423 45.0 78
1480 2 1 -77.9423 45.0 78
1481 1 1 -77.9423 45.0 78
1482 2 1 -77.9423 45.0 78
1483 2 1 -77.9423 45.0 78
1484 2 1 -77.9423 45.0 78
1485 2 1 -77.9423 45.0 78
1486 2 1 -77.9423 45.0 78
1487 2 1 -77.9423 45.0 78
1488 2 1 -77.9423 45.0 78
1489 2 1 -77.9423 45.0 78
1490 2 1 -77.9423 45.0 78
1491 2 1 -77.9423 45.0 78
1492 2 1 -77.9423 45.0 78
1493 2 1 -77.9423 45.0 78
1494 1 1 -77.9423 45.0 78
1495 2 1 -77.9423 45.0 78
1496 2 1 -77.9423 45.0 78
1497 1 1 -77.9423 45.0 78
1498 1 1 -77.9423 45.0 78
1499 2 1 -77.9423 45.0 78
1500 2 1 -77.9423 45.0 78
1501 2 1 -60.0 0.0 79
1502 2 1 -60.0 0.0 79
1503 4 1 -60.0 0.0 79
1504 2 1 -60.0 0.0 79
1505 4 1 -60.0 0.0 79
1506 4 1 -60.0 0.0 79
1507 4 1 -60.0 0.0 79
1508 4 1 -60.0 0.0 79
1509 4 1 -60.0 0.0 79
1510 4 1 -60.0 0.0 79
1511 2 1 -70.0 0.0 80
1512 4 1 -70.0 0.0 80
1513 4 1 -70.0 0.0 80
1514 4 1 -70.0 0.0 80
1515 2 1 -70.0 0.0 80
1516 4 1 -70.0 0.0 80
1517 4 1 -70.0 0.0 80
1518 4 1 -70.0 0.0 80
1519 4 1 -70.0 0.0 80
1520 4 1 -70.0 0.0 80
1521 2 1 -80.0 0.0 81
1522 4 1 -80.0 0.0 81
1523 4 1 -80.0 0.0 81
1524 4 1 -80.0 0.0 81
1525 2 1 -80.0 0.0 81
1526 2 1 -80.0 0.0 81
1527 2 1 -80.0 0.0 81
1528 4 1 -80.0 0.0 81
1529 2 1 -80.0 0.0 81
1530 4 1 -80.0 0.0 81
1531 4 1 -90.0 0.0 82
1532 4 1 -90.0 0.0 82
1533 4 1 -90.0 0.0 82
1534 4 1 -90.0 0.0 82
1535 4 1 -90.0 0.0 82
1536 4 1 -90.0 0.0 82
1537 4 1 -90.0 0.0 82
1538 4 1 -90.0 0.0 82
1539 2 1 -90.0 0.0 82
1540 4 1 -90.0 0.0 82
1541 1 1 -51.9615 -30.0 83
1542 4 1 -51.9615 -30.0 83
1543 4 1 -51.9615 -30.0 83
1544 4 1 -51.9615 -30.0 83
1545 4 1 -51.9615 -30.0 83
1546 4 1 -51.9615 -30.0 83
1547 4 1 -51.9615 -30.0 83
1548 4 1 -51.9615 -30.0 83
1549 4 1 -51.9615 -30.0 83
1550 4 1 -51.9615 -30.0 83
1551 4 1 -51.9615 -30.0 83
1552 4 1 -51.9615 -30.0 83
1553 4 1 -51.9615 -30.0 83
1554 4 1 -51.9615 -30.0 83
1555 4 1 -51.9615 -30.0 83
1556 4 1 -51.9615 -30.0 83
1557 4 1 -51.9615 -30.0 83
1558 1 1 -51.9615 -30.0 83
1559 4 1 -51.9615 -30.0 83
1560 4 1 -51.9615 -30.0 83
1561 4 1 -60.6218 -35.0 84
1562 4 1 -60.6218 -35.0 84
1563 1 1 -60.6218 -35.0 84
1564 4 1 -60.6218 -35.0 84
1565 4 1 -60.6218 -35.0 84
1566 1 1 -60.6218 -35.0 84
1567 1 1 -60.6218 -35.0 84
1568 4 1 -60.6218 -35.0 84
1569 4 1 -60.6218 -35.0 84
1570 1 1 -60.6218 -35.0 84
1571 4 1 -60.6218 -35.0 84
1572 1 1 -60.6218 -35.0 84
1573 4 1 -60.6218 -35.0 84
1574 4 1 -60.6218 -35.0 84
1575 4 1 -60.6218 -35.0 84
1576 1 1 -60.6218 -35.0 84
1577 4 1 -60.6218 -35.0 84
1578 1 1 -60.6218 -35.0 84
1579 1 1 -60.6218 -35.0 84
1580 4 1 -60.6218 -35.0 84
1581 4 1 -69.282 -40.0 85
1582 4 1 -69.282 -40.0 85
1583 4 1 -69.282 -40.0 85
1584 4 1 -69.282 -40.0 85
1585 4 1 -69.282 -40.0 85
1586 4 1 -69.282 -40.0 85
1587 4 1 -69.282 -40.0 85
1588 4 1 -69.282 -40.0 85
1589 4 1 -69.282 -40.0 85
1590 1 1 -69.282 -40.0 85
1591 4 1 -69.282 -40.0 85
1592 1 1 -69.282 -40.0 85
1593 4 1 -69.282 -40.0 85
1594 4 1 -69.282 -40.0 85
1595 4 1 -69.282 -40.0 85
1596 4 1 -69.282 -40.0 85
1597 4 1 -69.282 -40.0 85
1598 4 1 -69.282 -40.0 85
1599 4 1 -69.282 -40.0 85
1600 4 1 -69.282 -40.0 85
1601 4 1 -77.9423 -45.0 86
1602 4 1 -77.9423 -45.0 86
1603 4 1 -77.9423 -45.0 86
1604 4 1 -77.9423 -45.0 86
1605 4 1 -77.9423 -45.0 86
1606 4 1 -77.9423 -45.0 86
1607 1 1 -77.9423 -45.0 86
1608 4 1 -77.9423 -45.0 86
1609 4 1 -77.9423 -45.0 86
1610 4 1 -77.9423 -45.0 86
1611 1 1 -77.9423 -45.0 86
1612 4 1 -77.9423 -45.0 86
1613 4 1 -77.9423 -45.0 86
1614 4 1 -77.9423 -45.0 86
1615 4 1 -77.9423 -45.0 86
1616 1 1 -77.9423 -45.0 86
1617 4 1 -77.9423 -45.0 86
1618 4 1 -77.9423 -45.0 86
1619 4 1 -77.9423 -45.0 86
1620 4 1 -77.9423 -45.0 86
1621 2 1 -30.0 -51.9615 87
1622 2 1 -30.0 -51.9615 87
1623 2 1 -30.0 -51.9615 87
1624 2 1 -30.0 -51.9615 87
1625 2 1 -30.0 -51.9615 87
1626 1 1 -30.0 -51.9615 87
1627 1 1 -30.0 -51.9615 87
1628 2 1 -30.0 -51.9615 87
1629 2 1 -30.0 -51.9615 87
1630 1 1 -30.0 -51.9615 87
1631 2 1 -30.0 -51.9615 87
1632 2 1 -30.0 -51.9615 87
1633 2 1 -30.0 -51.9615 87
1634 2 1 -30.0 -51.9615 87
1635 2 1 -30.0 -51.9615 87
1636 2 1 -30.0 -51.9615 87
1637 2 1 -30.0 -51.9615 87
1638 2 1 -30.0 -51.9615 87
1639 1 1 -30.0 -51.9615 87
1640 2 1 -30.0 -51.9615 87
1641 2 1 -30.0 -51.9615 87
1642 2 1 -30.0 -51.9615 87
1643 2 1 -30.0 -51.9615 87
1644 2 1 -30.0 -51.9615 87
1645 2 1 -30.0 -51.9615 87
1646 2 1 -30.0 -51.9615 87
1647 2 1 -30.0 -51.9615 87
1648 2 1 -30.0 -51.9615 87
1649 2 1 -30.0 -51.9615 87
1650 2 1 -30.0 -51.9615 87
1651 1 1 -35.0 -60.6218 88
1652 1 1 -35.0 -60.6218 88
1653 2 1 -35.0 -60.6218 88
1654 2 1 -35.0 -60.6218 88
1655 1 1 -35.0 -60.6218 88
1656 2 1 -35.0 -60.6218 88
1657 2 1 -35.0 -60.6218 88
1658 2 1 -35.0 -60.6218 88
1659 2 1 -35.0 -60.6218 88
1660 2 1 -35.0 -60.6218 88
1661 2 1 -35.0 -60.6218 88
1662 2 1 -35.0 -60.6218 88
1663 1 1 -35.0 -60.6218 88
1664 2 1 -35.0 -60.6218 88
1665 2 1 -35.0 -60.6218 88
1666 2 1 -35.0 -60.6218 88
1667 2 1 -35.0 -60.6218 88
1668 2 1 -35.0 -60.6218 88
1669 2 1 -35.0 -60.6218 88
1670 2 1 -35.0 -60.6218 88
1671 1 1 -35.0 -60.6218 88
1672 1 1 -35.0 -60.6218 88
1673 1 1 -35.0 -60.6218 88
1674 2 1 -35.0 -60.6218 88
1675 1 1 -35.0 -60.6218 88
1676 2 1 -35.0 -60.6218 88
1677 2 1 -35.0 -60.6218 88
1678 2 1 -35.0 -60.6218 88
1679 2 1 -35.0 -60.6218 88
1680 1 1 -35.0 -60.6218 88
1681 2 1 -40.0 -69.282 89
1682 2 1 -40.0 -69.282 89
1683 2 1 -40.0 -69.282 89
1684 1 1 -40.0 -69.282 89
1685 2 1 -40.0 -69.282 89
1686 2 1 -40.0 -69.282 89
1687 2 1 -40.0 -69.282 89
1688 2 1 -40.0 -69.282 89
1689 2 1 -40.0 -69.282 89
1690 2 1 -40.0 -69.282 89
1691 2 1 -40.0 -69.282 89
1692 2 1 -40.0 -69.282 89
1693 1 1 -40.0 -69.282 89
1694 1 1 -40.0 -69.282 89
1695 2 1 -40.0 -69.282 89
1696 2 1 -40.0 -69.282 89
1697 2 1 -40.0 -69.282 89
1698 2 1 -40.0 -69.282 89
1699 2 1 -40.0 -69.282 89
1700 1 1 -40.0 -69.282 89
1701 1 1 -40.0 -69.282 89
1702 1 1 -40.0 -69.282 89
1703 2 1 -40.0 -69.282 89
1704 2 1 -40.0 -69.282 89
1705 2 1 -40.0 -69.282 89
1706 2 1 -40.0 -69.282 89
1707 1 1 -40.0 -69.282 89
1708 2 1 -40.0 -69.282 89
1709 2 1 -40.0 -69.282 89
1710 2 1 -40.0 -69.282 89
1711 1 1 -45.0 -77.9423 90
1712 1 1 -45.0 -77.9423 90
1713 2 1 -45.0 -77.9423 90
1714 2 1 -45.0 -77.9423 90
1715 2 1 -45.0 -77.9423 90
1716 2 1 -45.0 -77.9423 90
1717 2 1 -45.0 -77.9423 90
1718 2 1 -45.0 -77.9423 90
1719 1 1 -45.0 -77.9423 90
1720 2 1 -45.0 -77.9423 90
1721 1 1 -45.0 -77.9423 90
1722 2 1 -45.0 -77.9423 90
1723 2 1 -45.0 -77.9423 90
1724 2 1 -45.0 -77.9423 90
1725 2 1 -45.0 -77.9423 90
1726 1 1 -45.0 -77.9423 90
1727 2 1 -45.0 -77.9423 90
1728 1 1 -45.0 -77.9423 90
1729 1 1 -45.0 -77.9423 90
1730 2 1 -45.0 -77.9423 90
1731 2 1 -45.0 -77.9423 90
1732 2 1 -45.0 -77.9423 90
1733 2 1 -45.0 -77.9423 90
1734 1 1 -45.0 -77.9423 90
1735 2 1 -45.0 -77.9423 90
1736 2 1 -45.0 -77.9423 90
1737 2 1 -45.0 -77.9423 90
1738 2 1 -45.0 -77.9423 90
1739 2 1 -45.0 -77.9423 90
1740 2 1 -45.0 -77.9423 90
1741 4 1 0.0 -60.0 91
1742 4 1 0.0 -60.0 91
1743 2 1 0.0 -60.0 91
1744 4 1 0.0 -60.0 91
1745 4 1 0.0 -60.0 91
1746 4 1 0.0 -60.0 91
1747 4 1 0.0 -60.0 91
1748 4 1 0.0 -60.0 91
1749 4 1 0.0 -60.0 91
1750 4 1 0.0 -60.0 91
1751 4 1 0.0 -70.0 92
1752 4 1 0.0 -70.0 92
1753 4 1 0.0 -70.0 92
1754 4 1 0.0 -70.0 92
1755 4 1 0.0 -70.0 92
1756 4 1 0.0 -70.0 92
1757 2 1 0.0 -70.0 92
1758 4 1 0.0 -70.0 92
1759 4 1 0.0 -70.0 92
1760 2 1 0.0 -70.0 92
1761 4 1 0.0 -80.0 93
1762 4 1 0.0 -80.0 93
1763 2 1 0.0 -80.0 93
1764 2 1 0.0 -80.0 93
1765 4 1 0.0 -80.0 93
1766 4 1 0.0 -80.0 93
1767 2 1 0.0 -80.0 93
1768 4 1 0.0 -80.0 93
1769 4 1 0.0 -80.0 93
1770 4 1 0.0 -80.0 93
1771 4 1 0.0 -90.0 94
1772 4 1 0.0 -90.0 94
1773 4 1 0.0 -90.0 94
1774 4 1 0.0 -90.0 94
1775 4 1 0.0 -90.0 94
1776 4 1 0.0 -90.0 94
1777 4 1 0.0 -90.0 94
1778 4 1 0.0 -90.0 94
1779 4 1 0.0 -90.0 94
1780 4 1 0.0 -90.0 94
1781 4 1 30.0 -51.9615 95
1782 4 1 30.0 -51.9615 95
1783 4 1 30.0 -51.9615 95
1784 4 1 30.0 -51.9615 95
1785 4 1 30.0 -51.9615 95
1786 1 1 30.0 -51.9615 95
1787 4 1 30.0 -51.9615 95
1788 4 1 30.0 -51.9615 95
1789 4 1 30.0 -51.9615 95
1790 1 1 30.0 -51.9615 95
1791 4 1 30.0 -51.9615 95
1792 4 1 30.0 -51.9615 95
1793 4 1 30.0 -51.9615 95
1794 4 1 30.0 -51.9615 95
1795 4 1 30.0 -51.9615 95
1796 4 1 30.0 -51.9615 95
1797 4 1 30.0 -51.9615 95
1798 4 1 30.0 -51.9615 95
1799 4 1 30.0 -51.9615 95
1800 4 1 30.0 -51.9615 95
1801 4 1 35.0 -60.6218 96
1802 4 1 35.0 -60.6218 96
1803 4 1 35.0 -60.6218 96
1804 4 1 35.0 -60.6218 96
1805 1 1 35.0 -60.6218 96
1806 4 1 35.0 -60.6218 96
1807 4 1 35.0 -60.6218 96
1808 4 1 35.0 -60.6218 96
1809 4 1 35.0 -60.6218 96
1810 1 1 35.0 -60.6218 96
1811 4 1 35.0 -60.6218 96
1812 1 1 35.0 -60.6218 96
1813 4 1 35.0 -60.6218 96
1814 4 1 35.0 -60.6218 96
1815 4 1 35.0 -60.6218 96
1816 4 1 35.0 -60.6218 96
1817 4 1 35.0 -60.6218 96
1818 1 1 35.0 -60.6218 96
1819 1 1 35.0 -60.6218 96
1820 1 1 35.0 -60.6218 96
1821 1 1 40.0 -69.282 97
1822 4 1 40.0 -69.282 97
1823 4 1 40.0 -69.282 97
1824 4 1 40.0 -69.282 97
1825 4 1 40.0 -69.282 97
1826 4 1 40.0 -69.282 97
1827 4 1 40.0 -69.282 97
1828 4 1 40.0 -69.282 97
1829 1 1 40.0 -69.282 97
1830 4 1 40.0 -69.282 97
1831 1 1 40.0 -69.282 97
1832 4 1 40.0 -69.282 97
1833 4 1 40.0 -69.282 97
1834 4 1 40.0 -69.282 97
1835 4 1 40.0 -69.282 97
1836 1 1 40.0 -69.282 97
1837 4 1 40.0 -69.282 97
1838 4 1 40.0 -69.282 97
1839 1 1 40.0 -69.282 97
1840 4 1 40.0 -69.282 97
1841 4 1 45.0 -77.9423 98
1842 4 1 45.0 -77.9423 98
1843 1 1 45.0 -77.9423 98
1844 4 1 45.0 -77.9423 98
1845 4 1 45.0 -77.9423 98
1846 4 1 45.0 -77.9423 98
1847 1 1 45.0 -77.9423 98
1848 4 1 45.0 -77.9423 98
1849 4 1 45.0 -77.9423 98
1850 4 1 45.0 -77.9423 98
1851 1 1 45.0 -77.9423 98
1852 4 1 45.0 -77.9423 98
1853 4 1 45.0 -77.9423 98
1854 4 1 45.0 -77.9423 98
1855 4 1 45.0 -77.9423 98
1856 4 1 45.0 -77.9423 98
1857 4 1 45.0 -77.9423 98
1858 4 1 45.0 -77.9423 98
1859 4 1 45.0 -77.9423 98
1860 1 1 45.0 -77.9423 98
1861 2 1 51.9615 -30.0 99
1862 2 1 51.9615 -30.0 99
1863 2 1 51.9615 -30.0 99
1864 2 1 51.9615 -30.0 99
1865 2 1 51.9615 -30.0 99
1866 2 1 51.9615 -30.0 99
1867 1 1 51.9615 -30.0 99
1868 2 1 51.9615 -30.0 99
1869 2 1 51.9615 -30.0 99
1870 2 1 51.9615 -30.0 99
1871 2 1 51.9615 -30.0 99
1872 2 1 51.9615 -30.0 99
1873 2 1 51.9615 -30.0 99
1874 2 1 51.9615 -30.0 99
1875 2 1 51.9615 -30.0 99
1876 2 1 51.9615 -30.0 99
1877 2 1 51.9615 -30.0 99
1878 2 1 51.9615 -30.0 99
1879 2 1 51.9615 -30.0 99
1880 2 1 51.9615 -30.0 99
1881 2 1 51.9615 -30.0 99
1882 2 1 51.9615 -30.0 99
1883 2 1 51.9615 -30.0 99
1884 2 1 51.9615 -30.0 99
1885 2 1 51.9615 -30.0 99
1886 1 1 51.9615 -30.0 99
1887 2 1 51.9615 -30.0 99
1888 2 1 51.9615 -30.0 99
1889 2 1 51.9615 -30.0 99
1890 1 1 51.9615 -30.0 99
1891 1 1 60.6218 -35.0 100
1892 2 1 60.6218 -35.0 100
1893 2 1 60.6218 -35.0 100
1894 2 1 60.6218 -35.0 100
1895 2 1 60.6218 -35.0 100
1896 1 1 60.6218 -35.0 100
1897 2 1 60.6218 -35.0 100
1898 2 1 60.6218 -35.0 100
1899 2 1 60.6218 -35.0 100
1900 1 1 60.6218 -35.0 100
1901 1 1 60.6218 -35.0 100
1902 2 1 60.6218 -35.0 100
1903 2 1 60.6218 -35.0 100
1904 2 1 60.6218 -35.0 100
1905 2 1 60.6218 -35.0 100
1906 2 1 60.6218 -35.0 100
1907 2 1 60.6218 -35.0 100
1908 2 1 60.6218 -35.0 100
1909 2 1 60.6218 -35.0 100
1910 2 1 60.6218 -35.0 100
1911 2 1 60.6218 -35.0 100
1912 2 1 60.6218 -35.0 100
1913 2 1 60.6218 -35.0 100
1914 2 1 60.6218 -35.0 100
1915 1 1 60.6218 -35.0 100
1916 1 1 60.6218 -35.0 100
1917 2 1 60.6218 -35.0 100
1918 2 1 60.6218 -35.0 100
1919 2 1 60.6218 -35.0 100
1920 2 1 60.6218 -35.0 100
1921 1 1 69.282 -40.0 101
1922 2 1 69.282 -40.0 101
1923 1 1 69.282 -40.0 101
1924 2 1 69.282 -40.0 101
1925 2 1 69.282 -40.0 101
1926 1 1 69.282 -40.0 101
1927 1 1 69.282 -40.0 101
1928 2 1 69.282 -40.0 101
1929 2 1 69.282 -40.0 101
1930 1 1 69.282 -40.0 101
1931 1 1 69.282 -40.0 101
1932 2 1 69.282 -40.0 101
1933 2 1 69.282 -40.0 101
1934 2 1 69.282 -40.0 101
1935 2 1 69.282 -40.0 101
1936 2 1 69.282 -40.0 101
1937 2 1 69.282 -40.0 101
1938 2 1 69.282 -40.0 101
1939 2 1 69.282 -40.0 101
1940 2 1 69.282 -40.0 101
1941 2 1 69.282 -40.0 101
1942 2 1 69.282 -40.0 101
1943 2 1 69.282 -40.0 101
1944 2 1 69.282 -40.0 101
1945 2 1 69.282 -40.0 101
1946 2 1 69.282 -40.0 101
1947 2 1 69.282 -40.0 101
1948 2 1 69.282 -40.0 101
1949 2 1 69.282 -40.0 101
1950 2 1 69.282 -40.0 101
1951 2 1 77.9423 -45.0 102
1952 2 1 77.9423 -45.0 102
1953 2 1 77.9423 -45.0 102
1954 2 1 77.9423 -45.0 102
1955 2 1 77.9423 -45.0 102
1956 2 1 77.9423 -45.0 102
1957 1 1 77.9423 -45.0 102
1958 2 1 77.9423 -45.0 102
1959 2 1 77.9423 -45.0 102
1960 1 1 77.9423 -45.0 102
1961 2 1 77.9423 -45.0 102
1962 2 1 77.9423 -45.0 102
1963 2 1 77.9423 -45.0 102
1964 2 1 77.9423 -45.0 102
1965 2 1 77.9423 -45.0 102
1966 2 1 77.9423 -45.0 102
1967 2 1 77.9423 -45.0 102
1968 2 1 77.9423 -45.0 102
1969 1 1 77.9423 -45.0 102
1970 2 1 77.9423 -45.0 102
1971 1 1 77.9423 -45.0 102
1972 1 1 77.9423 -45.0 102
1973 2 1 77.9423 -45.0 102
1974 2 1 77.9423 -45.0 102
1975 2 1 77.9423 -45.0 102
1976 2 1 77.9423 -45.0 102
1977 2 1 77.9423 -45.0 102
1978 2 1 77.9423 -45.0 102
1979 1 1 77.9423 -45.0 102
1980 2 1 77.9423 -45.0 102
1981 4 1 96.5926 25.8819 103
1982 4 1 96.5926 25.8819 103
1983 4 1 96.5926 25.8819 103
1984 4 1 96.5926 25.8819 103
1985 2 1 96.5926 25.8819 103
1986 4 1 96.5926 25.8819 103
1987 4 1 96.5926 25.8819 103
1988 4 1 96.5926 25.8819 103
1989 4 1 96.5926 25.8819 103
1990 2 1 96.5926 25.8819 103
1991 4 1 25.8819 96.5926 104
1992 1 1 25.8819 96.5926 104
1993 4 1 25.8819 96.5926 104
1994 4 1 25.8819 96.5926 104
1995 4 1 25.8819 96.5926 104
1996 4 1 25.8819 96.5926 104
1997 4 1 25.8819 96.5926 104
1998 4 1 25.8819 96.5926 104
1999 2 1 25.8819 96.5926 104
2000 2 1 25.8819 96.5926 104
