1
0 0.0 0.0 3000.0 7359.3994140625 32
1855 1 99.0 364.2757873535156 100 2147483647 101
0 0 0.0 0.0 D
386 1 -1.7365 9.8481 1
371 1 -1.7365 9.8481 1
370 1 -1.7365 9.8481 1
367 1 -1.7365 9.8481 1
365 1 -1.7365 9.8481 1
297 1 1.7365 9.8481 1
287 1 1.7365 9.8481 1
284 1 1.7365 9.8481 1
320 1 3.473 19.6962 1
315 1 3.473 19.6962 1
310 1 3.473 19.6962 1
309 1 3.473 19.6962 1
307 1 3.473 19.6962 1
303 1 3.473 19.6962 1
409 1 -3.473 19.6962 1
402 1 -3.473 19.6962 1
399 1 -3.473 19.6962 1
442 1 -5.2094 29.5442 1
437 1 -5.2094 29.5442 1
430 1 -5.2094 29.5442 1
428 1 -5.2094 29.5442 1
422 1 -5.2094 29.5442 1
334 1 5.2094 29.5442 1
333 1 5.2094 29.5442 1
326 1 5.2094 29.5442 1
358 1 6.9459 39.3923 1
355 1 6.9459 39.3923 1
480 1 -6.9459 39.3923 1
479 1 -6.9459 39.3923 1
477 1 -6.9459 39.3923 1
474 1 -6.9459 39.3923 1
473 1 -6.9459 39.3923 1
472 1 -6.9459 39.3923 1
469 1 -6.9459 39.3923 1
468 1 -6.9459 39.3923 1
466 1 -6.9459 39.3923 1
462 1 -6.9459 39.3923 1
460 1 -6.9459 39.3923 1
457 1 -6.9459 39.3923 1
451 1 -6.9459 39.3923 1
1917 1 -10.4189 59.0885 1
1915 1 -10.4189 59.0885 1
1910 1 -10.4189 59.0885 1
1908 1 -10.4189 59.0885 1
1903 1 -10.4189 59.0885 1
1902 1 -10.4189 59.0885 1
1899 1 -10.4189 59.0885 1
1897 1 -10.4189 59.0885 1
1896 1 -10.4189 59.0885 1
1947 1 -12.1554 68.9365 1
1939 1 -12.1554 68.9365 1
1977 1 -13.8919 78.7846 1
1968 1 -13.8919 78.7846 1
1961 1 -13.8919 78.7846 1
1959 1 -13.8919 78.7846 1
1958 1 -13.8919 78.7846 1
2001 1 -15.6283 88.6327 1
1997 1 -15.6283 88.6327 1
1996 1 -15.6283 88.6327 1
1994 1 -15.6283 88.6327 1
2999 1 0.0 100.0 1
2994 1 0.0 100.0 1
1889 1 15.6283 88.6327 1
1885 1 15.6283 88.6327 1
1884 1 15.6283 88.6327 1
1872 1 15.6283 88.6327 1
1864 1 13.8918 78.7846 1
1860 1 13.8918 78.7846 1
1854 1 13.8918 78.7846 1
1838 1 12.1554 68.9365 1
1836 1 12.1554 68.9365 1
1833 1 12.1554 68.9365 1
1826 1 10.4189 59.0885 1
1819 1 10.4189 59.0885 1
1815 1 10.4189 59.0885 1
1814 1 10.4189 59.0885 1
2984 1 64.2788 76.6044 1
1770 1 68.944 57.8509 1
1768 1 68.944 57.8509 1
1767 1 68.944 57.8509 1
1762 1 68.944 57.8509 1
1759 1 68.944 57.8509 1
1757 1 68.944 57.8509 1
1756 1 68.944 57.8509 1
1680 1 45.9627 38.5673 1
1658 1 45.9627 38.5673 1
1653 1 45.9627 38.5673 1
1457 1 32.1394 38.3022 1
1456 1 32.1394 38.3022 1
205 1 22.9813 19.2836 1
198 1 22.9813 19.2836 1
195 1 22.9813 19.2836 1
160 1 15.3209 12.8558 1
153 1 15.3209 12.8558 1
143 1 7.6604 6.4279 1
142 1 7.6604 6.4279 1
139 1 7.6604 6.4279 1
137 1 7.6604 6.4279 1
131 1 7.6604 6.4279 1
-1 0 0.0 0.0 D
1856 1 159.0 411.6383972167969 160 2147483647 161
0 0 0.0 0.0 D
630 1 -9.3969 3.4202 1
629 1 -9.3969 3.4202 1
628 1 -9.3969 3.4202 1
621 1 -9.3969 3.4202 1
611 1 -9.3969 3.4202 1
609 1 -9.3969 3.4202 1
605 1 -9.3969 3.4202 1
602 1 -9.3969 3.4202 1
535 1 -7.6604 6.4279 1
532 1 -7.6604 6.4279 1
530 1 -7.6604 6.4279 1
558 1 -15.3209 12.8558 1
555 1 -15.3209 12.8558 1
554 1 -15.3209 12.8558 1
553 1 -15.3209 12.8558 1
550 1 -15.3209 12.8558 1
544 1 -15.3209 12.8558 1
572 1 -22.9813 19.2836 1
566 1 -22.9813 19.2836 1
562 1 -22.9813 19.2836 1
596 1 -30.6418 25.7115 1
591 1 -30.6418 25.7115 1
589 1 -30.6418 25.7115 1
584 1 -30.6418 25.7115 1
582 1 -30.6418 25.7115 1
1474 1 -32.1394 38.3022 1
2068 1 -45.9627 38.5673 1
2055 1 -45.9627 38.5673 1
2054 1 -45.9627 38.5673 1
2053 1 -45.9627 38.5673 1
2085 1 -53.6231 44.9951 1
2084 1 -53.6231 44.9951 1
2083 1 -53.6231 44.9951 1
2109 1 -61.2836 51.423 1
2105 1 -61.2836 51.423 1
2095 1 -61.2836 51.423 1
2091 1 -61.2836 51.423 1
2125 1 -68.944 57.8509 1
2121 1 -68.944 57.8509 1
2119 1 -68.944 57.8509 1
2113 1 -68.944 57.8509 1
2236 1 -84.5723 30.7818 1
2235 1 -84.5723 30.7818 1
2233 1 -84.5723 30.7818 1
2229 1 -84.5723 30.7818 1
2223 1 -84.5723 30.7818 1
2222 1 -84.5723 30.7818 1
2219 1 -75.1754 27.3616 1
2214 1 -75.1754 27.3616 1
2212 1 -75.1754 27.3616 1
2211 1 -75.1754 27.3616 1
2208 1 -75.1754 27.3616 1
2207 1 -75.1754 27.3616 1
2192 1 -75.1754 27.3616 1
2181 1 -65.7785 23.9414 1
2180 1 -65.7785 23.9414 1
2166 1 -65.7785 23.9414 1
2164 1 -65.7785 23.9414 1
2163 1 -65.7785 23.9414 1
2157 1 -56.3816 20.5212 1
2155 1 -56.3816 20.5212 1
2152 1 -56.3816 20.5212 1
2150 1 -56.3816 20.5212 1
2144 1 -56.3816 20.5212 1
2141 1 -56.3816 20.5212 1
2139 1 -56.3816 20.5212 1
2137 1 -56.3816 20.5212 1
2136 1 -56.3816 20.5212 1
1487 1 -49.2404 8.6824 1
720 1 -37.5877 13.6808 1
714 1 -37.5877 13.6808 1
701 1 -37.5877 13.6808 1
696 1 -37.5877 13.6808 1
693 1 -37.5877 13.6808 1
679 1 -28.1908 10.2606 1
677 1 -28.1908 10.2606 1
675 1 -28.1908 10.2606 1
672 1 -28.1908 10.2606 1
669 1 -28.1908 10.2606 1
664 1 -28.1908 10.2606 1
660 1 -18.7939 6.8404 1
659 1 -18.7939 6.8404 1
652 1 -18.7939 6.8404 1
650 1 -18.7939 6.8404 1
643 1 -18.7939 6.8404 1
639 1 -18.7939 6.8404 1
634 1 -18.7939 6.8404 1
820 1 -28.1908 -10.2606 1
819 1 -28.1908 -10.2606 1
812 1 -28.1908 -10.2606 1
811 1 -28.1908 -10.2606 1
808 1 -28.1908 -10.2606 1
838 1 -37.5877 -13.6808 1
837 1 -37.5877 -13.6808 1
833 1 -37.5877 -13.6808 1
829 1 -37.5877 -13.6808 1
2310 1 -56.3816 -20.5212 1
2308 1 -56.3816 -20.5212 1
2305 1 -56.3816 -20.5212 1
2304 1 -56.3816 -20.5212 1
2296 1 -56.3816 -20.5212 1
2328 1 -65.7785 -23.9414 1
2324 1 -65.7785 -23.9414 1
2317 1 -65.7785 -23.9414 1
2314 1 -65.7785 -23.9414 1
2348 1 -75.1754 -27.3616 1
2346 1 -75.1754 -27.3616 1
2340 1 -75.1754 -27.3616 1
2332 1 -75.1754 -27.3616 1
2369 1 -84.5723 -30.7818 1
2367 1 -84.5723 -30.7818 1
2364 1 -84.5723 -30.7818 1
2362 1 -84.5723 -30.7818 1
2358 1 -84.5723 -30.7818 1
2357 1 -84.5723 -30.7818 1
2356 1 -84.5723 -30.7818 1
2355 1 -84.5723 -30.7818 1
2354 1 -84.5723 -30.7818 1
2490 1 -68.944 -57.8509 1
2488 1 -68.944 -57.8509 1
2487 1 -68.944 -57.8509 1
2485 1 -68.944 -57.8509 1
2481 1 -68.944 -57.8509 1
2480 1 -68.944 -57.8509 1
2478 1 -68.944 -57.8509 1
2477 1 -68.944 -57.8509 1
2472 1 -68.944 -57.8509 1
2471 1 -68.944 -57.8509 1
2468 1 -68.944 -57.8509 1
2430 1 -53.6231 -44.9951 1
2428 1 -53.6231 -44.9951 1
2425 1 -53.6231 -44.9951 1
2420 1 -53.6231 -44.9951 1
2419 1 -53.6231 -44.9951 1
2418 1 -53.6231 -44.9951 1
2415 1 -53.6231 -44.9951 1
2412 1 -53.6231 -44.9951 1
2408 1 -53.6231 -44.9951 1
2407 1 -53.6231 -44.9951 1
2406 1 -53.6231 -44.9951 1
2378 1 -45.9627 -38.5673 1
2373 1 -45.9627 -38.5673 1
958 1 -30.6418 -25.7115 1
955 1 -30.6418 -25.7115 1
951 1 -30.6418 -25.7115 1
950 1 -30.6418 -25.7115 1
944 1 -30.6418 -25.7115 1
934 1 -30.6418 -25.7115 1
927 1 -22.9813 -19.2836 1
912 1 -22.9813 -19.2836 1
909 1 -22.9813 -19.2836 1
907 1 -22.9813 -19.2836 1
905 1 -22.9813 -19.2836 1
902 1 -22.9813 -19.2836 1
795 1 -18.7939 -6.8404 1
793 1 -18.7939 -6.8404 1
786 1 -18.7939 -6.8404 1
779 1 -9.3969 -3.4202 1
768 1 -9.3969 -3.4202 1
-1 0 0.0 0.0 D
1858 2 99.0 180.00001525878906 100 2147483647 101
0 0 0.0 0.0 D
210 1 22.9813 19.2836 2
209 1 22.9813 19.2836 2
208 1 22.9813 19.2836 2
207 1 22.9813 19.2836 2
206 1 22.9813 19.2836 2
204 1 22.9813 19.2836 2
203 1 22.9813 19.2836 2
202 1 22.9813 19.2836 2
201 1 22.9813 19.2836 2
200 1 22.9813 19.2836 2
199 1 22.9813 19.2836 2
197 1 22.9813 19.2836 2
196 1 22.9813 19.2836 2
194 1 22.9813 19.2836 2
193 1 22.9813 19.2836 2
192 1 22.9813 19.2836 2
191 1 22.9813 19.2836 2
190 1 22.9813 19.2836 2
189 1 22.9813 19.2836 2
188 1 22.9813 19.2836 2
186 1 22.9813 19.2836 2
185 1 22.9813 19.2836 2
184 1 22.9813 19.2836 2
183 1 22.9813 19.2836 2
181 1 22.9813 19.2836 2
1676 1 45.9627 38.5673 2
1675 1 45.9627 38.5673 2
1674 1 45.9627 38.5673 2
1673 1 45.9627 38.5673 2
1672 1 45.9627 38.5673 2
1671 1 45.9627 38.5673 2
1670 1 45.9627 38.5673 2
1669 1 45.9627 38.5673 2
1668 1 45.9627 38.5673 2
1667 1 45.9627 38.5673 2
1666 1 45.9627 38.5673 2
1665 1 45.9627 38.5673 2
1664 1 45.9627 38.5673 2
1663 1 45.9627 38.5673 2
1662 1 45.9627 38.5673 2
1661 1 45.9627 38.5673 2
1660 1 45.9627 38.5673 2
1659 1 45.9627 38.5673 2
1657 1 45.9627 38.5673 2
1656 1 45.9627 38.5673 2
1655 1 45.9627 38.5673 2
1654 1 45.9627 38.5673 2
1652 1 45.9627 38.5673 2
1651 1 45.9627 38.5673 2
1710 1 53.6231 44.9951 2
1709 1 53.6231 44.9951 2
1708 1 53.6231 44.9951 2
1707 1 53.6231 44.9951 2
1706 1 53.6231 44.9951 2
1705 1 53.6231 44.9951 2
1704 1 53.6231 44.9951 2
1703 1 53.6231 44.9951 2
1702 1 53.6231 44.9951 2
1700 1 53.6231 44.9951 2
1698 1 53.6231 44.9951 2
1697 1 53.6231 44.9951 2
1695 1 53.6231 44.9951 2
1694 1 53.6231 44.9951 2
1693 1 53.6231 44.9951 2
1692 1 53.6231 44.9951 2
1691 1 53.6231 44.9951 2
1690 1 53.6231 44.9951 2
1688 1 53.6231 44.9951 2
1687 1 53.6231 44.9951 2
1684 1 53.6231 44.9951 2
1683 1 53.6231 44.9951 2
1682 1 53.6231 44.9951 2
1769 1 68.944 57.8509 2
1766 1 68.944 57.8509 2
1765 1 68.944 57.8509 2
1764 1 68.944 57.8509 2
1763 1 68.944 57.8509 2
1761 1 68.944 57.8509 2
1760 1 68.944 57.8509 2
1758 1 68.944 57.8509 2
1755 1 68.944 57.8509 2
1754 1 68.944 57.8509 2
1753 1 68.944 57.8509 2
1752 1 68.944 57.8509 2
1751 1 68.944 57.8509 2
1750 1 68.944 57.8509 2
1749 1 68.944 57.8509 2
1748 1 68.944 57.8509 2
1747 1 68.944 57.8509 2
1746 1 68.944 57.8509 2
1745 1 68.944 57.8509 2
1744 1 68.944 57.8509 2
1743 1 68.944 57.8509 2
1742 1 68.944 57.8509 2
1741 1 68.944 57.8509 2
1740 1 61.2836 51.423 2
1739 1 61.2836 51.423 2
1738 1 61.2836 51.423 2
1735 1 61.2836 51.423 2
-1 0 0.0 0.0 D
1859 2 159.0 312.7236022949219 160 2147483647 161
0 0 0.0 0.0 D
243 1 5.0 8.6603 2
450 1 -5.2094 29.5442 2
449 1 -5.2094 29.5442 2
448 1 -5.2094 29.5442 2
447 1 -5.2094 29.5442 2
446 1 -5.2094 29.5442 2
445 1 -5.2094 29.5442 2
444 1 -5.2094 29.5442 2
443 1 -5.2094 29.5442 2
441 1 -5.2094 29.5442 2
440 1 -5.2094 29.5442 2
439 1 -5.2094 29.5442 2
438 1 -5.2094 29.5442 2
436 1 -5.2094 29.5442 2
435 1 -5.2094 29.5442 2
434 1 -5.2094 29.5442 2
433 1 -5.2094 29.5442 2
432 1 -5.2094 29.5442 2
431 1 -5.2094 29.5442 2
429 1 -5.2094 29.5442 2
427 1 -5.2094 29.5442 2
426 1 -5.2094 29.5442 2
425 1 -5.2094 29.5442 2
424 1 -5.2094 29.5442 2
423 1 -5.2094 29.5442 2
421 1 -5.2094 29.5442 2
478 1 -6.9459 39.3923 2
476 1 -6.9459 39.3923 2
475 1 -6.9459 39.3923 2
471 1 -6.9459 39.3923 2
470 1 -6.9459 39.3923 2
467 1 -6.9459 39.3923 2
465 1 -6.9459 39.3923 2
464 1 -6.9459 39.3923 2
463 1 -6.9459 39.3923 2
461 1 -6.9459 39.3923 2
459 1 -6.9459 39.3923 2
458 1 -6.9459 39.3923 2
456 1 -6.9459 39.3923 2
455 1 -6.9459 39.3923 2
454 1 -6.9459 39.3923 2
453 1 -6.9459 39.3923 2
452 1 -6.9459 39.3923 2
1468 1 0.0 50.0 2
1912 1 -10.4189 59.0885 2
1911 1 -10.4189 59.0885 2
1909 1 -10.4189 59.0885 2
1907 1 -10.4189 59.0885 2
1906 1 -10.4189 59.0885 2
1905 1 -10.4189 59.0885 2
1904 1 -10.4189 59.0885 2
1901 1 -10.4189 59.0885 2
1900 1 -10.4189 59.0885 2
1898 1 -10.4189 59.0885 2
1895 1 -10.4189 59.0885 2
1894 1 -10.4189 59.0885 2
1893 1 -10.4189 59.0885 2
1892 1 -10.4189 59.0885 2
1891 1 -10.4189 59.0885 2
2010 1 -15.6283 88.6327 2
2009 1 -15.6283 88.6327 2
2008 1 -15.6283 88.6327 2
2007 1 -15.6283 88.6327 2
2006 1 -15.6283 88.6327 2
2005 1 -15.6283 88.6327 2
2004 1 -15.6283 88.6327 2
2003 1 -15.6283 88.6327 2
2002 1 -15.6283 88.6327 2
2000 1 -15.6283 88.6327 2
1999 1 -15.6283 88.6327 2
1998 1 -15.6283 88.6327 2
1995 1 -15.6283 88.6327 2
1993 1 -15.6283 88.6327 2
1992 1 -15.6283 88.6327 2
1991 1 -15.6283 88.6327 2
1990 1 -15.6283 88.6327 2
1989 1 -15.6283 88.6327 2
1988 1 -15.6283 88.6327 2
1987 1 -15.6283 88.6327 2
1986 1 -15.6283 88.6327 2
1985 1 -15.6283 88.6327 2
1984 1 -15.6283 88.6327 2
1983 1 -15.6283 88.6327 2
1982 1 -15.6283 88.6327 2
1981 1 -15.6283 88.6327 2
2996 1 0.0 100.0 2
2993 1 0.0 100.0 2
1803 1 45.0 77.9423 2
2987 1 64.2788 76.6044 2
2983 1 64.2788 76.6044 2
1799 1 40.0 69.282 2
1795 1 40.0 69.282 2
1791 1 40.0 69.282 2
1781 1 35.0 60.6218 2
1780 1 30.0 51.9615 2
1776 1 30.0 51.9615 2
236 1 30.6418 25.7115 2
237 1 30.6418 25.7115 2
238 1 30.6418 25.7115 2
239 1 30.6418 25.7115 2
267 1 15.0 25.9808 2
264 1 15.0 25.9808 2
260 1 10.0 17.3205 2
258 1 10.0 17.3205 2
255 1 10.0 17.3205 2
251 1 10.0 17.3205 2
180 1 15.3209 12.8558 2
179 1 15.3209 12.8558 2
178 1 15.3209 12.8558 2
177 1 15.3209 12.8558 2
176 1 15.3209 12.8558 2
175 1 15.3209 12.8558 2
174 1 15.3209 12.8558 2
173 1 15.3209 12.8558 2
172 1 15.3209 12.8558 2
171 1 15.3209 12.8558 2
170 1 15.3209 12.8558 2
169 1 15.3209 12.8558 2
168 1 15.3209 12.8558 2
167 1 15.3209 12.8558 2
166 1 15.3209 12.8558 2
165 1 15.3209 12.8558 2
164 1 15.3209 12.8558 2
163 1 15.3209 12.8558 2
162 1 15.3209 12.8558 2
161 1 15.3209 12.8558 2
159 1 15.3209 12.8558 2
158 1 15.3209 12.8558 2
157 1 15.3209 12.8558 2
156 1 15.3209 12.8558 2
155 1 15.3209 12.8558 2
154 1 15.3209 12.8558 2
152 1 15.3209 12.8558 2
151 1 15.3209 12.8558 2
150 1 7.6604 6.4279 2
149 1 7.6604 6.4279 2
148 1 7.6604 6.4279 2
147 1 7.6604 6.4279 2
146 1 7.6604 6.4279 2
145 1 7.6604 6.4279 2
144 1 7.6604 6.4279 2
141 1 7.6604 6.4279 2
140 1 7.6604 6.4279 2
138 1 7.6604 6.4279 2
136 1 7.6604 6.4279 2
135 1 7.6604 6.4279 2
134 1 7.6604 6.4279 2
133 1 7.6604 6.4279 2
132 1 7.6604 6.4279 2
130 1 7.6604 6.4279 2
129 1 7.6604 6.4279 2
128 1 7.6604 6.4279 2
127 1 7.6604 6.4279 2
126 1 7.6604 6.4279 2
125 1 7.6604 6.4279 2
124 1 7.6604 6.4279 2
123 1 7.6604 6.4279 2
122 1 7.6604 6.4279 2
121 1 7.6604 6.4279 2
-1 0 0.0 0.0 D
1861 4 199.0 311.51300048828125 200 2147483647 201
0 0 0.0 0.0 D
250 1 5.0 8.6603 4
249 1 5.0 8.6603 4
248 1 5.0 8.6603 4
247 1 5.0 8.6603 4
246 1 5.0 8.6603 4
245 1 5.0 8.6603 4
244 1 5.0 8.6603 4
242 1 5.0 8.6603 4
241 1 5.0 8.6603 4
300 1 1.7365 9.8481 4
299 1 1.7365 9.8481 4
298 1 1.7365 9.8481 4
296 1 1.7365 9.8481 4
295 1 1.7365 9.8481 4
294 1 1.7365 9.8481 4
293 1 1.7365 9.8481 4
292 1 1.7365 9.8481 4
291 1 1.7365 9.8481 4
290 1 1.7365 9.8481 4
289 1 1.7365 9.8481 4
288 1 1.7365 9.8481 4
286 1 1.7365 9.8481 4
285 1 1.7365 9.8481 4
283 1 1.7365 9.8481 4
282 1 1.7365 9.8481 4
281 1 1.7365 9.8481 4
319 1 3.473 19.6962 4
318 1 3.473 19.6962 4
317 1 3.473 19.6962 4
316 1 3.473 19.6962 4
314 1 3.473 19.6962 4
313 1 3.473 19.6962 4
312 1 3.473 19.6962 4
311 1 3.473 19.6962 4
308 1 3.473 19.6962 4
306 1 3.473 19.6962 4
305 1 3.473 19.6962 4
304 1 3.473 19.6962 4
302 1 3.473 19.6962 4
301 1 3.473 19.6962 4
259 1 10.0 17.3205 4
257 1 10.0 17.3205 4
256 1 10.0 17.3205 4
254 1 10.0 17.3205 4
253 1 10.0 17.3205 4
252 1 10.0 17.3205 4
270 1 15.0 25.9808 4
269 1 15.0 25.9808 4
268 1 15.0 25.9808 4
266 1 15.0 25.9808 4
265 1 15.0 25.9808 4
263 1 15.0 25.9808 4
262 1 15.0 25.9808 4
261 1 15.0 25.9808 4
280 1 20.0 34.641 4
278 1 20.0 34.641 4
277 1 20.0 34.641 4
276 1 20.0 34.641 4
275 1 20.0 34.641 4
274 1 20.0 34.641 4
273 1 20.0 34.641 4
272 1 20.0 34.641 4
271 1 20.0 34.641 4
1460 1 32.1394 38.3022 4
1459 1 32.1394 38.3022 4
1458 1 32.1394 38.3022 4
1455 1 32.1394 38.3022 4
1454 1 32.1394 38.3022 4
1453 1 32.1394 38.3022 4
1452 1 32.1394 38.3022 4
1451 1 32.1394 38.3022 4
1779 1 30.0 51.9615 4
1778 1 30.0 51.9615 4
1777 1 30.0 51.9615 4
1775 1 30.0 51.9615 4
1774 1 30.0 51.9615 4
1773 1 30.0 51.9615 4
1772 1 30.0 51.9615 4
1771 1 30.0 51.9615 4
1827 1 10.4189 59.0885 4
1825 1 10.4189 59.0885 4
1824 1 10.4189 59.0885 4
1823 1 10.4189 59.0885 4
1822 1 10.4189 59.0885 4
1821 1 10.4189 59.0885 4
1820 1 10.4189 59.0885 4
1818 1 10.4189 59.0885 4
1817 1 10.4189 59.0885 4
1816 1 10.4189 59.0885 4
1813 1 10.4189 59.0885 4
1812 1 10.4189 59.0885 4
1811 1 10.4189 59.0885 4
1850 1 12.1554 68.9365 4
1849 1 12.1554 68.9365 4
1848 1 12.1554 68.9365 4
1847 1 12.1554 68.9365 4
1846 1 12.1554 68.9365 4
1845 1 12.1554 68.9365 4
1844 1 12.1554 68.9365 4
1843 1 12.1554 68.9365 4
1842 1 12.1554 68.9365 4
1841 1 12.1554 68.9365 4
1840 1 12.1554 68.9365 4
1839 1 12.1554 68.9365 4
1837 1 12.1554 68.9365 4
1835 1 12.1554 68.9365 4
1834 1 12.1554 68.9365 4
1832 1 12.1554 68.9365 4
1831 1 12.1554 68.9365 4
1790 1 35.0 60.6218 4
1789 1 35.0 60.6218 4
1788 1 35.0 60.6218 4
1787 1 35.0 60.6218 4
1786 1 35.0 60.6218 4
1785 1 35.0 60.6218 4
1784 1 35.0 60.6218 4
1783 1 35.0 60.6218 4
1782 1 35.0 60.6218 4
1800 1 40.0 69.282 4
1798 1 40.0 69.282 4
1797 1 40.0 69.282 4
1796 1 40.0 69.282 4
1794 1 40.0 69.282 4
1793 1 40.0 69.282 4
1792 1 40.0 69.282 4
1810 1 45.0 77.9423 4
1809 1 45.0 77.9423 4
1808 1 45.0 77.9423 4
1807 1 45.0 77.9423 4
1806 1 45.0 77.9423 4
1805 1 45.0 77.9423 4
1804 1 45.0 77.9423 4
1802 1 45.0 77.9423 4
1801 1 45.0 77.9423 4
2990 1 64.2788 76.6044 4
2989 1 64.2788 76.6044 4
2988 1 64.2788 76.6044 4
2986 1 64.2788 76.6044 4
2985 1 64.2788 76.6044 4
2982 1 64.2788 76.6044 4
2981 1 64.2788 76.6044 4
1650 1 84.5723 30.7818 4
1648 1 84.5723 30.7818 4
1647 1 84.5723 30.7818 4
1645 1 84.5723 30.7818 4
1644 1 84.5723 30.7818 4
1642 1 84.5723 30.7818 4
1641 1 84.5723 30.7818 4
1640 1 84.5723 30.7818 4
1639 1 84.5723 30.7818 4
1637 1 84.5723 30.7818 4
1636 1 84.5723 30.7818 4
1634 1 84.5723 30.7818 4
1633 1 84.5723 30.7818 4
1632 1 84.5723 30.7818 4
1631 1 84.5723 30.7818 4
1630 1 75.1754 27.3616 4
1629 1 75.1754 27.3616 4
1627 1 75.1754 27.3616 4
1626 1 75.1754 27.3616 4
1625 1 75.1754 27.3616 4
1624 1 75.1754 27.3616 4
1623 1 75.1754 27.3616 4
1621 1 75.1754 27.3616 4
1620 1 75.1754 27.3616 4
1618 1 75.1754 27.3616 4
1617 1 75.1754 27.3616 4
1616 1 75.1754 27.3616 4
1615 1 75.1754 27.3616 4
1614 1 75.1754 27.3616 4
1613 1 75.1754 27.3616 4
1611 1 75.1754 27.3616 4
119 1 37.5877 13.6808 4
117 1 37.5877 13.6808 4
116 1 37.5877 13.6808 4
115 1 37.5877 13.6808 4
114 1 37.5877 13.6808 4
113 1 37.5877 13.6808 4
112 1 37.5877 13.6808 4
111 1 37.5877 13.6808 4
110 1 37.5877 13.6808 4
60 1 9.3969 3.4202 4
59 1 9.3969 3.4202 4
58 1 9.3969 3.4202 4
57 1 9.3969 3.4202 4
56 1 9.3969 3.4202 4
55 1 9.3969 3.4202 4
54 1 9.3969 3.4202 4
53 1 9.3969 3.4202 4
51 1 9.3969 3.4202 4
50 1 9.3969 3.4202 4
49 1 9.3969 3.4202 4
48 1 9.3969 3.4202 4
47 1 9.3969 3.4202 4
46 1 9.3969 3.4202 4
45 1 9.3969 3.4202 4
43 1 9.3969 3.4202 4
42 1 9.3969 3.4202 4
41 1 9.3969 3.4202 4
-1 0 0.0 0.0 D
1862 4 249.0 357.0459289550781 250 2147483647 251
0 0 0.0 0.0 D
490 1 -5.0 8.6603 4
489 1 -5.0 8.6603 4
488 1 -5.0 8.6603 4
487 1 -5.0 8.6603 4
486 1 -5.0 8.6603 4
485 1 -5.0 8.6603 4
483 1 -5.0 8.6603 4
482 1 -5.0 8.6603 4
481 1 -5.0 8.6603 4
500 1 -10.0 17.3205 4
498 1 -10.0 17.3205 4
497 1 -10.0 17.3205 4
496 1 -10.0 17.3205 4
495 1 -10.0 17.3205 4
494 1 -10.0 17.3205 4
493 1 -10.0 17.3205 4
492 1 -10.0 17.3205 4
340 1 5.2094 29.5442 4
339 1 5.2094 29.5442 4
338 1 5.2094 29.5442 4
337 1 5.2094 29.5442 4
336 1 5.2094 29.5442 4
335 1 5.2094 29.5442 4
332 1 5.2094 29.5442 4
331 1 5.2094 29.5442 4
330 1 5.2094 29.5442 4
329 1 5.2094 29.5442 4
328 1 5.2094 29.5442 4
327 1 5.2094 29.5442 4
325 1 5.2094 29.5442 4
324 1 5.2094 29.5442 4
323 1 5.2094 29.5442 4
322 1 5.2094 29.5442 4
321 1 5.2094 29.5442 4
341 1 6.9459 39.3923 4
360 1 6.9459 39.3923 4
359 1 6.9459 39.3923 4
357 1 6.9459 39.3923 4
356 1 6.9459 39.3923 4
354 1 6.9459 39.3923 4
353 1 6.9459 39.3923 4
352 1 6.9459 39.3923 4
351 1 6.9459 39.3923 4
350 1 6.9459 39.3923 4
349 1 6.9459 39.3923 4
348 1 6.9459 39.3923 4
347 1 6.9459 39.3923 4
346 1 6.9459 39.3923 4
345 1 6.9459 39.3923 4
344 1 6.9459 39.3923 4
343 1 6.9459 39.3923 4
342 1 6.9459 39.3923 4
1470 1 0.0 50.0 4
1469 1 0.0 50.0 4
1467 1 0.0 50.0 4
1466 1 0.0 50.0 4
1465 1 0.0 50.0 4
1464 1 0.0 50.0 4
1463 1 0.0 50.0 4
1462 1 0.0 50.0 4
1461 1 0.0 50.0 4
1830 1 10.4189 59.0885 4
1829 1 10.4189 59.0885 4
1828 1 10.4189 59.0885 4
1870 1 13.8918 78.7846 4
1869 1 13.8918 78.7846 4
1868 1 13.8918 78.7846 4
1867 1 13.8918 78.7846 4
1866 1 13.8918 78.7846 4
1865 1 13.8918 78.7846 4
1863 1 13.8918 78.7846 4
1862 1 13.8918 78.7846 4
1861 1 13.8918 78.7846 4
1859 1 13.8918 78.7846 4
1858 1 13.8918 78.7846 4
1857 1 13.8918 78.7846 4
1856 1 13.8918 78.7846 4
1855 1 13.8918 78.7846 4
1853 1 13.8918 78.7846 4
1852 1 13.8918 78.7846 4
1851 1 13.8918 78.7846 4
1890 1 15.6283 88.6327 4
1888 1 15.6283 88.6327 4
1887 1 15.6283 88.6327 4
1886 1 15.6283 88.6327 4
1883 1 15.6283 88.6327 4
1882 1 15.6283 88.6327 4
1881 1 15.6283 88.6327 4
1880 1 15.6283 88.6327 4
1879 1 15.6283 88.6327 4
1878 1 15.6283 88.6327 4
1877 1 15.6283 88.6327 4
1876 1 15.6283 88.6327 4
1875 1 15.6283 88.6327 4
1874 1 15.6283 88.6327 4
1873 1 15.6283 88.6327 4
1871 1 15.6283 88.6327 4
3000 1 0.0 100.0 4
2998 1 0.0 100.0 4
2997 1 0.0 100.0 4
2995 1 0.0 100.0 4
2992 1 0.0 100.0 4
2991 1 0.0 100.0 4
2029 1 -35.0 60.6218 4
2028 1 -35.0 60.6218 4
2027 1 -35.0 60.6218 4
2026 1 -35.0 60.6218 4
2025 1 -35.0 60.6218 4
2024 1 -35.0 60.6218 4
2022 1 -35.0 60.6218 4
2021 1 -35.0 60.6218 4
2040 1 -40.0 69.282 4
2039 1 -40.0 69.282 4
2038 1 -40.0 69.282 4
2036 1 -40.0 69.282 4
2034 1 -40.0 69.282 4
2033 1 -40.0 69.282 4
2032 1 -40.0 69.282 4
2048 1 -45.0 77.9423 4
2047 1 -45.0 77.9423 4
2046 1 -45.0 77.9423 4
2045 1 -45.0 77.9423 4
2044 1 -45.0 77.9423 4
2043 1 -45.0 77.9423 4
2041 1 -45.0 77.9423 4
2130 1 -68.944 57.8509 4
2129 1 -68.944 57.8509 4
2128 1 -68.944 57.8509 4
2127 1 -68.944 57.8509 4
2126 1 -68.944 57.8509 4
2124 1 -68.944 57.8509 4
2123 1 -68.944 57.8509 4
2122 1 -68.944 57.8509 4
2120 1 -68.944 57.8509 4
2118 1 -68.944 57.8509 4
2117 1 -68.944 57.8509 4
2116 1 -68.944 57.8509 4
2115 1 -68.944 57.8509 4
2114 1 -68.944 57.8509 4
2112 1 -68.944 57.8509 4
2111 1 -68.944 57.8509 4
2088 1 -53.6231 44.9951 4
2087 1 -53.6231 44.9951 4
2086 1 -53.6231 44.9951 4
2082 1 -53.6231 44.9951 4
2081 1 -53.6231 44.9951 4
2080 1 -53.6231 44.9951 4
2079 1 -53.6231 44.9951 4
2078 1 -53.6231 44.9951 4
2077 1 -53.6231 44.9951 4
2076 1 -53.6231 44.9951 4
2075 1 -53.6231 44.9951 4
2074 1 -53.6231 44.9951 4
2073 1 -53.6231 44.9951 4
2072 1 -53.6231 44.9951 4
2071 1 -53.6231 44.9951 4
2070 1 -45.9627 38.5673 4
2069 1 -45.9627 38.5673 4
2067 1 -45.9627 38.5673 4
2066 1 -45.9627 38.5673 4
2065 1 -45.9627 38.5673 4
2064 1 -45.9627 38.5673 4
2063 1 -45.9627 38.5673 4
2062 1 -45.9627 38.5673 4
2061 1 -45.9627 38.5673 4
2060 1 -45.9627 38.5673 4
2059 1 -45.9627 38.5673 4
2058 1 -45.9627 38.5673 4
2057 1 -45.9627 38.5673 4
2056 1 -45.9627 38.5673 4
2052 1 -45.9627 38.5673 4
2051 1 -45.9627 38.5673 4
2019 1 -30.0 51.9615 4
2018 1 -30.0 51.9615 4
2017 1 -30.0 51.9615 4
2015 1 -30.0 51.9615 4
2014 1 -30.0 51.9615 4
2011 1 -30.0 51.9615 4
1479 1 -32.1394 38.3022 4
1478 1 -32.1394 38.3022 4
1477 1 -32.1394 38.3022 4
1476 1 -32.1394 38.3022 4
1473 1 -32.1394 38.3022 4
1471 1 -32.1394 38.3022 4
520 1 -20.0 34.641 4
519 1 -20.0 34.641 4
518 1 -20.0 34.641 4
517 1 -20.0 34.641 4
516 1 -20.0 34.641 4
515 1 -20.0 34.641 4
514 1 -20.0 34.641 4
513 1 -20.0 34.641 4
512 1 -20.0 34.641 4
511 1 -20.0 34.641 4
509 1 -15.0 25.9808 4
508 1 -15.0 25.9808 4
507 1 -15.0 25.9808 4
506 1 -15.0 25.9808 4
505 1 -15.0 25.9808 4
504 1 -15.0 25.9808 4
502 1 -15.0 25.9808 4
580 1 -22.9813 19.2836 4
579 1 -22.9813 19.2836 4
578 1 -22.9813 19.2836 4
577 1 -22.9813 19.2836 4
576 1 -22.9813 19.2836 4
575 1 -22.9813 19.2836 4
574 1 -22.9813 19.2836 4
573 1 -22.9813 19.2836 4
571 1 -22.9813 19.2836 4
570 1 -22.9813 19.2836 4
569 1 -22.9813 19.2836 4
568 1 -22.9813 19.2836 4
567 1 -22.9813 19.2836 4
565 1 -22.9813 19.2836 4
564 1 -22.9813 19.2836 4
563 1 -22.9813 19.2836 4
561 1 -22.9813 19.2836 4
560 1 -15.3209 12.8558 4
559 1 -15.3209 12.8558 4
557 1 -15.3209 12.8558 4
556 1 -15.3209 12.8558 4
552 1 -15.3209 12.8558 4
551 1 -15.3209 12.8558 4
549 1 -15.3209 12.8558 4
548 1 -15.3209 12.8558 4
547 1 -15.3209 12.8558 4
546 1 -15.3209 12.8558 4
545 1 -15.3209 12.8558 4
543 1 -15.3209 12.8558 4
542 1 -15.3209 12.8558 4
541 1 -15.3209 12.8558 4
540 1 -7.6604 6.4279 4
539 1 -7.6604 6.4279 4
538 1 -7.6604 6.4279 4
537 1 -7.6604 6.4279 4
536 1 -7.6604 6.4279 4
534 1 -7.6604 6.4279 4
533 1 -7.6604 6.4279 4
531 1 -7.6604 6.4279 4
529 1 -7.6604 6.4279 4
528 1 -7.6604 6.4279 4
527 1 -7.6604 6.4279 4
526 1 -7.6604 6.4279 4
525 1 -7.6604 6.4279 4
524 1 -7.6604 6.4279 4
523 1 -7.6604 6.4279 4
522 1 -7.6604 6.4279 4
521 1 -7.6604 6.4279 4
-1 0 0.0 0.0 D
1863 2 59.0 159.99996948242188 60 2147483647 61
0 0 0.0 0.0 D
1980 1 -13.8919 78.7846 2
1979 1 -13.8919 78.7846 2
1978 1 -13.8919 78.7846 2
1976 1 -13.8919 78.7846 2
1975 1 -13.8919 78.7846 2
1974 1 -13.8919 78.7846 2
1973 1 -13.8919 78.7846 2
1972 1 -13.8919 78.7846 2
1971 1 -13.8919 78.7846 2
1970 1 -13.8919 78.7846 2
1969 1 -13.8919 78.7846 2
1967 1 -13.8919 78.7846 2
1966 1 -13.8919 78.7846 2
1965 1 -13.8919 78.7846 2
1964 1 -13.8919 78.7846 2
1963 1 -13.8919 78.7846 2
1962 1 -13.8919 78.7846 2
1960 1 -13.8919 78.7846 2
1957 1 -13.8919 78.7846 2
1956 1 -13.8919 78.7846 2
1955 1 -13.8919 78.7846 2
1954 1 -13.8919 78.7846 2
1953 1 -13.8919 78.7846 2
1952 1 -13.8919 78.7846 2
1951 1 -13.8919 78.7846 2
1950 1 -12.1554 68.9365 2
1949 1 -12.1554 68.9365 2
1948 1 -12.1554 68.9365 2
1946 1 -12.1554 68.9365 2
1945 1 -12.1554 68.9365 2
1944 1 -12.1554 68.9365 2
1943 1 -12.1554 68.9365 2
1942 1 -12.1554 68.9365 2
1941 1 -12.1554 68.9365 2
1940 1 -12.1554 68.9365 2
1938 1 -12.1554 68.9365 2
1937 1 -12.1554 68.9365 2
1936 1 -12.1554 68.9365 2
1935 1 -12.1554 68.9365 2
1934 1 -12.1554 68.9365 2
1933 1 -12.1554 68.9365 2
1932 1 -12.1554 68.9365 2
1931 1 -12.1554 68.9365 2
1930 1 -12.1554 68.9365 2
1929 1 -12.1554 68.9365 2
1928 1 -12.1554 68.9365 2
1927 1 -12.1554 68.9365 2
1926 1 -12.1554 68.9365 2
1925 1 -12.1554 68.9365 2
1924 1 -12.1554 68.9365 2
1923 1 -12.1554 68.9365 2
1922 1 -12.1554 68.9365 2
1921 1 -12.1554 68.9365 2
1920 1 -10.4189 59.0885 2
1919 1 -10.4189 59.0885 2
1918 1 -10.4189 59.0885 2
1916 1 -10.4189 59.0885 2
1914 1 -10.4189 59.0885 2
1913 1 -10.4189 59.0885 2
-1 0 0.0 0.0 D
1864 2 59.0 181.53396606445312 60 2147483647 61
0 0 0.0 0.0 D
484 1 -5.0 8.6603 2
510 1 -15.0 25.9808 2
503 1 -15.0 25.9808 2
501 1 -15.0 25.9808 2
2030 1 -35.0 60.6218 2
2023 1 -35.0 60.6218 2
2042 1 -45.0 77.9423 2
420 1 -3.473 19.6962 2
419 1 -3.473 19.6962 2
418 1 -3.473 19.6962 2
417 1 -3.473 19.6962 2
416 1 -3.473 19.6962 2
415 1 -3.473 19.6962 2
414 1 -3.473 19.6962 2
413 1 -3.473 19.6962 2
412 1 -3.473 19.6962 2
411 1 -3.473 19.6962 2
410 1 -3.473 19.6962 2
408 1 -3.473 19.6962 2
407 1 -3.473 19.6962 2
406 1 -3.473 19.6962 2
405 1 -3.473 19.6962 2
404 1 -3.473 19.6962 2
403 1 -3.473 19.6962 2
401 1 -3.473 19.6962 2
400 1 -3.473 19.6962 2
398 1 -3.473 19.6962 2
397 1 -3.473 19.6962 2
396 1 -3.473 19.6962 2
395 1 -3.473 19.6962 2
394 1 -3.473 19.6962 2
393 1 -3.473 19.6962 2
392 1 -3.473 19.6962 2
391 1 -3.473 19.6962 2
390 1 -1.7365 9.8481 2
389 1 -1.7365 9.8481 2
388 1 -1.7365 9.8481 2
387 1 -1.7365 9.8481 2
385 1 -1.7365 9.8481 2
384 1 -1.7365 9.8481 2
383 1 -1.7365 9.8481 2
382 1 -1.7365 9.8481 2
381 1 -1.7365 9.8481 2
380 1 -1.7365 9.8481 2
379 1 -1.7365 9.8481 2
378 1 -1.7365 9.8481 2
377 1 -1.7365 9.8481 2
376 1 -1.7365 9.8481 2
375 1 -1.7365 9.8481 2
374 1 -1.7365 9.8481 2
373 1 -1.7365 9.8481 2
372 1 -1.7365 9.8481 2
369 1 -1.7365 9.8481 2
368 1 -1.7365 9.8481 2
366 1 -1.7365 9.8481 2
364 1 -1.7365 9.8481 2
363 1 -1.7365 9.8481 2
362 1 -1.7365 9.8481 2
361 1 -1.7365 9.8481 2
-1 0 0.0 0.0 D
1865 2 59.0 245.8916473388672 60 2147483647 61
0 0 0.0 0.0 D
499 1 -10.0 17.3205 2
491 1 -10.0 17.3205 2
1480 1 -32.1394 38.3022 2
1475 1 -32.1394 38.3022 2
1472 1 -32.1394 38.3022 2
2020 1 -30.0 51.9615 2
2016 1 -30.0 51.9615 2
2013 1 -30.0 51.9615 2
2012 1 -30.0 51.9615 2
2037 1 -40.0 69.282 2
2035 1 -40.0 69.282 2
2031 1 -40.0 69.282 2
2050 1 -45.0 77.9423 2
2049 1 -45.0 77.9423 2
2249 1 -84.5723 30.7818 2
2248 1 -84.5723 30.7818 2
2247 1 -84.5723 30.7818 2
2246 1 -84.5723 30.7818 2
2245 1 -84.5723 30.7818 2
2244 1 -84.5723 30.7818 2
2243 1 -84.5723 30.7818 2
2242 1 -84.5723 30.7818 2
2241 1 -84.5723 30.7818 2
2240 1 -84.5723 30.7818 2
2239 1 -84.5723 30.7818 2
2238 1 -84.5723 30.7818 2
2237 1 -84.5723 30.7818 2
2234 1 -84.5723 30.7818 2
2232 1 -84.5723 30.7818 2
2231 1 -84.5723 30.7818 2
2230 1 -84.5723 30.7818 2
2228 1 -84.5723 30.7818 2
2227 1 -84.5723 30.7818 2
2226 1 -84.5723 30.7818 2
2225 1 -84.5723 30.7818 2
2224 1 -84.5723 30.7818 2
2221 1 -84.5723 30.7818 2
627 1 -9.3969 3.4202 2
626 1 -9.3969 3.4202 2
625 1 -9.3969 3.4202 2
624 1 -9.3969 3.4202 2
623 1 -9.3969 3.4202 2
622 1 -9.3969 3.4202 2
620 1 -9.3969 3.4202 2
619 1 -9.3969 3.4202 2
618 1 -9.3969 3.4202 2
617 1 -9.3969 3.4202 2
616 1 -9.3969 3.4202 2
615 1 -9.3969 3.4202 2
614 1 -9.3969 3.4202 2
613 1 -9.3969 3.4202 2
612 1 -9.3969 3.4202 2
610 1 -9.3969 3.4202 2
608 1 -9.3969 3.4202 2
607 1 -9.3969 3.4202 2
606 1 -9.3969 3.4202 2
604 1 -9.3969 3.4202 2
603 1 -9.3969 3.4202 2
601 1 -9.3969 3.4202 2
-1 0 0.0 0.0 D
1866 4 149.0 297.9164123535156 150 2147483647 151
0 0 0.0 0.0 D
600 1 -30.6418 25.7115 4
599 1 -30.6418 25.7115 4
598 1 -30.6418 25.7115 4
597 1 -30.6418 25.7115 4
595 1 -30.6418 25.7115 4
594 1 -30.6418 25.7115 4
593 1 -30.6418 25.7115 4
592 1 -30.6418 25.7115 4
590 1 -30.6418 25.7115 4
588 1 -30.6418 25.7115 4
587 1 -30.6418 25.7115 4
586 1 -30.6418 25.7115 4
585 1 -30.6418 25.7115 4
583 1 -30.6418 25.7115 4
581 1 -30.6418 25.7115 4
2090 1 -53.6231 44.9951 4
2089 1 -53.6231 44.9951 4
2110 1 -61.2836 51.423 4
2108 1 -61.2836 51.423 4
2107 1 -61.2836 51.423 4
2106 1 -61.2836 51.423 4
2104 1 -61.2836 51.423 4
2103 1 -61.2836 51.423 4
2102 1 -61.2836 51.423 4
2101 1 -61.2836 51.423 4
2100 1 -61.2836 51.423 4
2099 1 -61.2836 51.423 4
2098 1 -61.2836 51.423 4
2097 1 -61.2836 51.423 4
2096 1 -61.2836 51.423 4
2094 1 -61.2836 51.423 4
2093 1 -61.2836 51.423 4
2092 1 -61.2836 51.423 4
2290 1 -90.0 0.0 4
2288 1 -90.0 0.0 4
2287 1 -90.0 0.0 4
2283 1 -90.0 0.0 4
2282 1 -90.0 0.0 4
2281 1 -90.0 0.0 4
2280 1 -80.0 0.0 4
2278 1 -80.0 0.0 4
2276 1 -80.0 0.0 4
2275 1 -80.0 0.0 4
2273 1 -80.0 0.0 4
2272 1 -80.0 0.0 4
2271 1 -80.0 0.0 4
2270 1 -70.0 0.0 4
2269 1 -70.0 0.0 4
2268 1 -70.0 0.0 4
2267 1 -70.0 0.0 4
2265 1 -70.0 0.0 4
2262 1 -70.0 0.0 4
2318 1 -65.7785 -23.9414 4
2316 1 -65.7785 -23.9414 4
2315 1 -65.7785 -23.9414 4
2313 1 -65.7785 -23.9414 4
2312 1 -65.7785 -23.9414 4
2311 1 -65.7785 -23.9414 4
2309 1 -56.3816 -20.5212 4
2307 1 -56.3816 -20.5212 4
2306 1 -56.3816 -20.5212 4
2303 1 -56.3816 -20.5212 4
2302 1 -56.3816 -20.5212 4
2301 1 -56.3816 -20.5212 4
2300 1 -56.3816 -20.5212 4
2299 1 -56.3816 -20.5212 4
2298 1 -56.3816 -20.5212 4
2297 1 -56.3816 -20.5212 4
2295 1 -56.3816 -20.5212 4
2294 1 -56.3816 -20.5212 4
2293 1 -56.3816 -20.5212 4
2292 1 -56.3816 -20.5212 4
2291 1 -56.3816 -20.5212 4
2259 1 -60.0 0.0 4
2256 1 -60.0 0.0 4
2254 1 -60.0 0.0 4
2253 1 -60.0 0.0 4
2252 1 -60.0 0.0 4
2251 1 -60.0 0.0 4
1490 1 -49.2404 8.6824 4
1489 1 -49.2404 8.6824 4
1488 1 -49.2404 8.6824 4
1486 1 -49.2404 8.6824 4
1485 1 -49.2404 8.6824 4
1484 1 -49.2404 8.6824 4
1482 1 -49.2404 8.6824 4
1481 1 -49.2404 8.6824 4
758 1 -40.0 0.0 4
755 1 -40.0 0.0 4
754 1 -40.0 0.0 4
753 1 -40.0 0.0 4
751 1 -40.0 0.0 4
748 1 -30.0 0.0 4
747 1 -30.0 0.0 4
746 1 -30.0 0.0 4
745 1 -30.0 0.0 4
744 1 -30.0 0.0 4
743 1 -30.0 0.0 4
742 1 -30.0 0.0 4
741 1 -30.0 0.0 4
818 1 -28.1908 -10.2606 4
817 1 -28.1908 -10.2606 4
816 1 -28.1908 -10.2606 4
815 1 -28.1908 -10.2606 4
814 1 -28.1908 -10.2606 4
813 1 -28.1908 -10.2606 4
810 1 -28.1908 -10.2606 4
809 1 -28.1908 -10.2606 4
807 1 -28.1908 -10.2606 4
806 1 -28.1908 -10.2606 4
805 1 -28.1908 -10.2606 4
804 1 -28.1908 -10.2606 4
803 1 -28.1908 -10.2606 4
802 1 -28.1908 -10.2606 4
801 1 -28.1908 -10.2606 4
800 1 -18.7939 -6.8404 4
799 1 -18.7939 -6.8404 4
798 1 -18.7939 -6.8404 4
797 1 -18.7939 -6.8404 4
796 1 -18.7939 -6.8404 4
794 1 -18.7939 -6.8404 4
792 1 -18.7939 -6.8404 4
791 1 -18.7939 -6.8404 4
790 1 -18.7939 -6.8404 4
789 1 -18.7939 -6.8404 4
788 1 -18.7939 -6.8404 4
787 1 -18.7939 -6.8404 4
785 1 -18.7939 -6.8404 4
784 1 -18.7939 -6.8404 4
783 1 -18.7939 -6.8404 4
782 1 -18.7939 -6.8404 4
781 1 -18.7939 -6.8404 4
738 1 -20.0 0.0 4
737 1 -20.0 0.0 4
736 1 -20.0 0.0 4
735 1 -20.0 0.0 4
734 1 -20.0 0.0 4
733 1 -20.0 0.0 4
731 1 -20.0 0.0 4
730 1 -10.0 0.0 4
729 1 -10.0 0.0 4
728 1 -10.0 0.0 4
727 1 -10.0 0.0 4
726 1 -10.0 0.0 4
725 1 -10.0 0.0 4
724 1 -10.0 0.0 4
723 1 -10.0 0.0 4
722 1 -10.0 0.0 4
721 1 -10.0 0.0 4
-1 0 0.0 0.0 D
1867 2 59.0 179.99990844726562 60 2147483647 61
0 0 0.0 0.0 D
2250 1 -84.5723 30.7818 2
2220 1 -75.1754 27.3616 2
2218 1 -75.1754 27.3616 2
2217 1 -75.1754 27.3616 2
2216 1 -75.1754 27.3616 2
2215 1 -75.1754 27.3616 2
2213 1 -75.1754 27.3616 2
2210 1 -75.1754 27.3616 2
2209 1 -75.1754 27.3616 2
2206 1 -75.1754 27.3616 2
2205 1 -75.1754 27.3616 2
2204 1 -75.1754 27.3616 2
2203 1 -75.1754 27.3616 2
2202 1 -75.1754 27.3616 2
2201 1 -75.1754 27.3616 2
2200 1 -75.1754 27.3616 2
2199 1 -75.1754 27.3616 2
2198 1 -75.1754 27.3616 2
2197 1 -75.1754 27.3616 2
2196 1 -75.1754 27.3616 2
2195 1 -75.1754 27.3616 2
2194 1 -75.1754 27.3616 2
2193 1 -75.1754 27.3616 2
2191 1 -75.1754 27.3616 2
2173 1 -65.7785 23.9414 2
2172 1 -65.7785 23.9414 2
2171 1 -65.7785 23.9414 2
2170 1 -65.7785 23.9414 2
2169 1 -65.7785 23.9414 2
2168 1 -65.7785 23.9414 2
2167 1 -65.7785 23.9414 2
2165 1 -65.7785 23.9414 2
2162 1 -65.7785 23.9414 2
2161 1 -65.7785 23.9414 2
719 1 -37.5877 13.6808 2
718 1 -37.5877 13.6808 2
717 1 -37.5877 13.6808 2
716 1 -37.5877 13.6808 2
715 1 -37.5877 13.6808 2
713 1 -37.5877 13.6808 2
712 1 -37.5877 13.6808 2
711 1 -37.5877 13.6808 2
710 1 -37.5877 13.6808 2
709 1 -37.5877 13.6808 2
708 1 -37.5877 13.6808 2
707 1 -37.5877 13.6808 2
706 1 -37.5877 13.6808 2
705 1 -37.5877 13.6808 2
704 1 -37.5877 13.6808 2
703 1 -37.5877 13.6808 2
702 1 -37.5877 13.6808 2
700 1 -37.5877 13.6808 2
699 1 -37.5877 13.6808 2
698 1 -37.5877 13.6808 2
697 1 -37.5877 13.6808 2
695 1 -37.5877 13.6808 2
694 1 -37.5877 13.6808 2
692 1 -37.5877 13.6808 2
691 1 -37.5877 13.6808 2
-1 0 0.0 0.0 D
1868 2 59.0 140.00003051757812 60 2147483647 61
0 0 0.0 0.0 D
690 1 -28.1908 10.2606 2
689 1 -28.1908 10.2606 2
688 1 -28.1908 10.2606 2
687 1 -28.1908 10.2606 2
686 1 -28.1908 10.2606 2
685 1 -28.1908 10.2606 2
684 1 -28.1908 10.2606 2
683 1 -28.1908 10.2606 2
682 1 -28.1908 10.2606 2
681 1 -28.1908 10.2606 2
680 1 -28.1908 10.2606 2
678 1 -28.1908 10.2606 2
676 1 -28.1908 10.2606 2
674 1 -28.1908 10.2606 2
673 1 -28.1908 10.2606 2
671 1 -28.1908 10.2606 2
670 1 -28.1908 10.2606 2
668 1 -28.1908 10.2606 2
667 1 -28.1908 10.2606 2
666 1 -28.1908 10.2606 2
665 1 -28.1908 10.2606 2
663 1 -28.1908 10.2606 2
662 1 -28.1908 10.2606 2
661 1 -28.1908 10.2606 2
2159 1 -56.3816 20.5212 2
2158 1 -56.3816 20.5212 2
2156 1 -56.3816 20.5212 2
2154 1 -56.3816 20.5212 2
2153 1 -56.3816 20.5212 2
2151 1 -56.3816 20.5212 2
2149 1 -56.3816 20.5212 2
2148 1 -56.3816 20.5212 2
2147 1 -56.3816 20.5212 2
2146 1 -56.3816 20.5212 2
2145 1 -56.3816 20.5212 2
2143 1 -56.3816 20.5212 2
2142 1 -56.3816 20.5212 2
2140 1 -56.3816 20.5212 2
2138 1 -56.3816 20.5212 2
2135 1 -56.3816 20.5212 2
2134 1 -56.3816 20.5212 2
2133 1 -56.3816 20.5212 2
2132 1 -56.3816 20.5212 2
2131 1 -56.3816 20.5212 2
2190 1 -65.7785 23.9414 2
2189 1 -65.7785 23.9414 2
2188 1 -65.7785 23.9414 2
2187 1 -65.7785 23.9414 2
2186 1 -65.7785 23.9414 2
2185 1 -65.7785 23.9414 2
2184 1 -65.7785 23.9414 2
2183 1 -65.7785 23.9414 2
2182 1 -65.7785 23.9414 2
2179 1 -65.7785 23.9414 2
2178 1 -65.7785 23.9414 2
2177 1 -65.7785 23.9414 2
2176 1 -65.7785 23.9414 2
2175 1 -65.7785 23.9414 2
2174 1 -65.7785 23.9414 2
-1 0 0.0 0.0 D
1869 2 59.0 225.58155822753906 60 2147483647 61
0 0 0.0 0.0 D
939 1 -30.6418 -25.7115 2
938 1 -30.6418 -25.7115 2
937 1 -30.6418 -25.7115 2
936 1 -30.6418 -25.7115 2
935 1 -30.6418 -25.7115 2
933 1 -30.6418 -25.7115 2
932 1 -30.6418 -25.7115 2
931 1 -30.6418 -25.7115 2
1493 1 -43.3013 -25.0 2
2260 1 -60.0 0.0 2
2258 1 -60.0 0.0 2
2257 1 -60.0 0.0 2
2255 1 -60.0 0.0 2
2266 1 -70.0 0.0 2
2264 1 -70.0 0.0 2
2263 1 -70.0 0.0 2
2261 1 -70.0 0.0 2
2279 1 -80.0 0.0 2
2277 1 -80.0 0.0 2
2274 1 -80.0 0.0 2
2289 1 -90.0 0.0 2
2286 1 -90.0 0.0 2
2285 1 -90.0 0.0 2
2284 1 -90.0 0.0 2
2160 1 -56.3816 20.5212 2
1483 1 -49.2404 8.6824 2
760 1 -40.0 0.0 2
759 1 -40.0 0.0 2
757 1 -40.0 0.0 2
756 1 -40.0 0.0 2
752 1 -40.0 0.0 2
750 1 -30.0 0.0 2
749 1 -30.0 0.0 2
740 1 -20.0 0.0 2
739 1 -20.0 0.0 2
732 1 -20.0 0.0 2
658 1 -18.7939 6.8404 2
657 1 -18.7939 6.8404 2
656 1 -18.7939 6.8404 2
655 1 -18.7939 6.8404 2
654 1 -18.7939 6.8404 2
653 1 -18.7939 6.8404 2
651 1 -18.7939 6.8404 2
649 1 -18.7939 6.8404 2
648 1 -18.7939 6.8404 2
647 1 -18.7939 6.8404 2
646 1 -18.7939 6.8404 2
645 1 -18.7939 6.8404 2
644 1 -18.7939 6.8404 2
642 1 -18.7939 6.8404 2
641 1 -18.7939 6.8404 2
640 1 -18.7939 6.8404 2
638 1 -18.7939 6.8404 2
637 1 -18.7939 6.8404 2
636 1 -18.7939 6.8404 2
635 1 -18.7939 6.8404 2
633 1 -18.7939 6.8404 2
632 1 -18.7939 6.8404 2
631 1 -18.7939 6.8404 2
-1 0 0.0 0.0 D
1870 4 149.0 246.74517822265625 150 2147483647 151
0 0 0.0 0.0 D
970 1 -5.0 -8.6603 4
969 1 -5.0 -8.6603 4
968 1 -5.0 -8.6603 4
966 1 -5.0 -8.6603 4
965 1 -5.0 -8.6603 4
964 1 -5.0 -8.6603 4
963 1 -5.0 -8.6603 4
962 1 -5.0 -8.6603 4
961 1 -5.0 -8.6603 4
980 1 -10.0 -17.3205 4
977 1 -10.0 -17.3205 4
976 1 -10.0 -17.3205 4
975 1 -10.0 -17.3205 4
974 1 -10.0 -17.3205 4
973 1 -10.0 -17.3205 4
972 1 -10.0 -17.3205 4
990 1 -15.0 -25.9808 4
989 1 -15.0 -25.9808 4
988 1 -15.0 -25.9808 4
987 1 -15.0 -25.9808 4
986 1 -15.0 -25.9808 4
985 1 -15.0 -25.9808 4
983 1 -15.0 -25.9808 4
982 1 -15.0 -25.9808 4
981 1 -15.0 -25.9808 4
1000 1 -20.0 -34.641 4
999 1 -20.0 -34.641 4
998 1 -20.0 -34.641 4
997 1 -20.0 -34.641 4
996 1 -20.0 -34.641 4
995 1 -20.0 -34.641 4
994 1 -20.0 -34.641 4
992 1 -20.0 -34.641 4
991 1 -20.0 -34.641 4
2500 1 -30.0 -51.9615 4
2499 1 -30.0 -51.9615 4
2498 1 -30.0 -51.9615 4
2496 1 -30.0 -51.9615 4
2495 1 -30.0 -51.9615 4
2494 1 -30.0 -51.9615 4
2493 1 -30.0 -51.9615 4
2492 1 -30.0 -51.9615 4
2491 1 -30.0 -51.9615 4
2510 1 -35.0 -60.6218 4
2509 1 -35.0 -60.6218 4
2508 1 -35.0 -60.6218 4
2507 1 -35.0 -60.6218 4
2505 1 -35.0 -60.6218 4
2504 1 -35.0 -60.6218 4
2503 1 -35.0 -60.6218 4
2502 1 -35.0 -60.6218 4
2501 1 -35.0 -60.6218 4
2520 1 -40.0 -69.282 4
2519 1 -40.0 -69.282 4
2518 1 -40.0 -69.282 4
2517 1 -40.0 -69.282 4
2516 1 -40.0 -69.282 4
2515 1 -40.0 -69.282 4
2514 1 -40.0 -69.282 4
2513 1 -40.0 -69.282 4
2512 1 -40.0 -69.282 4
2530 1 -45.0 -77.9423 4
2529 1 -45.0 -77.9423 4
2527 1 -45.0 -77.9423 4
2526 1 -45.0 -77.9423 4
2525 1 -45.0 -77.9423 4
2524 1 -45.0 -77.9423 4
2522 1 -45.0 -77.9423 4
2521 1 -45.0 -77.9423 4
2370 1 -84.5723 -30.7818 4
2368 1 -84.5723 -30.7818 4
2366 1 -84.5723 -30.7818 4
2365 1 -84.5723 -30.7818 4
2363 1 -84.5723 -30.7818 4
2361 1 -84.5723 -30.7818 4
2360 1 -84.5723 -30.7818 4
2359 1 -84.5723 -30.7818 4
2353 1 -84.5723 -30.7818 4
2352 1 -84.5723 -30.7818 4
2351 1 -84.5723 -30.7818 4
2350 1 -75.1754 -27.3616 4
2349 1 -75.1754 -27.3616 4
2347 1 -75.1754 -27.3616 4
2345 1 -75.1754 -27.3616 4
2344 1 -75.1754 -27.3616 4
2343 1 -75.1754 -27.3616 4
2342 1 -75.1754 -27.3616 4
2341 1 -75.1754 -27.3616 4
2339 1 -75.1754 -27.3616 4
2338 1 -75.1754 -27.3616 4
2337 1 -75.1754 -27.3616 4
2336 1 -75.1754 -27.3616 4
2335 1 -75.1754 -27.3616 4
2334 1 -75.1754 -27.3616 4
2333 1 -75.1754 -27.3616 4
2331 1 -75.1754 -27.3616 4
2330 1 -65.7785 -23.9414 4
2329 1 -65.7785 -23.9414 4
2327 1 -65.7785 -23.9414 4
2326 1 -65.7785 -23.9414 4
2325 1 -65.7785 -23.9414 4
2323 1 -65.7785 -23.9414 4
2322 1 -65.7785 -23.9414 4
2321 1 -65.7785 -23.9414 4
2320 1 -65.7785 -23.9414 4
2319 1 -65.7785 -23.9414 4
1500 1 -43.3013 -25.0 4
1499 1 -43.3013 -25.0 4
1498 1 -43.3013 -25.0 4
1497 1 -43.3013 -25.0 4
1496 1 -43.3013 -25.0 4
1495 1 -43.3013 -25.0 4
1494 1 -43.3013 -25.0 4
1492 1 -43.3013 -25.0 4
1491 1 -43.3013 -25.0 4
840 1 -37.5877 -13.6808 4
839 1 -37.5877 -13.6808 4
836 1 -37.5877 -13.6808 4
835 1 -37.5877 -13.6808 4
834 1 -37.5877 -13.6808 4
832 1 -37.5877 -13.6808 4
831 1 -37.5877 -13.6808 4
830 1 -37.5877 -13.6808 4
828 1 -37.5877 -13.6808 4
827 1 -37.5877 -13.6808 4
826 1 -37.5877 -13.6808 4
825 1 -37.5877 -13.6808 4
824 1 -37.5877 -13.6808 4
823 1 -37.5877 -13.6808 4
822 1 -37.5877 -13.6808 4
821 1 -37.5877 -13.6808 4
780 1 -9.3969 -3.4202 4
778 1 -9.3969 -3.4202 4
777 1 -9.3969 -3.4202 4
776 1 -9.3969 -3.4202 4
775 1 -9.3969 -3.4202 4
774 1 -9.3969 -3.4202 4
773 1 -9.3969 -3.4202 4
772 1 -9.3969 -3.4202 4
771 1 -9.3969 -3.4202 4
770 1 -9.3969 -3.4202 4
769 1 -9.3969 -3.4202 4
767 1 -9.3969 -3.4202 4
766 1 -9.3969 -3.4202 4
765 1 -9.3969 -3.4202 4
764 1 -9.3969 -3.4202 4
763 1 -9.3969 -3.4202 4
762 1 -9.3969 -3.4202 4
761 1 -9.3969 -3.4202 4
-1 0 0.0 0.0 D
1871 2 59.0 139.99993896484375 60 2147483647 61
0 0 0.0 0.0 D
930 1 -22.9813 -19.2836 2
929 1 -22.9813 -19.2836 2
928 1 -22.9813 -19.2836 2
926 1 -22.9813 -19.2836 2
925 1 -22.9813 -19.2836 2
924 1 -22.9813 -19.2836 2
923 1 -22.9813 -19.2836 2
922 1 -22.9813 -19.2836 2
921 1 -22.9813 -19.2836 2
920 1 -22.9813 -19.2836 2
919 1 -22.9813 -19.2836 2
918 1 -22.9813 -19.2836 2
917 1 -22.9813 -19.2836 2
916 1 -22.9813 -19.2836 2
915 1 -22.9813 -19.2836 2
914 1 -22.9813 -19.2836 2
913 1 -22.9813 -19.2836 2
911 1 -22.9813 -19.2836 2
910 1 -22.9813 -19.2836 2
908 1 -22.9813 -19.2836 2
906 1 -22.9813 -19.2836 2
904 1 -22.9813 -19.2836 2
903 1 -22.9813 -19.2836 2
901 1 -22.9813 -19.2836 2
2429 1 -53.6231 -44.9951 2
2427 1 -53.6231 -44.9951 2
2426 1 -53.6231 -44.9951 2
2424 1 -53.6231 -44.9951 2
2423 1 -53.6231 -44.9951 2
2422 1 -53.6231 -44.9951 2
2421 1 -53.6231 -44.9951 2
2417 1 -53.6231 -44.9951 2
2416 1 -53.6231 -44.9951 2
2414 1 -53.6231 -44.9951 2
2413 1 -53.6231 -44.9951 2
2411 1 -53.6231 -44.9951 2
2410 1 -53.6231 -44.9951 2
2409 1 -53.6231 -44.9951 2
2405 1 -53.6231 -44.9951 2
2404 1 -53.6231 -44.9951 2
2403 1 -53.6231 -44.9951 2
2402 1 -53.6231 -44.9951 2
2401 1 -53.6231 -44.9951 2
960 1 -30.6418 -25.7115 2
959 1 -30.6418 -25.7115 2
957 1 -30.6418 -25.7115 2
956 1 -30.6418 -25.7115 2
954 1 -30.6418 -25.7115 2
953 1 -30.6418 -25.7115 2
952 1 -30.6418 -25.7115 2
949 1 -30.6418 -25.7115 2
948 1 -30.6418 -25.7115 2
947 1 -30.6418 -25.7115 2
946 1 -30.6418 -25.7115 2
945 1 -30.6418 -25.7115 2
943 1 -30.6418 -25.7115 2
942 1 -30.6418 -25.7115 2
941 1 -30.6418 -25.7115 2
940 1 -30.6418 -25.7115 2
-1 0 0.0 0.0 D
1872 2 59.0 180.00001525878906 60 2147483647 61
0 0 0.0 0.0 D
2400 1 -45.9627 -38.5673 2
2399 1 -45.9627 -38.5673 2
2398 1 -45.9627 -38.5673 2
2397 1 -45.9627 -38.5673 2
2396 1 -45.9627 -38.5673 2
2395 1 -45.9627 -38.5673 2
2393 1 -45.9627 -38.5673 2
2391 1 -45.9627 -38.5673 2
2390 1 -45.9627 -38.5673 2
2389 1 -45.9627 -38.5673 2
2387 1 -45.9627 -38.5673 2
2386 1 -45.9627 -38.5673 2
2385 1 -45.9627 -38.5673 2
2384 1 -45.9627 -38.5673 2
2383 1 -45.9627 -38.5673 2
2382 1 -45.9627 -38.5673 2
2381 1 -45.9627 -38.5673 2
2377 1 -45.9627 -38.5673 2
2376 1 -45.9627 -38.5673 2
2375 1 -45.9627 -38.5673 2
2374 1 -45.9627 -38.5673 2
2372 1 -45.9627 -38.5673 2
2371 1 -45.9627 -38.5673 2
2453 1 -61.2835 -51.423 2
2452 1 -61.2835 -51.423 2
2449 1 -61.2835 -51.423 2
2448 1 -61.2835 -51.423 2
2446 1 -61.2835 -51.423 2
2444 1 -61.2835 -51.423 2
2443 1 -61.2835 -51.423 2
2442 1 -61.2835 -51.423 2
2440 1 -61.2835 -51.423 2
2439 1 -61.2835 -51.423 2
2438 1 -61.2835 -51.423 2
2437 1 -61.2835 -51.423 2
2436 1 -61.2835 -51.423 2
2435 1 -61.2835 -51.423 2
2434 1 -61.2835 -51.423 2
2433 1 -61.2835 -51.423 2
2431 1 -61.2835 -51.423 2
2489 1 -68.944 -57.8509 2
2486 1 -68.944 -57.8509 2
2484 1 -68.944 -57.8509 2
2483 1 -68.944 -57.8509 2
2482 1 -68.944 -57.8509 2
2479 1 -68.944 -57.8509 2
2476 1 -68.944 -57.8509 2
2475 1 -68.944 -57.8509 2
2474 1 -68.944 -57.8509 2
2473 1 -68.944 -57.8509 2
2470 1 -68.944 -57.8509 2
2469 1 -68.944 -57.8509 2
2467 1 -68.944 -57.8509 2
2466 1 -68.944 -57.8509 2
2465 1 -68.944 -57.8509 2
2464 1 -68.944 -57.8509 2
2463 1 -68.944 -57.8509 2
2462 1 -68.944 -57.8509 2
2461 1 -68.944 -57.8509 2
-1 0 0.0 0.0 D
1873 1 59.0 248.95086669921875 60 2147483647 61
0 0 0.0 0.0 D
1020 1 -1.7365 -9.8481 1
1012 1 -1.7365 -9.8481 1
1008 1 -1.7365 -9.8481 1
1039 1 -3.473 -19.6962 1
1035 1 -3.473 -19.6962 1
1030 1 -3.473 -19.6962 1
1027 1 -3.473 -19.6962 1
1023 1 -3.473 -19.6962 1
1148 1 5.2094 -29.5442 1
1142 1 5.2094 -29.5442 1
1059 1 -5.2094 -29.5442 1
1052 1 -5.2094 -29.5442 1
1050 1 -5.2094 -29.5442 1
1049 1 -5.2094 -29.5442 1
1076 1 -6.9459 -39.3923 1
1072 1 -6.9459 -39.3923 1
1062 1 -6.9459 -39.3923 1
1504 1 -17.101 -46.9846 1
2533 1 -10.4189 -59.0885 1
2531 1 -10.4189 -59.0885 1
2568 1 -12.1554 -68.9365 1
2565 1 -12.1554 -68.9365 1
2564 1 -12.1554 -68.9365 1
2555 1 -12.1554 -68.9365 1
2552 1 -12.1554 -68.9365 1
2589 1 -13.8919 -78.7846 1
2586 1 -13.8919 -78.7846 1
2582 1 -13.8919 -78.7846 1
2579 1 -13.8919 -78.7846 1
2578 1 -13.8919 -78.7846 1
2575 1 -13.8919 -78.7846 1
2574 1 -13.8919 -78.7846 1
2601 1 -15.6283 -88.6327 1
2598 1 -15.6283 -88.6327 1
2597 1 -15.6283 -88.6327 1
2594 1 -15.6283 -88.6327 1
2457 1 -61.2835 -51.423 1
2455 1 -61.2835 -51.423 1
2451 1 -61.2835 -51.423 1
2450 1 -61.2835 -51.423 1
2447 1 -61.2835 -51.423 1
2445 1 -61.2835 -51.423 1
2441 1 -61.2835 -51.423 1
2432 1 -61.2835 -51.423 1
2394 1 -45.9627 -38.5673 1
2392 1 -45.9627 -38.5673 1
2388 1 -45.9627 -38.5673 1
2380 1 -45.9627 -38.5673 1
2379 1 -45.9627 -38.5673 1
897 1 -15.3209 -12.8558 1
890 1 -15.3209 -12.8558 1
883 1 -15.3209 -12.8558 1
871 1 -15.3209 -12.8558 1
865 1 -7.6604 -6.4279 1
857 1 -7.6604 -6.4279 1
856 1 -7.6604 -6.4279 1
854 1 -7.6604 -6.4279 1
848 1 -7.6604 -6.4279 1
844 1 -7.6604 -6.4279 1
-1 0 0.0 0.0 D
1874 2 59.0 164.5640869140625 60 2147483647 61
0 0 0.0 0.0 D
870 1 -7.6604 -6.4279 2
869 1 -7.6604 -6.4279 2
868 1 -7.6604 -6.4279 2
867 1 -7.6604 -6.4279 2
866 1 -7.6604 -6.4279 2
864 1 -7.6604 -6.4279 2
863 1 -7.6604 -6.4279 2
862 1 -7.6604 -6.4279 2
861 1 -7.6604 -6.4279 2
860 1 -7.6604 -6.4279 2
859 1 -7.6604 -6.4279 2
858 1 -7.6604 -6.4279 2
855 1 -7.6604 -6.4279 2
853 1 -7.6604 -6.4279 2
852 1 -7.6604 -6.4279 2
851 1 -7.6604 -6.4279 2
850 1 -7.6604 -6.4279 2
849 1 -7.6604 -6.4279 2
847 1 -7.6604 -6.4279 2
846 1 -7.6604 -6.4279 2
845 1 -7.6604 -6.4279 2
843 1 -7.6604 -6.4279 2
842 1 -7.6604 -6.4279 2
841 1 -7.6604 -6.4279 2
900 1 -15.3209 -12.8558 2
899 1 -15.3209 -12.8558 2
898 1 -15.3209 -12.8558 2
896 1 -15.3209 -12.8558 2
895 1 -15.3209 -12.8558 2
894 1 -15.3209 -12.8558 2
893 1 -15.3209 -12.8558 2
892 1 -15.3209 -12.8558 2
891 1 -15.3209 -12.8558 2
889 1 -15.3209 -12.8558 2
888 1 -15.3209 -12.8558 2
887 1 -15.3209 -12.8558 2
886 1 -15.3209 -12.8558 2
885 1 -15.3209 -12.8558 2
884 1 -15.3209 -12.8558 2
882 1 -15.3209 -12.8558 2
881 1 -15.3209 -12.8558 2
880 1 -15.3209 -12.8558 2
879 1 -15.3209 -12.8558 2
878 1 -15.3209 -12.8558 2
877 1 -15.3209 -12.8558 2
876 1 -15.3209 -12.8558 2
875 1 -15.3209 -12.8558 2
874 1 -15.3209 -12.8558 2
873 1 -15.3209 -12.8558 2
872 1 -15.3209 -12.8558 2
2460 1 -61.2835 -51.423 2
2459 1 -61.2835 -51.423 2
2458 1 -61.2835 -51.423 2
2456 1 -61.2835 -51.423 2
2454 1 -61.2835 -51.423 2
993 1 -20.0 -34.641 2
979 1 -10.0 -17.3205 2
978 1 -10.0 -17.3205 2
971 1 -10.0 -17.3205 2
-1 0 0.0 0.0 D
1875 2 59.0 196.89111328125 60 2147483647 61
0 0 0.0 0.0 D
967 1 -5.0 -8.6603 2
984 1 -15.0 -25.9808 2
2497 1 -30.0 -51.9615 2
2506 1 -35.0 -60.6218 2
2511 1 -40.0 -69.282 2
2528 1 -45.0 -77.9423 2
2523 1 -45.0 -77.9423 2
1509 1 -17.101 -46.9846 2
1502 1 -17.101 -46.9846 2
1200 1 6.9459 -39.3923 2
1199 1 6.9459 -39.3923 2
1198 1 6.9459 -39.3923 2
1197 1 6.9459 -39.3923 2
1196 1 6.9459 -39.3923 2
1195 1 6.9459 -39.3923 2
1194 1 6.9459 -39.3923 2
1193 1 6.9459 -39.3923 2
1191 1 6.9459 -39.3923 2
1189 1 6.9459 -39.3923 2
1188 1 6.9459 -39.3923 2
1187 1 6.9459 -39.3923 2
1186 1 6.9459 -39.3923 2
1184 1 6.9459 -39.3923 2
1183 1 6.9459 -39.3923 2
1182 1 6.9459 -39.3923 2
1181 1 6.9459 -39.3923 2
1179 1 6.9459 -39.3923 2
1178 1 6.9459 -39.3923 2
1177 1 6.9459 -39.3923 2
1176 1 6.9459 -39.3923 2
1174 1 6.9459 -39.3923 2
1173 1 6.9459 -39.3923 2
1172 1 6.9459 -39.3923 2
1171 1 6.9459 -39.3923 2
1170 1 5.2094 -29.5442 2
1169 1 5.2094 -29.5442 2
1168 1 5.2094 -29.5442 2
1167 1 5.2094 -29.5442 2
1165 1 5.2094 -29.5442 2
1164 1 5.2094 -29.5442 2
1163 1 5.2094 -29.5442 2
1162 1 5.2094 -29.5442 2
1161 1 5.2094 -29.5442 2
1158 1 5.2094 -29.5442 2
1157 1 5.2094 -29.5442 2
1156 1 5.2094 -29.5442 2
1155 1 5.2094 -29.5442 2
1154 1 5.2094 -29.5442 2
1153 1 5.2094 -29.5442 2
1152 1 5.2094 -29.5442 2
1151 1 5.2094 -29.5442 2
1150 1 5.2094 -29.5442 2
1149 1 5.2094 -29.5442 2
1147 1 5.2094 -29.5442 2
1146 1 5.2094 -29.5442 2
1145 1 5.2094 -29.5442 2
1144 1 5.2094 -29.5442 2
1143 1 5.2094 -29.5442 2
1141 1 5.2094 -29.5442 2
-1 0 0.0 0.0 D
1876 4 149.0 199.66424560546875 150 2147483647 151
0 0 0.0 0.0 D
1019 1 -1.7365 -9.8481 4
1018 1 -1.7365 -9.8481 4
1017 1 -1.7365 -9.8481 4
1016 1 -1.7365 -9.8481 4
1015 1 -1.7365 -9.8481 4
1014 1 -1.7365 -9.8481 4
1013 1 -1.7365 -9.8481 4
1011 1 -1.7365 -9.8481 4
1010 1 -1.7365 -9.8481 4
1009 1 -1.7365 -9.8481 4
1007 1 -1.7365 -9.8481 4
1006 1 -1.7365 -9.8481 4
1005 1 -1.7365 -9.8481 4
1004 1 -1.7365 -9.8481 4
1003 1 -1.7365 -9.8481 4
1002 1 -1.7365 -9.8481 4
1001 1 -1.7365 -9.8481 4
1040 1 -3.473 -19.6962 4
1038 1 -3.473 -19.6962 4
1037 1 -3.473 -19.6962 4
1036 1 -3.473 -19.6962 4
1034 1 -3.473 -19.6962 4
1033 1 -3.473 -19.6962 4
1032 1 -3.473 -19.6962 4
1031 1 -3.473 -19.6962 4
1029 1 -3.473 -19.6962 4
1028 1 -3.473 -19.6962 4
1026 1 -3.473 -19.6962 4
1025 1 -3.473 -19.6962 4
1024 1 -3.473 -19.6962 4
1022 1 -3.473 -19.6962 4
1021 1 -3.473 -19.6962 4
1060 1 -5.2094 -29.5442 4
1058 1 -5.2094 -29.5442 4
1057 1 -5.2094 -29.5442 4
1056 1 -5.2094 -29.5442 4
1055 1 -5.2094 -29.5442 4
1054 1 -5.2094 -29.5442 4
1053 1 -5.2094 -29.5442 4
1051 1 -5.2094 -29.5442 4
1048 1 -5.2094 -29.5442 4
1047 1 -5.2094 -29.5442 4
1046 1 -5.2094 -29.5442 4
1045 1 -5.2094 -29.5442 4
1044 1 -5.2094 -29.5442 4
1043 1 -5.2094 -29.5442 4
1042 1 -5.2094 -29.5442 4
1041 1 -5.2094 -29.5442 4
1080 1 -6.9459 -39.3923 4
1079 1 -6.9459 -39.3923 4
1078 1 -6.9459 -39.3923 4
1077 1 -6.9459 -39.3923 4
1075 1 -6.9459 -39.3923 4
1074 1 -6.9459 -39.3923 4
1073 1 -6.9459 -39.3923 4
1071 1 -6.9459 -39.3923 4
1070 1 -6.9459 -39.3923 4
1069 1 -6.9459 -39.3923 4
1068 1 -6.9459 -39.3923 4
1067 1 -6.9459 -39.3923 4
1066 1 -6.9459 -39.3923 4
1065 1 -6.9459 -39.3923 4
1064 1 -6.9459 -39.3923 4
1063 1 -6.9459 -39.3923 4
1061 1 -6.9459 -39.3923 4
1510 1 -17.101 -46.9846 4
1508 1 -17.101 -46.9846 4
1507 1 -17.101 -46.9846 4
1506 1 -17.101 -46.9846 4
1505 1 -17.101 -46.9846 4
1503 1 -17.101 -46.9846 4
1501 1 -17.101 -46.9846 4
2550 1 -10.4189 -59.0885 4
2549 1 -10.4189 -59.0885 4
2548 1 -10.4189 -59.0885 4
2547 1 -10.4189 -59.0885 4
2546 1 -10.4189 -59.0885 4
2545 1 -10.4189 -59.0885 4
2544 1 -10.4189 -59.0885 4
2543 1 -10.4189 -59.0885 4
2542 1 -10.4189 -59.0885 4
2541 1 -10.4189 -59.0885 4
2540 1 -10.4189 -59.0885 4
2539 1 -10.4189 -59.0885 4
2538 1 -10.4189 -59.0885 4
2537 1 -10.4189 -59.0885 4
2536 1 -10.4189 -59.0885 4
2535 1 -10.4189 -59.0885 4
2534 1 -10.4189 -59.0885 4
2532 1 -10.4189 -59.0885 4
2570 1 -12.1554 -68.9365 4
2569 1 -12.1554 -68.9365 4
2567 1 -12.1554 -68.9365 4
2566 1 -12.1554 -68.9365 4
2563 1 -12.1554 -68.9365 4
2562 1 -12.1554 -68.9365 4
2561 1 -12.1554 -68.9365 4
2560 1 -12.1554 -68.9365 4
2559 1 -12.1554 -68.9365 4
2558 1 -12.1554 -68.9365 4
2557 1 -12.1554 -68.9365 4
2556 1 -12.1554 -68.9365 4
2554 1 -12.1554 -68.9365 4
2553 1 -12.1554 -68.9365 4
2551 1 -12.1554 -68.9365 4
2590 1 -13.8919 -78.7846 4
2588 1 -13.8919 -78.7846 4
2587 1 -13.8919 -78.7846 4
2585 1 -13.8919 -78.7846 4
2584 1 -13.8919 -78.7846 4
2583 1 -13.8919 -78.7846 4
2581 1 -13.8919 -78.7846 4
2580 1 -13.8919 -78.7846 4
2577 1 -13.8919 -78.7846 4
2576 1 -13.8919 -78.7846 4
2573 1 -13.8919 -78.7846 4
2572 1 -13.8919 -78.7846 4
2571 1 -13.8919 -78.7846 4
2610 1 -15.6283 -88.6327 4
2609 1 -15.6283 -88.6327 4
2608 1 -15.6283 -88.6327 4
2607 1 -15.6283 -88.6327 4
2606 1 -15.6283 -88.6327 4
2605 1 -15.6283 -88.6327 4
2604 1 -15.6283 -88.6327 4
2603 1 -15.6283 -88.6327 4
2602 1 -15.6283 -88.6327 4
2600 1 -15.6283 -88.6327 4
2599 1 -15.6283 -88.6327 4
2596 1 -15.6283 -88.6327 4
2595 1 -15.6283 -88.6327 4
2593 1 -15.6283 -88.6327 4
2592 1 -15.6283 -88.6327 4
2591 1 -15.6283 -88.6327 4
1520 1 17.101 -46.9846 4
1519 1 17.101 -46.9846 4
1518 1 17.101 -46.9846 4
1515 1 17.101 -46.9846 4
1514 1 17.101 -46.9846 4
1513 1 17.101 -46.9846 4
1512 1 17.101 -46.9846 4
1511 1 17.101 -46.9846 4
1209 1 5.0 -8.6603 4
1208 1 5.0 -8.6603 4
1207 1 5.0 -8.6603 4
1206 1 5.0 -8.6603 4
1205 1 5.0 -8.6603 4
1204 1 5.0 -8.6603 4
1201 1 5.0 -8.6603 4
-1 0 0.0 0.0 D
1877 1 59.0 248.06895446777344 60 2147483647 61
0 0 0.0 0.0 D
1108 1 1.7365 -9.8481 1
1095 1 1.7365 -9.8481 1
1090 1 1.7365 -9.8481 1
1086 1 1.7365 -9.8481 1
1115 1 3.473 -19.6962 1
1140 1 3.473 -19.6962 1
1129 1 3.473 -19.6962 1
1166 1 5.2094 -29.5442 1
1160 1 5.2094 -29.5442 1
1159 1 5.2094 -29.5442 1
1192 1 6.9459 -39.3923 1
1190 1 6.9459 -39.3923 1
1185 1 6.9459 -39.3923 1
1180 1 6.9459 -39.3923 1
1175 1 6.9459 -39.3923 1
1517 1 17.101 -46.9846 1
1516 1 17.101 -46.9846 1
2630 1 10.4189 -59.0885 1
2627 1 10.4189 -59.0885 1
2625 1 10.4189 -59.0885 1
2616 1 10.4189 -59.0885 1
2661 1 12.1554 -68.9365 1
2653 1 12.1554 -68.9365 1
2652 1 12.1554 -68.9365 1
2651 1 12.1554 -68.9365 1
2648 1 12.1554 -68.9365 1
2644 1 12.1554 -68.9365 1
2699 1 13.8919 -78.7846 1
2686 1 13.8919 -78.7846 1
2680 1 13.8919 -78.7846 1
2678 1 13.8919 -78.7846 1
2675 1 13.8919 -78.7846 1
2673 1 13.8919 -78.7846 1
2725 1 15.6283 -88.6327 1
2723 1 15.6283 -88.6327 1
2719 1 15.6283 -88.6327 1
2715 1 15.6283 -88.6327 1
2710 1 15.6283 -88.6327 1
2706 1 15.6283 -88.6327 1
2850 1 68.944 -57.8509 1
2845 1 68.944 -57.8509 1
2837 1 68.944 -57.8509 1
2833 1 68.944 -57.8509 1
2809 1 53.6231 -44.9951 1
2808 1 53.6231 -44.9951 1
2805 1 53.6231 -44.9951 1
2800 1 53.6231 -44.9951 1
2794 1 53.6231 -44.9951 1
2793 1 53.6231 -44.9951 1
1313 1 30.6418 -25.7115 1
1310 1 30.6418 -25.7115 1
1307 1 30.6418 -25.7115 1
1302 1 30.6418 -25.7115 1
1293 1 22.9813 -19.2836 1
1292 1 22.9813 -19.2836 1
1291 1 22.9813 -19.2836 1
1258 1 7.6604 -6.4279 1
1245 1 7.6604 -6.4279 1
1241 1 7.6604 -6.4279 1
-1 0 0.0 0.0 D
1878 2 59.0 179.99998474121094 60 2147483647 61
0 0 0.0 0.0 D
2640 1 10.4189 -59.0885 2
2639 1 10.4189 -59.0885 2
2638 1 10.4189 -59.0885 2
2637 1 10.4189 -59.0885 2
2636 1 10.4189 -59.0885 2
2635 1 10.4189 -59.0885 2
2634 1 10.4189 -59.0885 2
2633 1 10.4189 -59.0885 2
2632 1 10.4189 -59.0885 2
2631 1 10.4189 -59.0885 2
2629 1 10.4189 -59.0885 2
2628 1 10.4189 -59.0885 2
2626 1 10.4189 -59.0885 2
2624 1 10.4189 -59.0885 2
2623 1 10.4189 -59.0885 2
2622 1 10.4189 -59.0885 2
2621 1 10.4189 -59.0885 2
2620 1 10.4189 -59.0885 2
2619 1 10.4189 -59.0885 2
2618 1 10.4189 -59.0885 2
2617 1 10.4189 -59.0885 2
2615 1 10.4189 -59.0885 2
2614 1 10.4189 -59.0885 2
2613 1 10.4189 -59.0885 2
2612 1 10.4189 -59.0885 2
2611 1 10.4189 -59.0885 2
2654 1 12.1554 -68.9365 2
2650 1 12.1554 -68.9365 2
2649 1 12.1554 -68.9365 2
2647 1 12.1554 -68.9365 2
2646 1 12.1554 -68.9365 2
2645 1 12.1554 -68.9365 2
2643 1 12.1554 -68.9365 2
2642 1 12.1554 -68.9365 2
2641 1 12.1554 -68.9365 2
2730 1 15.6283 -88.6327 2
2729 1 15.6283 -88.6327 2
2728 1 15.6283 -88.6327 2
2727 1 15.6283 -88.6327 2
2726 1 15.6283 -88.6327 2
2724 1 15.6283 -88.6327 2
2722 1 15.6283 -88.6327 2
2721 1 15.6283 -88.6327 2
2720 1 15.6283 -88.6327 2
2718 1 15.6283 -88.6327 2
2717 1 15.6283 -88.6327 2
2716 1 15.6283 -88.6327 2
2714 1 15.6283 -88.6327 2
2713 1 15.6283 -88.6327 2
2712 1 15.6283 -88.6327 2
2711 1 15.6283 -88.6327 2
2709 1 15.6283 -88.6327 2
2708 1 15.6283 -88.6327 2
2707 1 15.6283 -88.6327 2
2705 1 15.6283 -88.6327 2
2704 1 15.6283 -88.6327 2
2703 1 15.6283 -88.6327 2
2702 1 15.6283 -88.6327 2
2701 1 15.6283 -88.6327 2
-1 0 0.0 0.0 D
1879 2 59.0 159.99996948242188 60 2147483647 61
0 0 0.0 0.0 D
1103 1 1.7365 -9.8481 2
1102 1 1.7365 -9.8481 2
1101 1 1.7365 -9.8481 2
1100 1 1.7365 -9.8481 2
1099 1 1.7365 -9.8481 2
1098 1 1.7365 -9.8481 2
1097 1 1.7365 -9.8481 2
1096 1 1.7365 -9.8481 2
1094 1 1.7365 -9.8481 2
1093 1 1.7365 -9.8481 2
1092 1 1.7365 -9.8481 2
1091 1 1.7365 -9.8481 2
1089 1 1.7365 -9.8481 2
1088 1 1.7365 -9.8481 2
1087 1 1.7365 -9.8481 2
1085 1 1.7365 -9.8481 2
1084 1 1.7365 -9.8481 2
1083 1 1.7365 -9.8481 2
1082 1 1.7365 -9.8481 2
1081 1 1.7365 -9.8481 2
2700 1 13.8919 -78.7846 2
2698 1 13.8919 -78.7846 2
2697 1 13.8919 -78.7846 2
2696 1 13.8919 -78.7846 2
2695 1 13.8919 -78.7846 2
2694 1 13.8919 -78.7846 2
2693 1 13.8919 -78.7846 2
2692 1 13.8919 -78.7846 2
2691 1 13.8919 -78.7846 2
2690 1 13.8919 -78.7846 2
2689 1 13.8919 -78.7846 2
2688 1 13.8919 -78.7846 2
2687 1 13.8919 -78.7846 2
2685 1 13.8919 -78.7846 2
2684 1 13.8919 -78.7846 2
2683 1 13.8919 -78.7846 2
2682 1 13.8919 -78.7846 2
2681 1 13.8919 -78.7846 2
2679 1 13.8919 -78.7846 2
2677 1 13.8919 -78.7846 2
2676 1 13.8919 -78.7846 2
2674 1 13.8919 -78.7846 2
2672 1 13.8919 -78.7846 2
2671 1 13.8919 -78.7846 2
2670 1 12.1554 -68.9365 2
2669 1 12.1554 -68.9365 2
2668 1 12.1554 -68.9365 2
2667 1 12.1554 -68.9365 2
2666 1 12.1554 -68.9365 2
2665 1 12.1554 -68.9365 2
2664 1 12.1554 -68.9365 2
2663 1 12.1554 -68.9365 2
2662 1 12.1554 -68.9365 2
2660 1 12.1554 -68.9365 2
2659 1 12.1554 -68.9365 2
2658 1 12.1554 -68.9365 2
2657 1 12.1554 -68.9365 2
2656 1 12.1554 -68.9365 2
2655 1 12.1554 -68.9365 2
-1 0 0.0 0.0 D
1880 2 59.0 188.3743133544922 60 2147483647 61
0 0 0.0 0.0 D
1110 1 1.7365 -9.8481 2
1109 1 1.7365 -9.8481 2
1107 1 1.7365 -9.8481 2
1106 1 1.7365 -9.8481 2
1105 1 1.7365 -9.8481 2
1104 1 1.7365 -9.8481 2
1139 1 3.473 -19.6962 2
1138 1 3.473 -19.6962 2
1137 1 3.473 -19.6962 2
1136 1 3.473 -19.6962 2
1135 1 3.473 -19.6962 2
1134 1 3.473 -19.6962 2
1133 1 3.473 -19.6962 2
1132 1 3.473 -19.6962 2
1131 1 3.473 -19.6962 2
1130 1 3.473 -19.6962 2
1128 1 3.473 -19.6962 2
1127 1 3.473 -19.6962 2
1126 1 3.473 -19.6962 2
1125 1 3.473 -19.6962 2
1124 1 3.473 -19.6962 2
1123 1 3.473 -19.6962 2
1122 1 3.473 -19.6962 2
1121 1 3.473 -19.6962 2
1120 1 3.473 -19.6962 2
1119 1 3.473 -19.6962 2
1118 1 3.473 -19.6962 2
1117 1 3.473 -19.6962 2
1116 1 3.473 -19.6962 2
1114 1 3.473 -19.6962 2
1113 1 3.473 -19.6962 2
1112 1 3.473 -19.6962 2
1111 1 3.473 -19.6962 2
2769 1 45.0 -77.9423 2
2759 1 40.0 -69.282 2
2755 1 40.0 -69.282 2
2745 1 35.0 -60.6218 2
2735 1 30.0 -51.9615 2
1240 1 20.0 -34.641 2
1238 1 20.0 -34.641 2
1232 1 20.0 -34.641 2
1220 1 10.0 -17.3205 2
1219 1 10.0 -17.3205 2
1217 1 10.0 -17.3205 2
1214 1 10.0 -17.3205 2
1203 1 5.0 -8.6603 2
1202 1 5.0 -8.6603 2
1334 1 9.3969 -3.4202 2
1333 1 9.3969 -3.4202 2
1331 1 9.3969 -3.4202 2
1329 1 9.3969 -3.4202 2
1328 1 9.3969 -3.4202 2
1327 1 9.3969 -3.4202 2
1326 1 9.3969 -3.4202 2
1325 1 9.3969 -3.4202 2
1324 1 9.3969 -3.4202 2
1323 1 9.3969 -3.4202 2
1322 1 9.3969 -3.4202 2
1321 1 9.3969 -3.4202 2
-1 0 0.0 0.0 D
1881 4 149.0 211.25669860839844 150 2147483647 151
0 0 0.0 0.0 D
1210 1 5.0 -8.6603 4
1218 1 10.0 -17.3205 4
1216 1 10.0 -17.3205 4
1215 1 10.0 -17.3205 4
1213 1 10.0 -17.3205 4
1212 1 10.0 -17.3205 4
1211 1 10.0 -17.3205 4
1230 1 15.0 -25.9808 4
1229 1 15.0 -25.9808 4
1228 1 15.0 -25.9808 4
1227 1 15.0 -25.9808 4
1226 1 15.0 -25.9808 4
1225 1 15.0 -25.9808 4
1224 1 15.0 -25.9808 4
1223 1 15.0 -25.9808 4
1222 1 15.0 -25.9808 4
1221 1 15.0 -25.9808 4
1239 1 20.0 -34.641 4
1237 1 20.0 -34.641 4
1236 1 20.0 -34.641 4
1235 1 20.0 -34.641 4
1234 1 20.0 -34.641 4
1233 1 20.0 -34.641 4
1231 1 20.0 -34.641 4
2731 1 30.0 -51.9615 4
2740 1 30.0 -51.9615 4
2739 1 30.0 -51.9615 4
2738 1 30.0 -51.9615 4
2737 1 30.0 -51.9615 4
2736 1 30.0 -51.9615 4
2734 1 30.0 -51.9615 4
2733 1 30.0 -51.9615 4
2732 1 30.0 -51.9615 4
2750 1 35.0 -60.6218 4
2749 1 35.0 -60.6218 4
2748 1 35.0 -60.6218 4
2747 1 35.0 -60.6218 4
2746 1 35.0 -60.6218 4
2744 1 35.0 -60.6218 4
2743 1 35.0 -60.6218 4
2742 1 35.0 -60.6218 4
2741 1 35.0 -60.6218 4
2760 1 40.0 -69.282 4
2758 1 40.0 -69.282 4
2757 1 40.0 -69.282 4
2756 1 40.0 -69.282 4
2754 1 40.0 -69.282 4
2753 1 40.0 -69.282 4
2752 1 40.0 -69.282 4
2751 1 40.0 -69.282 4
2770 1 45.0 -77.9423 4
2768 1 45.0 -77.9423 4
2767 1 45.0 -77.9423 4
2766 1 45.0 -77.9423 4
2765 1 45.0 -77.9423 4
2764 1 45.0 -77.9423 4
2763 1 45.0 -77.9423 4
2762 1 45.0 -77.9423 4
2761 1 45.0 -77.9423 4
2849 1 68.944 -57.8509 4
2848 1 68.944 -57.8509 4
2847 1 68.944 -57.8509 4
2846 1 68.944 -57.8509 4
2844 1 68.944 -57.8509 4
2843 1 68.944 -57.8509 4
2842 1 68.944 -57.8509 4
2841 1 68.944 -57.8509 4
2840 1 68.944 -57.8509 4
2839 1 68.944 -57.8509 4
2838 1 68.944 -57.8509 4
2836 1 68.944 -57.8509 4
2835 1 68.944 -57.8509 4
2834 1 68.944 -57.8509 4
2832 1 68.944 -57.8509 4
2831 1 68.944 -57.8509 4
2822 1 61.2836 -51.423 4
2821 1 61.2836 -51.423 4
2820 1 61.2836 -51.423 4
2819 1 61.2836 -51.423 4
2818 1 61.2836 -51.423 4
2817 1 61.2836 -51.423 4
2816 1 61.2836 -51.423 4
2815 1 61.2836 -51.423 4
2814 1 61.2836 -51.423 4
2813 1 61.2836 -51.423 4
2811 1 61.2836 -51.423 4
2810 1 53.6231 -44.9951 4
2807 1 53.6231 -44.9951 4
2806 1 53.6231 -44.9951 4
2804 1 53.6231 -44.9951 4
2803 1 53.6231 -44.9951 4
2802 1 53.6231 -44.9951 4
2801 1 53.6231 -44.9951 4
2799 1 53.6231 -44.9951 4
2798 1 53.6231 -44.9951 4
2797 1 53.6231 -44.9951 4
2796 1 53.6231 -44.9951 4
2795 1 53.6231 -44.9951 4
2792 1 53.6231 -44.9951 4
2791 1 53.6231 -44.9951 4
1320 1 30.6418 -25.7115 4
1319 1 30.6418 -25.7115 4
1318 1 30.6418 -25.7115 4
1317 1 30.6418 -25.7115 4
1316 1 30.6418 -25.7115 4
1315 1 30.6418 -25.7115 4
1312 1 30.6418 -25.7115 4
1311 1 30.6418 -25.7115 4
1309 1 30.6418 -25.7115 4
1308 1 30.6418 -25.7115 4
1306 1 30.6418 -25.7115 4
1305 1 30.6418 -25.7115 4
1304 1 30.6418 -25.7115 4
1303 1 30.6418 -25.7115 4
1301 1 30.6418 -25.7115 4
1300 1 22.9813 -19.2836 4
1299 1 22.9813 -19.2836 4
1298 1 22.9813 -19.2836 4
1297 1 22.9813 -19.2836 4
1296 1 22.9813 -19.2836 4
1295 1 22.9813 -19.2836 4
1294 1 22.9813 -19.2836 4
1290 1 22.9813 -19.2836 4
1289 1 22.9813 -19.2836 4
1288 1 22.9813 -19.2836 4
1287 1 22.9813 -19.2836 4
1286 1 22.9813 -19.2836 4
1285 1 22.9813 -19.2836 4
1284 1 22.9813 -19.2836 4
1283 1 22.9813 -19.2836 4
1282 1 22.9813 -19.2836 4
1281 1 22.9813 -19.2836 4
1260 1 7.6604 -6.4279 4
1259 1 7.6604 -6.4279 4
1257 1 7.6604 -6.4279 4
1256 1 7.6604 -6.4279 4
1255 1 7.6604 -6.4279 4
1254 1 7.6604 -6.4279 4
1253 1 7.6604 -6.4279 4
1252 1 7.6604 -6.4279 4
1251 1 7.6604 -6.4279 4
1250 1 7.6604 -6.4279 4
1249 1 7.6604 -6.4279 4
1248 1 7.6604 -6.4279 4
1247 1 7.6604 -6.4279 4
1246 1 7.6604 -6.4279 4
1244 1 7.6604 -6.4279 4
1243 1 7.6604 -6.4279 4
1242 1 7.6604 -6.4279 4
-1 0 0.0 0.0 D
1882 1 59.0 207.624755859375 60 2147483647 61
0 0 0.0 0.0 D
1268 1 15.3209 -12.8557 1
1267 1 15.3209 -12.8557 1
1265 1 15.3209 -12.8557 1
1261 1 15.3209 -12.8557 1
1314 1 30.6418 -25.7115 1
2788 1 45.9627 -38.5672 1
2786 1 45.9627 -38.5672 1
2783 1 45.9627 -38.5672 1
2779 1 45.9627 -38.5672 1
2778 1 45.9627 -38.5672 1
2777 1 45.9627 -38.5672 1
2773 1 45.9627 -38.5672 1
2826 1 61.2836 -51.423 1
2812 1 61.2836 -51.423 1
2969 1 84.5723 -30.7818 1
2968 1 84.5723 -30.7818 1
2964 1 84.5723 -30.7818 1
2962 1 84.5723 -30.7818 1
2957 1 84.5723 -30.7818 1
2956 1 84.5723 -30.7818 1
2934 1 75.1754 -27.3616 1
2932 1 75.1754 -27.3616 1
2929 1 75.1754 -27.3616 1
2927 1 75.1754 -27.3616 1
2925 1 75.1754 -27.3616 1
2923 1 75.1754 -27.3616 1
2920 1 75.1754 -27.3616 1
2916 1 75.1754 -27.3616 1
2912 1 75.1754 -27.3616 1
2911 1 75.1754 -27.3616 1
2900 1 65.7785 -23.9414 1
2892 1 65.7785 -23.9414 1
2876 1 56.3816 -20.5212 1
2875 1 56.3816 -20.5212 1
2859 1 56.3816 -20.5212 1
2851 1 56.3816 -20.5212 1
1529 1 43.3013 -25.0 1
1440 1 37.5877 -13.6808 1
1439 1 37.5877 -13.6808 1
1437 1 37.5877 -13.6808 1
1436 1 37.5877 -13.6808 1
1432 1 37.5877 -13.6808 1
1415 1 37.5877 -13.6808 1
1414 1 37.5877 -13.6808 1
1401 1 28.1908 -10.2606 1
1394 1 28.1908 -10.2606 1
1391 1 28.1908 -10.2606 1
1388 1 28.1908 -10.2606 1
1386 1 28.1908 -10.2606 1
1382 1 28.1908 -10.2606 1
1366 1 18.7939 -6.8404 1
1361 1 18.7939 -6.8404 1
1359 1 18.7939 -6.8404 1
1355 1 18.7939 -6.8404 1
1350 1 9.3969 -3.4202 1
1340 1 9.3969 -3.4202 1
1337 1 9.3969 -3.4202 1
1332 1 9.3969 -3.4202 1
1330 1 9.3969 -3.4202 1
-1 0 0.0 0.0 D
1885 2 59.0 159.99996948242188 60 2147483647 61
0 0 0.0 0.0 D
1395 1 28.1908 -10.2606 2
1393 1 28.1908 -10.2606 2
1392 1 28.1908 -10.2606 2
1390 1 28.1908 -10.2606 2
1389 1 28.1908 -10.2606 2
1387 1 28.1908 -10.2606 2
1385 1 28.1908 -10.2606 2
1384 1 28.1908 -10.2606 2
1383 1 28.1908 -10.2606 2
1381 1 28.1908 -10.2606 2
2910 1 65.7785 -23.9414 2
2909 1 65.7785 -23.9414 2
2908 1 65.7785 -23.9414 2
2907 1 65.7785 -23.9414 2
2906 1 65.7785 -23.9414 2
2905 1 65.7785 -23.9414 2
2904 1 65.7785 -23.9414 2
2903 1 65.7785 -23.9414 2
2902 1 65.7785 -23.9414 2
2901 1 65.7785 -23.9414 2
2899 1 65.7785 -23.9414 2
2898 1 65.7785 -23.9414 2
2897 1 65.7785 -23.9414 2
2896 1 65.7785 -23.9414 2
2895 1 65.7785 -23.9414 2
2894 1 65.7785 -23.9414 2
2893 1 65.7785 -23.9414 2
2891 1 65.7785 -23.9414 2
2890 1 65.7785 -23.9414 2
2889 1 65.7785 -23.9414 2
2888 1 65.7785 -23.9414 2
2887 1 65.7785 -23.9414 2
2886 1 65.7785 -23.9414 2
2885 1 65.7785 -23.9414 2
2884 1 65.7785 -23.9414 2
2883 1 65.7785 -23.9414 2
2882 1 65.7785 -23.9414 2
2881 1 65.7785 -23.9414 2
2940 1 75.1754 -27.3616 2
2939 1 75.1754 -27.3616 2
2938 1 75.1754 -27.3616 2
2937 1 75.1754 -27.3616 2
2936 1 75.1754 -27.3616 2
2935 1 75.1754 -27.3616 2
2933 1 75.1754 -27.3616 2
2931 1 75.1754 -27.3616 2
2930 1 75.1754 -27.3616 2
2928 1 75.1754 -27.3616 2
2926 1 75.1754 -27.3616 2
2924 1 75.1754 -27.3616 2
2922 1 75.1754 -27.3616 2
2921 1 75.1754 -27.3616 2
2919 1 75.1754 -27.3616 2
2918 1 75.1754 -27.3616 2
2917 1 75.1754 -27.3616 2
2915 1 75.1754 -27.3616 2
2914 1 75.1754 -27.3616 2
2913 1 75.1754 -27.3616 2
1438 1 37.5877 -13.6808 2
-1 0 0.0 0.0 D
1886 2 59.0 120.00007629394531 60 2147483647 61
0 0 0.0 0.0 D
1374 1 18.7939 -6.8404 2
1372 1 18.7939 -6.8404 2
1371 1 18.7939 -6.8404 2
1370 1 18.7939 -6.8404 2
1369 1 18.7939 -6.8404 2
1368 1 18.7939 -6.8404 2
1367 1 18.7939 -6.8404 2
1365 1 18.7939 -6.8404 2
1364 1 18.7939 -6.8404 2
1363 1 18.7939 -6.8404 2
1362 1 18.7939 -6.8404 2
1360 1 18.7939 -6.8404 2
1358 1 18.7939 -6.8404 2
1357 1 18.7939 -6.8404 2
1356 1 18.7939 -6.8404 2
1354 1 18.7939 -6.8404 2
1353 1 18.7939 -6.8404 2
1352 1 18.7939 -6.8404 2
1351 1 18.7939 -6.8404 2
2880 1 56.3816 -20.5212 2
2879 1 56.3816 -20.5212 2
2878 1 56.3816 -20.5212 2
2877 1 56.3816 -20.5212 2
2874 1 56.3816 -20.5212 2
2873 1 56.3816 -20.5212 2
2872 1 56.3816 -20.5212 2
2871 1 56.3816 -20.5212 2
2870 1 56.3816 -20.5212 2
2869 1 56.3816 -20.5212 2
2868 1 56.3816 -20.5212 2
2867 1 56.3816 -20.5212 2
2866 1 56.3816 -20.5212 2
2865 1 56.3816 -20.5212 2
2864 1 56.3816 -20.5212 2
2863 1 56.3816 -20.5212 2
2862 1 56.3816 -20.5212 2
2861 1 56.3816 -20.5212 2
2860 1 56.3816 -20.5212 2
2858 1 56.3816 -20.5212 2
2857 1 56.3816 -20.5212 2
2856 1 56.3816 -20.5212 2
2855 1 56.3816 -20.5212 2
2854 1 56.3816 -20.5212 2
2853 1 56.3816 -20.5212 2
2852 1 56.3816 -20.5212 2
1410 1 28.1908 -10.2606 2
1409 1 28.1908 -10.2606 2
1408 1 28.1908 -10.2606 2
1407 1 28.1908 -10.2606 2
1406 1 28.1908 -10.2606 2
1405 1 28.1908 -10.2606 2
1404 1 28.1908 -10.2606 2
1403 1 28.1908 -10.2606 2
1402 1 28.1908 -10.2606 2
1400 1 28.1908 -10.2606 2
1399 1 28.1908 -10.2606 2
1398 1 28.1908 -10.2606 2
1397 1 28.1908 -10.2606 2
1396 1 28.1908 -10.2606 2
-1 0 0.0 0.0 D
1888 2 59.0 243.26438903808594 60 2147483647 61
0 0 0.0 0.0 D
279 1 20.0 34.641 2
230 1 30.6418 25.7115 2
232 1 30.6418 25.7115 2
234 1 30.6418 25.7115 2
235 1 30.6418 25.7115 2
1679 1 45.9627 38.5673 2
1678 1 45.9627 38.5673 2
1677 1 45.9627 38.5673 2
2970 1 84.5723 -30.7818 2
2967 1 84.5723 -30.7818 2
2966 1 84.5723 -30.7818 2
2965 1 84.5723 -30.7818 2
2963 1 84.5723 -30.7818 2
2961 1 84.5723 -30.7818 2
2960 1 84.5723 -30.7818 2
2959 1 84.5723 -30.7818 2
2958 1 84.5723 -30.7818 2
2955 1 84.5723 -30.7818 2
2954 1 84.5723 -30.7818 2
2953 1 84.5723 -30.7818 2
2952 1 84.5723 -30.7818 2
2951 1 84.5723 -30.7818 2
2950 1 84.5723 -30.7818 2
2949 1 84.5723 -30.7818 2
2948 1 84.5723 -30.7818 2
2947 1 84.5723 -30.7818 2
2946 1 84.5723 -30.7818 2
2945 1 84.5723 -30.7818 2
2944 1 84.5723 -30.7818 2
2943 1 84.5723 -30.7818 2
2942 1 84.5723 -30.7818 2
2941 1 84.5723 -30.7818 2
1435 1 37.5877 -13.6808 2
1434 1 37.5877 -13.6808 2
1433 1 37.5877 -13.6808 2
1431 1 37.5877 -13.6808 2
1430 1 37.5877 -13.6808 2
1429 1 37.5877 -13.6808 2
1428 1 37.5877 -13.6808 2
1427 1 37.5877 -13.6808 2
1426 1 37.5877 -13.6808 2
1425 1 37.5877 -13.6808 2
1424 1 37.5877 -13.6808 2
1423 1 37.5877 -13.6808 2
1422 1 37.5877 -13.6808 2
1421 1 37.5877 -13.6808 2
1420 1 37.5877 -13.6808 2
1419 1 37.5877 -13.6808 2
1418 1 37.5877 -13.6808 2
1417 1 37.5877 -13.6808 2
1416 1 37.5877 -13.6808 2
1413 1 37.5877 -13.6808 2
1412 1 37.5877 -13.6808 2
1411 1 37.5877 -13.6808 2
1380 1 18.7939 -6.8404 2
1378 1 18.7939 -6.8404 2
1377 1 18.7939 -6.8404 2
1376 1 18.7939 -6.8404 2
1375 1 18.7939 -6.8404 2
-1 0 0.0 0.0 D
1893 1 61.0 288.0100402832031 100 2147483647 63
0 0 0.0 0.0 D
1373 1 18.7939 -6.8404 1
1379 1 18.7939 -6.8404 1
182 1 22.9813 19.2836 1
187 1 22.9813 19.2836 1
212 1 30.6418 25.7115 1
215 1 30.6418 25.7115 1
218 1 30.6418 25.7115 1
223 1 30.6418 25.7115 1
224 1 30.6418 25.7115 1
226 1 30.6418 25.7115 1
231 1 30.6418 25.7115 1
233 1 30.6418 25.7115 1
240 1 30.6418 25.7115 1
1443 1 49.2404 8.6824 1
1681 1 53.6231 44.9951 1
1685 1 53.6231 44.9951 1
1686 1 53.6231 44.9951 1
1689 1 53.6231 44.9951 1
1696 1 53.6231 44.9951 1
1699 1 53.6231 44.9951 1
1701 1 53.6231 44.9951 1
1718 1 61.2836 51.423 1
1719 1 61.2836 51.423 1
1721 1 61.2836 51.423 1
1722 1 61.2836 51.423 1
1726 1 61.2836 51.423 1
1731 1 61.2836 51.423 1
1732 1 61.2836 51.423 1
1736 1 61.2836 51.423 1
1737 1 61.2836 51.423 1
2973 1 98.4808 17.3648 1
1635 1 84.5723 30.7818 1
1638 1 84.5723 30.7818 1
1643 1 84.5723 30.7818 1
1646 1 84.5723 30.7818 1
1649 1 84.5723 30.7818 1
1612 1 75.1754 27.3616 1
1619 1 75.1754 27.3616 1
1622 1 75.1754 27.3616 1
1628 1 75.1754 27.3616 1
1596 1 65.7785 23.9414 1
1603 1 65.7785 23.9414 1
1574 1 56.3816 20.5212 1
1575 1 56.3816 20.5212 1
1576 1 56.3816 20.5212 1
1582 1 56.3816 20.5212 1
1584 1 56.3816 20.5212 1
1588 1 56.3816 20.5212 1
103 1 37.5877 13.6808 1
109 1 37.5877 13.6808 1
118 1 37.5877 13.6808 1
120 1 37.5877 13.6808 1
93 1 28.1908 10.2606 1
62 1 18.7939 6.8404 1
70 1 18.7939 6.8404 1
71 1 18.7939 6.8404 1
73 1 18.7939 6.8404 1
74 1 18.7939 6.8404 1
75 1 18.7939 6.8404 1
44 1 9.3969 3.4202 1
52 1 9.3969 3.4202 1
-1 0 0.0 0.0 D
1918 2 64.0 249.73741149902344 100 2147483647 66
0 0 0.0 0.0 D
1335 1 9.3969 -3.4202 2
1336 1 9.3969 -3.4202 2
1338 1 9.3969 -3.4202 2
1339 1 9.3969 -3.4202 2
1341 1 9.3969 -3.4202 2
1342 1 9.3969 -3.4202 2
1343 1 9.3969 -3.4202 2
1344 1 9.3969 -3.4202 2
1345 1 9.3969 -3.4202 2
1346 1 9.3969 -3.4202 2
1347 1 9.3969 -3.4202 2
1348 1 9.3969 -3.4202 2
1349 1 9.3969 -3.4202 2
1 1 10.0 0.0 2
7 1 10.0 0.0 2
10 1 10.0 0.0 2
14 1 20.0 0.0 2
18 1 20.0 0.0 2
22 1 30.0 0.0 2
23 1 30.0 0.0 2
26 1 30.0 0.0 2
30 1 30.0 0.0 2
33 1 40.0 0.0 2
1445 1 49.2404 8.6824 2
1446 1 49.2404 8.6824 2
1449 1 49.2404 8.6824 2
1531 1 60.0 0.0 2
1534 1 60.0 0.0 2
1540 1 60.0 0.0 2
1553 1 80.0 0.0 2
1560 1 80.0 0.0 2
1562 1 90.0 0.0 2
1570 1 90.0 0.0 2
2975 1 98.4808 17.3648 2
1711 1 61.2836 51.423 2
1712 1 61.2836 51.423 2
1713 1 61.2836 51.423 2
1714 1 61.2836 51.423 2
1715 1 61.2836 51.423 2
1716 1 61.2836 51.423 2
1717 1 61.2836 51.423 2
1720 1 61.2836 51.423 2
1723 1 61.2836 51.423 2
1724 1 61.2836 51.423 2
1725 1 61.2836 51.423 2
1727 1 61.2836 51.423 2
1728 1 61.2836 51.423 2
1729 1 61.2836 51.423 2
1730 1 61.2836 51.423 2
1733 1 61.2836 51.423 2
1734 1 61.2836 51.423 2
211 1 30.6418 25.7115 2
213 1 30.6418 25.7115 2
214 1 30.6418 25.7115 2
216 1 30.6418 25.7115 2
217 1 30.6418 25.7115 2
219 1 30.6418 25.7115 2
220 1 30.6418 25.7115 2
221 1 30.6418 25.7115 2
222 1 30.6418 25.7115 2
225 1 30.6418 25.7115 2
227 1 30.6418 25.7115 2
228 1 30.6418 25.7115 2
229 1 30.6418 25.7115 2
-1 0 0.0 0.0 D
1935 4 194.0 358.126953125 200 2147483647 196
0 0 0.0 0.0 D
2 1 10.0 0.0 4
3 1 10.0 0.0 4
4 1 10.0 0.0 4
5 1 10.0 0.0 4
6 1 10.0 0.0 4
8 1 10.0 0.0 4
9 1 10.0 0.0 4
1262 1 15.3209 -12.8557 4
1263 1 15.3209 -12.8557 4
1264 1 15.3209 -12.8557 4
1266 1 15.3209 -12.8557 4
1269 1 15.3209 -12.8557 4
1270 1 15.3209 -12.8557 4
1271 1 15.3209 -12.8557 4
1272 1 15.3209 -12.8557 4
1273 1 15.3209 -12.8557 4
1274 1 15.3209 -12.8557 4
1275 1 15.3209 -12.8557 4
1276 1 15.3209 -12.8557 4
1277 1 15.3209 -12.8557 4
1278 1 15.3209 -12.8557 4
1279 1 15.3209 -12.8557 4
1280 1 15.3209 -12.8557 4
11 1 20.0 0.0 4
12 1 20.0 0.0 4
13 1 20.0 0.0 4
15 1 20.0 0.0 4
16 1 20.0 0.0 4
17 1 20.0 0.0 4
19 1 20.0 0.0 4
20 1 20.0 0.0 4
81 1 28.1908 10.2606 4
82 1 28.1908 10.2606 4
83 1 28.1908 10.2606 4
84 1 28.1908 10.2606 4
85 1 28.1908 10.2606 4
86 1 28.1908 10.2606 4
87 1 28.1908 10.2606 4
88 1 28.1908 10.2606 4
89 1 28.1908 10.2606 4
90 1 28.1908 10.2606 4
91 1 28.1908 10.2606 4
92 1 28.1908 10.2606 4
94 1 28.1908 10.2606 4
95 1 28.1908 10.2606 4
96 1 28.1908 10.2606 4
97 1 28.1908 10.2606 4
98 1 28.1908 10.2606 4
99 1 28.1908 10.2606 4
100 1 28.1908 10.2606 4
21 1 30.0 0.0 4
24 1 30.0 0.0 4
25 1 30.0 0.0 4
27 1 30.0 0.0 4
28 1 30.0 0.0 4
29 1 30.0 0.0 4
1521 1 43.3013 -25.0 4
1522 1 43.3013 -25.0 4
1523 1 43.3013 -25.0 4
1524 1 43.3013 -25.0 4
1525 1 43.3013 -25.0 4
1526 1 43.3013 -25.0 4
1527 1 43.3013 -25.0 4
1528 1 43.3013 -25.0 4
1530 1 43.3013 -25.0 4
2771 1 45.9627 -38.5672 4
2772 1 45.9627 -38.5672 4
2774 1 45.9627 -38.5672 4
2775 1 45.9627 -38.5672 4
2776 1 45.9627 -38.5672 4
2780 1 45.9627 -38.5672 4
2781 1 45.9627 -38.5672 4
2782 1 45.9627 -38.5672 4
2784 1 45.9627 -38.5672 4
2785 1 45.9627 -38.5672 4
2787 1 45.9627 -38.5672 4
2789 1 45.9627 -38.5672 4
2790 1 45.9627 -38.5672 4
2823 1 61.2836 -51.423 4
2824 1 61.2836 -51.423 4
2825 1 61.2836 -51.423 4
2827 1 61.2836 -51.423 4
2828 1 61.2836 -51.423 4
2829 1 61.2836 -51.423 4
2830 1 61.2836 -51.423 4
31 1 40.0 0.0 4
32 1 40.0 0.0 4
34 1 40.0 0.0 4
35 1 40.0 0.0 4
36 1 40.0 0.0 4
37 1 40.0 0.0 4
38 1 40.0 0.0 4
39 1 40.0 0.0 4
40 1 40.0 0.0 4
1441 1 49.2404 8.6824 4
1442 1 49.2404 8.6824 4
1444 1 49.2404 8.6824 4
1447 1 49.2404 8.6824 4
1448 1 49.2404 8.6824 4
1450 1 49.2404 8.6824 4
1532 1 60.0 0.0 4
1533 1 60.0 0.0 4
1535 1 60.0 0.0 4
1536 1 60.0 0.0 4
1537 1 60.0 0.0 4
1538 1 60.0 0.0 4
1539 1 60.0 0.0 4
1541 1 70.0 0.0 4
1542 1 70.0 0.0 4
1543 1 70.0 0.0 4
1544 1 70.0 0.0 4
1545 1 70.0 0.0 4
1546 1 70.0 0.0 4
1547 1 70.0 0.0 4
1548 1 70.0 0.0 4
1549 1 70.0 0.0 4
1550 1 70.0 0.0 4
1551 1 80.0 0.0 4
1552 1 80.0 0.0 4
1554 1 80.0 0.0 4
1555 1 80.0 0.0 4
1556 1 80.0 0.0 4
1557 1 80.0 0.0 4
1558 1 80.0 0.0 4
1559 1 80.0 0.0 4
1561 1 90.0 0.0 4
1563 1 90.0 0.0 4
1564 1 90.0 0.0 4
1565 1 90.0 0.0 4
1566 1 90.0 0.0 4
1567 1 90.0 0.0 4
1568 1 90.0 0.0 4
1569 1 90.0 0.0 4
2971 1 98.4808 17.3648 4
2972 1 98.4808 17.3648 4
2974 1 98.4808 17.3648 4
2976 1 98.4808 17.3648 4
2977 1 98.4808 17.3648 4
2978 1 98.4808 17.3648 4
2979 1 98.4808 17.3648 4
2980 1 98.4808 17.3648 4
1591 1 65.7785 23.9414 4
1592 1 65.7785 23.9414 4
1593 1 65.7785 23.9414 4
1594 1 65.7785 23.9414 4
1595 1 65.7785 23.9414 4
1597 1 65.7785 23.9414 4
1598 1 65.7785 23.9414 4
1599 1 65.7785 23.9414 4
1600 1 65.7785 23.9414 4
1601 1 65.7785 23.9414 4
1602 1 65.7785 23.9414 4
1604 1 65.7785 23.9414 4
1605 1 65.7785 23.9414 4
1606 1 65.7785 23.9414 4
1607 1 65.7785 23.9414 4
1608 1 65.7785 23.9414 4
1609 1 65.7785 23.9414 4
1610 1 65.7785 23.9414 4
1571 1 56.3816 20.5212 4
1572 1 56.3816 20.5212 4
1573 1 56.3816 20.5212 4
1577 1 56.3816 20.5212 4
1578 1 56.3816 20.5212 4
1579 1 56.3816 20.5212 4
1580 1 56.3816 20.5212 4
1581 1 56.3816 20.5212 4
1583 1 56.3816 20.5212 4
1585 1 56.3816 20.5212 4
1586 1 56.3816 20.5212 4
1587 1 56.3816 20.5212 4
1589 1 56.3816 20.5212 4
1590 1 56.3816 20.5212 4
101 1 37.5877 13.6808 4
102 1 37.5877 13.6808 4
104 1 37.5877 13.6808 4
105 1 37.5877 13.6808 4
106 1 37.5877 13.6808 4
107 1 37.5877 13.6808 4
108 1 37.5877 13.6808 4
61 1 18.7939 6.8404 4
63 1 18.7939 6.8404 4
64 1 18.7939 6.8404 4
65 1 18.7939 6.8404 4
66 1 18.7939 6.8404 4
67 1 18.7939 6.8404 4
68 1 18.7939 6.8404 4
69 1 18.7939 6.8404 4
72 1 18.7939 6.8404 4
76 1 18.7939 6.8404 4
77 1 18.7939 6.8404 4
78 1 18.7939 6.8404 4
79 1 18.7939 6.8404 4
80 1 18.7939 6.8404 4
-1 0 0.0 0.0 D
