3000
1 2 1 10.0 0.0 1
2 4 1 10.0 0.0 1
3 4 1 10.0 0.0 1
4 4 1 10.0 0.0 1
5 4 1 10.0 0.0 1
6 4 1 10.0 0.0 1
7 2 1 10.0 0.0 1
8 4 1 10.0 0.0 1
9 4 1 10.0 0.0 1
10 2 1 10.0 0.0 1
11 4 1 20.0 0.0 2
12 4 1 20.0 0.0 2
13 4 1 20.0 0.0 2
14 2 1 20.0 0.0 2
15 4 1 20.0 0.0 2
16 4 1 20.0 0.0 2
17 4 1 20.0 0.0 2
18 2 1 20.0 0.0 2
19 4 1 20.0 0.0 2
20 4 1 20.0 0.0 2
21 4 1 30.0 0.0 3
22 2 1 30.0 0.0 3
23 2 1 30.0 0.0 3
24 4 1 30.0 0.0 3
25 4 1 30.0 0.0 3
26 2 1 30.0 0.0 3
27 4 1 30.0 0.0 3
28 4 1 30.0 0.0 3
29 4 1 30.0 0.0 3
30 2 1 30.0 0.0 3
31 4 1 40.0 0.0 4
32 4 1 40.0 0.0 4
33 2 1 40.0 0.0 4
34 4 1 40.0 0.0 4
35 4 1 40.0 0.0 4
36 4 1 40.0 0.0 4
37 4 1 40.0 0.0 4
38 4 1 40.0 0.0 4
39 4 1 40.0 0.0 4
40 4 1 40.0 0.0 4
41 4 1 9.3969 3.4202 5
42 4 1 9.3969 3.4202 5
43 4 1 9.3969 3.4202 5
44 1 1 9.3969 3.4202 5
45 4 1 9.3969 3.4202 5
46 4 1 9.3969 3.4202 5
47 4 1 9.3969 3.4202 5
48 4 1 9.3969 3.4202 5
49 4 1 9.3969 3.4202 5
50 4 1 9.3969 3.4202 5
51 4 1 9.3969 3.4202 5
52 1 1 9.3969 3.4202 5
53 4 1 9.3969 3.4202 5
54 4 1 9.3969 3.4202 5
55 4 1 9.3969 3.4202 5
56 4 1 9.3969 3.4202 5
57 4 1 9.3969 3.4202 5
58 4 1 9.3969 3.4202 5
59 4 1 9.3969 3.4202 5
60 4 1 9.3969 3.4202 5
61 4 1 18.7939 6.8404 6
62 1 1 18.7939 6.8404 6
63 4 1 18.7939 6.8404 6
64 4 1 18.7939 6.8404 6
65 4 1 18.7939 6.8404 6
66 4 1 18.7939 6.8404 6
67 4 1 18.7939 6.8404 6
68 4 1 18.7939 6.8404 6
69 4 1 18.7939 6.8404 6
70 1 1 18.7939 6.8404 6
71 1 1 18.7939 6.8404 6
72 4 1 18.7939 6.8404 6
73 1 1 18.7939 6.8404 6
74 1 1 18.7939 6.8404 6
75 1 1 18.7939 6.8404 6
76 4 1 18.7939 6.8404 6
77 4 1 18.7939 6.8404 6
78 4 1 18.7939 6.8404 6
79 4 1 18.7939 6.8404 6
80 4 1 18.7939 6.8404 6
81 4 1 28.1908 10.2606 7
82 4 1 28.1908 10.2606 7
83 4 1 28.1908 10.2606 7
84 4 1 28.1908 10.2606 7
85 4 1 28.1908 10.2606 7
86 4 1 28.1908 10.2606 7
87 4 1 28.1908 10.2606 7
88 4 1 28.1908 10.2606 7
89 4 1 28.1908 10.2606 7
90 4 1 28.1908 10.2606 7
91 4 1 28.1908 10.2606 7
92 4 1 28.1908 10.2606 7
93 1 1 28.1908 10.2606 7
94 4 1 28.1908 10.2606 7
95 4 1 28.1908 10.2606 7
96 4 1 28.1908 10.2606 7
97 4 1 28.1908 10.2606 7
98 4 1 28.1908 10.2606 7
99 4 1 28.1908 10.2606 7
100 4 1 28.1908 10.2606 7
101 4 1 37.5877 13.6808 8
102 4 1 37.5877 13.6808 8
103 1 1 37.5877 13.6808 8
104 4 1 37.5877 13.6808 8
105 4 1 37.5877 13.6808 8
106 4 1 37.5877 13.6808 8
107 4 1 37.5877 13.6808 8
108 4 1 37.5877 13.6808 8
109 1 1 37.5877 13.6808 8
110 4 1 37.5877 13.6808 8
111 4 1 37.5877 13.6808 8
112 4 1 37.5877 13.6808 8
113 4 1 37.5877 13.6808 8
114 4 1 37.5877 13.6808 8
115 4 1 37.5877 13.6808 8
116 4 1 37.5877 13.6808 8
117 4 1 37.5877 13.6808 8
118 1 1 37.5877 13.6808 8
119 4 1 37.5877 13.6808 8
120 1 1 37.5877 13.6808 8
121 2 1 7.6604 6.4279 9
122 2 1 7.6604 6.4279 9
123 2 1 7.6604 6.4279 9
124 2 1 7.6604 6.4279 9
125 2 1 7.6604 6.4279 9
126 2 1 7.6604 6.4279 9
127 2 1 7.6604 6.4279 9
128 2 1 7.6604 6.4279 9
129 2 1 7.6604 6.4279 9
130 2 1 7.6604 6.4279 9
131 1 1 7.6604 6.4279 9
132 2 1 7.6604 6.4279 9
133 2 1 7.6604 6.4279 9
134 2 1 7.6604 6.4279 9
135 2 1 7.6604 6.4279 9
136 2 1 7.6604 6.4279 9
137 1 1 7.6604 6.4279 9
138 2 1 7.6604 6.4279 9
139 1 1 7.6604 6.4279 9
140 2 1 7.6604 6.4279 9
141 2 1 7.6604 6.4279 9
142 1 1 7.6604 6.4279 9
143 1 1 7.6604 6.4279 9
144 2 1 7.6604 6.4279 9
145 2 1 7.6604 6.4279 9
146 2 1 7.6604 6.4279 9
147 2 1 7.6604 6.4279 9
148 2 1 7.6604 6.4279 9
149 2 1 7.6604 6.4279 9
150 2 1 7.6604 6.4279 9
151 2 1 15.3209 12.8558 10
152 2 1 15.3209 12.8558 10
153 1 1 15.3209 12.8558 10
154 2 1 15.3209 12.8558 10
155 2 1 15.3209 12.8558 10
156 2 1 15.3209 12.8558 10
157 2 1 15.3209 12.8558 10
158 2 1 15.3209 12.8558 10
159 2 1 15.3209 12.8558 10
160 1 1 15.3209 12.8558 10
161 2 1 15.3209 12.8558 10
162 2 1 15.3209 12.8558 10
163 2 1 15.3209 12.8558 10
164 2 1 15.3209 12.8558 10
165 2 1 15.3209 12.8558 10
166 2 1 15.3209 12.8558 10
167 2 1 15.3209 12.8558 10
168 2 1 15.3209 12.8558 10
169 2 1 15.3209 12.8558 10
170 2 1 15.3209 12.8558 10
171 2 1 15.3209 12.8558 10
172 2 1 15.3209 12.8558 10
173 2 1 15.3209 12.8558 10
174 2 1 15.3209 12.8558 10
175 2 1 15.3209 12.8558 10
176 2 1 15.3209 12.8558 10
177 2 1 15.3209 12.8558 10
178 2 1 15.3209 12.8558 10
179 2 1 15.3209 12.8558 10
180 2 1 15.3209 12.8558 10
181 2 1 22.9813 19.2836 11
182 1 1 22.9813 19.2836 11
183 2 1 22.9813 19.2836 11
184 2 1 22.9813 19.2836 11
185 2 1 22.9813 19.2836 11
186 2 1 22.9813 19.2836 11
187 1 1 22.9813 19.2836 11
188 2 1 22.9813 19.2836 11
189 2 1 22.9813 19.2836 11
190 2 1 22.9813 19.2836 11
191 2 1 22.9813 19.2836 11
192 2 1 22.9813 19.2836 11
193 2 1 22.9813 19.2836 11
194 2 1 22.9813 19.2836 11
195 1 1 22.9813 19.2836 11
196 2 1 22.9813 19.2836 11
197 2 1 22.9813 19.2836 11
198 1 1 22.9813 19.2836 11
199 2 1 22.9813 19.2836 11
200 2 1 22.9813 19.2836 11
201 2 1 22.9813 19.2836 11
202 2 1 22.9813 19.2836 11
203 2 1 22.9813 19.2836 11
204 2 1 22.9813 19.2836 11
205 1 1 22.9813 19.2836 11
206 2 1 22.9813 19.2836 11
207 2 1 22.9813 19.2836 11
208 2 1 22.9813 19.2836 11
209 2 1 22.9813 19.2836 11
210 2 1 22.9813 19.2836 11
211 2 1 30.6418 25.7115 12
212 1 1 30.6418 25.7115 12
213 2 1 30.6418 25.7115 12
214 2 1 30.6418 25.7115 12
215 1 1 30.6418 25.7115 12
216 2 1 30.6418 25.7115 12
217 2 1 30.6418 25.7115 12
218 1 1 30.6418 25.7115 12
219 2 1 30.6418 25.7115 12
220 2 1 30.6418 25.7115 12
221 2 1 30.6418 25.7115 12
222 2 1 30.6418 25.7115 12
223 1 1 30.6418 25.7115 12
224 1 1 30.6418 25.7115 12
225 2 1 30.6418 25.7115 12
226 1 1 30.6418 25.7115 12
227 2 1 30.6418 25.7115 12
228 2 1 30.6418 25.7115 12
229 2 1 30.6418 25.7115 12
230 2 1 30.6418 25.7115 12
231 1 1 30.6418 25.7115 12
232 2 1 30.6418 25.7115 12
233 1 1 30.6418 25.7115 12
234 2 1 30.6418 25.7115 12
235 2 1 30.6418 25.7115 12
236 2 1 30.6418 25.7115 12
237 2 1 30.6418 25.7115 12
238 2 1 30.6418 25.7115 12
239 2 1 30.6418 25.7115 12
240 1 1 30.6418 25.7115 12
241 4 1 5.0 8.6603 13
242 4 1 5.0 8.6603 13
243 2 1 5.0 8.6603 13
244 4 1 5.0 8.6603 13
245 4 1 5.0 8.6603 13
246 4 1 5.0 8.6603 13
247 4 1 5.0 8.6603 13
248 4 1 5.0 8.6603 13
249 4 1 5.0 8.6603 13
250 4 1 5.0 8.6603 13
251 2 1 10.0 17.3205 14
252 4 1 10.0 17.3205 14
253 4 1 10.0 17.3205 14
254 4 1 10.0 17.3205 14
255 2 1 10.0 17.3205 14
256 4 1 10.0 17.3205 14
257 4 1 10.0 17.3205 14
258 2 1 10.0 17.3205 14
259 4 1 10.0 17.3205 14
260 2 1 10.0 17.3205 14
261 4 1 15.0 25.9808 15
262 4 1 15.0 25.9808 15
263 4 1 15.0 25.9808 15
264 2 1 15.0 25.9808 15
265 4 1 15.0 25.9808 15
266 4 1 15.0 25.9808 15
267 2 1 15.0 25.9808 15
268 4 1 15.0 25.9808 15
269 4 1 15.0 25.9808 15
270 4 1 15.0 25.9808 15
271 4 1 20.0 34.641 16
272 4 1 20.0 34.641 16
273 4 1 20.0 34.641 16
274 4 1 20.0 34.641 16
275 4 1 20.0 34.641 16
276 4 1 20.0 34.641 16
277 4 1 20.0 34.641 16
278 4 1 20.0 34.641 16
279 2 1 20.0 34.641 16
280 4 1 20.0 34.641 16
281 4 1 1.7365 9.8481 17
282 4 1 1.7365 9.8481 17
283 4 1 1.7365 9.8481 17
284 1 1 1.7365 9.8481 17
285 4 1 1.7365 9.8481 17
286 4 1 1.7365 9.8481 17
287 1 1 1.7365 9.8481 17
288 4 1 1.7365 9.8481 17
289 4 1 1.7365 9.8481 17
290 4 1 1.7365 9.8481 17
291 4 1 1.7365 9.8481 17
292 4 1 1.7365 9.8481 17
293 4 1 1.7365 9.8481 17
294 4 1 1.7365 9.8481 17
295 4 1 1.7365 9.8481 17
296 4 1 1.7365 9.8481 17
297 1 1 1.7365 9.8481 17
298 4 1 1.7365 9.8481 17
299 4 1 1.7365 9.8481 17
300 4 1 1.7365 9.8481 17
301 4 1 3.473 19.6962 18
302 4 1 3.473 19.6962 18
303 1 1 3.473 19.6962 18
304 4 1 3.473 19.6962 18
305 4 1 3.473 19.6962 18
306 4 1 3.473 19.6962 18
307 1 1 3.473 19.6962 18
308 4 1 3.473 19.6962 18
309 1 1 3.473 19.6962 18
310 1 1 3.473 19.6962 18
311 4 1 3.473 19.6962 18
312 4 1 3.473 19.6962 18
313 4 1 3.473 19.6962 18
314 4 1 3.473 19.6962 18
315 1 1 3.473 19.6962 18
316 4 1 3.473 19.6962 18
317 4 1 3.473 19.6962 18
318 4 1 3.473 19.6962 18
319 4 1 3.473 19.6962 18
320 1 1 3.473 19.6962 18
321 4 1 5.2094 29.5442 19
322 4 1 5.2094 29.5442 19
323 4 1 5.2094 29.5442 19
324 4 1 5.2094 29.5442 19
325 4 1 5.2094 29.5442 19
326 1 1 5.2094 29.5442 19
327 4 1 5.2094 29.5442 19
328 4 1 5.2094 29.5442 19
329 4 1 5.2094 29.5442 19
330 4 1 5.2094 29.5442 19
331 4 1 5.2094 29.5442 19
332 4 1 5.2094 29.5442 19
333 1 1 5.2094 29.5442 19
334 1 1 5.2094 29.5442 19
335 4 1 5.2094 29.5442 19
336 4 1 5.2094 29.5442 19
337 4 1 5.2094 29.5442 19
338 4 1 5.2094 29.5442 19
339 4 1 5.2094 29.5442 19
340 4 1 5.2094 29.5442 19
341 4 1 6.9459 39.3923 20
342 4 1 6.9459 39.3923 20
343 4 1 6.9459 39.3923 20
344 4 1 6.9459 39.3923 20
345 4 1 6.9459 39.3923 20
346 4 1 6.9459 39.3923 20
347 4 1 6.9459 39.3923 20
348 4 1 6.9459 39.3923 20
349 4 1 6.9459 39.3923 20
350 4 1 6.9459 39.3923 20
351 4 1 6.9459 39.3923 20
352 4 1 6.9459 39.3923 20
353 4 1 6.9459 39.3923 20
354 4 1 6.9459 39.3923 20
355 1 1 6.9459 39.3923 20
356 4 1 6.9459 39.3923 20
357 4 1 6.9459 39.3923 20
358 1 1 6.9459 39.3923 20
359 4 1 6.9459 39.3923 20
360 4 1 6.9459 39.3923 20
361 2 1 -1.7365 9.8481 21
362 2 1 -1.7365 9.8481 21
363 2 1 -1.7365 9.8481 21
364 2 1 -1.7365 9.8481 21
365 1 1 -1.7365 9.8481 21
366 2 1 -1.7365 9.8481 21
367 1 1 -1.7365 9.8481 21
368 2 1 -1.7365 9.8481 21
369 2 1 -1.7365 9.8481 21
370 1 1 -1.7365 9.8481 21
371 1 1 -1.7365 9.8481 21
372 2 1 -1.7365 9.8481 21
373 2 1 -1.7365 9.8481 21
374 2 1 -1.7365 9.8481 21
375 2 1 -1.7365 9.8481 21
376 2 1 -1.7365 9.8481 21
377 2 1 -1.7365 9.8481 21
378 2 1 -1.7365 9.8481 21
379 2 1 -1.7365 9.8481 21
380 2 1 -1.7365 9.8481 21
381 2 1 -1.7365 9.8481 21
382 2 1 -1.7365 9.8481 21
383 2 1 -1.7365 9.8481 21
384 2 1 -1.7365 9.8481 21
385 2 1 -1.7365 9.8481 21
386 1 1 -1.7365 9.8481 21
387 2 1 -1.7365 9.8481 21
388 2 1 -1.7365 9.8481 21
389 2 1 -1.7365 9.8481 21
390 2 1 -1.7365 9.8481 21
391 2 1 -3.473 19.6962 22
392 2 1 -3.473 19.6962 22
393 2 1 -3.473 19.6962 22
394 2 1 -3.473 19.6962 22
395 2 1 -3.473 19.6962 22
396 2 1 -3.473 19.6962 22
397 2 1 -3.473 19.6962 22
398 2 1 -3.473 19.6962 22
399 1 1 -3.473 19.6962 22
400 2 1 -3.473 19.6962 22
401 2 1 -3.473 19.6962 22
402 1 1 -3.473 19.6962 22
403 2 1 -3.473 19.6962 22
404 2 1 -3.473 19.6962 22
405 2 1 -3.473 19.6962 22
406 2 1 -3.473 19.6962 22
407 2 1 -3.473 19.6962 22
408 2 1 -3.473 19.6962 22
409 1 1 -3.473 19.6962 22
410 2 1 -3.473 19.6962 22
411 2 1 -3.473 19.6962 22
412 2 1 -3.473 19.6962 22
413 2 1 -3.473 19.6962 22
414 2 1 -3.473 19.6962 22
415 2 1 -3.473 19.6962 22
416 2 1 -3.473 19.6962 22
417 2 1 -3.473 19.6962 22
418 2 1 -3.473 19.6962 22
419 2 1 -3.473 19.6962 22
420 2 1 -3.473 19.6962 22
421 2 1 -5.2094 29.5442 23
422 1 1 -5.2094 29.5442 23
423 2 1 -5.2094 29.5442 23
424 2 1 -5.2094 29.5442 23
425 2 1 -5.2094 29.5442 23
426 2 1 -5.2094 29.5442 23
427 2 1 -5.2094 29.5442 23
428 1 1 -5.2094 29.5442 23
429 2 1 -5.2094 29.5442 23
430 1 1 -5.2094 29.5442 23
431 2 1 -5.2094 29.5442 23
432 2 1 -5.2094 29.5442 23
433 2 1 -5.2094 29.5442 23
434 2 1 -5.2094 29.5442 23
435 2 1 -5.2094 29.5442 23
436 2 1 -5.2094 29.5442 23
437 1 1 -5.2094 29.5442 23
438 2 1 -5.2094 29.5442 23
439 2 1 -5.2094 29.5442 23
440 2 1 -5.2094 29.5442 23
441 2 1 -5.2094 29.5442 23
442 1 1 -5.2094 29.5442 23
443 2 1 -5.2094 29.5442 23
444 2 1 -5.2094 29.5442 23
445 2 1 -5.2094 29.5442 23
446 2 1 -5.2094 29.5442 23
447 2 1 -5.2094 29.5442 23
448 2 1 -5.2094 29.5442 23
449 2 1 -5.2094 29.5442 23
450 2 1 -5.2094 29.5442 23
451 1 1 -6.9459 39.3923 24
452 2 1 -6.9459 39.3923 24
453 2 1 -6.9459 39.3923 24
454 2 1 -6.9459 39.3923 24
455 2 1 -6.9459 39.3923 24
456 2 1 -6.9459 39.3923 24
457 1 1 -6.9459 39.3923 24
458 2 1 -6.9459 39.3923 24
459 2 1 -6.9459 39.3923 24
460 1 1 -6.9459 39.3923 24
461 2 1 -6.9459 39.3923 24
462 1 1 -6.9459 39.3923 24
463 2 1 -6.9459 39.3923 24
464 2 1 -6.9459 39.3923 24
465 2 1 -6.9459 39.3923 24
466 1 1 -6.9459 39.3923 24
467 2 1 -6.9459 39.3923 24
468 1 1 -6.9459 39.3923 24
469 1 1 -6.9459 39.3923 24
470 2 1 -6.9459 39.3923 24
471 2 1 -6.9459 39.3923 24
472 1 1 -6.9459 39.3923 24
473 1 1 -6.9459 39.3923 24
474 1 1 -6.9459 39.3923 24
475 2 1 -6.9459 39.3923 24
476 2 1 -6.9459 39.3923 24
477 1 1 -6.9459 39.3923 24
478 2 1 -6.9459 39.3923 24
479 1 1 -6.9459 39.3923 24
480 1 1 -6.9459 39.3923 24
481 4 1 -5.0 8.6603 25
482 4 1 -5.0 8.6603 25
483 4 1 -5.0 8.6603 25
484 2 1 -5.0 8.6603 25
485 4 1 -5.0 8.6603 25
486 4 1 -5.0 8.6603 25
487 4 1 -5.0 8.6603 25
488 4 1 -5.0 8.6603 25
489 4 1 -5.0 8.6603 25
490 4 1 -5.0 8.6603 25
491 2 1 -10.0 17.3205 26
492 4 1 -10.0 17.3205 26
493 4 1 -10.0 17.3205 26
494 4 1 -10.0 17.3205 26
495 4 1 -10.0 17.3205 26
496 4 1 -10.0 17.3205 26
497 4 1 -10.0 17.3205 26
498 4 1 -10.0 17.3205 26
499 2 1 -10.0 17.3205 26
500 4 1 -10.0 17.3205 26
501 2 1 -15.0 25.9808 27
502 4 1 -15.0 25.9808 27
503 2 1 -15.0 25.9808 27
504 4 1 -15.0 25.9808 27
505 4 1 -15.0 25.9808 27
506 4 1 -15.0 25.9808 27
507 4 1 -15.0 25.9808 27
508 4 1 -15.0 25.9808 27
509 4 1 -15.0 25.9808 27
510 2 1 -15.0 25.9808 27
511 4 1 -20.0 34.641 28
512 4 1 -20.0 34.641 28
513 4 1 -20.0 34.641 28
514 4 1 -20.0 34.641 28
515 4 1 -20.0 34.641 28
516 4 1 -20.0 34.641 28
517 4 1 -20.0 34.641 28
518 4 1 -20.0 34.641 28
519 4 1 -20.0 34.641 28
520 4 1 -20.0 34.641 28
521 4 1 -7.6604 6.4279 29
522 4 1 -7.6604 6.4279 29
523 4 1 -7.6604 6.4279 29
524 4 1 -7.6604 6.4279 29
525 4 1 -7.6604 6.4279 29
526 4 1 -7.6604 6.4279 29
527 4 1 -7.6604 6.4279 29
528 4 1 -7.6604 6.4279 29
529 4 1 -7.6604 6.4279 29
530 1 1 -7.6604 6.4279 29
531 4 1 -7.6604 6.4279 29
532 1 1 -7.6604 6.4279 29
533 4 1 -7.6604 6.4279 29
534 4 1 -7.6604 6.4279 29
535 1 1 -7.6604 6.4279 29
536 4 1 -7.6604 6.4279 29
537 4 1 -7.6604 6.4279 29
538 4 1 -7.6604 6.4279 29
539 4 1 -7.6604 6.4279 29
540 4 1 -7.6604 6.4279 29
541 4 1 -15.3209 12.8558 30
542 4 1 -15.3209 12.8558 30
543 4 1 -15.3209 12.8558 30
544 1 1 -15.3209 12.8558 30
545 4 1 -15.3209 12.8558 30
546 4 1 -15.3209 12.8558 30
547 4 1 -15.3209 12.8558 30
548 4 1 -15.3209 12.8558 30
549 4 1 -15.3209 12.8558 30
550 1 1 -15.3209 12.8558 30
551 4 1 -15.3209 12.8558 30
552 4 1 -15.3209 12.8558 30
553 1 1 -15.3209 12.8558 30
554 1 1 -15.3209 12.8558 30
555 1 1 -15.3209 12.8558 30
556 4 1 -15.3209 12.8558 30
557 4 1 -15.3209 12.8558 30
558 1 1 -15.3209 12.8558 30
559 4 1 -15.3209 12.8558 30
560 4 1 -15.3209 12.8558 30
561 4 1 -22.9813 19.2836 31
562 1 1 -22.9813 19.2836 31
563 4 1 -22.9813 19.2836 31
564 4 1 -22.9813 19.2836 31
565 4 1 -22.9813 19.2836 31
566 1 1 -22.9813 19.2836 31
567 4 1 -22.9813 19.2836 31
568 4 1 -22.9813 19.2836 31
569 4 1 -22.9813 19.2836 31
570 4 1 -22.9813 19.2836 31
571 4 1 -22.9813 19.2836 31
572 1 1 -22.9813 19.2836 31
573 4 1 -22.9813 19.2836 31
574 4 1 -22.9813 19.2836 31
575 4 1 -22.9813 19.2836 31
576 4 1 -22.9813 19.2836 31
577 4 1 -22.9813 19.2836 31
578 4 1 -22.9813 19.2836 31
579 4 1 -22.9813 19.2836 31
580 4 1 -22.9813 19.2836 31
581 4 1 -30.6418 25.7115 32
582 1 1 -30.6418 25.7115 32
583 4 1 -30.6418 25.7115 32
584 1 1 -30.6418 25.7115 32
585 4 1 -30.6418 25.7115 32
586 4 1 -30.6418 25.7115 32
587 4 1 -30.6418 25.7115 32
588 4 1 -30.6418 25.7115 32
589 1 1 -30.6418 25.7115 32
590 4 1 -30.6418 25.7115 32
591 1 1 -30.6418 25.7115 32
592 4 1 -30.6418 25.7115 32
593 4 1 -30.6418 25.7115 32
594 4 1 -30.6418 25.7115 32
595 4 1 -30.6418 25.7115 32
596 1 1 -30.6418 25.7115 32
597 4 1 -30.6418 25.7115 32
598 4 1 -30.6418 25.7115 32
599 4 1 -30.6418 25.7115 32
600 4 1 -30.6418 25.7115 32
601 2 1 -9.3969 3.4202 33
602 1 1 -9.3969 3.4202 33
603 2 1 -9.3969 3.4202 33
604 2 1 -9.3969 3.4202 33
605 1 1 -9.3969 3.4202 33
606 2 1 -9.3969 3.4202 33
607 2 1 -9.3969 3.4202 33
608 2 1 -9.3969 3.4202 33
609 1 1 -9.3969 3.4202 33
610 2 1 -9.3969 3.4202 33
611 1 1 -9.3969 3.4202 33
612 2 1 -9.3969 3.4202 33
613 2 1 -9.3969 3.4202 33
614 2 1 -9.3969 3.4202 33
615 2 1 -9.3969 3.4202 33
616 2 1 -9.3969 3.4202 33
617 2 1 -9.3969 3.4202 33
618 2 1 -9.3969 3.4202 33
619 2 1 -9.3969 3.4202 33
620 2 1 -9.3969 3.4202 33
621 1 1 -9.3969 3.4202 33
622 2 1 -9.3969 3.4202 33
623 2 1 -9.3969 3.4202 33
624 2 1 -9.3969 3.4202 33
625 2 1 -9.3969 3.4202 33
626 2 1 -9.3969 3.4202 33
627 2 1 -9.3969 3.4202 33
628 1 1 -9.3969 3.4202 33
629 1 1 -9.3969 3.4202 33
630 1 1 -9.3969 3.4202 33
631 2 1 -18.7939 6.8404 34
632 2 1 -18.7939 6.8404 34
633 2 1 -18.7939 6.8404 34
634 1 1 -18.7939 6.8404 34
635 2 1 -18.7939 6.8404 34
636 2 1 -18.7939 6.8404 34
637 2 1 -18.7939 6.8404 34
638 2 1 -18.7939 6.8404 34
639 1 1 -18.7939 6.8404 34
640 2 1 -18.7939 6.8404 34
641 2 1 -18.7939 6.8404 34
642 2 1 -18.7939 6.8404 34
643 1 1 -18.7939 6.8404 34
644 2 1 -18.7939 6.8404 34
645 2 1 -18.7939 6.8404 34
646 2 1 -18.7939 6.8404 34
647 2 1 -18.7939 6.8404 34
648 2 1 -18.7939 6.8404 34
649 2 1 -18.7939 6.8404 34
650 1 1 -18.7939 6.8404 34
651 2 1 -18.7939 6.8404 34
652 1 1 -18.7939 6.8404 34
653 2 1 -18.7939 6.8404 34
654 2 1 -18.7939 6.8404 34
655 2 1 -18.7939 6.8404 34
656 2 1 -18.7939 6.8404 34
657 2 1 -18.7939 6.8404 34
658 2 1 -18.7939 6.8404 34
659 1 1 -18.7939 6.8404 34
660 1 1 -18.7939 6.8404 34
661 2 1 -28.1908 10.2606 35
662 2 1 -28.1908 10.2606 35
663 2 1 -28.1908 10.2606 35
664 1 1 -28.1908 10.2606 35
665 2 1 -28.1908 10.2606 35
666 2 1 -28.1908 10.2606 35
667 2 1 -28.1908 10.2606 35
668 2 1 -28.1908 10.2606 35
669 1 1 -28.1908 10.2606 35
670 2 1 -28.1908 10.2606 35
671 2 1 -28.1908 10.2606 35
672 1 1 -28.1908 10.2606 35
673 2 1 -28.1908 10.2606 35
674 2 1 -28.1908 10.2606 35
675 1 1 -28.1908 10.2606 35
676 2 1 -28.1908 10.2606 35
677 1 1 -28.1908 10.2606 35
678 2 1 -28.1908 10.2606 35
679 1 1 -28.1908 10.2606 35
680 2 1 -28.1908 10.2606 35
681 2 1 -28.1908 10.2606 35
682 2 1 -28.1908 10.2606 35
683 2 1 -28.1908 10.2606 35
684 2 1 -28.1908 10.2606 35
685 2 1 -28.1908 10.2606 35
686 2 1 -28.1908 10.2606 35
687 2 1 -28.1908 10.2606 35
688 2 1 -28.1908 10.2606 35
689 2 1 -28.1908 10.2606 35
690 2 1 -28.1908 10.2606 35
691 2 1 -37.5877 13.6808 36
692 2 1 -37.5877 13.6808 36
693 1 1 -37.5877 13.6808 36
694 2 1 -37.5877 13.6808 36
695 2 1 -37.5877 13.6808 36
696 1 1 -37.5877 13.6808 36
697 2 1 -37.5877 13.6808 36
698 2 1 -37.5877 13.6808 36
699 2 1 -37.5877 13.6808 36
700 2 1 -37.5877 13.6808 36
701 1 1 -37.5877 13.6808 36
702 2 1 -37.5877 13.6808 36
703 2 1 -37.5877 13.6808 36
704 2 1 -37.5877 13.6808 36
705 2 1 -37.5877 13.6808 36
706 2 1 -37.5877 13.6808 36
707 2 1 -37.5877 13.6808 36
708 2 1 -37.5877 13.6808 36
709 2 1 -37.5877 13.6808 36
710 2 1 -37.5877 13.6808 36
711 2 1 -37.5877 13.6808 36
712 2 1 -37.5877 13.6808 36
713 2 1 -37.5877 13.6808 36
714 1 1 -37.5877 13.6808 36
715 2 1 -37.5877 13.6808 36
716 2 1 -37.5877 13.6808 36
717 2 1 -37.5877 13.6808 36
718 2 1 -37.5877 13.6808 36
719 2 1 -37.5877 13.6808 36
720 1 1 -37.5877 13.6808 36
721 4 1 -10.0 0.0 37
722 4 1 -10.0 0.0 37
723 4 1 -10.0 0.0 37
724 4 1 -10.0 0.0 37
725 4 1 -10.0 0.0 37
726 4 1 -10.0 0.0 37
727 4 1 -10.0 0.0 37
728 4 1 -10.0 0.0 37
729 4 1 -10.0 0.0 37
730 4 1 -10.0 0.0 37
731 4 1 -20.0 0.0 38
732 2 1 -20.0 0.0 38
733 4 1 -20.0 0.0 38
734 4 1 -20.0 0.0 38
735 4 1 -20.0 0.0 38
736 4 1 -20.0 0.0 38
737 4 1 -20.0 0.0 38
738 4 1 -20.0 0.0 38
739 2 1 -20.0 0.0 38
740 2 1 -20.0 0.0 38
741 4 1 -30.0 0.0 39
742 4 1 -30.0 0.0 39
743 4 1 -30.0 0.0 39
744 4 1 -30.0 0.0 39
745 4 1 -30.0 0.0 39
746 4 1 -30.0 0.0 39
747 4 1 -30.0 0.0 39
748 4 1 -30.0 0.0 39
749 2 1 -30.0 0.0 39
750 2 1 -30.0 0.0 39
751 4 1 -40.0 0.0 40
752 2 1 -40.0 0.0 40
753 4 1 -40.0 0.0 40
754 4 1 -40.0 0.0 40
755 4 1 -40.0 0.0 40
756 2 1 -40.0 0.0 40
757 2 1 -40.0 0.0 40
758 4 1 -40.0 0.0 40
759 2 1 -40.0 0.0 40
760 2 1 -40.0 0.0 40
761 4 1 -9.3969 -3.4202 41
762 4 1 -9.3969 -3.4202 41
763 4 1 -9.3969 -3.4202 41
764 4 1 -9.3969 -3.4202 41
765 4 1 -9.3969 -3.4202 41
766 4 1 -9.3969 -3.4202 41
767 4 1 -9.3969 -3.4202 41
768 1 1 -9.3969 -3.4202 41
769 4 1 -9.3969 -3.4202 41
770 4 1 -9.3969 -3.4202 41
771 4 1 -9.3969 -3.4202 41
772 4 1 -9.3969 -3.4202 41
773 4 1 -9.3969 -3.4202 41
774 4 1 -9.3969 -3.4202 41
775 4 1 -9.3969 -3.4202 41
776 4 1 -9.3969 -3.4202 41
777 4 1 -9.3969 -3.4202 41
778 4 1 -9.3969 -3.4202 41
779 1 1 -9.3969 -3.4202 41
780 4 1 -9.3969 -3.4202 41
781 4 1 -18.7939 -6.8404 42
782 4 1 -18.7939 -6.8404 42
783 4 1 -18.7939 -6.8404 42
784 4 1 -18.7939 -6.8404 42
785 4 1 -18.7939 -6.8404 42
786 1 1 -18.7939 -6.8404 42
787 4 1 -18.7939 -6.8404 42
788 4 1 -18.7939 -6.8404 42
789 4 1 -18.7939 -6.8404 42
790 4 1 -18.7939 -6.8404 42
791 4 1 -18.7939 -6.8404 42
792 4 1 -18.7939 -6.8404 42
793 1 1 -18.7939 -6.8404 42
794 4 1 -18.7939 -6.8404 42
795 1 1 -18.7939 -6.8404 42
796 4 1 -18.7939 -6.8404 42
797 4 1 -18.7939 -6.8404 42
798 4 1 -18.7939 -6.8404 42
799 4 1 -18.7939 -6.8404 42
800 4 1 -18.7939 -6.8404 42
801 4 1 -28.1908 -10.2606 43
802 4 1 -28.1908 -10.2606 43
803 4 1 -28.1908 -10.2606 43
804 4 1 -28.1908 -10.2606 43
805 4 1 -28.1908 -10.2606 43
806 4 1 -28.1908 -10.2606 43
807 4 1 -28.1908 -10.2606 43
808 1 1 -28.1908 -10.2606 43
809 4 1 -28.1908 -10.2606 43
810 4 1 -28.1908 -10.2606 43
811 1 1 -28.1908 -10.2606 43
812 1 1 -28.1908 -10.2606 43
813 4 1 -28.1908 -10.2606 43
814 4 1 -28.1908 -10.2606 43
815 4 1 -28.1908 -10.2606 43
816 4 1 -28.1908 -10.2606 43
817 4 1 -28.1908 -10.2606 43
818 4 1 -28.1908 -10.2606 43
819 1 1 -28.1908 -10.2606 43
820 1 1 -28.1908 -10.2606 43
821 4 1 -37.5877 -13.6808 44
822 4 1 -37.5877 -13.6808 44
823 4 1 -37.5877 -13.6808 44
824 4 1 -37.5877 -13.6808 44
825 4 1 -37.5877 -13.6808 44
826 4 1 -37.5877 -13.6808 44
827 4 1 -37.5877 -13.6808 44
828 4 1 -37.5877 -13.6808 44
829 1 1 -37.5877 -13.6808 44
830 4 1 -37.5877 -13.6808 44
831 4 1 -37.5877 -13.6808 44
832 4 1 -37.5877 -13.6808 44
833 1 1 -37.5877 -13.6808 44
834 4 1 -37.5877 -13.6808 44
835 4 1 -37.5877 -13.6808 44
836 4 1 -37.5877 -13.6808 44
837 1 1 -37.5877 -13.6808 44
838 1 1 -37.5877 -13.6808 44
839 4 1 -37.5877 -13.6808 44
840 4 1 -37.5877 -13.6808 44
841 2 1 -7.6604 -6.4279 45
842 2 1 -7.6604 -6.4279 45
843 2 1 -7.6604 -6.4279 45
844 1 1 -7.6604 -6.4279 45
845 2 1 -7.6604 -6.4279 45
846 2 1 -7.6604 -6.4279 45
847 2 1 -7.6604 -6.4279 45
848 1 1 -7.6604 -6.4279 45
849 2 1 -7.6604 -6.4279 45
850 2 1 -7.6604 -6.4279 45
851 2 1 -7.6604 -6.4279 45
852 2 1 -7.6604 -6.4279 45
853 2 1 -7.6604 -6.4279 45
854 1 1 -7.6604 -6.4279 45
855 2 1 -7.6604 -6.4279 45
856 1 1 -7.6604 -6.4279 45
857 1 1 -7.6604 -6.4279 45
858 2 1 -7.6604 -6.4279 45
859 2 1 -7.6604 -6.4279 45
860 2 1 -7.6604 -6.4279 45
861 2 1 -7.6604 -6.4279 45
862 2 1 -7.6604 -6.4279 45
863 2 1 -7.6604 -6.4279 45
864 2 1 -7.6604 -6.4279 45
865 1 1 -7.6604 -6.4279 45
866 2 1 -7.6604 -6.4279 45
867 2 1 -7.6604 -6.4279 45
868 2 1 -7.6604 -6.4279 45
869 2 1 -7.6604 -6.4279 45
870 2 1 -7.6604 -6.4279 45
871 1 1 -15.3209 -12.8558 46
872 2 1 -15.3209 -12.8558 46
873 2 1 -15.3209 -12.8558 46
874 2 1 -15.3209 -12.8558 46
875 2 1 -15.3209 -12.8558 46
876 2 1 -15.3209 -12.8558 46
877 2 1 -15.3209 -12.8558 46
878 2 1 -15.3209 -12.8558 46
879 2 1 -15.3209 -12.8558 46
880 2 1 -15.3209 -12.8558 46
881 2 1 -15.3209 -12.8558 46
882 2 1 -15.3209 -12.8558 46
883 1 1 -15.3209 -12.8558 46
884 2 1 -15.3209 -12.8558 46
885 2 1 -15.3209 -12.8558 46
886 2 1 -15.3209 -12.8558 46
887 2 1 -15.3209 -12.8558 46
888 2 1 -15.3209 -12.8558 46
889 2 1 -15.3209 -12.8558 46
890 1 1 -15.3209 -12.8558 46
891 2 1 -15.3209 -12.8558 46
892 2 1 -15.3209 -12.8558 46
893 2 1 -15.3209 -12.8558 46
894 2 1 -15.3209 -12.8558 46
895 2 1 -15.3209 -12.8558 46
896 2 1 -15.3209 -12.8558 46
897 1 1 -15.3209 -12.8558 46
898 2 1 -15.3209 -12.8558 46
899 2 1 -15.3209 -12.8558 46
900 2 1 -15.3209 -12.8558 46
901 2 1 -22.9813 -19.2836 47
902 1 1 -22.9813 -19.2836 47
903 2 1 -22.9813 -19.2836 47
904 2 1 -22.9813 -19.2836 47
905 1 1 -22.9813 -19.2836 47
906 2 1 -22.9813 -19.2836 47
907 1 1 -22.9813 -19.2836 47
908 2 1 -22.9813 -19.2836 47
909 1 1 -22.9813 -19.2836 47
910 2 1 -22.9813 -19.2836 47
911 2 1 -22.9813 -19.2836 47
912 1 1 -22.9813 -19.2836 47
913 2 1 -22.9813 -19.2836 47
914 2 1 -22.9813 -19.2836 47
915 2 1 -22.9813 -19.2836 47
916 2 1 -22.9813 -19.2836 47
917 2 1 -22.9813 -19.2836 47
918 2 1 -22.9813 -19.2836 47
919 2 1 -22.9813 -19.2836 47
920 2 1 -22.9813 -19.2836 47
921 2 1 -22.9813 -19.2836 47
922 2 1 -22.9813 -19.2836 47
923 2 1 -22.9813 -19.2836 47
924 2 1 -22.9813 -19.2836 47
925 2 1 -22.9813 -19.2836 47
926 2 1 -22.9813 -19.2836 47
927 1 1 -22.9813 -19.2836 47
928 2 1 -22.9813 -19.2836 47
929 2 1 -22.9813 -19.2836 47
930 2 1 -22.9813 -19.2836 47
931 2 1 -30.6418 -25.7115 48
932 2 1 -30.6418 -25.7115 48
933 2 1 -30.6418 -25.7115 48
934 1 1 -30.6418 -25.7115 48
935 2 1 -30.6418 -25.7115 48
936 2 1 -30.6418 -25.7115 48
937 2 1 -30.6418 -25.7115 48
938 2 1 -30.6418 -25.7115 48
939 2 1 -30.6418 -25.7115 48
940 2 1 -30.6418 -25.7115 48
941 2 1 -30.6418 -25.7115 48
942 2 1 -30.6418 -25.7115 48
943 2 1 -30.6418 -25.7115 48
944 1 1 -30.6418 -25.7115 48
945 2 1 -30.6418 -25.7115 48
946 2 1 -30.6418 -25.7115 48
947 2 1 -30.6418 -25.7115 48
948 2 1 -30.6418 -25.7115 48
949 2 1 -30.6418 -25.7115 48
950 1 1 -30.6418 -25.7115 48
951 1 1 -30.6418 -25.7115 48
952 2 1 -30.6418 -25.7115 48
953 2 1 -30.6418 -25.7115 48
954 2 1 -30.6418 -25.7115 48
955 1 1 -30.6418 -25.7115 48
956 2 1 -30.6418 -25.7115 48
957 2 1 -30.6418 -25.7115 48
958 1 1 -30.6418 -25.7115 48
959 2 1 -30.6418 -25.7115 48
960 2 1 -30.6418 -25.7115 48
961 4 1 -5.0 -8.6603 49
962 4 1 -5.0 -8.6603 49
963 4 1 -5.0 -8.6603 49
964 4 1 -5.0 -8.6603 49
965 4 1 -5.0 -8.6603 49
966 4 1 -5.0 -8.6603 49
967 2 1 -5.0 -8.6603 49
968 4 1 -5.0 -8.6603 49
969 4 1 -5.0 -8.6603 49
970 4 1 -5.0 -8.6603 49
971 2 1 -10.0 -17.3205 50
972 4 1 -10.0 -17.3205 50
973 4 1 -10.0 -17.3205 50
974 4 1 -10.0 -17.3205 50
975 4 1 -10.0 -17.3205 50
976 4 1 -10.0 -17.3205 50
977 4 1 -10.0 -17.3205 50
978 2 1 -10.0 -17.3205 50
979 2 1 -10.0 -17.3205 50
980 4 1 -10.0 -17.3205 50
981 4 1 -15.0 -25.9808 51
982 4 1 -15.0 -25.9808 51
983 4 1 -15.0 -25.9808 51
984 2 1 -15.0 -25.9808 51
985 4 1 -15.0 -25.9808 51
986 4 1 -15.0 -25.9808 51
987 4 1 -15.0 -25.9808 51
988 4 1 -15.0 -25.9808 51
989 4 1 -15.0 -25.9808 51
990 4 1 -15.0 -25.9808 51
991 4 1 -20.0 -34.641 52
992 4 1 -20.0 -34.641 52
993 2 1 -20.0 -34.641 52
994 4 1 -20.0 -34.641 52
995 4 1 -20.0 -34.641 52
996 4 1 -20.0 -34.641 52
997 4 1 -20.0 -34.641 52
998 4 1 -20.0 -34.641 52
999 4 1 -20.0 -34.641 52
1000 4 1 -20.0 -34.641 52
1001 4 1 -1.7365 -9.8481 53
1002 4 1 -1.7365 -9.8481 53
1003 4 1 -1.7365 -9.8481 53
1004 4 1 -1.7365 -9.8481 53
1005 4 1 -1.7365 -9.8481 53
1006 4 1 -1.7365 -9.8481 53
1007 4 1 -1.7365 -9.8481 53
1008 1 1 -1.7365 -9.8481 53
1009 4 1 -1.7365 -9.8481 53
1010 4 1 -1.7365 -9.8481 53
1011 4 1 -1.7365 -9.8481 53
1012 1 1 -1.7365 -9.8481 53
1013 4 1 -1.7365 -9.8481 53
1014 4 1 -1.7365 -9.8481 53
1015 4 1 -1.7365 -9.8481 53
1016 4 1 -1.7365 -9.8481 53
1017 4 1 -1.7365 -9.8481 53
1018 4 1 -1.7365 -9.8481 53
1019 4 1 -1.7365 -9.8481 53
1020 1 1 -1.7365 -9.8481 53
1021 4 1 -3.473 -19.6962 54
1022 4 1 -3.473 -19.6962 54
1023 1 1 -3.473 -19.6962 54
1024 4 1 -3.473 -19.6962 54
1025 4 1 -3.473 -19.6962 54
1026 4 1 -3.473 -19.6962 54
1027 1 1 -3.473 -19.6962 54
1028 4 1 -3.473 -19.6962 54
1029 4 1 -3.473 -19.6962 54
1030 1 1 -3.473 -19.6962 54
1031 4 1 -3.473 -19.6962 54
1032 4 1 -3.473 -19.6962 54
1033 4 1 -3.473 -19.6962 54
1034 4 1 -3.473 -19.6962 54
1035 1 1 -3.473 -19.6962 54
1036 4 1 -3.473 -19.6962 54
1037 4 1 -3.473 -19.6962 54
1038 4 1 -3.473 -19.6962 54
1039 1 1 -3.473 -19.6962 54
1040 4 1 -3.473 -19.6962 54
1041 4 1 -5.2094 -29.5442 55
1042 4 1 -5.2094 -29.5442 55
1043 4 1 -5.2094 -29.5442 55
1044 4 1 -5.2094 -29.5442 55
1045 4 1 -5.2094 -29.5442 55
1046 4 1 -5.2094 -29.5442 55
1047 4 1 -5.2094 -29.5442 55
1048 4 1 -5.2094 -29.5442 55
1049 1 1 -5.2094 -29.5442 55
1050 1 1 -5.2094 -29.5442 55
1051 4 1 -5.2094 -29.5442 55
1052 1 1 -5.2094 -29.5442 55
1053 4 1 -5.2094 -29.5442 55
1054 4 1 -5.2094 -29.5442 55
1055 4 1 -5.2094 -29.5442 55
1056 4 1 -5.2094 -29.5442 55
1057 4 1 -5.2094 -29.5442 55
1058 4 1 -5.2094 -29.5442 55
1059 1 1 -5.2094 -29.5442 55
1060 4 1 -5.2094 -29.5442 55
1061 4 1 -6.9459 -39.3923 56
1062 1 1 -6.9459 -39.3923 56
1063 4 1 -6.9459 -39.3923 56
1064 4 1 -6.9459 -39.3923 56
1065 4 1 -6.9459 -39.3923 56
1066 4 1 -6.9459 -39.3923 56
1067 4 1 -6.9459 -39.3923 56
1068 4 1 -6.9459 -39.3923 56
1069 4 1 -6.9459 -39.3923 56
1070 4 1 -6.9459 -39.3923 56
1071 4 1 -6.9459 -39.3923 56
1072 1 1 -6.9459 -39.3923 56
1073 4 1 -6.9459 -39.3923 56
1074 4 1 -6.9459 -39.3923 56
1075 4 1 -6.9459 -39.3923 56
1076 1 1 -6.9459 -39.3923 56
1077 4 1 -6.9459 -39.3923 56
1078 4 1 -6.9459 -39.3923 56
1079 4 1 -6.9459 -39.3923 56
1080 4 1 -6.9459 -39.3923 56
1081 2 1 1.7365 -9.8481 57
1082 2 1 1.7365 -9.8481 57
1083 2 1 1.7365 -9.8481 57
1084 2 1 1.7365 -9.8481 57
1085 2 1 1.7365 -9.8481 57
1086 1 1 1.7365 -9.8481 57
1087 2 1 1.7365 -9.8481 57
1088 2 1 1.7365 -9.8481 57
1089 2 1 1.7365 -9.8481 57
1090 1 1 1.7365 -9.8481 57
1091 2 1 1.7365 -9.8481 57
1092 2 1 1.7365 -9.8481 57
1093 2 1 1.7365 -9.8481 57
1094 2 1 1.7365 -9.8481 57
1095 1 1 1.7365 -9.8481 57
1096 2 1 1.7365 -9.8481 57
1097 2 1 1.7365 -9.8481 57
1098 2 1 1.7365 -9.8481 57
1099 2 1 1.7365 -9.8481 57
1100 2 1 1.7365 -9.8481 57
1101 2 1 1.7365 -9.8481 57
1102 2 1 1.7365 -9.8481 57
1103 2 1 1.7365 -9.8481 57
1104 2 1 1.7365 -9.8481 57
1105 2 1 1.7365 -9.8481 57
1106 2 1 1.7365 -9.8481 57
1107 2 1 1.7365 -9.8481 57
1108 1 1 1.7365 -9.8481 57
1109 2 1 1.7365 -9.8481 57
1110 2 1 1.7365 -9.8481 57
1111 2 1 3.473 -19.6962 58
1112 2 1 3.473 -19.6962 58
1113 2 1 3.473 -19.6962 58
1114 2 1 3.473 -19.6962 58
1115 1 1 3.473 -19.6962 58
1116 2 1 3.473 -19.6962 58
1117 2 1 3.473 -19.6962 58
1118 2 1 3.473 -19.6962 58
1119 2 1 3.473 -19.6962 58
1120 2 1 3.473 -19.6962 58
1121 2 1 3.473 -19.6962 58
1122 2 1 3.473 -19.6962 58
1123 2 1 3.473 -19.6962 58
1124 2 1 3.473 -19.6962 58
1125 2 1 3.473 -19.6962 58
1126 2 1 3.473 -19.6962 58
1127 2 1 3.473 -19.6962 58
1128 2 1 3.473 -19.6962 58
1129 1 1 3.473 -19.6962 58
1130 2 1 3.473 -19.6962 58
1131 2 1 3.473 -19.6962 58
1132 2 1 3.473 -19.6962 58
1133 2 1 3.473 -19.6962 58
1134 2 1 3.473 -19.6962 58
1135 2 1 3.473 -19.6962 58
1136 2 1 3.473 -19.6962 58
1137 2 1 3.473 -19.6962 58
1138 2 1 3.473 -19.6962 58
1139 2 1 3.473 -19.6962 58
1140 1 1 3.473 -19.6962 58
1141 2 1 5.2094 -29.5442 59
1142 1 1 5.2094 -29.5442 59
1143 2 1 5.2094 -29.5442 59
1144 2 1 5.2094 -29.5442 59
1145 2 1 5.2094 -29.5442 59
1146 2 1 5.2094 -29.5442 59
1147 2 1 5.2094 -29.5442 59
1148 1 1 5.2094 -29.5442 59
1149 2 1 5.2094 -29.5442 59
1150 2 1 5.2094 -29.5442 59
1151 2 1 5.2094 -29.5442 59
1152 2 1 5.2094 -29.5442 59
1153 2 1 5.2094 -29.5442 59
1154 2 1 5.2094 -29.5442 59
1155 2 1 5.2094 -29.5442 59
1156 2 1 5.2094 -29.5442 59
1157 2 1 5.2094 -29.5442 59
1158 2 1 5.2094 -29.5442 59
1159 1 1 5.2094 -29.5442 59
1160 1 1 5.2094 -29.5442 59
1161 2 1 5.2094 -29.5442 59
1162 2 1 5.2094 -29.5442 59
1163 2 1 5.2094 -29.5442 59
1164 2 1 5.2094 -29.5442 59
1165 2 1 5.2094 -29.5442 59
1166 1 1 5.2094 -29.5442 59
1167 2 1 5.2094 -29.5442 59
1168 2 1 5.2094 -29.5442 59
1169 2 1 5.2094 -29.5442 59
1170 2 1 5.2094 -29.5442 59
1171 2 1 6.9459 -39.3923 60
1172 2 1 6.9459 -39.3923 60
1173 2 1 6.9459 -39.3923 60
1174 2 1 6.9459 -39.3923 60
1175 1 1 6.9459 -39.3923 60
1176 2 1 6.9459 -39.3923 60
1177 2 1 6.9459 -39.3923 60
1178 2 1 6.9459 -39.3923 60
1179 2 1 6.9459 -39.3923 60
1180 1 1 6.9459 -39.3923 60
1181 2 1 6.9459 -39.3923 60
1182 2 1 6.9459 -39.3923 60
1183 2 1 6.9459 -39.3923 60
1184 2 1 6.9459 -39.3923 60
1185 1 1 6.9459 -39.3923 60
1186 2 1 6.9459 -39.3923 60
1187 2 1 6.9459 -39.3923 60
1188 2 1 6.9459 -39.3923 60
1189 2 1 6.9459 -39.3923 60
1190 1 1 6.9459 -39.3923 60
1191 2 1 6.9459 -39.3923 60
1192 1 1 6.9459 -39.3923 60
1193 2 1 6.9459 -39.3923 60
1194 2 1 6.9459 -39.3923 60
1195 2 1 6.9459 -39.3923 60
1196 2 1 6.9459 -39.3923 60
1197 2 1 6.9459 -39.3923 60
1198 2 1 6.9459 -39.3923 60
1199 2 1 6.9459 -39.3923 60
1200 2 1 6.9459 -39.3923 60
1201 4 1 5.0 -8.6603 61
1202 2 1 5.0 -8.6603 61
1203 2 1 5.0 -8.6603 61
1204 4 1 5.0 -8.6603 61
1205 4 1 5.0 -8.6603 61
1206 4 1 5.0 -8.6603 61
1207 4 1 5.0 -8.6603 61
1208 4 1 5.0 -8.6603 61
1209 4 1 5.0 -8.6603 61
1210 4 1 5.0 -8.6603 61
1211 4 1 10.0 -17.3205 62
1212 4 1 10.0 -17.3205 62
1213 4 1 10.0 -17.3205 62
1214 2 1 10.0 -17.3205 62
1215 4 1 10.0 -17.3205 62
1216 4 1 10.0 -17.3205 62
1217 2 1 10.0 -17.3205 62
1218 4 1 10.0 -17.3205 62
1219 2 1 10.0 -17.3205 62
1220 2 1 10.0 -17.3205 62
1221 4 1 15.0 -25.9808 63
1222 4 1 15.0 -25.9808 63
1223 4 1 15.0 -25.9808 63
1224 4 1 15.0 -25.9808 63
1225 4 1 15.0 -25.9808 63
1226 4 1 15.0 -25.9808 63
1227 4 1 15.0 -25.9808 63
1228 4 1 15.0 -25.9808 63
1229 4 1 15.0 -25.9808 63
1230 4 1 15.0 -25.9808 63
1231 4 1 20.0 -34.641 64
1232 2 1 20.0 -34.641 64
1233 4 1 20.0 -34.641 64
1234 4 1 20.0 -34.641 64
1235 4 1 20.0 -34.641 64
1236 4 1 20.0 -34.641 64
1237 4 1 20.0 -34.641 64
1238 2 1 20.0 -34.641 64
1239 4 1 20.0 -34.641 64
1240 2 1 20.0 -34.641 64
1241 1 1 7.6604 -6.4279 65
1242 4 1 7.6604 -6.4279 65
1243 4 1 7.6604 -6.4279 65
1244 4 1 7.6604 -6.4279 65
1245 1 1 7.6604 -6.4279 65
1246 4 1 7.6604 -6.4279 65
1247 4 1 7.6604 -6.4279 65
1248 4 1 7.6604 -6.4279 65
1249 4 1 7.6604 -6.4279 65
1250 4 1 7.6604 -6.4279 65
1251 4 1 7.6604 -6.4279 65
1252 4 1 7.6604 -6.4279 65
1253 4 1 7.6604 -6.4279 65
1254 4 1 7.6604 -6.4279 65
1255 4 1 7.6604 -6.4279 65
1256 4 1 7.6604 -6.4279 65
1257 4 1 7.6604 -6.4279 65
1258 1 1 7.6604 -6.4279 65
1259 4 1 7.6604 -6.4279 65
1260 4 1 7.6604 -6.4279 65
1261 1 1 15.3209 -12.8557 66
1262 4 1 15.3209 -12.8557 66
1263 4 1 15.3209 -12.8557 66
1264 4 1 15.3209 -12.8557 66
1265 1 1 15.3209 -12.8557 66
1266 4 1 15.3209 -12.8557 66
1267 1 1 15.3209 -12.8557 66
1268 1 1 15.3209 -12.8557 66
1269 4 1 15.3209 -12.8557 66
1270 4 1 15.3209 -12.8557 66
1271 4 1 15.3209 -12.8557 66
1272 4 1 15.3209 -12.8557 66
1273 4 1 15.3209 -12.8557 66
1274 4 1 15.3209 -12.8557 66
1275 4 1 15.3209 -12.8557 66
1276 4 1 15.3209 -12.8557 66
1277 4 1 15.3209 -12.8557 66
1278 4 1 15.3209 -12.8557 66
1279 4 1 15.3209 -12.8557 66
1280 4 1 15.3209 -12.8557 66
1281 4 1 22.9813 -19.2836 67
1282 4 1 22.9813 -19.2836 67
1283 4 1 22.9813 -19.2836 67
1284 4 1 22.9813 -19.2836 67
1285 4 1 22.9813 -19.2836 67
1286 4 1 22.9813 -19.2836 67
1287 4 1 22.9813 -19.2836 67
1288 4 1 22.9813 -19.2836 67
1289 4 1 22.9813 -19.2836 67
1290 4 1 22.9813 -19.2836 67
1291 1 1 22.9813 -19.2836 67
1292 1 1 22.9813 -19.2836 67
1293 1 1 22.9813 -19.2836 67
1294 4 1 22.9813 -19.2836 67
1295 4 1 22.9813 -19.2836 67
1296 4 1 22.9813 -19.2836 67
1297 4 1 22.9813 -19.2836 67
1298 4 1 22.9813 -19.2836 67
1299 4 1 22.9813 -19.2836 67
1300 4 1 22.9813 -19.2836 67
1301 4 1 30.6418 -25.7115 68
1302 1 1 30.6418 -25.7115 68
1303 4 1 30.6418 -25.7115 68
1304 4 1 30.6418 -25.7115 68
1305 4 1 30.6418 -25.7115 68
1306 4 1 30.6418 -25.7115 68
1307 1 1 30.6418 -25.7115 68
1308 4 1 30.6418 -25.7115 68
1309 4 1 30.6418 -25.7115 68
1310 1 1 30.6418 -25.7115 68
1311 4 1 30.6418 -25.7115 68
1312 4 1 30.6418 -25.7115 68
1313 1 1 30.6418 -25.7115 68
1314 1 1 30.6418 -25.7115 68
1315 4 1 30.6418 -25.7115 68
1316 4 1 30.6418 -25.7115 68
1317 4 1 30.6418 -25.7115 68
1318 4 1 30.6418 -25.7115 68
1319 4 1 30.6418 -25.7115 68
1320 4 1 30.6418 -25.7115 68
1321 2 1 9.3969 -3.4202 69
1322 2 1 9.3969 -3.4202 69
1323 2 1 9.3969 -3.4202 69
1324 2 1 9.3969 -3.4202 69
1325 2 1 9.3969 -3.4202 69
1326 2 1 9.3969 -3.4202 69
1327 2 1 9.3969 -3.4202 69
1328 2 1 9.3969 -3.4202 69
1329 2 1 9.3969 -3.4202 69
1330 1 1 9.3969 -3.4202 69
1331 2 1 9.3969 -3.4202 69
1332 1 1 9.3969 -3.4202 69
1333 2 1 9.3969 -3.4202 69
1334 2 1 9.3969 -3.4202 69
1335 2 1 9.3969 -3.4202 69
1336 2 1 9.3969 -3.4202 69
1337 1 1 9.3969 -3.4202 69
1338 2 1 9.3969 -3.4202 69
1339 2 1 9.3969 -3.4202 69
1340 1 1 9.3969 -3.4202 69
1341 2 1 9.3969 -3.4202 69
1342 2 1 9.3969 -3.4202 69
1343 2 1 9.3969 -3.4202 69
1344 2 1 9.3969 -3.4202 69
1345 2 1 9.3969 -3.4202 69
1346 2 1 9.3969 -3.4202 69
1347 2 1 9.3969 -3.4202 69
1348 2 1 9.3969 -3.4202 69
1349 2 1 9.3969 -3.4202 69
1350 1 1 9.3969 -3.4202 69
1351 2 1 18.7939 -6.8404 70
1352 2 1 18.7939 -6.8404 70
1353 2 1 18.7939 -6.8404 70
1354 2 1 18.7939 -6.8404 70
1355 1 1 18.7939 -6.8404 70
1356 2 1 18.7939 -6.8404 70
1357 2 1 18.7939 -6.8404 70
1358 2 1 18.7939 -6.8404 70
1359 1 1 18.7939 -6.8404 70
1360 2 1 18.7939 -6.8404 70
1361 1 1 18.7939 -6.8404 70
1362 2 1 18.7939 -6.8404 70
1363 2 1 18.7939 -6.8404 70
1364 2 1 18.7939 -6.8404 70
1365 2 1 18.7939 -6.8404 70
1366 1 1 18.7939 -6.8404 70
1367 2 1 18.7939 -6.8404 70
1368 2 1 18.7939 -6.8404 70
1369 2 1 18.7939 -6.8404 70
1370 2 1 18.7939 -6.8404 70
1371 2 1 18.7939 -6.8404 70
1372 2 1 18.7939 -6.8404 70
1373 1 1 18.7939 -6.8404 70
1374 2 1 18.7939 -6.8404 70
1375 2 1 18.7939 -6.8404 70
1376 2 1 18.7939 -6.8404 70
1377 2 1 18.7939 -6.8404 70
1378 2 1 18.7939 -6.8404 70
1379 1 1 18.7939 -6.8404 70
1380 2 1 18.7939 -6.8404 70
1381 2 1 28.1908 -10.2606 71
1382 1 1 28.1908 -10.2606 71
1383 2 1 28.1908 -10.2606 71
1384 2 1 28.1908 -10.2606 71
1385 2 1 28.1908 -10.2606 71
1386 1 1 28.1908 -10.2606 71
1387 2 1 28.1908 -10.2606 71
1388 1 1 28.1908 -10.2606 71
1389 2 1 28.1908 -10.2606 71
1390 2 1 28.1908 -10.2606 71
1391 1 1 28.1908 -10.2606 71
1392 2 1 28.1908 -10.2606 71
1393 2 1 28.1908 -10.2606 71
1394 1 1 28.1908 -10.2606 71
1395 2 1 28.1908 -10.2606 71
1396 2 1 28.1908 -10.2606 71
1397 2 1 28.1908 -10.2606 71
1398 2 1 28.1908 -10.2606 71
1399 2 1 28.1908 -10.2606 71
1400 2 1 28.1908 -10.2606 71
1401 1 1 28.1908 -10.2606 71
1402 2 1 28.1908 -10.2606 71
1403 2 1 28.1908 -10.2606 71
1404 2 1 28.1908 -10.2606 71
1405 2 1 28.1908 -10.2606 71
1406 2 1 28.1908 -10.2606 71
1407 2 1 28.1908 -10.2606 71
1408 2 1 28.1908 -10.2606 71
1409 2 1 28.1908 -10.2606 71
1410 2 1 28.1908 -10.2606 71
1411 2 1 37.5877 -13.6808 72
1412 2 1 37.5877 -13.6808 72
1413 2 1 37.5877 -13.6808 72
1414 1 1 37.5877 -13.6808 72
1415 1 1 37.5877 -13.6808 72
1416 2 1 37.5877 -13.6808 72
1417 2 1 37.5877 -13.6808 72
1418 2 1 37.5877 -13.6808 72
1419 2 1 37.5877 -13.6808 72
1420 2 1 37.5877 -13.6808 72
1421 2 1 37.5877 -13.6808 72
1422 2 1 37.5877 -13.6808 72
1423 2 1 37.5877 -13.6808 72
1424 2 1 37.5877 -13.6808 72
1425 2 1 37.5877 -13.6808 72
1426 2 1 37.5877 -13.6808 72
1427 2 1 37.5877 -13.6808 72
1428 2 1 37.5877 -13.6808 72
1429 2 1 37.5877 -13.6808 72
1430 2 1 37.5877 -13.6808 72
1431 2 1 37.5877 -13.6808 72
1432 1 1 37.5877 -13.6808 72
1433 2 1 37.5877 -13.6808 72
1434 2 1 37.5877 -13.6808 72
1435 2 1 37.5877 -13.6808 72
1436 1 1 37.5877 -13.6808 72
1437 1 1 37.5877 -13.6808 72
1438 2 1 37.5877 -13.6808 72
1439 1 1 37.5877 -13.6808 72
1440 1 1 37.5877 -13.6808 72
1441 4 1 49.2404 8.6824 73
1442 4 1 49.2404 8.6824 73
1443 1 1 49.2404 8.6824 73
1444 4 1 49.2404 8.6824 73
1445 2 1 49.2404 8.6824 73
1446 2 1 49.2404 8.6824 73
1447 4 1 49.2404 8.6824 73
1448 4 1 49.2404 8.6824 73
1449 2 1 49.2404 8.6824 73
1450 4 1 49.2404 8.6824 73
1451 4 1 32.1394 38.3022 74
1452 4 1 32.1394 38.3022 74
1453 4 1 32.1394 38.3022 74
1454 4 1 32.1394 38.3022 74
1455 4 1 32.1394 38.3022 74
1456 1 1 32.1394 38.3022 74
1457 1 1 32.1394 38.3022 74
1458 4 1 32.1394 38.3022 74
1459 4 1 32.1394 38.3022 74
1460 4 1 32.1394 38.3022 74
1461 4 1 0.0 50.0 75
1462 4 1 0.0 50.0 75
1463 4 1 0.0 50.0 75
1464 4 1 0.0 50.0 75
1465 4 1 0.0 50.0 75
1466 4 1 0.0 50.0 75
1467 4 1 0.0 50.0 75
1468 2 1 0.0 50.0 75
1469 4 1 0.0 50.0 75
1470 4 1 0.0 50.0 75
1471 4 1 -32.1394 38.3022 76
1472 2 1 -32.1394 38.3022 76
1473 4 1 -32.1394 38.3022 76
1474 1 1 -32.1394 38.3022 76
1475 2 1 -32.1394 38.3022 76
1476 4 1 -32.1394 38.3022 76
1477 4 1 -32.1394 38.3022 76
1478 4 1 -32.1394 38.3022 76
1479 4 1 -32.1394 38.3022 76
1480 2 1 -32.1394 38.3022 76
1481 4 1 -49.2404 8.6824 77
1482 4 1 -49.2404 8.6824 77
1483 2 1 -49.2404 8.6824 77
1484 4 1 -49.2404 8.6824 77
1485 4 1 -49.2404 8.6824 77
1486 4 1 -49.2404 8.6824 77
1487 1 1 -49.2404 8.6824 77
1488 4 1 -49.2404 8.6824 77
1489 4 1 -49.2404 8.6824 77
1490 4 1 -49.2404 8.6824 77
1491 4 1 -43.3013 -25.0 78
1492 4 1 -43.3013 -25.0 78
1493 2 1 -43.3013 -25.0 78
1494 4 1 -43.3013 -25.0 78
1495 4 1 -43.3013 -25.0 78
1496 4 1 -43.3013 -25.0 78
1497 4 1 -43.3013 -25.0 78
1498 4 1 -43.3013 -25.0 78
1499 4 1 -43.3013 -25.0 78
1500 4 1 -43.3013 -25.0 78
1501 4 1 -17.101 -46.9846 79
1502 2 1 -17.101 -46.9846 79
1503 4 1 -17.101 -46.9846 79
1504 1 1 -17.101 -46.9846 79
1505 4 1 -17.101 -46.9846 79
1506 4 1 -17.101 -46.9846 79
1507 4 1 -17.101 -46.9846 79
1508 4 1 -17.101 -46.9846 79
1509 2 1 -17.101 -46.9846 79
1510 4 1 -17.101 -46.9846 79
1511 4 1 17.101 -46.9846 80
1512 4 1 17.101 -46.9846 80
1513 4 1 17.101 -46.9846 80
1514 4 1 17.101 -46.9846 80
1515 4 1 17.101 -46.9846 80
1516 1 1 17.101 -46.9846 80
1517 1 1 17.101 -46.9846 80
1518 4 1 17.101 -46.9846 80
1519 4 1 17.101 -46.9846 80
1520 4 1 17.101 -46.9846 80
1521 4 1 43.3013 -25.0 81
1522 4 1 43.3013 -25.0 81
1523 4 1 43.3013 -25.0 81
1524 4 1 43.3013 -25.0 81
1525 4 1 43.3013 -25.0 81
1526 4 1 43.3013 -25.0 81
1527 4 1 43.3013 -25.0 81
1528 4 1 43.3013 -25.0 81
1529 1 1 43.3013 -25.0 81
1530 4 1 43.3013 -25.0 81
1531 2 1 60.0 0.0 82
1532 4 1 60.0 0.0 82
1533 4 1 60.0 0.0 82
1534 2 1 60.0 0.0 82
1535 4 1 60.0 0.0 82
1536 4 1 60.0 0.0 82
1537 4 1 60.0 0.0 82
1538 4 1 60.0 0.0 82
1539 4 1 60.0 0.0 82
1540 2 1 60.0 0.0 82
1541 4 1 70.0 0.0 83
1542 4 1 70.0 0.0 83
1543 4 1 70.0 0.0 83
1544 4 1 70.0 0.0 83
1545 4 1 70.0 0.0 83
1546 4 1 70.0 0.0 83
1547 4 1 70.0 0.0 83
1548 4 1 70.0 0.0 83
1549 4 1 70.0 0.0 83
1550 4 1 70.0 0.0 83
1551 4 1 80.0 0.0 84
1552 4 1 80.0 0.0 84
1553 2 1 80.0 0.0 84
1554 4 1 80.0 0.0 84
1555 4 1 80.0 0.0 84
1556 4 1 80.0 0.0 84
1557 4 1 80.0 0.0 84
1558 4 1 80.0 0.0 84
1559 4 1 80.0 0.0 84
1560 2 1 80.0 0.0 84
1561 4 1 90.0 0.0 85
1562 2 1 90.0 0.0 85
1563 4 1 90.0 0.0 85
1564 4 1 90.0 0.0 85
1565 4 1 90.0 0.0 85
1566 4 1 90.0 0.0 85
1567 4 1 90.0 0.0 85
1568 4 1 90.0 0.0 85
1569 4 1 90.0 0.0 85
1570 2 1 90.0 0.0 85
1571 4 1 56.3816 20.5212 86
1572 4 1 56.3816 20.5212 86
1573 4 1 56.3816 20.5212 86
1574 1 1 56.3816 20.5212 86
1575 1 1 56.3816 20.5212 86
1576 1 1 56.3816 20.5212 86
1577 4 1 56.3816 20.5212 86
1578 4 1 56.3816 20.5212 86
1579 4 1 56.3816 20.5212 86
1580 4 1 56.3816 20.5212 86
1581 4 1 56.3816 20.5212 86
1582 1 1 56.3816 20.5212 86
1583 4 1 56.3816 20.5212 86
1584 1 1 56.3816 20.5212 86
1585 4 1 56.3816 20.5212 86
1586 4 1 56.3816 20.5212 86
1587 4 1 56.3816 20.5212 86
1588 1 1 56.3816 20.5212 86
1589 4 1 56.3816 20.5212 86
1590 4 1 56.3816 20.5212 86
1591 4 1 65.7785 23.9414 87
1592 4 1 65.7785 23.9414 87
1593 4 1 65.7785 23.9414 87
1594 4 1 65.7785 23.9414 87
1595 4 1 65.7785 23.9414 87
1596 1 1 65.7785 23.9414 87
1597 4 1 65.7785 23.9414 87
1598 4 1 65.7785 23.9414 87
1599 4 1 65.7785 23.9414 87
1600 4 1 65.7785 23.9414 87
1601 4 1 65.7785 23.9414 87
1602 4 1 65.7785 23.9414 87
1603 1 1 65.7785 23.9414 87
1604 4 1 65.7785 23.9414 87
1605 4 1 65.7785 23.9414 87
1606 4 1 65.7785 23.9414 87
1607 4 1 65.7785 23.9414 87
1608 4 1 65.7785 23.9414 87
1609 4 1 65.7785 23.9414 87
1610 4 1 65.7785 23.9414 87
1611 4 1 75.1754 27.3616 88
1612 1 1 75.1754 27.3616 88
1613 4 1 75.1754 27.3616 88
1614 4 1 75.1754 27.3616 88
1615 4 1 75.1754 27.3616 88
1616 4 1 75.1754 27.3616 88
1617 4 1 75.1754 27.3616 88
1618 4 1 75.1754 27.3616 88
1619 1 1 75.1754 27.3616 88
1620 4 1 75.1754 27.3616 88
1621 4 1 75.1754 27.3616 88
1622 1 1 75.1754 27.3616 88
1623 4 1 75.1754 27.3616 88
1624 4 1 75.1754 27.3616 88
1625 4 1 75.1754 27.3616 88
1626 4 1 75.1754 27.3616 88
1627 4 1 75.1754 27.3616 88
1628 1 1 75.1754 27.3616 88
1629 4 1 75.1754 27.3616 88
1630 4 1 75.1754 27.3616 88
1631 4 1 84.5723 30.7818 89
1632 4 1 84.5723 30.7818 89
1633 4 1 84.5723 30.7818 89
1634 4 1 84.5723 30.7818 89
1635 1 1 84.5723 30.7818 89
1636 4 1 84.5723 30.7818 89
1637 4 1 84.5723 30.7818 89
1638 1 1 84.5723 30.7818 89
1639 4 1 84.5723 30.7818 89
1640 4 1 84.5723 30.7818 89
1641 4 1 84.5723 30.7818 89
1642 4 1 84.5723 30.7818 89
1643 1 1 84.5723 30.7818 89
1644 4 1 84.5723 30.7818 89
1645 4 1 84.5723 30.7818 89
1646 1 1 84.5723 30.7818 89
1647 4 1 84.5723 30.7818 89
1648 4 1 84.5723 30.7818 89
1649 1 1 84.5723 30.7818 89
1650 4 1 84.5723 30.7818 89
1651 2 1 45.9627 38.5673 90
1652 2 1 45.9627 38.5673 90
1653 1 1 45.9627 38.5673 90
1654 2 1 45.9627 38.5673 90
1655 2 1 45.9627 38.5673 90
1656 2 1 45.9627 38.5673 90
1657 2 1 45.9627 38.5673 90
1658 1 1 45.9627 38.5673 90
1659 2 1 45.9627 38.5673 90
1660 2 1 45.9627 38.5673 90
1661 2 1 45.9627 38.5673 90
1662 2 1 45.9627 38.5673 90
1663 2 1 45.9627 38.5673 90
1664 2 1 45.9627 38.5673 90
1665 2 1 45.9627 38.5673 90
1666 2 1 45.9627 38.5673 90
1667 2 1 45.9627 38.5673 90
1668 2 1 45.9627 38.5673 90
1669 2 1 45.9627 38.5673 90
1670 2 1 45.9627 38.5673 90
1671 2 1 45.9627 38.5673 90
1672 2 1 45.9627 38.5673 90
1673 2 1 45.9627 38.5673 90
1674 2 1 45.9627 38.5673 90
1675 2 1 45.9627 38.5673 90
1676 2 1 45.9627 38.5673 90
1677 2 1 45.9627 38.5673 90
1678 2 1 45.9627 38.5673 90
1679 2 1 45.9627 38.5673 90
1680 1 1 45.9627 38.5673 90
1681 1 1 53.6231 44.9951 91
1682 2 1 53.6231 44.9951 91
1683 2 1 53.6231 44.9951 91
1684 2 1 53.6231 44.9951 91
1685 1 1 53.6231 44.9951 91
1686 1 1 53.6231 44.9951 91
1687 2 1 53.6231 44.9951 91
1688 2 1 53.6231 44.9951 91
1689 1 1 53.6231 44.9951 91
1690 2 1 53.6231 44.9951 91
1691 2 1 53.6231 44.9951 91
1692 2 1 53.6231 44.9951 91
1693 2 1 53.6231 44.9951 91
1694 2 1 53.6231 44.9951 91
1695 2 1 53.6231 44.9951 91
1696 1 1 53.6231 44.9951 91
1697 2 1 53.6231 44.9951 91
1698 2 1 53.6231 44.9951 91
1699 1 1 53.6231 44.9951 91
1700 2 1 53.6231 44.9951 91
1701 1 1 53.6231 44.9951 91
1702 2 1 53.6231 44.9951 91
1703 2 1 53.6231 44.9951 91
1704 2 1 53.6231 44.9951 91
1705 2 1 53.6231 44.9951 91
1706 2 1 53.6231 44.9951 91
1707 2 1 53.6231 44.9951 91
1708 2 1 53.6231 44.9951 91
1709 2 1 53.6231 44.9951 91
1710 2 1 53.6231 44.9951 91
1711 2 1 61.2836 51.423 92
1712 2 1 61.2836 51.423 92
1713 2 1 61.2836 51.423 92
1714 2 1 61.2836 51.423 92
1715 2 1 61.2836 51.423 92
1716 2 1 61.2836 51.423 92
1717 2 1 61.2836 51.423 92
1718 1 1 61.2836 51.423 92
1719 1 1 61.2836 51.423 92
1720 2 1 61.2836 51.423 92
1721 1 1 61.2836 51.423 92
1722 1 1 61.2836 51.423 92
1723 2 1 61.2836 51.423 92
1724 2 1 61.2836 51.423 92
1725 2 1 61.2836 51.423 92
1726 1 1 61.2836 51.423 92
1727 2 1 61.2836 51.423 92
1728 2 1 61.2836 51.423 92
1729 2 1 61.2836 51.423 92
1730 2 1 61.2836 51.423 92
1731 1 1 61.2836 51.423 92
1732 1 1 61.2836 51.423 92
1733 2 1 61.2836 51.423 92
1734 2 1 61.2836 51.423 92
1735 2 1 61.2836 51.423 92
1736 1 1 61.2836 51.423 92
1737 1 1 61.2836 51.423 92
1738 2 1 61.2836 51.423 92
1739 2 1 61.2836 51.423 92
1740 2 1 61.2836 51.423 92
1741 2 1 68.944 57.8509 93
1742 2 1 68.944 57.8509 93
1743 2 1 68.944 57.8509 93
1744 2 1 68.944 57.8509 93
1745 2 1 68.944 57.8509 93
1746 2 1 68.944 57.8509 93
1747 2 1 68.944 57.8509 93
1748 2 1 68.944 57.8509 93
1749 2 1 68.944 57.8509 93
1750 2 1 68.944 57.8509 93
1751 2 1 68.944 57.8509 93
1752 2 1 68.944 57.8509 93
1753 2 1 68.944 57.8509 93
1754 2 1 68.944 57.8509 93
1755 2 1 68.944 57.8509 93
1756 1 1 68.944 57.8509 93
1757 1 1 68.944 57.8509 93
1758 2 1 68.944 57.8509 93
1759 1 1 68.944 57.8509 93
1760 2 1 68.944 57.8509 93
1761 2 1 68.944 57.8509 93
1762 1 1 68.944 57.8509 93
1763 2 1 68.944 57.8509 93
1764 2 1 68.944 57.8509 93
1765 2 1 68.944 57.8509 93
1766 2 1 68.944 57.8509 93
1767 1 1 68.944 57.8509 93
1768 1 1 68.944 57.8509 93
1769 2 1 68.944 57.8509 93
1770 1 1 68.944 57.8509 93
1771 4 1 30.0 51.9615 94
1772 4 1 30.0 51.9615 94
1773 4 1 30.0 51.9615 94
1774 4 1 30.0 51.9615 94
1775 4 1 30.0 51.9615 94
1776 2 1 30.0 51.9615 94
1777 4 1 30.0 51.9615 94
1778 4 1 30.0 51.9615 94
1779 4 1 30.0 51.9615 94
1780 2 1 30.0 51.9615 94
1781 2 1 35.0 60.6218 95
1782 4 1 35.0 60.6218 95
1783 4 1 35.0 60.6218 95
1784 4 1 35.0 60.6218 95
1785 4 1 35.0 60.6218 95
1786 4 1 35.0 60.6218 95
1787 4 1 35.0 60.6218 95
1788 4 1 35.0 60.6218 95
1789 4 1 35.0 60.6218 95
1790 4 1 35.0 60.6218 95
1791 2 1 40.0 69.282 96
1792 4 1 40.0 69.282 96
1793 4 1 40.0 69.282 96
1794 4 1 40.0 69.282 96
1795 2 1 40.0 69.282 96
1796 4 1 40.0 69.282 96
1797 4 1 40.0 69.282 96
1798 4 1 40.0 69.282 96
1799 2 1 40.0 69.282 96
1800 4 1 40.0 69.282 96
1801 4 1 45.0 77.9423 97
1802 4 1 45.0 77.9423 97
1803 2 1 45.0 77.9423 97
1804 4 1 45.0 77.9423 97
1805 4 1 45.0 77.9423 97
1806 4 1 45.0 77.9423 97
1807 4 1 45.0 77.9423 97
1808 4 1 45.0 77.9423 97
1809 4 1 45.0 77.9423 97
1810 4 1 45.0 77.9423 97
1811 4 1 10.4189 59.0885 98
1812 4 1 10.4189 59.0885 98
1813 4 1 10.4189 59.0885 98
1814 1 1 10.4189 59.0885 98
1815 1 1 10.4189 59.0885 98
1816 4 1 10.4189 59.0885 98
1817 4 1 10.4189 59.0885 98
1818 4 1 10.4189 59.0885 98
1819 1 1 10.4189 59.0885 98
1820 4 1 10.4189 59.0885 98
1821 4 1 10.4189 59.0885 98
1822 4 1 10.4189 59.0885 98
1823 4 1 10.4189 59.0885 98
1824 4 1 10.4189 59.0885 98
1825 4 1 10.4189 59.0885 98
1826 1 1 10.4189 59.0885 98
1827 4 1 10.4189 59.0885 98
1828 4 1 10.4189 59.0885 98
1829 4 1 10.4189 59.0885 98
1830 4 1 10.4189 59.0885 98
1831 4 1 12.1554 68.9365 99
1832 4 1 12.1554 68.9365 99
1833 1 1 12.1554 68.9365 99
1834 4 1 12.1554 68.9365 99
1835 4 1 12.1554 68.9365 99
1836 1 1 12.1554 68.9365 99
1837 4 1 12.1554 68.9365 99
1838 1 1 12.1554 68.9365 99
1839 4 1 12.1554 68.9365 99
1840 4 1 12.1554 68.9365 99
1841 4 1 12.1554 68.9365 99
1842 4 1 12.1554 68.9365 99
1843 4 1 12.1554 68.9365 99
1844 4 1 12.1554 68.9365 99
1845 4 1 12.1554 68.9365 99
1846 4 1 12.1554 68.9365 99
1847 4 1 12.1554 68.9365 99
1848 4 1 12.1554 68.9365 99
1849 4 1 12.1554 68.9365 99
1850 4 1 12.1554 68.9365 99
1851 4 1 13.8918 78.7846 100
1852 4 1 13.8918 78.7846 100
1853 4 1 13.8918 78.7846 100
1854 1 1 13.8918 78.7846 100
1855 4 1 13.8918 78.7846 100
1856 4 1 13.8918 78.7846 100
1857 4 1 13.8918 78.7846 100
1858 4 1 13.8918 78.7846 100
1859 4 1 13.8918 78.7846 100
1860 1 1 13.8918 78.7846 100
1861 4 1 13.8918 78.7846 100
1862 4 1 13.8918 78.7846 100
1863 4 1 13.8918 78.7846 100
1864 1 1 13.8918 78.7846 100
1865 4 1 13.8918 78.7846 100
1866 4 1 13.8918 78.7846 100
1867 4 1 13.8918 78.7846 100
1868 4 1 13.8918 78.7846 100
1869 4 1 13.8918 78.7846 100
1870 4 1 13.8918 78.7846 100
1871 4 1 15.6283 88.6327 101
1872 1 1 15.6283 88.6327 101
1873 4 1 15.6283 88.6327 101
1874 4 1 15.6283 88.6327 101
1875 4 1 15.6283 88.6327 101
1876 4 1 15.6283 88.6327 101
1877 4 1 15.6283 88.6327 101
1878 4 1 15.6283 88.6327 101
1879 4 1 15.6283 88.6327 101
1880 4 1 15.6283 88.6327 101
1881 4 1 15.6283 88.6327 101
1882 4 1 15.6283 88.6327 101
1883 4 1 15.6283 88.6327 101
1884 1 1 15.6283 88.6327 101
1885 1 1 15.6283 88.6327 101
1886 4 1 15.6283 88.6327 101
1887 4 1 15.6283 88.6327 101
1888 4 1 15.6283 88.6327 101
1889 1 1 15.6283 88.6327 101
1890 4 1 15.6283 88.6327 101
1891 2 1 -10.4189 59.0885 102
1892 2 1 -10.4189 59.0885 102
1893 2 1 -10.4189 59.0885 102
1894 2 1 -10.4189 59.0885 102
1895 2 1 -10.4189 59.0885 102
1896 1 1 -10.4189 59.0885 102
1897 1 1 -10.4189 59.0885 102
1898 2 1 -10.4189 59.0885 102
1899 1 1 -10.4189 59.0885 102
1900 2 1 -10.4189 59.0885 102
1901 2 1 -10.4189 59.0885 102
1902 1 1 -10.4189 59.0885 102
1903 1 1 -10.4189 59.0885 102
1904 2 1 -10.4189 59.0885 102
1905 2 1 -10.4189 59.0885 102
1906 2 1 -10.4189 59.0885 102
1907 2 1 -10.4189 59.0885 102
1908 1 1 -10.4189 59.0885 102
1909 2 1 -10.4189 59.0885 102
1910 1 1 -10.4189 59.0885 102
1911 2 1 -10.4189 59.0885 102
1912 2 1 -10.4189 59.0885 102
1913 2 1 -10.4189 59.0885 102
1914 2 1 -10.4189 59.0885 102
1915 1 1 -10.4189 59.0885 102
1916 2 1 -10.4189 59.0885 102
1917 1 1 -10.4189 59.0885 102
1918 2 1 -10.4189 59.0885 102
1919 2 1 -10.4189 59.0885 102
1920 2 1 -10.4189 59.0885 102
1921 2 1 -12.1554 68.9365 103
1922 2 1 -12.1554 68.9365 103
1923 2 1 -12.1554 68.9365 103
1924 2 1 -12.1554 68.9365 103
1925 2 1 -12.1554 68.9365 103
1926 2 1 -12.1554 68.9365 103
1927 2 1 -12.1554 68.9365 103
1928 2 1 -12.1554 68.9365 103
1929 2 1 -12.1554 68.9365 103
1930 2 1 -12.1554 68.9365 103
1931 2 1 -12.1554 68.9365 103
1932 2 1 -12.1554 68.9365 103
1933 2 1 -12.1554 68.9365 103
1934 2 1 -12.1554 68.9365 103
1935 2 1 -12.1554 68.9365 103
1936 2 1 -12.1554 68.9365 103
1937 2 1 -12.1554 68.9365 103
1938 2 1 -12.1554 68.9365 103
1939 1 1 -12.1554 68.9365 103
1940 2 1 -12.1554 68.9365 103
1941 2 1 -12.1554 68.9365 103
1942 2 1 -12.1554 68.9365 103
1943 2 1 -12.1554 68.9365 103
1944 2 1 -12.1554 68.9365 103
1945 2 1 -12.1554 68.9365 103
1946 2 1 -12.1554 68.9365 103
1947 1 1 -12.1554 68.9365 103
1948 2 1 -12.1554 68.9365 103
1949 2 1 -12.1554 68.9365 103
1950 2 1 -12.1554 68.9365 103
1951 2 1 -13.8919 78.7846 104
1952 2 1 -13.8919 78.7846 104
1953 2 1 -13.8919 78.7846 104
1954 2 1 -13.8919 78.7846 104
1955 2 1 -13.8919 78.7846 104
1956 2 1 -13.8919 78.7846 104
1957 2 1 -13.8919 78.7846 104
1958 1 1 -13.8919 78.7846 104
1959 1 1 -13.8919 78.7846 104
1960 2 1 -13.8919 78.7846 104
1961 1 1 -13.8919 78.7846 104
1962 2 1 -13.8919 78.7846 104
1963 2 1 -13.8919 78.7846 104
1964 2 1 -13.8919 78.7846 104
1965 2 1 -13.8919 78.7846 104
1966 2 1 -13.8919 78.7846 104
1967 2 1 -13.8919 78.7846 104
1968 1 1 -13.8919 78.7846 104
1969 2 1 -13.8919 78.7846 104
1970 2 1 -13.8919 78.7846 104
1971 2 1 -13.8919 78.7846 104
1972 2 1 -13.8919 78.7846 104
1973 2 1 -13.8919 78.7846 104
1974 2 1 -13.8919 78.7846 104
1975 2 1 -13.8919 78.7846 104
1976 2 1 -13.8919 78.7846 104
1977 1 1 -13.8919 78.7846 104
1978 2 1 -13.8919 78.7846 104
1979 2 1 -13.8919 78.7846 104
1980 2 1 -13.8919 78.7846 104
1981 2 1 -15.6283 88.6327 105
1982 2 1 -15.6283 88.6327 105
1983 2 1 -15.6283 88.6327 105
1984 2 1 -15.6283 88.6327 105
1985 2 1 -15.6283 88.6327 105
1986 2 1 -15.6283 88.6327 105
1987 2 1 -15.6283 88.6327 105
1988 2 1 -15.6283 88.6327 105
1989 2 1 -15.6283 88.6327 105
1990 2 1 -15.6283 88.6327 105
1991 2 1 -15.6283 88.6327 105
1992 2 1 -15.6283 88.6327 105
1993 2 1 -15.6283 88.6327 105
1994 1 1 -15.6283 88.6327 105
1995 2 1 -15.6283 88.6327 105
1996 1 1 -15.6283 88.6327 105
1997 1 1 -15.6283 88.6327 105
1998 2 1 -15.6283 88.6327 105
1999 2 1 -15.6283 88.6327 105
2000 2 1 -15.6283 88.6327 105
2001 1 1 -15.6283 88.6327 105
2002 2 1 -15.6283 88.6327 105
2003 2 1 -15.6283 88.6327 105
2004 2 1 -15.6283 88.6327 105
2005 2 1 -15.6283 88.6327 105
2006 2 1 -15.6283 88.6327 105
2007 2 1 -15.6283 88.6327 105
2008 2 1 -15.6283 88.6327 105
2009 2 1 -15.6283 88.6327 105
2010 2 1 -15.6283 88.6327 105
2011 4 1 -30.0 51.9615 106
2012 2 1 -30.0 51.9615 106
2013 2 1 -30.0 51.9615 106
2014 4 1 -30.0 51.9615 106
2015 4 1 -30.0 51.9615 106
2016 2 1 -30.0 51.9615 106
2017 4 1 -30.0 51.9615 106
2018 4 1 -30.0 51.9615 106
2019 4 1 -30.0 51.9615 106
2020 2 1 -30.0 51.9615 106
2021 4 1 -35.0 60.6218 107
2022 4 1 -35.0 60.6218 107
2023 2 1 -35.0 60.6218 107
2024 4 1 -35.0 60.6218 107
2025 4 1 -35.0 60.6218 107
2026 4 1 -35.0 60.6218 107
2027 4 1 -35.0 60.6218 107
2028 4 1 -35.0 60.6218 107
2029 4 1 -35.0 60.6218 107
2030 2 1 -35.0 60.6218 107
2031 2 1 -40.0 69.282 108
2032 4 1 -40.0 69.282 108
2033 4 1 -40.0 69.282 108
2034 4 1 -40.0 69.282 108
2035 2 1 -40.0 69.282 108
2036 4 1 -40.0 69.282 108
2037 2 1 -40.0 69.282 108
2038 4 1 -40.0 69.282 108
2039 4 1 -40.0 69.282 108
2040 4 1 -40.0 69.282 108
2041 4 1 -45.0 77.9423 109
2042 2 1 -45.0 77.9423 109
2043 4 1 -45.0 77.9423 109
2044 4 1 -45.0 77.9423 109
2045 4 1 -45.0 77.9423 109
2046 4 1 -45.0 77.9423 109
2047 4 1 -45.0 77.9423 109
2048 4 1 -45.0 77.9423 109
2049 2 1 -45.0 77.9423 109
2050 2 1 -45.0 77.9423 109
2051 4 1 -45.9627 38.5673 110
2052 4 1 -45.9627 38.5673 110
2053 1 1 -45.9627 38.5673 110
2054 1 1 -45.9627 38.5673 110
2055 1 1 -45.9627 38.5673 110
2056 4 1 -45.9627 38.5673 110
2057 4 1 -45.9627 38.5673 110
2058 4 1 -45.9627 38.5673 110
2059 4 1 -45.9627 38.5673 110
2060 4 1 -45.9627 38.5673 110
2061 4 1 -45.9627 38.5673 110
2062 4 1 -45.9627 38.5673 110
2063 4 1 -45.9627 38.5673 110
2064 4 1 -45.9627 38.5673 110
2065 4 1 -45.9627 38.5673 110
2066 4 1 -45.9627 38.5673 110
2067 4 1 -45.9627 38.5673 110
2068 1 1 -45.9627 38.5673 110
2069 4 1 -45.9627 38.5673 110
2070 4 1 -45.9627 38.5673 110
2071 4 1 -53.6231 44.9951 111
2072 4 1 -53.6231 44.9951 111
2073 4 1 -53.6231 44.9951 111
2074 4 1 -53.6231 44.9951 111
2075 4 1 -53.6231 44.9951 111
2076 4 1 -53.6231 44.9951 111
2077 4 1 -53.6231 44.9951 111
2078 4 1 -53.6231 44.9951 111
2079 4 1 -53.6231 44.9951 111
2080 4 1 -53.6231 44.9951 111
2081 4 1 -53.6231 44.9951 111
2082 4 1 -53.6231 44.9951 111
2083 1 1 -53.6231 44.9951 111
2084 1 1 -53.6231 44.9951 111
2085 1 1 -53.6231 44.9951 111
2086 4 1 -53.6231 44.9951 111
2087 4 1 -53.6231 44.9951 111
2088 4 1 -53.6231 44.9951 111
2089 4 1 -53.6231 44.9951 111
2090 4 1 -53.6231 44.9951 111
2091 1 1 -61.2836 51.423 112
2092 4 1 -61.2836 51.423 112
2093 4 1 -61.2836 51.423 112
2094 4 1 -61.2836 51.423 112
2095 1 1 -61.2836 51.423 112
2096 4 1 -61.2836 51.423 112
2097 4 1 -61.2836 51.423 112
2098 4 1 -61.2836 51.423 112
2099 4 1 -61.2836 51.423 112
2100 4 1 -61.2836 51.423 112
2101 4 1 -61.2836 51.423 112
2102 4 1 -61.2836 51.423 112
2103 4 1 -61.2836 51.423 112
2104 4 1 -61.2836 51.423 112
2105 1 1 -61.2836 51.423 112
2106 4 1 -61.2836 51.423 112
2107 4 1 -61.2836 51.423 112
2108 4 1 -61.2836 51.423 112
2109 1 1 -61.2836 51.423 112
2110 4 1 -61.2836 51.423 112
2111 4 1 -68.944 57.8509 113
2112 4 1 -68.944 57.8509 113
2113 1 1 -68.944 57.8509 113
2114 4 1 -68.944 57.8509 113
2115 4 1 -68.944 57.8509 113
2116 4 1 -68.944 57.8509 113
2117 4 1 -68.944 57.8509 113
2118 4 1 -68.944 57.8509 113
2119 1 1 -68.944 57.8509 113
2120 4 1 -68.944 57.8509 113
2121 1 1 -68.944 57.8509 113
2122 4 1 -68.944 57.8509 113
2123 4 1 -68.944 57.8509 113
2124 4 1 -68.944 57.8509 113
2125 1 1 -68.944 57.8509 113
2126 4 1 -68.944 57.8509 113
2127 4 1 -68.944 57.8509 113
2128 4 1 -68.944 57.8509 113
2129 4 1 -68.944 57.8509 113
2130 4 1 -68.944 57.8509 113
2131 2 1 -56.3816 20.5212 114
2132 2 1 -56.3816 20.5212 114
2133 2 1 -56.3816 20.5212 114
2134 2 1 -56.3816 20.5212 114
2135 2 1 -56.3816 20.5212 114
2136 1 1 -56.3816 20.5212 114
2137 1 1 -56.3816 20.5212 114
2138 2 1 -56.3816 20.5212 114
2139 1 1 -56.3816 20.5212 114
2140 2 1 -56.3816 20.5212 114
2141 1 1 -56.3816 20.5212 114
2142 2 1 -56.3816 20.5212 114
2143 2 1 -56.3816 20.5212 114
2144 1 1 -56.3816 20.5212 114
2145 2 1 -56.3816 20.5212 114
2146 2 1 -56.3816 20.5212 114
2147 2 1 -56.3816 20.5212 114
2148 2 1 -56.3816 20.5212 114
2149 2 1 -56.3816 20.5212 114
2150 1 1 -56.3816 20.5212 114
2151 2 1 -56.3816 20.5212 114
2152 1 1 -56.3816 20.5212 114
2153 2 1 -56.3816 20.5212 114
2154 2 1 -56.3816 20.5212 114
2155 1 1 -56.3816 20.5212 114
2156 2 1 -56.3816 20.5212 114
2157 1 1 -56.3816 20.5212 114
2158 2 1 -56.3816 20.5212 114
2159 2 1 -56.3816 20.5212 114
2160 2 1 -56.3816 20.5212 114
2161 2 1 -65.7785 23.9414 115
2162 2 1 -65.7785 23.9414 115
2163 1 1 -65.7785 23.9414 115
2164 1 1 -65.7785 23.9414 115
2165 2 1 -65.7785 23.9414 115
2166 1 1 -65.7785 23.9414 115
2167 2 1 -65.7785 23.9414 115
2168 2 1 -65.7785 23.9414 115
2169 2 1 -65.7785 23.9414 115
2170 2 1 -65.7785 23.9414 115
2171 2 1 -65.7785 23.9414 115
2172 2 1 -65.7785 23.9414 115
2173 2 1 -65.7785 23.9414 115
2174 2 1 -65.7785 23.9414 115
2175 2 1 -65.7785 23.9414 115
2176 2 1 -65.7785 23.9414 115
2177 2 1 -65.7785 23.9414 115
2178 2 1 -65.7785 23.9414 115
2179 2 1 -65.7785 23.9414 115
2180 1 1 -65.7785 23.9414 115
2181 1 1 -65.7785 23.9414 115
2182 2 1 -65.7785 23.9414 115
2183 2 1 -65.7785 23.9414 115
2184 2 1 -65.7785 23.9414 115
2185 2 1 -65.7785 23.9414 115
2186 2 1 -65.7785 23.9414 115
2187 2 1 -65.7785 23.9414 115
2188 2 1 -65.7785 23.9414 115
2189 2 1 -65.7785 23.9414 115
2190 2 1 -65.7785 23.9414 115
2191 2 1 -75.1754 27.3616 116
2192 1 1 -75.1754 27.3616 116
2193 2 1 -75.1754 27.3616 116
2194 2 1 -75.1754 27.3616 116
2195 2 1 -75.1754 27.3616 116
2196 2 1 -75.1754 27.3616 116
2197 2 1 -75.1754 27.3616 116
2198 2 1 -75.1754 27.3616 116
2199 2 1 -75.1754 27.3616 116
2200 2 1 -75.1754 27.3616 116
2201 2 1 -75.1754 27.3616 116
2202 2 1 -75.1754 27.3616 116
2203 2 1 -75.1754 27.3616 116
2204 2 1 -75.1754 27.3616 116
2205 2 1 -75.1754 27.3616 116
2206 2 1 -75.1754 27.3616 116
2207 1 1 -75.1754 27.3616 116
2208 1 1 -75.1754 27.3616 116
2209 2 1 -75.1754 27.3616 116
2210 2 1 -75.1754 27.3616 116
2211 1 1 -75.1754 27.3616 116
2212 1 1 -75.1754 27.3616 116
2213 2 1 -75.1754 27.3616 116
2214 1 1 -75.1754 27.3616 116
2215 2 1 -75.1754 27.3616 116
2216 2 1 -75.1754 27.3616 116
2217 2 1 -75.1754 27.3616 116
2218 2 1 -75.1754 27.3616 116
2219 1 1 -75.1754 27.3616 116
2220 2 1 -75.1754 27.3616 116
2221 2 1 -84.5723 30.7818 117
2222 1 1 -84.5723 30.7818 117
2223 1 1 -84.5723 30.7818 117
2224 2 1 -84.5723 30.7818 117
2225 2 1 -84.5723 30.7818 117
2226 2 1 -84.5723 30.7818 117
2227 2 1 -84.5723 30.7818 117
2228 2 1 -84.5723 30.7818 117
2229 1 1 -84.5723 30.7818 117
2230 2 1 -84.5723 30.7818 117
2231 2 1 -84.5723 30.7818 117
2232 2 1 -84.5723 30.7818 117
2233 1 1 -84.5723 30.7818 117
2234 2 1 -84.5723 30.7818 117
2235 1 1 -84.5723 30.7818 117
2236 1 1 -84.5723 30.7818 117
2237 2 1 -84.5723 30.7818 117
2238 2 1 -84.5723 30.7818 117
2239 2 1 -84.5723 30.7818 117
2240 2 1 -84.5723 30.7818 117
2241 2 1 -84.5723 30.7818 117
2242 2 1 -84.5723 30.7818 117
2243 2 1 -84.5723 30.7818 117
2244 2 1 -84.5723 30.7818 117
2245 2 1 -84.5723 30.7818 117
2246 2 1 -84.5723 30.7818 117
2247 2 1 -84.5723 30.7818 117
2248 2 1 -84.5723 30.7818 117
2249 2 1 -84.5723 30.7818 117
2250 2 1 -84.5723 30.7818 117
2251 4 1 -60.0 0.0 118
2252 4 1 -60.0 0.0 118
2253 4 1 -60.0 0.0 118
2254 4 1 -60.0 0.0 118
2255 2 1 -60.0 0.0 118
2256 4 1 -60.0 0.0 118
2257 2 1 -60.0 0.0 118
2258 2 1 -60.0 0.0 118
2259 4 1 -60.0 0.0 118
2260 2 1 -60.0 0.0 118
2261 2 1 -70.0 0.0 119
2262 4 1 -70.0 0.0 119
2263 2 1 -70.0 0.0 119
2264 2 1 -70.0 0.0 119
2265 4 1 -70.0 0.0 119
2266 2 1 -70.0 0.0 119
2267 4 1 -70.0 0.0 119
2268 4 1 -70.0 0.0 119
2269 4 1 -70.0 0.0 119
2270 4 1 -70.0 0.0 119
2271 4 1 -80.0 0.0 120
2272 4 1 -80.0 0.0 120
2273 4 1 -80.0 0.0 120
2274 2 1 -80.0 0.0 120
2275 4 1 -80.0 0.0 120
2276 4 1 -80.0 0.0 120
2277 2 1 -80.0 0.0 120
2278 4 1 -80.0 0.0 120
2279 2 1 -80.0 0.0 120
2280 4 1 -80.0 0.0 120
2281 4 1 -90.0 0.0 121
2282 4 1 -90.0 0.0 121
2283 4 1 -90.0 0.0 121
2284 2 1 -90.0 0.0 121
2285 2 1 -90.0 0.0 121
2286 2 1 -90.0 0.0 121
2287 4 1 -90.0 0.0 121
2288 4 1 -90.0 0.0 121
2289 2 1 -90.0 0.0 121
2290 4 1 -90.0 0.0 121
2291 4 1 -56.3816 -20.5212 122
2292 4 1 -56.3816 -20.5212 122
2293 4 1 -56.3816 -20.5212 122
2294 4 1 -56.3816 -20.5212 122
2295 4 1 -56.3816 -20.5212 122
2296 1 1 -56.3816 -20.5212 122
2297 4 1 -56.3816 -20.5212 122
2298 4 1 -56.3816 -20.5212 122
2299 4 1 -56.3816 -20.5212 122
2300 4 1 -56.3816 -20.5212 122
2301 4 1 -56.3816 -20.5212 122
2302 4 1 -56.3816 -20.5212 122
2303 4 1 -56.3816 -20.5212 122
2304 1 1 -56.3816 -20.5212 122
2305 1 1 -56.3816 -20.5212 122
2306 4 1 -56.3816 -20.5212 122
2307 4 1 -56.3816 -20.5212 122
2308 1 1 -56.3816 -20.5212 122
2309 4 1 -56.3816 -20.5212 122
2310 1 1 -56.3816 -20.5212 122
2311 4 1 -65.7785 -23.9414 123
2312 4 1 -65.7785 -23.9414 123
2313 4 1 -65.7785 -23.9414 123
2314 1 1 -65.7785 -23.9414 123
2315 4 1 -65.7785 -23.9414 123
2316 4 1 -65.7785 -23.9414 123
2317 1 1 -65.7785 -23.9414 123
2318 4 1 -65.7785 -23.9414 123
2319 4 1 -65.7785 -23.9414 123
2320 4 1 -65.7785 -23.9414 123
2321 4 1 -65.7785 -23.9414 123
2322 4 1 -65.7785 -23.9414 123
2323 4 1 -65.7785 -23.9414 123
2324 1 1 -65.7785 -23.9414 123
2325 4 1 -65.7785 -23.9414 123
2326 4 1 -65.7785 -23.9414 123
2327 4 1 -65.7785 -23.9414 123
2328 1 1 -65.7785 -23.9414 123
2329 4 1 -65.7785 -23.9414 123
2330 4 1 -65.7785 -23.9414 123
2331 4 1 -75.1754 -27.3616 124
2332 1 1 -75.1754 -27.3616 124
2333 4 1 -75.1754 -27.3616 124
2334 4 1 -75.1754 -27.3616 124
2335 4 1 -75.1754 -27.3616 124
2336 4 1 -75.1754 -27.3616 124
2337 4 1 -75.1754 -27.3616 124
2338 4 1 -75.1754 -27.3616 124
2339 4 1 -75.1754 -27.3616 124
2340 1 1 -75.1754 -27.3616 124
2341 4 1 -75.1754 -27.3616 124
2342 4 1 -75.1754 -27.3616 124
2343 4 1 -75.1754 -27.3616 124
2344 4 1 -75.1754 -27.3616 124
2345 4 1 -75.1754 -27.3616 124
2346 1 1 -75.1754 -27.3616 124
2347 4 1 -75.1754 -27.3616 124
2348 1 1 -75.1754 -27.3616 124
2349 4 1 -75.1754 -27.3616 124
2350 4 1 -75.1754 -27.3616 124
2351 4 1 -84.5723 -30.7818 125
2352 4 1 -84.5723 -30.7818 125
2353 4 1 -84.5723 -30.7818 125
2354 1 1 -84.5723 -30.7818 125
2355 1 1 -84.5723 -30.7818 125
2356 1 1 -84.5723 -30.7818 125
2357 1 1 -84.5723 -30.7818 125
2358 1 1 -84.5723 -30.7818 125
2359 4 1 -84.5723 -30.7818 125
2360 4 1 -84.5723 -30.7818 125
2361 4 1 -84.5723 -30.7818 125
2362 1 1 -84.5723 -30.7818 125
2363 4 1 -84.5723 -30.7818 125
2364 1 1 -84.5723 -30.7818 125
2365 4 1 -84.5723 -30.7818 125
2366 4 1 -84.5723 -30.7818 125
2367 1 1 -84.5723 -30.7818 125
2368 4 1 -84.5723 -30.7818 125
2369 1 1 -84.5723 -30.7818 125
2370 4 1 -84.5723 -30.7818 125
2371 2 1 -45.9627 -38.5673 126
2372 2 1 -45.9627 -38.5673 126
2373 1 1 -45.9627 -38.5673 126
2374 2 1 -45.9627 -38.5673 126
2375 2 1 -45.9627 -38.5673 126
2376 2 1 -45.9627 -38.5673 126
2377 2 1 -45.9627 -38.5673 126
2378 1 1 -45.9627 -38.5673 126
2379 1 1 -45.9627 -38.5673 126
2380 1 1 -45.9627 -38.5673 126
2381 2 1 -45.9627 -38.5673 126
2382 2 1 -45.9627 -38.5673 126
2383 2 1 -45.9627 -38.5673 126
2384 2 1 -45.9627 -38.5673 126
2385 2 1 -45.9627 -38.5673 126
2386 2 1 -45.9627 -38.5673 126
2387 2 1 -45.9627 -38.5673 126
2388 1 1 -45.9627 -38.5673 126
2389 2 1 -45.9627 -38.5673 126
2390 2 1 -45.9627 -38.5673 126
2391 2 1 -45.9627 -38.5673 126
2392 1 1 -45.9627 -38.5673 126
2393 2 1 -45.9627 -38.5673 126
2394 1 1 -45.9627 -38.5673 126
2395 2 1 -45.9627 -38.5673 126
2396 2 1 -45.9627 -38.5673 126
2397 2 1 -45.9627 -38.5673 126
2398 2 1 -45.9627 -38.5673 126
2399 2 1 -45.9627 -38.5673 126
2400 2 1 -45.9627 -38.5673 126
2401 2 1 -53.6231 -44.9951 127
2402 2 1 -53.6231 -44.9951 127
2403 2 1 -53.6231 -44.9951 127
2404 2 1 -53.6231 -44.9951 127
2405 2 1 -53.6231 -44.9951 127
2406 1 1 -53.6231 -44.9951 127
2407 1 1 -53.6231 -44.9951 127
2408 1 1 -53.6231 -44.9951 127
2409 2 1 -53.6231 -44.9951 127
2410 2 1 -53.6231 -44.9951 127
2411 2 1 -53.6231 -44.9951 127
2412 1 1 -53.6231 -44.9951 127
2413 2 1 -53.6231 -44.9951 127
2414 2 1 -53.6231 -44.9951 127
2415 1 1 -53.6231 -44.9951 127
2416 2 1 -53.6231 -44.9951 127
2417 2 1 -53.6231 -44.9951 127
2418 1 1 -53.6231 -44.9951 127
2419 1 1 -53.6231 -44.9951 127
2420 1 1 -53.6231 -44.9951 127
2421 2 1 -53.6231 -44.9951 127
2422 2 1 -53.6231 -44.9951 127
2423 2 1 -53.6231 -44.9951 127
2424 2 1 -53.6231 -44.9951 127
2425 1 1 -53.6231 -44.9951 127
2426 2 1 -53.6231 -44.9951 127
2427 2 1 -53.6231 -44.9951 127
2428 1 1 -53.6231 -44.9951 127
2429 2 1 -53.6231 -44.9951 127
2430 1 1 -53.6231 -44.9951 127
2431 2 1 -61.2835 -51.423 128
2432 1 1 -61.2835 -51.423 128
2433 2 1 -61.2835 -51.423 128
2434 2 1 -61.2835 -51.423 128
2435 2 1 -61.2835 -51.423 128
2436 2 1 -61.2835 -51.423 128
2437 2 1 -61.2835 -51.423 128
2438 2 1 -61.2835 -51.423 128
2439 2 1 -61.2835 -51.423 128
2440 2 1 -61.2835 -51.423 128
2441 1 1 -61.2835 -51.423 128
2442 2 1 -61.2835 -51.423 128
2443 2 1 -61.2835 -51.423 128
2444 2 1 -61.2835 -51.423 128
2445 1 1 -61.2835 -51.423 128
2446 2 1 -61.2835 -51.423 128
2447 1 1 -61.2835 -51.423 128
2448 2 1 -61.2835 -51.423 128
2449 2 1 -61.2835 -51.423 128
2450 1 1 -61.2835 -51.423 128
2451 1 1 -61.2835 -51.423 128
2452 2 1 -61.2835 -51.423 128
2453 2 1 -61.2835 -51.423 128
2454 2 1 -61.2835 -51.423 128
2455 1 1 -61.2835 -51.423 128
2456 2 1 -61.2835 -51.423 128
2457 1 1 -61.2835 -51.423 128
2458 2 1 -61.2835 -51.423 128
2459 2 1 -61.2835 -51.423 128
2460 2 1 -61.2835 -51.423 128
2461 2 1 -68.944 -57.8509 129
2462 2 1 -68.944 -57.8509 129
2463 2 1 -68.944 -57.8509 129
2464 2 1 -68.944 -57.8509 129
2465 2 1 -68.944 -57.8509 129
2466 2 1 -68.944 -57.8509 129
2467 2 1 -68.944 -57.8509 129
2468 1 1 -68.944 -57.8509 129
2469 2 1 -68.944 -57.8509 129
2470 2 1 -68.944 -57.8509 129
2471 1 1 -68.944 -57.8509 129
2472 1 1 -68.944 -57.8509 129
2473 2 1 -68.944 -57.8509 129
2474 2 1 -68.944 -57.8509 129
2475 2 1 -68.944 -57.8509 129
2476 2 1 -68.944 -57.8509 129
2477 1 1 -68.944 -57.8509 129
2478 1 1 -68.944 -57.8509 129
2479 2 1 -68.944 -57.8509 129
2480 1 1 -68.944 -57.8509 129
2481 1 1 -68.944 -57.8509 129
2482 2 1 -68.944 -57.8509 129
2483 2 1 -68.944 -57.8509 129
2484 2 1 -68.944 -57.8509 129
2485 1 1 -68.944 -57.8509 129
2486 2 1 -68.944 -57.8509 129
2487 1 1 -68.944 -57.8509 129
2488 1 1 -68.944 -57.8509 129
2489 2 1 -68.944 -57.8509 129
2490 1 1 -68.944 -57.8509 129
2491 4 1 -30.0 -51.9615 130
2492 4 1 -30.0 -51.9615 130
2493 4 1 -30.0 -51.9615 130
2494 4 1 -30.0 -51.9615 130
2495 4 1 -30.0 -51.9615 130
2496 4 1 -30.0 -51.9615 130
2497 2 1 -30.0 -51.9615 130
2498 4 1 -30.0 -51.9615 130
2499 4 1 -30.0 -51.9615 130
2500 4 1 -30.0 -51.9615 130
2501 4 1 -35.0 -60.6218 131
2502 4 1 -35.0 -60.6218 131
2503 4 1 -35.0 -60.6218 131
2504 4 1 -35.0 -60.6218 131
2505 4 1 -35.0 -60.6218 131
2506 2 1 -35.0 -60.6218 131
2507 4 1 -35.0 -60.6218 131
2508 4 1 -35.0 -60.6218 131
2509 4 1 -35.0 -60.6218 131
2510 4 1 -35.0 -60.6218 131
2511 2 1 -40.0 -69.282 132
2512 4 1 -40.0 -69.282 132
2513 4 1 -40.0 -69.282 132
2514 4 1 -40.0 -69.282 132
2515 4 1 -40.0 -69.282 132
2516 4 1 -40.0 -69.282 132
2517 4 1 -40.0 -69.282 132
2518 4 1 -40.0 -69.282 132
2519 4 1 -40.0 -69.282 132
2520 4 1 -40.0 -69.282 132
2521 4 1 -45.0 -77.9423 133
2522 4 1 -45.0 -77.9423 133
2523 2 1 -45.0 -77.9423 133
2524 4 1 -45.0 -77.9423 133
2525 4 1 -45.0 -77.9423 133
2526 4 1 -45.0 -77.9423 133
2527 4 1 -45.0 -77.9423 133
2528 2 1 -45.0 -77.9423 133
2529 4 1 -45.0 -77.9423 133
2530 4 1 -45.0 -77.9423 133
2531 1 1 -10.4189 -59.0885 134
2532 4 1 -10.4189 -59.0885 134
2533 1 1 -10.4189 -59.0885 134
2534 4 1 -10.4189 -59.0885 134
2535 4 1 -10.4189 -59.0885 134
2536 4 1 -10.4189 -59.0885 134
2537 4 1 -10.4189 -59.0885 134
2538 4 1 -10.4189 -59.0885 134
2539 4 1 -10.4189 -59.0885 134
2540 4 1 -10.4189 -59.0885 134
2541 4 1 -10.4189 -59.0885 134
2542 4 1 -10.4189 -59.0885 134
2543 4 1 -10.4189 -59.0885 134
2544 4 1 -10.4189 -59.0885 134
2545 4 1 -10.4189 -59.0885 134
2546 4 1 -10.4189 -59.0885 134
2547 4 1 -10.4189 -59.0885 134
2548 4 1 -10.4189 -59.0885 134
2549 4 1 -10.4189 -59.0885 134
2550 4 1 -10.4189 -59.0885 134
2551 4 1 -12.1554 -68.9365 135
2552 1 1 -12.1554 -68.9365 135
2553 4 1 -12.1554 -68.9365 135
2554 4 1 -12.1554 -68.9365 135
2555 1 1 -12.1554 -68.9365 135
2556 4 1 -12.1554 -68.9365 135
2557 4 1 -12.1554 -68.9365 135
2558 4 1 -12.1554 -68.9365 135
2559 4 1 -12.1554 -68.9365 135
2560 4 1 -12.1554 -68.9365 135
2561 4 1 -12.1554 -68.9365 135
2562 4 1 -12.1554 -68.9365 135
2563 4 1 -12.1554 -68.9365 135
2564 1 1 -12.1554 -68.9365 135
2565 1 1 -12.1554 -68.9365 135
2566 4 1 -12.1554 -68.9365 135
2567 4 1 -12.1554 -68.9365 135
2568 1 1 -12.1554 -68.9365 135
2569 4 1 -12.1554 -68.9365 135
2570 4 1 -12.1554 -68.9365 135
2571 4 1 -13.8919 -78.7846 136
2572 4 1 -13.8919 -78.7846 136
2573 4 1 -13.8919 -78.7846 136
2574 1 1 -13.8919 -78.7846 136
2575 1 1 -13.8919 -78.7846 136
2576 4 1 -13.8919 -78.7846 136
2577 4 1 -13.8919 -78.7846 136
2578 1 1 -13.8919 -78.7846 136
2579 1 1 -13.8919 -78.7846 136
2580 4 1 -13.8919 -78.7846 136
2581 4 1 -13.8919 -78.7846 136
2582 1 1 -13.8919 -78.7846 136
2583 4 1 -13.8919 -78.7846 136
2584 4 1 -13.8919 -78.7846 136
2585 4 1 -13.8919 -78.7846 136
2586 1 1 -13.8919 -78.7846 136
2587 4 1 -13.8919 -78.7846 136
2588 4 1 -13.8919 -78.7846 136
2589 1 1 -13.8919 -78.7846 136
2590 4 1 -13.8919 -78.7846 136
2591 4 1 -15.6283 -88.6327 137
2592 4 1 -15.6283 -88.6327 137
2593 4 1 -15.6283 -88.6327 137
2594 1 1 -15.6283 -88.6327 137
2595 4 1 -15.6283 -88.6327 137
2596 4 1 -15.6283 -88.6327 137
2597 1 1 -15.6283 -88.6327 137
2598 1 1 -15.6283 -88.6327 137
2599 4 1 -15.6283 -88.6327 137
2600 4 1 -15.6283 -88.6327 137
2601 1 1 -15.6283 -88.6327 137
2602 4 1 -15.6283 -88.6327 137
2603 4 1 -15.6283 -88.6327 137
2604 4 1 -15.6283 -88.6327 137
2605 4 1 -15.6283 -88.6327 137
2606 4 1 -15.6283 -88.6327 137
2607 4 1 -15.6283 -88.6327 137
2608 4 1 -15.6283 -88.6327 137
2609 4 1 -15.6283 -88.6327 137
2610 4 1 -15.6283 -88.6327 137
2611 2 1 10.4189 -59.0885 138
2612 2 1 10.4189 -59.0885 138
2613 2 1 10.4189 -59.0885 138
2614 2 1 10.4189 -59.0885 138
2615 2 1 10.4189 -59.0885 138
2616 1 1 10.4189 -59.0885 138
2617 2 1 10.4189 -59.0885 138
2618 2 1 10.4189 -59.0885 138
2619 2 1 10.4189 -59.0885 138
2620 2 1 10.4189 -59.0885 138
2621 2 1 10.4189 -59.0885 138
2622 2 1 10.4189 -59.0885 138
2623 2 1 10.4189 -59.0885 138
2624 2 1 10.4189 -59.0885 138
2625 1 1 10.4189 -59.0885 138
2626 2 1 10.4189 -59.0885 138
2627 1 1 10.4189 -59.0885 138
2628 2 1 10.4189 -59.0885 138
2629 2 1 10.4189 -59.0885 138
2630 1 1 10.4189 -59.0885 138
2631 2 1 10.4189 -59.0885 138
2632 2 1 10.4189 -59.0885 138
2633 2 1 10.4189 -59.0885 138
2634 2 1 10.4189 -59.0885 138
2635 2 1 10.4189 -59.0885 138
2636 2 1 10.4189 -59.0885 138
2637 2 1 10.4189 -59.0885 138
2638 2 1 10.4189 -59.0885 138
2639 2 1 10.4189 -59.0885 138
2640 2 1 10.4189 -59.0885 138
2641 2 1 12.1554 -68.9365 139
2642 2 1 12.1554 -68.9365 139
2643 2 1 12.1554 -68.9365 139
2644 1 1 12.1554 -68.9365 139
2645 2 1 12.1554 -68.9365 139
2646 2 1 12.1554 -68.9365 139
2647 2 1 12.1554 -68.9365 139
2648 1 1 12.1554 -68.9365 139
2649 2 1 12.1554 -68.9365 139
2650 2 1 12.1554 -68.9365 139
2651 1 1 12.1554 -68.9365 139
2652 1 1 12.1554 -68.9365 139
2653 1 1 12.1554 -68.9365 139
2654 2 1 12.1554 -68.9365 139
2655 2 1 12.1554 -68.9365 139
2656 2 1 12.1554 -68.9365 139
2657 2 1 12.1554 -68.9365 139
2658 2 1 12.1554 -68.9365 139
2659 2 1 12.1554 -68.9365 139
2660 2 1 12.1554 -68.9365 139
2661 1 1 12.1554 -68.9365 139
2662 2 1 12.1554 -68.9365 139
2663 2 1 12.1554 -68.9365 139
2664 2 1 12.1554 -68.9365 139
2665 2 1 12.1554 -68.9365 139
2666 2 1 12.1554 -68.9365 139
2667 2 1 12.1554 -68.9365 139
2668 2 1 12.1554 -68.9365 139
2669 2 1 12.1554 -68.9365 139
2670 2 1 12.1554 -68.9365 139
2671 2 1 13.8919 -78.7846 140
2672 2 1 13.8919 -78.7846 140
2673 1 1 13.8919 -78.7846 140
2674 2 1 13.8919 -78.7846 140
2675 1 1 13.8919 -78.7846 140
2676 2 1 13.8919 -78.7846 140
2677 2 1 13.8919 -78.7846 140
2678 1 1 13.8919 -78.7846 140
2679 2 1 13.8919 -78.7846 140
2680 1 1 13.8919 -78.7846 140
2681 2 1 13.8919 -78.7846 140
2682 2 1 13.8919 -78.7846 140
2683 2 1 13.8919 -78.7846 140
2684 2 1 13.8919 -78.7846 140
2685 2 1 13.8919 -78.7846 140
2686 1 1 13.8919 -78.7846 140
2687 2 1 13.8919 -78.7846 140
2688 2 1 13.8919 -78.7846 140
2689 2 1 13.8919 -78.7846 140
2690 2 1 13.8919 -78.7846 140
2691 2 1 13.8919 -78.7846 140
2692 2 1 13.8919 -78.7846 140
2693 2 1 13.8919 -78.7846 140
2694 2 1 13.8919 -78.7846 140
2695 2 1 13.8919 -78.7846 140
2696 2 1 13.8919 -78.7846 140
2697 2 1 13.8919 -78.7846 140
2698 2 1 13.8919 -78.7846 140
2699 1 1 13.8919 -78.7846 140
2700 2 1 13.8919 -78.7846 140
2701 2 1 15.6283 -88.6327 141
2702 2 1 15.6283 -88.6327 141
2703 2 1 15.6283 -88.6327 141
2704 2 1 15.6283 -88.6327 141
2705 2 1 15.6283 -88.6327 141
2706 1 1 15.6283 -88.6327 141
2707 2 1 15.6283 -88.6327 141
2708 2 1 15.6283 -88.6327 141
2709 2 1 15.6283 -88.6327 141
2710 1 1 15.6283 -88.6327 141
2711 2 1 15.6283 -88.6327 141
2712 2 1 15.6283 -88.6327 141
2713 2 1 15.6283 -88.6327 141
2714 2 1 15.6283 -88.6327 141
2715 1 1 15.6283 -88.6327 141
2716 2 1 15.6283 -88.6327 141
2717 2 1 15.6283 -88.6327 141
2718 2 1 15.6283 -88.6327 141
2719 1 1 15.6283 -88.6327 141
2720 2 1 15.6283 -88.6327 141
2721 2 1 15.6283 -88.6327 141
2722 2 1 15.6283 -88.6327 141
2723 1 1 15.6283 -88.6327 141
2724 2 1 15.6283 -88.6327 141
2725 1 1 15.6283 -88.6327 141
2726 2 1 15.6283 -88.6327 141
2727 2 1 15.6283 -88.6327 141
2728 2 1 15.6283 -88.6327 141
2729 2 1 15.6283 -88.6327 141
2730 2 1 15.6283 -88.6327 141
2731 4 1 30.0 -51.9615 142
2732 4 1 30.0 -51.9615 142
2733 4 1 30.0 -51.9615 142
2734 4 1 30.0 -51.9615 142
2735 2 1 30.0 -51.9615 142
2736 4 1 30.0 -51.9615 142
2737 4 1 30.0 -51.9615 142
2738 4 1 30.0 -51.9615 142
2739 4 1 30.0 -51.9615 142
2740 4 1 30.0 -51.9615 142
2741 4 1 35.0 -60.6218 143
2742 4 1 35.0 -60.6218 143
2743 4 1 35.0 -60.6218 143
2744 4 1 35.0 -60.6218 143
2745 2 1 35.0 -60.6218 143
2746 4 1 35.0 -60.6218 143
2747 4 1 35.0 -60.6218 143
2748 4 1 35.0 -60.6218 143
2749 4 1 35.0 -60.6218 143
2750 4 1 35.0 -60.6218 143
2751 4 1 40.0 -69.282 144
2752 4 1 40.0 -69.282 144
2753 4 1 40.0 -69.282 144
2754 4 1 40.0 -69.282 144
2755 2 1 40.0 -69.282 144
2756 4 1 40.0 -69.282 144
2757 4 1 40.0 -69.282 144
2758 4 1 40.0 -69.282 144
2759 2 1 40.0 -69.282 144
2760 4 1 40.0 -69.282 144
2761 4 1 45.0 -77.9423 145
2762 4 1 45.0 -77.9423 145
2763 4 1 45.0 -77.9423 145
2764 4 1 45.0 -77.9423 145
2765 4 1 45.0 -77.9423 145
2766 4 1 45.0 -77.9423 145
2767 4 1 45.0 -77.9423 145
2768 4 1 45.0 -77.9423 145
2769 2 1 45.0 -77.9423 145
2770 4 1 45.0 -77.9423 145
2771 4 1 45.9627 -38.5672 146
2772 4 1 45.9627 -38.5672 146
2773 1 1 45.9627 -38.5672 146
2774 4 1 45.9627 -38.5672 146
2775 4 1 45.9627 -38.5672 146
2776 4 1 45.9627 -38.5672 146
2777 1 1 45.9627 -38.5672 146
2778 1 1 45.9627 -38.5672 146
2779 1 1 45.9627 -38.5672 146
2780 4 1 45.9627 -38.5672 146
2781 4 1 45.9627 -38.5672 146
2782 4 1 45.9627 -38.5672 146
2783 1 1 45.9627 -38.5672 146
2784 4 1 45.9627 -38.5672 146
2785 4 1 45.9627 -38.5672 146
2786 1 1 45.9627 -38.5672 146
2787 4 1 45.9627 -38.5672 146
2788 1 1 45.9627 -38.5672 146
2789 4 1 45.9627 -38.5672 146
2790 4 1 45.9627 -38.5672 146
2791 4 1 53.6231 -44.9951 147
2792 4 1 53.6231 -44.9951 147
2793 1 1 53.6231 -44.9951 147
2794 1 1 53.6231 -44.9951 147
2795 4 1 53.6231 -44.9951 147
2796 4 1 53.6231 -44.9951 147
2797 4 1 53.6231 -44.9951 147
2798 4 1 53.6231 -44.9951 147
2799 4 1 53.6231 -44.9951 147
2800 1 1 53.6231 -44.9951 147
2801 4 1 53.6231 -44.9951 147
2802 4 1 53.6231 -44.9951 147
2803 4 1 53.6231 -44.9951 147
2804 4 1 53.6231 -44.9951 147
2805 1 1 53.6231 -44.9951 147
2806 4 1 53.6231 -44.9951 147
2807 4 1 53.6231 -44.9951 147
2808 1 1 53.6231 -44.9951 147
2809 1 1 53.6231 -44.9951 147
2810 4 1 53.6231 -44.9951 147
2811 4 1 61.2836 -51.423 148
2812 1 1 61.2836 -51.423 148
2813 4 1 61.2836 -51.423 148
2814 4 1 61.2836 -51.423 148
2815 4 1 61.2836 -51.423 148
2816 4 1 61.2836 -51.423 148
2817 4 1 61.2836 -51.423 148
2818 4 1 61.2836 -51.423 148
2819 4 1 61.2836 -51.423 148
2820 4 1 61.2836 -51.423 148
2821 4 1 61.2836 -51.423 148
2822 4 1 61.2836 -51.423 148
2823 4 1 61.2836 -51.423 148
2824 4 1 61.2836 -51.423 148
2825 4 1 61.2836 -51.423 148
2826 1 1 61.2836 -51.423 148
2827 4 1 61.2836 -51.423 148
2828 4 1 61.2836 -51.423 148
2829 4 1 61.2836 -51.423 148
2830 4 1 61.2836 -51.423 148
2831 4 1 68.944 -57.8509 149
2832 4 1 68.944 -57.8509 149
2833 1 1 68.944 -57.8509 149
2834 4 1 68.944 -57.8509 149
2835 4 1 68.944 -57.8509 149
2836 4 1 68.944 -57.8509 149
2837 1 1 68.944 -57.8509 149
2838 4 1 68.944 -57.8509 149
2839 4 1 68.944 -57.8509 149
2840 4 1 68.944 -57.8509 149
2841 4 1 68.944 -57.8509 149
2842 4 1 68.944 -57.8509 149
2843 4 1 68.944 -57.8509 149
2844 4 1 68.944 -57.8509 149
2845 1 1 68.944 -57.8509 149
2846 4 1 68.944 -57.8509 149
2847 4 1 68.944 -57.8509 149
2848 4 1 68.944 -57.8509 149
2849 4 1 68.944 -57.8509 149
2850 1 1 68.944 -57.8509 149
2851 1 1 56.3816 -20.5212 150
2852 2 1 56.3816 -20.5212 150
2853 2 1 56.3816 -20.5212 150
2854 2 1 56.3816 -20.5212 150
2855 2 1 56.3816 -20.5212 150
2856 2 1 56.3816 -20.5212 150
2857 2 1 56.3816 -20.5212 150
2858 2 1 56.3816 -20.5212 150
2859 1 1 56.3816 -20.5212 150
2860 2 1 56.3816 -20.5212 150
2861 2 1 56.3816 -20.5212 150
2862 2 1 56.3816 -20.5212 150
2863 2 1 56.3816 -20.5212 150
2864 2 1 56.3816 -20.5212 150
2865 2 1 56.3816 -20.5212 150
2866 2 1 56.3816 -20.5212 150
2867 2 1 56.3816 -20.5212 150
2868 2 1 56.3816 -20.5212 150
2869 2 1 56.3816 -20.5212 150
2870 2 1 56.3816 -20.5212 150
2871 2 1 56.3816 -20.5212 150
2872 2 1 56.3816 -20.5212 150
2873 2 1 56.3816 -20.5212 150
2874 2 1 56.3816 -20.5212 150
2875 1 1 56.3816 -20.5212 150
2876 1 1 56.3816 -20.5212 150
2877 2 1 56.3816 -20.5212 150
2878 2 1 56.3816 -20.5212 150
2879 2 1 56.3816 -20.5212 150
2880 2 1 56.3816 -20.5212 150
2881 2 1 65.7785 -23.9414 151
2882 2 1 65.7785 -23.9414 151
2883 2 1 65.7785 -23.9414 151
2884 2 1 65.7785 -23.9414 151
2885 2 1 65.7785 -23.9414 151
2886 2 1 65.7785 -23.9414 151
2887 2 1 65.7785 -23.9414 151
2888 2 1 65.7785 -23.9414 151
2889 2 1 65.7785 -23.9414 151
2890 2 1 65.7785 -23.9414 151
2891 2 1 65.7785 -23.9414 151
2892 1 1 65.7785 -23.9414 151
2893 2 1 65.7785 -23.9414 151
2894 2 1 65.7785 -23.9414 151
2895 2 1 65.7785 -23.9414 151
2896 2 1 65.7785 -23.9414 151
2897 2 1 65.7785 -23.9414 151
2898 2 1 65.7785 -23.9414 151
2899 2 1 65.7785 -23.9414 151
2900 1 1 65.7785 -23.9414 151
2901 2 1 65.7785 -23.9414 151
2902 2 1 65.7785 -23.9414 151
2903 2 1 65.7785 -23.9414 151
2904 2 1 65.7785 -23.9414 151
2905 2 1 65.7785 -23.9414 151
2906 2 1 65.7785 -23.9414 151
2907 2 1 65.7785 -23.9414 151
2908 2 1 65.7785 -23.9414 151
2909 2 1 65.7785 -23.9414 151
2910 2 1 65.7785 -23.9414 151
2911 1 1 75.1754 -27.3616 152
2912 1 1 75.1754 -27.3616 152
2913 2 1 75.1754 -27.3616 152
2914 2 1 75.1754 -27.3616 152
2915 2 1 75.1754 -27.3616 152
2916 1 1 75.1754 -27.3616 152
2917 2 1 75.1754 -27.3616 152
2918 2 1 75.1754 -27.3616 152
2919 2 1 75.1754 -27.3616 152
2920 1 1 75.1754 -27.3616 152
2921 2 1 75.1754 -27.3616 152
2922 2 1 75.1754 -27.3616 152
2923 1 1 75.1754 -27.3616 152
2924 2 1 75.1754 -27.3616 152
2925 1 1 75.1754 -27.3616 152
2926 2 1 75.1754 -27.3616 152
2927 1 1 75.1754 -27.3616 152
2928 2 1 75.1754 -27.3616 152
2929 1 1 75.1754 -27.3616 152
2930 2 1 75.1754 -27.3616 152
2931 2 1 75.1754 -27.3616 152
2932 1 1 75.1754 -27.3616 152
2933 2 1 75.1754 -27.3616 152
2934 1 1 75.1754 -27.3616 152
2935 2 1 75.1754 -27.3616 152
2936 2 1 75.1754 -27.3616 152
2937 2 1 75.1754 -27.3616 152
2938 2 1 75.1754 -27.3616 152
2939 2 1 75.1754 -27.3616 152
2940 2 1 75.1754 -27.3616 152
2941 2 1 84.5723 -30.7818 153
2942 2 1 84.5723 -30.7818 153
2943 2 1 84.5723 -30.7818 153
2944 2 1 84.5723 -30.7818 153
2945 2 1 84.5723 -30.7818 153
2946 2 1 84.5723 -30.7818 153
2947 2 1 84.5723 -30.7818 153
2948 2 1 84.5723 -30.7818 153
2949 2 1 84.5723 -30.7818 153
2950 2 1 84.5723 -30.7818 153
2951 2 1 84.5723 -30.7818 153
2952 2 1 84.5723 -30.7818 153
2953 2 1 84.5723 -30.7818 153
2954 2 1 84.5723 -30.7818 153
2955 2 1 84.5723 -30.7818 153
2956 1 1 84.5723 -30.7818 153
2957 1 1 84.5723 -30.7818 153
2958 2 1 84.5723 -30.7818 153
2959 2 1 84.5723 -30.7818 153
2960 2 1 84.5723 -30.7818 153
2961 2 1 84.5723 -30.7818 153
2962 1 1 84.5723 -30.7818 153
2963 2 1 84.5723 -30.7818 153
2964 1 1 84.5723 -30.7818 153
2965 2 1 84.5723 -30.7818 153
2966 2 1 84.5723 -30.7818 153
2967 2 1 84.5723 -30.7818 153
2968 1 1 84.5723 -30.7818 153
2969 1 1 84.5723 -30.7818 153
2970 2 1 84.5723 -30.7818 153
2971 4 1 98.4808 17.3648 154
2972 4 1 98.4808 17.3648 154
2973 1 1 98.4808 17.3648 154
2974 4 1 98.4808 17.3648 154
2975 2 1 98.4808 17.3648 154
2976 4 1 98.4808 17.3648 154
2977 4 1 98.4808 17.3648 154
2978 4 1 98.4808 17.3648 154
2979 4 1 98.4808 17.3648 154
2980 4 1 98.4808 17.3648 154
2981 4 1 64.2788 76.6044 155
2982 4 1 64.2788 76.6044 155
2983 2 1 64.2788 76.6044 155
2984 1 1 64.2788 76.6044 155
2985 4 1 64.2788 76.6044 155
2986 4 1 64.2788 76.6044 155
2987 2 1 64.2788 76.6044 155
2988 4 1 64.2788 76.6044 155
2989 4 1 64.2788 76.6044 155
2990 4 1 64.2788 76.6044 155
2991 4 1 0.0 100.0 156
2992 4 1 0.0 100.0 156
2993 2 1 0.0 100.0 156
2994 1 1 0.0 100.0 156
2995 4 1 0.0 100.0 156
2996 2 1 0.0 100.0 156
2997 4 1 0.0 100.0 156
2998 4 1 0.0 100.0 156
2999 1 1 0.0 100.0 156
3000 4 1 0.0 100.0 156
