File: p15 Num Depots: 1 Num Pick Up Points: 156 Num Trucks: 6Processing Time: 187 seconds
Total Demand = 3000.00| Total Distance = 7359.40| Total Travel Time = 5519.55| Total Cost = $3914.87|

Truck #1855 MaxCap: 100 Demand: 99.0 ROUTE:0 386 371 370 367 365 297 287 284 320 315 310 309 307 303 409 402 399 442 437 430 428 422 334 333 326 358 355 480 479 477 474 473 472 469 468 466 462 460 457 451 1917 1915 1910 1908 1903 1902 1899 1897 1896 1947 1939 1977 1968 1961 1959 1958 2001 1997 1996 1994 2999 2994 1889 1885 1884 1872 1864 1860 1854 1838 1836 1833 1826 1819 1815 1814 2984 1770 1768 1767 1762 1759 1757 1756 1680 1658 1653 1457 1456 205 198 195 160 153 143 142 139 137 131 -1 
Truck #1856 MaxCap: 160 Demand: 159.0 ROUTE:0 630 629 628 621 611 609 605 602 535 532 530 558 555 554 553 550 544 572 566 562 596 591 589 584 582 1474 2068 2055 2054 2053 2085 2084 2083 2109 2105 2095 2091 2125 2121 2119 2113 2236 2235 2233 2229 2223 2222 2219 2214 2212 2211 2208 2207 2192 2181 2180 2166 2164 2163 2157 2155 2152 2150 2144 2141 2139 2137 2136 1487 720 714 701 696 693 679 677 675 672 669 664 660 659 652 650 643 639 634 820 819 812 811 808 838 837 833 829 2310 2308 2305 2304 2296 2328 2324 2317 2314 2348 2346 2340 2332 2369 2367 2364 2362 2358 2357 2356 2355 2354 2490 2488 2487 2485 2481 2480 2478 2477 2472 2471 2468 2430 2428 2425 2420 2419 2418 2415 2412 2408 2407 2406 2378 2373 958 955 951 950 944 934 927 912 909 907 905 902 795 793 786 779 768 -1 
Truck #1858 MaxCap: 100 Demand: 99.0 ROUTE:0 210 209 208 207 206 204 203 202 201 200 199 197 196 194 193 192 191 190 189 188 186 185 184 183 181 1676 1675 1674 1673 1672 1671 1670 1669 1668 1667 1666 1665 1664 1663 1662 1661 1660 1659 1657 1656 1655 1654 1652 1651 1710 1709 1708 1707 1706 1705 1704 1703 1702 1700 1698 1697 1695 1694 1693 1692 1691 1690 1688 1687 1684 1683 1682 1769 1766 1765 1764 1763 1761 1760 1758 1755 1754 1753 1752 1751 1750 1749 1748 1747 1746 1745 1744 1743 1742 1741 1740 1739 1738 1735 -1 
Truck #1859 MaxCap: 160 Demand: 159.0 ROUTE:0 243 450 449 448 447 446 445 444 443 441 440 439 438 436 435 434 433 432 431 429 427 426 425 424 423 421 478 476 475 471 470 467 465 464 463 461 459 458 456 455 454 453 452 1468 1912 1911 1909 1907 1906 1905 1904 1901 1900 1898 1895 1894 1893 1892 1891 2010 2009 2008 2007 2006 2005 2004 2003 2002 2000 1999 1998 1995 1993 1992 1991 1990 1989 1988 1987 1986 1985 1984 1983 1982 1981 2996 2993 1803 2987 2983 1799 1795 1791 1781 1780 1776 236 237 238 239 267 264 260 258 255 251 180 179 178 177 176 175 174 173 172 171 170 169 168 167 166 165 164 163 162 161 159 158 157 156 155 154 152 151 150 149 148 147 146 145 144 141 140 138 136 135 134 133 132 130 129 128 127 126 125 124 123 122 121 -1 
Truck #1861 MaxCap: 200 Demand: 199.0 ROUTE:0 250 249 248 247 246 245 244 242 241 300 299 298 296 295 294 293 292 291 290 289 288 286 285 283 282 281 319 318 317 316 314 313 312 311 308 306 305 304 302 301 259 257 256 254 253 252 270 269 268 266 265 263 262 261 280 278 277 276 275 274 273 272 271 1460 1459 1458 1455 1454 1453 1452 1451 1779 1778 1777 1775 1774 1773 1772 1771 1827 1825 1824 1823 1822 1821 1820 1818 1817 1816 1813 1812 1811 1850 1849 1848 1847 1846 1845 1844 1843 1842 1841 1840 1839 1837 1835 1834 1832 1831 1790 1789 1788 1787 1786 1785 1784 1783 1782 1800 1798 1797 1796 1794 1793 1792 1810 1809 1808 1807 1806 1805 1804 1802 1801 2990 2989 2988 2986 2985 2982 2981 1650 1648 1647 1645 1644 1642 1641 1640 1639 1637 1636 1634 1633 1632 1631 1630 1629 1627 1626 1625 1624 1623 1621 1620 1618 1617 1616 1615 1614 1613 1611 119 117 116 115 114 113 112 111 110 60 59 58 57 56 55 54 53 51 50 49 48 47 46 45 43 42 41 -1 
Truck #1862 MaxCap: 250 Demand: 249.0 ROUTE:0 490 489 488 487 486 485 483 482 481 500 498 497 496 495 494 493 492 340 339 338 337 336 335 332 331 330 329 328 327 325 324 323 322 321 341 360 359 357 356 354 353 352 351 350 349 348 347 346 345 344 343 342 1470 1469 1467 1466 1465 1464 1463 1462 1461 1830 1829 1828 1870 1869 1868 1867 1866 1865 1863 1862 1861 1859 1858 1857 1856 1855 1853 1852 1851 1890 1888 1887 1886 1883 1882 1881 1880 1879 1878 1877 1876 1875 1874 1873 1871 3000 2998 2997 2995 2992 2991 2029 2028 2027 2026 2025 2024 2022 2021 2040 2039 2038 2036 2034 2033 2032 2048 2047 2046 2045 2044 2043 2041 2130 2129 2128 2127 2126 2124 2123 2122 2120 2118 2117 2116 2115 2114 2112 2111 2088 2087 2086 2082 2081 2080 2079 2078 2077 2076 2075 2074 2073 2072 2071 2070 2069 2067 2066 2065 2064 2063 2062 2061 2060 2059 2058 2057 2056 2052 2051 2019 2018 2017 2015 2014 2011 1479 1478 1477 1476 1473 1471 520 519 518 517 516 515 514 513 512 511 509 508 507 506 505 504 502 580 579 578 577 576 575 574 573 571 570 569 568 567 565 564 563 561 560 559 557 556 552 551 549 548 547 546 545 543 542 541 540 539 538 537 536 534 533 531 529 528 527 526 525 524 523 522 521 -1 
Truck #1863 MaxCap: 60 Demand: 59.0 ROUTE:0 1980 1979 1978 1976 1975 1974 1973 1972 1971 1970 1969 1967 1966 1965 1964 1963 1962 1960 1957 1956 1955 1954 1953 1952 1951 1950 1949 1948 1946 1945 1944 1943 1942 1941 1940 1938 1937 1936 1935 1934 1933 1932 1931 1930 1929 1928 1927 1926 1925 1924 1923 1922 1921 1920 1919 1918 1916 1914 1913 -1 
Truck #1864 MaxCap: 60 Demand: 59.0 ROUTE:0 484 510 503 501 2030 2023 2042 420 419 418 417 416 415 414 413 412 411 410 408 407 406 405 404 403 401 400 398 397 396 395 394 393 392 391 390 389 388 387 385 384 383 382 381 380 379 378 377 376 375 374 373 372 369 368 366 364 363 362 361 -1 
Truck #1865 MaxCap: 60 Demand: 59.0 ROUTE:0 499 491 1480 1475 1472 2020 2016 2013 2012 2037 2035 2031 2050 2049 2249 2248 2247 2246 2245 2244 2243 2242 2241 2240 2239 2238 2237 2234 2232 2231 2230 2228 2227 2226 2225 2224 2221 627 626 625 624 623 622 620 619 618 617 616 615 614 613 612 610 608 607 606 604 603 601 -1 
Truck #1866 MaxCap: 150 Demand: 149.0 ROUTE:0 600 599 598 597 595 594 593 592 590 588 587 586 585 583 581 2090 2089 2110 2108 2107 2106 2104 2103 2102 2101 2100 2099 2098 2097 2096 2094 2093 2092 2290 2288 2287 2283 2282 2281 2280 2278 2276 2275 2273 2272 2271 2270 2269 2268 2267 2265 2262 2318 2316 2315 2313 2312 2311 2309 2307 2306 2303 2302 2301 2300 2299 2298 2297 2295 2294 2293 2292 2291 2259 2256 2254 2253 2252 2251 1490 1489 1488 1486 1485 1484 1482 1481 758 755 754 753 751 748 747 746 745 744 743 742 741 818 817 816 815 814 813 810 809 807 806 805 804 803 802 801 800 799 798 797 796 794 792 791 790 789 788 787 785 784 783 782 781 738 737 736 735 734 733 731 730 729 728 727 726 725 724 723 722 721 -1 
Truck #1867 MaxCap: 60 Demand: 59.0 ROUTE:0 2250 2220 2218 2217 2216 2215 2213 2210 2209 2206 2205 2204 2203 2202 2201 2200 2199 2198 2197 2196 2195 2194 2193 2191 2173 2172 2171 2170 2169 2168 2167 2165 2162 2161 719 718 717 716 715 713 712 711 710 709 708 707 706 705 704 703 702 700 699 698 697 695 694 692 691 -1 
Truck #1868 MaxCap: 60 Demand: 59.0 ROUTE:0 690 689 688 687 686 685 684 683 682 681 680 678 676 674 673 671 670 668 667 666 665 663 662 661 2159 2158 2156 2154 2153 2151 2149 2148 2147 2146 2145 2143 2142 2140 2138 2135 2134 2133 2132 2131 2190 2189 2188 2187 2186 2185 2184 2183 2182 2179 2178 2177 2176 2175 2174 -1 
Truck #1869 MaxCap: 60 Demand: 59.0 ROUTE:0 939 938 937 936 935 933 932 931 1493 2260 2258 2257 2255 2266 2264 2263 2261 2279 2277 2274 2289 2286 2285 2284 2160 1483 760 759 757 756 752 750 749 740 739 732 658 657 656 655 654 653 651 649 648 647 646 645 644 642 641 640 638 637 636 635 633 632 631 -1 
Truck #1870 MaxCap: 150 Demand: 149.0 ROUTE:0 970 969 968 966 965 964 963 962 961 980 977 976 975 974 973 972 990 989 988 987 986 985 983 982 981 1000 999 998 997 996 995 994 992 991 2500 2499 2498 2496 2495 2494 2493 2492 2491 2510 2509 2508 2507 2505 2504 2503 2502 2501 2520 2519 2518 2517 2516 2515 2514 2513 2512 2530 2529 2527 2526 2525 2524 2522 2521 2370 2368 2366 2365 2363 2361 2360 2359 2353 2352 2351 2350 2349 2347 2345 2344 2343 2342 2341 2339 2338 2337 2336 2335 2334 2333 2331 2330 2329 2327 2326 2325 2323 2322 2321 2320 2319 1500 1499 1498 1497 1496 1495 1494 1492 1491 840 839 836 835 834 832 831 830 828 827 826 825 824 823 822 821 780 778 777 776 775 774 773 772 771 770 769 767 766 765 764 763 762 761 -1 
Truck #1871 MaxCap: 60 Demand: 59.0 ROUTE:0 930 929 928 926 925 924 923 922 921 920 919 918 917 916 915 914 913 911 910 908 906 904 903 901 2429 2427 2426 2424 2423 2422 2421 2417 2416 2414 2413 2411 2410 2409 2405 2404 2403 2402 2401 960 959 957 956 954 953 952 949 948 947 946 945 943 942 941 940 -1 
Truck #1872 MaxCap: 60 Demand: 59.0 ROUTE:0 2400 2399 2398 2397 2396 2395 2393 2391 2390 2389 2387 2386 2385 2384 2383 2382 2381 2377 2376 2375 2374 2372 2371 2453 2452 2449 2448 2446 2444 2443 2442 2440 2439 2438 2437 2436 2435 2434 2433 2431 2489 2486 2484 2483 2482 2479 2476 2475 2474 2473 2470 2469 2467 2466 2465 2464 2463 2462 2461 -1 
Truck #1873 MaxCap: 60 Demand: 59.0 ROUTE:0 1020 1012 1008 1039 1035 1030 1027 1023 1148 1142 1059 1052 1050 1049 1076 1072 1062 1504 2533 2531 2568 2565 2564 2555 2552 2589 2586 2582 2579 2578 2575 2574 2601 2598 2597 2594 2457 2455 2451 2450 2447 2445 2441 2432 2394 2392 2388 2380 2379 897 890 883 871 865 857 856 854 848 844 -1 
Truck #1874 MaxCap: 60 Demand: 59.0 ROUTE:0 870 869 868 867 866 864 863 862 861 860 859 858 855 853 852 851 850 849 847 846 845 843 842 841 900 899 898 896 895 894 893 892 891 889 888 887 886 885 884 882 881 880 879 878 877 876 875 874 873 872 2460 2459 2458 2456 2454 993 979 978 971 -1 
Truck #1875 MaxCap: 60 Demand: 59.0 ROUTE:0 967 984 2497 2506 2511 2528 2523 1509 1502 1200 1199 1198 1197 1196 1195 1194 1193 1191 1189 1188 1187 1186 1184 1183 1182 1181 1179 1178 1177 1176 1174 1173 1172 1171 1170 1169 1168 1167 1165 1164 1163 1162 1161 1158 1157 1156 1155 1154 1153 1152 1151 1150 1149 1147 1146 1145 1144 1143 1141 -1 
Truck #1876 MaxCap: 150 Demand: 149.0 ROUTE:0 1019 1018 1017 1016 1015 1014 1013 1011 1010 1009 1007 1006 1005 1004 1003 1002 1001 1040 1038 1037 1036 1034 1033 1032 1031 1029 1028 1026 1025 1024 1022 1021 1060 1058 1057 1056 1055 1054 1053 1051 1048 1047 1046 1045 1044 1043 1042 1041 1080 1079 1078 1077 1075 1074 1073 1071 1070 1069 1068 1067 1066 1065 1064 1063 1061 1510 1508 1507 1506 1505 1503 1501 2550 2549 2548 2547 2546 2545 2544 2543 2542 2541 2540 2539 2538 2537 2536 2535 2534 2532 2570 2569 2567 2566 2563 2562 2561 2560 2559 2558 2557 2556 2554 2553 2551 2590 2588 2587 2585 2584 2583 2581 2580 2577 2576 2573 2572 2571 2610 2609 2608 2607 2606 2605 2604 2603 2602 2600 2599 2596 2595 2593 2592 2591 1520 1519 1518 1515 1514 1513 1512 1511 1209 1208 1207 1206 1205 1204 1201 -1 
Truck #1877 MaxCap: 60 Demand: 59.0 ROUTE:0 1108 1095 1090 1086 1115 1140 1129 1166 1160 1159 1192 1190 1185 1180 1175 1517 1516 2630 2627 2625 2616 2661 2653 2652 2651 2648 2644 2699 2686 2680 2678 2675 2673 2725 2723 2719 2715 2710 2706 2850 2845 2837 2833 2809 2808 2805 2800 2794 2793 1313 1310 1307 1302 1293 1292 1291 1258 1245 1241 -1 
Truck #1878 MaxCap: 60 Demand: 59.0 ROUTE:0 2640 2639 2638 2637 2636 2635 2634 2633 2632 2631 2629 2628 2626 2624 2623 2622 2621 2620 2619 2618 2617 2615 2614 2613 2612 2611 2654 2650 2649 2647 2646 2645 2643 2642 2641 2730 2729 2728 2727 2726 2724 2722 2721 2720 2718 2717 2716 2714 2713 2712 2711 2709 2708 2707 2705 2704 2703 2702 2701 -1 
Truck #1879 MaxCap: 60 Demand: 59.0 ROUTE:0 1103 1102 1101 1100 1099 1098 1097 1096 1094 1093 1092 1091 1089 1088 1087 1085 1084 1083 1082 1081 2700 2698 2697 2696 2695 2694 2693 2692 2691 2690 2689 2688 2687 2685 2684 2683 2682 2681 2679 2677 2676 2674 2672 2671 2670 2669 2668 2667 2666 2665 2664 2663 2662 2660 2659 2658 2657 2656 2655 -1 
Truck #1880 MaxCap: 60 Demand: 59.0 ROUTE:0 1110 1109 1107 1106 1105 1104 1139 1138 1137 1136 1135 1134 1133 1132 1131 1130 1128 1127 1126 1125 1124 1123 1122 1121 1120 1119 1118 1117 1116 1114 1113 1112 1111 2769 2759 2755 2745 2735 1240 1238 1232 1220 1219 1217 1214 1203 1202 1334 1333 1331 1329 1328 1327 1326 1325 1324 1323 1322 1321 -1 
Truck #1881 MaxCap: 150 Demand: 149.0 ROUTE:0 1210 1218 1216 1215 1213 1212 1211 1230 1229 1228 1227 1226 1225 1224 1223 1222 1221 1239 1237 1236 1235 1234 1233 1231 2731 2740 2739 2738 2737 2736 2734 2733 2732 2750 2749 2748 2747 2746 2744 2743 2742 2741 2760 2758 2757 2756 2754 2753 2752 2751 2770 2768 2767 2766 2765 2764 2763 2762 2761 2849 2848 2847 2846 2844 2843 2842 2841 2840 2839 2838 2836 2835 2834 2832 2831 2822 2821 2820 2819 2818 2817 2816 2815 2814 2813 2811 2810 2807 2806 2804 2803 2802 2801 2799 2798 2797 2796 2795 2792 2791 1320 1319 1318 1317 1316 1315 1312 1311 1309 1308 1306 1305 1304 1303 1301 1300 1299 1298 1297 1296 1295 1294 1290 1289 1288 1287 1286 1285 1284 1283 1282 1281 1260 1259 1257 1256 1255 1254 1253 1252 1251 1250 1249 1248 1247 1246 1244 1243 1242 -1 
Truck #1882 MaxCap: 60 Demand: 59.0 ROUTE:0 1268 1267 1265 1261 1314 2788 2786 2783 2779 2778 2777 2773 2826 2812 2969 2968 2964 2962 2957 2956 2934 2932 2929 2927 2925 2923 2920 2916 2912 2911 2900 2892 2876 2875 2859 2851 1529 1440 1439 1437 1436 1432 1415 1414 1401 1394 1391 1388 1386 1382 1366 1361 1359 1355 1350 1340 1337 1332 1330 -1 
Truck #1885 MaxCap: 60 Demand: 59.0 ROUTE:0 1395 1393 1392 1390 1389 1387 1385 1384 1383 1381 2910 2909 2908 2907 2906 2905 2904 2903 2902 2901 2899 2898 2897 2896 2895 2894 2893 2891 2890 2889 2888 2887 2886 2885 2884 2883 2882 2881 2940 2939 2938 2937 2936 2935 2933 2931 2930 2928 2926 2924 2922 2921 2919 2918 2917 2915 2914 2913 1438 -1 
Truck #1886 MaxCap: 60 Demand: 59.0 ROUTE:0 1374 1372 1371 1370 1369 1368 1367 1365 1364 1363 1362 1360 1358 1357 1356 1354 1353 1352 1351 2880 2879 2878 2877 2874 2873 2872 2871 2870 2869 2868 2867 2866 2865 2864 2863 2862 2861 2860 2858 2857 2856 2855 2854 2853 2852 1410 1409 1408 1407 1406 1405 1404 1403 1402 1400 1399 1398 1397 1396 -1 
Truck #1888 MaxCap: 60 Demand: 59.0 ROUTE:0 279 230 232 234 235 1679 1678 1677 2970 2967 2966 2965 2963 2961 2960 2959 2958 2955 2954 2953 2952 2951 2950 2949 2948 2947 2946 2945 2944 2943 2942 2941 1435 1434 1433 1431 1430 1429 1428 1427 1426 1425 1424 1423 1422 1421 1420 1419 1418 1417 1416 1413 1412 1411 1380 1378 1377 1376 1375 -1 
Truck #1893 MaxCap: 100 Demand: 61.0 ROUTE:0 1373 1379 182 187 212 215 218 223 224 226 231 233 240 1443 1681 1685 1686 1689 1696 1699 1701 1718 1719 1721 1722 1726 1731 1732 1736 1737 2973 1635 1638 1643 1646 1649 1612 1619 1622 1628 1596 1603 1574 1575 1576 1582 1584 1588 103 109 118 120 93 62 70 71 73 74 75 44 52 -1 
Truck #1918 MaxCap: 100 Demand: 64.0 ROUTE:0 1335 1336 1338 1339 1341 1342 1343 1344 1345 1346 1347 1348 1349 1 7 10 14 18 22 23 26 30 33 1445 1446 1449 1531 1534 1540 1553 1560 1562 1570 2975 1711 1712 1713 1714 1715 1716 1717 1720 1723 1724 1725 1727 1728 1729 1730 1733 1734 211 213 214 216 217 219 220 221 222 225 227 228 229 -1 
Truck #1935 MaxCap: 200 Demand: 194.0 ROUTE:0 2 3 4 5 6 8 9 1262 1263 1264 1266 1269 1270 1271 1272 1273 1274 1275 1276 1277 1278 1279 1280 11 12 13 15 16 17 19 20 81 82 83 84 85 86 87 88 89 90 91 92 94 95 96 97 98 99 100 21 24 25 27 28 29 1521 1522 1523 1524 1525 1526 1527 1528 1530 2771 2772 2774 2775 2776 2780 2781 2782 2784 2785 2787 2789 2790 2823 2824 2825 2827 2828 2829 2830 31 32 34 35 36 37 38 39 40 1441 1442 1444 1447 1448 1450 1532 1533 1535 1536 1537 1538 1539 1541 1542 1543 1544 1545 1546 1547 1548 1549 1550 1551 1552 1554 1555 1556 1557 1558 1559 1561 1563 1564 1565 1566 1567 1568 1569 2971 2972 2974 2976 2977 2978 2979 2980 1591 1592 1593 1594 1595 1597 1598 1599 1600 1601 1602 1604 1605 1606 1607 1608 1609 1610 1571 1572 1573 1577 1578 1579 1580 1581 1583 1585 1586 1587 1589 1590 101 102 104 105 106 107 108 61 63 64 65 66 67 68 69 72 76 77 78 79 80 -1 


Inital Solution 0 changes  totQ=3000.00 totD=7895.96 $4089.32
Local One Opt 58 changes  totQ=3000.00 totD=7506.13 $4039.83
Local Two Opt 24 changes  totQ=3000.00 totD=7366.08 $4019.62
Local Three Opt 1 changes  totQ=3000.00 totD=7365.18 $4019.39
K-Two Forward 0 changes  totQ=3000.00 totD=7365.18 $4019.39
K-Two Reverse 0 changes  totQ=3000.00 totD=7365.18 $4019.39
K-Three Forward 0 changes  totQ=3000.00 totD=7365.18 $4019.39
K-Three Reverse 0 changes  totQ=3000.00 totD=7365.18 $4019.39
Exchange 01 0 changes  totQ=3000.00 totD=7365.18 $4019.39
Exchange 01 0 changes  totQ=3000.00 totD=7365.18 $4019.39
Exchange 11 0 changes  totQ=3000.00 totD=7365.18 $4019.39
Exchange 02 2 changes  totQ=3000.00 totD=7373.71 $4017.20
Exchange 20 0 changes  totQ=3000.00 totD=7373.71 $4017.20
Exchange 12 0 changes  totQ=3000.00 totD=7373.71 $4017.20
Exchange 21 0 changes  totQ=3000.00 totD=7373.71 $4017.20
Exchange 22 0 changes  totQ=3000.00 totD=7373.71 $4017.20
Combination 1 changes  totQ=3000.00 totD=7373.71 $4017.20
Reduction 0 changes  totQ=3000.00 totD=7379.41 $4009.06
Reallocation 0 changes  totQ=3000.00 totD=7379.41 $4009.06
Relax/Combine 2 changes  totQ=3000.00 totD=7359.40 $3914.87
Sharing 0 changes  totQ=3000.00 totD=7359.40 $3914.87
Relax/Share 0 changes  totQ=3000.00 totD=7359.40 $3914.87
