File: p16 Num Depots: 1 Num Pick Up Points: 208 Num Trucks: 8Processing Time: 411 seconds
Total Demand = 4000.00| Total Distance = 9335.79| Total Travel Time = 7001.84| Total Cost = $5059.38|

Truck #2096 MaxCap: 100 Demand: 99.0 ROUTE:0 300 297 292 291 290 287 282 281 179 172 240 237 233 231 229 227 223 221 218 1934 2177 2169 2168 2239 2237 2234 2231 2333 2330 2326 2360 2357 2356 2346 2344 2378 2376 2373 2397 2396 2390 2389 2388 2384 2382 2520 2515 2511 2509 2500 2499 2498 2492 2485 2479 2467 2460 2459 2456 2441 2437 2436 2424 2415 2414 2413 2409 2405 2580 2574 2596 2594 2588 475 463 456 455 354 352 328 325 447 439 437 429 428 420 417 409 408 395 317 316 313 390 381 379 374 363 -1 
Truck #2097 MaxCap: 160 Demand: 159.0 ROUTE:0 624 621 618 538 532 531 528 527 522 551 545 660 652 645 640 690 683 680 676 673 663 661 574 565 562 600 597 596 583 2620 2617 2610 2601 2634 2628 2755 2748 2744 2743 2742 2738 2727 2724 2722 2719 2718 2708 2706 2698 2695 2693 2687 2683 2675 2671 2662 2656 2653 2649 2648 2642 1970 717 715 714 709 707 701 691 834 833 832 826 2816 2805 2804 2840 2838 2827 2855 2854 2843 2880 2874 2873 2989 2984 2982 2975 2971 2963 2957 2950 2947 2944 2934 2933 2925 2923 2919 2913 2911 3101 3094 3090 3081 3074 3073 3072 3070 3068 3066 3065 3060 3045 3043 2905 2904 2902 2901 2896 2893 2886 957 953 941 935 927 923 919 912 901 815 810 804 802 798 797 791 785 781 899 896 894 892 881 879 773 766 764 869 865 862 861 857 842 1017 1014 1007 -1 
Truck #2099 MaxCap: 100 Demand: 99.0 ROUTE:0 180 178 177 176 175 174 173 170 169 168 167 166 165 164 163 162 161 160 159 157 156 154 153 152 210 236 235 234 232 230 228 226 225 224 222 220 219 217 216 215 214 213 212 211 2220 2280 2278 2277 2275 2273 2272 2271 2270 2269 2268 2266 2265 2263 2261 2260 2259 2258 2256 2255 2254 2253 2252 2251 2219 2217 2215 2214 2212 2211 2210 2209 2208 2206 2205 2204 2203 2202 2200 2199 2198 2197 2196 2195 2194 2193 2192 2191 208 205 204 202 201 200 199 -1 
Truck #2100 MaxCap: 160 Demand: 159.0 ROUTE:0 419 418 416 415 414 413 412 411 410 407 406 405 404 403 402 401 400 399 398 397 396 394 393 392 391 450 449 448 446 445 444 443 442 441 440 438 436 435 434 433 432 431 430 427 426 425 424 423 422 421 480 479 478 477 476 474 473 472 471 470 469 468 467 466 465 464 462 461 460 459 458 457 454 453 452 451 1945 2505 2504 2503 2502 2501 2497 2496 2495 2494 2493 2491 3989 2319 2315 2313 3979 3976 2250 2249 2248 2247 2246 2245 2244 2243 2242 2241 2240 2238 2236 2235 2233 2232 2230 2229 2228 2227 2226 2225 2224 2223 2222 2221 2304 2302 2300 2294 2293 2292 2286 2190 2189 2188 2187 2186 2185 2184 2183 2182 2181 2180 2179 2178 2176 2175 2174 2173 2172 2171 2170 2167 2166 2165 2164 2163 2162 2161 239 238 270 263 246 -1 
Truck #2102 MaxCap: 200 Demand: 199.0 ROUTE:0 62 80 79 78 77 76 75 74 73 72 70 69 68 67 65 64 63 100 99 98 97 96 94 93 92 91 90 89 88 86 84 83 82 81 120 119 118 117 116 115 114 113 112 111 110 109 107 106 105 103 101 2159 2158 2156 2155 2152 2151 2150 2149 2148 2147 3980 3978 3977 3975 3974 3973 3972 3971 2320 2318 2317 2316 2314 2312 2311 2310 2309 2308 2307 2306 2305 2303 2301 2299 2298 2297 2296 2295 2291 2362 2361 2340 2339 2338 2337 2336 2335 2334 2332 2331 2329 2328 2327 2325 2324 2323 2322 2321 2290 2289 2288 2287 2285 2284 2283 2282 2281 1940 1939 1938 1937 1936 1935 1933 1932 1931 280 279 278 277 276 275 274 273 272 271 360 359 358 357 356 355 353 351 350 349 348 347 346 345 344 343 342 341 269 268 267 266 265 264 262 261 260 259 258 257 256 255 254 253 252 251 320 319 318 315 314 312 311 310 309 308 307 306 305 304 303 302 301 250 249 248 247 245 244 243 242 241 -1 
Truck #2103 MaxCap: 250 Demand: 249.0 ROUTE:0 299 298 296 295 294 293 289 288 286 285 284 283 340 339 338 337 336 335 334 333 332 331 330 329 327 326 324 323 322 321 1950 1949 1948 1947 1946 1944 1943 1942 1941 2359 2358 2355 2354 2353 2352 2351 2350 2349 2348 2347 2345 2343 2342 2341 2380 2379 2377 2375 2374 2372 2371 2370 2369 2368 2367 2366 2365 2364 2363 2400 2399 2398 2395 2394 2393 2392 2391 2387 2386 2385 2383 2381 3990 3988 3987 3986 3985 3984 3983 3982 3981 2550 2549 2548 2547 2546 2545 2544 2542 2541 2558 2557 2554 2553 2552 2551 4000 3998 3997 3996 3995 3994 3993 3992 3991 2635 2633 2632 2631 2630 2629 2627 2626 2625 2624 2623 2622 2621 2619 2618 2616 2615 2614 2613 2612 2611 2609 2608 2607 2606 2605 2604 2603 2602 2600 2599 2598 2597 2595 2593 2592 2591 2590 2589 2587 2586 2585 2584 2583 2582 2581 2579 2578 2577 2576 2575 2573 2572 2571 2570 2569 2568 2567 2566 2565 2564 2563 2562 2561 2539 2538 2537 2533 2532 2531 2530 2525 2524 2523 2522 2521 1960 1959 1958 1957 1956 1955 1954 1953 1952 1951 520 519 518 517 514 513 512 511 508 507 506 505 504 503 502 501 500 498 497 496 495 494 493 492 490 489 488 487 486 485 484 483 482 481 540 539 537 536 535 534 533 530 529 526 525 524 523 521 -1 
Truck #2104 MaxCap: 60 Demand: 59.0 ROUTE:0 389 388 387 386 385 384 383 382 380 378 377 376 375 373 372 371 370 369 368 367 366 365 364 362 361 2486 2484 2483 2482 2481 2480 2478 2477 2476 2475 2474 2473 2472 2471 2470 2469 2468 2466 2465 2464 2463 2462 2461 2519 2518 2517 2516 2514 2513 2512 2510 2508 2507 2506 -1 
Truck #2105 MaxCap: 60 Demand: 59.0 ROUTE:0 499 491 510 509 516 515 2526 2490 2489 2488 2487 2458 2457 2455 2454 2453 2452 2451 2450 2449 2448 2447 2446 2445 2444 2443 2442 2440 2439 2438 2435 2434 2433 2432 2431 2430 2429 2428 2427 2426 2425 2423 2422 2421 2420 2419 2418 2417 2416 2412 2411 2410 2408 2407 2406 2404 2403 2402 2401 -1 
Truck #2106 MaxCap: 60 Demand: 59.0 ROUTE:0 630 629 628 627 626 625 623 622 620 619 617 616 615 614 613 612 611 610 609 608 607 606 605 604 603 602 601 685 684 682 681 679 678 677 675 674 672 671 670 669 668 667 666 665 664 662 3999 2560 2559 2556 2555 2543 2540 2536 2535 2534 2529 2528 2527 -1 
Truck #2107 MaxCap: 150 Demand: 149.0 ROUTE:0 729 728 727 726 724 723 722 721 800 799 796 795 794 793 792 790 789 788 787 786 784 783 782 740 738 736 735 734 733 732 749 748 747 746 745 744 743 742 741 822 821 760 759 758 757 756 753 752 751 1969 1968 1967 1966 1965 1964 1963 1962 1961 2770 2769 2768 2767 2766 2765 2764 2763 2762 2761 2780 2779 2777 2776 2775 2774 2773 2772 2771 2789 2788 2787 2786 2783 2782 2781 2800 2799 2798 2796 2795 2794 2793 2792 2791 2640 2639 2638 2637 2636 599 598 595 594 593 592 591 590 589 588 587 586 585 584 582 581 580 579 578 577 576 575 573 572 571 570 569 568 567 566 564 563 561 560 559 558 557 556 555 554 553 552 550 549 548 547 546 544 543 542 541 -1 
Truck #2108 MaxCap: 60 Demand: 59.0 ROUTE:0 638 637 636 635 634 633 632 631 689 2700 2760 2759 2758 2757 2756 2754 2753 2752 2751 2750 2749 2747 2746 2745 2741 2740 2739 2737 2736 2735 2734 2733 2732 2731 2699 2697 2696 2694 2692 2691 2690 2689 2688 2686 2685 2684 2682 2681 2680 2679 2678 2677 2676 2674 2673 2672 688 687 686 -1 
Truck #2109 MaxCap: 60 Demand: 59.0 ROUTE:0 2664 2663 2661 2660 2659 2658 2657 2655 2654 2652 2651 2650 2647 2646 2645 2644 2643 2641 720 719 718 716 713 712 711 710 708 706 705 704 703 702 700 699 698 697 696 695 694 693 692 659 658 657 656 655 654 653 651 650 649 648 647 646 644 643 642 641 639 -1 
Truck #2110 MaxCap: 60 Demand: 59.0 ROUTE:0 730 725 739 737 731 750 755 754 2670 2669 2668 2667 2666 2665 2730 2729 2728 2726 2725 2723 2721 2720 2717 2716 2715 2714 2713 2712 2711 2710 2709 2707 2705 2704 2703 2702 2701 2797 2790 2785 2784 2778 1975 888 887 886 885 884 883 882 880 878 877 876 875 874 873 872 871 -1 
Truck #2111 MaxCap: 150 Demand: 149.0 ROUTE:0 780 779 778 777 776 775 774 772 771 770 769 768 767 765 763 762 761 820 819 818 817 816 814 813 812 811 809 808 807 806 805 803 801 840 839 838 837 836 835 831 830 829 828 827 825 824 823 2820 2819 2818 2817 2815 2814 2813 2812 2811 2810 2809 2808 2807 2806 2803 2802 2801 2839 2837 2836 2835 2834 2833 2832 2831 2830 2829 2828 2826 2825 2824 2823 2822 2821 2860 2859 2858 2857 2856 2853 2852 2851 2850 2849 2848 2847 2846 2845 2844 2842 2841 2879 2878 2877 2876 2875 2872 2871 2870 2869 2868 2867 2866 2865 2864 2863 2862 2861 1980 1979 1978 1977 1976 1974 1973 1972 1971 991 990 989 988 987 986 981 980 979 978 976 974 973 972 971 970 969 968 967 966 965 964 963 962 961 -1 
Truck #2112 MaxCap: 60 Demand: 59.0 ROUTE:0 930 929 928 926 925 924 922 921 920 918 917 916 915 914 913 911 910 909 908 907 906 905 904 903 902 960 959 958 956 955 954 952 951 950 949 948 947 946 945 944 943 942 940 939 938 937 936 934 933 932 931 900 898 897 895 893 891 890 889 -1 
Truck #2113 MaxCap: 60 Demand: 59.0 ROUTE:0 870 868 867 866 864 863 860 859 858 856 855 854 853 852 851 850 849 848 847 846 845 844 843 841 2953 2952 2951 2949 2948 2946 2945 2943 2942 2941 3000 2999 2998 2997 2996 2995 2994 2993 2992 2991 2990 2988 2987 2986 2985 2983 2981 2980 2979 2978 2977 2976 2974 2973 2972 -1 
Truck #2114 MaxCap: 60 Demand: 59.0 ROUTE:0 2908 2907 2906 2903 2900 2899 2898 2897 2895 2894 2892 2891 2890 2889 2888 2887 2885 2884 2883 2882 2881 2940 2939 2938 2937 2936 2935 2932 2931 2930 2929 2928 2927 2926 2924 2922 2921 2920 2918 2917 2916 2915 2914 2912 2970 2969 2968 2967 2966 2965 2964 2962 2961 2960 2959 2958 2956 2955 2954 -1 
Truck #2115 MaxCap: 60 Demand: 59.0 ROUTE:0 1110 1108 1107 1106 1105 1104 1103 1102 1100 1099 1098 1097 1096 1095 1094 1091 1090 1089 1088 1087 1086 1085 1084 1083 1082 1081 1155 1154 1153 1152 1151 1150 1149 1147 1146 1145 1144 1143 1141 3004 3017 3011 3030 3039 3036 3033 2910 2909 1000 998 997 995 994 985 984 983 982 977 975 -1 
Truck #2116 MaxCap: 150 Demand: 149.0 ROUTE:0 1020 1019 1018 1016 1015 1013 1012 1011 1010 1009 1008 1006 1005 1004 1003 1002 1001 1029 1025 1024 1023 1022 1021 1060 1058 1057 1056 1055 1054 1053 1052 1049 1048 1046 1045 1044 1043 1042 1041 1990 1989 1988 1987 1986 1985 1984 1983 1982 1981 3059 3058 3057 3056 3055 3054 3053 3052 3051 3050 3049 3048 3047 3046 3044 3042 3041 3080 3079 3078 3077 3076 3075 3071 3069 3067 3064 3063 3062 3061 3100 3099 3098 3097 3096 3095 3093 3092 3091 3089 3088 3087 3086 3085 3084 3083 3082 3120 3119 3118 3115 3113 3112 3111 3110 3109 3108 3107 3106 3105 3104 3103 3102 3040 3038 3037 3035 3034 3032 3031 3029 3028 3027 3026 3025 3024 3023 3022 3021 3020 3019 3018 3016 3015 3014 3013 3012 3010 3009 3008 3007 3006 3005 3003 3002 3001 999 996 993 992 -1 
Truck #2118 MaxCap: 150 Demand: 149.0 ROUTE:0 1209 1208 1207 1206 1205 1204 1203 1202 1280 1279 1277 1276 1274 1273 1272 1271 1270 1269 1268 1267 1266 1265 1263 1262 1261 1220 1219 1218 1217 1216 1215 1213 1230 1229 1228 1227 1226 1224 1223 1222 1221 1320 1319 1318 1317 1315 1314 1312 1310 1307 1305 1303 1302 1301 3299 3297 3296 3294 3293 3292 3291 3290 3289 3288 3287 3286 3285 3284 3283 3282 3281 3329 3328 3327 3326 3325 3324 3322 3321 3280 3278 3277 3276 3275 3274 3273 3272 3270 3269 3268 3266 3265 3264 3263 3261 3260 3259 3258 3257 3256 3255 3254 3252 3251 3250 3249 3248 3247 3246 3243 3242 3241 2000 1999 1996 1995 1993 1992 1991 1240 1239 1238 1234 1233 1232 1231 1080 1079 1078 1076 1075 1074 1073 1072 1071 1070 1069 1068 1067 1062 1061 1040 1039 1038 1035 1034 1033 1031 1030 -1 
Truck #2119 MaxCap: 60 Demand: 59.0 ROUTE:0 1170 3180 3239 3238 3236 3235 3234 3233 3232 3231 3230 3229 3227 3226 3224 3222 3221 3220 3219 3218 3216 3215 3214 3213 3212 3179 3178 3177 3175 3173 3172 3171 3170 3169 3168 3167 3166 3164 3162 3160 3159 3158 3156 3155 3154 3153 3152 3151 1169 1168 1167 1164 1163 1162 1161 1160 1159 1158 1156 -1 
Truck #2120 MaxCap: 60 Demand: 59.0 ROUTE:0 1140 1138 1137 1136 1135 1133 1131 1130 1129 1128 1127 1125 1124 1123 1122 1120 1119 1117 1116 1115 1114 1113 1111 3139 3138 3136 3134 3133 3131 3128 3127 3126 3125 3124 3123 3122 3240 1200 1199 1198 1197 1195 1193 1191 1190 1189 1187 1182 1181 1180 1179 1178 1177 1176 1175 1174 1173 1172 1171 -1 
Truck #2121 MaxCap: 60 Demand: 59.0 ROUTE:0 1377 1358 1383 1381 1437 1433 1432 1423 1421 1415 1414 1412 2006 3300 3298 3295 3320 3316 3311 3310 3332 3323 3357 3356 3353 3207 3205 3197 3194 3189 3183 3182 3150 3145 3144 3142 3137 1998 1997 1994 1316 1313 1311 1309 1308 1306 1304 1300 1295 1293 1292 1289 1278 1275 1264 1253 1247 1243 1241 -1 
Truck #2122 MaxCap: 60 Demand: 59.0 ROUTE:0 1210 1201 1214 1212 1211 1225 1237 1236 1235 3149 3148 3147 3146 3143 3141 3140 3210 3209 3208 3206 3204 3203 3202 3201 3200 3199 3198 3196 3195 3193 3192 3191 3190 3188 3187 3186 3185 3184 3181 3279 3271 3267 3262 3253 3245 3244 2008 2001 1362 1361 1360 1359 1357 1356 1355 1354 1353 1352 1351 -1 
Truck #2123 MaxCap: 150 Demand: 149.0 ROUTE:0 1260 1259 1258 1257 1256 1255 1254 1252 1251 1250 1249 1248 1246 1245 1244 1242 1299 1298 1297 1296 1294 1291 1290 1288 1287 1286 1285 1284 1283 1282 1281 2010 2009 2007 2005 2004 2003 2002 3319 3318 3317 3315 3314 3313 3312 3309 3308 3307 3306 3305 3304 3303 3302 3301 3340 3339 3338 3337 3336 3335 3334 3333 3331 3330 3360 3359 3358 3355 3354 3352 3351 3350 3349 3348 3347 3346 3345 3344 3343 3342 3341 3520 3519 3518 3517 3515 3513 3511 3510 3509 3508 3506 3505 3504 3503 3502 3501 3500 3499 3497 3496 3495 3494 3493 3491 3488 3487 3486 3485 3483 3482 3481 1480 1479 1478 1477 1476 1475 1474 1473 1472 1471 1470 1469 1468 1467 1466 1465 1464 1463 1462 1461 1460 1459 1458 1457 1455 1454 1453 1452 1451 1450 1449 1448 1447 1446 1443 1442 1441 -1 
Truck #2124 MaxCap: 60 Demand: 59.0 ROUTE:0 1404 1403 1400 1399 1398 1397 1396 1395 1394 1393 1392 1391 1390 1389 1388 1387 1386 1385 1384 1382 1440 1439 1438 1436 1435 1434 1431 1430 1429 1428 1427 1426 1425 1424 1422 1420 1419 1418 1417 1416 1413 1411 1380 1379 1378 1376 1375 1374 1373 1372 1371 1370 1369 1368 1367 1366 1365 1364 1363 -1 
Truck #2125 MaxCap: 60 Demand: 59.0 ROUTE:0 1496 1491 1484 1520 1507 1505 1504 1502 1526 1523 1548 1545 1544 1542 3524 3521 3555 3553 3550 3548 3546 3542 3580 3577 3575 3564 3561 3599 3586 3582 3581 3477 3472 3468 3467 3462 3461 3457 3453 3450 3435 3434 3428 3418 3404 3400 3396 3378 3371 3367 3363 3361 2011 1407 1402 1401 1347 1342 1326 -1 
Truck #2126 MaxCap: 60 Demand: 59.0 ROUTE:0 1350 1349 1348 1346 1345 1344 1343 1341 1340 1339 1338 1337 1336 1335 1334 1333 1332 1331 1330 1329 1328 1327 1325 1324 1323 1322 1321 3425 3424 3423 3422 3421 3480 3479 3478 3476 3475 3474 3473 3471 3470 3469 3466 3465 3464 3463 3460 3459 3458 3456 3455 3454 3452 3451 1410 1409 1408 1406 1405 -1 
Truck #2127 MaxCap: 60 Demand: 59.0 ROUTE:0 3376 3375 3374 3373 3372 3370 3369 3368 3366 3365 3364 3362 3420 3419 3417 3416 3415 3414 3413 3412 3411 3410 3409 3408 3407 3406 3405 3403 3402 3401 3399 3398 3397 3395 3394 3393 3392 3391 3449 3448 3447 3446 3445 3444 3443 3442 3441 3440 3439 3438 3437 3436 3433 3432 3431 3430 3429 3427 3426 -1 
Truck #2128 MaxCap: 60 Demand: 59.0 ROUTE:0 1589 1588 1587 1586 1585 1584 1582 1581 1580 1578 1577 1576 1575 1574 1573 1572 1570 1569 1568 1567 1566 1565 1564 1563 1562 1561 1627 1626 1625 1624 1623 1622 1621 2014 3490 3489 3484 3498 3492 3507 3516 3514 3512 3390 3389 3388 3387 3386 3385 3384 3383 3382 3381 3380 3379 3377 1456 1445 1444 -1 
Truck #2129 MaxCap: 150 Demand: 149.0 ROUTE:0 1500 1499 1498 1497 1495 1494 1493 1492 1490 1489 1488 1487 1486 1485 1483 1482 1481 1519 1518 1517 1516 1515 1514 1513 1512 1511 1510 1509 1508 1506 1503 1501 1540 1539 1538 1537 1536 1535 1534 1533 1532 1531 1530 1529 1528 1527 1525 1524 1522 1521 1560 1559 1557 1556 1555 1554 1553 1547 1546 1543 1541 2020 2019 2018 2017 2016 2015 2013 2012 3540 3539 3538 3537 3536 3535 3534 3533 3532 3531 3530 3529 3528 3527 3526 3525 3523 3522 3560 3559 3558 3557 3556 3554 3552 3551 3549 3547 3545 3544 3543 3541 3579 3578 3576 3574 3573 3572 3571 3570 3569 3568 3567 3566 3565 3563 3562 3600 3598 3597 3596 3595 3594 3593 3592 3591 3590 3589 3588 3587 3585 3584 3583 2030 2029 2028 2027 2025 2022 2021 1691 1689 1688 1687 1686 1685 1684 1683 1682 1681 -1 
Truck #2130 MaxCap: 60 Demand: 59.0 ROUTE:0 1756 1753 1751 1748 1745 1799 1795 1788 1786 1785 3773 3770 3769 3719 3718 3717 3714 3713 3702 3700 3695 3687 3666 3665 3658 3652 3638 3635 3627 3623 3613 3610 3609 3608 2023 1674 1670 1666 1665 1663 1656 1651 1558 1552 1551 1550 1549 1648 1647 1646 1644 1618 1615 1601 1600 1590 1583 1579 1571 -1 
Truck #2131 MaxCap: 60 Demand: 59.0 ROUTE:0 1650 3660 3707 3706 3705 3704 3703 3701 3699 3698 3697 3696 3694 3693 3692 3691 3659 3657 3656 3655 3654 3653 3651 3650 3649 3648 3647 3646 3645 3644 3643 3642 3641 3640 3639 3637 3636 3634 3633 3632 3631 1649 1645 1643 1642 1641 1640 1639 1638 1637 1636 1635 1634 1633 1632 1631 1630 1629 1628 -1 
Truck #2132 MaxCap: 60 Demand: 59.0 ROUTE:0 1620 1619 1617 1616 1614 1613 1612 1611 1610 1609 1608 1607 1606 1605 1604 1603 1602 1599 1598 1597 1596 1595 1594 1593 1592 1591 3602 3601 3720 3716 3715 3712 3711 3710 3709 3708 1680 1679 1678 1677 1676 1675 1673 1672 1671 1669 1668 1667 1664 1662 1661 1660 1659 1658 1657 1655 1654 1653 1652 -1 
Truck #2133 MaxCap: 60 Demand: 59.0 ROUTE:0 1690 1699 1707 3729 3724 3723 3722 3721 3690 3689 3688 3686 3685 3684 3683 3682 3681 3680 3679 3678 3677 3676 3675 3674 3673 3672 3671 3670 3669 3668 3667 3664 3663 3662 3661 3630 3629 3628 3626 3625 3624 3622 3621 3620 3619 3618 3617 3616 3615 3614 3612 3611 3607 3606 3605 3604 3603 2026 2024 -1 
Truck #2134 MaxCap: 150 Demand: 149.0 ROUTE:0 1760 1759 1758 1757 1755 1754 1752 1750 1749 1747 1746 1744 1743 1742 1741 1762 1761 1800 1798 1797 1796 1794 1793 1792 1791 1790 1789 1787 1784 1783 1782 1781 3780 3779 3777 3776 3775 3774 3772 3771 3768 3767 3766 3765 3764 3763 3762 3761 3800 3799 3798 3797 3796 3795 3794 3792 3791 3790 3788 3787 3786 3785 3784 3782 3781 3820 3818 3816 3815 3813 3812 3811 3810 3809 3808 3807 3805 3803 3801 3840 3838 3836 3835 3834 3833 3832 3831 3830 3828 3827 3826 3825 3823 3822 3821 3760 3759 3758 3757 3756 3755 3754 3753 3752 3751 3749 3748 3747 3745 3744 3742 3740 3739 3737 3735 3734 3732 3731 3728 3727 3726 3725 1720 1719 1718 1717 1716 1715 1714 1713 1712 1711 1710 1709 1708 1706 1705 1704 1703 1702 1701 1700 1698 1697 1696 1695 1694 1693 1692 -1 
Truck #2138 MaxCap: 60 Demand: 59.0 ROUTE:0 1860 1858 1857 1856 1855 1854 1853 1850 1849 1848 1847 1846 1841 1838 1837 1836 1835 1834 1833 1832 1817 1816 1815 1814 1813 1812 1811 1810 1809 1808 1806 1805 1804 1803 1802 1801 2034 1888 1887 1886 1885 1884 1883 1882 1881 1880 1879 1878 1877 1876 1875 1874 1873 1872 1871 145 146 148 150 -1 
Truck #2139 MaxCap: 60 Demand: 59.0 ROUTE:0 3900 3897 3896 3895 3894 3892 3891 3890 3889 3887 3885 3884 3883 3882 3881 3880 3879 3878 3877 3875 3874 3873 3872 3930 3929 3928 3927 3926 3924 3923 3922 3920 3919 3918 3917 3916 3914 3913 3912 3911 3910 3909 3908 3907 3905 3904 3903 3902 3901 1829 1828 1827 1826 1825 1824 1823 1822 1819 1818 -1 
Truck #2141 MaxCap: 60 Demand: 59.0 ROUTE:0 1870 1869 1868 1867 1866 1865 1864 1863 1862 1861 1920 1919 1917 1916 1915 1914 1913 1912 1911 1910 1908 1904 1902 1900 1899 1897 1896 1894 1893 1891 3869 3868 3866 3865 3864 3862 3861 3860 3859 3857 3856 3855 3854 3853 3852 3851 3850 3848 3847 3846 3845 3844 3843 3842 3841 140 142 143 144 -1 
Truck #2147 MaxCap: 100 Demand: 99.0 ROUTE:0 1092 1093 1101 1109 1132 1134 1139 1723 1727 1730 1735 1738 45 55 61 66 71 181 2201 2090 2094 2095 2097 2101 2108 2122 2127 2129 2143 2153 2154 2157 2160 3969 2257 2262 2264 2267 2274 2276 2279 2207 2213 2216 2218 1925 3931 3937 3940 3943 3959 3906 3915 3921 3925 3824 3829 3837 3839 3802 3804 3806 3814 3817 3819 3783 3789 3793 3778 2032 2033 1765 1776 1777 102 104 108 85 87 95 184 186 187 188 189 203 206 207 209 151 155 158 171 122 123 128 141 147 149 -1 
Truck #2185 MaxCap: 100 Demand: 84.0 ROUTE:0 121 1 4 6 7 16 22 31 37 1921 1923 1927 2045 2047 2049 2051 2052 2053 2054 2059 2066 3963 3964 3965 3932 3933 3934 3935 3936 3938 3939 3941 3942 3944 3945 3946 3947 3948 3949 3950 3951 3952 3953 3954 3955 3956 3957 3958 3960 3741 3743 3746 3750 3733 3736 3738 3730 182 183 185 190 191 192 193 194 195 196 197 198 124 125 126 127 129 130 131 132 133 134 135 136 137 138 139 -1 
Truck #2209 MaxCap: 200 Demand: 186.0 ROUTE:0 1721 1724 1725 1726 1728 1729 1731 1732 1733 1734 1736 1737 1739 1740 1722 2 3 5 8 9 10 11 12 13 14 15 17 18 19 20 21 23 24 25 26 27 28 29 30 32 33 34 35 36 38 39 40 1922 1924 1926 1928 1929 1930 2041 2042 2043 2044 2046 2048 2050 2055 2056 2057 2058 2060 2061 2062 2063 2064 2065 2067 2068 2069 2070 2071 2072 2073 2074 2075 2076 2077 2078 2079 2080 3961 3962 3966 3967 3968 3970 2141 2142 2144 2145 2146 2121 2123 2124 2125 2126 2128 2130 2131 2132 2133 2134 2135 2136 2137 2138 2139 2140 2102 2103 2104 2105 2106 2107 2109 2110 2111 2112 2113 2114 2115 2116 2117 2118 2119 2120 2081 2082 2083 2084 2085 2086 2087 2088 2089 2091 2092 2093 2096 2098 2099 2100 2031 2035 2036 2037 2038 2039 2040 1763 1764 1766 1767 1768 1769 1770 1771 1772 1773 1774 1775 1778 1779 1780 41 42 43 44 46 47 48 49 50 51 52 53 54 56 57 58 59 60 -1 
Truck #2398 MaxCap: 100 Demand: 90.0 ROUTE:0 1026 1027 1028 1032 1036 1037 1047 1050 1051 1059 1063 1064 1065 1066 1077 3114 3116 3117 3211 3217 3223 3225 3228 3237 3157 3161 3163 3165 3174 3176 3121 3129 3130 3132 3135 1183 1184 1185 1186 1188 1192 1194 1196 1142 1148 1157 1165 1166 1112 1118 1121 1126 3871 3876 3886 3888 3893 3898 3899 3849 3858 3863 3867 3870 1892 1895 1898 1901 1903 1905 1906 1907 1909 1918 1889 1890 1831 1839 1840 1842 1843 1844 1845 1851 1852 1859 1807 1820 1821 1830 -1 


Inital Solution 0 changes  totQ=4000.00 totD=9958.03 $5241.40
Local One Opt 67 changes  totQ=4000.00 totD=9614.38 $5192.30
Local Two Opt 41 changes  totQ=4000.00 totD=9505.51 $5178.88
Local Three Opt 5 changes  totQ=4000.00 totD=9482.36 $5176.08
K-Two Forward 0 changes  totQ=4000.00 totD=9482.36 $5176.08
K-Two Reverse 0 changes  totQ=4000.00 totD=9482.36 $5176.08
K-Three Forward 0 changes  totQ=4000.00 totD=9482.36 $5176.08
K-Three Reverse 1 changes  totQ=4000.00 totD=9479.42 $5175.61
Exchange 01 6 changes  totQ=4000.00 totD=9476.53 $5175.43
Exchange 01 0 changes  totQ=4000.00 totD=9476.53 $5175.43
Exchange 11 1 changes  totQ=4000.00 totD=9471.82 $5175.15
Exchange 02 0 changes  totQ=4000.00 totD=9471.82 $5175.15
Exchange 20 0 changes  totQ=4000.00 totD=9471.82 $5175.15
Exchange 12 1 changes  totQ=4000.00 totD=9463.18 $5174.63
Exchange 21 0 changes  totQ=4000.00 totD=9463.18 $5174.63
Exchange 22 0 changes  totQ=4000.00 totD=9463.18 $5174.63
Combination 1 changes  totQ=4000.00 totD=9463.18 $5174.63
Reduction 0 changes  totQ=4000.00 totD=9477.29 $5173.69
Reallocation 0 changes  totQ=4000.00 totD=9477.29 $5173.69
Relax/Combine 3 changes  totQ=4000.00 totD=9335.79 $5059.38
Sharing 0 changes  totQ=4000.00 totD=9335.79 $5059.38
Relax/Share 0 changes  totQ=4000.00 totD=9335.79 $5059.38
