1
0 0.0 0.0 4000.0 9335.787109375 43
2096 1 99.0 356.6736755371094 100 2147483647 101
0 0 0.0 0.0 D
300 1 5.0 8.6603 1
297 1 5.0 8.6603 1
292 1 5.0 8.6603 1
291 1 5.0 8.6603 1
290 1 5.0 8.6603 1
287 1 5.0 8.6603 1
282 1 5.0 8.6603 1
281 1 5.0 8.6603 1
179 1 17.3205 10.0 1
172 1 17.3205 10.0 1
240 1 34.641 20.0 1
237 1 34.641 20.0 1
233 1 34.641 20.0 1
231 1 34.641 20.0 1
229 1 34.641 20.0 1
227 1 34.641 20.0 1
223 1 34.641 20.0 1
221 1 34.641 20.0 1
218 1 34.641 20.0 1
1934 1 39.6677 30.4381 1
2177 1 51.9615 30.0 1
2169 1 51.9615 30.0 1
2168 1 51.9615 30.0 1
2239 1 69.282 40.0 1
2237 1 69.282 40.0 1
2234 1 69.282 40.0 1
2231 1 69.282 40.0 1
2333 1 30.0 51.9615 1
2330 1 30.0 51.9615 1
2326 1 30.0 51.9615 1
2360 1 35.0 60.6218 1
2357 1 35.0 60.6218 1
2356 1 35.0 60.6218 1
2346 1 35.0 60.6218 1
2344 1 35.0 60.6218 1
2378 1 40.0 69.282 1
2376 1 40.0 69.282 1
2373 1 40.0 69.282 1
2397 1 45.0 77.9423 1
2396 1 45.0 77.9423 1
2390 1 45.0 77.9423 1
2389 1 45.0 77.9423 1
2388 1 45.0 77.9423 1
2384 1 45.0 77.9423 1
2382 1 45.0 77.9423 1
2520 1 23.2937 86.9333 1
2515 1 23.2937 86.9333 1
2511 1 23.2937 86.9333 1
2509 1 23.2937 86.9333 1
2500 1 23.2937 86.9333 1
2499 1 23.2937 86.9333 1
2498 1 23.2937 86.9333 1
2492 1 23.2937 86.9333 1
2485 1 20.7055 77.2741 1
2479 1 20.7055 77.2741 1
2467 1 20.7055 77.2741 1
2460 1 18.1173 67.6148 1
2459 1 18.1173 67.6148 1
2456 1 18.1173 67.6148 1
2441 1 18.1173 67.6148 1
2437 1 18.1173 67.6148 1
2436 1 18.1173 67.6148 1
2424 1 15.5291 57.9555 1
2415 1 15.5291 57.9555 1
2414 1 15.5291 57.9555 1
2413 1 15.5291 57.9555 1
2409 1 15.5291 57.9555 1
2405 1 15.5291 57.9555 1
2580 1 -15.5291 57.9555 1
2574 1 -15.5291 57.9555 1
2596 1 -18.1173 67.6148 1
2594 1 -18.1173 67.6148 1
2588 1 -18.1173 67.6148 1
475 1 10.3528 38.637 1
463 1 10.3528 38.637 1
456 1 10.3528 38.637 1
455 1 10.3528 38.637 1
354 1 20.0 34.641 1
352 1 20.0 34.641 1
328 1 15.0 25.9808 1
325 1 15.0 25.9808 1
447 1 7.7646 28.9778 1
439 1 7.7646 28.9778 1
437 1 7.7646 28.9778 1
429 1 7.7646 28.9778 1
428 1 7.7646 28.9778 1
420 1 5.1764 19.3185 1
417 1 5.1764 19.3185 1
409 1 5.1764 19.3185 1
408 1 5.1764 19.3185 1
395 1 5.1764 19.3185 1
317 1 10.0 17.3205 1
316 1 10.0 17.3205 1
313 1 10.0 17.3205 1
390 1 2.5882 9.6593 1
381 1 2.5882 9.6593 1
379 1 2.5882 9.6593 1
374 1 2.5882 9.6593 1
363 1 2.5882 9.6593 1
-1 0 0.0 0.0 D
2097 1 159.0 485.4978942871094 160 2147483647 161
0 0 0.0 0.0 D
624 1 -5.0 8.6603 1
621 1 -5.0 8.6603 1
618 1 -5.0 8.6603 1
538 1 -2.5882 9.6593 1
532 1 -2.5882 9.6593 1
531 1 -2.5882 9.6593 1
528 1 -2.5882 9.6593 1
527 1 -2.5882 9.6593 1
522 1 -2.5882 9.6593 1
551 1 -5.1764 19.3185 1
545 1 -5.1764 19.3185 1
660 1 -10.0 17.3205 1
652 1 -10.0 17.3205 1
645 1 -10.0 17.3205 1
640 1 -10.0 17.3205 1
690 1 -15.0 25.9808 1
683 1 -15.0 25.9808 1
680 1 -15.0 25.9808 1
676 1 -15.0 25.9808 1
673 1 -15.0 25.9808 1
663 1 -15.0 25.9808 1
661 1 -15.0 25.9808 1
574 1 -7.7646 28.9778 1
565 1 -7.7646 28.9778 1
562 1 -7.7646 28.9778 1
600 1 -10.3528 38.637 1
597 1 -10.3528 38.637 1
596 1 -10.3528 38.637 1
583 1 -10.3528 38.637 1
2620 1 -20.7055 77.2741 1
2617 1 -20.7055 77.2741 1
2610 1 -20.7055 77.2741 1
2601 1 -20.7055 77.2741 1
2634 1 -23.2937 86.9333 1
2628 1 -23.2937 86.9333 1
2755 1 -45.0 77.9423 1
2748 1 -45.0 77.9423 1
2744 1 -45.0 77.9423 1
2743 1 -45.0 77.9423 1
2742 1 -45.0 77.9423 1
2738 1 -45.0 77.9423 1
2727 1 -40.0 69.282 1
2724 1 -40.0 69.282 1
2722 1 -40.0 69.282 1
2719 1 -40.0 69.282 1
2718 1 -40.0 69.282 1
2708 1 -40.0 69.282 1
2706 1 -40.0 69.282 1
2698 1 -35.0 60.6218 1
2695 1 -35.0 60.6218 1
2693 1 -35.0 60.6218 1
2687 1 -35.0 60.6218 1
2683 1 -35.0 60.6218 1
2675 1 -35.0 60.6218 1
2671 1 -35.0 60.6218 1
2662 1 -30.0 51.9615 1
2656 1 -30.0 51.9615 1
2653 1 -30.0 51.9615 1
2649 1 -30.0 51.9615 1
2648 1 -30.0 51.9615 1
2642 1 -30.0 51.9615 1
1970 1 -30.4381 39.6677 1
717 1 -20.0 34.641 1
715 1 -20.0 34.641 1
714 1 -20.0 34.641 1
709 1 -20.0 34.641 1
707 1 -20.0 34.641 1
701 1 -20.0 34.641 1
691 1 -20.0 34.641 1
834 1 -34.641 20.0 1
833 1 -34.641 20.0 1
832 1 -34.641 20.0 1
826 1 -34.641 20.0 1
2816 1 -51.9615 30.0 1
2805 1 -51.9615 30.0 1
2804 1 -51.9615 30.0 1
2840 1 -60.6218 35.0 1
2838 1 -60.6218 35.0 1
2827 1 -60.6218 35.0 1
2855 1 -69.282 40.0 1
2854 1 -69.282 40.0 1
2843 1 -69.282 40.0 1
2880 1 -77.9423 45.0 1
2874 1 -77.9423 45.0 1
2873 1 -77.9423 45.0 1
2989 1 -86.9333 23.2937 1
2984 1 -86.9333 23.2937 1
2982 1 -86.9333 23.2937 1
2975 1 -86.9333 23.2937 1
2971 1 -86.9333 23.2937 1
2963 1 -77.2741 20.7055 1
2957 1 -77.2741 20.7055 1
2950 1 -77.2741 20.7055 1
2947 1 -77.2741 20.7055 1
2944 1 -77.2741 20.7055 1
2934 1 -67.6148 18.1173 1
2933 1 -67.6148 18.1173 1
2925 1 -67.6148 18.1173 1
2923 1 -67.6148 18.1173 1
2919 1 -67.6148 18.1173 1
2913 1 -67.6148 18.1173 1
2911 1 -67.6148 18.1173 1
3101 1 -86.9333 -23.2937 1
3094 1 -77.2741 -20.7055 1
3090 1 -77.2741 -20.7055 1
3081 1 -77.2741 -20.7055 1
3074 1 -67.6148 -18.1173 1
3073 1 -67.6148 -18.1173 1
3072 1 -67.6148 -18.1173 1
3070 1 -67.6148 -18.1173 1
3068 1 -67.6148 -18.1173 1
3066 1 -67.6148 -18.1173 1
3065 1 -67.6148 -18.1173 1
3060 1 -57.9555 -15.5291 1
3045 1 -57.9555 -15.5291 1
3043 1 -57.9555 -15.5291 1
2905 1 -57.9556 15.5291 1
2904 1 -57.9556 15.5291 1
2902 1 -57.9556 15.5291 1
2901 1 -57.9556 15.5291 1
2896 1 -57.9556 15.5291 1
2893 1 -57.9556 15.5291 1
2886 1 -57.9556 15.5291 1
957 1 -38.637 10.3528 1
953 1 -38.637 10.3528 1
941 1 -38.637 10.3528 1
935 1 -38.637 10.3528 1
927 1 -28.9778 7.7646 1
923 1 -28.9778 7.7646 1
919 1 -28.9778 7.7646 1
912 1 -28.9778 7.7646 1
901 1 -28.9778 7.7646 1
815 1 -25.9808 15.0 1
810 1 -25.9808 15.0 1
804 1 -25.9808 15.0 1
802 1 -25.9808 15.0 1
798 1 -17.3205 10.0 1
797 1 -17.3205 10.0 1
791 1 -17.3205 10.0 1
785 1 -17.3205 10.0 1
781 1 -17.3205 10.0 1
899 1 -19.3185 5.1764 1
896 1 -19.3185 5.1764 1
894 1 -19.3185 5.1764 1
892 1 -19.3185 5.1764 1
881 1 -19.3185 5.1764 1
879 1 -19.3185 5.1764 1
773 1 -8.6603 5.0 1
766 1 -8.6603 5.0 1
764 1 -8.6603 5.0 1
869 1 -9.6593 2.5882 1
865 1 -9.6593 2.5882 1
862 1 -9.6593 2.5882 1
861 1 -9.6593 2.5882 1
857 1 -9.6593 2.5882 1
842 1 -9.6593 2.5882 1
1017 1 -9.6593 -2.5882 1
1014 1 -9.6593 -2.5882 1
1007 1 -9.6593 -2.5882 1
-1 0 0.0 0.0 D
2099 2 99.0 180.00001525878906 100 2147483647 101
0 0 0.0 0.0 D
180 1 17.3205 10.0 2
178 1 17.3205 10.0 2
177 1 17.3205 10.0 2
176 1 17.3205 10.0 2
175 1 17.3205 10.0 2
174 1 17.3205 10.0 2
173 1 17.3205 10.0 2
170 1 17.3205 10.0 2
169 1 17.3205 10.0 2
168 1 17.3205 10.0 2
167 1 17.3205 10.0 2
166 1 17.3205 10.0 2
165 1 17.3205 10.0 2
164 1 17.3205 10.0 2
163 1 17.3205 10.0 2
162 1 17.3205 10.0 2
161 1 17.3205 10.0 2
160 1 17.3205 10.0 2
159 1 17.3205 10.0 2
157 1 17.3205 10.0 2
156 1 17.3205 10.0 2
154 1 17.3205 10.0 2
153 1 17.3205 10.0 2
152 1 17.3205 10.0 2
210 1 25.9808 15.0 2
236 1 34.641 20.0 2
235 1 34.641 20.0 2
234 1 34.641 20.0 2
232 1 34.641 20.0 2
230 1 34.641 20.0 2
228 1 34.641 20.0 2
226 1 34.641 20.0 2
225 1 34.641 20.0 2
224 1 34.641 20.0 2
222 1 34.641 20.0 2
220 1 34.641 20.0 2
219 1 34.641 20.0 2
217 1 34.641 20.0 2
216 1 34.641 20.0 2
215 1 34.641 20.0 2
214 1 34.641 20.0 2
213 1 34.641 20.0 2
212 1 34.641 20.0 2
211 1 34.641 20.0 2
2220 1 60.6218 35.0 2
2280 1 77.9423 45.0 2
2278 1 77.9423 45.0 2
2277 1 77.9423 45.0 2
2275 1 77.9423 45.0 2
2273 1 77.9423 45.0 2
2272 1 77.9423 45.0 2
2271 1 77.9423 45.0 2
2270 1 77.9423 45.0 2
2269 1 77.9423 45.0 2
2268 1 77.9423 45.0 2
2266 1 77.9423 45.0 2
2265 1 77.9423 45.0 2
2263 1 77.9423 45.0 2
2261 1 77.9423 45.0 2
2260 1 77.9423 45.0 2
2259 1 77.9423 45.0 2
2258 1 77.9423 45.0 2
2256 1 77.9423 45.0 2
2255 1 77.9423 45.0 2
2254 1 77.9423 45.0 2
2253 1 77.9423 45.0 2
2252 1 77.9423 45.0 2
2251 1 77.9423 45.0 2
2219 1 60.6218 35.0 2
2217 1 60.6218 35.0 2
2215 1 60.6218 35.0 2
2214 1 60.6218 35.0 2
2212 1 60.6218 35.0 2
2211 1 60.6218 35.0 2
2210 1 60.6218 35.0 2
2209 1 60.6218 35.0 2
2208 1 60.6218 35.0 2
2206 1 60.6218 35.0 2
2205 1 60.6218 35.0 2
2204 1 60.6218 35.0 2
2203 1 60.6218 35.0 2
2202 1 60.6218 35.0 2
2200 1 60.6218 35.0 2
2199 1 60.6218 35.0 2
2198 1 60.6218 35.0 2
2197 1 60.6218 35.0 2
2196 1 60.6218 35.0 2
2195 1 60.6218 35.0 2
2194 1 60.6218 35.0 2
2193 1 60.6218 35.0 2
2192 1 60.6218 35.0 2
2191 1 60.6218 35.0 2
208 1 25.9808 15.0 2
205 1 25.9808 15.0 2
204 1 25.9808 15.0 2
202 1 25.9808 15.0 2
201 1 25.9808 15.0 2
200 1 25.9808 15.0 2
199 1 25.9808 15.0 2
-1 0 0.0 0.0 D
2100 2 159.0 305.95391845703125 160 2147483647 161
0 0 0.0 0.0 D
419 1 5.1764 19.3185 2
418 1 5.1764 19.3185 2
416 1 5.1764 19.3185 2
415 1 5.1764 19.3185 2
414 1 5.1764 19.3185 2
413 1 5.1764 19.3185 2
412 1 5.1764 19.3185 2
411 1 5.1764 19.3185 2
410 1 5.1764 19.3185 2
407 1 5.1764 19.3185 2
406 1 5.1764 19.3185 2
405 1 5.1764 19.3185 2
404 1 5.1764 19.3185 2
403 1 5.1764 19.3185 2
402 1 5.1764 19.3185 2
401 1 5.1764 19.3185 2
400 1 5.1764 19.3185 2
399 1 5.1764 19.3185 2
398 1 5.1764 19.3185 2
397 1 5.1764 19.3185 2
396 1 5.1764 19.3185 2
394 1 5.1764 19.3185 2
393 1 5.1764 19.3185 2
392 1 5.1764 19.3185 2
391 1 5.1764 19.3185 2
450 1 7.7646 28.9778 2
449 1 7.7646 28.9778 2
448 1 7.7646 28.9778 2
446 1 7.7646 28.9778 2
445 1 7.7646 28.9778 2
444 1 7.7646 28.9778 2
443 1 7.7646 28.9778 2
442 1 7.7646 28.9778 2
441 1 7.7646 28.9778 2
440 1 7.7646 28.9778 2
438 1 7.7646 28.9778 2
436 1 7.7646 28.9778 2
435 1 7.7646 28.9778 2
434 1 7.7646 28.9778 2
433 1 7.7646 28.9778 2
432 1 7.7646 28.9778 2
431 1 7.7646 28.9778 2
430 1 7.7646 28.9778 2
427 1 7.7646 28.9778 2
426 1 7.7646 28.9778 2
425 1 7.7646 28.9778 2
424 1 7.7646 28.9778 2
423 1 7.7646 28.9778 2
422 1 7.7646 28.9778 2
421 1 7.7646 28.9778 2
480 1 10.3528 38.637 2
479 1 10.3528 38.637 2
478 1 10.3528 38.637 2
477 1 10.3528 38.637 2
476 1 10.3528 38.637 2
474 1 10.3528 38.637 2
473 1 10.3528 38.637 2
472 1 10.3528 38.637 2
471 1 10.3528 38.637 2
470 1 10.3528 38.637 2
469 1 10.3528 38.637 2
468 1 10.3528 38.637 2
467 1 10.3528 38.637 2
466 1 10.3528 38.637 2
465 1 10.3528 38.637 2
464 1 10.3528 38.637 2
462 1 10.3528 38.637 2
461 1 10.3528 38.637 2
460 1 10.3528 38.637 2
459 1 10.3528 38.637 2
458 1 10.3528 38.637 2
457 1 10.3528 38.637 2
454 1 10.3528 38.637 2
453 1 10.3528 38.637 2
452 1 10.3528 38.637 2
451 1 10.3528 38.637 2
1945 1 19.1342 46.194 2
2505 1 23.2937 86.9333 2
2504 1 23.2937 86.9333 2
2503 1 23.2937 86.9333 2
2502 1 23.2937 86.9333 2
2501 1 23.2937 86.9333 2
2497 1 23.2937 86.9333 2
2496 1 23.2937 86.9333 2
2495 1 23.2937 86.9333 2
2494 1 23.2937 86.9333 2
2493 1 23.2937 86.9333 2
2491 1 23.2937 86.9333 2
3989 1 38.2683 92.388 2
2319 1 63.6396 63.6396 2
2315 1 63.6396 63.6396 2
2313 1 63.6396 63.6396 2
3979 1 79.3353 60.8761 2
3976 1 79.3353 60.8761 2
2250 1 69.282 40.0 2
2249 1 69.282 40.0 2
2248 1 69.282 40.0 2
2247 1 69.282 40.0 2
2246 1 69.282 40.0 2
2245 1 69.282 40.0 2
2244 1 69.282 40.0 2
2243 1 69.282 40.0 2
2242 1 69.282 40.0 2
2241 1 69.282 40.0 2
2240 1 69.282 40.0 2
2238 1 69.282 40.0 2
2236 1 69.282 40.0 2
2235 1 69.282 40.0 2
2233 1 69.282 40.0 2
2232 1 69.282 40.0 2
2230 1 69.282 40.0 2
2229 1 69.282 40.0 2
2228 1 69.282 40.0 2
2227 1 69.282 40.0 2
2226 1 69.282 40.0 2
2225 1 69.282 40.0 2
2224 1 69.282 40.0 2
2223 1 69.282 40.0 2
2222 1 69.282 40.0 2
2221 1 69.282 40.0 2
2304 1 56.5685 56.5685 2
2302 1 56.5685 56.5685 2
2300 1 49.4975 49.4975 2
2294 1 49.4975 49.4975 2
2293 1 49.4975 49.4975 2
2292 1 49.4975 49.4975 2
2286 1 42.4264 42.4264 2
2190 1 51.9615 30.0 2
2189 1 51.9615 30.0 2
2188 1 51.9615 30.0 2
2187 1 51.9615 30.0 2
2186 1 51.9615 30.0 2
2185 1 51.9615 30.0 2
2184 1 51.9615 30.0 2
2183 1 51.9615 30.0 2
2182 1 51.9615 30.0 2
2181 1 51.9615 30.0 2
2180 1 51.9615 30.0 2
2179 1 51.9615 30.0 2
2178 1 51.9615 30.0 2
2176 1 51.9615 30.0 2
2175 1 51.9615 30.0 2
2174 1 51.9615 30.0 2
2173 1 51.9615 30.0 2
2172 1 51.9615 30.0 2
2171 1 51.9615 30.0 2
2170 1 51.9615 30.0 2
2167 1 51.9615 30.0 2
2166 1 51.9615 30.0 2
2165 1 51.9615 30.0 2
2164 1 51.9615 30.0 2
2163 1 51.9615 30.0 2
2162 1 51.9615 30.0 2
2161 1 51.9615 30.0 2
239 1 34.641 20.0 2
238 1 34.641 20.0 2
270 1 21.2132 21.2132 2
263 1 21.2132 21.2132 2
246 1 7.0711 7.0711 2
-1 0 0.0 0.0 D
2102 4 199.0 305.581298828125 200 2147483647 201
0 0 0.0 0.0 D
62 1 19.3185 5.1764 4
80 1 19.3185 5.1764 4
79 1 19.3185 5.1764 4
78 1 19.3185 5.1764 4
77 1 19.3185 5.1764 4
76 1 19.3185 5.1764 4
75 1 19.3185 5.1764 4
74 1 19.3185 5.1764 4
73 1 19.3185 5.1764 4
72 1 19.3185 5.1764 4
70 1 19.3185 5.1764 4
69 1 19.3185 5.1764 4
68 1 19.3185 5.1764 4
67 1 19.3185 5.1764 4
65 1 19.3185 5.1764 4
64 1 19.3185 5.1764 4
63 1 19.3185 5.1764 4
100 1 28.9778 7.7646 4
99 1 28.9778 7.7646 4
98 1 28.9778 7.7646 4
97 1 28.9778 7.7646 4
96 1 28.9778 7.7646 4
94 1 28.9778 7.7646 4
93 1 28.9778 7.7646 4
92 1 28.9778 7.7646 4
91 1 28.9778 7.7646 4
90 1 28.9778 7.7646 4
89 1 28.9778 7.7646 4
88 1 28.9778 7.7646 4
86 1 28.9778 7.7646 4
84 1 28.9778 7.7646 4
83 1 28.9778 7.7646 4
82 1 28.9778 7.7646 4
81 1 28.9778 7.7646 4
120 1 38.637 10.3528 4
119 1 38.637 10.3528 4
118 1 38.637 10.3528 4
117 1 38.637 10.3528 4
116 1 38.637 10.3528 4
115 1 38.637 10.3528 4
114 1 38.637 10.3528 4
113 1 38.637 10.3528 4
112 1 38.637 10.3528 4
111 1 38.637 10.3528 4
110 1 38.637 10.3528 4
109 1 38.637 10.3528 4
107 1 38.637 10.3528 4
106 1 38.637 10.3528 4
105 1 38.637 10.3528 4
103 1 38.637 10.3528 4
101 1 38.637 10.3528 4
2159 1 86.9333 23.2937 4
2158 1 86.9333 23.2937 4
2156 1 86.9333 23.2937 4
2155 1 86.9333 23.2937 4
2152 1 86.9333 23.2937 4
2151 1 86.9333 23.2937 4
2150 1 86.9333 23.2937 4
2149 1 86.9333 23.2937 4
2148 1 86.9333 23.2937 4
2147 1 86.9333 23.2937 4
3980 1 79.3353 60.8761 4
3978 1 79.3353 60.8761 4
3977 1 79.3353 60.8761 4
3975 1 79.3353 60.8761 4
3974 1 79.3353 60.8761 4
3973 1 79.3353 60.8761 4
3972 1 79.3353 60.8761 4
3971 1 79.3353 60.8761 4
2320 1 63.6396 63.6396 4
2318 1 63.6396 63.6396 4
2317 1 63.6396 63.6396 4
2316 1 63.6396 63.6396 4
2314 1 63.6396 63.6396 4
2312 1 63.6396 63.6396 4
2311 1 63.6396 63.6396 4
2310 1 56.5685 56.5685 4
2309 1 56.5685 56.5685 4
2308 1 56.5685 56.5685 4
2307 1 56.5685 56.5685 4
2306 1 56.5685 56.5685 4
2305 1 56.5685 56.5685 4
2303 1 56.5685 56.5685 4
2301 1 56.5685 56.5685 4
2299 1 49.4975 49.4975 4
2298 1 49.4975 49.4975 4
2297 1 49.4975 49.4975 4
2296 1 49.4975 49.4975 4
2295 1 49.4975 49.4975 4
2291 1 49.4975 49.4975 4
2362 1 40.0 69.282 4
2361 1 40.0 69.282 4
2340 1 30.0 51.9615 4
2339 1 30.0 51.9615 4
2338 1 30.0 51.9615 4
2337 1 30.0 51.9615 4
2336 1 30.0 51.9615 4
2335 1 30.0 51.9615 4
2334 1 30.0 51.9615 4
2332 1 30.0 51.9615 4
2331 1 30.0 51.9615 4
2329 1 30.0 51.9615 4
2328 1 30.0 51.9615 4
2327 1 30.0 51.9615 4
2325 1 30.0 51.9615 4
2324 1 30.0 51.9615 4
2323 1 30.0 51.9615 4
2322 1 30.0 51.9615 4
2321 1 30.0 51.9615 4
2290 1 42.4264 42.4264 4
2289 1 42.4264 42.4264 4
2288 1 42.4264 42.4264 4
2287 1 42.4264 42.4264 4
2285 1 42.4264 42.4264 4
2284 1 42.4264 42.4264 4
2283 1 42.4264 42.4264 4
2282 1 42.4264 42.4264 4
2281 1 42.4264 42.4264 4
1940 1 39.6677 30.4381 4
1939 1 39.6677 30.4381 4
1938 1 39.6677 30.4381 4
1937 1 39.6677 30.4381 4
1936 1 39.6677 30.4381 4
1935 1 39.6677 30.4381 4
1933 1 39.6677 30.4381 4
1932 1 39.6677 30.4381 4
1931 1 39.6677 30.4381 4
280 1 28.2843 28.2843 4
279 1 28.2843 28.2843 4
278 1 28.2843 28.2843 4
277 1 28.2843 28.2843 4
276 1 28.2843 28.2843 4
275 1 28.2843 28.2843 4
274 1 28.2843 28.2843 4
273 1 28.2843 28.2843 4
272 1 28.2843 28.2843 4
271 1 28.2843 28.2843 4
360 1 20.0 34.641 4
359 1 20.0 34.641 4
358 1 20.0 34.641 4
357 1 20.0 34.641 4
356 1 20.0 34.641 4
355 1 20.0 34.641 4
353 1 20.0 34.641 4
351 1 20.0 34.641 4
350 1 20.0 34.641 4
349 1 20.0 34.641 4
348 1 20.0 34.641 4
347 1 20.0 34.641 4
346 1 20.0 34.641 4
345 1 20.0 34.641 4
344 1 20.0 34.641 4
343 1 20.0 34.641 4
342 1 20.0 34.641 4
341 1 20.0 34.641 4
269 1 21.2132 21.2132 4
268 1 21.2132 21.2132 4
267 1 21.2132 21.2132 4
266 1 21.2132 21.2132 4
265 1 21.2132 21.2132 4
264 1 21.2132 21.2132 4
262 1 21.2132 21.2132 4
261 1 21.2132 21.2132 4
260 1 14.1421 14.1421 4
259 1 14.1421 14.1421 4
258 1 14.1421 14.1421 4
257 1 14.1421 14.1421 4
256 1 14.1421 14.1421 4
255 1 14.1421 14.1421 4
254 1 14.1421 14.1421 4
253 1 14.1421 14.1421 4
252 1 14.1421 14.1421 4
251 1 14.1421 14.1421 4
320 1 10.0 17.3205 4
319 1 10.0 17.3205 4
318 1 10.0 17.3205 4
315 1 10.0 17.3205 4
314 1 10.0 17.3205 4
312 1 10.0 17.3205 4
311 1 10.0 17.3205 4
310 1 10.0 17.3205 4
309 1 10.0 17.3205 4
308 1 10.0 17.3205 4
307 1 10.0 17.3205 4
306 1 10.0 17.3205 4
305 1 10.0 17.3205 4
304 1 10.0 17.3205 4
303 1 10.0 17.3205 4
302 1 10.0 17.3205 4
301 1 10.0 17.3205 4
250 1 7.0711 7.0711 4
249 1 7.0711 7.0711 4
248 1 7.0711 7.0711 4
247 1 7.0711 7.0711 4
245 1 7.0711 7.0711 4
244 1 7.0711 7.0711 4
243 1 7.0711 7.0711 4
242 1 7.0711 7.0711 4
241 1 7.0711 7.0711 4
-1 0 0.0 0.0 D
2103 4 249.0 316.26171875 250 2147483647 251
0 0 0.0 0.0 D
299 1 5.0 8.6603 4
298 1 5.0 8.6603 4
296 1 5.0 8.6603 4
295 1 5.0 8.6603 4
294 1 5.0 8.6603 4
293 1 5.0 8.6603 4
289 1 5.0 8.6603 4
288 1 5.0 8.6603 4
286 1 5.0 8.6603 4
285 1 5.0 8.6603 4
284 1 5.0 8.6603 4
283 1 5.0 8.6603 4
340 1 15.0 25.9808 4
339 1 15.0 25.9808 4
338 1 15.0 25.9808 4
337 1 15.0 25.9808 4
336 1 15.0 25.9808 4
335 1 15.0 25.9808 4
334 1 15.0 25.9808 4
333 1 15.0 25.9808 4
332 1 15.0 25.9808 4
331 1 15.0 25.9808 4
330 1 15.0 25.9808 4
329 1 15.0 25.9808 4
327 1 15.0 25.9808 4
326 1 15.0 25.9808 4
324 1 15.0 25.9808 4
323 1 15.0 25.9808 4
322 1 15.0 25.9808 4
321 1 15.0 25.9808 4
1950 1 19.1342 46.194 4
1949 1 19.1342 46.194 4
1948 1 19.1342 46.194 4
1947 1 19.1342 46.194 4
1946 1 19.1342 46.194 4
1944 1 19.1342 46.194 4
1943 1 19.1342 46.194 4
1942 1 19.1342 46.194 4
1941 1 19.1342 46.194 4
2359 1 35.0 60.6218 4
2358 1 35.0 60.6218 4
2355 1 35.0 60.6218 4
2354 1 35.0 60.6218 4
2353 1 35.0 60.6218 4
2352 1 35.0 60.6218 4
2351 1 35.0 60.6218 4
2350 1 35.0 60.6218 4
2349 1 35.0 60.6218 4
2348 1 35.0 60.6218 4
2347 1 35.0 60.6218 4
2345 1 35.0 60.6218 4
2343 1 35.0 60.6218 4
2342 1 35.0 60.6218 4
2341 1 35.0 60.6218 4
2380 1 40.0 69.282 4
2379 1 40.0 69.282 4
2377 1 40.0 69.282 4
2375 1 40.0 69.282 4
2374 1 40.0 69.282 4
2372 1 40.0 69.282 4
2371 1 40.0 69.282 4
2370 1 40.0 69.282 4
2369 1 40.0 69.282 4
2368 1 40.0 69.282 4
2367 1 40.0 69.282 4
2366 1 40.0 69.282 4
2365 1 40.0 69.282 4
2364 1 40.0 69.282 4
2363 1 40.0 69.282 4
2400 1 45.0 77.9423 4
2399 1 45.0 77.9423 4
2398 1 45.0 77.9423 4
2395 1 45.0 77.9423 4
2394 1 45.0 77.9423 4
2393 1 45.0 77.9423 4
2392 1 45.0 77.9423 4
2391 1 45.0 77.9423 4
2387 1 45.0 77.9423 4
2386 1 45.0 77.9423 4
2385 1 45.0 77.9423 4
2383 1 45.0 77.9423 4
2381 1 45.0 77.9423 4
3990 1 38.2683 92.388 4
3988 1 38.2683 92.388 4
3987 1 38.2683 92.388 4
3986 1 38.2683 92.388 4
3985 1 38.2683 92.388 4
3984 1 38.2683 92.388 4
3983 1 38.2683 92.388 4
3982 1 38.2683 92.388 4
3981 1 38.2683 92.388 4
2550 1 0.0 80.0 4
2549 1 0.0 80.0 4
2548 1 0.0 80.0 4
2547 1 0.0 80.0 4
2546 1 0.0 80.0 4
2545 1 0.0 80.0 4
2544 1 0.0 80.0 4
2542 1 0.0 80.0 4
2541 1 0.0 80.0 4
2558 1 0.0 90.0 4
2557 1 0.0 90.0 4
2554 1 0.0 90.0 4
2553 1 0.0 90.0 4
2552 1 0.0 90.0 4
2551 1 0.0 90.0 4
4000 1 -13.0526 99.1445 4
3998 1 -13.0526 99.1445 4
3997 1 -13.0526 99.1445 4
3996 1 -13.0526 99.1445 4
3995 1 -13.0526 99.1445 4
3994 1 -13.0526 99.1445 4
3993 1 -13.0526 99.1445 4
3992 1 -13.0526 99.1445 4
3991 1 -13.0526 99.1445 4
2635 1 -23.2937 86.9333 4
2633 1 -23.2937 86.9333 4
2632 1 -23.2937 86.9333 4
2631 1 -23.2937 86.9333 4
2630 1 -23.2937 86.9333 4
2629 1 -23.2937 86.9333 4
2627 1 -23.2937 86.9333 4
2626 1 -23.2937 86.9333 4
2625 1 -23.2937 86.9333 4
2624 1 -23.2937 86.9333 4
2623 1 -23.2937 86.9333 4
2622 1 -23.2937 86.9333 4
2621 1 -23.2937 86.9333 4
2619 1 -20.7055 77.2741 4
2618 1 -20.7055 77.2741 4
2616 1 -20.7055 77.2741 4
2615 1 -20.7055 77.2741 4
2614 1 -20.7055 77.2741 4
2613 1 -20.7055 77.2741 4
2612 1 -20.7055 77.2741 4
2611 1 -20.7055 77.2741 4
2609 1 -20.7055 77.2741 4
2608 1 -20.7055 77.2741 4
2607 1 -20.7055 77.2741 4
2606 1 -20.7055 77.2741 4
2605 1 -20.7055 77.2741 4
2604 1 -20.7055 77.2741 4
2603 1 -20.7055 77.2741 4
2602 1 -20.7055 77.2741 4
2600 1 -18.1173 67.6148 4
2599 1 -18.1173 67.6148 4
2598 1 -18.1173 67.6148 4
2597 1 -18.1173 67.6148 4
2595 1 -18.1173 67.6148 4
2593 1 -18.1173 67.6148 4
2592 1 -18.1173 67.6148 4
2591 1 -18.1173 67.6148 4
2590 1 -18.1173 67.6148 4
2589 1 -18.1173 67.6148 4
2587 1 -18.1173 67.6148 4
2586 1 -18.1173 67.6148 4
2585 1 -18.1173 67.6148 4
2584 1 -18.1173 67.6148 4
2583 1 -18.1173 67.6148 4
2582 1 -18.1173 67.6148 4
2581 1 -18.1173 67.6148 4
2579 1 -15.5291 57.9555 4
2578 1 -15.5291 57.9555 4
2577 1 -15.5291 57.9555 4
2576 1 -15.5291 57.9555 4
2575 1 -15.5291 57.9555 4
2573 1 -15.5291 57.9555 4
2572 1 -15.5291 57.9555 4
2571 1 -15.5291 57.9555 4
2570 1 -15.5291 57.9555 4
2569 1 -15.5291 57.9555 4
2568 1 -15.5291 57.9555 4
2567 1 -15.5291 57.9555 4
2566 1 -15.5291 57.9555 4
2565 1 -15.5291 57.9555 4
2564 1 -15.5291 57.9555 4
2563 1 -15.5291 57.9555 4
2562 1 -15.5291 57.9555 4
2561 1 -15.5291 57.9555 4
2539 1 0.0 70.0 4
2538 1 0.0 70.0 4
2537 1 0.0 70.0 4
2533 1 0.0 70.0 4
2532 1 0.0 70.0 4
2531 1 0.0 70.0 4
2530 1 0.0 60.0 4
2525 1 0.0 60.0 4
2524 1 0.0 60.0 4
2523 1 0.0 60.0 4
2522 1 0.0 60.0 4
2521 1 0.0 60.0 4
1960 1 -6.5263 49.5722 4
1959 1 -6.5263 49.5722 4
1958 1 -6.5263 49.5722 4
1957 1 -6.5263 49.5722 4
1956 1 -6.5263 49.5722 4
1955 1 -6.5263 49.5722 4
1954 1 -6.5263 49.5722 4
1953 1 -6.5263 49.5722 4
1952 1 -6.5263 49.5722 4
1951 1 -6.5263 49.5722 4
520 1 0.0 40.0 4
519 1 0.0 40.0 4
518 1 0.0 40.0 4
517 1 0.0 40.0 4
514 1 0.0 40.0 4
513 1 0.0 40.0 4
512 1 0.0 40.0 4
511 1 0.0 40.0 4
508 1 0.0 30.0 4
507 1 0.0 30.0 4
506 1 0.0 30.0 4
505 1 0.0 30.0 4
504 1 0.0 30.0 4
503 1 0.0 30.0 4
502 1 0.0 30.0 4
501 1 0.0 30.0 4
500 1 0.0 20.0 4
498 1 0.0 20.0 4
497 1 0.0 20.0 4
496 1 0.0 20.0 4
495 1 0.0 20.0 4
494 1 0.0 20.0 4
493 1 0.0 20.0 4
492 1 0.0 20.0 4
490 1 0.0 10.0 4
489 1 0.0 10.0 4
488 1 0.0 10.0 4
487 1 0.0 10.0 4
486 1 0.0 10.0 4
485 1 0.0 10.0 4
484 1 0.0 10.0 4
483 1 0.0 10.0 4
482 1 0.0 10.0 4
481 1 0.0 10.0 4
540 1 -2.5882 9.6593 4
539 1 -2.5882 9.6593 4
537 1 -2.5882 9.6593 4
536 1 -2.5882 9.6593 4
535 1 -2.5882 9.6593 4
534 1 -2.5882 9.6593 4
533 1 -2.5882 9.6593 4
530 1 -2.5882 9.6593 4
529 1 -2.5882 9.6593 4
526 1 -2.5882 9.6593 4
525 1 -2.5882 9.6593 4
524 1 -2.5882 9.6593 4
523 1 -2.5882 9.6593 4
521 1 -2.5882 9.6593 4
-1 0 0.0 0.0 D
2104 2 59.0 179.99993896484375 60 2147483647 61
0 0 0.0 0.0 D
389 1 2.5882 9.6593 2
388 1 2.5882 9.6593 2
387 1 2.5882 9.6593 2
386 1 2.5882 9.6593 2
385 1 2.5882 9.6593 2
384 1 2.5882 9.6593 2
383 1 2.5882 9.6593 2
382 1 2.5882 9.6593 2
380 1 2.5882 9.6593 2
378 1 2.5882 9.6593 2
377 1 2.5882 9.6593 2
376 1 2.5882 9.6593 2
375 1 2.5882 9.6593 2
373 1 2.5882 9.6593 2
372 1 2.5882 9.6593 2
371 1 2.5882 9.6593 2
370 1 2.5882 9.6593 2
369 1 2.5882 9.6593 2
368 1 2.5882 9.6593 2
367 1 2.5882 9.6593 2
366 1 2.5882 9.6593 2
365 1 2.5882 9.6593 2
364 1 2.5882 9.6593 2
362 1 2.5882 9.6593 2
361 1 2.5882 9.6593 2
2486 1 20.7055 77.2741 2
2484 1 20.7055 77.2741 2
2483 1 20.7055 77.2741 2
2482 1 20.7055 77.2741 2
2481 1 20.7055 77.2741 2
2480 1 20.7055 77.2741 2
2478 1 20.7055 77.2741 2
2477 1 20.7055 77.2741 2
2476 1 20.7055 77.2741 2
2475 1 20.7055 77.2741 2
2474 1 20.7055 77.2741 2
2473 1 20.7055 77.2741 2
2472 1 20.7055 77.2741 2
2471 1 20.7055 77.2741 2
2470 1 20.7055 77.2741 2
2469 1 20.7055 77.2741 2
2468 1 20.7055 77.2741 2
2466 1 20.7055 77.2741 2
2465 1 20.7055 77.2741 2
2464 1 20.7055 77.2741 2
2463 1 20.7055 77.2741 2
2462 1 20.7055 77.2741 2
2461 1 20.7055 77.2741 2
2519 1 23.2937 86.9333 2
2518 1 23.2937 86.9333 2
2517 1 23.2937 86.9333 2
2516 1 23.2937 86.9333 2
2514 1 23.2937 86.9333 2
2513 1 23.2937 86.9333 2
2512 1 23.2937 86.9333 2
2510 1 23.2937 86.9333 2
2508 1 23.2937 86.9333 2
2507 1 23.2937 86.9333 2
2506 1 23.2937 86.9333 2
-1 0 0.0 0.0 D
2105 2 59.0 166.9650421142578 60 2147483647 61
0 0 0.0 0.0 D
499 1 0.0 20.0 2
491 1 0.0 20.0 2
510 1 0.0 30.0 2
509 1 0.0 30.0 2
516 1 0.0 40.0 2
515 1 0.0 40.0 2
2526 1 0.0 60.0 2
2490 1 20.7055 77.2741 2
2489 1 20.7055 77.2741 2
2488 1 20.7055 77.2741 2
2487 1 20.7055 77.2741 2
2458 1 18.1173 67.6148 2
2457 1 18.1173 67.6148 2
2455 1 18.1173 67.6148 2
2454 1 18.1173 67.6148 2
2453 1 18.1173 67.6148 2
2452 1 18.1173 67.6148 2
2451 1 18.1173 67.6148 2
2450 1 18.1173 67.6148 2
2449 1 18.1173 67.6148 2
2448 1 18.1173 67.6148 2
2447 1 18.1173 67.6148 2
2446 1 18.1173 67.6148 2
2445 1 18.1173 67.6148 2
2444 1 18.1173 67.6148 2
2443 1 18.1173 67.6148 2
2442 1 18.1173 67.6148 2
2440 1 18.1173 67.6148 2
2439 1 18.1173 67.6148 2
2438 1 18.1173 67.6148 2
2435 1 18.1173 67.6148 2
2434 1 18.1173 67.6148 2
2433 1 18.1173 67.6148 2
2432 1 18.1173 67.6148 2
2431 1 18.1173 67.6148 2
2430 1 15.5291 57.9555 2
2429 1 15.5291 57.9555 2
2428 1 15.5291 57.9555 2
2427 1 15.5291 57.9555 2
2426 1 15.5291 57.9555 2
2425 1 15.5291 57.9555 2
2423 1 15.5291 57.9555 2
2422 1 15.5291 57.9555 2
2421 1 15.5291 57.9555 2
2420 1 15.5291 57.9555 2
2419 1 15.5291 57.9555 2
2418 1 15.5291 57.9555 2
2417 1 15.5291 57.9555 2
2416 1 15.5291 57.9555 2
2412 1 15.5291 57.9555 2
2411 1 15.5291 57.9555 2
2410 1 15.5291 57.9555 2
2408 1 15.5291 57.9555 2
2407 1 15.5291 57.9555 2
2406 1 15.5291 57.9555 2
2404 1 15.5291 57.9555 2
2403 1 15.5291 57.9555 2
2402 1 15.5291 57.9555 2
2401 1 15.5291 57.9555 2
-1 0 0.0 0.0 D
2106 2 59.0 209.12677001953125 60 2147483647 61
0 0 0.0 0.0 D
630 1 -5.0 8.6603 2
629 1 -5.0 8.6603 2
628 1 -5.0 8.6603 2
627 1 -5.0 8.6603 2
626 1 -5.0 8.6603 2
625 1 -5.0 8.6603 2
623 1 -5.0 8.6603 2
622 1 -5.0 8.6603 2
620 1 -5.0 8.6603 2
619 1 -5.0 8.6603 2
617 1 -5.0 8.6603 2
616 1 -5.0 8.6603 2
615 1 -5.0 8.6603 2
614 1 -5.0 8.6603 2
613 1 -5.0 8.6603 2
612 1 -5.0 8.6603 2
611 1 -5.0 8.6603 2
610 1 -5.0 8.6603 2
609 1 -5.0 8.6603 2
608 1 -5.0 8.6603 2
607 1 -5.0 8.6603 2
606 1 -5.0 8.6603 2
605 1 -5.0 8.6603 2
604 1 -5.0 8.6603 2
603 1 -5.0 8.6603 2
602 1 -5.0 8.6603 2
601 1 -5.0 8.6603 2
685 1 -15.0 25.9808 2
684 1 -15.0 25.9808 2
682 1 -15.0 25.9808 2
681 1 -15.0 25.9808 2
679 1 -15.0 25.9808 2
678 1 -15.0 25.9808 2
677 1 -15.0 25.9808 2
675 1 -15.0 25.9808 2
674 1 -15.0 25.9808 2
672 1 -15.0 25.9808 2
671 1 -15.0 25.9808 2
670 1 -15.0 25.9808 2
669 1 -15.0 25.9808 2
668 1 -15.0 25.9808 2
667 1 -15.0 25.9808 2
666 1 -15.0 25.9808 2
665 1 -15.0 25.9808 2
664 1 -15.0 25.9808 2
662 1 -15.0 25.9808 2
3999 1 -13.0526 99.1445 2
2560 1 0.0 90.0 2
2559 1 0.0 90.0 2
2556 1 0.0 90.0 2
2555 1 0.0 90.0 2
2543 1 0.0 80.0 2
2540 1 0.0 70.0 2
2536 1 0.0 70.0 2
2535 1 0.0 70.0 2
2534 1 0.0 70.0 2
2529 1 0.0 60.0 2
2528 1 0.0 60.0 2
2527 1 0.0 60.0 2
-1 0 0.0 0.0 D
2107 4 149.0 250.27975463867188 150 2147483647 151
0 0 0.0 0.0 D
729 1 -7.0711 7.0711 4
728 1 -7.0711 7.0711 4
727 1 -7.0711 7.0711 4
726 1 -7.0711 7.0711 4
724 1 -7.0711 7.0711 4
723 1 -7.0711 7.0711 4
722 1 -7.0711 7.0711 4
721 1 -7.0711 7.0711 4
800 1 -17.3205 10.0 4
799 1 -17.3205 10.0 4
796 1 -17.3205 10.0 4
795 1 -17.3205 10.0 4
794 1 -17.3205 10.0 4
793 1 -17.3205 10.0 4
792 1 -17.3205 10.0 4
790 1 -17.3205 10.0 4
789 1 -17.3205 10.0 4
788 1 -17.3205 10.0 4
787 1 -17.3205 10.0 4
786 1 -17.3205 10.0 4
784 1 -17.3205 10.0 4
783 1 -17.3205 10.0 4
782 1 -17.3205 10.0 4
740 1 -14.1421 14.1421 4
738 1 -14.1421 14.1421 4
736 1 -14.1421 14.1421 4
735 1 -14.1421 14.1421 4
734 1 -14.1421 14.1421 4
733 1 -14.1421 14.1421 4
732 1 -14.1421 14.1421 4
749 1 -21.2132 21.2132 4
748 1 -21.2132 21.2132 4
747 1 -21.2132 21.2132 4
746 1 -21.2132 21.2132 4
745 1 -21.2132 21.2132 4
744 1 -21.2132 21.2132 4
743 1 -21.2132 21.2132 4
742 1 -21.2132 21.2132 4
741 1 -21.2132 21.2132 4
822 1 -34.641 20.0 4
821 1 -34.641 20.0 4
760 1 -28.2843 28.2843 4
759 1 -28.2843 28.2843 4
758 1 -28.2843 28.2843 4
757 1 -28.2843 28.2843 4
756 1 -28.2843 28.2843 4
753 1 -28.2843 28.2843 4
752 1 -28.2843 28.2843 4
751 1 -28.2843 28.2843 4
1969 1 -30.4381 39.6677 4
1968 1 -30.4381 39.6677 4
1967 1 -30.4381 39.6677 4
1966 1 -30.4381 39.6677 4
1965 1 -30.4381 39.6677 4
1964 1 -30.4381 39.6677 4
1963 1 -30.4381 39.6677 4
1962 1 -30.4381 39.6677 4
1961 1 -30.4381 39.6677 4
2770 1 -42.4264 42.4264 4
2769 1 -42.4264 42.4264 4
2768 1 -42.4264 42.4264 4
2767 1 -42.4264 42.4264 4
2766 1 -42.4264 42.4264 4
2765 1 -42.4264 42.4264 4
2764 1 -42.4264 42.4264 4
2763 1 -42.4264 42.4264 4
2762 1 -42.4264 42.4264 4
2761 1 -42.4264 42.4264 4
2780 1 -49.4975 49.4975 4
2779 1 -49.4975 49.4975 4
2777 1 -49.4975 49.4975 4
2776 1 -49.4975 49.4975 4
2775 1 -49.4975 49.4975 4
2774 1 -49.4975 49.4975 4
2773 1 -49.4975 49.4975 4
2772 1 -49.4975 49.4975 4
2771 1 -49.4975 49.4975 4
2789 1 -56.5685 56.5685 4
2788 1 -56.5685 56.5685 4
2787 1 -56.5685 56.5685 4
2786 1 -56.5685 56.5685 4
2783 1 -56.5685 56.5685 4
2782 1 -56.5685 56.5685 4
2781 1 -56.5685 56.5685 4
2800 1 -63.6396 63.6396 4
2799 1 -63.6396 63.6396 4
2798 1 -63.6396 63.6396 4
2796 1 -63.6396 63.6396 4
2795 1 -63.6396 63.6396 4
2794 1 -63.6396 63.6396 4
2793 1 -63.6396 63.6396 4
2792 1 -63.6396 63.6396 4
2791 1 -63.6396 63.6396 4
2640 1 -23.2937 86.9333 4
2639 1 -23.2937 86.9333 4
2638 1 -23.2937 86.9333 4
2637 1 -23.2937 86.9333 4
2636 1 -23.2937 86.9333 4
599 1 -10.3528 38.637 4
598 1 -10.3528 38.637 4
595 1 -10.3528 38.637 4
594 1 -10.3528 38.637 4
593 1 -10.3528 38.637 4
592 1 -10.3528 38.637 4
591 1 -10.3528 38.637 4
590 1 -10.3528 38.637 4
589 1 -10.3528 38.637 4
588 1 -10.3528 38.637 4
587 1 -10.3528 38.637 4
586 1 -10.3528 38.637 4
585 1 -10.3528 38.637 4
584 1 -10.3528 38.637 4
582 1 -10.3528 38.637 4
581 1 -10.3528 38.637 4
580 1 -7.7646 28.9778 4
579 1 -7.7646 28.9778 4
578 1 -7.7646 28.9778 4
577 1 -7.7646 28.9778 4
576 1 -7.7646 28.9778 4
575 1 -7.7646 28.9778 4
573 1 -7.7646 28.9778 4
572 1 -7.7646 28.9778 4
571 1 -7.7646 28.9778 4
570 1 -7.7646 28.9778 4
569 1 -7.7646 28.9778 4
568 1 -7.7646 28.9778 4
567 1 -7.7646 28.9778 4
566 1 -7.7646 28.9778 4
564 1 -7.7646 28.9778 4
563 1 -7.7646 28.9778 4
561 1 -7.7646 28.9778 4
560 1 -5.1764 19.3185 4
559 1 -5.1764 19.3185 4
558 1 -5.1764 19.3185 4
557 1 -5.1764 19.3185 4
556 1 -5.1764 19.3185 4
555 1 -5.1764 19.3185 4
554 1 -5.1764 19.3185 4
553 1 -5.1764 19.3185 4
552 1 -5.1764 19.3185 4
550 1 -5.1764 19.3185 4
549 1 -5.1764 19.3185 4
548 1 -5.1764 19.3185 4
547 1 -5.1764 19.3185 4
546 1 -5.1764 19.3185 4
544 1 -5.1764 19.3185 4
543 1 -5.1764 19.3185 4
542 1 -5.1764 19.3185 4
541 1 -5.1764 19.3185 4
-1 0 0.0 0.0 D
2108 2 59.0 180.00001525878906 60 2147483647 61
0 0 0.0 0.0 D
638 1 -10.0 17.3205 2
637 1 -10.0 17.3205 2
636 1 -10.0 17.3205 2
635 1 -10.0 17.3205 2
634 1 -10.0 17.3205 2
633 1 -10.0 17.3205 2
632 1 -10.0 17.3205 2
631 1 -10.0 17.3205 2
689 1 -15.0 25.9808 2
2700 1 -35.0 60.6218 2
2760 1 -45.0 77.9423 2
2759 1 -45.0 77.9423 2
2758 1 -45.0 77.9423 2
2757 1 -45.0 77.9423 2
2756 1 -45.0 77.9423 2
2754 1 -45.0 77.9423 2
2753 1 -45.0 77.9423 2
2752 1 -45.0 77.9423 2
2751 1 -45.0 77.9423 2
2750 1 -45.0 77.9423 2
2749 1 -45.0 77.9423 2
2747 1 -45.0 77.9423 2
2746 1 -45.0 77.9423 2
2745 1 -45.0 77.9423 2
2741 1 -45.0 77.9423 2
2740 1 -45.0 77.9423 2
2739 1 -45.0 77.9423 2
2737 1 -45.0 77.9423 2
2736 1 -45.0 77.9423 2
2735 1 -45.0 77.9423 2
2734 1 -45.0 77.9423 2
2733 1 -45.0 77.9423 2
2732 1 -45.0 77.9423 2
2731 1 -45.0 77.9423 2
2699 1 -35.0 60.6218 2
2697 1 -35.0 60.6218 2
2696 1 -35.0 60.6218 2
2694 1 -35.0 60.6218 2
2692 1 -35.0 60.6218 2
2691 1 -35.0 60.6218 2
2690 1 -35.0 60.6218 2
2689 1 -35.0 60.6218 2
2688 1 -35.0 60.6218 2
2686 1 -35.0 60.6218 2
2685 1 -35.0 60.6218 2
2684 1 -35.0 60.6218 2
2682 1 -35.0 60.6218 2
2681 1 -35.0 60.6218 2
2680 1 -35.0 60.6218 2
2679 1 -35.0 60.6218 2
2678 1 -35.0 60.6218 2
2677 1 -35.0 60.6218 2
2676 1 -35.0 60.6218 2
2674 1 -35.0 60.6218 2
2673 1 -35.0 60.6218 2
2672 1 -35.0 60.6218 2
688 1 -15.0 25.9808 2
687 1 -15.0 25.9808 2
686 1 -15.0 25.9808 2
-1 0 0.0 0.0 D
2109 2 59.0 119.99995422363281 60 2147483647 61
0 0 0.0 0.0 D
2664 1 -30.0 51.9615 2
2663 1 -30.0 51.9615 2
2661 1 -30.0 51.9615 2
2660 1 -30.0 51.9615 2
2659 1 -30.0 51.9615 2
2658 1 -30.0 51.9615 2
2657 1 -30.0 51.9615 2
2655 1 -30.0 51.9615 2
2654 1 -30.0 51.9615 2
2652 1 -30.0 51.9615 2
2651 1 -30.0 51.9615 2
2650 1 -30.0 51.9615 2
2647 1 -30.0 51.9615 2
2646 1 -30.0 51.9615 2
2645 1 -30.0 51.9615 2
2644 1 -30.0 51.9615 2
2643 1 -30.0 51.9615 2
2641 1 -30.0 51.9615 2
720 1 -20.0 34.641 2
719 1 -20.0 34.641 2
718 1 -20.0 34.641 2
716 1 -20.0 34.641 2
713 1 -20.0 34.641 2
712 1 -20.0 34.641 2
711 1 -20.0 34.641 2
710 1 -20.0 34.641 2
708 1 -20.0 34.641 2
706 1 -20.0 34.641 2
705 1 -20.0 34.641 2
704 1 -20.0 34.641 2
703 1 -20.0 34.641 2
702 1 -20.0 34.641 2
700 1 -20.0 34.641 2
699 1 -20.0 34.641 2
698 1 -20.0 34.641 2
697 1 -20.0 34.641 2
696 1 -20.0 34.641 2
695 1 -20.0 34.641 2
694 1 -20.0 34.641 2
693 1 -20.0 34.641 2
692 1 -20.0 34.641 2
659 1 -10.0 17.3205 2
658 1 -10.0 17.3205 2
657 1 -10.0 17.3205 2
656 1 -10.0 17.3205 2
655 1 -10.0 17.3205 2
654 1 -10.0 17.3205 2
653 1 -10.0 17.3205 2
651 1 -10.0 17.3205 2
650 1 -10.0 17.3205 2
649 1 -10.0 17.3205 2
648 1 -10.0 17.3205 2
647 1 -10.0 17.3205 2
646 1 -10.0 17.3205 2
644 1 -10.0 17.3205 2
643 1 -10.0 17.3205 2
642 1 -10.0 17.3205 2
641 1 -10.0 17.3205 2
639 1 -10.0 17.3205 2
-1 0 0.0 0.0 D
2110 2 59.0 208.86924743652344 60 2147483647 61
0 0 0.0 0.0 D
730 1 -7.0711 7.0711 2
725 1 -7.0711 7.0711 2
739 1 -14.1421 14.1421 2
737 1 -14.1421 14.1421 2
731 1 -14.1421 14.1421 2
750 1 -21.2132 21.2132 2
755 1 -28.2843 28.2843 2
754 1 -28.2843 28.2843 2
2670 1 -30.0 51.9615 2
2669 1 -30.0 51.9615 2
2668 1 -30.0 51.9615 2
2667 1 -30.0 51.9615 2
2666 1 -30.0 51.9615 2
2665 1 -30.0 51.9615 2
2730 1 -40.0 69.282 2
2729 1 -40.0 69.282 2
2728 1 -40.0 69.282 2
2726 1 -40.0 69.282 2
2725 1 -40.0 69.282 2
2723 1 -40.0 69.282 2
2721 1 -40.0 69.282 2
2720 1 -40.0 69.282 2
2717 1 -40.0 69.282 2
2716 1 -40.0 69.282 2
2715 1 -40.0 69.282 2
2714 1 -40.0 69.282 2
2713 1 -40.0 69.282 2
2712 1 -40.0 69.282 2
2711 1 -40.0 69.282 2
2710 1 -40.0 69.282 2
2709 1 -40.0 69.282 2
2707 1 -40.0 69.282 2
2705 1 -40.0 69.282 2
2704 1 -40.0 69.282 2
2703 1 -40.0 69.282 2
2702 1 -40.0 69.282 2
2701 1 -40.0 69.282 2
2797 1 -63.6396 63.6396 2
2790 1 -56.5685 56.5685 2
2785 1 -56.5685 56.5685 2
2784 1 -56.5685 56.5685 2
2778 1 -49.4975 49.4975 2
1975 1 -46.194 19.1342 2
888 1 -19.3185 5.1764 2
887 1 -19.3185 5.1764 2
886 1 -19.3185 5.1764 2
885 1 -19.3185 5.1764 2
884 1 -19.3185 5.1764 2
883 1 -19.3185 5.1764 2
882 1 -19.3185 5.1764 2
880 1 -19.3185 5.1764 2
878 1 -19.3185 5.1764 2
877 1 -19.3185 5.1764 2
876 1 -19.3185 5.1764 2
875 1 -19.3185 5.1764 2
874 1 -19.3185 5.1764 2
873 1 -19.3185 5.1764 2
872 1 -19.3185 5.1764 2
871 1 -19.3185 5.1764 2
-1 0 0.0 0.0 D
2111 4 149.0 191.06289672851562 150 2147483647 151
0 0 0.0 0.0 D
780 1 -8.6603 5.0 4
779 1 -8.6603 5.0 4
778 1 -8.6603 5.0 4
777 1 -8.6603 5.0 4
776 1 -8.6603 5.0 4
775 1 -8.6603 5.0 4
774 1 -8.6603 5.0 4
772 1 -8.6603 5.0 4
771 1 -8.6603 5.0 4
770 1 -8.6603 5.0 4
769 1 -8.6603 5.0 4
768 1 -8.6603 5.0 4
767 1 -8.6603 5.0 4
765 1 -8.6603 5.0 4
763 1 -8.6603 5.0 4
762 1 -8.6603 5.0 4
761 1 -8.6603 5.0 4
820 1 -25.9808 15.0 4
819 1 -25.9808 15.0 4
818 1 -25.9808 15.0 4
817 1 -25.9808 15.0 4
816 1 -25.9808 15.0 4
814 1 -25.9808 15.0 4
813 1 -25.9808 15.0 4
812 1 -25.9808 15.0 4
811 1 -25.9808 15.0 4
809 1 -25.9808 15.0 4
808 1 -25.9808 15.0 4
807 1 -25.9808 15.0 4
806 1 -25.9808 15.0 4
805 1 -25.9808 15.0 4
803 1 -25.9808 15.0 4
801 1 -25.9808 15.0 4
840 1 -34.641 20.0 4
839 1 -34.641 20.0 4
838 1 -34.641 20.0 4
837 1 -34.641 20.0 4
836 1 -34.641 20.0 4
835 1 -34.641 20.0 4
831 1 -34.641 20.0 4
830 1 -34.641 20.0 4
829 1 -34.641 20.0 4
828 1 -34.641 20.0 4
827 1 -34.641 20.0 4
825 1 -34.641 20.0 4
824 1 -34.641 20.0 4
823 1 -34.641 20.0 4
2820 1 -51.9615 30.0 4
2819 1 -51.9615 30.0 4
2818 1 -51.9615 30.0 4
2817 1 -51.9615 30.0 4
2815 1 -51.9615 30.0 4
2814 1 -51.9615 30.0 4
2813 1 -51.9615 30.0 4
2812 1 -51.9615 30.0 4
2811 1 -51.9615 30.0 4
2810 1 -51.9615 30.0 4
2809 1 -51.9615 30.0 4
2808 1 -51.9615 30.0 4
2807 1 -51.9615 30.0 4
2806 1 -51.9615 30.0 4
2803 1 -51.9615 30.0 4
2802 1 -51.9615 30.0 4
2801 1 -51.9615 30.0 4
2839 1 -60.6218 35.0 4
2837 1 -60.6218 35.0 4
2836 1 -60.6218 35.0 4
2835 1 -60.6218 35.0 4
2834 1 -60.6218 35.0 4
2833 1 -60.6218 35.0 4
2832 1 -60.6218 35.0 4
2831 1 -60.6218 35.0 4
2830 1 -60.6218 35.0 4
2829 1 -60.6218 35.0 4
2828 1 -60.6218 35.0 4
2826 1 -60.6218 35.0 4
2825 1 -60.6218 35.0 4
2824 1 -60.6218 35.0 4
2823 1 -60.6218 35.0 4
2822 1 -60.6218 35.0 4
2821 1 -60.6218 35.0 4
2860 1 -69.282 40.0 4
2859 1 -69.282 40.0 4
2858 1 -69.282 40.0 4
2857 1 -69.282 40.0 4
2856 1 -69.282 40.0 4
2853 1 -69.282 40.0 4
2852 1 -69.282 40.0 4
2851 1 -69.282 40.0 4
2850 1 -69.282 40.0 4
2849 1 -69.282 40.0 4
2848 1 -69.282 40.0 4
2847 1 -69.282 40.0 4
2846 1 -69.282 40.0 4
2845 1 -69.282 40.0 4
2844 1 -69.282 40.0 4
2842 1 -69.282 40.0 4
2841 1 -69.282 40.0 4
2879 1 -77.9423 45.0 4
2878 1 -77.9423 45.0 4
2877 1 -77.9423 45.0 4
2876 1 -77.9423 45.0 4
2875 1 -77.9423 45.0 4
2872 1 -77.9423 45.0 4
2871 1 -77.9423 45.0 4
2870 1 -77.9423 45.0 4
2869 1 -77.9423 45.0 4
2868 1 -77.9423 45.0 4
2867 1 -77.9423 45.0 4
2866 1 -77.9423 45.0 4
2865 1 -77.9423 45.0 4
2864 1 -77.9423 45.0 4
2863 1 -77.9423 45.0 4
2862 1 -77.9423 45.0 4
2861 1 -77.9423 45.0 4
1980 1 -46.194 19.1342 4
1979 1 -46.194 19.1342 4
1978 1 -46.194 19.1342 4
1977 1 -46.194 19.1342 4
1976 1 -46.194 19.1342 4
1974 1 -46.194 19.1342 4
1973 1 -46.194 19.1342 4
1972 1 -46.194 19.1342 4
1971 1 -46.194 19.1342 4
991 1 -40.0 0.0 4
990 1 -30.0 0.0 4
989 1 -30.0 0.0 4
988 1 -30.0 0.0 4
987 1 -30.0 0.0 4
986 1 -30.0 0.0 4
981 1 -30.0 0.0 4
980 1 -20.0 0.0 4
979 1 -20.0 0.0 4
978 1 -20.0 0.0 4
976 1 -20.0 0.0 4
974 1 -20.0 0.0 4
973 1 -20.0 0.0 4
972 1 -20.0 0.0 4
971 1 -20.0 0.0 4
970 1 -10.0 0.0 4
969 1 -10.0 0.0 4
968 1 -10.0 0.0 4
967 1 -10.0 0.0 4
966 1 -10.0 0.0 4
965 1 -10.0 0.0 4
964 1 -10.0 0.0 4
963 1 -10.0 0.0 4
962 1 -10.0 0.0 4
961 1 -10.0 0.0 4
-1 0 0.0 0.0 D
2112 2 59.0 79.99995422363281 60 2147483647 61
0 0 0.0 0.0 D
930 1 -28.9778 7.7646 2
929 1 -28.9778 7.7646 2
928 1 -28.9778 7.7646 2
926 1 -28.9778 7.7646 2
925 1 -28.9778 7.7646 2
924 1 -28.9778 7.7646 2
922 1 -28.9778 7.7646 2
921 1 -28.9778 7.7646 2
920 1 -28.9778 7.7646 2
918 1 -28.9778 7.7646 2
917 1 -28.9778 7.7646 2
916 1 -28.9778 7.7646 2
915 1 -28.9778 7.7646 2
914 1 -28.9778 7.7646 2
913 1 -28.9778 7.7646 2
911 1 -28.9778 7.7646 2
910 1 -28.9778 7.7646 2
909 1 -28.9778 7.7646 2
908 1 -28.9778 7.7646 2
907 1 -28.9778 7.7646 2
906 1 -28.9778 7.7646 2
905 1 -28.9778 7.7646 2
904 1 -28.9778 7.7646 2
903 1 -28.9778 7.7646 2
902 1 -28.9778 7.7646 2
960 1 -38.637 10.3528 2
959 1 -38.637 10.3528 2
958 1 -38.637 10.3528 2
956 1 -38.637 10.3528 2
955 1 -38.637 10.3528 2
954 1 -38.637 10.3528 2
952 1 -38.637 10.3528 2
951 1 -38.637 10.3528 2
950 1 -38.637 10.3528 2
949 1 -38.637 10.3528 2
948 1 -38.637 10.3528 2
947 1 -38.637 10.3528 2
946 1 -38.637 10.3528 2
945 1 -38.637 10.3528 2
944 1 -38.637 10.3528 2
943 1 -38.637 10.3528 2
942 1 -38.637 10.3528 2
940 1 -38.637 10.3528 2
939 1 -38.637 10.3528 2
938 1 -38.637 10.3528 2
937 1 -38.637 10.3528 2
936 1 -38.637 10.3528 2
934 1 -38.637 10.3528 2
933 1 -38.637 10.3528 2
932 1 -38.637 10.3528 2
931 1 -38.637 10.3528 2
900 1 -19.3185 5.1764 2
898 1 -19.3185 5.1764 2
897 1 -19.3185 5.1764 2
895 1 -19.3185 5.1764 2
893 1 -19.3185 5.1764 2
891 1 -19.3185 5.1764 2
890 1 -19.3185 5.1764 2
889 1 -19.3185 5.1764 2
-1 0 0.0 0.0 D
2113 2 59.0 179.99993896484375 60 2147483647 61
0 0 0.0 0.0 D
870 1 -9.6593 2.5882 2
868 1 -9.6593 2.5882 2
867 1 -9.6593 2.5882 2
866 1 -9.6593 2.5882 2
864 1 -9.6593 2.5882 2
863 1 -9.6593 2.5882 2
860 1 -9.6593 2.5882 2
859 1 -9.6593 2.5882 2
858 1 -9.6593 2.5882 2
856 1 -9.6593 2.5882 2
855 1 -9.6593 2.5882 2
854 1 -9.6593 2.5882 2
853 1 -9.6593 2.5882 2
852 1 -9.6593 2.5882 2
851 1 -9.6593 2.5882 2
850 1 -9.6593 2.5882 2
849 1 -9.6593 2.5882 2
848 1 -9.6593 2.5882 2
847 1 -9.6593 2.5882 2
846 1 -9.6593 2.5882 2
845 1 -9.6593 2.5882 2
844 1 -9.6593 2.5882 2
843 1 -9.6593 2.5882 2
841 1 -9.6593 2.5882 2
2953 1 -77.2741 20.7055 2
2952 1 -77.2741 20.7055 2
2951 1 -77.2741 20.7055 2
2949 1 -77.2741 20.7055 2
2948 1 -77.2741 20.7055 2
2946 1 -77.2741 20.7055 2
2945 1 -77.2741 20.7055 2
2943 1 -77.2741 20.7055 2
2942 1 -77.2741 20.7055 2
2941 1 -77.2741 20.7055 2
3000 1 -86.9333 23.2937 2
2999 1 -86.9333 23.2937 2
2998 1 -86.9333 23.2937 2
2997 1 -86.9333 23.2937 2
2996 1 -86.9333 23.2937 2
2995 1 -86.9333 23.2937 2
2994 1 -86.9333 23.2937 2
2993 1 -86.9333 23.2937 2
2992 1 -86.9333 23.2937 2
2991 1 -86.9333 23.2937 2
2990 1 -86.9333 23.2937 2
2988 1 -86.9333 23.2937 2
2987 1 -86.9333 23.2937 2
2986 1 -86.9333 23.2937 2
2985 1 -86.9333 23.2937 2
2983 1 -86.9333 23.2937 2
2981 1 -86.9333 23.2937 2
2980 1 -86.9333 23.2937 2
2979 1 -86.9333 23.2937 2
2978 1 -86.9333 23.2937 2
2977 1 -86.9333 23.2937 2
2976 1 -86.9333 23.2937 2
2974 1 -86.9333 23.2937 2
2973 1 -86.9333 23.2937 2
2972 1 -86.9333 23.2937 2
-1 0 0.0 0.0 D
2114 2 59.0 160.00006103515625 60 2147483647 61
0 0 0.0 0.0 D
2908 1 -57.9556 15.5291 2
2907 1 -57.9556 15.5291 2
2906 1 -57.9556 15.5291 2
2903 1 -57.9556 15.5291 2
2900 1 -57.9556 15.5291 2
2899 1 -57.9556 15.5291 2
2898 1 -57.9556 15.5291 2
2897 1 -57.9556 15.5291 2
2895 1 -57.9556 15.5291 2
2894 1 -57.9556 15.5291 2
2892 1 -57.9556 15.5291 2
2891 1 -57.9556 15.5291 2
2890 1 -57.9556 15.5291 2
2889 1 -57.9556 15.5291 2
2888 1 -57.9556 15.5291 2
2887 1 -57.9556 15.5291 2
2885 1 -57.9556 15.5291 2
2884 1 -57.9556 15.5291 2
2883 1 -57.9556 15.5291 2
2882 1 -57.9556 15.5291 2
2881 1 -57.9556 15.5291 2
2940 1 -67.6148 18.1173 2
2939 1 -67.6148 18.1173 2
2938 1 -67.6148 18.1173 2
2937 1 -67.6148 18.1173 2
2936 1 -67.6148 18.1173 2
2935 1 -67.6148 18.1173 2
2932 1 -67.6148 18.1173 2
2931 1 -67.6148 18.1173 2
2930 1 -67.6148 18.1173 2
2929 1 -67.6148 18.1173 2
2928 1 -67.6148 18.1173 2
2927 1 -67.6148 18.1173 2
2926 1 -67.6148 18.1173 2
2924 1 -67.6148 18.1173 2
2922 1 -67.6148 18.1173 2
2921 1 -67.6148 18.1173 2
2920 1 -67.6148 18.1173 2
2918 1 -67.6148 18.1173 2
2917 1 -67.6148 18.1173 2
2916 1 -67.6148 18.1173 2
2915 1 -67.6148 18.1173 2
2914 1 -67.6148 18.1173 2
2912 1 -67.6148 18.1173 2
2970 1 -77.2741 20.7055 2
2969 1 -77.2741 20.7055 2
2968 1 -77.2741 20.7055 2
2967 1 -77.2741 20.7055 2
2966 1 -77.2741 20.7055 2
2965 1 -77.2741 20.7055 2
2964 1 -77.2741 20.7055 2
2962 1 -77.2741 20.7055 2
2961 1 -77.2741 20.7055 2
2960 1 -77.2741 20.7055 2
2959 1 -77.2741 20.7055 2
2958 1 -77.2741 20.7055 2
2956 1 -77.2741 20.7055 2
2955 1 -77.2741 20.7055 2
2954 1 -77.2741 20.7055 2
-1 0 0.0 0.0 D
2115 2 59.0 196.52769470214844 60 2147483647 61
0 0 0.0 0.0 D
1110 1 -8.6603 -5.0 2
1108 1 -8.6603 -5.0 2
1107 1 -8.6603 -5.0 2
1106 1 -8.6603 -5.0 2
1105 1 -8.6603 -5.0 2
1104 1 -8.6603 -5.0 2
1103 1 -8.6603 -5.0 2
1102 1 -8.6603 -5.0 2
1100 1 -8.6603 -5.0 2
1099 1 -8.6603 -5.0 2
1098 1 -8.6603 -5.0 2
1097 1 -8.6603 -5.0 2
1096 1 -8.6603 -5.0 2
1095 1 -8.6603 -5.0 2
1094 1 -8.6603 -5.0 2
1091 1 -8.6603 -5.0 2
1090 1 -8.6603 -5.0 2
1089 1 -8.6603 -5.0 2
1088 1 -8.6603 -5.0 2
1087 1 -8.6603 -5.0 2
1086 1 -8.6603 -5.0 2
1085 1 -8.6603 -5.0 2
1084 1 -8.6603 -5.0 2
1083 1 -8.6603 -5.0 2
1082 1 -8.6603 -5.0 2
1081 1 -8.6603 -5.0 2
1155 1 -25.9808 -15.0 2
1154 1 -25.9808 -15.0 2
1153 1 -25.9808 -15.0 2
1152 1 -25.9808 -15.0 2
1151 1 -25.9808 -15.0 2
1150 1 -25.9808 -15.0 2
1149 1 -25.9808 -15.0 2
1147 1 -25.9808 -15.0 2
1146 1 -25.9808 -15.0 2
1145 1 -25.9808 -15.0 2
1144 1 -25.9808 -15.0 2
1143 1 -25.9808 -15.0 2
1141 1 -25.9808 -15.0 2
3004 1 -60.0 0.0 2
3017 1 -70.0 0.0 2
3011 1 -70.0 0.0 2
3030 1 -80.0 0.0 2
3039 1 -90.0 0.0 2
3036 1 -90.0 0.0 2
3033 1 -90.0 0.0 2
2910 1 -57.9556 15.5291 2
2909 1 -57.9556 15.5291 2
1000 1 -40.0 0.0 2
998 1 -40.0 0.0 2
997 1 -40.0 0.0 2
995 1 -40.0 0.0 2
994 1 -40.0 0.0 2
985 1 -30.0 0.0 2
984 1 -30.0 0.0 2
983 1 -30.0 0.0 2
982 1 -30.0 0.0 2
977 1 -20.0 0.0 2
975 1 -20.0 0.0 2
-1 0 0.0 0.0 D
2116 4 149.0 206.427978515625 150 2147483647 151
0 0 0.0 0.0 D
1020 1 -9.6593 -2.5882 4
1019 1 -9.6593 -2.5882 4
1018 1 -9.6593 -2.5882 4
1016 1 -9.6593 -2.5882 4
1015 1 -9.6593 -2.5882 4
1013 1 -9.6593 -2.5882 4
1012 1 -9.6593 -2.5882 4
1011 1 -9.6593 -2.5882 4
1010 1 -9.6593 -2.5882 4
1009 1 -9.6593 -2.5882 4
1008 1 -9.6593 -2.5882 4
1006 1 -9.6593 -2.5882 4
1005 1 -9.6593 -2.5882 4
1004 1 -9.6593 -2.5882 4
1003 1 -9.6593 -2.5882 4
1002 1 -9.6593 -2.5882 4
1001 1 -9.6593 -2.5882 4
1029 1 -19.3185 -5.1764 4
1025 1 -19.3185 -5.1764 4
1024 1 -19.3185 -5.1764 4
1023 1 -19.3185 -5.1764 4
1022 1 -19.3185 -5.1764 4
1021 1 -19.3185 -5.1764 4
1060 1 -28.9778 -7.7646 4
1058 1 -28.9778 -7.7646 4
1057 1 -28.9778 -7.7646 4
1056 1 -28.9778 -7.7646 4
1055 1 -28.9778 -7.7646 4
1054 1 -28.9778 -7.7646 4
1053 1 -28.9778 -7.7646 4
1052 1 -28.9778 -7.7646 4
1049 1 -28.9778 -7.7646 4
1048 1 -28.9778 -7.7646 4
1046 1 -28.9778 -7.7646 4
1045 1 -28.9778 -7.7646 4
1044 1 -28.9778 -7.7646 4
1043 1 -28.9778 -7.7646 4
1042 1 -28.9778 -7.7646 4
1041 1 -28.9778 -7.7646 4
1990 1 -49.5722 -6.5263 4
1989 1 -49.5722 -6.5263 4
1988 1 -49.5722 -6.5263 4
1987 1 -49.5722 -6.5263 4
1986 1 -49.5722 -6.5263 4
1985 1 -49.5722 -6.5263 4
1984 1 -49.5722 -6.5263 4
1983 1 -49.5722 -6.5263 4
1982 1 -49.5722 -6.5263 4
1981 1 -49.5722 -6.5263 4
3059 1 -57.9555 -15.5291 4
3058 1 -57.9555 -15.5291 4
3057 1 -57.9555 -15.5291 4
3056 1 -57.9555 -15.5291 4
3055 1 -57.9555 -15.5291 4
3054 1 -57.9555 -15.5291 4
3053 1 -57.9555 -15.5291 4
3052 1 -57.9555 -15.5291 4
3051 1 -57.9555 -15.5291 4
3050 1 -57.9555 -15.5291 4
3049 1 -57.9555 -15.5291 4
3048 1 -57.9555 -15.5291 4
3047 1 -57.9555 -15.5291 4
3046 1 -57.9555 -15.5291 4
3044 1 -57.9555 -15.5291 4
3042 1 -57.9555 -15.5291 4
3041 1 -57.9555 -15.5291 4
3080 1 -67.6148 -18.1173 4
3079 1 -67.6148 -18.1173 4
3078 1 -67.6148 -18.1173 4
3077 1 -67.6148 -18.1173 4
3076 1 -67.6148 -18.1173 4
3075 1 -67.6148 -18.1173 4
3071 1 -67.6148 -18.1173 4
3069 1 -67.6148 -18.1173 4
3067 1 -67.6148 -18.1173 4
3064 1 -67.6148 -18.1173 4
3063 1 -67.6148 -18.1173 4
3062 1 -67.6148 -18.1173 4
3061 1 -67.6148 -18.1173 4
3100 1 -77.2741 -20.7055 4
3099 1 -77.2741 -20.7055 4
3098 1 -77.2741 -20.7055 4
3097 1 -77.2741 -20.7055 4
3096 1 -77.2741 -20.7055 4
3095 1 -77.2741 -20.7055 4
3093 1 -77.2741 -20.7055 4
3092 1 -77.2741 -20.7055 4
3091 1 -77.2741 -20.7055 4
3089 1 -77.2741 -20.7055 4
3088 1 -77.2741 -20.7055 4
3087 1 -77.2741 -20.7055 4
3086 1 -77.2741 -20.7055 4
3085 1 -77.2741 -20.7055 4
3084 1 -77.2741 -20.7055 4
3083 1 -77.2741 -20.7055 4
3082 1 -77.2741 -20.7055 4
3120 1 -86.9333 -23.2937 4
3119 1 -86.9333 -23.2937 4
3118 1 -86.9333 -23.2937 4
3115 1 -86.9333 -23.2937 4
3113 1 -86.9333 -23.2937 4
3112 1 -86.9333 -23.2937 4
3111 1 -86.9333 -23.2937 4
3110 1 -86.9333 -23.2937 4
3109 1 -86.9333 -23.2937 4
3108 1 -86.9333 -23.2937 4
3107 1 -86.9333 -23.2937 4
3106 1 -86.9333 -23.2937 4
3105 1 -86.9333 -23.2937 4
3104 1 -86.9333 -23.2937 4
3103 1 -86.9333 -23.2937 4
3102 1 -86.9333 -23.2937 4
3040 1 -90.0 0.0 4
3038 1 -90.0 0.0 4
3037 1 -90.0 0.0 4
3035 1 -90.0 0.0 4
3034 1 -90.0 0.0 4
3032 1 -90.0 0.0 4
3031 1 -90.0 0.0 4
3029 1 -80.0 0.0 4
3028 1 -80.0 0.0 4
3027 1 -80.0 0.0 4
3026 1 -80.0 0.0 4
3025 1 -80.0 0.0 4
3024 1 -80.0 0.0 4
3023 1 -80.0 0.0 4
3022 1 -80.0 0.0 4
3021 1 -80.0 0.0 4
3020 1 -70.0 0.0 4
3019 1 -70.0 0.0 4
3018 1 -70.0 0.0 4
3016 1 -70.0 0.0 4
3015 1 -70.0 0.0 4
3014 1 -70.0 0.0 4
3013 1 -70.0 0.0 4
3012 1 -70.0 0.0 4
3010 1 -60.0 0.0 4
3009 1 -60.0 0.0 4
3008 1 -60.0 0.0 4
3007 1 -60.0 0.0 4
3006 1 -60.0 0.0 4
3005 1 -60.0 0.0 4
3003 1 -60.0 0.0 4
3002 1 -60.0 0.0 4
3001 1 -60.0 0.0 4
999 1 -40.0 0.0 4
996 1 -40.0 0.0 4
993 1 -40.0 0.0 4
992 1 -40.0 0.0 4
-1 0 0.0 0.0 D
2118 4 149.0 228.2593536376953 150 2147483647 151
0 0 0.0 0.0 D
1209 1 -7.0711 -7.0711 4
1208 1 -7.0711 -7.0711 4
1207 1 -7.0711 -7.0711 4
1206 1 -7.0711 -7.0711 4
1205 1 -7.0711 -7.0711 4
1204 1 -7.0711 -7.0711 4
1203 1 -7.0711 -7.0711 4
1202 1 -7.0711 -7.0711 4
1280 1 -10.0 -17.3205 4
1279 1 -10.0 -17.3205 4
1277 1 -10.0 -17.3205 4
1276 1 -10.0 -17.3205 4
1274 1 -10.0 -17.3205 4
1273 1 -10.0 -17.3205 4
1272 1 -10.0 -17.3205 4
1271 1 -10.0 -17.3205 4
1270 1 -10.0 -17.3205 4
1269 1 -10.0 -17.3205 4
1268 1 -10.0 -17.3205 4
1267 1 -10.0 -17.3205 4
1266 1 -10.0 -17.3205 4
1265 1 -10.0 -17.3205 4
1263 1 -10.0 -17.3205 4
1262 1 -10.0 -17.3205 4
1261 1 -10.0 -17.3205 4
1220 1 -14.1421 -14.1421 4
1219 1 -14.1421 -14.1421 4
1218 1 -14.1421 -14.1421 4
1217 1 -14.1421 -14.1421 4
1216 1 -14.1421 -14.1421 4
1215 1 -14.1421 -14.1421 4
1213 1 -14.1421 -14.1421 4
1230 1 -21.2132 -21.2132 4
1229 1 -21.2132 -21.2132 4
1228 1 -21.2132 -21.2132 4
1227 1 -21.2132 -21.2132 4
1226 1 -21.2132 -21.2132 4
1224 1 -21.2132 -21.2132 4
1223 1 -21.2132 -21.2132 4
1222 1 -21.2132 -21.2132 4
1221 1 -21.2132 -21.2132 4
1320 1 -20.0 -34.641 4
1319 1 -20.0 -34.641 4
1318 1 -20.0 -34.641 4
1317 1 -20.0 -34.641 4
1315 1 -20.0 -34.641 4
1314 1 -20.0 -34.641 4
1312 1 -20.0 -34.641 4
1310 1 -20.0 -34.641 4
1307 1 -20.0 -34.641 4
1305 1 -20.0 -34.641 4
1303 1 -20.0 -34.641 4
1302 1 -20.0 -34.641 4
1301 1 -20.0 -34.641 4
3299 1 -30.0 -51.9615 4
3297 1 -30.0 -51.9615 4
3296 1 -30.0 -51.9615 4
3294 1 -30.0 -51.9615 4
3293 1 -30.0 -51.9615 4
3292 1 -30.0 -51.9615 4
3291 1 -30.0 -51.9615 4
3290 1 -30.0 -51.9615 4
3289 1 -30.0 -51.9615 4
3288 1 -30.0 -51.9615 4
3287 1 -30.0 -51.9615 4
3286 1 -30.0 -51.9615 4
3285 1 -30.0 -51.9615 4
3284 1 -30.0 -51.9615 4
3283 1 -30.0 -51.9615 4
3282 1 -30.0 -51.9615 4
3281 1 -30.0 -51.9615 4
3329 1 -40.0 -69.282 4
3328 1 -40.0 -69.282 4
3327 1 -40.0 -69.282 4
3326 1 -40.0 -69.282 4
3325 1 -40.0 -69.282 4
3324 1 -40.0 -69.282 4
3322 1 -40.0 -69.282 4
3321 1 -40.0 -69.282 4
3280 1 -63.6396 -63.6396 4
3278 1 -63.6396 -63.6396 4
3277 1 -63.6396 -63.6396 4
3276 1 -63.6396 -63.6396 4
3275 1 -63.6396 -63.6396 4
3274 1 -63.6396 -63.6396 4
3273 1 -63.6396 -63.6396 4
3272 1 -63.6396 -63.6396 4
3270 1 -56.5685 -56.5686 4
3269 1 -56.5685 -56.5686 4
3268 1 -56.5685 -56.5686 4
3266 1 -56.5685 -56.5686 4
3265 1 -56.5685 -56.5686 4
3264 1 -56.5685 -56.5686 4
3263 1 -56.5685 -56.5686 4
3261 1 -56.5685 -56.5686 4
3260 1 -49.4975 -49.4975 4
3259 1 -49.4975 -49.4975 4
3258 1 -49.4975 -49.4975 4
3257 1 -49.4975 -49.4975 4
3256 1 -49.4975 -49.4975 4
3255 1 -49.4975 -49.4975 4
3254 1 -49.4975 -49.4975 4
3252 1 -49.4975 -49.4975 4
3251 1 -49.4975 -49.4975 4
3250 1 -42.4264 -42.4264 4
3249 1 -42.4264 -42.4264 4
3248 1 -42.4264 -42.4264 4
3247 1 -42.4264 -42.4264 4
3246 1 -42.4264 -42.4264 4
3243 1 -42.4264 -42.4264 4
3242 1 -42.4264 -42.4264 4
3241 1 -42.4264 -42.4264 4
2000 1 -39.6677 -30.4381 4
1999 1 -39.6677 -30.4381 4
1996 1 -39.6677 -30.4381 4
1995 1 -39.6677 -30.4381 4
1993 1 -39.6677 -30.4381 4
1992 1 -39.6677 -30.4381 4
1991 1 -39.6677 -30.4381 4
1240 1 -28.2843 -28.2843 4
1239 1 -28.2843 -28.2843 4
1238 1 -28.2843 -28.2843 4
1234 1 -28.2843 -28.2843 4
1233 1 -28.2843 -28.2843 4
1232 1 -28.2843 -28.2843 4
1231 1 -28.2843 -28.2843 4
1080 1 -38.637 -10.3528 4
1079 1 -38.637 -10.3528 4
1078 1 -38.637 -10.3528 4
1076 1 -38.637 -10.3528 4
1075 1 -38.637 -10.3528 4
1074 1 -38.637 -10.3528 4
1073 1 -38.637 -10.3528 4
1072 1 -38.637 -10.3528 4
1071 1 -38.637 -10.3528 4
1070 1 -38.637 -10.3528 4
1069 1 -38.637 -10.3528 4
1068 1 -38.637 -10.3528 4
1067 1 -38.637 -10.3528 4
1062 1 -38.637 -10.3528 4
1061 1 -38.637 -10.3528 4
1040 1 -19.3185 -5.1764 4
1039 1 -19.3185 -5.1764 4
1038 1 -19.3185 -5.1764 4
1035 1 -19.3185 -5.1764 4
1034 1 -19.3185 -5.1764 4
1033 1 -19.3185 -5.1764 4
1031 1 -19.3185 -5.1764 4
1030 1 -19.3185 -5.1764 4
-1 0 0.0 0.0 D
2119 2 59.0 180.00001525878906 60 2147483647 61
0 0 0.0 0.0 D
1170 1 -25.9808 -15.0 2
3180 1 -60.6218 -35.0 2
3239 1 -77.9423 -45.0 2
3238 1 -77.9423 -45.0 2
3236 1 -77.9423 -45.0 2
3235 1 -77.9423 -45.0 2
3234 1 -77.9423 -45.0 2
3233 1 -77.9423 -45.0 2
3232 1 -77.9423 -45.0 2
3231 1 -77.9423 -45.0 2
3230 1 -77.9423 -45.0 2
3229 1 -77.9423 -45.0 2
3227 1 -77.9423 -45.0 2
3226 1 -77.9423 -45.0 2
3224 1 -77.9423 -45.0 2
3222 1 -77.9423 -45.0 2
3221 1 -77.9423 -45.0 2
3220 1 -77.9423 -45.0 2
3219 1 -77.9423 -45.0 2
3218 1 -77.9423 -45.0 2
3216 1 -77.9423 -45.0 2
3215 1 -77.9423 -45.0 2
3214 1 -77.9423 -45.0 2
3213 1 -77.9423 -45.0 2
3212 1 -77.9423 -45.0 2
3179 1 -60.6218 -35.0 2
3178 1 -60.6218 -35.0 2
3177 1 -60.6218 -35.0 2
3175 1 -60.6218 -35.0 2
3173 1 -60.6218 -35.0 2
3172 1 -60.6218 -35.0 2
3171 1 -60.6218 -35.0 2
3170 1 -60.6218 -35.0 2
3169 1 -60.6218 -35.0 2
3168 1 -60.6218 -35.0 2
3167 1 -60.6218 -35.0 2
3166 1 -60.6218 -35.0 2
3164 1 -60.6218 -35.0 2
3162 1 -60.6218 -35.0 2
3160 1 -60.6218 -35.0 2
3159 1 -60.6218 -35.0 2
3158 1 -60.6218 -35.0 2
3156 1 -60.6218 -35.0 2
3155 1 -60.6218 -35.0 2
3154 1 -60.6218 -35.0 2
3153 1 -60.6218 -35.0 2
3152 1 -60.6218 -35.0 2
3151 1 -60.6218 -35.0 2
1169 1 -25.9808 -15.0 2
1168 1 -25.9808 -15.0 2
1167 1 -25.9808 -15.0 2
1164 1 -25.9808 -15.0 2
1163 1 -25.9808 -15.0 2
1162 1 -25.9808 -15.0 2
1161 1 -25.9808 -15.0 2
1160 1 -25.9808 -15.0 2
1159 1 -25.9808 -15.0 2
1158 1 -25.9808 -15.0 2
1156 1 -25.9808 -15.0 2
-1 0 0.0 0.0 D
2120 2 59.0 180.00001525878906 60 2147483647 61
0 0 0.0 0.0 D
1140 1 -17.3205 -10.0 2
1138 1 -17.3205 -10.0 2
1137 1 -17.3205 -10.0 2
1136 1 -17.3205 -10.0 2
1135 1 -17.3205 -10.0 2
1133 1 -17.3205 -10.0 2
1131 1 -17.3205 -10.0 2
1130 1 -17.3205 -10.0 2
1129 1 -17.3205 -10.0 2
1128 1 -17.3205 -10.0 2
1127 1 -17.3205 -10.0 2
1125 1 -17.3205 -10.0 2
1124 1 -17.3205 -10.0 2
1123 1 -17.3205 -10.0 2
1122 1 -17.3205 -10.0 2
1120 1 -17.3205 -10.0 2
1119 1 -17.3205 -10.0 2
1117 1 -17.3205 -10.0 2
1116 1 -17.3205 -10.0 2
1115 1 -17.3205 -10.0 2
1114 1 -17.3205 -10.0 2
1113 1 -17.3205 -10.0 2
1111 1 -17.3205 -10.0 2
3139 1 -51.9615 -30.0 2
3138 1 -51.9615 -30.0 2
3136 1 -51.9615 -30.0 2
3134 1 -51.9615 -30.0 2
3133 1 -51.9615 -30.0 2
3131 1 -51.9615 -30.0 2
3128 1 -51.9615 -30.0 2
3127 1 -51.9615 -30.0 2
3126 1 -51.9615 -30.0 2
3125 1 -51.9615 -30.0 2
3124 1 -51.9615 -30.0 2
3123 1 -51.9615 -30.0 2
3122 1 -51.9615 -30.0 2
3240 1 -77.9423 -45.0 2
1200 1 -34.641 -20.0 2
1199 1 -34.641 -20.0 2
1198 1 -34.641 -20.0 2
1197 1 -34.641 -20.0 2
1195 1 -34.641 -20.0 2
1193 1 -34.641 -20.0 2
1191 1 -34.641 -20.0 2
1190 1 -34.641 -20.0 2
1189 1 -34.641 -20.0 2
1187 1 -34.641 -20.0 2
1182 1 -34.641 -20.0 2
1181 1 -34.641 -20.0 2
1180 1 -34.641 -20.0 2
1179 1 -34.641 -20.0 2
1178 1 -34.641 -20.0 2
1177 1 -34.641 -20.0 2
1176 1 -34.641 -20.0 2
1175 1 -34.641 -20.0 2
1174 1 -34.641 -20.0 2
1173 1 -34.641 -20.0 2
1172 1 -34.641 -20.0 2
1171 1 -34.641 -20.0 2
-1 0 0.0 0.0 D
2121 1 59.0 231.34738159179688 60 2147483647 61
0 0 0.0 0.0 D
1377 1 -5.1764 -19.3185 1
1358 1 -5.1764 -19.3185 1
1383 1 -7.7646 -28.9778 1
1381 1 -7.7646 -28.9778 1
1437 1 -10.3528 -38.637 1
1433 1 -10.3528 -38.637 1
1432 1 -10.3528 -38.637 1
1423 1 -10.3528 -38.637 1
1421 1 -10.3528 -38.637 1
1415 1 -10.3528 -38.637 1
1414 1 -10.3528 -38.637 1
1412 1 -10.3528 -38.637 1
2006 1 -19.1342 -46.194 1
3300 1 -30.0 -51.9615 1
3298 1 -30.0 -51.9615 1
3295 1 -30.0 -51.9615 1
3320 1 -35.0 -60.6218 1
3316 1 -35.0 -60.6218 1
3311 1 -35.0 -60.6218 1
3310 1 -35.0 -60.6218 1
3332 1 -40.0 -69.282 1
3323 1 -40.0 -69.282 1
3357 1 -45.0 -77.9423 1
3356 1 -45.0 -77.9423 1
3353 1 -45.0 -77.9423 1
3207 1 -69.282 -40.0 1
3205 1 -69.282 -40.0 1
3197 1 -69.282 -40.0 1
3194 1 -69.282 -40.0 1
3189 1 -69.282 -40.0 1
3183 1 -69.282 -40.0 1
3182 1 -69.282 -40.0 1
3150 1 -51.9615 -30.0 1
3145 1 -51.9615 -30.0 1
3144 1 -51.9615 -30.0 1
3142 1 -51.9615 -30.0 1
3137 1 -51.9615 -30.0 1
1998 1 -39.6677 -30.4381 1
1997 1 -39.6677 -30.4381 1
1994 1 -39.6677 -30.4381 1
1316 1 -20.0 -34.641 1
1313 1 -20.0 -34.641 1
1311 1 -20.0 -34.641 1
1309 1 -20.0 -34.641 1
1308 1 -20.0 -34.641 1
1306 1 -20.0 -34.641 1
1304 1 -20.0 -34.641 1
1300 1 -15.0 -25.9808 1
1295 1 -15.0 -25.9808 1
1293 1 -15.0 -25.9808 1
1292 1 -15.0 -25.9808 1
1289 1 -15.0 -25.9808 1
1278 1 -10.0 -17.3205 1
1275 1 -10.0 -17.3205 1
1264 1 -10.0 -17.3205 1
1253 1 -5.0 -8.6603 1
1247 1 -5.0 -8.6603 1
1243 1 -5.0 -8.6603 1
1241 1 -5.0 -8.6603 1
-1 0 0.0 0.0 D
2122 2 59.0 211.92173767089844 60 2147483647 61
0 0 0.0 0.0 D
1210 1 -7.0711 -7.0711 2
1201 1 -7.0711 -7.0711 2
1214 1 -14.1421 -14.1421 2
1212 1 -14.1421 -14.1421 2
1211 1 -14.1421 -14.1421 2
1225 1 -21.2132 -21.2132 2
1237 1 -28.2843 -28.2843 2
1236 1 -28.2843 -28.2843 2
1235 1 -28.2843 -28.2843 2
3149 1 -51.9615 -30.0 2
3148 1 -51.9615 -30.0 2
3147 1 -51.9615 -30.0 2
3146 1 -51.9615 -30.0 2
3143 1 -51.9615 -30.0 2
3141 1 -51.9615 -30.0 2
3140 1 -51.9615 -30.0 2
3210 1 -69.282 -40.0 2
3209 1 -69.282 -40.0 2
3208 1 -69.282 -40.0 2
3206 1 -69.282 -40.0 2
3204 1 -69.282 -40.0 2
3203 1 -69.282 -40.0 2
3202 1 -69.282 -40.0 2
3201 1 -69.282 -40.0 2
3200 1 -69.282 -40.0 2
3199 1 -69.282 -40.0 2
3198 1 -69.282 -40.0 2
3196 1 -69.282 -40.0 2
3195 1 -69.282 -40.0 2
3193 1 -69.282 -40.0 2
3192 1 -69.282 -40.0 2
3191 1 -69.282 -40.0 2
3190 1 -69.282 -40.0 2
3188 1 -69.282 -40.0 2
3187 1 -69.282 -40.0 2
3186 1 -69.282 -40.0 2
3185 1 -69.282 -40.0 2
3184 1 -69.282 -40.0 2
3181 1 -69.282 -40.0 2
3279 1 -63.6396 -63.6396 2
3271 1 -63.6396 -63.6396 2
3267 1 -56.5685 -56.5686 2
3262 1 -56.5685 -56.5686 2
3253 1 -49.4975 -49.4975 2
3245 1 -42.4264 -42.4264 2
3244 1 -42.4264 -42.4264 2
2008 1 -19.1342 -46.194 2
2001 1 -19.1342 -46.194 2
1362 1 -5.1764 -19.3185 2
1361 1 -5.1764 -19.3185 2
1360 1 -5.1764 -19.3185 2
1359 1 -5.1764 -19.3185 2
1357 1 -5.1764 -19.3185 2
1356 1 -5.1764 -19.3185 2
1355 1 -5.1764 -19.3185 2
1354 1 -5.1764 -19.3185 2
1353 1 -5.1764 -19.3185 2
1352 1 -5.1764 -19.3185 2
1351 1 -5.1764 -19.3185 2
-1 0 0.0 0.0 D
2123 4 149.0 228.66403198242188 150 2147483647 151
0 0 0.0 0.0 D
1260 1 -5.0 -8.6603 4
1259 1 -5.0 -8.6603 4
1258 1 -5.0 -8.6603 4
1257 1 -5.0 -8.6603 4
1256 1 -5.0 -8.6603 4
1255 1 -5.0 -8.6603 4
1254 1 -5.0 -8.6603 4
1252 1 -5.0 -8.6603 4
1251 1 -5.0 -8.6603 4
1250 1 -5.0 -8.6603 4
1249 1 -5.0 -8.6603 4
1248 1 -5.0 -8.6603 4
1246 1 -5.0 -8.6603 4
1245 1 -5.0 -8.6603 4
1244 1 -5.0 -8.6603 4
1242 1 -5.0 -8.6603 4
1299 1 -15.0 -25.9808 4
1298 1 -15.0 -25.9808 4
1297 1 -15.0 -25.9808 4
1296 1 -15.0 -25.9808 4
1294 1 -15.0 -25.9808 4
1291 1 -15.0 -25.9808 4
1290 1 -15.0 -25.9808 4
1288 1 -15.0 -25.9808 4
1287 1 -15.0 -25.9808 4
1286 1 -15.0 -25.9808 4
1285 1 -15.0 -25.9808 4
1284 1 -15.0 -25.9808 4
1283 1 -15.0 -25.9808 4
1282 1 -15.0 -25.9808 4
1281 1 -15.0 -25.9808 4
2010 1 -19.1342 -46.194 4
2009 1 -19.1342 -46.194 4
2007 1 -19.1342 -46.194 4
2005 1 -19.1342 -46.194 4
2004 1 -19.1342 -46.194 4
2003 1 -19.1342 -46.194 4
2002 1 -19.1342 -46.194 4
3319 1 -35.0 -60.6218 4
3318 1 -35.0 -60.6218 4
3317 1 -35.0 -60.6218 4
3315 1 -35.0 -60.6218 4
3314 1 -35.0 -60.6218 4
3313 1 -35.0 -60.6218 4
3312 1 -35.0 -60.6218 4
3309 1 -35.0 -60.6218 4
3308 1 -35.0 -60.6218 4
3307 1 -35.0 -60.6218 4
3306 1 -35.0 -60.6218 4
3305 1 -35.0 -60.6218 4
3304 1 -35.0 -60.6218 4
3303 1 -35.0 -60.6218 4
3302 1 -35.0 -60.6218 4
3301 1 -35.0 -60.6218 4
3340 1 -40.0 -69.282 4
3339 1 -40.0 -69.282 4
3338 1 -40.0 -69.282 4
3337 1 -40.0 -69.282 4
3336 1 -40.0 -69.282 4
3335 1 -40.0 -69.282 4
3334 1 -40.0 -69.282 4
3333 1 -40.0 -69.282 4
3331 1 -40.0 -69.282 4
3330 1 -40.0 -69.282 4
3360 1 -45.0 -77.9423 4
3359 1 -45.0 -77.9423 4
3358 1 -45.0 -77.9423 4
3355 1 -45.0 -77.9423 4
3354 1 -45.0 -77.9423 4
3352 1 -45.0 -77.9423 4
3351 1 -45.0 -77.9423 4
3350 1 -45.0 -77.9423 4
3349 1 -45.0 -77.9423 4
3348 1 -45.0 -77.9423 4
3347 1 -45.0 -77.9423 4
3346 1 -45.0 -77.9423 4
3345 1 -45.0 -77.9423 4
3344 1 -45.0 -77.9423 4
3343 1 -45.0 -77.9423 4
3342 1 -45.0 -77.9423 4
3341 1 -45.0 -77.9423 4
3520 1 0.0 -90.0 4
3519 1 0.0 -90.0 4
3518 1 0.0 -90.0 4
3517 1 0.0 -90.0 4
3515 1 0.0 -90.0 4
3513 1 0.0 -90.0 4
3511 1 0.0 -90.0 4
3510 1 0.0 -80.0 4
3509 1 0.0 -80.0 4
3508 1 0.0 -80.0 4
3506 1 0.0 -80.0 4
3505 1 0.0 -80.0 4
3504 1 0.0 -80.0 4
3503 1 0.0 -80.0 4
3502 1 0.0 -80.0 4
3501 1 0.0 -80.0 4
3500 1 0.0 -70.0 4
3499 1 0.0 -70.0 4
3497 1 0.0 -70.0 4
3496 1 0.0 -70.0 4
3495 1 0.0 -70.0 4
3494 1 0.0 -70.0 4
3493 1 0.0 -70.0 4
3491 1 0.0 -70.0 4
3488 1 0.0 -60.0 4
3487 1 0.0 -60.0 4
3486 1 0.0 -60.0 4
3485 1 0.0 -60.0 4
3483 1 0.0 -60.0 4
3482 1 0.0 -60.0 4
3481 1 0.0 -60.0 4
1480 1 0.0 -40.0 4
1479 1 0.0 -40.0 4
1478 1 0.0 -40.0 4
1477 1 0.0 -40.0 4
1476 1 0.0 -40.0 4
1475 1 0.0 -40.0 4
1474 1 0.0 -40.0 4
1473 1 0.0 -40.0 4
1472 1 0.0 -40.0 4
1471 1 0.0 -40.0 4
1470 1 0.0 -30.0 4
1469 1 0.0 -30.0 4
1468 1 0.0 -30.0 4
1467 1 0.0 -30.0 4
1466 1 0.0 -30.0 4
1465 1 0.0 -30.0 4
1464 1 0.0 -30.0 4
1463 1 0.0 -30.0 4
1462 1 0.0 -30.0 4
1461 1 0.0 -30.0 4
1460 1 0.0 -20.0 4
1459 1 0.0 -20.0 4
1458 1 0.0 -20.0 4
1457 1 0.0 -20.0 4
1455 1 0.0 -20.0 4
1454 1 0.0 -20.0 4
1453 1 0.0 -20.0 4
1452 1 0.0 -20.0 4
1451 1 0.0 -20.0 4
1450 1 0.0 -10.0 4
1449 1 0.0 -10.0 4
1448 1 0.0 -10.0 4
1447 1 0.0 -10.0 4
1446 1 0.0 -10.0 4
1443 1 0.0 -10.0 4
1442 1 0.0 -10.0 4
1441 1 0.0 -10.0 4
-1 0 0.0 0.0 D
2124 2 59.0 79.99995422363281 60 2147483647 61
0 0 0.0 0.0 D
1404 1 -7.7646 -28.9778 2
1403 1 -7.7646 -28.9778 2
1400 1 -7.7646 -28.9778 2
1399 1 -7.7646 -28.9778 2
1398 1 -7.7646 -28.9778 2
1397 1 -7.7646 -28.9778 2
1396 1 -7.7646 -28.9778 2
1395 1 -7.7646 -28.9778 2
1394 1 -7.7646 -28.9778 2
1393 1 -7.7646 -28.9778 2
1392 1 -7.7646 -28.9778 2
1391 1 -7.7646 -28.9778 2
1390 1 -7.7646 -28.9778 2
1389 1 -7.7646 -28.9778 2
1388 1 -7.7646 -28.9778 2
1387 1 -7.7646 -28.9778 2
1386 1 -7.7646 -28.9778 2
1385 1 -7.7646 -28.9778 2
1384 1 -7.7646 -28.9778 2
1382 1 -7.7646 -28.9778 2
1440 1 -10.3528 -38.637 2
1439 1 -10.3528 -38.637 2
1438 1 -10.3528 -38.637 2
1436 1 -10.3528 -38.637 2
1435 1 -10.3528 -38.637 2
1434 1 -10.3528 -38.637 2
1431 1 -10.3528 -38.637 2
1430 1 -10.3528 -38.637 2
1429 1 -10.3528 -38.637 2
1428 1 -10.3528 -38.637 2
1427 1 -10.3528 -38.637 2
1426 1 -10.3528 -38.637 2
1425 1 -10.3528 -38.637 2
1424 1 -10.3528 -38.637 2
1422 1 -10.3528 -38.637 2
1420 1 -10.3528 -38.637 2
1419 1 -10.3528 -38.637 2
1418 1 -10.3528 -38.637 2
1417 1 -10.3528 -38.637 2
1416 1 -10.3528 -38.637 2
1413 1 -10.3528 -38.637 2
1411 1 -10.3528 -38.637 2
1380 1 -5.1764 -19.3185 2
1379 1 -5.1764 -19.3185 2
1378 1 -5.1764 -19.3185 2
1376 1 -5.1764 -19.3185 2
1375 1 -5.1764 -19.3185 2
1374 1 -5.1764 -19.3185 2
1373 1 -5.1764 -19.3185 2
1372 1 -5.1764 -19.3185 2
1371 1 -5.1764 -19.3185 2
1370 1 -5.1764 -19.3185 2
1369 1 -5.1764 -19.3185 2
1368 1 -5.1764 -19.3185 2
1367 1 -5.1764 -19.3185 2
1366 1 -5.1764 -19.3185 2
1365 1 -5.1764 -19.3185 2
1364 1 -5.1764 -19.3185 2
1363 1 -5.1764 -19.3185 2
-1 0 0.0 0.0 D
2125 1 59.0 245.24935913085938 60 2147483647 61
0 0 0.0 0.0 D
1496 1 2.5882 -9.6593 1
1491 1 2.5882 -9.6593 1
1484 1 2.5882 -9.6593 1
1520 1 5.1764 -19.3185 1
1507 1 5.1764 -19.3185 1
1505 1 5.1764 -19.3185 1
1504 1 5.1764 -19.3185 1
1502 1 5.1764 -19.3185 1
1526 1 7.7646 -28.9778 1
1523 1 7.7646 -28.9778 1
1548 1 10.3528 -38.637 1
1545 1 10.3528 -38.637 1
1544 1 10.3528 -38.637 1
1542 1 10.3528 -38.637 1
3524 1 15.5292 -57.9556 1
3521 1 15.5292 -57.9556 1
3555 1 18.1173 -67.6148 1
3553 1 18.1173 -67.6148 1
3550 1 18.1173 -67.6148 1
3548 1 18.1173 -67.6148 1
3546 1 18.1173 -67.6148 1
3542 1 18.1173 -67.6148 1
3580 1 20.7055 -77.2741 1
3577 1 20.7055 -77.2741 1
3575 1 20.7055 -77.2741 1
3564 1 20.7055 -77.2741 1
3561 1 20.7055 -77.2741 1
3599 1 23.2937 -86.9333 1
3586 1 23.2937 -86.9333 1
3582 1 23.2937 -86.9333 1
3581 1 23.2937 -86.9333 1
3477 1 -23.2937 -86.9333 1
3472 1 -23.2937 -86.9333 1
3468 1 -23.2937 -86.9333 1
3467 1 -23.2937 -86.9333 1
3462 1 -23.2937 -86.9333 1
3461 1 -23.2937 -86.9333 1
3457 1 -23.2937 -86.9333 1
3453 1 -23.2937 -86.9333 1
3450 1 -20.7055 -77.2741 1
3435 1 -20.7055 -77.2741 1
3434 1 -20.7055 -77.2741 1
3428 1 -20.7055 -77.2741 1
3418 1 -18.1173 -67.6148 1
3404 1 -18.1173 -67.6148 1
3400 1 -18.1173 -67.6148 1
3396 1 -18.1173 -67.6148 1
3378 1 -15.5291 -57.9556 1
3371 1 -15.5291 -57.9556 1
3367 1 -15.5291 -57.9556 1
3363 1 -15.5291 -57.9556 1
3361 1 -15.5291 -57.9556 1
2011 1 6.5263 -49.5722 1
1407 1 -7.7646 -28.9778 1
1402 1 -7.7646 -28.9778 1
1401 1 -7.7646 -28.9778 1
1347 1 -2.5882 -9.6593 1
1342 1 -2.5882 -9.6593 1
1326 1 -2.5882 -9.6593 1
-1 0 0.0 0.0 D
2126 2 59.0 179.99993896484375 60 2147483647 61
0 0 0.0 0.0 D
1350 1 -2.5882 -9.6593 2
1349 1 -2.5882 -9.6593 2
1348 1 -2.5882 -9.6593 2
1346 1 -2.5882 -9.6593 2
1345 1 -2.5882 -9.6593 2
1344 1 -2.5882 -9.6593 2
1343 1 -2.5882 -9.6593 2
1341 1 -2.5882 -9.6593 2
1340 1 -2.5882 -9.6593 2
1339 1 -2.5882 -9.6593 2
1338 1 -2.5882 -9.6593 2
1337 1 -2.5882 -9.6593 2
1336 1 -2.5882 -9.6593 2
1335 1 -2.5882 -9.6593 2
1334 1 -2.5882 -9.6593 2
1333 1 -2.5882 -9.6593 2
1332 1 -2.5882 -9.6593 2
1331 1 -2.5882 -9.6593 2
1330 1 -2.5882 -9.6593 2
1329 1 -2.5882 -9.6593 2
1328 1 -2.5882 -9.6593 2
1327 1 -2.5882 -9.6593 2
1325 1 -2.5882 -9.6593 2
1324 1 -2.5882 -9.6593 2
1323 1 -2.5882 -9.6593 2
1322 1 -2.5882 -9.6593 2
1321 1 -2.5882 -9.6593 2
3425 1 -20.7055 -77.2741 2
3424 1 -20.7055 -77.2741 2
3423 1 -20.7055 -77.2741 2
3422 1 -20.7055 -77.2741 2
3421 1 -20.7055 -77.2741 2
3480 1 -23.2937 -86.9333 2
3479 1 -23.2937 -86.9333 2
3478 1 -23.2937 -86.9333 2
3476 1 -23.2937 -86.9333 2
3475 1 -23.2937 -86.9333 2
3474 1 -23.2937 -86.9333 2
3473 1 -23.2937 -86.9333 2
3471 1 -23.2937 -86.9333 2
3470 1 -23.2937 -86.9333 2
3469 1 -23.2937 -86.9333 2
3466 1 -23.2937 -86.9333 2
3465 1 -23.2937 -86.9333 2
3464 1 -23.2937 -86.9333 2
3463 1 -23.2937 -86.9333 2
3460 1 -23.2937 -86.9333 2
3459 1 -23.2937 -86.9333 2
3458 1 -23.2937 -86.9333 2
3456 1 -23.2937 -86.9333 2
3455 1 -23.2937 -86.9333 2
3454 1 -23.2937 -86.9333 2
3452 1 -23.2937 -86.9333 2
3451 1 -23.2937 -86.9333 2
1410 1 -7.7646 -28.9778 2
1409 1 -7.7646 -28.9778 2
1408 1 -7.7646 -28.9778 2
1406 1 -7.7646 -28.9778 2
1405 1 -7.7646 -28.9778 2
-1 0 0.0 0.0 D
2127 2 59.0 160.00006103515625 60 2147483647 61
0 0 0.0 0.0 D
3376 1 -15.5291 -57.9556 2
3375 1 -15.5291 -57.9556 2
3374 1 -15.5291 -57.9556 2
3373 1 -15.5291 -57.9556 2
3372 1 -15.5291 -57.9556 2
3370 1 -15.5291 -57.9556 2
3369 1 -15.5291 -57.9556 2
3368 1 -15.5291 -57.9556 2
3366 1 -15.5291 -57.9556 2
3365 1 -15.5291 -57.9556 2
3364 1 -15.5291 -57.9556 2
3362 1 -15.5291 -57.9556 2
3420 1 -18.1173 -67.6148 2
3419 1 -18.1173 -67.6148 2
3417 1 -18.1173 -67.6148 2
3416 1 -18.1173 -67.6148 2
3415 1 -18.1173 -67.6148 2
3414 1 -18.1173 -67.6148 2
3413 1 -18.1173 -67.6148 2
3412 1 -18.1173 -67.6148 2
3411 1 -18.1173 -67.6148 2
3410 1 -18.1173 -67.6148 2
3409 1 -18.1173 -67.6148 2
3408 1 -18.1173 -67.6148 2
3407 1 -18.1173 -67.6148 2
3406 1 -18.1173 -67.6148 2
3405 1 -18.1173 -67.6148 2
3403 1 -18.1173 -67.6148 2
3402 1 -18.1173 -67.6148 2
3401 1 -18.1173 -67.6148 2
3399 1 -18.1173 -67.6148 2
3398 1 -18.1173 -67.6148 2
3397 1 -18.1173 -67.6148 2
3395 1 -18.1173 -67.6148 2
3394 1 -18.1173 -67.6148 2
3393 1 -18.1173 -67.6148 2
3392 1 -18.1173 -67.6148 2
3391 1 -18.1173 -67.6148 2
3449 1 -20.7055 -77.2741 2
3448 1 -20.7055 -77.2741 2
3447 1 -20.7055 -77.2741 2
3446 1 -20.7055 -77.2741 2
3445 1 -20.7055 -77.2741 2
3444 1 -20.7055 -77.2741 2
3443 1 -20.7055 -77.2741 2
3442 1 -20.7055 -77.2741 2
3441 1 -20.7055 -77.2741 2
3440 1 -20.7055 -77.2741 2
3439 1 -20.7055 -77.2741 2
3438 1 -20.7055 -77.2741 2
3437 1 -20.7055 -77.2741 2
3436 1 -20.7055 -77.2741 2
3433 1 -20.7055 -77.2741 2
3432 1 -20.7055 -77.2741 2
3431 1 -20.7055 -77.2741 2
3430 1 -20.7055 -77.2741 2
3429 1 -20.7055 -77.2741 2
3427 1 -20.7055 -77.2741 2
3426 1 -20.7055 -77.2741 2
-1 0 0.0 0.0 D
2128 2 59.0 193.98724365234375 60 2147483647 61
0 0 0.0 0.0 D
1589 1 5.0 -8.6603 2
1588 1 5.0 -8.6603 2
1587 1 5.0 -8.6603 2
1586 1 5.0 -8.6603 2
1585 1 5.0 -8.6603 2
1584 1 5.0 -8.6603 2
1582 1 5.0 -8.6603 2
1581 1 5.0 -8.6603 2
1580 1 5.0 -8.6603 2
1578 1 5.0 -8.6603 2
1577 1 5.0 -8.6603 2
1576 1 5.0 -8.6603 2
1575 1 5.0 -8.6603 2
1574 1 5.0 -8.6603 2
1573 1 5.0 -8.6603 2
1572 1 5.0 -8.6603 2
1570 1 5.0 -8.6603 2
1569 1 5.0 -8.6603 2
1568 1 5.0 -8.6603 2
1567 1 5.0 -8.6603 2
1566 1 5.0 -8.6603 2
1565 1 5.0 -8.6603 2
1564 1 5.0 -8.6603 2
1563 1 5.0 -8.6603 2
1562 1 5.0 -8.6603 2
1561 1 5.0 -8.6603 2
1627 1 15.0 -25.9808 2
1626 1 15.0 -25.9808 2
1625 1 15.0 -25.9808 2
1624 1 15.0 -25.9808 2
1623 1 15.0 -25.9808 2
1622 1 15.0 -25.9808 2
1621 1 15.0 -25.9808 2
2014 1 6.5263 -49.5722 2
3490 1 0.0 -60.0 2
3489 1 0.0 -60.0 2
3484 1 0.0 -60.0 2
3498 1 0.0 -70.0 2
3492 1 0.0 -70.0 2
3507 1 0.0 -80.0 2
3516 1 0.0 -90.0 2
3514 1 0.0 -90.0 2
3512 1 0.0 -90.0 2
3390 1 -15.5291 -57.9556 2
3389 1 -15.5291 -57.9556 2
3388 1 -15.5291 -57.9556 2
3387 1 -15.5291 -57.9556 2
3386 1 -15.5291 -57.9556 2
3385 1 -15.5291 -57.9556 2
3384 1 -15.5291 -57.9556 2
3383 1 -15.5291 -57.9556 2
3382 1 -15.5291 -57.9556 2
3381 1 -15.5291 -57.9556 2
3380 1 -15.5291 -57.9556 2
3379 1 -15.5291 -57.9556 2
3377 1 -15.5291 -57.9556 2
1456 1 0.0 -20.0 2
1445 1 0.0 -10.0 2
1444 1 0.0 -10.0 2
-1 0 0.0 0.0 D
2129 4 149.0 191.973388671875 150 2147483647 151
0 0 0.0 0.0 D
1500 1 2.5882 -9.6593 4
1499 1 2.5882 -9.6593 4
1498 1 2.5882 -9.6593 4
1497 1 2.5882 -9.6593 4
1495 1 2.5882 -9.6593 4
1494 1 2.5882 -9.6593 4
1493 1 2.5882 -9.6593 4
1492 1 2.5882 -9.6593 4
1490 1 2.5882 -9.6593 4
1489 1 2.5882 -9.6593 4
1488 1 2.5882 -9.6593 4
1487 1 2.5882 -9.6593 4
1486 1 2.5882 -9.6593 4
1485 1 2.5882 -9.6593 4
1483 1 2.5882 -9.6593 4
1482 1 2.5882 -9.6593 4
1481 1 2.5882 -9.6593 4
1519 1 5.1764 -19.3185 4
1518 1 5.1764 -19.3185 4
1517 1 5.1764 -19.3185 4
1516 1 5.1764 -19.3185 4
1515 1 5.1764 -19.3185 4
1514 1 5.1764 -19.3185 4
1513 1 5.1764 -19.3185 4
1512 1 5.1764 -19.3185 4
1511 1 5.1764 -19.3185 4
1510 1 5.1764 -19.3185 4
1509 1 5.1764 -19.3185 4
1508 1 5.1764 -19.3185 4
1506 1 5.1764 -19.3185 4
1503 1 5.1764 -19.3185 4
1501 1 5.1764 -19.3185 4
1540 1 7.7646 -28.9778 4
1539 1 7.7646 -28.9778 4
1538 1 7.7646 -28.9778 4
1537 1 7.7646 -28.9778 4
1536 1 7.7646 -28.9778 4
1535 1 7.7646 -28.9778 4
1534 1 7.7646 -28.9778 4
1533 1 7.7646 -28.9778 4
1532 1 7.7646 -28.9778 4
1531 1 7.7646 -28.9778 4
1530 1 7.7646 -28.9778 4
1529 1 7.7646 -28.9778 4
1528 1 7.7646 -28.9778 4
1527 1 7.7646 -28.9778 4
1525 1 7.7646 -28.9778 4
1524 1 7.7646 -28.9778 4
1522 1 7.7646 -28.9778 4
1521 1 7.7646 -28.9778 4
1560 1 10.3528 -38.637 4
1559 1 10.3528 -38.637 4
1557 1 10.3528 -38.637 4
1556 1 10.3528 -38.637 4
1555 1 10.3528 -38.637 4
1554 1 10.3528 -38.637 4
1553 1 10.3528 -38.637 4
1547 1 10.3528 -38.637 4
1546 1 10.3528 -38.637 4
1543 1 10.3528 -38.637 4
1541 1 10.3528 -38.637 4
2020 1 6.5263 -49.5722 4
2019 1 6.5263 -49.5722 4
2018 1 6.5263 -49.5722 4
2017 1 6.5263 -49.5722 4
2016 1 6.5263 -49.5722 4
2015 1 6.5263 -49.5722 4
2013 1 6.5263 -49.5722 4
2012 1 6.5263 -49.5722 4
3540 1 15.5292 -57.9556 4
3539 1 15.5292 -57.9556 4
3538 1 15.5292 -57.9556 4
3537 1 15.5292 -57.9556 4
3536 1 15.5292 -57.9556 4
3535 1 15.5292 -57.9556 4
3534 1 15.5292 -57.9556 4
3533 1 15.5292 -57.9556 4
3532 1 15.5292 -57.9556 4
3531 1 15.5292 -57.9556 4
3530 1 15.5292 -57.9556 4
3529 1 15.5292 -57.9556 4
3528 1 15.5292 -57.9556 4
3527 1 15.5292 -57.9556 4
3526 1 15.5292 -57.9556 4
3525 1 15.5292 -57.9556 4
3523 1 15.5292 -57.9556 4
3522 1 15.5292 -57.9556 4
3560 1 18.1173 -67.6148 4
3559 1 18.1173 -67.6148 4
3558 1 18.1173 -67.6148 4
3557 1 18.1173 -67.6148 4
3556 1 18.1173 -67.6148 4
3554 1 18.1173 -67.6148 4
3552 1 18.1173 -67.6148 4
3551 1 18.1173 -67.6148 4
3549 1 18.1173 -67.6148 4
3547 1 18.1173 -67.6148 4
3545 1 18.1173 -67.6148 4
3544 1 18.1173 -67.6148 4
3543 1 18.1173 -67.6148 4
3541 1 18.1173 -67.6148 4
3579 1 20.7055 -77.2741 4
3578 1 20.7055 -77.2741 4
3576 1 20.7055 -77.2741 4
3574 1 20.7055 -77.2741 4
3573 1 20.7055 -77.2741 4
3572 1 20.7055 -77.2741 4
3571 1 20.7055 -77.2741 4
3570 1 20.7055 -77.2741 4
3569 1 20.7055 -77.2741 4
3568 1 20.7055 -77.2741 4
3567 1 20.7055 -77.2741 4
3566 1 20.7055 -77.2741 4
3565 1 20.7055 -77.2741 4
3563 1 20.7055 -77.2741 4
3562 1 20.7055 -77.2741 4
3600 1 23.2937 -86.9333 4
3598 1 23.2937 -86.9333 4
3597 1 23.2937 -86.9333 4
3596 1 23.2937 -86.9333 4
3595 1 23.2937 -86.9333 4
3594 1 23.2937 -86.9333 4
3593 1 23.2937 -86.9333 4
3592 1 23.2937 -86.9333 4
3591 1 23.2937 -86.9333 4
3590 1 23.2937 -86.9333 4
3589 1 23.2937 -86.9333 4
3588 1 23.2937 -86.9333 4
3587 1 23.2937 -86.9333 4
3585 1 23.2937 -86.9333 4
3584 1 23.2937 -86.9333 4
3583 1 23.2937 -86.9333 4
2030 1 30.4381 -39.6677 4
2029 1 30.4381 -39.6677 4
2028 1 30.4381 -39.6677 4
2027 1 30.4381 -39.6677 4
2025 1 30.4381 -39.6677 4
2022 1 30.4381 -39.6677 4
2021 1 30.4381 -39.6677 4
1691 1 14.1421 -14.1421 4
1689 1 7.0711 -7.0711 4
1688 1 7.0711 -7.0711 4
1687 1 7.0711 -7.0711 4
1686 1 7.0711 -7.0711 4
1685 1 7.0711 -7.0711 4
1684 1 7.0711 -7.0711 4
1683 1 7.0711 -7.0711 4
1682 1 7.0711 -7.0711 4
1681 1 7.0711 -7.0711 4
-1 0 0.0 0.0 D
2130 1 59.0 216.25662231445312 60 2147483647 61
0 0 0.0 0.0 D
1756 1 17.3205 -10.0 1
1753 1 17.3205 -10.0 1
1751 1 17.3205 -10.0 1
1748 1 17.3205 -10.0 1
1745 1 17.3205 -10.0 1
1799 1 34.641 -20.0 1
1795 1 34.641 -20.0 1
1788 1 34.641 -20.0 1
1786 1 34.641 -20.0 1
1785 1 34.641 -20.0 1
3773 1 51.9615 -30.0 1
3770 1 51.9615 -30.0 1
3769 1 51.9615 -30.0 1
3719 1 45.0 -77.9423 1
3718 1 45.0 -77.9423 1
3717 1 45.0 -77.9423 1
3714 1 45.0 -77.9423 1
3713 1 45.0 -77.9423 1
3702 1 45.0 -77.9423 1
3700 1 45.0 -77.9423 1
3695 1 45.0 -77.9423 1
3687 1 40.0 -69.282 1
3666 1 40.0 -69.282 1
3665 1 40.0 -69.282 1
3658 1 35.0 -60.6218 1
3652 1 35.0 -60.6218 1
3638 1 35.0 -60.6218 1
3635 1 35.0 -60.6218 1
3627 1 30.0 -51.9615 1
3623 1 30.0 -51.9615 1
3613 1 30.0 -51.9615 1
3610 1 30.0 -51.9615 1
3609 1 30.0 -51.9615 1
3608 1 30.0 -51.9615 1
2023 1 30.4381 -39.6677 1
1674 1 20.0 -34.641 1
1670 1 20.0 -34.641 1
1666 1 20.0 -34.641 1
1665 1 20.0 -34.641 1
1663 1 20.0 -34.641 1
1656 1 20.0 -34.641 1
1651 1 20.0 -34.641 1
1558 1 10.3528 -38.637 1
1552 1 10.3528 -38.637 1
1551 1 10.3528 -38.637 1
1550 1 10.3528 -38.637 1
1549 1 10.3528 -38.637 1
1648 1 15.0 -25.9808 1
1647 1 15.0 -25.9808 1
1646 1 15.0 -25.9808 1
1644 1 15.0 -25.9808 1
1618 1 10.0 -17.3205 1
1615 1 10.0 -17.3205 1
1601 1 10.0 -17.3205 1
1600 1 10.0 -17.3205 1
1590 1 5.0 -8.6603 1
1583 1 5.0 -8.6603 1
1579 1 5.0 -8.6603 1
1571 1 5.0 -8.6603 1
-1 0 0.0 0.0 D
2131 2 59.0 180.00001525878906 60 2147483647 61
0 0 0.0 0.0 D
1650 1 15.0 -25.9808 2
3660 1 35.0 -60.6218 2
3707 1 45.0 -77.9423 2
3706 1 45.0 -77.9423 2
3705 1 45.0 -77.9423 2
3704 1 45.0 -77.9423 2
3703 1 45.0 -77.9423 2
3701 1 45.0 -77.9423 2
3699 1 45.0 -77.9423 2
3698 1 45.0 -77.9423 2
3697 1 45.0 -77.9423 2
3696 1 45.0 -77.9423 2
3694 1 45.0 -77.9423 2
3693 1 45.0 -77.9423 2
3692 1 45.0 -77.9423 2
3691 1 45.0 -77.9423 2
3659 1 35.0 -60.6218 2
3657 1 35.0 -60.6218 2
3656 1 35.0 -60.6218 2
3655 1 35.0 -60.6218 2
3654 1 35.0 -60.6218 2
3653 1 35.0 -60.6218 2
3651 1 35.0 -60.6218 2
3650 1 35.0 -60.6218 2
3649 1 35.0 -60.6218 2
3648 1 35.0 -60.6218 2
3647 1 35.0 -60.6218 2
3646 1 35.0 -60.6218 2
3645 1 35.0 -60.6218 2
3644 1 35.0 -60.6218 2
3643 1 35.0 -60.6218 2
3642 1 35.0 -60.6218 2
3641 1 35.0 -60.6218 2
3640 1 35.0 -60.6218 2
3639 1 35.0 -60.6218 2
3637 1 35.0 -60.6218 2
3636 1 35.0 -60.6218 2
3634 1 35.0 -60.6218 2
3633 1 35.0 -60.6218 2
3632 1 35.0 -60.6218 2
3631 1 35.0 -60.6218 2
1649 1 15.0 -25.9808 2
1645 1 15.0 -25.9808 2
1643 1 15.0 -25.9808 2
1642 1 15.0 -25.9808 2
1641 1 15.0 -25.9808 2
1640 1 15.0 -25.9808 2
1639 1 15.0 -25.9808 2
1638 1 15.0 -25.9808 2
1637 1 15.0 -25.9808 2
1636 1 15.0 -25.9808 2
1635 1 15.0 -25.9808 2
1634 1 15.0 -25.9808 2
1633 1 15.0 -25.9808 2
1632 1 15.0 -25.9808 2
1631 1 15.0 -25.9808 2
1630 1 15.0 -25.9808 2
1629 1 15.0 -25.9808 2
1628 1 15.0 -25.9808 2
-1 0 0.0 0.0 D
2132 2 59.0 180.00001525878906 60 2147483647 61
0 0 0.0 0.0 D
1620 1 10.0 -17.3205 2
1619 1 10.0 -17.3205 2
1617 1 10.0 -17.3205 2
1616 1 10.0 -17.3205 2
1614 1 10.0 -17.3205 2
1613 1 10.0 -17.3205 2
1612 1 10.0 -17.3205 2
1611 1 10.0 -17.3205 2
1610 1 10.0 -17.3205 2
1609 1 10.0 -17.3205 2
1608 1 10.0 -17.3205 2
1607 1 10.0 -17.3205 2
1606 1 10.0 -17.3205 2
1605 1 10.0 -17.3205 2
1604 1 10.0 -17.3205 2
1603 1 10.0 -17.3205 2
1602 1 10.0 -17.3205 2
1599 1 10.0 -17.3205 2
1598 1 10.0 -17.3205 2
1597 1 10.0 -17.3205 2
1596 1 10.0 -17.3205 2
1595 1 10.0 -17.3205 2
1594 1 10.0 -17.3205 2
1593 1 10.0 -17.3205 2
1592 1 10.0 -17.3205 2
1591 1 10.0 -17.3205 2
3602 1 30.0 -51.9615 2
3601 1 30.0 -51.9615 2
3720 1 45.0 -77.9423 2
3716 1 45.0 -77.9423 2
3715 1 45.0 -77.9423 2
3712 1 45.0 -77.9423 2
3711 1 45.0 -77.9423 2
3710 1 45.0 -77.9423 2
3709 1 45.0 -77.9423 2
3708 1 45.0 -77.9423 2
1680 1 20.0 -34.641 2
1679 1 20.0 -34.641 2
1678 1 20.0 -34.641 2
1677 1 20.0 -34.641 2
1676 1 20.0 -34.641 2
1675 1 20.0 -34.641 2
1673 1 20.0 -34.641 2
1672 1 20.0 -34.641 2
1671 1 20.0 -34.641 2
1669 1 20.0 -34.641 2
1668 1 20.0 -34.641 2
1667 1 20.0 -34.641 2
1664 1 20.0 -34.641 2
1662 1 20.0 -34.641 2
1661 1 20.0 -34.641 2
1660 1 20.0 -34.641 2
1659 1 20.0 -34.641 2
1658 1 20.0 -34.641 2
1657 1 20.0 -34.641 2
1655 1 20.0 -34.641 2
1654 1 20.0 -34.641 2
1653 1 20.0 -34.641 2
1652 1 20.0 -34.641 2
-1 0 0.0 0.0 D
2133 2 59.0 169.26661682128906 60 2147483647 61
0 0 0.0 0.0 D
1690 1 7.0711 -7.0711 2
1699 1 14.1421 -14.1421 2
1707 1 21.2132 -21.2132 2
3729 1 42.4264 -42.4264 2
3724 1 42.4264 -42.4264 2
3723 1 42.4264 -42.4264 2
3722 1 42.4264 -42.4264 2
3721 1 42.4264 -42.4264 2
3690 1 40.0 -69.282 2
3689 1 40.0 -69.282 2
3688 1 40.0 -69.282 2
3686 1 40.0 -69.282 2
3685 1 40.0 -69.282 2
3684 1 40.0 -69.282 2
3683 1 40.0 -69.282 2
3682 1 40.0 -69.282 2
3681 1 40.0 -69.282 2
3680 1 40.0 -69.282 2
3679 1 40.0 -69.282 2
3678 1 40.0 -69.282 2
3677 1 40.0 -69.282 2
3676 1 40.0 -69.282 2
3675 1 40.0 -69.282 2
3674 1 40.0 -69.282 2
3673 1 40.0 -69.282 2
3672 1 40.0 -69.282 2
3671 1 40.0 -69.282 2
3670 1 40.0 -69.282 2
3669 1 40.0 -69.282 2
3668 1 40.0 -69.282 2
3667 1 40.0 -69.282 2
3664 1 40.0 -69.282 2
3663 1 40.0 -69.282 2
3662 1 40.0 -69.282 2
3661 1 40.0 -69.282 2
3630 1 30.0 -51.9615 2
3629 1 30.0 -51.9615 2
3628 1 30.0 -51.9615 2
3626 1 30.0 -51.9615 2
3625 1 30.0 -51.9615 2
3624 1 30.0 -51.9615 2
3622 1 30.0 -51.9615 2
3621 1 30.0 -51.9615 2
3620 1 30.0 -51.9615 2
3619 1 30.0 -51.9615 2
3618 1 30.0 -51.9615 2
3617 1 30.0 -51.9615 2
3616 1 30.0 -51.9615 2
3615 1 30.0 -51.9615 2
3614 1 30.0 -51.9615 2
3612 1 30.0 -51.9615 2
3611 1 30.0 -51.9615 2
3607 1 30.0 -51.9615 2
3606 1 30.0 -51.9615 2
3605 1 30.0 -51.9615 2
3604 1 30.0 -51.9615 2
3603 1 30.0 -51.9615 2
2026 1 30.4381 -39.6677 2
2024 1 30.4381 -39.6677 2
-1 0 0.0 0.0 D
2134 4 149.0 203.49472045898438 150 2147483647 151
0 0 0.0 0.0 D
1760 1 17.3205 -10.0 4
1759 1 17.3205 -10.0 4
1758 1 17.3205 -10.0 4
1757 1 17.3205 -10.0 4
1755 1 17.3205 -10.0 4
1754 1 17.3205 -10.0 4
1752 1 17.3205 -10.0 4
1750 1 17.3205 -10.0 4
1749 1 17.3205 -10.0 4
1747 1 17.3205 -10.0 4
1746 1 17.3205 -10.0 4
1744 1 17.3205 -10.0 4
1743 1 17.3205 -10.0 4
1742 1 17.3205 -10.0 4
1741 1 17.3205 -10.0 4
1762 1 25.9808 -15.0 4
1761 1 25.9808 -15.0 4
1800 1 34.641 -20.0 4
1798 1 34.641 -20.0 4
1797 1 34.641 -20.0 4
1796 1 34.641 -20.0 4
1794 1 34.641 -20.0 4
1793 1 34.641 -20.0 4
1792 1 34.641 -20.0 4
1791 1 34.641 -20.0 4
1790 1 34.641 -20.0 4
1789 1 34.641 -20.0 4
1787 1 34.641 -20.0 4
1784 1 34.641 -20.0 4
1783 1 34.641 -20.0 4
1782 1 34.641 -20.0 4
1781 1 34.641 -20.0 4
3780 1 51.9615 -30.0 4
3779 1 51.9615 -30.0 4
3777 1 51.9615 -30.0 4
3776 1 51.9615 -30.0 4
3775 1 51.9615 -30.0 4
3774 1 51.9615 -30.0 4
3772 1 51.9615 -30.0 4
3771 1 51.9615 -30.0 4
3768 1 51.9615 -30.0 4
3767 1 51.9615 -30.0 4
3766 1 51.9615 -30.0 4
3765 1 51.9615 -30.0 4
3764 1 51.9615 -30.0 4
3763 1 51.9615 -30.0 4
3762 1 51.9615 -30.0 4
3761 1 51.9615 -30.0 4
3800 1 60.6218 -35.0 4
3799 1 60.6218 -35.0 4
3798 1 60.6218 -35.0 4
3797 1 60.6218 -35.0 4
3796 1 60.6218 -35.0 4
3795 1 60.6218 -35.0 4
3794 1 60.6218 -35.0 4
3792 1 60.6218 -35.0 4
3791 1 60.6218 -35.0 4
3790 1 60.6218 -35.0 4
3788 1 60.6218 -35.0 4
3787 1 60.6218 -35.0 4
3786 1 60.6218 -35.0 4
3785 1 60.6218 -35.0 4
3784 1 60.6218 -35.0 4
3782 1 60.6218 -35.0 4
3781 1 60.6218 -35.0 4
3820 1 69.282 -40.0 4
3818 1 69.282 -40.0 4
3816 1 69.282 -40.0 4
3815 1 69.282 -40.0 4
3813 1 69.282 -40.0 4
3812 1 69.282 -40.0 4
3811 1 69.282 -40.0 4
3810 1 69.282 -40.0 4
3809 1 69.282 -40.0 4
3808 1 69.282 -40.0 4
3807 1 69.282 -40.0 4
3805 1 69.282 -40.0 4
3803 1 69.282 -40.0 4
3801 1 69.282 -40.0 4
3840 1 77.9423 -45.0 4
3838 1 77.9423 -45.0 4
3836 1 77.9423 -45.0 4
3835 1 77.9423 -45.0 4
3834 1 77.9423 -45.0 4
3833 1 77.9423 -45.0 4
3832 1 77.9423 -45.0 4
3831 1 77.9423 -45.0 4
3830 1 77.9423 -45.0 4
3828 1 77.9423 -45.0 4
3827 1 77.9423 -45.0 4
3826 1 77.9423 -45.0 4
3825 1 77.9423 -45.0 4
3823 1 77.9423 -45.0 4
3822 1 77.9423 -45.0 4
3821 1 77.9423 -45.0 4
3760 1 63.6396 -63.6396 4
3759 1 63.6396 -63.6396 4
3758 1 63.6396 -63.6396 4
3757 1 63.6396 -63.6396 4
3756 1 63.6396 -63.6396 4
3755 1 63.6396 -63.6396 4
3754 1 63.6396 -63.6396 4
3753 1 63.6396 -63.6396 4
3752 1 63.6396 -63.6396 4
3751 1 63.6396 -63.6396 4
3749 1 56.5686 -56.5685 4
3748 1 56.5686 -56.5685 4
3747 1 56.5686 -56.5685 4
3745 1 56.5686 -56.5685 4
3744 1 56.5686 -56.5685 4
3742 1 56.5686 -56.5685 4
3740 1 49.4975 -49.4975 4
3739 1 49.4975 -49.4975 4
3737 1 49.4975 -49.4975 4
3735 1 49.4975 -49.4975 4
3734 1 49.4975 -49.4975 4
3732 1 49.4975 -49.4975 4
3731 1 49.4975 -49.4975 4
3728 1 42.4264 -42.4264 4
3727 1 42.4264 -42.4264 4
3726 1 42.4264 -42.4264 4
3725 1 42.4264 -42.4264 4
1720 1 28.2843 -28.2843 4
1719 1 28.2843 -28.2843 4
1718 1 28.2843 -28.2843 4
1717 1 28.2843 -28.2843 4
1716 1 28.2843 -28.2843 4
1715 1 28.2843 -28.2843 4
1714 1 28.2843 -28.2843 4
1713 1 28.2843 -28.2843 4
1712 1 28.2843 -28.2843 4
1711 1 28.2843 -28.2843 4
1710 1 21.2132 -21.2132 4
1709 1 21.2132 -21.2132 4
1708 1 21.2132 -21.2132 4
1706 1 21.2132 -21.2132 4
1705 1 21.2132 -21.2132 4
1704 1 21.2132 -21.2132 4
1703 1 21.2132 -21.2132 4
1702 1 21.2132 -21.2132 4
1701 1 21.2132 -21.2132 4
1700 1 14.1421 -14.1421 4
1698 1 14.1421 -14.1421 4
1697 1 14.1421 -14.1421 4
1696 1 14.1421 -14.1421 4
1695 1 14.1421 -14.1421 4
1694 1 14.1421 -14.1421 4
1693 1 14.1421 -14.1421 4
1692 1 14.1421 -14.1421 4
-1 0 0.0 0.0 D
2138 2 59.0 124.73291778564453 60 2147483647 61
0 0 0.0 0.0 D
1860 1 19.3185 -5.1764 2
1858 1 19.3185 -5.1764 2
1857 1 19.3185 -5.1764 2
1856 1 19.3185 -5.1764 2
1855 1 19.3185 -5.1764 2
1854 1 19.3185 -5.1764 2
1853 1 19.3185 -5.1764 2
1850 1 19.3185 -5.1764 2
1849 1 19.3185 -5.1764 2
1848 1 19.3185 -5.1764 2
1847 1 19.3185 -5.1764 2
1846 1 19.3185 -5.1764 2
1841 1 19.3185 -5.1764 2
1838 1 19.3185 -5.1764 2
1837 1 19.3185 -5.1764 2
1836 1 19.3185 -5.1764 2
1835 1 19.3185 -5.1764 2
1834 1 19.3185 -5.1764 2
1833 1 19.3185 -5.1764 2
1832 1 19.3185 -5.1764 2
1817 1 9.6593 -2.5882 2
1816 1 9.6593 -2.5882 2
1815 1 9.6593 -2.5882 2
1814 1 9.6593 -2.5882 2
1813 1 9.6593 -2.5882 2
1812 1 9.6593 -2.5882 2
1811 1 9.6593 -2.5882 2
1810 1 9.6593 -2.5882 2
1809 1 9.6593 -2.5882 2
1808 1 9.6593 -2.5882 2
1806 1 9.6593 -2.5882 2
1805 1 9.6593 -2.5882 2
1804 1 9.6593 -2.5882 2
1803 1 9.6593 -2.5882 2
1802 1 9.6593 -2.5882 2
1801 1 9.6593 -2.5882 2
2034 1 46.194 -19.1342 2
1888 1 28.9778 -7.7646 2
1887 1 28.9778 -7.7646 2
1886 1 28.9778 -7.7646 2
1885 1 28.9778 -7.7646 2
1884 1 28.9778 -7.7646 2
1883 1 28.9778 -7.7646 2
1882 1 28.9778 -7.7646 2
1881 1 28.9778 -7.7646 2
1880 1 28.9778 -7.7646 2
1879 1 28.9778 -7.7646 2
1878 1 28.9778 -7.7646 2
1877 1 28.9778 -7.7646 2
1876 1 28.9778 -7.7646 2
1875 1 28.9778 -7.7646 2
1874 1 28.9778 -7.7646 2
1873 1 28.9778 -7.7646 2
1872 1 28.9778 -7.7646 2
1871 1 28.9778 -7.7646 2
145 1 8.6603 5.0 2
146 1 8.6603 5.0 2
148 1 8.6603 5.0 2
150 1 8.6603 5.0 2
-1 0 0.0 0.0 D
2139 2 59.0 160.00006103515625 60 2147483647 61
0 0 0.0 0.0 D
3900 1 67.6148 -18.1173 2
3897 1 67.6148 -18.1173 2
3896 1 67.6148 -18.1173 2
3895 1 67.6148 -18.1173 2
3894 1 67.6148 -18.1173 2
3892 1 67.6148 -18.1173 2
3891 1 67.6148 -18.1173 2
3890 1 67.6148 -18.1173 2
3889 1 67.6148 -18.1173 2
3887 1 67.6148 -18.1173 2
3885 1 67.6148 -18.1173 2
3884 1 67.6148 -18.1173 2
3883 1 67.6148 -18.1173 2
3882 1 67.6148 -18.1173 2
3881 1 67.6148 -18.1173 2
3880 1 67.6148 -18.1173 2
3879 1 67.6148 -18.1173 2
3878 1 67.6148 -18.1173 2
3877 1 67.6148 -18.1173 2
3875 1 67.6148 -18.1173 2
3874 1 67.6148 -18.1173 2
3873 1 67.6148 -18.1173 2
3872 1 67.6148 -18.1173 2
3930 1 77.2741 -20.7055 2
3929 1 77.2741 -20.7055 2
3928 1 77.2741 -20.7055 2
3927 1 77.2741 -20.7055 2
3926 1 77.2741 -20.7055 2
3924 1 77.2741 -20.7055 2
3923 1 77.2741 -20.7055 2
3922 1 77.2741 -20.7055 2
3920 1 77.2741 -20.7055 2
3919 1 77.2741 -20.7055 2
3918 1 77.2741 -20.7055 2
3917 1 77.2741 -20.7055 2
3916 1 77.2741 -20.7055 2
3914 1 77.2741 -20.7055 2
3913 1 77.2741 -20.7055 2
3912 1 77.2741 -20.7055 2
3911 1 77.2741 -20.7055 2
3910 1 77.2741 -20.7055 2
3909 1 77.2741 -20.7055 2
3908 1 77.2741 -20.7055 2
3907 1 77.2741 -20.7055 2
3905 1 77.2741 -20.7055 2
3904 1 77.2741 -20.7055 2
3903 1 77.2741 -20.7055 2
3902 1 77.2741 -20.7055 2
3901 1 77.2741 -20.7055 2
1829 1 9.6593 -2.5882 2
1828 1 9.6593 -2.5882 2
1827 1 9.6593 -2.5882 2
1826 1 9.6593 -2.5882 2
1825 1 9.6593 -2.5882 2
1824 1 9.6593 -2.5882 2
1823 1 9.6593 -2.5882 2
1822 1 9.6593 -2.5882 2
1819 1 9.6593 -2.5882 2
1818 1 9.6593 -2.5882 2
-1 0 0.0 0.0 D
2141 2 59.0 123.39923858642578 60 2147483647 61
0 0 0.0 0.0 D
1870 1 28.9778 -7.7646 2
1869 1 28.9778 -7.7646 2
1868 1 28.9778 -7.7646 2
1867 1 28.9778 -7.7646 2
1866 1 28.9778 -7.7646 2
1865 1 28.9778 -7.7646 2
1864 1 28.9778 -7.7646 2
1863 1 28.9778 -7.7646 2
1862 1 28.9778 -7.7646 2
1861 1 28.9778 -7.7646 2
1920 1 38.637 -10.3528 2
1919 1 38.637 -10.3528 2
1917 1 38.637 -10.3528 2
1916 1 38.637 -10.3528 2
1915 1 38.637 -10.3528 2
1914 1 38.637 -10.3528 2
1913 1 38.637 -10.3528 2
1912 1 38.637 -10.3528 2
1911 1 38.637 -10.3528 2
1910 1 38.637 -10.3528 2
1908 1 38.637 -10.3528 2
1904 1 38.637 -10.3528 2
1902 1 38.637 -10.3528 2
1900 1 38.637 -10.3528 2
1899 1 38.637 -10.3528 2
1897 1 38.637 -10.3528 2
1896 1 38.637 -10.3528 2
1894 1 38.637 -10.3528 2
1893 1 38.637 -10.3528 2
1891 1 38.637 -10.3528 2
3869 1 57.9556 -15.5291 2
3868 1 57.9556 -15.5291 2
3866 1 57.9556 -15.5291 2
3865 1 57.9556 -15.5291 2
3864 1 57.9556 -15.5291 2
3862 1 57.9556 -15.5291 2
3861 1 57.9556 -15.5291 2
3860 1 57.9556 -15.5291 2
3859 1 57.9556 -15.5291 2
3857 1 57.9556 -15.5291 2
3856 1 57.9556 -15.5291 2
3855 1 57.9556 -15.5291 2
3854 1 57.9556 -15.5291 2
3853 1 57.9556 -15.5291 2
3852 1 57.9556 -15.5291 2
3851 1 57.9556 -15.5291 2
3850 1 57.9556 -15.5291 2
3848 1 57.9556 -15.5291 2
3847 1 57.9556 -15.5291 2
3846 1 57.9556 -15.5291 2
3845 1 57.9556 -15.5291 2
3844 1 57.9556 -15.5291 2
3843 1 57.9556 -15.5291 2
3842 1 57.9556 -15.5291 2
3841 1 57.9556 -15.5291 2
140 1 8.6603 5.0 2
142 1 8.6603 5.0 2
143 1 8.6603 5.0 2
144 1 8.6603 5.0 2
-1 0 0.0 0.0 D
2147 1 99.0 491.66302490234375 100 2147483647 101
0 0 0.0 0.0 D
1092 1 -8.6603 -5.0 1
1093 1 -8.6603 -5.0 1
1101 1 -8.6603 -5.0 1
1109 1 -8.6603 -5.0 1
1132 1 -17.3205 -10.0 1
1134 1 -17.3205 -10.0 1
1139 1 -17.3205 -10.0 1
1723 1 8.6603 -5.0 1
1727 1 8.6603 -5.0 1
1730 1 8.6603 -5.0 1
1735 1 8.6603 -5.0 1
1738 1 8.6603 -5.0 1
45 1 9.6593 2.5882 1
55 1 9.6593 2.5882 1
61 1 19.3185 5.1764 1
66 1 19.3185 5.1764 1
71 1 19.3185 5.1764 1
181 1 25.9808 15.0 1
2201 1 60.6218 35.0 1
2090 1 57.9556 15.5291 1
2094 1 57.9556 15.5291 1
2095 1 57.9556 15.5291 1
2097 1 57.9556 15.5291 1
2101 1 67.6148 18.1173 1
2108 1 67.6148 18.1173 1
2122 1 77.2741 20.7055 1
2127 1 77.2741 20.7055 1
2129 1 77.2741 20.7055 1
2143 1 86.9333 23.2937 1
2153 1 86.9333 23.2937 1
2154 1 86.9333 23.2937 1
2157 1 86.9333 23.2937 1
2160 1 86.9333 23.2937 1
3969 1 99.1445 13.0526 1
2257 1 77.9423 45.0 1
2262 1 77.9423 45.0 1
2264 1 77.9423 45.0 1
2267 1 77.9423 45.0 1
2274 1 77.9423 45.0 1
2276 1 77.9423 45.0 1
2279 1 77.9423 45.0 1
2207 1 60.6218 35.0 1
2213 1 60.6218 35.0 1
2216 1 60.6218 35.0 1
2218 1 60.6218 35.0 1
1925 1 49.5722 6.5263 1
3931 1 86.9333 -23.2937 1
3937 1 86.9333 -23.2937 1
3940 1 86.9333 -23.2937 1
3943 1 86.9333 -23.2937 1
3959 1 86.9333 -23.2937 1
3906 1 77.2741 -20.7055 1
3915 1 77.2741 -20.7055 1
3921 1 77.2741 -20.7055 1
3925 1 77.2741 -20.7055 1
3824 1 77.9423 -45.0 1
3829 1 77.9423 -45.0 1
3837 1 77.9423 -45.0 1
3839 1 77.9423 -45.0 1
3802 1 69.282 -40.0 1
3804 1 69.282 -40.0 1
3806 1 69.282 -40.0 1
3814 1 69.282 -40.0 1
3817 1 69.282 -40.0 1
3819 1 69.282 -40.0 1
3783 1 60.6218 -35.0 1
3789 1 60.6218 -35.0 1
3793 1 60.6218 -35.0 1
3778 1 51.9615 -30.0 1
2032 1 46.194 -19.1342 1
2033 1 46.194 -19.1342 1
1765 1 25.9808 -15.0 1
1776 1 25.9808 -15.0 1
1777 1 25.9808 -15.0 1
102 1 38.637 10.3528 1
104 1 38.637 10.3528 1
108 1 38.637 10.3528 1
85 1 28.9778 7.7646 1
87 1 28.9778 7.7646 1
95 1 28.9778 7.7646 1
184 1 25.9808 15.0 1
186 1 25.9808 15.0 1
187 1 25.9808 15.0 1
188 1 25.9808 15.0 1
189 1 25.9808 15.0 1
203 1 25.9808 15.0 1
206 1 25.9808 15.0 1
207 1 25.9808 15.0 1
209 1 25.9808 15.0 1
151 1 17.3205 10.0 1
155 1 17.3205 10.0 1
158 1 17.3205 10.0 1
171 1 17.3205 10.0 1
122 1 8.6603 5.0 1
123 1 8.6603 5.0 1
128 1 8.6603 5.0 1
141 1 8.6603 5.0 1
147 1 8.6603 5.0 1
149 1 8.6603 5.0 1
-1 0 0.0 0.0 D
2185 2 84.0 305.35870361328125 100 2147483647 86
0 0 0.0 0.0 D
121 1 8.6603 5.0 2
1 1 10.0 0.0 2
4 1 10.0 0.0 2
6 1 10.0 0.0 2
7 1 10.0 0.0 2
16 1 20.0 0.0 2
22 1 30.0 0.0 2
31 1 40.0 0.0 2
37 1 40.0 0.0 2
1921 1 49.5722 6.5263 2
1923 1 49.5722 6.5263 2
1927 1 49.5722 6.5263 2
2045 1 60.0 0.0 2
2047 1 60.0 0.0 2
2049 1 60.0 0.0 2
2051 1 70.0 0.0 2
2052 1 70.0 0.0 2
2053 1 70.0 0.0 2
2054 1 70.0 0.0 2
2059 1 70.0 0.0 2
2066 1 80.0 0.0 2
3963 1 99.1445 13.0526 2
3964 1 99.1445 13.0526 2
3965 1 99.1445 13.0526 2
3932 1 86.9333 -23.2937 2
3933 1 86.9333 -23.2937 2
3934 1 86.9333 -23.2937 2
3935 1 86.9333 -23.2937 2
3936 1 86.9333 -23.2937 2
3938 1 86.9333 -23.2937 2
3939 1 86.9333 -23.2937 2
3941 1 86.9333 -23.2937 2
3942 1 86.9333 -23.2937 2
3944 1 86.9333 -23.2937 2
3945 1 86.9333 -23.2937 2
3946 1 86.9333 -23.2937 2
3947 1 86.9333 -23.2937 2
3948 1 86.9333 -23.2937 2
3949 1 86.9333 -23.2937 2
3950 1 86.9333 -23.2937 2
3951 1 86.9333 -23.2937 2
3952 1 86.9333 -23.2937 2
3953 1 86.9333 -23.2937 2
3954 1 86.9333 -23.2937 2
3955 1 86.9333 -23.2937 2
3956 1 86.9333 -23.2937 2
3957 1 86.9333 -23.2937 2
3958 1 86.9333 -23.2937 2
3960 1 86.9333 -23.2937 2
3741 1 56.5686 -56.5685 2
3743 1 56.5686 -56.5685 2
3746 1 56.5686 -56.5685 2
3750 1 56.5686 -56.5685 2
3733 1 49.4975 -49.4975 2
3736 1 49.4975 -49.4975 2
3738 1 49.4975 -49.4975 2
3730 1 42.4264 -42.4264 2
182 1 25.9808 15.0 2
183 1 25.9808 15.0 2
185 1 25.9808 15.0 2
190 1 25.9808 15.0 2
191 1 25.9808 15.0 2
192 1 25.9808 15.0 2
193 1 25.9808 15.0 2
194 1 25.9808 15.0 2
195 1 25.9808 15.0 2
196 1 25.9808 15.0 2
197 1 25.9808 15.0 2
198 1 25.9808 15.0 2
124 1 8.6603 5.0 2
125 1 8.6603 5.0 2
126 1 8.6603 5.0 2
127 1 8.6603 5.0 2
129 1 8.6603 5.0 2
130 1 8.6603 5.0 2
131 1 8.6603 5.0 2
132 1 8.6603 5.0 2
133 1 8.6603 5.0 2
134 1 8.6603 5.0 2
135 1 8.6603 5.0 2
136 1 8.6603 5.0 2
137 1 8.6603 5.0 2
138 1 8.6603 5.0 2
139 1 8.6603 5.0 2
-1 0 0.0 0.0 D
2209 4 186.0 252.16822814941406 200 2147483647 188
0 0 0.0 0.0 D
1721 1 8.6603 -5.0 4
1724 1 8.6603 -5.0 4
1725 1 8.6603 -5.0 4
1726 1 8.6603 -5.0 4
1728 1 8.6603 -5.0 4
1729 1 8.6603 -5.0 4
1731 1 8.6603 -5.0 4
1732 1 8.6603 -5.0 4
1733 1 8.6603 -5.0 4
1734 1 8.6603 -5.0 4
1736 1 8.6603 -5.0 4
1737 1 8.6603 -5.0 4
1739 1 8.6603 -5.0 4
1740 1 8.6603 -5.0 4
1722 1 8.6603 -5.0 4
2 1 10.0 0.0 4
3 1 10.0 0.0 4
5 1 10.0 0.0 4
8 1 10.0 0.0 4
9 1 10.0 0.0 4
10 1 10.0 0.0 4
11 1 20.0 0.0 4
12 1 20.0 0.0 4
13 1 20.0 0.0 4
14 1 20.0 0.0 4
15 1 20.0 0.0 4
17 1 20.0 0.0 4
18 1 20.0 0.0 4
19 1 20.0 0.0 4
20 1 20.0 0.0 4
21 1 30.0 0.0 4
23 1 30.0 0.0 4
24 1 30.0 0.0 4
25 1 30.0 0.0 4
26 1 30.0 0.0 4
27 1 30.0 0.0 4
28 1 30.0 0.0 4
29 1 30.0 0.0 4
30 1 30.0 0.0 4
32 1 40.0 0.0 4
33 1 40.0 0.0 4
34 1 40.0 0.0 4
35 1 40.0 0.0 4
36 1 40.0 0.0 4
38 1 40.0 0.0 4
39 1 40.0 0.0 4
40 1 40.0 0.0 4
1922 1 49.5722 6.5263 4
1924 1 49.5722 6.5263 4
1926 1 49.5722 6.5263 4
1928 1 49.5722 6.5263 4
1929 1 49.5722 6.5263 4
1930 1 49.5722 6.5263 4
2041 1 60.0 0.0 4
2042 1 60.0 0.0 4
2043 1 60.0 0.0 4
2044 1 60.0 0.0 4
2046 1 60.0 0.0 4
2048 1 60.0 0.0 4
2050 1 60.0 0.0 4
2055 1 70.0 0.0 4
2056 1 70.0 0.0 4
2057 1 70.0 0.0 4
2058 1 70.0 0.0 4
2060 1 70.0 0.0 4
2061 1 80.0 0.0 4
2062 1 80.0 0.0 4
2063 1 80.0 0.0 4
2064 1 80.0 0.0 4
2065 1 80.0 0.0 4
2067 1 80.0 0.0 4
2068 1 80.0 0.0 4
2069 1 80.0 0.0 4
2070 1 80.0 0.0 4
2071 1 90.0 0.0 4
2072 1 90.0 0.0 4
2073 1 90.0 0.0 4
2074 1 90.0 0.0 4
2075 1 90.0 0.0 4
2076 1 90.0 0.0 4
2077 1 90.0 0.0 4
2078 1 90.0 0.0 4
2079 1 90.0 0.0 4
2080 1 90.0 0.0 4
3961 1 99.1445 13.0526 4
3962 1 99.1445 13.0526 4
3966 1 99.1445 13.0526 4
3967 1 99.1445 13.0526 4
3968 1 99.1445 13.0526 4
3970 1 99.1445 13.0526 4
2141 1 86.9333 23.2937 4
2142 1 86.9333 23.2937 4
2144 1 86.9333 23.2937 4
2145 1 86.9333 23.2937 4
2146 1 86.9333 23.2937 4
2121 1 77.2741 20.7055 4
2123 1 77.2741 20.7055 4
2124 1 77.2741 20.7055 4
2125 1 77.2741 20.7055 4
2126 1 77.2741 20.7055 4
2128 1 77.2741 20.7055 4
2130 1 77.2741 20.7055 4
2131 1 77.2741 20.7055 4
2132 1 77.2741 20.7055 4
2133 1 77.2741 20.7055 4
2134 1 77.2741 20.7055 4
2135 1 77.2741 20.7055 4
2136 1 77.2741 20.7055 4
2137 1 77.2741 20.7055 4
2138 1 77.2741 20.7055 4
2139 1 77.2741 20.7055 4
2140 1 77.2741 20.7055 4
2102 1 67.6148 18.1173 4
2103 1 67.6148 18.1173 4
2104 1 67.6148 18.1173 4
2105 1 67.6148 18.1173 4
2106 1 67.6148 18.1173 4
2107 1 67.6148 18.1173 4
2109 1 67.6148 18.1173 4
2110 1 67.6148 18.1173 4
2111 1 67.6148 18.1173 4
2112 1 67.6148 18.1173 4
2113 1 67.6148 18.1173 4
2114 1 67.6148 18.1173 4
2115 1 67.6148 18.1173 4
2116 1 67.6148 18.1173 4
2117 1 67.6148 18.1173 4
2118 1 67.6148 18.1173 4
2119 1 67.6148 18.1173 4
2120 1 67.6148 18.1173 4
2081 1 57.9556 15.5291 4
2082 1 57.9556 15.5291 4
2083 1 57.9556 15.5291 4
2084 1 57.9556 15.5291 4
2085 1 57.9556 15.5291 4
2086 1 57.9556 15.5291 4
2087 1 57.9556 15.5291 4
2088 1 57.9556 15.5291 4
2089 1 57.9556 15.5291 4
2091 1 57.9556 15.5291 4
2092 1 57.9556 15.5291 4
2093 1 57.9556 15.5291 4
2096 1 57.9556 15.5291 4
2098 1 57.9556 15.5291 4
2099 1 57.9556 15.5291 4
2100 1 57.9556 15.5291 4
2031 1 46.194 -19.1342 4
2035 1 46.194 -19.1342 4
2036 1 46.194 -19.1342 4
2037 1 46.194 -19.1342 4
2038 1 46.194 -19.1342 4
2039 1 46.194 -19.1342 4
2040 1 46.194 -19.1342 4
1763 1 25.9808 -15.0 4
1764 1 25.9808 -15.0 4
1766 1 25.9808 -15.0 4
1767 1 25.9808 -15.0 4
1768 1 25.9808 -15.0 4
1769 1 25.9808 -15.0 4
1770 1 25.9808 -15.0 4
1771 1 25.9808 -15.0 4
1772 1 25.9808 -15.0 4
1773 1 25.9808 -15.0 4
1774 1 25.9808 -15.0 4
1775 1 25.9808 -15.0 4
1778 1 25.9808 -15.0 4
1779 1 25.9808 -15.0 4
1780 1 25.9808 -15.0 4
41 1 9.6593 2.5882 4
42 1 9.6593 2.5882 4
43 1 9.6593 2.5882 4
44 1 9.6593 2.5882 4
46 1 9.6593 2.5882 4
47 1 9.6593 2.5882 4
48 1 9.6593 2.5882 4
49 1 9.6593 2.5882 4
50 1 9.6593 2.5882 4
51 1 9.6593 2.5882 4
52 1 9.6593 2.5882 4
53 1 9.6593 2.5882 4
54 1 9.6593 2.5882 4
56 1 9.6593 2.5882 4
57 1 9.6593 2.5882 4
58 1 9.6593 2.5882 4
59 1 9.6593 2.5882 4
60 1 9.6593 2.5882 4
-1 0 0.0 0.0 D
2398 1 90.0 338.81695556640625 100 2147483647 92
0 0 0.0 0.0 D
1026 1 -19.3185 -5.1764 1
1027 1 -19.3185 -5.1764 1
1028 1 -19.3185 -5.1764 1
1032 1 -19.3185 -5.1764 1
1036 1 -19.3185 -5.1764 1
1037 1 -19.3185 -5.1764 1
1047 1 -28.9778 -7.7646 1
1050 1 -28.9778 -7.7646 1
1051 1 -28.9778 -7.7646 1
1059 1 -28.9778 -7.7646 1
1063 1 -38.637 -10.3528 1
1064 1 -38.637 -10.3528 1
1065 1 -38.637 -10.3528 1
1066 1 -38.637 -10.3528 1
1077 1 -38.637 -10.3528 1
3114 1 -86.9333 -23.2937 1
3116 1 -86.9333 -23.2937 1
3117 1 -86.9333 -23.2937 1
3211 1 -77.9423 -45.0 1
3217 1 -77.9423 -45.0 1
3223 1 -77.9423 -45.0 1
3225 1 -77.9423 -45.0 1
3228 1 -77.9423 -45.0 1
3237 1 -77.9423 -45.0 1
3157 1 -60.6218 -35.0 1
3161 1 -60.6218 -35.0 1
3163 1 -60.6218 -35.0 1
3165 1 -60.6218 -35.0 1
3174 1 -60.6218 -35.0 1
3176 1 -60.6218 -35.0 1
3121 1 -51.9615 -30.0 1
3129 1 -51.9615 -30.0 1
3130 1 -51.9615 -30.0 1
3132 1 -51.9615 -30.0 1
3135 1 -51.9615 -30.0 1
1183 1 -34.641 -20.0 1
1184 1 -34.641 -20.0 1
1185 1 -34.641 -20.0 1
1186 1 -34.641 -20.0 1
1188 1 -34.641 -20.0 1
1192 1 -34.641 -20.0 1
1194 1 -34.641 -20.0 1
1196 1 -34.641 -20.0 1
1142 1 -25.9808 -15.0 1
1148 1 -25.9808 -15.0 1
1157 1 -25.9808 -15.0 1
1165 1 -25.9808 -15.0 1
1166 1 -25.9808 -15.0 1
1112 1 -17.3205 -10.0 1
1118 1 -17.3205 -10.0 1
1121 1 -17.3205 -10.0 1
1126 1 -17.3205 -10.0 1
3871 1 67.6148 -18.1173 1
3876 1 67.6148 -18.1173 1
3886 1 67.6148 -18.1173 1
3888 1 67.6148 -18.1173 1
3893 1 67.6148 -18.1173 1
3898 1 67.6148 -18.1173 1
3899 1 67.6148 -18.1173 1
3849 1 57.9556 -15.5291 1
3858 1 57.9556 -15.5291 1
3863 1 57.9556 -15.5291 1
3867 1 57.9556 -15.5291 1
3870 1 57.9556 -15.5291 1
1892 1 38.637 -10.3528 1
1895 1 38.637 -10.3528 1
1898 1 38.637 -10.3528 1
1901 1 38.637 -10.3528 1
1903 1 38.637 -10.3528 1
1905 1 38.637 -10.3528 1
1906 1 38.637 -10.3528 1
1907 1 38.637 -10.3528 1
1909 1 38.637 -10.3528 1
1918 1 38.637 -10.3528 1
1889 1 28.9778 -7.7646 1
1890 1 28.9778 -7.7646 1
1831 1 19.3185 -5.1764 1
1839 1 19.3185 -5.1764 1
1840 1 19.3185 -5.1764 1
1842 1 19.3185 -5.1764 1
1843 1 19.3185 -5.1764 1
1844 1 19.3185 -5.1764 1
1845 1 19.3185 -5.1764 1
1851 1 19.3185 -5.1764 1
1852 1 19.3185 -5.1764 1
1859 1 19.3185 -5.1764 1
1807 1 9.6593 -2.5882 1
1820 1 9.6593 -2.5882 1
1821 1 9.6593 -2.5882 1
1830 1 9.6593 -2.5882 1
-1 0 0.0 0.0 D
