File: p18 Num Depots: 1 Num Pick Up Points: 312 Num Trucks: 12Processing Time: 1132 seconds
Total Demand = 6000.00| Total Distance = 13628.07| Total Travel Time = 10221.05| Total Cost = $7376.30|

Truck #3199 MaxCap: 60 Demand: 59.0 ROUTE:0 60 53 47 75 72 68 63 95 94 86 82 81 118 115 112 108 2881 3110 3102 3139 3134 3127 3124 3123 3159 3156 3143 3142 5950 5946 3176 3170 3164 3239 3232 3216 3212 3209 3199 3193 3192 3191 3190 3184 220 216 214 213 206 201 197 196 191 187 184 176 161 159 151 -1 
Truck #3200 MaxCap: 100 Demand: 99.0 ROUTE:0 142 312 307 305 301 340 336 325 238 227 222 2891 3268 3266 3263 3262 3257 3256 3251 3249 3247 3246 3243 3241 3296 3279 3277 5953 3414 3412 3409 5968 3537 3523 3517 3516 3509 3506 3501 3499 3498 3491 3484 3483 3481 3400 3393 3380 3378 3373 3474 3470 3467 3464 3458 3446 3445 3431 3429 3423 3357 3353 3347 2902 2901 475 474 469 468 463 457 454 452 449 447 440 434 426 418 417 414 403 402 400 398 395 393 299 291 287 284 383 371 368 538 535 534 532 530 -1 
Truck #3201 MaxCap: 160 Demand: 159.0 ROUTE:0 868 867 866 863 854 848 846 778 773 795 889 887 884 879 878 877 924 919 910 819 818 809 808 807 803 828 827 949 947 944 2941 2933 2931 3924 3909 3908 3902 3955 3953 3947 3935 3931 3990 3987 3981 3976 3974 3966 3963 3962 4016 4013 4007 4005 4002 4001 4000 3999 5997 3897 3890 3888 3885 3883 3881 3877 3869 3866 3863 3852 3848 3843 3836 3834 3717 3707 3704 3701 3746 3742 3739 3733 3725 3722 3778 3773 3764 3755 3658 3656 3654 3652 3642 3637 3630 3629 3627 3625 3624 3622 3621 3617 3613 3598 3592 3591 3590 3589 3585 3582 3690 3689 3684 3681 3679 3667 3664 3661 2925 717 714 702 701 699 595 593 589 587 584 579 576 567 566 689 686 680 679 675 673 657 653 650 644 642 559 554 552 551 544 539 630 628 626 623 612 609 606 603 601 -1 
Truck #3202 MaxCap: 60 Demand: 59.0 ROUTE:0 244 241 13 30 23 22 40 39 38 37 36 35 3070 3069 3066 3062 3061 3078 3076 3075 3086 3093 194 193 192 190 189 188 186 185 183 182 181 180 179 178 177 175 174 173 172 171 170 169 168 167 166 165 164 163 162 160 158 157 156 155 154 153 152 -1 
Truck #3203 MaxCap: 100 Demand: 99.0 ROUTE:0 240 239 237 236 235 234 233 232 231 230 229 228 226 225 224 223 221 219 218 217 215 212 211 3265 3264 3261 3260 3259 3258 3255 3254 3253 3252 3250 3248 3245 3244 3242 3240 3238 3237 3236 3235 3234 3233 3231 3230 3229 3228 3227 3226 3225 3224 3223 3222 3221 3220 3219 3218 3217 3215 3214 3213 3211 3210 3208 3207 3206 3205 3204 3203 3202 3201 3200 3198 3197 3196 3195 3194 3189 3188 3187 3186 3185 3183 3182 3181 210 209 208 207 205 204 203 202 200 199 198 195 -1 
Truck #3204 MaxCap: 160 Demand: 157.0 ROUTE:0 150 149 148 147 146 145 144 143 141 140 139 138 137 136 135 134 133 132 131 130 129 128 127 126 125 124 123 122 121 260 254 280 272 3305 3304 3312 3311 3323 3322 3321 3270 3269 3267 3300 3299 3298 3297 3295 3294 3293 3292 3291 3290 3289 3288 3287 3286 3285 3284 3283 3282 3281 3280 3278 3276 3275 3274 3273 3272 3271 5957 3339 3336 5967 3522 3521 3520 3519 3518 3515 3514 3513 3512 3511 3450 3449 3448 3447 3444 3443 3442 3441 3440 3439 3438 3437 3436 3435 3434 3433 3432 3430 3428 3427 3426 3425 3424 3422 3421 420 419 416 415 413 412 411 410 409 408 407 406 405 404 401 399 397 396 394 392 391 390 389 388 387 386 385 384 382 381 380 379 378 377 376 375 374 373 372 370 369 367 366 365 364 363 362 361 -1 
Truck #3205 MaxCap: 150 Demand: 149.0 ROUTE:0 80 79 78 77 76 74 73 71 70 69 67 66 65 64 62 61 100 99 98 97 96 93 92 91 90 89 88 87 85 84 83 120 119 117 116 114 113 111 110 109 107 106 105 104 103 102 101 2890 2889 2888 2887 2886 2885 2884 2883 2882 3120 3119 3118 3117 3116 3115 3114 3113 3112 3111 3109 3108 3107 3106 3105 3104 3103 3101 3131 3130 3129 3128 3126 3125 3122 3121 3180 3179 3178 3177 3175 3174 3173 3172 3171 3169 3168 3167 3166 3165 3163 3162 3161 5949 5948 5947 5945 5944 5943 5942 5941 3100 3099 3098 3097 3096 3095 3094 3092 3091 3090 3089 3088 3087 3085 3084 3083 3082 3081 3080 3079 3077 3074 3073 3072 3071 3068 3067 3065 3064 3063 34 33 32 31 10 9 8 7 6 5 4 1 -1 
Truck #3206 MaxCap: 200 Demand: 183.0 ROUTE:0 250 249 248 247 246 245 243 242 259 258 257 256 255 253 252 251 327 326 324 323 322 321 360 359 358 357 356 355 354 353 352 351 350 349 348 347 346 345 344 343 342 341 3310 3309 3308 3307 3306 3303 3302 3301 3320 3319 3318 3317 3316 3315 3314 3313 3379 3377 3376 3375 3374 3372 3371 3370 3369 3368 3367 3366 3365 3364 3363 3362 3361 3399 3398 3397 3396 3395 3394 3392 3391 3390 3389 3388 3387 3386 3385 3384 3383 3382 3381 3330 3329 3328 3327 3326 3325 3324 3340 3338 3337 3335 3334 3333 3332 3331 5960 5959 5958 5956 5955 5954 5952 5951 3160 3158 3157 3155 3154 3153 3152 3151 3150 3149 3148 3147 3146 3145 3144 3141 3140 3138 3137 3136 3135 3133 3132 2900 2899 2898 2897 2896 2895 2894 2893 2892 279 278 277 276 275 274 273 271 270 269 268 267 266 265 264 263 262 261 59 58 57 56 55 54 52 51 50 49 48 46 45 44 43 42 41 -1 
Truck #3207 MaxCap: 250 Demand: 249.0 ROUTE:0 540 537 536 533 531 529 528 527 526 525 524 523 522 521 490 489 487 485 483 482 481 500 498 497 495 494 493 492 491 509 508 507 506 505 502 568 565 564 563 562 561 600 599 598 597 596 594 592 591 590 588 586 585 583 582 581 520 518 517 516 514 513 512 511 2919 2918 2917 2916 2914 2913 2912 2911 3550 3549 3548 3546 3545 3544 3543 3542 3541 3560 3559 3557 3556 3554 3553 3552 3551 3620 3619 3618 3616 3615 3614 3612 3611 3610 3609 3608 3607 3606 3605 3604 3603 3602 3601 3640 3639 3638 3636 3635 3634 3633 3632 3631 3628 3626 3623 3660 3659 3657 3655 3653 3651 3650 3649 3648 3647 3646 3645 3644 3643 3641 5979 5978 5977 5976 5975 5973 5972 5971 3580 3579 3577 3576 3574 3573 3571 3570 3569 3567 3566 3564 3563 3561 5970 5969 5966 5965 5964 5963 5962 5961 3420 3419 3418 3417 3416 3415 3413 3411 3410 3408 3407 3406 3405 3404 3403 3402 3401 3360 3359 3358 3356 3355 3354 3352 3351 3350 3349 3348 3346 3345 3344 3343 3342 3341 2910 2909 2908 2907 2906 2905 2904 2903 339 338 337 335 334 333 332 331 330 329 328 320 319 318 317 316 315 314 313 311 310 309 308 306 304 303 302 300 298 297 296 295 294 293 292 290 289 288 286 285 283 282 281 -1 
Truck #3208 MaxCap: 60 Demand: 59.0 ROUTE:0 450 448 446 445 444 443 442 441 439 438 437 436 435 433 432 431 430 429 428 427 425 424 423 422 421 3472 3471 3469 3468 3466 3465 3463 3462 3461 3460 3459 3457 3456 3455 3454 3453 3452 3451 3540 3539 3538 3536 3535 3534 3533 3532 3531 3530 3529 3528 3527 3526 3525 3524 -1 
Truck #3209 MaxCap: 60 Demand: 59.0 ROUTE:0 499 496 519 515 3547 3568 3565 3562 3572 3510 3508 3507 3505 3504 3503 3502 3500 3497 3496 3495 3494 3493 3492 3490 3489 3488 3487 3486 3485 3482 3480 3479 3478 3477 3476 3475 3473 480 479 478 477 476 473 472 471 470 467 466 465 464 462 461 460 459 458 456 455 453 451 -1 
Truck #3210 MaxCap: 60 Demand: 59.0 ROUTE:0 488 486 484 510 504 503 501 3558 3555 3578 3575 5980 5974 2920 2915 658 656 655 654 652 651 649 648 647 646 645 643 641 640 639 638 637 636 635 634 633 632 631 629 627 625 624 622 621 620 619 618 617 616 615 614 613 611 610 608 607 605 604 602 -1 
Truck #3211 MaxCap: 150 Demand: 149.0 ROUTE:0 730 729 728 726 725 724 723 722 721 740 739 737 736 733 732 731 750 749 748 745 744 743 742 741 820 817 816 815 814 813 812 811 810 806 805 804 802 801 838 837 836 835 834 833 832 831 830 829 826 825 824 823 822 821 760 759 756 755 754 753 752 2930 2929 2928 2927 2923 2922 2921 3789 3788 3787 3786 3785 3784 3783 3782 3781 3799 3798 3797 3796 3795 3794 3793 3792 3791 3810 3808 3807 3806 3805 3804 3803 3802 3820 3818 3817 3816 3815 3814 3812 3811 5990 5989 5988 5987 5986 5985 5983 5982 5981 3600 3599 3597 3596 3595 3594 3593 3588 3587 3586 3584 3583 3581 580 578 577 575 574 573 572 571 570 569 560 558 557 556 555 553 550 549 548 547 546 545 543 542 541 -1 
Truck #3212 MaxCap: 60 Demand: 59.0 ROUTE:0 3688 3687 3686 3685 3683 3682 3680 3678 3677 3676 3675 3674 3673 3672 3671 3670 3669 3668 3666 3665 3663 3662 3760 3759 3758 3757 3756 3754 3753 3752 3751 3720 3719 3718 3716 3715 3714 3713 3712 3711 3710 3709 3708 3706 3705 3703 3702 3700 3699 3698 3697 3696 3695 3694 3693 3692 3691 660 659 -1 
Truck #3213 MaxCap: 60 Demand: 59.0 ROUTE:0 3741 3740 3738 3737 3736 3735 3734 3732 3731 3730 3729 3728 3727 3726 3724 3723 3721 3780 3779 3777 3776 3775 3774 3772 3771 3770 3769 3768 3767 3766 3765 3763 3762 3761 720 719 718 716 715 713 712 711 710 709 708 707 706 705 704 703 700 698 697 696 695 694 693 692 691 -1 
Truck #3214 MaxCap: 60 Demand: 59.0 ROUTE:0 727 738 735 734 690 688 687 685 684 683 682 681 678 677 676 674 672 671 670 669 668 667 666 665 664 663 662 661 747 746 758 757 751 2926 2924 3790 3800 3809 3801 3750 3749 3748 3747 3745 3744 3743 5984 3819 3813 5995 2939 2937 2936 876 875 874 873 872 871 -1 
Truck #3215 MaxCap: 150 Demand: 149.0 ROUTE:0 970 968 967 966 965 964 963 962 961 990 989 988 987 986 985 984 983 982 2940 2938 2935 2934 2932 4040 4039 4038 4035 4034 4033 4032 4031 4059 4058 4057 4056 4054 4052 6000 5999 5998 5996 5994 5993 5992 5991 3900 3899 3898 3896 3895 3894 3893 3892 3891 3889 3887 3886 3884 3882 3880 3879 3878 3876 3875 3874 3873 3872 3871 3870 3868 3867 3865 3864 3862 3861 3860 3859 3858 3857 3856 3855 3854 3853 3851 3850 3849 3847 3846 3845 3844 3842 3841 3840 3839 3838 3837 3835 3833 3832 3831 3830 3829 3828 3827 3826 3825 3824 3823 3822 3821 840 839 800 799 798 797 796 794 793 792 791 790 789 788 787 786 785 784 783 782 781 780 779 777 776 775 774 772 771 770 769 768 767 766 765 764 763 762 761 -1 
Truck #3216 MaxCap: 60 Demand: 59.0 ROUTE:0 930 929 928 927 926 925 923 922 921 920 918 917 916 915 914 913 912 911 909 908 907 906 905 904 903 902 901 3917 3916 3915 3914 3913 3912 3911 3910 3907 3906 3905 3904 3903 3901 900 899 898 897 896 895 894 893 892 891 890 888 886 885 883 882 881 880 -1 
Truck #3217 MaxCap: 60 Demand: 59.0 ROUTE:0 955 954 953 952 951 950 948 946 945 943 942 941 940 939 938 937 936 935 934 933 932 931 3960 3959 3958 3957 3956 3954 3952 3951 3950 3949 3948 3946 3945 3944 3943 3942 3941 3940 3939 3938 3937 3936 3934 3933 3932 3930 3929 3928 3927 3926 3925 3923 3922 3921 3920 3919 3918 -1 
Truck #3218 MaxCap: 60 Demand: 59.0 ROUTE:0 960 959 958 957 956 3989 3988 3986 3985 3984 3983 3982 3980 3979 3978 3977 3975 3973 3972 3971 3970 3969 3968 3967 3965 3964 3961 4020 4019 4018 4017 4015 4014 4012 4011 4010 4009 4008 4006 4004 4003 3998 3997 3996 3995 3994 3993 3992 3991 852 851 850 849 847 845 844 843 842 841 -1 
Truck #3219 MaxCap: 60 Demand: 59.0 ROUTE:0 870 869 865 864 862 861 860 859 858 857 856 855 853 969 977 976 981 1000 995 4025 4037 4036 4048 4044 4043 4042 4055 4053 4051 1120 1119 1117 1116 1115 1114 1112 1111 1110 1109 1108 1106 1104 1103 1102 1101 1100 1098 1096 1095 1094 1093 1092 1091 1089 1088 1085 1084 1082 1081 -1 
Truck #3220 MaxCap: 150 Demand: 149.0 ROUTE:0 980 979 978 975 974 973 972 971 999 998 997 996 994 993 992 991 2950 2949 2948 2947 2946 2945 2944 2943 2942 4030 4029 4028 4027 4026 4024 4023 4022 4021 4050 4049 4047 4046 4045 4041 4060 4140 4139 4138 4137 4136 4135 4134 4132 4131 4129 4128 4127 4124 4123 4122 4121 4120 4119 4118 4117 4116 4115 4114 4112 4110 4109 4108 4107 4104 4103 4102 4101 4100 4099 4098 4097 4096 4095 4094 4093 4092 4090 4089 4087 4085 4083 4082 4081 4079 4078 4077 4076 4075 4074 4073 4072 4071 4070 4069 4067 4066 4065 4064 4063 4062 4061 1080 1078 1077 1076 1075 1074 1073 1072 1071 1070 1069 1067 1066 1065 1064 1063 1062 1061 1060 1059 1057 1056 1055 1054 1053 1052 1050 1049 1048 1047 1046 1045 1044 1043 1031 1030 1029 1027 1026 1025 1024 1021 -1 
Truck #3221 MaxCap: 60 Demand: 59.0 ROUTE:0 1018 1017 1010 1039 1036 1028 1023 1022 1058 1051 1042 1041 1079 1068 4080 4068 4091 4088 4086 4084 4113 4111 4106 4105 4133 4130 4126 4125 4251 4242 4240 4237 4168 4167 4165 4163 4154 4153 4151 4145 4143 4142 1140 1137 1136 1134 1130 1128 1124 1118 1113 1107 1105 1099 1097 1090 1087 1086 1083 -1 
Truck #3222 MaxCap: 150 Demand: 149.0 ROUTE:0 1020 1019 1016 1015 1014 1013 1012 1011 1009 1008 1007 1006 1005 1004 1003 1002 1001 1040 1038 1037 1035 1034 1033 1032 1230 1229 1228 1226 1225 1223 1221 1240 1239 1238 1236 1235 1234 1233 1231 2960 2959 2958 2957 2956 2954 2953 2952 2951 4280 4278 4277 4276 4275 4274 4272 4290 4289 4288 4287 4286 4285 4284 4283 4282 4300 4298 4297 4296 4295 4294 4293 4292 4291 4380 4379 4378 4377 4376 4375 4373 4372 4371 4369 4368 4367 4366 4364 4363 4362 4361 4270 4269 4268 4267 4266 4265 4264 4263 4262 4261 1319 1318 1317 1316 1315 1314 1313 1312 1311 1310 1309 1308 1306 1305 1304 1303 1302 1219 1218 1217 1216 1214 1213 1212 1211 1210 1209 1208 1207 1206 1204 1203 1201 1259 1258 1257 1256 1254 1253 1252 1251 1250 1249 1248 1247 1246 1245 1242 1241 -1 
Truck #3223 MaxCap: 60 Demand: 59.0 ROUTE:0 4260 4259 4258 4257 4256 4255 4254 4253 4252 4250 4249 4248 4247 4246 4245 4244 4243 4241 4239 4238 4236 4235 4234 4233 4232 4231 4170 4169 4166 4164 4162 4161 4160 4159 4158 4157 4156 4155 4152 4150 4149 4148 4147 4146 4144 4141 1139 1138 1135 1133 1132 1131 1129 1127 1126 1125 1123 1122 1121 -1 
Truck #3224 MaxCap: 60 Demand: 59.0 ROUTE:0 1189 1187 1185 1184 1183 1181 1180 1179 1178 1177 1176 1175 1174 1173 1172 1171 4199 4198 4197 4196 4195 4193 4192 4191 4190 4189 4188 4187 4184 4181 4180 4178 4176 4175 4174 4173 4171 1170 1169 1167 1166 1165 1164 1163 1162 1160 1159 1158 1157 1154 1153 1152 1151 1148 1147 1145 1143 1142 1141 -1 
Truck #3225 MaxCap: 60 Demand: 59.0 ROUTE:0 1260 1255 1244 1243 1273 1269 1266 1261 1287 1307 1301 2970 4314 4312 4310 4309 4306 4302 4337 4333 4330 4327 4323 4360 4359 4349 4374 4370 4365 4230 4228 4221 4216 4212 4207 4200 4194 4186 4185 4183 4182 4179 4177 4172 2955 1195 1193 1192 1188 1186 1182 1168 1161 1156 1155 1150 1149 1146 1144 -1 
Truck #3226 MaxCap: 60 Demand: 59.0 ROUTE:0 1205 1202 1200 1199 1198 1197 1196 1194 1191 1190 4229 4227 4226 4225 4224 4223 4222 4220 4219 4218 4217 4215 4214 4213 4211 4210 4209 4208 4206 4205 4204 4203 4202 4201 4299 4281 4279 4273 4271 2961 1237 1232 1227 1224 1222 1220 1215 1336 1333 1332 1331 1330 1328 1327 1326 1325 1324 1323 1322 -1 
Truck #3227 MaxCap: 150 Demand: 149.0 ROUTE:0 1280 1279 1278 1277 1276 1275 1274 1272 1271 1270 1268 1267 1265 1264 1263 1262 1300 1299 1298 1297 1296 1295 1294 1293 1292 1291 1290 1289 1288 1286 1285 1284 1283 1282 1281 1320 2969 2968 2967 2966 2965 2964 2963 2962 4320 4319 4318 4317 4316 4315 4313 4311 4308 4307 4305 4304 4303 4301 4340 4339 4338 4336 4335 4334 4332 4331 4329 4328 4326 4325 4324 4322 4321 4358 4357 4356 4355 4354 4353 4352 4351 4350 4348 4347 4346 4345 4344 4343 4342 4341 4530 4529 4528 4527 4526 4525 4524 4523 4522 4521 4520 4519 4515 4514 4513 4512 4511 4510 4509 4508 4507 4506 4505 4502 4501 1479 1478 1477 1476 1475 1472 1471 1470 1469 1468 1467 1466 1465 1464 1462 1461 1460 1459 1457 1456 1455 1454 1453 1452 1451 1450 1448 1447 1446 1445 1444 1443 1442 1441 -1 
Truck #3228 MaxCap: 60 Demand: 59.0 ROUTE:0 1537 1528 1526 1547 1546 1541 2979 4497 4488 4486 4480 4473 4471 4463 4460 4457 4455 4448 4445 4439 4434 4431 4421 4419 4413 4412 4407 4406 4403 4393 4384 4382 1433 1431 1428 1426 1425 1423 1402 1396 1391 1386 1384 1382 1381 1379 1374 1370 1365 1364 1362 1346 1340 1339 1337 1335 1334 1329 1321 -1 
Truck #3229 MaxCap: 60 Demand: 59.0 ROUTE:0 1350 1349 1348 1347 1345 1344 1343 1342 1341 1338 4383 4381 4440 4438 4437 4436 4435 4433 4432 4430 4429 4428 4427 4426 4425 4424 4423 4422 4420 4418 4417 4416 4415 4414 4411 1380 1378 1377 1376 1375 1373 1372 1371 1369 1368 1367 1366 1363 1361 1360 1359 1358 1357 1356 1355 1354 1353 1352 1351 -1 
Truck #3230 MaxCap: 60 Demand: 59.0 ROUTE:0 1424 1422 1421 1420 1419 1418 1417 1416 1415 1414 1413 1412 4500 4499 4498 4496 4495 4494 4493 4492 4491 4490 4489 4487 4485 4484 4483 4482 4481 4479 4478 4477 4476 4475 4474 4472 4410 4409 4408 4405 4404 4402 4401 4400 4399 4398 4397 4396 4395 4394 4392 4391 4390 4389 4388 4387 4386 4385 1411 -1 
Truck #3231 MaxCap: 60 Demand: 59.0 ROUTE:0 1410 1409 1408 1407 1406 1405 1404 1403 1401 1400 1399 1398 1397 1395 1394 1393 1392 1390 1389 1388 1387 1385 1383 1440 1439 1438 1437 1436 1435 1434 1432 1430 1429 1427 4470 4469 4468 4467 4466 4465 4464 4462 4461 4459 4458 4456 4454 4453 4452 4451 4450 4449 4447 4446 4444 4443 4442 4441 1449 -1 
Truck #3232 MaxCap: 60 Demand: 59.0 ROUTE:0 1620 1619 1618 1617 1616 1615 1614 1613 1612 1611 1608 1607 1606 1604 1603 1602 1601 1600 1599 1598 1597 1596 1593 1592 1591 1648 1646 1645 1644 1643 1642 1641 1639 1638 1636 1634 1633 1632 1631 1630 1629 1628 1627 1626 1625 1624 1623 1622 1621 4518 4517 4516 4504 4503 1480 1474 1473 1463 1458 -1 
Truck #3233 MaxCap: 150 Demand: 149.0 ROUTE:0 1500 1497 1496 1495 1494 1493 1492 1491 1490 1488 1487 1486 1485 1484 1483 1481 1519 1518 1517 1515 1514 1513 1511 1508 1507 1506 1505 1504 1503 1502 1501 1540 1539 1538 1536 1535 1534 1533 1532 1531 1530 1529 1527 1525 1524 1523 1522 1521 1560 1558 1557 1556 1553 1552 1551 1550 1548 1545 1544 1543 1542 2980 2978 2977 2976 2975 2974 2973 2972 2971 4540 4539 4538 4537 4536 4535 4534 4533 4532 4531 4620 4619 4617 4615 4613 4612 4610 4609 4604 4603 4602 4598 4597 4596 4595 4594 4592 4591 4588 4587 4586 4585 4583 4582 4581 4579 4578 4576 4575 4574 4573 4572 4571 4570 4568 4567 4566 4565 4563 4562 4560 4559 4558 4557 4556 4555 4551 4550 4549 4548 4546 4545 4544 4543 4542 2988 2987 2986 2985 2984 2983 2982 2981 1687 1686 1685 1684 1683 1681 -1 
Truck #3234 MaxCap: 60 Demand: 59.0 ROUTE:0 1499 1498 1489 1482 1520 1516 1512 1510 1509 1559 1555 1554 1549 4541 4554 4553 4552 4547 4580 4577 4569 4564 4561 4600 4599 4593 4590 4589 4584 4618 4616 4614 4611 4608 4607 4606 4605 4601 4672 4670 4658 4652 4651 4648 4632 4628 4621 1653 1652 1651 1647 1640 1637 1635 1610 1609 1605 1595 1594 -1 
Truck #3235 MaxCap: 60 Demand: 59.0 ROUTE:0 1659 1658 1657 1656 1655 1654 4680 4679 4678 4677 4676 4675 4674 4673 4671 4669 4668 4667 4666 4665 4664 4663 4662 4661 4660 4659 4657 4656 4655 4654 4653 4650 4649 4647 4646 4645 4644 4643 4642 4641 4640 4639 4638 4637 4636 4635 4634 4633 4631 4630 4629 4627 4626 4625 4624 4623 4622 1650 1649 -1 
Truck #3236 MaxCap: 60 Demand: 59.0 ROUTE:0 1680 1678 1676 1675 1674 1673 1672 1671 1670 1669 1665 1663 1662 1660 4733 4732 4731 4730 4729 4728 4727 4726 4725 4724 4723 4722 4721 4720 4719 4718 4717 4716 4713 4712 4711 4710 4709 4708 4707 4705 4703 4702 4701 4700 4698 4696 4695 4694 4693 4692 4691 4690 4689 4688 4687 4686 4685 4684 4681 -1 
Truck #3237 MaxCap: 60 Demand: 59.0 ROUTE:0 1738 1727 1723 1760 1774 1770 1767 1761 1799 1787 1784 2997 4797 4795 4794 4789 4788 4815 4812 4806 4805 4832 4829 4828 4860 4859 4857 4856 4852 4851 4849 4844 4739 4737 4715 4714 4706 4704 4699 4697 4683 4682 2990 2989 1679 1677 1668 1667 1666 1664 1661 1588 1586 1575 1570 1569 1566 1565 1563 -1 
Truck #3238 MaxCap: 60 Demand: 59.0 ROUTE:0 1829 1824 1823 1822 1821 1820 1819 1817 1815 1813 1812 1810 1808 1807 1804 1801 4744 4759 4758 4752 4751 4769 4777 4775 4774 4740 4738 4736 4735 4734 1716 1709 1706 1700 1697 1689 1682 1590 1589 1587 1585 1584 1583 1582 1581 1580 1579 1578 1577 1576 1574 1573 1572 1571 1568 1567 1564 1562 1561 -1 
Truck #3239 MaxCap: 150 Demand: 149.0 ROUTE:0 1688 1690 1699 1698 1696 1695 1694 1693 1692 1691 1710 1708 1707 1705 1704 1703 1702 1701 1720 1719 1718 1717 1715 1714 1713 1712 1711 4741 4750 4749 4748 4747 4746 4745 4743 4742 4760 4757 4756 4755 4754 4753 4770 4768 4767 4766 4765 4764 4763 4762 4761 4780 4779 4778 4776 4773 4772 4771 4858 4855 4854 4853 4850 4848 4847 4846 4845 4843 4842 4841 4838 4837 4836 4835 4834 4833 4831 4830 4827 4826 4825 4824 4823 4822 4821 4820 4819 4818 4817 4816 4814 4813 4811 4810 4809 4808 4807 4804 4803 4802 4801 4800 4799 4798 4796 4793 4792 4791 4790 4787 4786 4785 4784 4783 4782 4781 1800 1798 1797 1796 1795 1794 1793 1792 1791 1790 1789 1788 1786 1785 1783 1782 1781 1780 1779 1778 1777 1776 1775 1773 1772 1771 1769 1768 1766 1765 1764 1763 1762 -1 
Truck #3240 MaxCap: 150 Demand: 149.0 ROUTE:0 1740 1739 1737 1736 1735 1734 1733 1732 1731 1730 1729 1728 1726 1725 1724 1722 1721 1759 1758 1757 1756 1755 1754 1753 1752 1751 1750 1749 1748 1747 1746 1745 1744 1743 1742 1741 3000 2998 2995 2994 2993 2992 2991 4840 4839 5020 5019 5018 5017 5016 5015 5014 5012 5011 5100 5099 5098 5097 5094 5093 5092 5091 5090 5089 5088 5085 5084 5083 5081 5009 5008 5007 5006 5004 5003 5002 5000 4999 4998 4996 4995 4994 4992 4990 4988 4985 4984 4983 4982 4981 3010 3009 3008 3007 3006 3005 3004 3003 3002 3001 2023 2022 2021 1959 1957 1956 1955 1954 1953 1951 1949 1948 1947 1946 1945 1944 1943 1942 1941 1939 1938 1937 1936 1935 1934 1933 1932 1931 1930 1928 1923 1921 1980 1978 1976 1975 1974 1973 1972 1971 1969 1968 1967 1966 1965 1964 1963 1962 1961 -1 
Truck #3241 MaxCap: 60 Demand: 59.0 ROUTE:0 1830 1818 1816 1814 1811 1809 1806 1805 1803 1802 1842 1838 1835 1887 1880 1878 1865 1919 1910 1900 1899 1898 4882 4881 4875 4872 4865 4863 4862 4861 4920 4911 4908 4902 4899 4896 4895 4950 4949 4946 4945 4938 4937 4936 4932 4925 4922 4980 4978 4977 4974 4969 4967 4961 4957 4956 4953 4952 2999 -1 
Truck #3242 MaxCap: 60 Demand: 59.0 ROUTE:0 1890 1889 1888 1886 1885 1884 1883 1882 1881 1879 1877 1876 1875 1874 1873 1872 1871 1870 1869 1868 1867 1866 1864 1863 1862 1861 2996 4890 1860 1859 1858 1857 1856 1855 1854 1853 1852 1851 1850 1849 1848 1847 1846 1845 1844 1843 1841 1840 1839 1837 1836 1834 1833 1832 1831 1828 1827 1826 1825 -1 
Truck #3243 MaxCap: 60 Demand: 59.0 ROUTE:0 4889 4888 4887 4886 4885 4884 4883 4880 4879 4878 4877 4876 4874 4873 4871 4870 4869 4868 4867 4866 4864 4959 4958 4955 4954 4951 4915 4914 4913 4912 4910 4909 4907 4906 4905 4904 4903 4901 4900 4898 4897 4894 4893 4892 4891 4979 4976 4975 4973 4972 4971 4970 4968 4966 4965 4964 4963 4962 4960 -1 
Truck #3244 MaxCap: 60 Demand: 59.0 ROUTE:0 1940 1960 1958 1952 4989 4987 4986 5010 5005 5001 4948 4947 4944 4943 4942 4941 4940 4939 4935 4934 4933 4931 4930 4929 4928 4927 4926 4924 4923 4921 4919 4918 4917 4916 1920 1918 1917 1916 1915 1914 1913 1912 1911 1909 1908 1907 1906 1905 1904 1903 1902 1901 1897 1896 1895 1894 1893 1892 1891 -1 
Truck #3245 MaxCap: 60 Demand: 59.0 ROUTE:0 2070 2069 2068 2067 2066 2065 2063 2062 2061 2059 2058 2057 2056 2055 2053 2050 2048 2047 2046 2045 2043 2042 2041 2100 2099 2098 2097 2095 2093 2092 2091 2090 2089 2088 2087 2086 2084 2083 2081 2080 2078 2077 2076 2074 2072 2071 5162 5161 5013 4997 4993 4991 1950 1929 1927 1926 1925 1924 1922 -1 
Truck #3246 MaxCap: 60 Demand: 59.0 ROUTE:0 2064 2060 2054 2052 2051 2049 2044 2096 2094 2085 2082 2079 2075 2073 5178 5177 5173 5172 5171 5170 5164 5096 5095 5087 5086 5082 5080 5068 5058 5057 5053 5051 5046 5044 5041 5036 5029 5028 5023 2036 2034 2030 2029 2028 2027 2017 2016 2013 2011 1999 1997 1992 1988 1986 1984 1981 1979 1977 1970 -1 
Truck #3247 MaxCap: 150 Demand: 149.0 ROUTE:0 2000 1998 1996 1995 1994 1993 1991 1990 1989 1987 1985 1983 1982 2020 2019 2018 2015 2014 2012 2010 2009 2008 2007 2006 2005 2004 2003 2002 2001 2040 2039 2038 2037 2035 2033 2032 2031 2026 2025 2024 5040 5039 5038 5037 5035 5034 5033 5032 5031 5030 5027 5026 5025 5024 5022 5021 5060 5059 5056 5055 5054 5052 5050 5049 5048 5047 5045 5043 5042 5079 5078 5077 5076 5075 5074 5073 5072 5071 5070 5069 5067 5066 5065 5064 5063 5062 5061 5244 5243 5242 5241 5239 5238 5237 5235 5234 5232 5230 5228 5227 5226 5225 5224 5223 5222 5221 3019 3018 3016 3015 3014 3012 3011 2200 2199 2198 2197 2196 2194 2193 2192 2191 2190 2189 2188 2187 2186 2185 2184 2181 2180 2179 2178 2177 2176 2175 2174 2173 2172 2171 2170 2168 2167 2166 2165 2164 2163 2162 2161 -1 
Truck #3248 MaxCap: 60 Demand: 59.0 ROUTE:0 5121 5120 5119 5118 5116 5114 5113 5112 5111 5110 5109 5108 5107 5106 5104 5103 5102 5101 5160 5158 5157 5155 5154 5153 5152 5150 5149 5148 5147 5145 5143 5142 5141 5140 5139 5138 5135 5133 5132 5190 5189 5188 5187 5186 5185 5184 5183 5182 5181 5180 5176 5175 5174 5169 5168 5167 5166 5165 5163 -1 
Truck #3249 MaxCap: 60 Demand: 59.0 ROUTE:0 2123 2118 2117 2114 2112 2110 2109 2104 2156 2152 2149 2140 2134 2133 3017 3013 5126 5125 5122 5117 5115 5105 5159 5156 5151 5146 5144 5137 5136 5134 5131 5179 5215 5210 5208 5202 5201 5197 5195 5332 5325 5321 5302 5299 5296 5287 5280 5275 2280 2278 2269 2261 2260 2254 2252 2251 2246 2244 2241 -1 
Truck #3250 MaxCap: 60 Demand: 59.0 ROUTE:0 2107 2106 2105 2103 2102 2101 2160 2159 2158 2157 2155 2154 2153 2151 2150 2148 2147 2146 2145 2144 2143 2142 2141 2139 2138 2137 2136 2135 2132 5220 5219 5218 5217 5216 5214 5213 5212 5211 5209 5207 5206 5205 5204 5203 5200 5199 5198 5196 5194 5193 5192 5191 5130 5129 5128 5127 5124 5123 2131 -1 
Truck #3251 MaxCap: 60 Demand: 59.0 ROUTE:0 2169 2130 2129 2128 2127 2126 2125 2124 2122 2121 2120 2119 2116 2115 2113 2111 2108 2183 2182 2195 3020 5259 5257 5256 5247 5240 5236 5233 5231 5229 2345 2344 2341 2340 2339 2337 2336 2335 2334 2333 2332 2330 2329 2328 2327 2326 2325 2324 2323 2322 2321 2320 2317 2316 2315 2314 2313 2312 2311 -1 
Truck #3252 MaxCap: 150 Demand: 149.0 ROUTE:0 2220 2217 2216 2215 2214 2213 2212 2210 2209 2208 2207 2206 2205 2204 2203 2202 2201 2240 2238 2237 2236 2235 2233 2232 2231 2230 2229 2228 2227 2223 2222 2221 2259 2258 2257 2256 2255 2253 2250 2249 2248 2247 2245 2243 2242 2279 2277 2276 2275 2274 2273 2272 2271 2270 2268 2267 2266 2265 2264 2263 2262 3029 3028 3027 3026 3025 3024 3023 3022 3021 5279 5278 5277 5276 5274 5273 5272 5271 5270 5269 5268 5267 5266 5265 5264 5263 5262 5261 5300 5298 5297 5295 5294 5293 5292 5291 5290 5289 5288 5286 5285 5284 5283 5282 5281 5319 5318 5317 5316 5314 5313 5312 5311 5309 5308 5307 5306 5305 5303 5301 5340 5339 5338 5337 5336 5335 5334 5333 5331 5330 5329 5328 5327 5326 5324 5323 5322 5260 5258 5255 5254 5253 5252 5251 5250 5249 5248 5246 5245 -1 
Truck #3253 MaxCap: 60 Demand: 59.0 ROUTE:0 2219 2218 2211 2239 2234 2226 2225 2224 3030 5320 5315 5310 5304 5458 5456 5454 5451 5444 5438 5431 5428 5414 5407 5406 5387 5385 5381 5374 5370 5366 5361 5357 5353 5346 5344 2395 2394 2390 2389 2385 2380 2379 2378 2374 2372 2369 2365 2359 2357 2343 2342 2338 2331 2319 2318 2295 2292 2287 2283 -1 
Truck #3254 MaxCap: 60 Demand: 59.0 ROUTE:0 5389 5388 5386 5384 5383 5382 5380 5379 5378 5377 5376 5375 5373 5372 5371 5369 5368 5367 5365 5364 5363 5362 5360 5359 5358 5356 5355 5354 5352 5351 5350 5349 5348 5347 5345 5343 5342 5341 2370 2368 2367 2366 2364 2363 2362 2361 2360 2358 2356 2355 2354 2353 2352 2351 2350 2349 2348 2347 2346 -1 
Truck #3255 MaxCap: 60 Demand: 59.0 ROUTE:0 5433 5432 5430 5429 5427 5426 5425 5424 5423 5422 5421 5420 5419 5418 5417 5416 5415 5413 5412 5411 5410 5409 5408 5405 5404 5403 5402 5401 5400 5399 5398 5397 5396 5395 5394 5393 5392 5391 5390 2400 2399 2398 2397 2396 2393 2392 2391 2388 2387 2386 2384 2383 2382 2381 2377 2376 2375 2373 2371 -1 
Truck #3256 MaxCap: 60 Demand: 59.0 ROUTE:0 2405 2404 2403 2402 2401 2411 2430 2429 2426 2425 5479 5478 5471 5497 5491 5460 5459 5457 5455 5453 5452 5450 5449 5448 5447 5446 5445 5443 5442 5441 5440 5439 5437 5436 5435 5434 2310 2309 2308 2307 2306 2304 2303 2302 2301 2300 2299 2298 2294 2293 2291 2290 2289 2288 2286 2285 2284 2282 2281 -1 
Truck #3257 MaxCap: 60 Demand: 59.0 ROUTE:0 2546 2545 2540 2537 2530 2526 2521 2609 2605 2602 2598 2597 2588 2585 2583 5698 5684 5682 5681 5675 5575 5572 5571 5568 5567 5564 5560 5557 5544 5543 5533 5530 5529 5522 5516 5512 5510 5509 3039 3034 2513 2509 2505 2503 2501 2500 2491 2488 2482 2481 2480 2472 2470 2469 2465 2446 2305 2297 2296 -1 
Truck #3258 MaxCap: 150 Demand: 149.0 ROUTE:0 2409 2408 2407 2406 2410 2420 2419 2418 2417 2416 2414 2413 2412 2428 2427 2424 2423 2422 2421 2439 2438 2437 2436 2434 2433 2432 2431 5461 5469 5468 5467 5466 5464 5463 5480 5477 5476 5475 5474 5473 5472 5490 5489 5487 5485 5484 5483 5481 5500 5499 5498 5496 5495 5494 5493 5492 5580 5579 5578 5577 5576 5574 5573 5570 5569 5566 5565 5563 5562 5561 5559 5558 5556 5555 5554 5553 5552 5551 5550 5549 5548 5547 5546 5545 5542 5541 5534 5532 5531 5528 5527 5526 5525 5524 5523 5521 5520 5519 5518 5517 5515 5514 5513 5511 5508 5507 5506 5505 5504 5503 5502 5501 3040 3037 3036 3035 3033 3032 3031 2520 2519 2518 2517 2516 2515 2514 2512 2511 2510 2508 2507 2506 2504 2502 2499 2498 2497 2496 2495 2494 2493 2492 2490 2489 2487 2486 2485 2484 2483 -1 
Truck #3259 MaxCap: 60 Demand: 59.0 ROUTE:0 2550 2549 2548 2547 2544 2543 2542 2541 2539 2538 2536 2535 2534 2533 2532 2531 2529 2528 2527 2525 2524 2523 2522 2581 5700 5699 5697 5696 5695 5694 5693 5692 5691 5690 5689 5688 5687 5686 5685 5683 5680 5679 5678 5677 5676 5674 5673 5672 5671 5488 5486 5482 5470 5465 5462 3038 2440 2435 2415 -1 
Truck #3260 MaxCap: 150 Demand: 149.0 ROUTE:0 2460 2459 2458 2457 2456 2455 2454 2453 2452 2451 2450 2449 2448 2447 2445 2444 2443 2442 2441 2479 2478 2477 2476 2475 2474 2473 2471 2468 2467 2466 2464 2463 2462 2461 5540 5539 5538 5537 5536 5535 5739 5738 5736 5735 5734 5733 5731 5820 5818 5817 5816 5815 5814 5813 5812 5811 5810 5808 5807 5806 5805 5804 5803 5802 5801 5730 5729 5728 5727 5726 5725 5723 5722 5721 5720 5716 5715 5714 5713 5710 5709 5708 5705 5704 5703 5702 5701 3049 3048 3047 3046 3045 3044 3043 3042 3041 2680 2679 2678 2676 2675 2674 2673 2672 2671 2745 2744 2743 2742 2741 2670 2669 2668 2667 2666 2665 2664 2663 2661 2660 2657 2656 2653 2652 2650 2649 2647 2646 2645 2644 2642 2641 2700 2699 2697 2696 2695 2694 2693 2691 2690 2689 2688 2687 2686 2685 2684 2682 2681 -1 
Truck #3261 MaxCap: 60 Demand: 59.0 ROUTE:0 2632 2631 2630 2627 2625 2624 2622 2621 2620 2619 2618 2617 2616 2615 2614 2613 2612 2611 5640 5639 5637 5636 5635 5632 5631 5630 5625 5623 5622 5621 5620 5619 5618 5617 5616 5614 5613 5611 2610 2608 2607 2606 2604 2603 2601 2600 2599 2596 2595 2594 2593 2592 2591 2590 2589 2587 2586 2584 2582 -1 
Truck #3262 MaxCap: 60 Demand: 59.0 ROUTE:0 2576 2570 2566 2564 2637 2629 2628 2626 2623 3050 5598 5596 5595 5590 5589 5638 5634 5633 5629 5628 5627 5626 5624 5615 5612 5670 5668 5657 5655 5654 5653 5647 5643 5642 5641 5819 5809 5798 5796 5788 5784 5780 5755 5753 5746 5744 5743 2759 2756 2755 2754 2750 2746 2736 2735 2711 2698 2692 2683 -1 
Truck #3263 MaxCap: 60 Demand: 59.0 ROUTE:0 2557 2556 2555 2554 2553 2552 2551 5610 5609 5608 5607 5606 5605 5604 5603 5602 5601 5600 5599 5597 5594 5593 5592 5591 5588 5587 5586 5585 5584 5583 5582 5581 5669 5667 5666 5665 5664 5663 5662 5661 5660 5659 5658 5656 5652 5651 5650 5649 5648 5646 5645 5644 2640 2639 2638 2636 2635 2634 2633 -1 
Truck #3264 MaxCap: 60 Demand: 59.0 ROUTE:0 2784 2782 2781 2780 2779 2777 2776 2774 2773 2771 2770 2769 2768 2767 2766 2765 2764 2763 2762 2761 2659 2658 2655 2654 2651 2662 2677 5707 5706 5719 5718 5717 5712 5711 5724 5740 5737 5732 2580 2579 2578 2577 2575 2574 2573 2572 2571 2569 2568 2567 2565 2563 2562 2561 2560 2559 2558 2648 2643 -1 
Truck #3265 MaxCap: 150 Demand: 119.0 ROUTE:0 20 19 18 17 16 15 14 12 11 29 28 27 26 25 24 21 3060 3058 3057 3056 3055 3054 3053 3051 5800 5799 5797 5795 5794 5793 5792 5791 5790 5789 5787 5786 5785 5783 5782 5781 5779 5778 5777 5776 5775 5774 5773 5772 5771 5770 5769 5768 5767 5766 5765 5764 5763 5762 5761 5760 5759 5758 5757 5756 5754 5752 5751 5750 5749 5748 5747 5745 5742 5741 2760 2758 2757 2753 2752 2751 2749 2748 2747 2740 2739 2738 2737 2734 2733 2732 2731 2730 2729 2728 2727 2726 2725 2724 2723 2722 2721 2720 2719 2718 2717 2716 2714 2713 2712 2710 2709 2708 2707 2706 2705 2704 2703 2702 2701 -1 
Truck #3266 MaxCap: 60 Demand: 54.0 ROUTE:0 2790 2788 2785 2783 2778 2775 2772 2818 2815 2814 2810 2804 2801 2793 2792 2791 2849 2848 2842 2828 2821 2876 2873 2868 2857 2856 5849 5848 5845 5838 5828 5823 5822 5880 5877 5871 5863 5858 5854 5851 5910 5901 5899 5895 5884 5938 5937 5934 5933 5926 5918 3059 3052 2715 -1 
Truck #3267 MaxCap: 60 Demand: 58.0 ROUTE:0 3 2 5835 5834 5833 5832 5831 5830 5829 5827 5826 5825 5824 5821 5879 5878 5876 5875 5874 5873 5872 5870 5869 5868 5867 5866 5865 5864 5862 5861 5860 5859 5857 5856 5855 5853 5852 2820 2819 2817 2816 2813 2812 2811 2809 2808 2807 2806 2805 2803 2802 2800 2799 2798 2797 2796 2795 2794 -1 
Truck #3268 MaxCap: 60 Demand: 59.0 ROUTE:0 2879 2878 2877 2875 2874 2872 2871 2870 2869 2867 2866 2865 2864 2863 2862 2861 2860 2859 2858 2855 2854 2853 2852 5940 5939 5936 5935 5932 5931 5930 5929 5928 5927 5925 5924 5923 5922 5921 5920 5919 5917 5916 5915 5914 5913 5912 5911 5850 5847 5846 5844 5843 5842 5841 5840 5839 5837 5836 2851 -1 
Truck #3269 MaxCap: 60 Demand: 54.0 ROUTE:0 2789 2787 2786 2850 2847 2846 2845 2844 2843 2841 2840 2839 2838 2837 2836 2835 2834 2833 2832 2831 2830 2829 2827 2826 2825 2824 2823 2822 5909 5908 5907 5906 5905 5904 5903 5902 5900 5898 5897 5896 5894 5893 5892 5891 5890 5889 5888 5887 5886 5885 5883 5882 5881 2880 -1 


Inital Solution 0 changes  totQ=6000.00 totD=14194.64 $7445.26
Local One Opt 108 changes  totQ=6000.00 totD=13763.98 $7392.72
Local Two Opt 49 changes  totQ=6000.00 totD=13660.89 $7378.59
Local Three Opt 4 changes  totQ=6000.00 totD=13652.18 $7377.99
K-Two Forward 0 changes  totQ=6000.00 totD=13652.18 $7377.99
K-Two Reverse 0 changes  totQ=6000.00 totD=13652.18 $7377.99
K-Three Forward 0 changes  totQ=6000.00 totD=13652.18 $7377.99
K-Three Reverse 0 changes  totQ=6000.00 totD=13652.18 $7377.99
Exchange 01 2 changes  totQ=6000.00 totD=13654.72 $7377.95
Exchange 01 0 changes  totQ=6000.00 totD=13654.72 $7377.95
Exchange 11 3 changes  totQ=6000.00 totD=13648.35 $7377.57
Exchange 02 0 changes  totQ=6000.00 totD=13648.35 $7377.57
Exchange 20 0 changes  totQ=6000.00 totD=13648.35 $7377.57
Exchange 12 2 changes  totQ=6000.00 totD=13628.07 $7376.30
Exchange 21 0 changes  totQ=6000.00 totD=13628.07 $7376.30
Exchange 22 0 changes  totQ=6000.00 totD=13628.07 $7376.30
Combination 0 changes  totQ=6000.00 totD=13628.07 $7376.30
Reduction 0 changes  totQ=6000.00 totD=13628.07 $7376.30
Reallocation 0 changes  totQ=6000.00 totD=13628.07 $7376.30
Relax/Combine 0 changes  totQ=6000.00 totD=13628.07 $7376.30
Sharing 0 changes  totQ=6000.00 totD=13628.07 $7376.30
Relax/Share 0 changes  totQ=6000.00 totD=13628.07 $7376.30
