File: p19 Num Depots: 1 Num Pick Up Points: 96 Num Trucks: 4Processing Time: 36 seconds
Total Demand = 1410.00| Total Distance = 1806.54| Total Travel Time = 1354.91| Total Cost = $1761.39|

Truck #4952 MaxCap: 100 Demand: 99.0 ROUTE:0 1232 1221 1213 1207 1202 225 1274 1272 1252 1249 1245 514 513 512 511 510 509 508 597 584 848 839 75 71 66 60 58 53 1190 613 604 603 615 667 666 1179 1168 1166 83 868 134 133 245 627 625 617 496 708 707 706 705 704 703 702 701 700 699 698 697 696 695 694 693 692 691 690 689 688 687 686 685 684 683 682 681 680 679 887 886 885 884 883 882 881 880 879 877 870 1325 455 451 450 118 111 109 438 422 419 413 -1 
Truck #4953 MaxCap: 160 Demand: 135.0 ROUTE:0 15 786 783 193 188 523 522 521 520 519 518 517 516 515 205 564 289 288 1074 778 776 322 319 315 314 312 304 303 297 957 956 955 954 953 952 951 950 949 948 947 946 945 944 943 942 941 940 939 938 937 936 935 934 933 552 551 547 540 535 532 330 329 765 762 45 35 31 1057 1054 1044 1041 1026 1053 1052 274 269 324 962 966 968 970 973 975 977 982 989 22 1117 475 478 479 482 483 1143 1154 1159 97 99 102 106 731 259 1006 1009 1017 1019 492 888 889 890 891 892 893 894 895 896 897 898 899 900 901 902 903 904 905 906 907 924 439 441 443 396 403 464 721 -1 
Truck #4954 MaxCap: 60 Demand: 59.0 ROUTE:0 146 1138 1136 1134 1133 326 325 389 988 960 1088 1084 1080 1104 1097 20 1125 1124 1116 1109 1108 1107 486 485 484 481 480 477 476 474 473 494 493 491 490 489 488 487 1005 108 107 105 104 103 101 100 98 96 95 94 93 1156 1148 1141 1139 471 470 712 710 -1 
Truck #4955 MaxCap: 100 Demand: 99.0 ROUTE:0 740 737 735 434 430 428 427 414 120 854 1309 81 626 624 623 622 621 620 619 618 616 254 248 136 135 132 131 130 129 128 127 126 125 878 876 875 874 873 872 871 869 1327 1326 461 460 459 458 457 456 454 453 452 449 448 447 446 445 444 442 440 932 931 930 929 928 927 926 925 923 922 921 920 919 918 917 916 915 914 913 912 911 910 909 908 1018 1016 1015 1014 1013 1012 1011 1010 1008 1007 261 407 400 393 996 -1 
Truck #4956 MaxCap: 160 Demand: 139.0 ROUTE:0 1404 1330 1329 831 824 818 814 812 806 1344 1343 1338 1334 1333 1235 841 65 1191 1187 238 229 228 675 672 671 668 653 642 641 640 639 638 637 636 635 634 633 632 631 630 629 628 499 498 497 495 612 1273 1271 1270 1269 1268 1267 1266 1265 1264 1263 1262 1261 1260 1259 1258 1257 1256 1255 1254 1253 1251 1250 1248 1247 1246 1244 1243 1242 1241 1240 594 586 581 569 580 579 578 577 576 575 574 200 1078 1075 779 777 544 543 542 541 539 538 537 536 534 533 531 530 529 528 527 526 525 524 323 321 320 318 317 316 313 311 310 309 308 307 306 305 302 301 300 299 298 296 295 1033 1024 1049 1048 1046 559 788 -1 
Truck #4957 MaxCap: 150 Demand: 149.0 ROUTE:0 155 154 153 152 151 150 149 148 147 145 144 143 142 141 140 139 138 137 1137 1135 993 992 991 990 987 986 985 984 983 981 980 979 978 976 974 972 971 969 967 965 964 963 961 959 958 390 388 387 386 385 384 383 382 1106 1105 1103 1102 1101 1100 1099 1098 1096 1095 1094 1093 30 29 28 27 26 25 24 23 21 19 18 1132 1131 1130 1129 1128 1127 1126 1123 1122 1121 1120 1119 1118 1115 1114 1113 1112 1111 1110 1164 1163 1162 1161 1160 1158 1157 1155 1153 1152 1151 1150 1149 1147 1146 1145 1144 1142 1140 472 469 468 467 466 465 463 462 709 1092 1091 1090 1089 1087 1086 1085 1083 1082 1081 381 380 379 378 377 376 375 374 373 372 371 370 369 368 367 366 -1 
Truck #4958 MaxCap: 200 Demand: 199.0 ROUTE:0 231 230 739 738 736 734 733 732 437 436 435 433 432 431 429 426 425 424 423 421 420 418 417 416 415 412 1308 1307 1306 1305 1304 1303 1302 1301 82 80 79 1180 1178 1177 1176 1175 1174 1173 1172 1171 1170 1169 1167 1165 678 677 676 674 673 670 669 665 664 663 662 661 660 659 658 657 656 655 654 652 651 650 649 648 647 646 645 644 643 256 255 253 252 251 250 249 247 246 244 243 242 241 240 867 866 865 864 863 862 861 860 859 858 857 856 855 853 852 851 850 124 123 122 121 119 117 116 115 114 113 112 110 1004 1003 1002 1001 1000 411 410 409 408 406 405 404 402 401 399 398 397 395 394 392 391 265 264 263 262 260 258 257 730 729 728 727 726 725 724 723 722 720 719 718 717 716 715 714 713 711 10 9 8 7 6 5 4 3 2 1 999 998 997 995 994 365 364 363 362 361 360 359 358 357 356 355 354 353 352 351 350 -1 
Truck #4959 MaxCap: 250 Demand: 249.0 ROUTE:0 78 77 76 1379 1378 1377 1376 1375 1374 1373 1372 1371 1370 1368 1365 1364 1363 1362 1361 1359 1358 1357 1355 1354 1353 1387 1386 1385 1384 1383 1382 1381 1380 1410 1409 1408 1407 1406 1405 1403 1402 1401 1400 833 832 830 829 828 827 826 825 823 822 821 820 819 817 816 815 813 811 810 809 808 807 507 506 505 504 503 502 501 500 1352 1351 1350 1349 1348 1347 1346 1345 1342 1341 1340 1339 1337 1336 1335 1332 1331 1239 1238 1237 1236 1234 1233 1231 1230 1229 1228 1227 1226 1225 1224 1223 1222 1220 1219 1218 1217 1216 1215 1214 1212 1211 1210 1209 1208 1206 1205 1204 1203 1201 1200 1199 1328 598 596 595 593 592 591 590 589 588 587 585 583 582 224 223 222 221 220 219 218 217 216 215 214 213 212 211 210 209 208 207 849 847 846 845 844 843 842 840 838 837 74 73 72 70 69 68 67 64 63 62 61 59 57 56 55 54 52 51 50 1198 1197 1196 1195 1194 1193 1192 227 226 614 611 610 609 608 607 606 605 602 601 600 599 92 91 90 89 88 87 86 85 84 1189 1188 1186 1185 1184 1183 1182 1181 836 835 834 239 237 236 235 234 233 232 1324 1323 1322 1321 1320 1319 1318 1317 1316 1315 1314 1313 1312 1311 1310 -1 
Truck #4962 MaxCap: 60 Demand: 43.0 ROUTE:0 1369 1367 1366 1360 1356 176 173 171 170 166 1396 1393 1388 1296 1295 1294 1291 1289 1277 1276 342 341 338 334 49 48 38 554 553 550 549 548 546 545 332 331 328 327 774 773 768 760 758 -1 
Truck #4967 MaxCap: 250 Demand: 239.0 ROUTE:0 741 742 743 744 745 746 747 748 749 750 751 752 753 754 333 335 336 337 339 340 343 344 345 346 347 348 349 555 556 557 558 560 561 562 563 266 267 268 270 271 272 273 275 276 1045 1047 1050 1051 1020 1021 1022 1023 1025 1027 1028 1029 1030 1031 1032 1034 1035 1036 1037 1038 1039 1040 1042 1043 1056 1058 1059 1060 1061 1055 755 756 757 759 761 763 764 766 767 769 770 771 772 32 33 34 36 37 39 40 41 42 43 44 46 47 775 780 1062 1063 1064 1065 1066 1067 1068 1069 1070 1071 1072 1073 1076 1077 1079 277 278 279 280 281 282 283 284 285 286 287 290 291 292 293 294 565 566 567 568 199 201 202 203 204 206 179 180 181 182 183 184 185 186 187 189 190 191 192 194 195 196 197 198 570 571 572 573 1389 1390 1391 1392 1394 1395 1397 1398 1399 156 157 158 159 160 161 162 163 164 165 167 168 169 172 174 175 177 178 1275 1278 1279 1280 1281 1282 1283 1284 1285 1286 1287 1288 1290 1292 1293 1297 1298 1299 1300 781 782 784 785 787 11 12 13 14 16 17 789 790 791 792 793 794 795 796 797 798 799 800 801 802 803 804 805 -1 


Inital Solution 0 changes  totQ=1410.00 totD=2005.10 $1867.43
Local One Opt 68 changes  totQ=1410.00 totD=1835.21 $1842.78
Local Two Opt 7 changes  totQ=1410.00 totD=1829.80 $1842.46
Local Three Opt 19 changes  totQ=1410.00 totD=1803.27 $1838.70
K-Two Forward 0 changes  totQ=1410.00 totD=1803.27 $1838.70
K-Two Reverse 0 changes  totQ=1410.00 totD=1803.27 $1838.70
K-Three Forward 1 changes  totQ=1410.00 totD=1802.77 $1838.65
K-Three Reverse 1 changes  totQ=1410.00 totD=1802.73 $1838.65
Exchange 01 2 changes  totQ=1410.00 totD=1796.71 $1837.74
Exchange 01 0 changes  totQ=1410.00 totD=1796.71 $1837.74
Exchange 11 0 changes  totQ=1410.00 totD=1796.71 $1837.74
Exchange 02 2 changes  totQ=1410.00 totD=1817.59 $1837.29
Exchange 20 0 changes  totQ=1410.00 totD=1817.59 $1837.29
Exchange 12 0 changes  totQ=1410.00 totD=1817.59 $1837.29
Exchange 21 0 changes  totQ=1410.00 totD=1817.59 $1837.29
Exchange 22 0 changes  totQ=1410.00 totD=1817.59 $1837.29
Combination 1 changes  totQ=1410.00 totD=1817.59 $1837.29
Reduction 1 changes  totQ=1410.00 totD=1806.54 $1761.39
Reallocation 0 changes  totQ=1410.00 totD=1806.54 $1761.39
Relax/Combine 0 changes  totQ=1410.00 totD=1806.54 $1761.39
Sharing 0 changes  totQ=1410.00 totD=1806.54 $1761.39
Relax/Share 0 changes  totQ=1410.00 totD=1806.54 $1761.39
