1
0 35.0 35.0 1410.0 1806.5406494140625 10
4952 1 99.0 245.32020568847656 100 2147483647 101
0 0 35.0 35.0 D
1232 1 16.0 22.0 1
1221 1 16.0 22.0 1
1213 1 16.0 22.0 1
1207 1 16.0 22.0 1
1202 1 16.0 22.0 1
225 1 10.0 20.0 1
1274 1 4.0 18.0 1
1272 1 4.0 18.0 1
1252 1 4.0 18.0 1
1249 1 4.0 18.0 1
1245 1 4.0 18.0 1
514 1 5.0 5.0 1
513 1 5.0 5.0 1
512 1 5.0 5.0 1
511 1 5.0 5.0 1
510 1 5.0 5.0 1
509 1 5.0 5.0 1
508 1 5.0 5.0 1
597 1 11.0 14.0 1
584 1 11.0 14.0 1
848 1 12.0 24.0 1
839 1 12.0 24.0 1
75 1 15.0 30.0 1
71 1 15.0 30.0 1
66 1 15.0 30.0 1
60 1 15.0 30.0 1
58 1 15.0 30.0 1
53 1 15.0 30.0 1
1190 1 14.0 37.0 1
613 1 6.0 38.0 1
604 1 6.0 38.0 1
603 1 6.0 38.0 1
615 1 2.0 48.0 1
667 1 13.0 52.0 1
666 1 13.0 52.0 1
1179 1 15.0 47.0 1
1168 1 15.0 47.0 1
1166 1 15.0 47.0 1
83 1 20.0 50.0 1
868 1 24.0 58.0 1
134 1 20.0 65.0 1
133 1 20.0 65.0 1
245 1 15.0 60.0 1
627 1 8.0 56.0 1
625 1 8.0 56.0 1
617 1 8.0 56.0 1
496 1 2.0 60.0 1
708 1 6.0 68.0 1
707 1 6.0 68.0 1
706 1 6.0 68.0 1
705 1 6.0 68.0 1
704 1 6.0 68.0 1
703 1 6.0 68.0 1
702 1 6.0 68.0 1
701 1 6.0 68.0 1
700 1 6.0 68.0 1
699 1 6.0 68.0 1
698 1 6.0 68.0 1
697 1 6.0 68.0 1
696 1 6.0 68.0 1
695 1 6.0 68.0 1
694 1 6.0 68.0 1
693 1 6.0 68.0 1
692 1 6.0 68.0 1
691 1 6.0 68.0 1
690 1 6.0 68.0 1
689 1 6.0 68.0 1
688 1 6.0 68.0 1
687 1 6.0 68.0 1
686 1 6.0 68.0 1
685 1 6.0 68.0 1
684 1 6.0 68.0 1
683 1 6.0 68.0 1
682 1 6.0 68.0 1
681 1 6.0 68.0 1
680 1 6.0 68.0 1
679 1 6.0 68.0 1
887 1 15.0 77.0 1
886 1 15.0 77.0 1
885 1 15.0 77.0 1
884 1 15.0 77.0 1
883 1 15.0 77.0 1
882 1 15.0 77.0 1
881 1 15.0 77.0 1
880 1 15.0 77.0 1
879 1 15.0 77.0 1
877 1 27.0 69.0 1
870 1 27.0 69.0 1
1325 1 31.0 67.0 1
455 1 35.0 69.0 1
451 1 35.0 69.0 1
450 1 35.0 69.0 1
118 1 30.0 60.0 1
111 1 30.0 60.0 1
109 1 30.0 60.0 1
438 1 31.0 52.0 1
422 1 31.0 52.0 1
419 1 31.0 52.0 1
413 1 31.0 52.0 1
-1 0 35.0 35.0 D
4953 1 135.0 377.77178955078125 160 2147483647 137
0 0 35.0 35.0 D
15 1 35.0 17.0 1
786 1 32.0 12.0 1
783 1 32.0 12.0 1
193 1 15.0 10.0 1
188 1 15.0 10.0 1
523 1 5.0 5.0 1
522 1 5.0 5.0 1
521 1 5.0 5.0 1
520 1 5.0 5.0 1
519 1 5.0 5.0 1
518 1 5.0 5.0 1
517 1 5.0 5.0 1
516 1 5.0 5.0 1
515 1 5.0 5.0 1
205 1 30.0 5.0 1
564 1 42.0 7.0 1
289 1 45.0 10.0 1
288 1 45.0 10.0 1
1074 1 49.0 11.0 1
778 1 53.0 12.0 1
776 1 53.0 12.0 1
322 1 55.0 5.0 1
319 1 55.0 5.0 1
315 1 55.0 5.0 1
314 1 55.0 5.0 1
312 1 55.0 5.0 1
304 1 55.0 5.0 1
303 1 55.0 5.0 1
297 1 55.0 5.0 1
957 1 67.0 5.0 1
956 1 67.0 5.0 1
955 1 67.0 5.0 1
954 1 67.0 5.0 1
953 1 67.0 5.0 1
952 1 67.0 5.0 1
951 1 67.0 5.0 1
950 1 67.0 5.0 1
949 1 67.0 5.0 1
948 1 67.0 5.0 1
947 1 67.0 5.0 1
946 1 67.0 5.0 1
945 1 67.0 5.0 1
944 1 67.0 5.0 1
943 1 67.0 5.0 1
942 1 67.0 5.0 1
941 1 67.0 5.0 1
940 1 67.0 5.0 1
939 1 67.0 5.0 1
938 1 67.0 5.0 1
937 1 67.0 5.0 1
936 1 67.0 5.0 1
935 1 67.0 5.0 1
934 1 67.0 5.0 1
933 1 67.0 5.0 1
552 1 60.0 12.0 1
551 1 60.0 12.0 1
547 1 60.0 12.0 1
540 1 60.0 12.0 1
535 1 60.0 12.0 1
532 1 60.0 12.0 1
330 1 65.0 20.0 1
329 1 65.0 20.0 1
765 1 57.0 29.0 1
762 1 57.0 29.0 1
45 1 55.0 20.0 1
35 1 55.0 20.0 1
31 1 55.0 20.0 1
1057 1 46.0 13.0 1
1054 1 46.0 13.0 1
1044 1 47.0 16.0 1
1041 1 47.0 16.0 1
1026 1 47.0 16.0 1
1053 1 44.0 17.0 1
1052 1 44.0 17.0 1
274 1 45.0 20.0 1
269 1 45.0 20.0 1
324 1 65.0 35.0 1
962 1 56.0 39.0 1
966 1 56.0 39.0 1
968 1 56.0 39.0 1
970 1 56.0 39.0 1
973 1 56.0 39.0 1
975 1 56.0 39.0 1
977 1 56.0 39.0 1
982 1 56.0 39.0 1
989 1 56.0 39.0 1
22 1 55.0 45.0 1
1117 1 57.0 48.0 1
475 1 65.0 55.0 1
478 1 65.0 55.0 1
479 1 65.0 55.0 1
482 1 65.0 55.0 1
483 1 65.0 55.0 1
1143 1 55.0 54.0 1
1154 1 55.0 54.0 1
1159 1 55.0 54.0 1
97 1 55.0 60.0 1
99 1 55.0 60.0 1
102 1 55.0 60.0 1
106 1 55.0 60.0 1
731 1 49.0 58.0 1
259 1 45.0 65.0 1
1006 1 57.0 68.0 1
1009 1 57.0 68.0 1
1017 1 57.0 68.0 1
1019 1 57.0 68.0 1
492 1 63.0 65.0 1
888 1 62.0 77.0 1
889 1 62.0 77.0 1
890 1 62.0 77.0 1
891 1 62.0 77.0 1
892 1 62.0 77.0 1
893 1 62.0 77.0 1
894 1 62.0 77.0 1
895 1 62.0 77.0 1
896 1 62.0 77.0 1
897 1 62.0 77.0 1
898 1 62.0 77.0 1
899 1 62.0 77.0 1
900 1 62.0 77.0 1
901 1 62.0 77.0 1
902 1 62.0 77.0 1
903 1 62.0 77.0 1
904 1 62.0 77.0 1
905 1 62.0 77.0 1
906 1 62.0 77.0 1
907 1 62.0 77.0 1
924 1 49.0 73.0 1
439 1 35.0 69.0 1
441 1 35.0 69.0 1
443 1 35.0 69.0 1
396 1 40.0 60.0 1
403 1 40.0 60.0 1
464 1 53.0 52.0 1
721 1 47.0 47.0 1
-1 0 35.0 35.0 D
4954 2 59.0 133.7505645751953 60 2147483647 61
0 0 35.0 35.0 D
146 1 50.0 35.0 2
1138 1 56.0 37.0 2
1136 1 56.0 37.0 2
1134 1 56.0 37.0 2
1133 1 56.0 37.0 2
326 1 65.0 35.0 2
325 1 65.0 35.0 2
389 1 64.0 42.0 2
988 1 56.0 39.0 2
960 1 56.0 39.0 2
1088 1 49.0 42.0 2
1084 1 49.0 42.0 2
1080 1 49.0 42.0 2
1104 1 53.0 43.0 2
1097 1 53.0 43.0 2
20 1 55.0 45.0 2
1125 1 57.0 48.0 2
1124 1 57.0 48.0 2
1116 1 57.0 48.0 2
1109 1 61.0 52.0 2
1108 1 61.0 52.0 2
1107 1 61.0 52.0 2
486 1 65.0 55.0 2
485 1 65.0 55.0 2
484 1 65.0 55.0 2
481 1 65.0 55.0 2
480 1 65.0 55.0 2
477 1 65.0 55.0 2
476 1 65.0 55.0 2
474 1 65.0 55.0 2
473 1 65.0 55.0 2
494 1 63.0 65.0 2
493 1 63.0 65.0 2
491 1 63.0 65.0 2
490 1 63.0 65.0 2
489 1 63.0 65.0 2
488 1 63.0 65.0 2
487 1 63.0 65.0 2
1005 1 57.0 68.0 2
108 1 55.0 60.0 2
107 1 55.0 60.0 2
105 1 55.0 60.0 2
104 1 55.0 60.0 2
103 1 55.0 60.0 2
101 1 55.0 60.0 2
100 1 55.0 60.0 2
98 1 55.0 60.0 2
96 1 55.0 60.0 2
95 1 55.0 60.0 2
94 1 55.0 60.0 2
93 1 55.0 60.0 2
1156 1 55.0 54.0 2
1148 1 55.0 54.0 2
1141 1 55.0 54.0 2
1139 1 55.0 54.0 2
471 1 53.0 52.0 2
470 1 53.0 52.0 2
712 1 47.0 47.0 2
710 1 47.0 47.0 2
-1 0 35.0 35.0 D
4955 2 99.0 162.69651794433594 100 2147483647 101
0 0 35.0 35.0 D
740 1 27.0 43.0 2
737 1 27.0 43.0 2
735 1 27.0 43.0 2
434 1 31.0 52.0 2
430 1 31.0 52.0 2
428 1 31.0 52.0 2
427 1 31.0 52.0 2
414 1 31.0 52.0 2
120 1 30.0 60.0 2
854 1 24.0 58.0 2
1309 1 26.0 52.0 2
81 1 20.0 50.0 2
626 1 8.0 56.0 2
624 1 8.0 56.0 2
623 1 8.0 56.0 2
622 1 8.0 56.0 2
621 1 8.0 56.0 2
620 1 8.0 56.0 2
619 1 8.0 56.0 2
618 1 8.0 56.0 2
616 1 8.0 56.0 2
254 1 15.0 60.0 2
248 1 15.0 60.0 2
136 1 20.0 65.0 2
135 1 20.0 65.0 2
132 1 20.0 65.0 2
131 1 20.0 65.0 2
130 1 20.0 65.0 2
129 1 20.0 65.0 2
128 1 20.0 65.0 2
127 1 20.0 65.0 2
126 1 20.0 65.0 2
125 1 20.0 65.0 2
878 1 27.0 69.0 2
876 1 27.0 69.0 2
875 1 27.0 69.0 2
874 1 27.0 69.0 2
873 1 27.0 69.0 2
872 1 27.0 69.0 2
871 1 27.0 69.0 2
869 1 27.0 69.0 2
1327 1 31.0 67.0 2
1326 1 31.0 67.0 2
461 1 35.0 69.0 2
460 1 35.0 69.0 2
459 1 35.0 69.0 2
458 1 35.0 69.0 2
457 1 35.0 69.0 2
456 1 35.0 69.0 2
454 1 35.0 69.0 2
453 1 35.0 69.0 2
452 1 35.0 69.0 2
449 1 35.0 69.0 2
448 1 35.0 69.0 2
447 1 35.0 69.0 2
446 1 35.0 69.0 2
445 1 35.0 69.0 2
444 1 35.0 69.0 2
442 1 35.0 69.0 2
440 1 35.0 69.0 2
932 1 49.0 73.0 2
931 1 49.0 73.0 2
930 1 49.0 73.0 2
929 1 49.0 73.0 2
928 1 49.0 73.0 2
927 1 49.0 73.0 2
926 1 49.0 73.0 2
925 1 49.0 73.0 2
923 1 49.0 73.0 2
922 1 49.0 73.0 2
921 1 49.0 73.0 2
920 1 49.0 73.0 2
919 1 49.0 73.0 2
918 1 49.0 73.0 2
917 1 49.0 73.0 2
916 1 49.0 73.0 2
915 1 49.0 73.0 2
914 1 49.0 73.0 2
913 1 49.0 73.0 2
912 1 49.0 73.0 2
911 1 49.0 73.0 2
910 1 49.0 73.0 2
909 1 49.0 73.0 2
908 1 49.0 73.0 2
1018 1 57.0 68.0 2
1016 1 57.0 68.0 2
1015 1 57.0 68.0 2
1014 1 57.0 68.0 2
1013 1 57.0 68.0 2
1012 1 57.0 68.0 2
1011 1 57.0 68.0 2
1010 1 57.0 68.0 2
1008 1 57.0 68.0 2
1007 1 57.0 68.0 2
261 1 45.0 65.0 2
407 1 40.0 60.0 2
400 1 40.0 60.0 2
393 1 40.0 60.0 2
996 1 37.0 47.0 2
-1 0 35.0 35.0 D
4956 2 139.0 239.34303283691406 160 2147483647 141
0 0 35.0 35.0 D
1404 1 22.0 27.0 2
1330 1 22.0 22.0 2
1329 1 22.0 22.0 2
831 1 21.0 24.0 2
824 1 21.0 24.0 2
818 1 21.0 24.0 2
814 1 21.0 24.0 2
812 1 21.0 24.0 2
806 1 21.0 24.0 2
1344 1 18.0 24.0 2
1343 1 18.0 24.0 2
1338 1 18.0 24.0 2
1334 1 18.0 24.0 2
1333 1 18.0 24.0 2
1235 1 16.0 22.0 2
841 1 12.0 24.0 2
65 1 15.0 30.0 2
1191 1 14.0 37.0 2
1187 1 14.0 37.0 2
238 1 20.0 40.0 2
229 1 20.0 40.0 2
228 1 20.0 40.0 2
675 1 13.0 52.0 2
672 1 13.0 52.0 2
671 1 13.0 52.0 2
668 1 13.0 52.0 2
653 1 13.0 52.0 2
642 1 8.0 56.0 2
641 1 8.0 56.0 2
640 1 8.0 56.0 2
639 1 8.0 56.0 2
638 1 8.0 56.0 2
637 1 8.0 56.0 2
636 1 8.0 56.0 2
635 1 8.0 56.0 2
634 1 8.0 56.0 2
633 1 8.0 56.0 2
632 1 8.0 56.0 2
631 1 8.0 56.0 2
630 1 8.0 56.0 2
629 1 8.0 56.0 2
628 1 8.0 56.0 2
499 1 2.0 60.0 2
498 1 2.0 60.0 2
497 1 2.0 60.0 2
495 1 2.0 60.0 2
612 1 6.0 38.0 2
1273 1 4.0 18.0 2
1271 1 4.0 18.0 2
1270 1 4.0 18.0 2
1269 1 4.0 18.0 2
1268 1 4.0 18.0 2
1267 1 4.0 18.0 2
1266 1 4.0 18.0 2
1265 1 4.0 18.0 2
1264 1 4.0 18.0 2
1263 1 4.0 18.0 2
1262 1 4.0 18.0 2
1261 1 4.0 18.0 2
1260 1 4.0 18.0 2
1259 1 4.0 18.0 2
1258 1 4.0 18.0 2
1257 1 4.0 18.0 2
1256 1 4.0 18.0 2
1255 1 4.0 18.0 2
1254 1 4.0 18.0 2
1253 1 4.0 18.0 2
1251 1 4.0 18.0 2
1250 1 4.0 18.0 2
1248 1 4.0 18.0 2
1247 1 4.0 18.0 2
1246 1 4.0 18.0 2
1244 1 4.0 18.0 2
1243 1 4.0 18.0 2
1242 1 4.0 18.0 2
1241 1 4.0 18.0 2
1240 1 4.0 18.0 2
594 1 11.0 14.0 2
586 1 11.0 14.0 2
581 1 11.0 14.0 2
569 1 24.0 12.0 2
580 1 23.0 3.0 2
579 1 23.0 3.0 2
578 1 23.0 3.0 2
577 1 23.0 3.0 2
576 1 23.0 3.0 2
575 1 23.0 3.0 2
574 1 23.0 3.0 2
200 1 30.0 5.0 2
1078 1 49.0 11.0 2
1075 1 49.0 11.0 2
779 1 53.0 12.0 2
777 1 53.0 12.0 2
544 1 60.0 12.0 2
543 1 60.0 12.0 2
542 1 60.0 12.0 2
541 1 60.0 12.0 2
539 1 60.0 12.0 2
538 1 60.0 12.0 2
537 1 60.0 12.0 2
536 1 60.0 12.0 2
534 1 60.0 12.0 2
533 1 60.0 12.0 2
531 1 60.0 12.0 2
530 1 60.0 12.0 2
529 1 60.0 12.0 2
528 1 60.0 12.0 2
527 1 60.0 12.0 2
526 1 60.0 12.0 2
525 1 60.0 12.0 2
524 1 60.0 12.0 2
323 1 55.0 5.0 2
321 1 55.0 5.0 2
320 1 55.0 5.0 2
318 1 55.0 5.0 2
317 1 55.0 5.0 2
316 1 55.0 5.0 2
313 1 55.0 5.0 2
311 1 55.0 5.0 2
310 1 55.0 5.0 2
309 1 55.0 5.0 2
308 1 55.0 5.0 2
307 1 55.0 5.0 2
306 1 55.0 5.0 2
305 1 55.0 5.0 2
302 1 55.0 5.0 2
301 1 55.0 5.0 2
300 1 55.0 5.0 2
299 1 55.0 5.0 2
298 1 55.0 5.0 2
296 1 55.0 5.0 2
295 1 55.0 5.0 2
1033 1 47.0 16.0 2
1024 1 47.0 16.0 2
1049 1 44.0 17.0 2
1048 1 44.0 17.0 2
1046 1 44.0 17.0 2
559 1 40.0 25.0 2
788 1 36.0 26.0 2
-1 0 35.0 35.0 D
4957 4 149.0 87.45482635498047 150 2147483647 151
0 0 35.0 35.0 D
155 1 50.0 35.0 4
154 1 50.0 35.0 4
153 1 50.0 35.0 4
152 1 50.0 35.0 4
151 1 50.0 35.0 4
150 1 50.0 35.0 4
149 1 50.0 35.0 4
148 1 50.0 35.0 4
147 1 50.0 35.0 4
145 1 50.0 35.0 4
144 1 50.0 35.0 4
143 1 50.0 35.0 4
142 1 50.0 35.0 4
141 1 50.0 35.0 4
140 1 50.0 35.0 4
139 1 50.0 35.0 4
138 1 50.0 35.0 4
137 1 50.0 35.0 4
1137 1 56.0 37.0 4
1135 1 56.0 37.0 4
993 1 56.0 39.0 4
992 1 56.0 39.0 4
991 1 56.0 39.0 4
990 1 56.0 39.0 4
987 1 56.0 39.0 4
986 1 56.0 39.0 4
985 1 56.0 39.0 4
984 1 56.0 39.0 4
983 1 56.0 39.0 4
981 1 56.0 39.0 4
980 1 56.0 39.0 4
979 1 56.0 39.0 4
978 1 56.0 39.0 4
976 1 56.0 39.0 4
974 1 56.0 39.0 4
972 1 56.0 39.0 4
971 1 56.0 39.0 4
969 1 56.0 39.0 4
967 1 56.0 39.0 4
965 1 56.0 39.0 4
964 1 56.0 39.0 4
963 1 56.0 39.0 4
961 1 56.0 39.0 4
959 1 56.0 39.0 4
958 1 56.0 39.0 4
390 1 64.0 42.0 4
388 1 64.0 42.0 4
387 1 64.0 42.0 4
386 1 64.0 42.0 4
385 1 64.0 42.0 4
384 1 64.0 42.0 4
383 1 64.0 42.0 4
382 1 64.0 42.0 4
1106 1 53.0 43.0 4
1105 1 53.0 43.0 4
1103 1 53.0 43.0 4
1102 1 53.0 43.0 4
1101 1 53.0 43.0 4
1100 1 53.0 43.0 4
1099 1 53.0 43.0 4
1098 1 53.0 43.0 4
1096 1 53.0 43.0 4
1095 1 53.0 43.0 4
1094 1 53.0 43.0 4
1093 1 53.0 43.0 4
30 1 55.0 45.0 4
29 1 55.0 45.0 4
28 1 55.0 45.0 4
27 1 55.0 45.0 4
26 1 55.0 45.0 4
25 1 55.0 45.0 4
24 1 55.0 45.0 4
23 1 55.0 45.0 4
21 1 55.0 45.0 4
19 1 55.0 45.0 4
18 1 55.0 45.0 4
1132 1 57.0 48.0 4
1131 1 57.0 48.0 4
1130 1 57.0 48.0 4
1129 1 57.0 48.0 4
1128 1 57.0 48.0 4
1127 1 57.0 48.0 4
1126 1 57.0 48.0 4
1123 1 57.0 48.0 4
1122 1 57.0 48.0 4
1121 1 57.0 48.0 4
1120 1 57.0 48.0 4
1119 1 57.0 48.0 4
1118 1 57.0 48.0 4
1115 1 57.0 48.0 4
1114 1 57.0 48.0 4
1113 1 57.0 48.0 4
1112 1 57.0 48.0 4
1111 1 57.0 48.0 4
1110 1 57.0 48.0 4
1164 1 55.0 54.0 4
1163 1 55.0 54.0 4
1162 1 55.0 54.0 4
1161 1 55.0 54.0 4
1160 1 55.0 54.0 4
1158 1 55.0 54.0 4
1157 1 55.0 54.0 4
1155 1 55.0 54.0 4
1153 1 55.0 54.0 4
1152 1 55.0 54.0 4
1151 1 55.0 54.0 4
1150 1 55.0 54.0 4
1149 1 55.0 54.0 4
1147 1 55.0 54.0 4
1146 1 55.0 54.0 4
1145 1 55.0 54.0 4
1144 1 55.0 54.0 4
1142 1 55.0 54.0 4
1140 1 55.0 54.0 4
472 1 53.0 52.0 4
469 1 53.0 52.0 4
468 1 53.0 52.0 4
467 1 53.0 52.0 4
466 1 53.0 52.0 4
465 1 53.0 52.0 4
463 1 53.0 52.0 4
462 1 53.0 52.0 4
709 1 47.0 47.0 4
1092 1 49.0 42.0 4
1091 1 49.0 42.0 4
1090 1 49.0 42.0 4
1089 1 49.0 42.0 4
1087 1 49.0 42.0 4
1086 1 49.0 42.0 4
1085 1 49.0 42.0 4
1083 1 49.0 42.0 4
1082 1 49.0 42.0 4
1081 1 49.0 42.0 4
381 1 41.0 37.0 4
380 1 41.0 37.0 4
379 1 41.0 37.0 4
378 1 41.0 37.0 4
377 1 41.0 37.0 4
376 1 41.0 37.0 4
375 1 41.0 37.0 4
374 1 41.0 37.0 4
373 1 41.0 37.0 4
372 1 41.0 37.0 4
371 1 41.0 37.0 4
370 1 41.0 37.0 4
369 1 41.0 37.0 4
368 1 41.0 37.0 4
367 1 41.0 37.0 4
366 1 41.0 37.0 4
-1 0 35.0 35.0 D
4958 4 199.0 142.05972290039062 200 2147483647 201
0 0 35.0 35.0 D
231 1 20.0 40.0 4
230 1 20.0 40.0 4
739 1 27.0 43.0 4
738 1 27.0 43.0 4
736 1 27.0 43.0 4
734 1 27.0 43.0 4
733 1 27.0 43.0 4
732 1 27.0 43.0 4
437 1 31.0 52.0 4
436 1 31.0 52.0 4
435 1 31.0 52.0 4
433 1 31.0 52.0 4
432 1 31.0 52.0 4
431 1 31.0 52.0 4
429 1 31.0 52.0 4
426 1 31.0 52.0 4
425 1 31.0 52.0 4
424 1 31.0 52.0 4
423 1 31.0 52.0 4
421 1 31.0 52.0 4
420 1 31.0 52.0 4
418 1 31.0 52.0 4
417 1 31.0 52.0 4
416 1 31.0 52.0 4
415 1 31.0 52.0 4
412 1 31.0 52.0 4
1308 1 26.0 52.0 4
1307 1 26.0 52.0 4
1306 1 26.0 52.0 4
1305 1 26.0 52.0 4
1304 1 26.0 52.0 4
1303 1 26.0 52.0 4
1302 1 26.0 52.0 4
1301 1 26.0 52.0 4
82 1 20.0 50.0 4
80 1 20.0 50.0 4
79 1 20.0 50.0 4
1180 1 15.0 47.0 4
1178 1 15.0 47.0 4
1177 1 15.0 47.0 4
1176 1 15.0 47.0 4
1175 1 15.0 47.0 4
1174 1 15.0 47.0 4
1173 1 15.0 47.0 4
1172 1 15.0 47.0 4
1171 1 15.0 47.0 4
1170 1 15.0 47.0 4
1169 1 15.0 47.0 4
1167 1 15.0 47.0 4
1165 1 15.0 47.0 4
678 1 13.0 52.0 4
677 1 13.0 52.0 4
676 1 13.0 52.0 4
674 1 13.0 52.0 4
673 1 13.0 52.0 4
670 1 13.0 52.0 4
669 1 13.0 52.0 4
665 1 13.0 52.0 4
664 1 13.0 52.0 4
663 1 13.0 52.0 4
662 1 13.0 52.0 4
661 1 13.0 52.0 4
660 1 13.0 52.0 4
659 1 13.0 52.0 4
658 1 13.0 52.0 4
657 1 13.0 52.0 4
656 1 13.0 52.0 4
655 1 13.0 52.0 4
654 1 13.0 52.0 4
652 1 13.0 52.0 4
651 1 13.0 52.0 4
650 1 13.0 52.0 4
649 1 13.0 52.0 4
648 1 13.0 52.0 4
647 1 13.0 52.0 4
646 1 13.0 52.0 4
645 1 13.0 52.0 4
644 1 13.0 52.0 4
643 1 13.0 52.0 4
256 1 15.0 60.0 4
255 1 15.0 60.0 4
253 1 15.0 60.0 4
252 1 15.0 60.0 4
251 1 15.0 60.0 4
250 1 15.0 60.0 4
249 1 15.0 60.0 4
247 1 15.0 60.0 4
246 1 15.0 60.0 4
244 1 15.0 60.0 4
243 1 15.0 60.0 4
242 1 15.0 60.0 4
241 1 15.0 60.0 4
240 1 15.0 60.0 4
867 1 24.0 58.0 4
866 1 24.0 58.0 4
865 1 24.0 58.0 4
864 1 24.0 58.0 4
863 1 24.0 58.0 4
862 1 24.0 58.0 4
861 1 24.0 58.0 4
860 1 24.0 58.0 4
859 1 24.0 58.0 4
858 1 24.0 58.0 4
857 1 24.0 58.0 4
856 1 24.0 58.0 4
855 1 24.0 58.0 4
853 1 24.0 58.0 4
852 1 24.0 58.0 4
851 1 24.0 58.0 4
850 1 24.0 58.0 4
124 1 30.0 60.0 4
123 1 30.0 60.0 4
122 1 30.0 60.0 4
121 1 30.0 60.0 4
119 1 30.0 60.0 4
117 1 30.0 60.0 4
116 1 30.0 60.0 4
115 1 30.0 60.0 4
114 1 30.0 60.0 4
113 1 30.0 60.0 4
112 1 30.0 60.0 4
110 1 30.0 60.0 4
1004 1 37.0 56.0 4
1003 1 37.0 56.0 4
1002 1 37.0 56.0 4
1001 1 37.0 56.0 4
1000 1 37.0 56.0 4
411 1 40.0 60.0 4
410 1 40.0 60.0 4
409 1 40.0 60.0 4
408 1 40.0 60.0 4
406 1 40.0 60.0 4
405 1 40.0 60.0 4
404 1 40.0 60.0 4
402 1 40.0 60.0 4
401 1 40.0 60.0 4
399 1 40.0 60.0 4
398 1 40.0 60.0 4
397 1 40.0 60.0 4
395 1 40.0 60.0 4
394 1 40.0 60.0 4
392 1 40.0 60.0 4
391 1 40.0 60.0 4
265 1 45.0 65.0 4
264 1 45.0 65.0 4
263 1 45.0 65.0 4
262 1 45.0 65.0 4
260 1 45.0 65.0 4
258 1 45.0 65.0 4
257 1 45.0 65.0 4
730 1 49.0 58.0 4
729 1 49.0 58.0 4
728 1 49.0 58.0 4
727 1 49.0 58.0 4
726 1 49.0 58.0 4
725 1 49.0 58.0 4
724 1 49.0 58.0 4
723 1 49.0 58.0 4
722 1 49.0 58.0 4
720 1 47.0 47.0 4
719 1 47.0 47.0 4
718 1 47.0 47.0 4
717 1 47.0 47.0 4
716 1 47.0 47.0 4
715 1 47.0 47.0 4
714 1 47.0 47.0 4
713 1 47.0 47.0 4
711 1 47.0 47.0 4
10 1 41.0 49.0 4
9 1 41.0 49.0 4
8 1 41.0 49.0 4
7 1 41.0 49.0 4
6 1 41.0 49.0 4
5 1 41.0 49.0 4
4 1 41.0 49.0 4
3 1 41.0 49.0 4
2 1 41.0 49.0 4
1 1 41.0 49.0 4
999 1 37.0 47.0 4
998 1 37.0 47.0 4
997 1 37.0 47.0 4
995 1 37.0 47.0 4
994 1 37.0 47.0 4
365 1 35.0 40.0 4
364 1 35.0 40.0 4
363 1 35.0 40.0 4
362 1 35.0 40.0 4
361 1 35.0 40.0 4
360 1 35.0 40.0 4
359 1 35.0 40.0 4
358 1 35.0 40.0 4
357 1 35.0 40.0 4
356 1 35.0 40.0 4
355 1 35.0 40.0 4
354 1 35.0 40.0 4
353 1 35.0 40.0 4
352 1 35.0 40.0 4
351 1 35.0 40.0 4
350 1 35.0 40.0 4
-1 0 35.0 35.0 D
4959 4 249.0 122.80543518066406 250 2147483647 251
0 0 35.0 35.0 D
78 1 25.0 30.0 4
77 1 25.0 30.0 4
76 1 25.0 30.0 4
1379 1 26.0 27.0 4
1378 1 26.0 27.0 4
1377 1 26.0 27.0 4
1376 1 26.0 27.0 4
1375 1 26.0 27.0 4
1374 1 26.0 27.0 4
1373 1 26.0 27.0 4
1372 1 26.0 27.0 4
1371 1 26.0 27.0 4
1370 1 26.0 27.0 4
1368 1 26.0 27.0 4
1365 1 26.0 27.0 4
1364 1 26.0 27.0 4
1363 1 26.0 27.0 4
1362 1 26.0 27.0 4
1361 1 26.0 27.0 4
1359 1 26.0 27.0 4
1358 1 26.0 27.0 4
1357 1 26.0 27.0 4
1355 1 26.0 27.0 4
1354 1 26.0 27.0 4
1353 1 26.0 27.0 4
1387 1 25.0 24.0 4
1386 1 25.0 24.0 4
1385 1 25.0 24.0 4
1384 1 25.0 24.0 4
1383 1 25.0 24.0 4
1382 1 25.0 24.0 4
1381 1 25.0 24.0 4
1380 1 25.0 24.0 4
1410 1 22.0 27.0 4
1409 1 22.0 27.0 4
1408 1 22.0 27.0 4
1407 1 22.0 27.0 4
1406 1 22.0 27.0 4
1405 1 22.0 27.0 4
1403 1 22.0 27.0 4
1402 1 22.0 27.0 4
1401 1 22.0 27.0 4
1400 1 22.0 27.0 4
833 1 21.0 24.0 4
832 1 21.0 24.0 4
830 1 21.0 24.0 4
829 1 21.0 24.0 4
828 1 21.0 24.0 4
827 1 21.0 24.0 4
826 1 21.0 24.0 4
825 1 21.0 24.0 4
823 1 21.0 24.0 4
822 1 21.0 24.0 4
821 1 21.0 24.0 4
820 1 21.0 24.0 4
819 1 21.0 24.0 4
817 1 21.0 24.0 4
816 1 21.0 24.0 4
815 1 21.0 24.0 4
813 1 21.0 24.0 4
811 1 21.0 24.0 4
810 1 21.0 24.0 4
809 1 21.0 24.0 4
808 1 21.0 24.0 4
807 1 21.0 24.0 4
507 1 20.0 20.0 4
506 1 20.0 20.0 4
505 1 20.0 20.0 4
504 1 20.0 20.0 4
503 1 20.0 20.0 4
502 1 20.0 20.0 4
501 1 20.0 20.0 4
500 1 20.0 20.0 4
1352 1 18.0 24.0 4
1351 1 18.0 24.0 4
1350 1 18.0 24.0 4
1349 1 18.0 24.0 4
1348 1 18.0 24.0 4
1347 1 18.0 24.0 4
1346 1 18.0 24.0 4
1345 1 18.0 24.0 4
1342 1 18.0 24.0 4
1341 1 18.0 24.0 4
1340 1 18.0 24.0 4
1339 1 18.0 24.0 4
1337 1 18.0 24.0 4
1336 1 18.0 24.0 4
1335 1 18.0 24.0 4
1332 1 18.0 24.0 4
1331 1 18.0 24.0 4
1239 1 16.0 22.0 4
1238 1 16.0 22.0 4
1237 1 16.0 22.0 4
1236 1 16.0 22.0 4
1234 1 16.0 22.0 4
1233 1 16.0 22.0 4
1231 1 16.0 22.0 4
1230 1 16.0 22.0 4
1229 1 16.0 22.0 4
1228 1 16.0 22.0 4
1227 1 16.0 22.0 4
1226 1 16.0 22.0 4
1225 1 16.0 22.0 4
1224 1 16.0 22.0 4
1223 1 16.0 22.0 4
1222 1 16.0 22.0 4
1220 1 16.0 22.0 4
1219 1 16.0 22.0 4
1218 1 16.0 22.0 4
1217 1 16.0 22.0 4
1216 1 16.0 22.0 4
1215 1 16.0 22.0 4
1214 1 16.0 22.0 4
1212 1 16.0 22.0 4
1211 1 16.0 22.0 4
1210 1 16.0 22.0 4
1209 1 16.0 22.0 4
1208 1 16.0 22.0 4
1206 1 16.0 22.0 4
1205 1 16.0 22.0 4
1204 1 16.0 22.0 4
1203 1 16.0 22.0 4
1201 1 16.0 22.0 4
1200 1 16.0 22.0 4
1199 1 16.0 22.0 4
1328 1 15.0 19.0 4
598 1 11.0 14.0 4
596 1 11.0 14.0 4
595 1 11.0 14.0 4
593 1 11.0 14.0 4
592 1 11.0 14.0 4
591 1 11.0 14.0 4
590 1 11.0 14.0 4
589 1 11.0 14.0 4
588 1 11.0 14.0 4
587 1 11.0 14.0 4
585 1 11.0 14.0 4
583 1 11.0 14.0 4
582 1 11.0 14.0 4
224 1 10.0 20.0 4
223 1 10.0 20.0 4
222 1 10.0 20.0 4
221 1 10.0 20.0 4
220 1 10.0 20.0 4
219 1 10.0 20.0 4
218 1 10.0 20.0 4
217 1 10.0 20.0 4
216 1 10.0 20.0 4
215 1 10.0 20.0 4
214 1 10.0 20.0 4
213 1 10.0 20.0 4
212 1 10.0 20.0 4
211 1 10.0 20.0 4
210 1 10.0 20.0 4
209 1 10.0 20.0 4
208 1 10.0 20.0 4
207 1 10.0 20.0 4
849 1 12.0 24.0 4
847 1 12.0 24.0 4
846 1 12.0 24.0 4
845 1 12.0 24.0 4
844 1 12.0 24.0 4
843 1 12.0 24.0 4
842 1 12.0 24.0 4
840 1 12.0 24.0 4
838 1 12.0 24.0 4
837 1 12.0 24.0 4
74 1 15.0 30.0 4
73 1 15.0 30.0 4
72 1 15.0 30.0 4
70 1 15.0 30.0 4
69 1 15.0 30.0 4
68 1 15.0 30.0 4
67 1 15.0 30.0 4
64 1 15.0 30.0 4
63 1 15.0 30.0 4
62 1 15.0 30.0 4
61 1 15.0 30.0 4
59 1 15.0 30.0 4
57 1 15.0 30.0 4
56 1 15.0 30.0 4
55 1 15.0 30.0 4
54 1 15.0 30.0 4
52 1 15.0 30.0 4
51 1 15.0 30.0 4
50 1 15.0 30.0 4
1198 1 11.0 31.0 4
1197 1 11.0 31.0 4
1196 1 11.0 31.0 4
1195 1 11.0 31.0 4
1194 1 11.0 31.0 4
1193 1 11.0 31.0 4
1192 1 11.0 31.0 4
227 1 5.0 30.0 4
226 1 5.0 30.0 4
614 1 6.0 38.0 4
611 1 6.0 38.0 4
610 1 6.0 38.0 4
609 1 6.0 38.0 4
608 1 6.0 38.0 4
607 1 6.0 38.0 4
606 1 6.0 38.0 4
605 1 6.0 38.0 4
602 1 6.0 38.0 4
601 1 6.0 38.0 4
600 1 6.0 38.0 4
599 1 6.0 38.0 4
92 1 10.0 43.0 4
91 1 10.0 43.0 4
90 1 10.0 43.0 4
89 1 10.0 43.0 4
88 1 10.0 43.0 4
87 1 10.0 43.0 4
86 1 10.0 43.0 4
85 1 10.0 43.0 4
84 1 10.0 43.0 4
1189 1 14.0 37.0 4
1188 1 14.0 37.0 4
1186 1 14.0 37.0 4
1185 1 14.0 37.0 4
1184 1 14.0 37.0 4
1183 1 14.0 37.0 4
1182 1 14.0 37.0 4
1181 1 14.0 37.0 4
836 1 17.0 34.0 4
835 1 17.0 34.0 4
834 1 17.0 34.0 4
239 1 20.0 40.0 4
237 1 20.0 40.0 4
236 1 20.0 40.0 4
235 1 20.0 40.0 4
234 1 20.0 40.0 4
233 1 20.0 40.0 4
232 1 20.0 40.0 4
1324 1 26.0 35.0 4
1323 1 26.0 35.0 4
1322 1 26.0 35.0 4
1321 1 26.0 35.0 4
1320 1 26.0 35.0 4
1319 1 26.0 35.0 4
1318 1 26.0 35.0 4
1317 1 26.0 35.0 4
1316 1 26.0 35.0 4
1315 1 26.0 35.0 4
1314 1 26.0 35.0 4
1313 1 26.0 35.0 4
1312 1 26.0 35.0 4
1311 1 26.0 35.0 4
1310 1 26.0 35.0 4
-1 0 35.0 35.0 D
4962 2 43.0 117.0340576171875 60 2147483647 45
0 0 35.0 35.0 D
1369 1 26.0 27.0 2
1367 1 26.0 27.0 2
1366 1 26.0 27.0 2
1360 1 26.0 27.0 2
1356 1 26.0 27.0 2
176 1 30.0 25.0 2
173 1 30.0 25.0 2
171 1 30.0 25.0 2
170 1 30.0 25.0 2
166 1 30.0 25.0 2
1396 1 25.0 24.0 2
1393 1 25.0 24.0 2
1388 1 25.0 24.0 2
1296 1 28.0 18.0 2
1295 1 28.0 18.0 2
1294 1 28.0 18.0 2
1291 1 28.0 18.0 2
1289 1 28.0 18.0 2
1277 1 28.0 18.0 2
1276 1 28.0 18.0 2
342 1 45.0 30.0 2
341 1 45.0 30.0 2
338 1 45.0 30.0 2
334 1 45.0 30.0 2
49 1 55.0 20.0 2
48 1 55.0 20.0 2
38 1 55.0 20.0 2
554 1 60.0 12.0 2
553 1 60.0 12.0 2
550 1 60.0 12.0 2
549 1 60.0 12.0 2
548 1 60.0 12.0 2
546 1 60.0 12.0 2
545 1 60.0 12.0 2
332 1 65.0 20.0 2
331 1 65.0 20.0 2
328 1 65.0 20.0 2
327 1 65.0 20.0 2
774 1 63.0 23.0 2
773 1 63.0 23.0 2
768 1 57.0 29.0 2
760 1 57.0 29.0 2
758 1 57.0 29.0 2
-1 0 35.0 35.0 D
4967 4 239.0 178.30445861816406 250 2147483647 241
0 0 35.0 35.0 D
741 1 37.0 31.0 4
742 1 37.0 31.0 4
743 1 37.0 31.0 4
744 1 37.0 31.0 4
745 1 37.0 31.0 4
746 1 37.0 31.0 4
747 1 37.0 31.0 4
748 1 37.0 31.0 4
749 1 37.0 31.0 4
750 1 37.0 31.0 4
751 1 37.0 31.0 4
752 1 37.0 31.0 4
753 1 37.0 31.0 4
754 1 37.0 31.0 4
333 1 45.0 30.0 4
335 1 45.0 30.0 4
336 1 45.0 30.0 4
337 1 45.0 30.0 4
339 1 45.0 30.0 4
340 1 45.0 30.0 4
343 1 45.0 30.0 4
344 1 45.0 30.0 4
345 1 45.0 30.0 4
346 1 45.0 30.0 4
347 1 45.0 30.0 4
348 1 45.0 30.0 4
349 1 45.0 30.0 4
555 1 40.0 25.0 4
556 1 40.0 25.0 4
557 1 40.0 25.0 4
558 1 40.0 25.0 4
560 1 40.0 25.0 4
561 1 40.0 25.0 4
562 1 40.0 25.0 4
563 1 40.0 25.0 4
266 1 45.0 20.0 4
267 1 45.0 20.0 4
268 1 45.0 20.0 4
270 1 45.0 20.0 4
271 1 45.0 20.0 4
272 1 45.0 20.0 4
273 1 45.0 20.0 4
275 1 45.0 20.0 4
276 1 45.0 20.0 4
1045 1 44.0 17.0 4
1047 1 44.0 17.0 4
1050 1 44.0 17.0 4
1051 1 44.0 17.0 4
1020 1 47.0 16.0 4
1021 1 47.0 16.0 4
1022 1 47.0 16.0 4
1023 1 47.0 16.0 4
1025 1 47.0 16.0 4
1027 1 47.0 16.0 4
1028 1 47.0 16.0 4
1029 1 47.0 16.0 4
1030 1 47.0 16.0 4
1031 1 47.0 16.0 4
1032 1 47.0 16.0 4
1034 1 47.0 16.0 4
1035 1 47.0 16.0 4
1036 1 47.0 16.0 4
1037 1 47.0 16.0 4
1038 1 47.0 16.0 4
1039 1 47.0 16.0 4
1040 1 47.0 16.0 4
1042 1 47.0 16.0 4
1043 1 47.0 16.0 4
1056 1 46.0 13.0 4
1058 1 46.0 13.0 4
1059 1 46.0 13.0 4
1060 1 46.0 13.0 4
1061 1 46.0 13.0 4
1055 1 46.0 13.0 4
755 1 57.0 29.0 4
756 1 57.0 29.0 4
757 1 57.0 29.0 4
759 1 57.0 29.0 4
761 1 57.0 29.0 4
763 1 57.0 29.0 4
764 1 57.0 29.0 4
766 1 57.0 29.0 4
767 1 57.0 29.0 4
769 1 57.0 29.0 4
770 1 57.0 29.0 4
771 1 57.0 29.0 4
772 1 57.0 29.0 4
32 1 55.0 20.0 4
33 1 55.0 20.0 4
34 1 55.0 20.0 4
36 1 55.0 20.0 4
37 1 55.0 20.0 4
39 1 55.0 20.0 4
40 1 55.0 20.0 4
41 1 55.0 20.0 4
42 1 55.0 20.0 4
43 1 55.0 20.0 4
44 1 55.0 20.0 4
46 1 55.0 20.0 4
47 1 55.0 20.0 4
775 1 53.0 12.0 4
780 1 53.0 12.0 4
1062 1 49.0 11.0 4
1063 1 49.0 11.0 4
1064 1 49.0 11.0 4
1065 1 49.0 11.0 4
1066 1 49.0 11.0 4
1067 1 49.0 11.0 4
1068 1 49.0 11.0 4
1069 1 49.0 11.0 4
1070 1 49.0 11.0 4
1071 1 49.0 11.0 4
1072 1 49.0 11.0 4
1073 1 49.0 11.0 4
1076 1 49.0 11.0 4
1077 1 49.0 11.0 4
1079 1 49.0 11.0 4
277 1 45.0 10.0 4
278 1 45.0 10.0 4
279 1 45.0 10.0 4
280 1 45.0 10.0 4
281 1 45.0 10.0 4
282 1 45.0 10.0 4
283 1 45.0 10.0 4
284 1 45.0 10.0 4
285 1 45.0 10.0 4
286 1 45.0 10.0 4
287 1 45.0 10.0 4
290 1 45.0 10.0 4
291 1 45.0 10.0 4
292 1 45.0 10.0 4
293 1 45.0 10.0 4
294 1 45.0 10.0 4
565 1 42.0 7.0 4
566 1 42.0 7.0 4
567 1 42.0 7.0 4
568 1 42.0 7.0 4
199 1 30.0 5.0 4
201 1 30.0 5.0 4
202 1 30.0 5.0 4
203 1 30.0 5.0 4
204 1 30.0 5.0 4
206 1 30.0 5.0 4
179 1 15.0 10.0 4
180 1 15.0 10.0 4
181 1 15.0 10.0 4
182 1 15.0 10.0 4
183 1 15.0 10.0 4
184 1 15.0 10.0 4
185 1 15.0 10.0 4
186 1 15.0 10.0 4
187 1 15.0 10.0 4
189 1 15.0 10.0 4
190 1 15.0 10.0 4
191 1 15.0 10.0 4
192 1 15.0 10.0 4
194 1 15.0 10.0 4
195 1 15.0 10.0 4
196 1 15.0 10.0 4
197 1 15.0 10.0 4
198 1 15.0 10.0 4
570 1 24.0 12.0 4
571 1 24.0 12.0 4
572 1 24.0 12.0 4
573 1 24.0 12.0 4
1389 1 25.0 24.0 4
1390 1 25.0 24.0 4
1391 1 25.0 24.0 4
1392 1 25.0 24.0 4
1394 1 25.0 24.0 4
1395 1 25.0 24.0 4
1397 1 25.0 24.0 4
1398 1 25.0 24.0 4
1399 1 25.0 24.0 4
156 1 30.0 25.0 4
157 1 30.0 25.0 4
158 1 30.0 25.0 4
159 1 30.0 25.0 4
160 1 30.0 25.0 4
161 1 30.0 25.0 4
162 1 30.0 25.0 4
163 1 30.0 25.0 4
164 1 30.0 25.0 4
165 1 30.0 25.0 4
167 1 30.0 25.0 4
168 1 30.0 25.0 4
169 1 30.0 25.0 4
172 1 30.0 25.0 4
174 1 30.0 25.0 4
175 1 30.0 25.0 4
177 1 30.0 25.0 4
178 1 30.0 25.0 4
1275 1 28.0 18.0 4
1278 1 28.0 18.0 4
1279 1 28.0 18.0 4
1280 1 28.0 18.0 4
1281 1 28.0 18.0 4
1282 1 28.0 18.0 4
1283 1 28.0 18.0 4
1284 1 28.0 18.0 4
1285 1 28.0 18.0 4
1286 1 28.0 18.0 4
1287 1 28.0 18.0 4
1288 1 28.0 18.0 4
1290 1 28.0 18.0 4
1292 1 28.0 18.0 4
1293 1 28.0 18.0 4
1297 1 28.0 18.0 4
1298 1 28.0 18.0 4
1299 1 28.0 18.0 4
1300 1 28.0 18.0 4
781 1 32.0 12.0 4
782 1 32.0 12.0 4
784 1 32.0 12.0 4
785 1 32.0 12.0 4
787 1 32.0 12.0 4
11 1 35.0 17.0 4
12 1 35.0 17.0 4
13 1 35.0 17.0 4
14 1 35.0 17.0 4
16 1 35.0 17.0 4
17 1 35.0 17.0 4
789 1 36.0 26.0 4
790 1 36.0 26.0 4
791 1 36.0 26.0 4
792 1 36.0 26.0 4
793 1 36.0 26.0 4
794 1 36.0 26.0 4
795 1 36.0 26.0 4
796 1 36.0 26.0 4
797 1 36.0 26.0 4
798 1 36.0 26.0 4
799 1 36.0 26.0 4
800 1 36.0 26.0 4
801 1 36.0 26.0 4
802 1 36.0 26.0 4
803 1 36.0 26.0 4
804 1 36.0 26.0 4
805 1 36.0 26.0 4
-1 0 35.0 35.0 D
