2150
1 2 1 41.0 49.0 1
2 4 1 41.0 49.0 1
3 4 1 41.0 49.0 1
4 2 1 41.0 49.0 1
5 4 1 41.0 49.0 1
6 4 1 41.0 49.0 1
7 4 1 41.0 49.0 1
8 4 1 41.0 49.0 1
9 2 1 41.0 49.0 1
10 4 1 41.0 49.0 1
11 4 1 35.0 17.0 2
12 4 1 35.0 17.0 2
13 4 1 35.0 17.0 2
14 4 1 35.0 17.0 2
15 4 1 35.0 17.0 2
16 4 1 35.0 17.0 2
17 4 1 35.0 17.0 2
18 4 1 55.0 45.0 3
19 4 1 55.0 45.0 3
20 4 1 55.0 45.0 3
21 1 1 55.0 45.0 3
22 4 1 55.0 45.0 3
23 4 1 55.0 45.0 3
24 4 1 55.0 45.0 3
25 4 1 55.0 45.0 3
26 4 1 55.0 45.0 3
27 2 1 55.0 45.0 3
28 4 1 55.0 45.0 3
29 4 1 55.0 45.0 3
30 4 1 55.0 45.0 3
31 4 1 55.0 20.0 4
32 4 1 55.0 20.0 4
33 4 1 55.0 20.0 4
34 4 1 55.0 20.0 4
35 4 1 55.0 20.0 4
36 4 1 55.0 20.0 4
37 4 1 55.0 20.0 4
38 4 1 55.0 20.0 4
39 4 1 55.0 20.0 4
40 4 1 55.0 20.0 4
41 4 1 55.0 20.0 4
42 4 1 55.0 20.0 4
43 4 1 55.0 20.0 4
44 4 1 55.0 20.0 4
45 4 1 55.0 20.0 4
46 1 1 55.0 20.0 4
47 4 1 55.0 20.0 4
48 4 1 55.0 20.0 4
49 1 1 55.0 20.0 4
50 4 1 15.0 30.0 5
51 4 1 15.0 30.0 5
52 1 1 15.0 30.0 5
53 4 1 15.0 30.0 5
54 1 1 15.0 30.0 5
55 4 1 15.0 30.0 5
56 4 1 15.0 30.0 5
57 4 1 15.0 30.0 5
58 4 1 15.0 30.0 5
59 4 1 15.0 30.0 5
60 4 1 15.0 30.0 5
61 4 1 15.0 30.0 5
62 4 1 15.0 30.0 5
63 2 1 15.0 30.0 5
64 1 1 15.0 30.0 5
65 4 1 15.0 30.0 5
66 4 1 15.0 30.0 5
67 4 1 15.0 30.0 5
68 1 1 15.0 30.0 5
69 1 1 15.0 30.0 5
70 1 1 15.0 30.0 5
71 4 1 15.0 30.0 5
72 4 1 15.0 30.0 5
73 4 1 15.0 30.0 5
74 4 1 15.0 30.0 5
75 2 1 15.0 30.0 5
76 2 1 25.0 30.0 6
77 2 1 25.0 30.0 6
78 4 1 25.0 30.0 6
79 4 1 20.0 50.0 7
80 4 1 20.0 50.0 7
81 4 1 20.0 50.0 7
82 4 1 20.0 50.0 7
83 4 1 20.0 50.0 7
84 4 1 10.0 43.0 8
85 4 1 10.0 43.0 8
86 1 1 10.0 43.0 8
87 4 1 10.0 43.0 8
88 4 1 10.0 43.0 8
89 4 1 10.0 43.0 8
90 1 1 10.0 43.0 8
91 4 1 10.0 43.0 8
92 1 1 10.0 43.0 8
93 1 1 55.0 60.0 9
94 4 1 55.0 60.0 9
95 4 1 55.0 60.0 9
96 4 1 55.0 60.0 9
97 4 1 55.0 60.0 9
98 4 1 55.0 60.0 9
99 4 1 55.0 60.0 9
100 2 1 55.0 60.0 9
101 4 1 55.0 60.0 9
102 1 1 55.0 60.0 9
103 2 1 55.0 60.0 9
104 4 1 55.0 60.0 9
105 4 1 55.0 60.0 9
106 4 1 55.0 60.0 9
107 4 1 55.0 60.0 9
108 4 1 55.0 60.0 9
109 4 1 30.0 60.0 10
110 4 1 30.0 60.0 10
111 4 1 30.0 60.0 10
112 2 1 30.0 60.0 10
113 4 1 30.0 60.0 10
114 2 1 30.0 60.0 10
115 4 1 30.0 60.0 10
116 4 1 30.0 60.0 10
117 4 1 30.0 60.0 10
118 4 1 30.0 60.0 10
119 4 1 30.0 60.0 10
120 4 1 30.0 60.0 10
121 4 1 30.0 60.0 10
122 2 1 30.0 60.0 10
123 4 1 30.0 60.0 10
124 4 1 30.0 60.0 10
125 2 1 20.0 65.0 11
126 2 1 20.0 65.0 11
127 2 1 20.0 65.0 11
128 2 1 20.0 65.0 11
129 2 1 20.0 65.0 11
130 2 1 20.0 65.0 11
131 2 1 20.0 65.0 11
132 1 1 20.0 65.0 11
133 2 1 20.0 65.0 11
134 2 1 20.0 65.0 11
135 2 1 20.0 65.0 11
136 2 1 20.0 65.0 11
137 4 1 50.0 35.0 12
138 4 1 50.0 35.0 12
139 4 1 50.0 35.0 12
140 4 1 50.0 35.0 12
141 4 1 50.0 35.0 12
142 4 1 50.0 35.0 12
143 4 1 50.0 35.0 12
144 4 1 50.0 35.0 12
145 4 1 50.0 35.0 12
146 4 1 50.0 35.0 12
147 4 1 50.0 35.0 12
148 2 1 50.0 35.0 12
149 4 1 50.0 35.0 12
150 4 1 50.0 35.0 12
151 4 1 50.0 35.0 12
152 2 1 50.0 35.0 12
153 4 1 50.0 35.0 12
154 2 1 50.0 35.0 12
155 4 1 50.0 35.0 12
156 4 1 30.0 25.0 13
157 2 1 30.0 25.0 13
158 4 1 30.0 25.0 13
159 4 1 30.0 25.0 13
160 2 1 30.0 25.0 13
161 4 1 30.0 25.0 13
162 4 1 30.0 25.0 13
163 4 1 30.0 25.0 13
164 4 1 30.0 25.0 13
165 2 1 30.0 25.0 13
166 4 1 30.0 25.0 13
167 4 1 30.0 25.0 13
168 2 1 30.0 25.0 13
169 4 1 30.0 25.0 13
170 2 1 30.0 25.0 13
171 4 1 30.0 25.0 13
172 4 1 30.0 25.0 13
173 4 1 30.0 25.0 13
174 2 1 30.0 25.0 13
175 2 1 30.0 25.0 13
176 2 1 30.0 25.0 13
177 4 1 30.0 25.0 13
178 4 1 30.0 25.0 13
179 1 1 15.0 10.0 14
180 2 1 15.0 10.0 14
181 2 1 15.0 10.0 14
182 2 1 15.0 10.0 14
183 2 1 15.0 10.0 14
184 2 1 15.0 10.0 14
185 2 1 15.0 10.0 14
186 2 1 15.0 10.0 14
187 1 1 15.0 10.0 14
188 2 1 15.0 10.0 14
189 2 1 15.0 10.0 14
190 2 1 15.0 10.0 14
191 2 1 15.0 10.0 14
192 2 1 15.0 10.0 14
193 2 1 15.0 10.0 14
194 2 1 15.0 10.0 14
195 2 1 15.0 10.0 14
196 2 1 15.0 10.0 14
197 2 1 15.0 10.0 14
198 2 1 15.0 10.0 14
199 2 1 30.0 5.0 15
200 2 1 30.0 5.0 15
201 1 1 30.0 5.0 15
202 2 1 30.0 5.0 15
203 1 1 30.0 5.0 15
204 1 1 30.0 5.0 15
205 2 1 30.0 5.0 15
206 2 1 30.0 5.0 15
207 2 1 10.0 20.0 16
208 4 1 10.0 20.0 16
209 1 1 10.0 20.0 16
210 2 1 10.0 20.0 16
211 4 1 10.0 20.0 16
212 2 1 10.0 20.0 16
213 4 1 10.0 20.0 16
214 4 1 10.0 20.0 16
215 4 1 10.0 20.0 16
216 4 1 10.0 20.0 16
217 1 1 10.0 20.0 16
218 4 1 10.0 20.0 16
219 4 1 10.0 20.0 16
220 4 1 10.0 20.0 16
221 4 1 10.0 20.0 16
222 4 1 10.0 20.0 16
223 4 1 10.0 20.0 16
224 2 1 10.0 20.0 16
225 4 1 10.0 20.0 16
226 4 1 5.0 30.0 17
227 4 1 5.0 30.0 17
228 4 1 20.0 40.0 18
229 4 1 20.0 40.0 18
230 4 1 20.0 40.0 18
231 4 1 20.0 40.0 18
232 2 1 20.0 40.0 18
233 4 1 20.0 40.0 18
234 4 1 20.0 40.0 18
235 4 1 20.0 40.0 18
236 4 1 20.0 40.0 18
237 4 1 20.0 40.0 18
238 4 1 20.0 40.0 18
239 4 1 20.0 40.0 18
240 4 1 15.0 60.0 19
241 4 1 15.0 60.0 19
242 2 1 15.0 60.0 19
243 4 1 15.0 60.0 19
244 4 1 15.0 60.0 19
245 4 1 15.0 60.0 19
246 2 1 15.0 60.0 19
247 2 1 15.0 60.0 19
248 4 1 15.0 60.0 19
249 4 1 15.0 60.0 19
250 4 1 15.0 60.0 19
251 4 1 15.0 60.0 19
252 1 1 15.0 60.0 19
253 4 1 15.0 60.0 19
254 4 1 15.0 60.0 19
255 2 1 15.0 60.0 19
256 2 1 15.0 60.0 19
257 4 1 45.0 65.0 20
258 4 1 45.0 65.0 20
259 1 1 45.0 65.0 20
260 4 1 45.0 65.0 20
261 4 1 45.0 65.0 20
262 4 1 45.0 65.0 20
263 4 1 45.0 65.0 20
264 4 1 45.0 65.0 20
265 4 1 45.0 65.0 20
266 2 1 45.0 20.0 21
267 4 1 45.0 20.0 21
268 4 1 45.0 20.0 21
269 4 1 45.0 20.0 21
270 2 1 45.0 20.0 21
271 4 1 45.0 20.0 21
272 4 1 45.0 20.0 21
273 4 1 45.0 20.0 21
274 1 1 45.0 20.0 21
275 4 1 45.0 20.0 21
276 2 1 45.0 20.0 21
277 4 1 45.0 10.0 22
278 4 1 45.0 10.0 22
279 4 1 45.0 10.0 22
280 4 1 45.0 10.0 22
281 4 1 45.0 10.0 22
282 4 1 45.0 10.0 22
283 4 1 45.0 10.0 22
284 4 1 45.0 10.0 22
285 2 1 45.0 10.0 22
286 4 1 45.0 10.0 22
287 4 1 45.0 10.0 22
288 4 1 45.0 10.0 22
289 4 1 45.0 10.0 22
290 4 1 45.0 10.0 22
291 4 1 45.0 10.0 22
292 1 1 45.0 10.0 22
293 2 1 45.0 10.0 22
294 4 1 45.0 10.0 22
295 2 1 55.0 5.0 23
296 2 1 55.0 5.0 23
297 2 1 55.0 5.0 23
298 2 1 55.0 5.0 23
299 1 1 55.0 5.0 23
300 2 1 55.0 5.0 23
301 2 1 55.0 5.0 23
302 2 1 55.0 5.0 23
303 2 1 55.0 5.0 23
304 2 1 55.0 5.0 23
305 1 1 55.0 5.0 23
306 2 1 55.0 5.0 23
307 2 1 55.0 5.0 23
308 2 1 55.0 5.0 23
309 2 1 55.0 5.0 23
310 2 1 55.0 5.0 23
311 1 1 55.0 5.0 23
312 1 1 55.0 5.0 23
313 2 1 55.0 5.0 23
314 2 1 55.0 5.0 23
315 1 1 55.0 5.0 23
316 2 1 55.0 5.0 23
317 2 1 55.0 5.0 23
318 2 1 55.0 5.0 23
319 2 1 55.0 5.0 23
320 2 1 55.0 5.0 23
321 2 1 55.0 5.0 23
322 1 1 55.0 5.0 23
323 2 1 55.0 5.0 23
324 2 1 65.0 35.0 24
325 2 1 65.0 35.0 24
326 2 1 65.0 35.0 24
327 1 1 65.0 20.0 25
328 2 1 65.0 20.0 25
329 1 1 65.0 20.0 25
330 2 1 65.0 20.0 25
331 2 1 65.0 20.0 25
332 1 1 65.0 20.0 25
333 4 1 45.0 30.0 26
334 4 1 45.0 30.0 26
335 4 1 45.0 30.0 26
336 4 1 45.0 30.0 26
337 2 1 45.0 30.0 26
338 2 1 45.0 30.0 26
339 4 1 45.0 30.0 26
340 4 1 45.0 30.0 26
341 4 1 45.0 30.0 26
342 4 1 45.0 30.0 26
343 4 1 45.0 30.0 26
344 4 1 45.0 30.0 26
345 4 1 45.0 30.0 26
346 4 1 45.0 30.0 26
347 4 1 45.0 30.0 26
348 4 1 45.0 30.0 26
349 4 1 45.0 30.0 26
350 4 1 35.0 40.0 27
351 4 1 35.0 40.0 27
352 4 1 35.0 40.0 27
353 4 1 35.0 40.0 27
354 4 1 35.0 40.0 27
355 4 1 35.0 40.0 27
356 4 1 35.0 40.0 27
357 4 1 35.0 40.0 27
358 4 1 35.0 40.0 27
359 4 1 35.0 40.0 27
360 4 1 35.0 40.0 27
361 4 1 35.0 40.0 27
362 4 1 35.0 40.0 27
363 4 1 35.0 40.0 27
364 4 1 35.0 40.0 27
365 4 1 35.0 40.0 27
366 4 1 41.0 37.0 28
367 4 1 41.0 37.0 28
368 4 1 41.0 37.0 28
369 4 1 41.0 37.0 28
370 4 1 41.0 37.0 28
371 4 1 41.0 37.0 28
372 4 1 41.0 37.0 28
373 4 1 41.0 37.0 28
374 4 1 41.0 37.0 28
375 4 1 41.0 37.0 28
376 4 1 41.0 37.0 28
377 4 1 41.0 37.0 28
378 4 1 41.0 37.0 28
379 4 1 41.0 37.0 28
380 4 1 41.0 37.0 28
381 4 1 41.0 37.0 28
382 4 1 64.0 42.0 29
383 2 1 64.0 42.0 29
384 4 1 64.0 42.0 29
385 4 1 64.0 42.0 29
386 4 1 64.0 42.0 29
387 2 1 64.0 42.0 29
388 4 1 64.0 42.0 29
389 4 1 64.0 42.0 29
390 1 1 64.0 42.0 29
391 4 1 40.0 60.0 30
392 1 1 40.0 60.0 30
393 2 1 40.0 60.0 30
394 4 1 40.0 60.0 30
395 2 1 40.0 60.0 30
396 4 1 40.0 60.0 30
397 2 1 40.0 60.0 30
398 4 1 40.0 60.0 30
399 4 1 40.0 60.0 30
400 4 1 40.0 60.0 30
401 4 1 40.0 60.0 30
402 4 1 40.0 60.0 30
403 2 1 40.0 60.0 30
404 4 1 40.0 60.0 30
405 4 1 40.0 60.0 30
406 2 1 40.0 60.0 30
407 4 1 40.0 60.0 30
408 4 1 40.0 60.0 30
409 4 1 40.0 60.0 30
410 1 1 40.0 60.0 30
411 4 1 40.0 60.0 30
412 4 1 31.0 52.0 31
413 4 1 31.0 52.0 31
414 4 1 31.0 52.0 31
415 4 1 31.0 52.0 31
416 4 1 31.0 52.0 31
417 4 1 31.0 52.0 31
418 4 1 31.0 52.0 31
419 4 1 31.0 52.0 31
420 4 1 31.0 52.0 31
421 4 1 31.0 52.0 31
422 2 1 31.0 52.0 31
423 2 1 31.0 52.0 31
424 4 1 31.0 52.0 31
425 4 1 31.0 52.0 31
426 4 1 31.0 52.0 31
427 4 1 31.0 52.0 31
428 4 1 31.0 52.0 31
429 4 1 31.0 52.0 31
430 4 1 31.0 52.0 31
431 4 1 31.0 52.0 31
432 4 1 31.0 52.0 31
433 4 1 31.0 52.0 31
434 4 1 31.0 52.0 31
435 4 1 31.0 52.0 31
436 4 1 31.0 52.0 31
437 4 1 31.0 52.0 31
438 4 1 31.0 52.0 31
439 2 1 35.0 69.0 32
440 2 1 35.0 69.0 32
441 2 1 35.0 69.0 32
442 1 1 35.0 69.0 32
443 1 1 35.0 69.0 32
444 1 1 35.0 69.0 32
445 2 1 35.0 69.0 32
446 2 1 35.0 69.0 32
447 2 1 35.0 69.0 32
448 2 1 35.0 69.0 32
449 2 1 35.0 69.0 32
450 2 1 35.0 69.0 32
451 2 1 35.0 69.0 32
452 2 1 35.0 69.0 32
453 1 1 35.0 69.0 32
454 2 1 35.0 69.0 32
455 2 1 35.0 69.0 32
456 1 1 35.0 69.0 32
457 2 1 35.0 69.0 32
458 2 1 35.0 69.0 32
459 2 1 35.0 69.0 32
460 1 1 35.0 69.0 32
461 1 1 35.0 69.0 32
462 4 1 53.0 52.0 33
463 1 1 53.0 52.0 33
464 4 1 53.0 52.0 33
465 4 1 53.0 52.0 33
466 4 1 53.0 52.0 33
467 4 1 53.0 52.0 33
468 1 1 53.0 52.0 33
469 4 1 53.0 52.0 33
470 4 1 53.0 52.0 33
471 4 1 53.0 52.0 33
472 4 1 53.0 52.0 33
473 2 1 65.0 55.0 34
474 2 1 65.0 55.0 34
475 2 1 65.0 55.0 34
476 1 1 65.0 55.0 34
477 2 1 65.0 55.0 34
478 2 1 65.0 55.0 34
479 2 1 65.0 55.0 34
480 2 1 65.0 55.0 34
481 2 1 65.0 55.0 34
482 2 1 65.0 55.0 34
483 2 1 65.0 55.0 34
484 2 1 65.0 55.0 34
485 2 1 65.0 55.0 34
486 2 1 65.0 55.0 34
487 1 1 63.0 65.0 35
488 2 1 63.0 65.0 35
489 2 1 63.0 65.0 35
490 2 1 63.0 65.0 35
491 1 1 63.0 65.0 35
492 2 1 63.0 65.0 35
493 2 1 63.0 65.0 35
494 2 1 63.0 65.0 35
495 2 1 2.0 60.0 36
496 2 1 2.0 60.0 36
497 2 1 2.0 60.0 36
498 2 1 2.0 60.0 36
499 2 1 2.0 60.0 36
500 4 1 20.0 20.0 37
501 4 1 20.0 20.0 37
502 4 1 20.0 20.0 37
503 4 1 20.0 20.0 37
504 1 1 20.0 20.0 37
505 4 1 20.0 20.0 37
506 4 1 20.0 20.0 37
507 4 1 20.0 20.0 37
508 1 1 5.0 5.0 38
509 1 1 5.0 5.0 38
510 1 1 5.0 5.0 38
511 1 1 5.0 5.0 38
512 1 1 5.0 5.0 38
513 1 1 5.0 5.0 38
514 1 1 5.0 5.0 38
515 1 1 5.0 5.0 38
516 1 1 5.0 5.0 38
517 1 1 5.0 5.0 38
518 1 1 5.0 5.0 38
519 1 1 5.0 5.0 38
520 1 1 5.0 5.0 38
521 1 1 5.0 5.0 38
522 1 1 5.0 5.0 38
523 1 1 5.0 5.0 38
524 2 1 60.0 12.0 39
525 1 1 60.0 12.0 39
526 1 1 60.0 12.0 39
527 2 1 60.0 12.0 39
528 2 1 60.0 12.0 39
529 2 1 60.0 12.0 39
530 2 1 60.0 12.0 39
531 2 1 60.0 12.0 39
532 2 1 60.0 12.0 39
533 2 1 60.0 12.0 39
534 2 1 60.0 12.0 39
535 2 1 60.0 12.0 39
536 2 1 60.0 12.0 39
537 1 1 60.0 12.0 39
538 2 1 60.0 12.0 39
539 2 1 60.0 12.0 39
540 2 1 60.0 12.0 39
541 2 1 60.0 12.0 39
542 2 1 60.0 12.0 39
543 2 1 60.0 12.0 39
544 2 1 60.0 12.0 39
545 2 1 60.0 12.0 39
546 1 1 60.0 12.0 39
547 2 1 60.0 12.0 39
548 2 1 60.0 12.0 39
549 1 1 60.0 12.0 39
550 2 1 60.0 12.0 39
551 2 1 60.0 12.0 39
552 2 1 60.0 12.0 39
553 2 1 60.0 12.0 39
554 2 1 60.0 12.0 39
555 2 1 40.0 25.0 40
556 4 1 40.0 25.0 40
557 4 1 40.0 25.0 40
558 2 1 40.0 25.0 40
559 4 1 40.0 25.0 40
560 4 1 40.0 25.0 40
561 4 1 40.0 25.0 40
562 4 1 40.0 25.0 40
563 4 1 40.0 25.0 40
564 4 1 42.0 7.0 41
565 4 1 42.0 7.0 41
566 4 1 42.0 7.0 41
567 2 1 42.0 7.0 41
568 4 1 42.0 7.0 41
569 2 1 24.0 12.0 42
570 4 1 24.0 12.0 42
571 2 1 24.0 12.0 42
572 4 1 24.0 12.0 42
573 4 1 24.0 12.0 42
574 2 1 23.0 3.0 43
575 1 1 23.0 3.0 43
576 2 1 23.0 3.0 43
577 2 1 23.0 3.0 43
578 2 1 23.0 3.0 43
579 2 1 23.0 3.0 43
580 2 1 23.0 3.0 43
581 2 1 11.0 14.0 44
582 2 1 11.0 14.0 44
583 2 1 11.0 14.0 44
584 1 1 11.0 14.0 44
585 2 1 11.0 14.0 44
586 2 1 11.0 14.0 44
587 2 1 11.0 14.0 44
588 2 1 11.0 14.0 44
589 1 1 11.0 14.0 44
590 2 1 11.0 14.0 44
591 2 1 11.0 14.0 44
592 2 1 11.0 14.0 44
593 2 1 11.0 14.0 44
594 2 1 11.0 14.0 44
595 1 1 11.0 14.0 44
596 2 1 11.0 14.0 44
597 2 1 11.0 14.0 44
598 2 1 11.0 14.0 44
599 4 1 6.0 38.0 45
600 4 1 6.0 38.0 45
601 4 1 6.0 38.0 45
602 4 1 6.0 38.0 45
603 4 1 6.0 38.0 45
604 1 1 6.0 38.0 45
605 4 1 6.0 38.0 45
606 4 1 6.0 38.0 45
607 1 1 6.0 38.0 45
608 4 1 6.0 38.0 45
609 4 1 6.0 38.0 45
610 4 1 6.0 38.0 45
611 4 1 6.0 38.0 45
612 4 1 6.0 38.0 45
613 2 1 6.0 38.0 45
614 4 1 6.0 38.0 45
615 2 1 2.0 48.0 46
616 2 1 8.0 56.0 47
617 2 1 8.0 56.0 47
618 1 1 8.0 56.0 47
619 1 1 8.0 56.0 47
620 1 1 8.0 56.0 47
621 2 1 8.0 56.0 47
622 2 1 8.0 56.0 47
623 2 1 8.0 56.0 47
624 2 1 8.0 56.0 47
625 2 1 8.0 56.0 47
626 2 1 8.0 56.0 47
627 2 1 8.0 56.0 47
628 1 1 8.0 56.0 47
629 1 1 8.0 56.0 47
630 1 1 8.0 56.0 47
631 1 1 8.0 56.0 47
632 1 1 8.0 56.0 47
633 2 1 8.0 56.0 47
634 1 1 8.0 56.0 47
635 2 1 8.0 56.0 47
636 2 1 8.0 56.0 47
637 2 1 8.0 56.0 47
638 2 1 8.0 56.0 47
639 2 1 8.0 56.0 47
640 2 1 8.0 56.0 47
641 2 1 8.0 56.0 47
642 2 1 8.0 56.0 47
643 4 1 13.0 52.0 48
644 4 1 13.0 52.0 48
645 4 1 13.0 52.0 48
646 2 1 13.0 52.0 48
647 4 1 13.0 52.0 48
648 4 1 13.0 52.0 48
649 4 1 13.0 52.0 48
650 4 1 13.0 52.0 48
651 4 1 13.0 52.0 48
652 4 1 13.0 52.0 48
653 4 1 13.0 52.0 48
654 4 1 13.0 52.0 48
655 4 1 13.0 52.0 48
656 4 1 13.0 52.0 48
657 4 1 13.0 52.0 48
658 2 1 13.0 52.0 48
659 4 1 13.0 52.0 48
660 4 1 13.0 52.0 48
661 4 1 13.0 52.0 48
662 4 1 13.0 52.0 48
663 1 1 13.0 52.0 48
664 4 1 13.0 52.0 48
665 4 1 13.0 52.0 48
666 4 1 13.0 52.0 48
667 4 1 13.0 52.0 48
668 2 1 13.0 52.0 48
669 4 1 13.0 52.0 48
670 2 1 13.0 52.0 48
671 4 1 13.0 52.0 48
672 2 1 13.0 52.0 48
673 4 1 13.0 52.0 48
674 2 1 13.0 52.0 48
675 4 1 13.0 52.0 48
676 4 1 13.0 52.0 48
677 2 1 13.0 52.0 48
678 4 1 13.0 52.0 48
679 1 1 6.0 68.0 49
680 1 1 6.0 68.0 49
681 1 1 6.0 68.0 49
682 1 1 6.0 68.0 49
683 1 1 6.0 68.0 49
684 1 1 6.0 68.0 49
685 1 1 6.0 68.0 49
686 1 1 6.0 68.0 49
687 1 1 6.0 68.0 49
688 1 1 6.0 68.0 49
689 1 1 6.0 68.0 49
690 1 1 6.0 68.0 49
691 1 1 6.0 68.0 49
692 1 1 6.0 68.0 49
693 1 1 6.0 68.0 49
694 1 1 6.0 68.0 49
695 1 1 6.0 68.0 49
696 1 1 6.0 68.0 49
697 1 1 6.0 68.0 49
698 1 1 6.0 68.0 49
699 1 1 6.0 68.0 49
700 1 1 6.0 68.0 49
701 1 1 6.0 68.0 49
702 1 1 6.0 68.0 49
703 1 1 6.0 68.0 49
704 1 1 6.0 68.0 49
705 1 1 6.0 68.0 49
706 1 1 6.0 68.0 49
707 1 1 6.0 68.0 49
708 1 1 6.0 68.0 49
709 4 1 47.0 47.0 50
710 4 1 47.0 47.0 50
711 4 1 47.0 47.0 50
712 4 1 47.0 47.0 50
713 2 1 47.0 47.0 50
714 4 1 47.0 47.0 50
715 2 1 47.0 47.0 50
716 4 1 47.0 47.0 50
717 4 1 47.0 47.0 50
718 2 1 47.0 47.0 50
719 4 1 47.0 47.0 50
720 4 1 47.0 47.0 50
721 4 1 47.0 47.0 50
722 4 1 49.0 58.0 51
723 4 1 49.0 58.0 51
724 4 1 49.0 58.0 51
725 1 1 49.0 58.0 51
726 2 1 49.0 58.0 51
727 4 1 49.0 58.0 51
728 2 1 49.0 58.0 51
729 2 1 49.0 58.0 51
730 4 1 49.0 58.0 51
731 4 1 49.0 58.0 51
732 4 1 27.0 43.0 52
733 4 1 27.0 43.0 52
734 4 1 27.0 43.0 52
735 2 1 27.0 43.0 52
736 4 1 27.0 43.0 52
737 4 1 27.0 43.0 52
738 4 1 27.0 43.0 52
739 2 1 27.0 43.0 52
740 4 1 27.0 43.0 52
741 4 1 37.0 31.0 53
742 4 1 37.0 31.0 53
743 4 1 37.0 31.0 53
744 4 1 37.0 31.0 53
745 4 1 37.0 31.0 53
746 4 1 37.0 31.0 53
747 4 1 37.0 31.0 53
748 4 1 37.0 31.0 53
749 4 1 37.0 31.0 53
750 4 1 37.0 31.0 53
751 4 1 37.0 31.0 53
752 4 1 37.0 31.0 53
753 4 1 37.0 31.0 53
754 4 1 37.0 31.0 53
755 2 1 57.0 29.0 54
756 4 1 57.0 29.0 54
757 4 1 57.0 29.0 54
758 4 1 57.0 29.0 54
759 1 1 57.0 29.0 54
760 4 1 57.0 29.0 54
761 2 1 57.0 29.0 54
762 1 1 57.0 29.0 54
763 4 1 57.0 29.0 54
764 4 1 57.0 29.0 54
765 4 1 57.0 29.0 54
766 4 1 57.0 29.0 54
767 4 1 57.0 29.0 54
768 4 1 57.0 29.0 54
769 4 1 57.0 29.0 54
770 4 1 57.0 29.0 54
771 4 1 57.0 29.0 54
772 4 1 57.0 29.0 54
773 2 1 63.0 23.0 55
774 1 1 63.0 23.0 55
775 2 1 53.0 12.0 56
776 2 1 53.0 12.0 56
777 2 1 53.0 12.0 56
778 2 1 53.0 12.0 56
779 2 1 53.0 12.0 56
780 2 1 53.0 12.0 56
781 4 1 32.0 12.0 57
782 2 1 32.0 12.0 57
783 2 1 32.0 12.0 57
784 4 1 32.0 12.0 57
785 4 1 32.0 12.0 57
786 4 1 32.0 12.0 57
787 4 1 32.0 12.0 57
788 4 1 36.0 26.0 58
789 4 1 36.0 26.0 58
790 4 1 36.0 26.0 58
791 4 1 36.0 26.0 58
792 4 1 36.0 26.0 58
793 4 1 36.0 26.0 58
794 4 1 36.0 26.0 58
795 4 1 36.0 26.0 58
796 4 1 36.0 26.0 58
797 4 1 36.0 26.0 58
798 4 1 36.0 26.0 58
799 4 1 36.0 26.0 58
800 4 1 36.0 26.0 58
801 2 1 36.0 26.0 58
802 4 1 36.0 26.0 58
803 2 1 36.0 26.0 58
804 4 1 36.0 26.0 58
805 4 1 36.0 26.0 58
806 4 1 21.0 24.0 59
807 4 1 21.0 24.0 59
808 4 1 21.0 24.0 59
809 4 1 21.0 24.0 59
810 4 1 21.0 24.0 59
811 4 1 21.0 24.0 59
812 4 1 21.0 24.0 59
813 4 1 21.0 24.0 59
814 2 1 21.0 24.0 59
815 2 1 21.0 24.0 59
816 4 1 21.0 24.0 59
817 4 1 21.0 24.0 59
818 4 1 21.0 24.0 59
819 4 1 21.0 24.0 59
820 4 1 21.0 24.0 59
821 2 1 21.0 24.0 59
822 2 1 21.0 24.0 59
823 4 1 21.0 24.0 59
824 4 1 21.0 24.0 59
825 4 1 21.0 24.0 59
826 4 1 21.0 24.0 59
827 4 1 21.0 24.0 59
828 4 1 21.0 24.0 59
829 2 1 21.0 24.0 59
830 4 1 21.0 24.0 59
831 2 1 21.0 24.0 59
832 4 1 21.0 24.0 59
833 4 1 21.0 24.0 59
834 2 1 17.0 34.0 60
835 4 1 17.0 34.0 60
836 2 1 17.0 34.0 60
837 4 1 12.0 24.0 61
838 4 1 12.0 24.0 61
839 4 1 12.0 24.0 61
840 4 1 12.0 24.0 61
841 4 1 12.0 24.0 61
842 2 1 12.0 24.0 61
843 4 1 12.0 24.0 61
844 4 1 12.0 24.0 61
845 4 1 12.0 24.0 61
846 4 1 12.0 24.0 61
847 1 1 12.0 24.0 61
848 4 1 12.0 24.0 61
849 4 1 12.0 24.0 61
850 2 1 24.0 58.0 62
851 4 1 24.0 58.0 62
852 4 1 24.0 58.0 62
853 4 1 24.0 58.0 62
854 1 1 24.0 58.0 62
855 4 1 24.0 58.0 62
856 4 1 24.0 58.0 62
857 4 1 24.0 58.0 62
858 4 1 24.0 58.0 62
859 4 1 24.0 58.0 62
860 4 1 24.0 58.0 62
861 4 1 24.0 58.0 62
862 4 1 24.0 58.0 62
863 4 1 24.0 58.0 62
864 4 1 24.0 58.0 62
865 4 1 24.0 58.0 62
866 4 1 24.0 58.0 62
867 4 1 24.0 58.0 62
868 4 1 24.0 58.0 62
869 2 1 27.0 69.0 63
870 2 1 27.0 69.0 63
871 2 1 27.0 69.0 63
872 2 1 27.0 69.0 63
873 2 1 27.0 69.0 63
874 2 1 27.0 69.0 63
875 1 1 27.0 69.0 63
876 2 1 27.0 69.0 63
877 2 1 27.0 69.0 63
878 2 1 27.0 69.0 63
879 1 1 15.0 77.0 64
880 1 1 15.0 77.0 64
881 1 1 15.0 77.0 64
882 1 1 15.0 77.0 64
883 1 1 15.0 77.0 64
884 1 1 15.0 77.0 64
885 1 1 15.0 77.0 64
886 1 1 15.0 77.0 64
887 1 1 15.0 77.0 64
888 1 1 62.0 77.0 65
889 1 1 62.0 77.0 65
890 1 1 62.0 77.0 65
891 1 1 62.0 77.0 65
892 1 1 62.0 77.0 65
893 1 1 62.0 77.0 65
894 1 1 62.0 77.0 65
895 1 1 62.0 77.0 65
896 1 1 62.0 77.0 65
897 1 1 62.0 77.0 65
898 1 1 62.0 77.0 65
899 1 1 62.0 77.0 65
900 1 1 62.0 77.0 65
901 1 1 62.0 77.0 65
902 1 1 62.0 77.0 65
903 1 1 62.0 77.0 65
904 1 1 62.0 77.0 65
905 1 1 62.0 77.0 65
906 1 1 62.0 77.0 65
907 1 1 62.0 77.0 65
908 2 1 49.0 73.0 66
909 2 1 49.0 73.0 66
910 2 1 49.0 73.0 66
911 2 1 49.0 73.0 66
912 2 1 49.0 73.0 66
913 2 1 49.0 73.0 66
914 2 1 49.0 73.0 66
915 2 1 49.0 73.0 66
916 1 1 49.0 73.0 66
917 1 1 49.0 73.0 66
918 1 1 49.0 73.0 66
919 2 1 49.0 73.0 66
920 1 1 49.0 73.0 66
921 2 1 49.0 73.0 66
922 2 1 49.0 73.0 66
923 2 1 49.0 73.0 66
924 2 1 49.0 73.0 66
925 2 1 49.0 73.0 66
926 2 1 49.0 73.0 66
927 1 1 49.0 73.0 66
928 2 1 49.0 73.0 66
929 2 1 49.0 73.0 66
930 2 1 49.0 73.0 66
931 2 1 49.0 73.0 66
932 2 1 49.0 73.0 66
933 1 1 67.0 5.0 67
934 1 1 67.0 5.0 67
935 1 1 67.0 5.0 67
936 1 1 67.0 5.0 67
937 1 1 67.0 5.0 67
938 1 1 67.0 5.0 67
939 1 1 67.0 5.0 67
940 1 1 67.0 5.0 67
941 1 1 67.0 5.0 67
942 1 1 67.0 5.0 67
943 1 1 67.0 5.0 67
944 1 1 67.0 5.0 67
945 1 1 67.0 5.0 67
946 1 1 67.0 5.0 67
947 1 1 67.0 5.0 67
948 1 1 67.0 5.0 67
949 1 1 67.0 5.0 67
950 1 1 67.0 5.0 67
951 1 1 67.0 5.0 67
952 1 1 67.0 5.0 67
953 1 1 67.0 5.0 67
954 1 1 67.0 5.0 67
955 1 1 67.0 5.0 67
956 1 1 67.0 5.0 67
957 1 1 67.0 5.0 67
958 4 1 56.0 39.0 68
959 4 1 56.0 39.0 68
960 4 1 56.0 39.0 68
961 4 1 56.0 39.0 68
962 4 1 56.0 39.0 68
963 4 1 56.0 39.0 68
964 2 1 56.0 39.0 68
965 4 1 56.0 39.0 68
966 4 1 56.0 39.0 68
967 1 1 56.0 39.0 68
968 4 1 56.0 39.0 68
969 4 1 56.0 39.0 68
970 2 1 56.0 39.0 68
971 4 1 56.0 39.0 68
972 1 1 56.0 39.0 68
973 4 1 56.0 39.0 68
974 4 1 56.0 39.0 68
975 2 1 56.0 39.0 68
976 4 1 56.0 39.0 68
977 4 1 56.0 39.0 68
978 4 1 56.0 39.0 68
979 4 1 56.0 39.0 68
980 4 1 56.0 39.0 68
981 4 1 56.0 39.0 68
982 4 1 56.0 39.0 68
983 4 1 56.0 39.0 68
984 4 1 56.0 39.0 68
985 4 1 56.0 39.0 68
986 4 1 56.0 39.0 68
987 4 1 56.0 39.0 68
988 4 1 56.0 39.0 68
989 4 1 56.0 39.0 68
990 4 1 56.0 39.0 68
991 4 1 56.0 39.0 68
992 4 1 56.0 39.0 68
993 2 1 56.0 39.0 68
994 4 1 37.0 47.0 69
995 2 1 37.0 47.0 69
996 4 1 37.0 47.0 69
997 4 1 37.0 47.0 69
998 4 1 37.0 47.0 69
999 4 1 37.0 47.0 69
1000 4 1 37.0 56.0 70
1001 1 1 37.0 56.0 70
1002 2 1 37.0 56.0 70
1003 4 1 37.0 56.0 70
1004 2 1 37.0 56.0 70
1005 1 1 57.0 68.0 71
1006 2 1 57.0 68.0 71
1007 2 1 57.0 68.0 71
1008 2 1 57.0 68.0 71
1009 2 1 57.0 68.0 71
1010 2 1 57.0 68.0 71
1011 2 1 57.0 68.0 71
1012 2 1 57.0 68.0 71
1013 2 1 57.0 68.0 71
1014 2 1 57.0 68.0 71
1015 2 1 57.0 68.0 71
1016 2 1 57.0 68.0 71
1017 2 1 57.0 68.0 71
1018 2 1 57.0 68.0 71
1019 2 1 57.0 68.0 71
1020 4 1 47.0 16.0 72
1021 4 1 47.0 16.0 72
1022 4 1 47.0 16.0 72
1023 4 1 47.0 16.0 72
1024 2 1 47.0 16.0 72
1025 4 1 47.0 16.0 72
1026 4 1 47.0 16.0 72
1027 4 1 47.0 16.0 72
1028 4 1 47.0 16.0 72
1029 4 1 47.0 16.0 72
1030 4 1 47.0 16.0 72
1031 2 1 47.0 16.0 72
1032 4 1 47.0 16.0 72
1033 4 1 47.0 16.0 72
1034 4 1 47.0 16.0 72
1035 2 1 47.0 16.0 72
1036 4 1 47.0 16.0 72
1037 4 1 47.0 16.0 72
1038 4 1 47.0 16.0 72
1039 4 1 47.0 16.0 72
1040 4 1 47.0 16.0 72
1041 4 1 47.0 16.0 72
1042 4 1 47.0 16.0 72
1043 4 1 47.0 16.0 72
1044 4 1 47.0 16.0 72
1045 2 1 44.0 17.0 73
1046 4 1 44.0 17.0 73
1047 2 1 44.0 17.0 73
1048 4 1 44.0 17.0 73
1049 4 1 44.0 17.0 73
1050 2 1 44.0 17.0 73
1051 4 1 44.0 17.0 73
1052 4 1 44.0 17.0 73
1053 4 1 44.0 17.0 73
1054 4 1 46.0 13.0 74
1055 4 1 46.0 13.0 74
1056 4 1 46.0 13.0 74
1057 4 1 46.0 13.0 74
1058 4 1 46.0 13.0 74
1059 4 1 46.0 13.0 74
1060 4 1 46.0 13.0 74
1061 4 1 46.0 13.0 74
1062 4 1 49.0 11.0 75
1063 4 1 49.0 11.0 75
1064 4 1 49.0 11.0 75
1065 1 1 49.0 11.0 75
1066 4 1 49.0 11.0 75
1067 4 1 49.0 11.0 75
1068 4 1 49.0 11.0 75
1069 4 1 49.0 11.0 75
1070 2 1 49.0 11.0 75
1071 4 1 49.0 11.0 75
1072 4 1 49.0 11.0 75
1073 2 1 49.0 11.0 75
1074 4 1 49.0 11.0 75
1075 2 1 49.0 11.0 75
1076 4 1 49.0 11.0 75
1077 4 1 49.0 11.0 75
1078 1 1 49.0 11.0 75
1079 4 1 49.0 11.0 75
1080 4 1 49.0 42.0 76
1081 4 1 49.0 42.0 76
1082 4 1 49.0 42.0 76
1083 4 1 49.0 42.0 76
1084 2 1 49.0 42.0 76
1085 4 1 49.0 42.0 76
1086 4 1 49.0 42.0 76
1087 4 1 49.0 42.0 76
1088 4 1 49.0 42.0 76
1089 4 1 49.0 42.0 76
1090 2 1 49.0 42.0 76
1091 4 1 49.0 42.0 76
1092 4 1 49.0 42.0 76
1093 4 1 53.0 43.0 77
1094 1 1 53.0 43.0 77
1095 4 1 53.0 43.0 77
1096 4 1 53.0 43.0 77
1097 4 1 53.0 43.0 77
1098 4 1 53.0 43.0 77
1099 4 1 53.0 43.0 77
1100 4 1 53.0 43.0 77
1101 4 1 53.0 43.0 77
1102 2 1 53.0 43.0 77
1103 4 1 53.0 43.0 77
1104 2 1 53.0 43.0 77
1105 1 1 53.0 43.0 77
1106 1 1 53.0 43.0 77
1107 4 1 61.0 52.0 78
1108 1 1 61.0 52.0 78
1109 4 1 61.0 52.0 78
1110 4 1 57.0 48.0 79
1111 4 1 57.0 48.0 79
1112 4 1 57.0 48.0 79
1113 1 1 57.0 48.0 79
1114 4 1 57.0 48.0 79
1115 4 1 57.0 48.0 79
1116 4 1 57.0 48.0 79
1117 4 1 57.0 48.0 79
1118 4 1 57.0 48.0 79
1119 4 1 57.0 48.0 79
1120 4 1 57.0 48.0 79
1121 1 1 57.0 48.0 79
1122 1 1 57.0 48.0 79
1123 4 1 57.0 48.0 79
1124 4 1 57.0 48.0 79
1125 4 1 57.0 48.0 79
1126 4 1 57.0 48.0 79
1127 1 1 57.0 48.0 79
1128 4 1 57.0 48.0 79
1129 4 1 57.0 48.0 79
1130 4 1 57.0 48.0 79
1131 1 1 57.0 48.0 79
1132 4 1 57.0 48.0 79
1133 2 1 56.0 37.0 80
1134 4 1 56.0 37.0 80
1135 4 1 56.0 37.0 80
1136 4 1 56.0 37.0 80
1137 4 1 56.0 37.0 80
1138 4 1 56.0 37.0 80
1139 4 1 55.0 54.0 81
1140 4 1 55.0 54.0 81
1141 4 1 55.0 54.0 81
1142 4 1 55.0 54.0 81
1143 4 1 55.0 54.0 81
1144 4 1 55.0 54.0 81
1145 4 1 55.0 54.0 81
1146 4 1 55.0 54.0 81
1147 4 1 55.0 54.0 81
1148 4 1 55.0 54.0 81
1149 4 1 55.0 54.0 81
1150 4 1 55.0 54.0 81
1151 4 1 55.0 54.0 81
1152 4 1 55.0 54.0 81
1153 4 1 55.0 54.0 81
1154 4 1 55.0 54.0 81
1155 1 1 55.0 54.0 81
1156 4 1 55.0 54.0 81
1157 4 1 55.0 54.0 81
1158 4 1 55.0 54.0 81
1159 4 1 55.0 54.0 81
1160 4 1 55.0 54.0 81
1161 4 1 55.0 54.0 81
1162 2 1 55.0 54.0 81
1163 4 1 55.0 54.0 81
1164 4 1 55.0 54.0 81
1165 1 1 15.0 47.0 82
1166 4 1 15.0 47.0 82
1167 4 1 15.0 47.0 82
1168 2 1 15.0 47.0 82
1169 4 1 15.0 47.0 82
1170 4 1 15.0 47.0 82
1171 1 1 15.0 47.0 82
1172 4 1 15.0 47.0 82
1173 1 1 15.0 47.0 82
1174 4 1 15.0 47.0 82
1175 4 1 15.0 47.0 82
1176 4 1 15.0 47.0 82
1177 4 1 15.0 47.0 82
1178 2 1 15.0 47.0 82
1179 4 1 15.0 47.0 82
1180 2 1 15.0 47.0 82
1181 2 1 14.0 37.0 83
1182 2 1 14.0 37.0 83
1183 4 1 14.0 37.0 83
1184 4 1 14.0 37.0 83
1185 4 1 14.0 37.0 83
1186 4 1 14.0 37.0 83
1187 1 1 14.0 37.0 83
1188 4 1 14.0 37.0 83
1189 4 1 14.0 37.0 83
1190 4 1 14.0 37.0 83
1191 4 1 14.0 37.0 83
1192 4 1 11.0 31.0 84
1193 4 1 11.0 31.0 84
1194 4 1 11.0 31.0 84
1195 4 1 11.0 31.0 84
1196 1 1 11.0 31.0 84
1197 4 1 11.0 31.0 84
1198 4 1 11.0 31.0 84
1199 4 1 16.0 22.0 85
1200 4 1 16.0 22.0 85
1201 4 1 16.0 22.0 85
1202 4 1 16.0 22.0 85
1203 4 1 16.0 22.0 85
1204 4 1 16.0 22.0 85
1205 4 1 16.0 22.0 85
1206 4 1 16.0 22.0 85
1207 1 1 16.0 22.0 85
1208 4 1 16.0 22.0 85
1209 4 1 16.0 22.0 85
1210 1 1 16.0 22.0 85
1211 4 1 16.0 22.0 85
1212 4 1 16.0 22.0 85
1213 4 1 16.0 22.0 85
1214 4 1 16.0 22.0 85
1215 4 1 16.0 22.0 85
1216 4 1 16.0 22.0 85
1217 4 1 16.0 22.0 85
1218 1 1 16.0 22.0 85
1219 4 1 16.0 22.0 85
1220 4 1 16.0 22.0 85
1221 4 1 16.0 22.0 85
1222 4 1 16.0 22.0 85
1223 4 1 16.0 22.0 85
1224 4 1 16.0 22.0 85
1225 4 1 16.0 22.0 85
1226 4 1 16.0 22.0 85
1227 4 1 16.0 22.0 85
1228 4 1 16.0 22.0 85
1229 4 1 16.0 22.0 85
1230 4 1 16.0 22.0 85
1231 1 1 16.0 22.0 85
1232 4 1 16.0 22.0 85
1233 4 1 16.0 22.0 85
1234 4 1 16.0 22.0 85
1235 1 1 16.0 22.0 85
1236 4 1 16.0 22.0 85
1237 4 1 16.0 22.0 85
1238 4 1 16.0 22.0 85
1239 4 1 16.0 22.0 85
1240 2 1 4.0 18.0 86
1241 2 1 4.0 18.0 86
1242 2 1 4.0 18.0 86
1243 2 1 4.0 18.0 86
1244 2 1 4.0 18.0 86
1245 1 1 4.0 18.0 86
1246 2 1 4.0 18.0 86
1247 2 1 4.0 18.0 86
1248 2 1 4.0 18.0 86
1249 2 1 4.0 18.0 86
1250 1 1 4.0 18.0 86
1251 2 1 4.0 18.0 86
1252 1 1 4.0 18.0 86
1253 2 1 4.0 18.0 86
1254 2 1 4.0 18.0 86
1255 2 1 4.0 18.0 86
1256 2 1 4.0 18.0 86
1257 2 1 4.0 18.0 86
1258 1 1 4.0 18.0 86
1259 2 1 4.0 18.0 86
1260 2 1 4.0 18.0 86
1261 1 1 4.0 18.0 86
1262 1 1 4.0 18.0 86
1263 2 1 4.0 18.0 86
1264 2 1 4.0 18.0 86
1265 2 1 4.0 18.0 86
1266 1 1 4.0 18.0 86
1267 1 1 4.0 18.0 86
1268 2 1 4.0 18.0 86
1269 1 1 4.0 18.0 86
1270 2 1 4.0 18.0 86
1271 2 1 4.0 18.0 86
1272 1 1 4.0 18.0 86
1273 2 1 4.0 18.0 86
1274 2 1 4.0 18.0 86
1275 4 1 28.0 18.0 87
1276 4 1 28.0 18.0 87
1277 4 1 28.0 18.0 87
1278 1 1 28.0 18.0 87
1279 4 1 28.0 18.0 87
1280 4 1 28.0 18.0 87
1281 2 1 28.0 18.0 87
1282 1 1 28.0 18.0 87
1283 4 1 28.0 18.0 87
1284 2 1 28.0 18.0 87
1285 4 1 28.0 18.0 87
1286 2 1 28.0 18.0 87
1287 4 1 28.0 18.0 87
1288 4 1 28.0 18.0 87
1289 4 1 28.0 18.0 87
1290 4 1 28.0 18.0 87
1291 2 1 28.0 18.0 87
1292 1 1 28.0 18.0 87
1293 4 1 28.0 18.0 87
1294 2 1 28.0 18.0 87
1295 4 1 28.0 18.0 87
1296 4 1 28.0 18.0 87
1297 2 1 28.0 18.0 87
1298 4 1 28.0 18.0 87
1299 4 1 28.0 18.0 87
1300 2 1 28.0 18.0 87
1301 2 1 26.0 52.0 88
1302 2 1 26.0 52.0 88
1303 4 1 26.0 52.0 88
1304 4 1 26.0 52.0 88
1305 4 1 26.0 52.0 88
1306 4 1 26.0 52.0 88
1307 1 1 26.0 52.0 88
1308 4 1 26.0 52.0 88
1309 2 1 26.0 52.0 88
1310 4 1 26.0 35.0 89
1311 4 1 26.0 35.0 89
1312 4 1 26.0 35.0 89
1313 4 1 26.0 35.0 89
1314 4 1 26.0 35.0 89
1315 4 1 26.0 35.0 89
1316 4 1 26.0 35.0 89
1317 4 1 26.0 35.0 89
1318 4 1 26.0 35.0 89
1319 4 1 26.0 35.0 89
1320 4 1 26.0 35.0 89
1321 4 1 26.0 35.0 89
1322 4 1 26.0 35.0 89
1323 4 1 26.0 35.0 89
1324 4 1 26.0 35.0 89
1325 4 1 31.0 67.0 90
1326 4 1 31.0 67.0 90
1327 2 1 31.0 67.0 90
1328 2 1 15.0 19.0 91
1329 4 1 22.0 22.0 92
1330 4 1 22.0 22.0 92
1331 4 1 18.0 24.0 93
1332 1 1 18.0 24.0 93
1333 4 1 18.0 24.0 93
1334 4 1 18.0 24.0 93
1335 4 1 18.0 24.0 93
1336 4 1 18.0 24.0 93
1337 4 1 18.0 24.0 93
1338 2 1 18.0 24.0 93
1339 4 1 18.0 24.0 93
1340 4 1 18.0 24.0 93
1341 4 1 18.0 24.0 93
1342 2 1 18.0 24.0 93
1343 4 1 18.0 24.0 93
1344 4 1 18.0 24.0 93
1345 1 1 18.0 24.0 93
1346 4 1 18.0 24.0 93
1347 2 1 18.0 24.0 93
1348 4 1 18.0 24.0 93
1349 4 1 18.0 24.0 93
1350 4 1 18.0 24.0 93
1351 1 1 18.0 24.0 93
1352 4 1 18.0 24.0 93
1353 4 1 26.0 27.0 94
1354 2 1 26.0 27.0 94
1355 4 1 26.0 27.0 94
1356 4 1 26.0 27.0 94
1357 4 1 26.0 27.0 94
1358 4 1 26.0 27.0 94
1359 4 1 26.0 27.0 94
1360 4 1 26.0 27.0 94
1361 4 1 26.0 27.0 94
1362 4 1 26.0 27.0 94
1363 2 1 26.0 27.0 94
1364 2 1 26.0 27.0 94
1365 4 1 26.0 27.0 94
1366 2 1 26.0 27.0 94
1367 4 1 26.0 27.0 94
1368 4 1 26.0 27.0 94
1369 4 1 26.0 27.0 94
1370 2 1 26.0 27.0 94
1371 4 1 26.0 27.0 94
1372 4 1 26.0 27.0 94
1373 4 1 26.0 27.0 94
1374 4 1 26.0 27.0 94
1375 4 1 26.0 27.0 94
1376 4 1 26.0 27.0 94
1377 2 1 26.0 27.0 94
1378 4 1 26.0 27.0 94
1379 4 1 26.0 27.0 94
1380 4 1 25.0 24.0 95
1381 2 1 25.0 24.0 95
1382 4 1 25.0 24.0 95
1383 4 1 25.0 24.0 95
1384 4 1 25.0 24.0 95
1385 4 1 25.0 24.0 95
1386 4 1 25.0 24.0 95
1387 2 1 25.0 24.0 95
1388 4 1 25.0 24.0 95
1389 4 1 25.0 24.0 95
1390 4 1 25.0 24.0 95
1391 4 1 25.0 24.0 95
1392 4 1 25.0 24.0 95
1393 4 1 25.0 24.0 95
1394 4 1 25.0 24.0 95
1395 2 1 25.0 24.0 95
1396 4 1 25.0 24.0 95
1397 4 1 25.0 24.0 95
1398 4 1 25.0 24.0 95
1399 2 1 25.0 24.0 95
1400 4 1 22.0 27.0 96
1401 4 1 22.0 27.0 96
1402 4 1 22.0 27.0 96
1403 4 1 22.0 27.0 96
1404 4 1 22.0 27.0 96
1405 4 1 22.0 27.0 96
1406 4 1 22.0 27.0 96
1407 2 1 22.0 27.0 96
1408 4 1 22.0 27.0 96
1409 4 1 22.0 27.0 96
1410 4 1 22.0 27.0 96
1411 4 1 25.0 21.0 97
1412 4 1 25.0 21.0 97
1413 2 1 25.0 21.0 97
1414 4 1 25.0 21.0 97
1415 4 1 25.0 21.0 97
1416 4 1 25.0 21.0 97
1417 4 1 25.0 21.0 97
1418 4 1 25.0 21.0 97
1419 4 1 25.0 21.0 97
1420 4 1 25.0 21.0 97
1421 2 1 25.0 21.0 97
1422 4 1 25.0 21.0 97
1423 4 1 19.0 21.0 98
1424 4 1 19.0 21.0 98
1425 2 1 19.0 21.0 98
1426 4 1 19.0 21.0 98
1427 4 1 19.0 21.0 98
1428 4 1 19.0 21.0 98
1429 4 1 19.0 21.0 98
1430 4 1 19.0 21.0 98
1431 4 1 19.0 21.0 98
1432 2 1 19.0 21.0 98
1433 4 1 20.0 26.0 99
1434 4 1 20.0 26.0 99
1435 4 1 20.0 26.0 99
1436 4 1 20.0 26.0 99
1437 4 1 20.0 26.0 99
1438 4 1 20.0 26.0 99
1439 4 1 20.0 26.0 99
1440 4 1 20.0 26.0 99
1441 4 1 20.0 26.0 99
1442 4 1 18.0 18.0 100
1443 4 1 18.0 18.0 100
1444 4 1 18.0 18.0 100
1445 4 1 18.0 18.0 100
1446 4 1 18.0 18.0 100
1447 4 1 18.0 18.0 100
1448 4 1 18.0 18.0 100
1449 2 1 18.0 18.0 100
1450 4 1 18.0 18.0 100
1451 4 1 18.0 18.0 100
1452 4 1 18.0 18.0 100
1453 4 1 18.0 18.0 100
1454 4 1 18.0 18.0 100
1455 4 1 18.0 18.0 100
1456 1 1 18.0 18.0 100
1457 4 1 18.0 18.0 100
1458 4 1 18.0 18.0 100
1459 4 1 37.0 52.0 101
1460 2 1 37.0 52.0 101
1461 2 1 37.0 52.0 101
1462 4 1 37.0 52.0 101
1463 4 1 37.0 52.0 101
1464 4 1 37.0 52.0 101
1465 2 1 37.0 52.0 101
1466 4 1 49.0 49.0 102
1467 4 1 49.0 49.0 102
1468 4 1 49.0 49.0 102
1469 1 1 49.0 49.0 102
1470 4 1 49.0 49.0 102
1471 4 1 49.0 49.0 102
1472 1 1 49.0 49.0 102
1473 4 1 49.0 49.0 102
1474 4 1 49.0 49.0 102
1475 1 1 49.0 49.0 102
1476 4 1 49.0 49.0 102
1477 4 1 49.0 49.0 102
1478 4 1 49.0 49.0 102
1479 2 1 49.0 49.0 102
1480 2 1 49.0 49.0 102
1481 4 1 49.0 49.0 102
1482 4 1 49.0 49.0 102
1483 4 1 49.0 49.0 102
1484 4 1 49.0 49.0 102
1485 4 1 49.0 49.0 102
1486 4 1 49.0 49.0 102
1487 2 1 49.0 49.0 102
1488 4 1 49.0 49.0 102
1489 4 1 49.0 49.0 102
1490 2 1 49.0 49.0 102
1491 4 1 49.0 49.0 102
1492 4 1 49.0 49.0 102
1493 4 1 49.0 49.0 102
1494 4 1 49.0 49.0 102
1495 4 1 49.0 49.0 102
1496 2 1 52.0 64.0 103
1497 2 1 52.0 64.0 103
1498 2 1 52.0 64.0 103
1499 2 1 52.0 64.0 103
1500 2 1 52.0 64.0 103
1501 2 1 52.0 64.0 103
1502 2 1 52.0 64.0 103
1503 2 1 52.0 64.0 103
1504 2 1 52.0 64.0 103
1505 2 1 52.0 64.0 103
1506 2 1 52.0 64.0 103
1507 2 1 52.0 64.0 103
1508 2 1 52.0 64.0 103
1509 2 1 52.0 64.0 103
1510 2 1 52.0 64.0 103
1511 2 1 52.0 64.0 103
1512 4 1 20.0 26.0 104
1513 4 1 20.0 26.0 104
1514 4 1 20.0 26.0 104
1515 4 1 20.0 26.0 104
1516 4 1 20.0 26.0 104
1517 4 1 20.0 26.0 104
1518 2 1 20.0 26.0 104
1519 4 1 20.0 26.0 104
1520 4 1 20.0 26.0 104
1521 4 1 40.0 30.0 105
1522 4 1 40.0 30.0 105
1523 4 1 40.0 30.0 105
1524 4 1 40.0 30.0 105
1525 4 1 40.0 30.0 105
1526 4 1 40.0 30.0 105
1527 4 1 40.0 30.0 105
1528 4 1 40.0 30.0 105
1529 4 1 40.0 30.0 105
1530 4 1 40.0 30.0 105
1531 4 1 40.0 30.0 105
1532 4 1 40.0 30.0 105
1533 4 1 40.0 30.0 105
1534 4 1 40.0 30.0 105
1535 4 1 40.0 30.0 105
1536 4 1 40.0 30.0 105
1537 4 1 40.0 30.0 105
1538 4 1 40.0 30.0 105
1539 4 1 40.0 30.0 105
1540 4 1 40.0 30.0 105
1541 4 1 40.0 30.0 105
1542 4 1 21.0 47.0 106
1543 4 1 21.0 47.0 106
1544 4 1 21.0 47.0 106
1545 4 1 21.0 47.0 106
1546 4 1 21.0 47.0 106
1547 4 1 21.0 47.0 106
1548 2 1 21.0 47.0 106
1549 4 1 21.0 47.0 106
1550 4 1 21.0 47.0 106
1551 4 1 21.0 47.0 106
1552 4 1 21.0 47.0 106
1553 4 1 21.0 47.0 106
1554 4 1 21.0 47.0 106
1555 1 1 21.0 47.0 106
1556 4 1 21.0 47.0 106
1557 2 1 17.0 63.0 107
1558 1 1 17.0 63.0 107
1559 2 1 17.0 63.0 107
1560 2 1 17.0 63.0 107
1561 2 1 17.0 63.0 107
1562 2 1 17.0 63.0 107
1563 2 1 17.0 63.0 107
1564 2 1 17.0 63.0 107
1565 2 1 17.0 63.0 107
1566 2 1 17.0 63.0 107
1567 2 1 17.0 63.0 107
1568 1 1 17.0 63.0 107
1569 2 1 17.0 63.0 107
1570 2 1 17.0 63.0 107
1571 2 1 17.0 63.0 107
1572 2 1 17.0 63.0 107
1573 2 1 17.0 63.0 107
1574 2 1 17.0 63.0 107
1575 2 1 17.0 63.0 107
1576 4 1 31.0 62.0 108
1577 4 1 31.0 62.0 108
1578 4 1 31.0 62.0 108
1579 4 1 31.0 62.0 108
1580 4 1 31.0 62.0 108
1581 4 1 31.0 62.0 108
1582 4 1 31.0 62.0 108
1583 4 1 31.0 62.0 108
1584 4 1 31.0 62.0 108
1585 4 1 31.0 62.0 108
1586 4 1 31.0 62.0 108
1587 4 1 31.0 62.0 108
1588 2 1 31.0 62.0 108
1589 4 1 31.0 62.0 108
1590 4 1 31.0 62.0 108
1591 4 1 31.0 62.0 108
1592 2 1 31.0 62.0 108
1593 4 1 31.0 62.0 108
1594 4 1 31.0 62.0 108
1595 4 1 31.0 62.0 108
1596 4 1 31.0 62.0 108
1597 4 1 31.0 62.0 108
1598 4 1 31.0 62.0 108
1599 4 1 52.0 33.0 109
1600 4 1 52.0 33.0 109
1601 1 1 52.0 33.0 109
1602 4 1 52.0 33.0 109
1603 4 1 52.0 33.0 109
1604 4 1 52.0 33.0 109
1605 4 1 52.0 33.0 109
1606 4 1 52.0 33.0 109
1607 4 1 52.0 33.0 109
1608 4 1 52.0 33.0 109
1609 4 1 52.0 33.0 109
1610 4 1 51.0 21.0 110
1611 4 1 51.0 21.0 110
1612 1 1 51.0 21.0 110
1613 4 1 51.0 21.0 110
1614 4 1 51.0 21.0 110
1615 4 1 42.0 41.0 111
1616 2 1 42.0 41.0 111
1617 4 1 42.0 41.0 111
1618 4 1 42.0 41.0 111
1619 4 1 42.0 41.0 111
1620 4 1 42.0 41.0 111
1621 4 1 42.0 41.0 111
1622 4 1 42.0 41.0 111
1623 4 1 42.0 41.0 111
1624 4 1 42.0 41.0 111
1625 4 1 42.0 41.0 111
1626 4 1 42.0 41.0 111
1627 4 1 42.0 41.0 111
1628 2 1 42.0 41.0 111
1629 4 1 42.0 41.0 111
1630 4 1 42.0 41.0 111
1631 4 1 42.0 41.0 111
1632 4 1 42.0 41.0 111
1633 4 1 42.0 41.0 111
1634 4 1 31.0 32.0 112
1635 4 1 31.0 32.0 112
1636 4 1 31.0 32.0 112
1637 4 1 31.0 32.0 112
1638 4 1 31.0 32.0 112
1639 4 1 31.0 32.0 112
1640 4 1 31.0 32.0 112
1641 4 1 31.0 32.0 112
1642 4 1 31.0 32.0 112
1643 4 1 31.0 32.0 112
1644 4 1 31.0 32.0 112
1645 4 1 31.0 32.0 112
1646 4 1 31.0 32.0 112
1647 4 1 31.0 32.0 112
1648 4 1 31.0 32.0 112
1649 4 1 31.0 32.0 112
1650 4 1 31.0 32.0 112
1651 4 1 31.0 32.0 112
1652 4 1 31.0 32.0 112
1653 4 1 31.0 32.0 112
1654 4 1 31.0 32.0 112
1655 4 1 31.0 32.0 112
1656 4 1 31.0 32.0 112
1657 4 1 31.0 32.0 112
1658 4 1 31.0 32.0 112
1659 4 1 31.0 32.0 112
1660 4 1 31.0 32.0 112
1661 4 1 31.0 32.0 112
1662 4 1 31.0 32.0 112
1663 2 1 5.0 25.0 113
1664 2 1 5.0 25.0 113
1665 2 1 5.0 25.0 113
1666 1 1 5.0 25.0 113
1667 2 1 5.0 25.0 113
1668 1 1 5.0 25.0 113
1669 2 1 5.0 25.0 113
1670 2 1 5.0 25.0 113
1671 2 1 5.0 25.0 113
1672 2 1 5.0 25.0 113
1673 2 1 5.0 25.0 113
1674 2 1 5.0 25.0 113
1675 2 1 5.0 25.0 113
1676 2 1 5.0 25.0 113
1677 2 1 5.0 25.0 113
1678 2 1 5.0 25.0 113
1679 2 1 5.0 25.0 113
1680 2 1 5.0 25.0 113
1681 2 1 5.0 25.0 113
1682 2 1 5.0 25.0 113
1683 2 1 5.0 25.0 113
1684 1 1 5.0 25.0 113
1685 2 1 5.0 25.0 113
1686 4 1 12.0 42.0 114
1687 4 1 12.0 42.0 114
1688 4 1 12.0 42.0 114
1689 1 1 12.0 42.0 114
1690 4 1 12.0 42.0 114
1691 4 1 12.0 42.0 114
1692 4 1 12.0 42.0 114
1693 4 1 12.0 42.0 114
1694 4 1 12.0 42.0 114
1695 1 1 12.0 42.0 114
1696 4 1 12.0 42.0 114
1697 4 1 12.0 42.0 114
1698 1 1 12.0 42.0 114
1699 4 1 12.0 42.0 114
1700 4 1 12.0 42.0 114
1701 2 1 12.0 42.0 114
1702 4 1 12.0 42.0 114
1703 4 1 12.0 42.0 114
1704 4 1 12.0 42.0 114
1705 4 1 12.0 42.0 114
1706 4 1 12.0 42.0 114
1707 2 1 36.0 16.0 115
1708 4 1 36.0 16.0 115
1709 4 1 36.0 16.0 115
1710 1 1 36.0 16.0 115
1711 4 1 36.0 16.0 115
1712 1 1 36.0 16.0 115
1713 4 1 36.0 16.0 115
1714 4 1 36.0 16.0 115
1715 4 1 36.0 16.0 115
1716 4 1 36.0 16.0 115
1717 4 1 52.0 41.0 116
1718 4 1 52.0 41.0 116
1719 2 1 52.0 41.0 116
1720 2 1 52.0 41.0 116
1721 4 1 52.0 41.0 116
1722 4 1 52.0 41.0 116
1723 4 1 52.0 41.0 116
1724 4 1 52.0 41.0 116
1725 4 1 52.0 41.0 116
1726 4 1 52.0 41.0 116
1727 4 1 52.0 41.0 116
1728 4 1 52.0 41.0 116
1729 2 1 52.0 41.0 116
1730 1 1 52.0 41.0 116
1731 4 1 52.0 41.0 116
1732 4 1 27.0 23.0 117
1733 2 1 27.0 23.0 117
1734 4 1 27.0 23.0 117
1735 4 1 17.0 33.0 118
1736 4 1 17.0 33.0 118
1737 4 1 17.0 33.0 118
1738 4 1 17.0 33.0 118
1739 1 1 17.0 33.0 118
1740 4 1 17.0 33.0 118
1741 4 1 17.0 33.0 118
1742 4 1 17.0 33.0 118
1743 4 1 17.0 33.0 118
1744 4 1 17.0 33.0 118
1745 2 1 17.0 33.0 118
1746 4 1 17.0 33.0 118
1747 4 1 17.0 33.0 118
1748 2 1 17.0 33.0 118
1749 4 1 17.0 33.0 118
1750 1 1 17.0 33.0 118
1751 4 1 17.0 33.0 118
1752 4 1 17.0 33.0 118
1753 4 1 17.0 33.0 118
1754 4 1 17.0 33.0 118
1755 2 1 17.0 33.0 118
1756 4 1 17.0 33.0 118
1757 1 1 17.0 33.0 118
1758 4 1 17.0 33.0 118
1759 1 1 17.0 33.0 118
1760 4 1 17.0 33.0 118
1761 4 1 17.0 33.0 118
1762 4 1 17.0 33.0 118
1763 4 1 17.0 33.0 118
1764 4 1 17.0 33.0 118
1765 2 1 17.0 33.0 118
1766 4 1 17.0 33.0 118
1767 4 1 17.0 33.0 118
1768 2 1 17.0 33.0 118
1769 2 1 17.0 33.0 118
1770 4 1 17.0 33.0 118
1771 2 1 17.0 33.0 118
1772 4 1 17.0 33.0 118
1773 4 1 17.0 33.0 118
1774 1 1 17.0 33.0 118
1775 4 1 17.0 33.0 118
1776 1 1 13.0 13.0 119
1777 2 1 13.0 13.0 119
1778 2 1 13.0 13.0 119
1779 2 1 13.0 13.0 119
1780 2 1 13.0 13.0 119
1781 2 1 13.0 13.0 119
1782 1 1 13.0 13.0 119
1783 2 1 13.0 13.0 119
1784 2 1 13.0 13.0 119
1785 4 1 57.0 58.0 120
1786 2 1 57.0 58.0 120
1787 4 1 57.0 58.0 120
1788 4 1 57.0 58.0 120
1789 4 1 57.0 58.0 120
1790 4 1 57.0 58.0 120
1791 4 1 57.0 58.0 120
1792 4 1 57.0 58.0 120
1793 4 1 57.0 58.0 120
1794 4 1 57.0 58.0 120
1795 4 1 57.0 58.0 120
1796 4 1 57.0 58.0 120
1797 4 1 57.0 58.0 120
1798 4 1 57.0 58.0 120
1799 4 1 57.0 58.0 120
1800 4 1 57.0 58.0 120
1801 4 1 57.0 58.0 120
1802 4 1 57.0 58.0 120
1803 4 1 57.0 58.0 120
1804 4 1 57.0 58.0 120
1805 4 1 57.0 58.0 120
1806 2 1 57.0 58.0 120
1807 4 1 57.0 58.0 120
1808 4 1 57.0 58.0 120
1809 4 1 57.0 58.0 120
1810 4 1 57.0 58.0 120
1811 4 1 57.0 58.0 120
1812 4 1 57.0 58.0 120
1813 4 1 62.0 42.0 121
1814 4 1 62.0 42.0 121
1815 4 1 62.0 42.0 121
1816 4 1 62.0 42.0 121
1817 4 1 62.0 42.0 121
1818 4 1 62.0 42.0 121
1819 4 1 62.0 42.0 121
1820 2 1 62.0 42.0 121
1821 4 1 42.0 57.0 122
1822 4 1 42.0 57.0 122
1823 4 1 42.0 57.0 122
1824 1 1 42.0 57.0 122
1825 4 1 42.0 57.0 122
1826 4 1 42.0 57.0 122
1827 4 1 42.0 57.0 122
1828 4 1 42.0 57.0 122
1829 4 1 16.0 57.0 123
1830 4 1 16.0 57.0 123
1831 4 1 16.0 57.0 123
1832 4 1 16.0 57.0 123
1833 1 1 16.0 57.0 123
1834 4 1 16.0 57.0 123
1835 4 1 16.0 57.0 123
1836 4 1 16.0 57.0 123
1837 4 1 16.0 57.0 123
1838 4 1 16.0 57.0 123
1839 1 1 16.0 57.0 123
1840 4 1 16.0 57.0 123
1841 4 1 16.0 57.0 123
1842 4 1 16.0 57.0 123
1843 4 1 16.0 57.0 123
1844 4 1 16.0 57.0 123
1845 4 1 8.0 52.0 124
1846 4 1 8.0 52.0 124
1847 1 1 8.0 52.0 124
1848 2 1 8.0 52.0 124
1849 2 1 8.0 52.0 124
1850 4 1 8.0 52.0 124
1851 4 1 8.0 52.0 124
1852 4 1 8.0 52.0 124
1853 4 1 8.0 52.0 124
1854 2 1 8.0 52.0 124
1855 4 1 7.0 38.0 125
1856 4 1 7.0 38.0 125
1857 4 1 7.0 38.0 125
1858 4 1 7.0 38.0 125
1859 4 1 7.0 38.0 125
1860 4 1 7.0 38.0 125
1861 4 1 7.0 38.0 125
1862 4 1 7.0 38.0 125
1863 4 1 7.0 38.0 125
1864 4 1 7.0 38.0 125
1865 4 1 7.0 38.0 125
1866 1 1 7.0 38.0 125
1867 4 1 7.0 38.0 125
1868 4 1 7.0 38.0 125
1869 4 1 7.0 38.0 125
1870 4 1 7.0 38.0 125
1871 4 1 7.0 38.0 125
1872 4 1 7.0 38.0 125
1873 2 1 7.0 38.0 125
1874 4 1 7.0 38.0 125
1875 4 1 7.0 38.0 125
1876 4 1 7.0 38.0 125
1877 4 1 7.0 38.0 125
1878 4 1 7.0 38.0 125
1879 4 1 7.0 38.0 125
1880 4 1 7.0 38.0 125
1881 4 1 7.0 38.0 125
1882 4 1 7.0 38.0 125
1883 2 1 27.0 68.0 126
1884 2 1 27.0 68.0 126
1885 1 1 27.0 68.0 126
1886 2 1 27.0 68.0 126
1887 2 1 27.0 68.0 126
1888 2 1 27.0 68.0 126
1889 1 1 27.0 68.0 126
1890 4 1 30.0 48.0 127
1891 4 1 30.0 48.0 127
1892 4 1 30.0 48.0 127
1893 4 1 30.0 48.0 127
1894 4 1 30.0 48.0 127
1895 4 1 30.0 48.0 127
1896 4 1 30.0 48.0 127
1897 4 1 30.0 48.0 127
1898 4 1 30.0 48.0 127
1899 4 1 30.0 48.0 127
1900 4 1 30.0 48.0 127
1901 4 1 30.0 48.0 127
1902 4 1 30.0 48.0 127
1903 4 1 30.0 48.0 127
1904 4 1 30.0 48.0 127
1905 1 1 43.0 67.0 128
1906 2 1 43.0 67.0 128
1907 2 1 43.0 67.0 128
1908 1 1 43.0 67.0 128
1909 2 1 43.0 67.0 128
1910 2 1 43.0 67.0 128
1911 2 1 43.0 67.0 128
1912 1 1 43.0 67.0 128
1913 2 1 43.0 67.0 128
1914 2 1 43.0 67.0 128
1915 2 1 43.0 67.0 128
1916 1 1 43.0 67.0 128
1917 2 1 43.0 67.0 128
1918 2 1 43.0 67.0 128
1919 4 1 58.0 48.0 129
1920 4 1 58.0 48.0 129
1921 4 1 58.0 48.0 129
1922 4 1 58.0 48.0 129
1923 2 1 58.0 48.0 129
1924 2 1 58.0 48.0 129
1925 4 1 58.0 27.0 130
1926 4 1 58.0 27.0 130
1927 4 1 58.0 27.0 130
1928 4 1 58.0 27.0 130
1929 2 1 58.0 27.0 130
1930 4 1 58.0 27.0 130
1931 4 1 58.0 27.0 130
1932 4 1 58.0 27.0 130
1933 4 1 58.0 27.0 130
1934 4 1 58.0 27.0 130
1935 4 1 58.0 27.0 130
1936 4 1 58.0 27.0 130
1937 1 1 58.0 27.0 130
1938 4 1 58.0 27.0 130
1939 4 1 58.0 27.0 130
1940 4 1 58.0 27.0 130
1941 4 1 58.0 27.0 130
1942 4 1 58.0 27.0 130
1943 4 1 58.0 27.0 130
1944 2 1 37.0 69.0 131
1945 1 1 37.0 69.0 131
1946 2 1 37.0 69.0 131
1947 2 1 37.0 69.0 131
1948 2 1 37.0 69.0 131
1949 1 1 37.0 69.0 131
1950 1 1 37.0 69.0 131
1951 2 1 37.0 69.0 131
1952 1 1 37.0 69.0 131
1953 2 1 37.0 69.0 131
1954 2 1 37.0 69.0 131
1955 4 1 38.0 46.0 132
1956 4 1 38.0 46.0 132
1957 4 1 38.0 46.0 132
1958 4 1 38.0 46.0 132
1959 4 1 38.0 46.0 132
1960 4 1 38.0 46.0 132
1961 4 1 38.0 46.0 132
1962 4 1 38.0 46.0 132
1963 4 1 38.0 46.0 132
1964 4 1 38.0 46.0 132
1965 4 1 38.0 46.0 132
1966 4 1 38.0 46.0 132
1967 4 1 46.0 10.0 133
1968 4 1 46.0 10.0 133
1969 4 1 46.0 10.0 133
1970 4 1 46.0 10.0 133
1971 4 1 46.0 10.0 133
1972 1 1 46.0 10.0 133
1973 4 1 46.0 10.0 133
1974 4 1 46.0 10.0 133
1975 2 1 46.0 10.0 133
1976 4 1 46.0 10.0 133
1977 4 1 46.0 10.0 133
1978 2 1 46.0 10.0 133
1979 4 1 46.0 10.0 133
1980 4 1 46.0 10.0 133
1981 4 1 46.0 10.0 133
1982 4 1 46.0 10.0 133
1983 4 1 46.0 10.0 133
1984 2 1 46.0 10.0 133
1985 4 1 46.0 10.0 133
1986 4 1 46.0 10.0 133
1987 4 1 46.0 10.0 133
1988 1 1 46.0 10.0 133
1989 4 1 46.0 10.0 133
1990 4 1 61.0 33.0 134
1991 1 1 61.0 33.0 134
1992 2 1 61.0 33.0 134
1993 4 1 61.0 33.0 134
1994 4 1 61.0 33.0 134
1995 4 1 61.0 33.0 134
1996 4 1 61.0 33.0 134
1997 2 1 61.0 33.0 134
1998 4 1 61.0 33.0 134
1999 4 1 61.0 33.0 134
2000 4 1 61.0 33.0 134
2001 1 1 61.0 33.0 134
2002 1 1 61.0 33.0 134
2003 1 1 61.0 33.0 134
2004 2 1 61.0 33.0 134
2005 4 1 61.0 33.0 134
2006 1 1 61.0 33.0 134
2007 4 1 61.0 33.0 134
2008 4 1 61.0 33.0 134
2009 4 1 61.0 33.0 134
2010 4 1 61.0 33.0 134
2011 4 1 61.0 33.0 134
2012 4 1 61.0 33.0 134
2013 4 1 61.0 33.0 134
2014 4 1 61.0 33.0 134
2015 4 1 61.0 33.0 134
2016 1 1 62.0 63.0 135
2017 2 1 62.0 63.0 135
2018 2 1 62.0 63.0 135
2019 1 1 62.0 63.0 135
2020 2 1 62.0 63.0 135
2021 2 1 62.0 63.0 135
2022 2 1 62.0 63.0 135
2023 2 1 62.0 63.0 135
2024 2 1 62.0 63.0 135
2025 2 1 62.0 63.0 135
2026 2 1 62.0 63.0 135
2027 2 1 62.0 63.0 135
2028 2 1 62.0 63.0 135
2029 2 1 62.0 63.0 135
2030 1 1 62.0 63.0 135
2031 2 1 62.0 63.0 135
2032 2 1 62.0 63.0 135
2033 1 1 63.0 69.0 136
2034 1 1 63.0 69.0 136
2035 1 1 63.0 69.0 136
2036 1 1 63.0 69.0 136
2037 1 1 63.0 69.0 136
2038 1 1 63.0 69.0 136
2039 2 1 32.0 22.0 137
2040 4 1 32.0 22.0 137
2041 4 1 32.0 22.0 137
2042 4 1 32.0 22.0 137
2043 2 1 32.0 22.0 137
2044 4 1 32.0 22.0 137
2045 4 1 32.0 22.0 137
2046 4 1 32.0 22.0 137
2047 2 1 32.0 22.0 137
2048 2 1 45.0 35.0 138
2049 4 1 45.0 35.0 138
2050 4 1 45.0 35.0 138
2051 4 1 45.0 35.0 138
2052 4 1 45.0 35.0 138
2053 2 1 45.0 35.0 138
2054 2 1 45.0 35.0 138
2055 4 1 45.0 35.0 138
2056 4 1 45.0 35.0 138
2057 4 1 45.0 35.0 138
2058 4 1 45.0 35.0 138
2059 2 1 45.0 35.0 138
2060 2 1 45.0 35.0 138
2061 4 1 45.0 35.0 138
2062 4 1 45.0 35.0 138
2063 2 1 59.0 15.0 139
2064 2 1 59.0 15.0 139
2065 2 1 59.0 15.0 139
2066 2 1 59.0 15.0 139
2067 2 1 59.0 15.0 139
2068 2 1 59.0 15.0 139
2069 1 1 59.0 15.0 139
2070 2 1 59.0 15.0 139
2071 2 1 59.0 15.0 139
2072 2 1 59.0 15.0 139
2073 2 1 59.0 15.0 139
2074 2 1 59.0 15.0 139
2075 1 1 59.0 15.0 139
2076 2 1 59.0 15.0 139
2077 1 1 5.0 6.0 140
2078 1 1 5.0 6.0 140
2079 1 1 5.0 6.0 140
2080 1 1 5.0 6.0 140
2081 1 1 5.0 6.0 140
2082 1 1 5.0 6.0 140
2083 1 1 5.0 6.0 140
2084 4 1 10.0 17.0 141
2085 4 1 10.0 17.0 141
2086 4 1 10.0 17.0 141
2087 4 1 10.0 17.0 141
2088 4 1 10.0 17.0 141
2089 4 1 10.0 17.0 141
2090 4 1 10.0 17.0 141
2091 4 1 10.0 17.0 141
2092 2 1 10.0 17.0 141
2093 4 1 10.0 17.0 141
2094 4 1 10.0 17.0 141
2095 4 1 10.0 17.0 141
2096 4 1 10.0 17.0 141
2097 4 1 10.0 17.0 141
2098 4 1 10.0 17.0 141
2099 1 1 10.0 17.0 141
2100 4 1 10.0 17.0 141
2101 4 1 10.0 17.0 141
2102 4 1 10.0 17.0 141
2103 4 1 10.0 17.0 141
2104 2 1 10.0 17.0 141
2105 4 1 10.0 17.0 141
2106 4 1 10.0 17.0 141
2107 4 1 10.0 17.0 141
2108 4 1 10.0 17.0 141
2109 4 1 10.0 17.0 141
2110 4 1 10.0 17.0 141
2111 4 1 21.0 10.0 142
2112 4 1 21.0 10.0 142
2113 2 1 21.0 10.0 142
2114 4 1 21.0 10.0 142
2115 2 1 21.0 10.0 142
2116 4 1 21.0 10.0 142
2117 4 1 21.0 10.0 142
2118 1 1 21.0 10.0 142
2119 4 1 21.0 10.0 142
2120 4 1 21.0 10.0 142
2121 4 1 21.0 10.0 142
2122 4 1 21.0 10.0 142
2123 4 1 21.0 10.0 142
2124 1 1 5.0 64.0 143
2125 1 1 5.0 64.0 143
2126 1 1 5.0 64.0 143
2127 1 1 5.0 64.0 143
2128 1 1 5.0 64.0 143
2129 1 1 5.0 64.0 143
2130 1 1 5.0 64.0 143
2131 1 1 5.0 64.0 143
2132 1 1 5.0 64.0 143
2133 1 1 5.0 64.0 143
2134 1 1 5.0 64.0 143
2135 4 1 30.0 15.0 144
2136 4 1 30.0 15.0 144
2137 4 1 30.0 15.0 144
2138 4 1 30.0 15.0 144
2139 4 1 30.0 15.0 144
2140 4 1 30.0 15.0 144
2141 2 1 30.0 15.0 144
2142 4 1 30.0 15.0 144
2143 4 1 30.0 15.0 144
2144 4 1 30.0 15.0 144
2145 4 1 30.0 15.0 144
2146 4 1 30.0 15.0 144
2147 4 1 30.0 15.0 144
2148 4 1 30.0 15.0 144
2149 4 1 30.0 15.0 144
2150 4 1 30.0 15.0 144
