1
0 35.0 35.0 2150.0 2162.57763671875 17
4992 1 59.0 152.84413146972656 60 2147483647 61
0 0 35.0 35.0 D
1730 1 52.0 41.0 1
1106 1 53.0 43.0 1
1105 1 53.0 43.0 1
1094 1 53.0 43.0 1
972 1 56.0 39.0 1
967 1 56.0 39.0 1
390 1 64.0 42.0 1
21 1 55.0 45.0 1
1131 1 57.0 48.0 1
1127 1 57.0 48.0 1
1122 1 57.0 48.0 1
1121 1 57.0 48.0 1
1113 1 57.0 48.0 1
1108 1 61.0 52.0 1
476 1 65.0 55.0 1
2030 1 62.0 63.0 1
2019 1 62.0 63.0 1
2016 1 62.0 63.0 1
491 1 63.0 65.0 1
487 1 63.0 65.0 1
2038 1 63.0 69.0 1
2037 1 63.0 69.0 1
2036 1 63.0 69.0 1
2035 1 63.0 69.0 1
2034 1 63.0 69.0 1
2033 1 63.0 69.0 1
907 1 62.0 77.0 1
906 1 62.0 77.0 1
905 1 62.0 77.0 1
904 1 62.0 77.0 1
903 1 62.0 77.0 1
902 1 62.0 77.0 1
901 1 62.0 77.0 1
900 1 62.0 77.0 1
899 1 62.0 77.0 1
898 1 62.0 77.0 1
897 1 62.0 77.0 1
896 1 62.0 77.0 1
895 1 62.0 77.0 1
894 1 62.0 77.0 1
893 1 62.0 77.0 1
892 1 62.0 77.0 1
891 1 62.0 77.0 1
890 1 62.0 77.0 1
889 1 62.0 77.0 1
888 1 62.0 77.0 1
918 1 49.0 73.0 1
917 1 49.0 73.0 1
916 1 49.0 73.0 1
1005 1 57.0 68.0 1
102 1 55.0 60.0 1
93 1 55.0 60.0 1
725 1 49.0 58.0 1
1155 1 55.0 54.0 1
468 1 53.0 52.0 1
463 1 53.0 52.0 1
1475 1 49.0 49.0 1
1472 1 49.0 49.0 1
1469 1 49.0 49.0 1
-1 0 35.0 35.0 D
4993 1 99.0 192.61337280273438 100 2147483647 101
0 0 35.0 35.0 D
1001 1 37.0 56.0 1
1824 1 42.0 57.0 1
410 1 40.0 60.0 1
392 1 40.0 60.0 1
259 1 45.0 65.0 1
927 1 49.0 73.0 1
920 1 49.0 73.0 1
1916 1 43.0 67.0 1
1912 1 43.0 67.0 1
1908 1 43.0 67.0 1
1905 1 43.0 67.0 1
1952 1 37.0 69.0 1
1950 1 37.0 69.0 1
1949 1 37.0 69.0 1
1945 1 37.0 69.0 1
461 1 35.0 69.0 1
460 1 35.0 69.0 1
456 1 35.0 69.0 1
453 1 35.0 69.0 1
444 1 35.0 69.0 1
443 1 35.0 69.0 1
442 1 35.0 69.0 1
1889 1 27.0 68.0 1
1885 1 27.0 68.0 1
875 1 27.0 69.0 1
887 1 15.0 77.0 1
886 1 15.0 77.0 1
885 1 15.0 77.0 1
884 1 15.0 77.0 1
883 1 15.0 77.0 1
882 1 15.0 77.0 1
881 1 15.0 77.0 1
880 1 15.0 77.0 1
879 1 15.0 77.0 1
708 1 6.0 68.0 1
707 1 6.0 68.0 1
706 1 6.0 68.0 1
705 1 6.0 68.0 1
704 1 6.0 68.0 1
703 1 6.0 68.0 1
702 1 6.0 68.0 1
701 1 6.0 68.0 1
700 1 6.0 68.0 1
699 1 6.0 68.0 1
698 1 6.0 68.0 1
697 1 6.0 68.0 1
696 1 6.0 68.0 1
695 1 6.0 68.0 1
694 1 6.0 68.0 1
693 1 6.0 68.0 1
692 1 6.0 68.0 1
691 1 6.0 68.0 1
690 1 6.0 68.0 1
689 1 6.0 68.0 1
688 1 6.0 68.0 1
687 1 6.0 68.0 1
686 1 6.0 68.0 1
685 1 6.0 68.0 1
684 1 6.0 68.0 1
683 1 6.0 68.0 1
682 1 6.0 68.0 1
681 1 6.0 68.0 1
680 1 6.0 68.0 1
679 1 6.0 68.0 1
2134 1 5.0 64.0 1
2133 1 5.0 64.0 1
2132 1 5.0 64.0 1
2131 1 5.0 64.0 1
2130 1 5.0 64.0 1
2129 1 5.0 64.0 1
2128 1 5.0 64.0 1
2127 1 5.0 64.0 1
2126 1 5.0 64.0 1
2125 1 5.0 64.0 1
2124 1 5.0 64.0 1
634 1 8.0 56.0 1
632 1 8.0 56.0 1
631 1 8.0 56.0 1
630 1 8.0 56.0 1
629 1 8.0 56.0 1
628 1 8.0 56.0 1
620 1 8.0 56.0 1
619 1 8.0 56.0 1
618 1 8.0 56.0 1
1847 1 8.0 52.0 1
86 1 10.0 43.0 1
1173 1 15.0 47.0 1
1171 1 15.0 47.0 1
1165 1 15.0 47.0 1
663 1 13.0 52.0 1
1839 1 16.0 57.0 1
1833 1 16.0 57.0 1
252 1 15.0 60.0 1
1568 1 17.0 63.0 1
1558 1 17.0 63.0 1
132 1 20.0 65.0 1
854 1 24.0 58.0 1
1307 1 26.0 52.0 1
1555 1 21.0 47.0 1
-1 0 35.0 35.0 D
4994 1 148.0 298.1669921875 160 2147483647 150
0 0 35.0 35.0 D
1712 1 36.0 16.0 1
1710 1 36.0 16.0 1
1292 1 28.0 18.0 1
1282 1 28.0 18.0 1
1278 1 28.0 18.0 1
504 1 20.0 20.0 1
1351 1 18.0 24.0 1
1345 1 18.0 24.0 1
1332 1 18.0 24.0 1
847 1 12.0 24.0 1
217 1 10.0 20.0 1
209 1 10.0 20.0 1
2099 1 10.0 17.0 1
595 1 11.0 14.0 1
589 1 11.0 14.0 1
584 1 11.0 14.0 1
1782 1 13.0 13.0 1
1776 1 13.0 13.0 1
187 1 15.0 10.0 1
179 1 15.0 10.0 1
523 1 5.0 5.0 1
522 1 5.0 5.0 1
521 1 5.0 5.0 1
520 1 5.0 5.0 1
519 1 5.0 5.0 1
518 1 5.0 5.0 1
517 1 5.0 5.0 1
516 1 5.0 5.0 1
515 1 5.0 5.0 1
514 1 5.0 5.0 1
513 1 5.0 5.0 1
512 1 5.0 5.0 1
511 1 5.0 5.0 1
510 1 5.0 5.0 1
509 1 5.0 5.0 1
508 1 5.0 5.0 1
2083 1 5.0 6.0 1
2082 1 5.0 6.0 1
2081 1 5.0 6.0 1
2080 1 5.0 6.0 1
2079 1 5.0 6.0 1
2078 1 5.0 6.0 1
2077 1 5.0 6.0 1
1272 1 4.0 18.0 1
1269 1 4.0 18.0 1
1267 1 4.0 18.0 1
1266 1 4.0 18.0 1
1262 1 4.0 18.0 1
1261 1 4.0 18.0 1
1258 1 4.0 18.0 1
1252 1 4.0 18.0 1
1250 1 4.0 18.0 1
1245 1 4.0 18.0 1
1684 1 5.0 25.0 1
1668 1 5.0 25.0 1
1666 1 5.0 25.0 1
1196 1 11.0 31.0 1
607 1 6.0 38.0 1
604 1 6.0 38.0 1
1866 1 7.0 38.0 1
92 1 10.0 43.0 1
90 1 10.0 43.0 1
1698 1 12.0 42.0 1
1695 1 12.0 42.0 1
1689 1 12.0 42.0 1
1187 1 14.0 37.0 1
1774 1 17.0 33.0 1
1759 1 17.0 33.0 1
1757 1 17.0 33.0 1
1750 1 17.0 33.0 1
1739 1 17.0 33.0 1
70 1 15.0 30.0 1
69 1 15.0 30.0 1
68 1 15.0 30.0 1
64 1 15.0 30.0 1
54 1 15.0 30.0 1
52 1 15.0 30.0 1
1235 1 16.0 22.0 1
1231 1 16.0 22.0 1
1218 1 16.0 22.0 1
1210 1 16.0 22.0 1
1207 1 16.0 22.0 1
1456 1 18.0 18.0 1
2118 1 21.0 10.0 1
575 1 23.0 3.0 1
204 1 30.0 5.0 1
203 1 30.0 5.0 1
201 1 30.0 5.0 1
292 1 45.0 10.0 1
1988 1 46.0 10.0 1
1972 1 46.0 10.0 1
1078 1 49.0 11.0 1
1065 1 49.0 11.0 1
322 1 55.0 5.0 1
315 1 55.0 5.0 1
312 1 55.0 5.0 1
311 1 55.0 5.0 1
305 1 55.0 5.0 1
299 1 55.0 5.0 1
957 1 67.0 5.0 1
956 1 67.0 5.0 1
955 1 67.0 5.0 1
954 1 67.0 5.0 1
953 1 67.0 5.0 1
952 1 67.0 5.0 1
951 1 67.0 5.0 1
950 1 67.0 5.0 1
949 1 67.0 5.0 1
948 1 67.0 5.0 1
947 1 67.0 5.0 1
946 1 67.0 5.0 1
945 1 67.0 5.0 1
944 1 67.0 5.0 1
943 1 67.0 5.0 1
942 1 67.0 5.0 1
941 1 67.0 5.0 1
940 1 67.0 5.0 1
939 1 67.0 5.0 1
938 1 67.0 5.0 1
937 1 67.0 5.0 1
936 1 67.0 5.0 1
935 1 67.0 5.0 1
934 1 67.0 5.0 1
933 1 67.0 5.0 1
549 1 60.0 12.0 1
546 1 60.0 12.0 1
537 1 60.0 12.0 1
526 1 60.0 12.0 1
525 1 60.0 12.0 1
2075 1 59.0 15.0 1
2069 1 59.0 15.0 1
332 1 65.0 20.0 1
329 1 65.0 20.0 1
327 1 65.0 20.0 1
774 1 63.0 23.0 1
2006 1 61.0 33.0 1
2003 1 61.0 33.0 1
2002 1 61.0 33.0 1
2001 1 61.0 33.0 1
1991 1 61.0 33.0 1
1601 1 52.0 33.0 1
762 1 57.0 29.0 1
759 1 57.0 29.0 1
1937 1 58.0 27.0 1
49 1 55.0 20.0 1
46 1 55.0 20.0 1
1612 1 51.0 21.0 1
274 1 45.0 20.0 1
-1 0 35.0 35.0 D
4995 2 59.0 123.48687744140625 60 2147483647 61
0 0 35.0 35.0 D
1628 1 42.0 41.0 2
1616 1 42.0 41.0 2
1090 1 49.0 42.0 2
1084 1 49.0 42.0 2
1729 1 52.0 41.0 2
1720 1 52.0 41.0 2
1719 1 52.0 41.0 2
1104 1 53.0 43.0 2
1102 1 53.0 43.0 2
718 1 47.0 47.0 2
715 1 47.0 47.0 2
713 1 47.0 47.0 2
1490 1 49.0 49.0 2
1487 1 49.0 49.0 2
1480 1 49.0 49.0 2
1479 1 49.0 49.0 2
1162 1 55.0 54.0 2
2024 1 62.0 63.0 2
2023 1 62.0 63.0 2
2022 1 62.0 63.0 2
2021 1 62.0 63.0 2
2020 1 62.0 63.0 2
2018 1 62.0 63.0 2
2017 1 62.0 63.0 2
486 1 65.0 55.0 2
485 1 65.0 55.0 2
484 1 65.0 55.0 2
483 1 65.0 55.0 2
482 1 65.0 55.0 2
481 1 65.0 55.0 2
480 1 65.0 55.0 2
479 1 65.0 55.0 2
478 1 65.0 55.0 2
477 1 65.0 55.0 2
475 1 65.0 55.0 2
474 1 65.0 55.0 2
473 1 65.0 55.0 2
1924 1 58.0 48.0 2
1923 1 58.0 48.0 2
27 1 55.0 45.0 2
1820 1 62.0 42.0 2
387 1 64.0 42.0 2
383 1 64.0 42.0 2
326 1 65.0 35.0 2
325 1 65.0 35.0 2
324 1 65.0 35.0 2
993 1 56.0 39.0 2
975 1 56.0 39.0 2
970 1 56.0 39.0 2
964 1 56.0 39.0 2
1133 1 56.0 37.0 2
154 1 50.0 35.0 2
152 1 50.0 35.0 2
148 1 50.0 35.0 2
2060 1 45.0 35.0 2
2059 1 45.0 35.0 2
2054 1 45.0 35.0 2
2053 1 45.0 35.0 2
2048 1 45.0 35.0 2
-1 0 35.0 35.0 D
4996 2 99.0 117.72128295898438 100 2147483647 101
0 0 35.0 35.0 D
9 1 41.0 49.0 2
4 1 41.0 49.0 2
1 1 41.0 49.0 2
729 1 49.0 58.0 2
728 1 49.0 58.0 2
726 1 49.0 58.0 2
1511 1 52.0 64.0 2
1510 1 52.0 64.0 2
1509 1 52.0 64.0 2
1508 1 52.0 64.0 2
1507 1 52.0 64.0 2
1506 1 52.0 64.0 2
1505 1 52.0 64.0 2
1504 1 52.0 64.0 2
1503 1 52.0 64.0 2
1502 1 52.0 64.0 2
1501 1 52.0 64.0 2
1500 1 52.0 64.0 2
1499 1 52.0 64.0 2
1498 1 52.0 64.0 2
1497 1 52.0 64.0 2
1496 1 52.0 64.0 2
103 1 55.0 60.0 2
100 1 55.0 60.0 2
1806 1 57.0 58.0 2
1786 1 57.0 58.0 2
2032 1 62.0 63.0 2
2031 1 62.0 63.0 2
2029 1 62.0 63.0 2
2028 1 62.0 63.0 2
2027 1 62.0 63.0 2
2026 1 62.0 63.0 2
2025 1 62.0 63.0 2
494 1 63.0 65.0 2
493 1 63.0 65.0 2
492 1 63.0 65.0 2
490 1 63.0 65.0 2
489 1 63.0 65.0 2
488 1 63.0 65.0 2
1019 1 57.0 68.0 2
1018 1 57.0 68.0 2
1017 1 57.0 68.0 2
1016 1 57.0 68.0 2
1015 1 57.0 68.0 2
1014 1 57.0 68.0 2
1013 1 57.0 68.0 2
1012 1 57.0 68.0 2
1011 1 57.0 68.0 2
1010 1 57.0 68.0 2
1009 1 57.0 68.0 2
1008 1 57.0 68.0 2
1007 1 57.0 68.0 2
1006 1 57.0 68.0 2
932 1 49.0 73.0 2
931 1 49.0 73.0 2
930 1 49.0 73.0 2
929 1 49.0 73.0 2
928 1 49.0 73.0 2
926 1 49.0 73.0 2
925 1 49.0 73.0 2
924 1 49.0 73.0 2
923 1 49.0 73.0 2
922 1 49.0 73.0 2
921 1 49.0 73.0 2
919 1 49.0 73.0 2
915 1 49.0 73.0 2
914 1 49.0 73.0 2
913 1 49.0 73.0 2
912 1 49.0 73.0 2
911 1 49.0 73.0 2
910 1 49.0 73.0 2
909 1 49.0 73.0 2
908 1 49.0 73.0 2
1918 1 43.0 67.0 2
1917 1 43.0 67.0 2
1915 1 43.0 67.0 2
1914 1 43.0 67.0 2
1913 1 43.0 67.0 2
1911 1 43.0 67.0 2
1910 1 43.0 67.0 2
1909 1 43.0 67.0 2
1907 1 43.0 67.0 2
1906 1 43.0 67.0 2
1951 1 37.0 69.0 2
1948 1 37.0 69.0 2
1947 1 37.0 69.0 2
1946 1 37.0 69.0 2
1944 1 37.0 69.0 2
406 1 40.0 60.0 2
403 1 40.0 60.0 2
397 1 40.0 60.0 2
395 1 40.0 60.0 2
393 1 40.0 60.0 2
1004 1 37.0 56.0 2
1002 1 37.0 56.0 2
1465 1 37.0 52.0 2
1461 1 37.0 52.0 2
1460 1 37.0 52.0 2
995 1 37.0 47.0 2
-1 0 35.0 35.0 D
4997 2 159.0 217.69435119628906 160 2147483647 161
0 0 35.0 35.0 D
77 1 25.0 30.0 2
76 1 25.0 30.0 2
232 1 20.0 40.0 2
1548 1 21.0 47.0 2
1180 1 15.0 47.0 2
1178 1 15.0 47.0 2
1168 1 15.0 47.0 2
1701 1 12.0 42.0 2
1182 1 14.0 37.0 2
1181 1 14.0 37.0 2
836 1 17.0 34.0 2
834 1 17.0 34.0 2
1771 1 17.0 33.0 2
1769 1 17.0 33.0 2
1768 1 17.0 33.0 2
1765 1 17.0 33.0 2
1755 1 17.0 33.0 2
1748 1 17.0 33.0 2
1745 1 17.0 33.0 2
75 1 15.0 30.0 2
63 1 15.0 30.0 2
842 1 12.0 24.0 2
1241 1 4.0 18.0 2
1240 1 4.0 18.0 2
1685 1 5.0 25.0 2
1683 1 5.0 25.0 2
1682 1 5.0 25.0 2
1681 1 5.0 25.0 2
1680 1 5.0 25.0 2
1679 1 5.0 25.0 2
1678 1 5.0 25.0 2
1677 1 5.0 25.0 2
1676 1 5.0 25.0 2
1675 1 5.0 25.0 2
1674 1 5.0 25.0 2
1673 1 5.0 25.0 2
1672 1 5.0 25.0 2
1671 1 5.0 25.0 2
1670 1 5.0 25.0 2
1669 1 5.0 25.0 2
1667 1 5.0 25.0 2
1665 1 5.0 25.0 2
1664 1 5.0 25.0 2
1663 1 5.0 25.0 2
1873 1 7.0 38.0 2
613 1 6.0 38.0 2
615 1 2.0 48.0 2
499 1 2.0 60.0 2
498 1 2.0 60.0 2
497 1 2.0 60.0 2
496 1 2.0 60.0 2
495 1 2.0 60.0 2
642 1 8.0 56.0 2
641 1 8.0 56.0 2
640 1 8.0 56.0 2
639 1 8.0 56.0 2
638 1 8.0 56.0 2
637 1 8.0 56.0 2
636 1 8.0 56.0 2
635 1 8.0 56.0 2
633 1 8.0 56.0 2
627 1 8.0 56.0 2
626 1 8.0 56.0 2
625 1 8.0 56.0 2
624 1 8.0 56.0 2
623 1 8.0 56.0 2
622 1 8.0 56.0 2
621 1 8.0 56.0 2
617 1 8.0 56.0 2
616 1 8.0 56.0 2
1854 1 8.0 52.0 2
1849 1 8.0 52.0 2
1848 1 8.0 52.0 2
677 1 13.0 52.0 2
674 1 13.0 52.0 2
672 1 13.0 52.0 2
670 1 13.0 52.0 2
668 1 13.0 52.0 2
658 1 13.0 52.0 2
646 1 13.0 52.0 2
256 1 15.0 60.0 2
255 1 15.0 60.0 2
247 1 15.0 60.0 2
246 1 15.0 60.0 2
242 1 15.0 60.0 2
1575 1 17.0 63.0 2
1574 1 17.0 63.0 2
1573 1 17.0 63.0 2
1572 1 17.0 63.0 2
1571 1 17.0 63.0 2
1570 1 17.0 63.0 2
1569 1 17.0 63.0 2
1567 1 17.0 63.0 2
1566 1 17.0 63.0 2
1565 1 17.0 63.0 2
1564 1 17.0 63.0 2
1563 1 17.0 63.0 2
1562 1 17.0 63.0 2
1561 1 17.0 63.0 2
1560 1 17.0 63.0 2
1559 1 17.0 63.0 2
1557 1 17.0 63.0 2
136 1 20.0 65.0 2
135 1 20.0 65.0 2
134 1 20.0 65.0 2
133 1 20.0 65.0 2
131 1 20.0 65.0 2
130 1 20.0 65.0 2
129 1 20.0 65.0 2
128 1 20.0 65.0 2
127 1 20.0 65.0 2
126 1 20.0 65.0 2
125 1 20.0 65.0 2
1888 1 27.0 68.0 2
1887 1 27.0 68.0 2
1886 1 27.0 68.0 2
1884 1 27.0 68.0 2
1883 1 27.0 68.0 2
878 1 27.0 69.0 2
877 1 27.0 69.0 2
876 1 27.0 69.0 2
874 1 27.0 69.0 2
873 1 27.0 69.0 2
872 1 27.0 69.0 2
871 1 27.0 69.0 2
870 1 27.0 69.0 2
869 1 27.0 69.0 2
1327 1 31.0 67.0 2
459 1 35.0 69.0 2
458 1 35.0 69.0 2
457 1 35.0 69.0 2
455 1 35.0 69.0 2
454 1 35.0 69.0 2
452 1 35.0 69.0 2
451 1 35.0 69.0 2
450 1 35.0 69.0 2
449 1 35.0 69.0 2
448 1 35.0 69.0 2
447 1 35.0 69.0 2
446 1 35.0 69.0 2
445 1 35.0 69.0 2
441 1 35.0 69.0 2
440 1 35.0 69.0 2
439 1 35.0 69.0 2
1954 1 37.0 69.0 2
1953 1 37.0 69.0 2
1592 1 31.0 62.0 2
1588 1 31.0 62.0 2
122 1 30.0 60.0 2
114 1 30.0 60.0 2
112 1 30.0 60.0 2
850 1 24.0 58.0 2
1309 1 26.0 52.0 2
1302 1 26.0 52.0 2
1301 1 26.0 52.0 2
423 1 31.0 52.0 2
422 1 31.0 52.0 2
739 1 27.0 43.0 2
735 1 27.0 43.0 2
-1 0 35.0 35.0 D
4999 4 199.0 108.56901550292969 200 2147483647 201
0 0 35.0 35.0 D
355 1 35.0 40.0 4
354 1 35.0 40.0 4
353 1 35.0 40.0 4
352 1 35.0 40.0 4
351 1 35.0 40.0 4
350 1 35.0 40.0 4
1966 1 38.0 46.0 4
1965 1 38.0 46.0 4
1964 1 38.0 46.0 4
1963 1 38.0 46.0 4
1962 1 38.0 46.0 4
1961 1 38.0 46.0 4
1960 1 38.0 46.0 4
1959 1 38.0 46.0 4
1958 1 38.0 46.0 4
1957 1 38.0 46.0 4
1956 1 38.0 46.0 4
1955 1 38.0 46.0 4
999 1 37.0 47.0 4
998 1 37.0 47.0 4
997 1 37.0 47.0 4
996 1 37.0 47.0 4
994 1 37.0 47.0 4
1464 1 37.0 52.0 4
1463 1 37.0 52.0 4
1462 1 37.0 52.0 4
1459 1 37.0 52.0 4
1003 1 37.0 56.0 4
1000 1 37.0 56.0 4
1828 1 42.0 57.0 4
1827 1 42.0 57.0 4
1826 1 42.0 57.0 4
1825 1 42.0 57.0 4
1823 1 42.0 57.0 4
1822 1 42.0 57.0 4
1821 1 42.0 57.0 4
411 1 40.0 60.0 4
409 1 40.0 60.0 4
408 1 40.0 60.0 4
407 1 40.0 60.0 4
405 1 40.0 60.0 4
404 1 40.0 60.0 4
402 1 40.0 60.0 4
401 1 40.0 60.0 4
400 1 40.0 60.0 4
399 1 40.0 60.0 4
398 1 40.0 60.0 4
396 1 40.0 60.0 4
394 1 40.0 60.0 4
391 1 40.0 60.0 4
265 1 45.0 65.0 4
264 1 45.0 65.0 4
263 1 45.0 65.0 4
262 1 45.0 65.0 4
261 1 45.0 65.0 4
260 1 45.0 65.0 4
258 1 45.0 65.0 4
257 1 45.0 65.0 4
731 1 49.0 58.0 4
730 1 49.0 58.0 4
727 1 49.0 58.0 4
724 1 49.0 58.0 4
723 1 49.0 58.0 4
722 1 49.0 58.0 4
108 1 55.0 60.0 4
107 1 55.0 60.0 4
106 1 55.0 60.0 4
105 1 55.0 60.0 4
104 1 55.0 60.0 4
101 1 55.0 60.0 4
99 1 55.0 60.0 4
98 1 55.0 60.0 4
97 1 55.0 60.0 4
96 1 55.0 60.0 4
95 1 55.0 60.0 4
94 1 55.0 60.0 4
1812 1 57.0 58.0 4
1811 1 57.0 58.0 4
1810 1 57.0 58.0 4
1809 1 57.0 58.0 4
1808 1 57.0 58.0 4
1807 1 57.0 58.0 4
1805 1 57.0 58.0 4
1804 1 57.0 58.0 4
1803 1 57.0 58.0 4
1802 1 57.0 58.0 4
1801 1 57.0 58.0 4
1800 1 57.0 58.0 4
1799 1 57.0 58.0 4
1798 1 57.0 58.0 4
1797 1 57.0 58.0 4
1796 1 57.0 58.0 4
1795 1 57.0 58.0 4
1794 1 57.0 58.0 4
1793 1 57.0 58.0 4
1792 1 57.0 58.0 4
1791 1 57.0 58.0 4
1790 1 57.0 58.0 4
1789 1 57.0 58.0 4
1788 1 57.0 58.0 4
1787 1 57.0 58.0 4
1785 1 57.0 58.0 4
1109 1 61.0 52.0 4
1107 1 61.0 52.0 4
1132 1 57.0 48.0 4
1130 1 57.0 48.0 4
1129 1 57.0 48.0 4
1128 1 57.0 48.0 4
1126 1 57.0 48.0 4
1164 1 55.0 54.0 4
1163 1 55.0 54.0 4
1161 1 55.0 54.0 4
1160 1 55.0 54.0 4
1159 1 55.0 54.0 4
1158 1 55.0 54.0 4
1157 1 55.0 54.0 4
1156 1 55.0 54.0 4
1154 1 55.0 54.0 4
1153 1 55.0 54.0 4
1152 1 55.0 54.0 4
1151 1 55.0 54.0 4
1150 1 55.0 54.0 4
1149 1 55.0 54.0 4
1148 1 55.0 54.0 4
1147 1 55.0 54.0 4
1146 1 55.0 54.0 4
1145 1 55.0 54.0 4
1144 1 55.0 54.0 4
1143 1 55.0 54.0 4
1142 1 55.0 54.0 4
1141 1 55.0 54.0 4
1140 1 55.0 54.0 4
1139 1 55.0 54.0 4
472 1 53.0 52.0 4
471 1 53.0 52.0 4
470 1 53.0 52.0 4
469 1 53.0 52.0 4
467 1 53.0 52.0 4
466 1 53.0 52.0 4
465 1 53.0 52.0 4
464 1 53.0 52.0 4
462 1 53.0 52.0 4
1495 1 49.0 49.0 4
1494 1 49.0 49.0 4
1493 1 49.0 49.0 4
1492 1 49.0 49.0 4
1491 1 49.0 49.0 4
1489 1 49.0 49.0 4
1488 1 49.0 49.0 4
1486 1 49.0 49.0 4
1485 1 49.0 49.0 4
1484 1 49.0 49.0 4
1483 1 49.0 49.0 4
1482 1 49.0 49.0 4
1481 1 49.0 49.0 4
1478 1 49.0 49.0 4
1477 1 49.0 49.0 4
1476 1 49.0 49.0 4
1474 1 49.0 49.0 4
1473 1 49.0 49.0 4
1471 1 49.0 49.0 4
1470 1 49.0 49.0 4
1468 1 49.0 49.0 4
1467 1 49.0 49.0 4
1466 1 49.0 49.0 4
721 1 47.0 47.0 4
720 1 47.0 47.0 4
719 1 47.0 47.0 4
717 1 47.0 47.0 4
716 1 47.0 47.0 4
714 1 47.0 47.0 4
712 1 47.0 47.0 4
711 1 47.0 47.0 4
710 1 47.0 47.0 4
709 1 47.0 47.0 4
10 1 41.0 49.0 4
8 1 41.0 49.0 4
7 1 41.0 49.0 4
6 1 41.0 49.0 4
5 1 41.0 49.0 4
3 1 41.0 49.0 4
2 1 41.0 49.0 4
1633 1 42.0 41.0 4
1632 1 42.0 41.0 4
1631 1 42.0 41.0 4
1630 1 42.0 41.0 4
1629 1 42.0 41.0 4
1627 1 42.0 41.0 4
1626 1 42.0 41.0 4
1625 1 42.0 41.0 4
1624 1 42.0 41.0 4
1623 1 42.0 41.0 4
1622 1 42.0 41.0 4
1621 1 42.0 41.0 4
1620 1 42.0 41.0 4
1619 1 42.0 41.0 4
1618 1 42.0 41.0 4
1617 1 42.0 41.0 4
1615 1 42.0 41.0 4
-1 0 35.0 35.0 D
5000 4 249.0 140.88265991210938 250 2147483647 251
0 0 35.0 35.0 D
365 1 35.0 40.0 4
364 1 35.0 40.0 4
363 1 35.0 40.0 4
362 1 35.0 40.0 4
361 1 35.0 40.0 4
360 1 35.0 40.0 4
359 1 35.0 40.0 4
358 1 35.0 40.0 4
357 1 35.0 40.0 4
356 1 35.0 40.0 4
1904 1 30.0 48.0 4
1903 1 30.0 48.0 4
1902 1 30.0 48.0 4
1901 1 30.0 48.0 4
1900 1 30.0 48.0 4
1899 1 30.0 48.0 4
1898 1 30.0 48.0 4
1897 1 30.0 48.0 4
1896 1 30.0 48.0 4
1895 1 30.0 48.0 4
1894 1 30.0 48.0 4
1893 1 30.0 48.0 4
1892 1 30.0 48.0 4
1891 1 30.0 48.0 4
1890 1 30.0 48.0 4
438 1 31.0 52.0 4
437 1 31.0 52.0 4
436 1 31.0 52.0 4
435 1 31.0 52.0 4
434 1 31.0 52.0 4
433 1 31.0 52.0 4
432 1 31.0 52.0 4
431 1 31.0 52.0 4
430 1 31.0 52.0 4
429 1 31.0 52.0 4
428 1 31.0 52.0 4
427 1 31.0 52.0 4
426 1 31.0 52.0 4
425 1 31.0 52.0 4
424 1 31.0 52.0 4
421 1 31.0 52.0 4
420 1 31.0 52.0 4
419 1 31.0 52.0 4
418 1 31.0 52.0 4
417 1 31.0 52.0 4
416 1 31.0 52.0 4
415 1 31.0 52.0 4
414 1 31.0 52.0 4
413 1 31.0 52.0 4
412 1 31.0 52.0 4
124 1 30.0 60.0 4
123 1 30.0 60.0 4
121 1 30.0 60.0 4
120 1 30.0 60.0 4
119 1 30.0 60.0 4
118 1 30.0 60.0 4
117 1 30.0 60.0 4
116 1 30.0 60.0 4
115 1 30.0 60.0 4
113 1 30.0 60.0 4
111 1 30.0 60.0 4
110 1 30.0 60.0 4
109 1 30.0 60.0 4
1598 1 31.0 62.0 4
1597 1 31.0 62.0 4
1596 1 31.0 62.0 4
1595 1 31.0 62.0 4
1594 1 31.0 62.0 4
1593 1 31.0 62.0 4
1591 1 31.0 62.0 4
1590 1 31.0 62.0 4
1589 1 31.0 62.0 4
1587 1 31.0 62.0 4
1586 1 31.0 62.0 4
1585 1 31.0 62.0 4
1584 1 31.0 62.0 4
1583 1 31.0 62.0 4
1582 1 31.0 62.0 4
1581 1 31.0 62.0 4
1580 1 31.0 62.0 4
1579 1 31.0 62.0 4
1578 1 31.0 62.0 4
1577 1 31.0 62.0 4
1576 1 31.0 62.0 4
1326 1 31.0 67.0 4
1325 1 31.0 67.0 4
868 1 24.0 58.0 4
867 1 24.0 58.0 4
866 1 24.0 58.0 4
865 1 24.0 58.0 4
864 1 24.0 58.0 4
863 1 24.0 58.0 4
862 1 24.0 58.0 4
861 1 24.0 58.0 4
860 1 24.0 58.0 4
859 1 24.0 58.0 4
858 1 24.0 58.0 4
857 1 24.0 58.0 4
856 1 24.0 58.0 4
855 1 24.0 58.0 4
853 1 24.0 58.0 4
852 1 24.0 58.0 4
851 1 24.0 58.0 4
254 1 15.0 60.0 4
253 1 15.0 60.0 4
251 1 15.0 60.0 4
250 1 15.0 60.0 4
249 1 15.0 60.0 4
248 1 15.0 60.0 4
245 1 15.0 60.0 4
244 1 15.0 60.0 4
243 1 15.0 60.0 4
241 1 15.0 60.0 4
240 1 15.0 60.0 4
1844 1 16.0 57.0 4
1843 1 16.0 57.0 4
1842 1 16.0 57.0 4
1841 1 16.0 57.0 4
1840 1 16.0 57.0 4
1838 1 16.0 57.0 4
1837 1 16.0 57.0 4
1836 1 16.0 57.0 4
1835 1 16.0 57.0 4
1834 1 16.0 57.0 4
1832 1 16.0 57.0 4
1831 1 16.0 57.0 4
1830 1 16.0 57.0 4
1829 1 16.0 57.0 4
678 1 13.0 52.0 4
676 1 13.0 52.0 4
675 1 13.0 52.0 4
673 1 13.0 52.0 4
671 1 13.0 52.0 4
669 1 13.0 52.0 4
667 1 13.0 52.0 4
666 1 13.0 52.0 4
665 1 13.0 52.0 4
664 1 13.0 52.0 4
662 1 13.0 52.0 4
661 1 13.0 52.0 4
660 1 13.0 52.0 4
659 1 13.0 52.0 4
657 1 13.0 52.0 4
656 1 13.0 52.0 4
655 1 13.0 52.0 4
654 1 13.0 52.0 4
653 1 13.0 52.0 4
652 1 13.0 52.0 4
651 1 13.0 52.0 4
650 1 13.0 52.0 4
649 1 13.0 52.0 4
648 1 13.0 52.0 4
647 1 13.0 52.0 4
645 1 13.0 52.0 4
644 1 13.0 52.0 4
643 1 13.0 52.0 4
1853 1 8.0 52.0 4
1852 1 8.0 52.0 4
1851 1 8.0 52.0 4
1850 1 8.0 52.0 4
1846 1 8.0 52.0 4
1845 1 8.0 52.0 4
1179 1 15.0 47.0 4
1177 1 15.0 47.0 4
1176 1 15.0 47.0 4
1175 1 15.0 47.0 4
1174 1 15.0 47.0 4
1172 1 15.0 47.0 4
1170 1 15.0 47.0 4
1169 1 15.0 47.0 4
1167 1 15.0 47.0 4
1166 1 15.0 47.0 4
91 1 10.0 43.0 4
89 1 10.0 43.0 4
88 1 10.0 43.0 4
87 1 10.0 43.0 4
85 1 10.0 43.0 4
84 1 10.0 43.0 4
1868 1 7.0 38.0 4
1867 1 7.0 38.0 4
1865 1 7.0 38.0 4
1864 1 7.0 38.0 4
1863 1 7.0 38.0 4
1862 1 7.0 38.0 4
1861 1 7.0 38.0 4
1860 1 7.0 38.0 4
1859 1 7.0 38.0 4
1858 1 7.0 38.0 4
1857 1 7.0 38.0 4
1856 1 7.0 38.0 4
1855 1 7.0 38.0 4
1706 1 12.0 42.0 4
1705 1 12.0 42.0 4
1704 1 12.0 42.0 4
1703 1 12.0 42.0 4
1702 1 12.0 42.0 4
1700 1 12.0 42.0 4
1699 1 12.0 42.0 4
1697 1 12.0 42.0 4
1696 1 12.0 42.0 4
1694 1 12.0 42.0 4
1693 1 12.0 42.0 4
1692 1 12.0 42.0 4
1691 1 12.0 42.0 4
1690 1 12.0 42.0 4
1688 1 12.0 42.0 4
1687 1 12.0 42.0 4
1686 1 12.0 42.0 4
239 1 20.0 40.0 4
238 1 20.0 40.0 4
237 1 20.0 40.0 4
236 1 20.0 40.0 4
235 1 20.0 40.0 4
234 1 20.0 40.0 4
233 1 20.0 40.0 4
231 1 20.0 40.0 4
230 1 20.0 40.0 4
229 1 20.0 40.0 4
228 1 20.0 40.0 4
1556 1 21.0 47.0 4
1554 1 21.0 47.0 4
1553 1 21.0 47.0 4
1552 1 21.0 47.0 4
1551 1 21.0 47.0 4
1550 1 21.0 47.0 4
1549 1 21.0 47.0 4
1547 1 21.0 47.0 4
1546 1 21.0 47.0 4
1545 1 21.0 47.0 4
1544 1 21.0 47.0 4
1543 1 21.0 47.0 4
1542 1 21.0 47.0 4
83 1 20.0 50.0 4
82 1 20.0 50.0 4
81 1 20.0 50.0 4
80 1 20.0 50.0 4
79 1 20.0 50.0 4
1308 1 26.0 52.0 4
1306 1 26.0 52.0 4
1305 1 26.0 52.0 4
1304 1 26.0 52.0 4
1303 1 26.0 52.0 4
740 1 27.0 43.0 4
738 1 27.0 43.0 4
737 1 27.0 43.0 4
736 1 27.0 43.0 4
734 1 27.0 43.0 4
733 1 27.0 43.0 4
732 1 27.0 43.0 4
-1 0 35.0 35.0 D
5001 4 149.0 90.30267333984375 150 2147483647 151
0 0 35.0 35.0 D
1324 1 26.0 35.0 4
1323 1 26.0 35.0 4
1322 1 26.0 35.0 4
1321 1 26.0 35.0 4
1320 1 26.0 35.0 4
1319 1 26.0 35.0 4
1318 1 26.0 35.0 4
1317 1 26.0 35.0 4
1316 1 26.0 35.0 4
1315 1 26.0 35.0 4
1314 1 26.0 35.0 4
1313 1 26.0 35.0 4
1312 1 26.0 35.0 4
1311 1 26.0 35.0 4
1310 1 26.0 35.0 4
1775 1 17.0 33.0 4
1773 1 17.0 33.0 4
1772 1 17.0 33.0 4
1770 1 17.0 33.0 4
1767 1 17.0 33.0 4
1766 1 17.0 33.0 4
1764 1 17.0 33.0 4
1763 1 17.0 33.0 4
1762 1 17.0 33.0 4
1761 1 17.0 33.0 4
1760 1 17.0 33.0 4
1758 1 17.0 33.0 4
1756 1 17.0 33.0 4
1754 1 17.0 33.0 4
1753 1 17.0 33.0 4
1752 1 17.0 33.0 4
1751 1 17.0 33.0 4
1749 1 17.0 33.0 4
1747 1 17.0 33.0 4
1746 1 17.0 33.0 4
1744 1 17.0 33.0 4
1743 1 17.0 33.0 4
1742 1 17.0 33.0 4
1741 1 17.0 33.0 4
1740 1 17.0 33.0 4
1738 1 17.0 33.0 4
1737 1 17.0 33.0 4
1736 1 17.0 33.0 4
1735 1 17.0 33.0 4
835 1 17.0 34.0 4
1191 1 14.0 37.0 4
1190 1 14.0 37.0 4
1189 1 14.0 37.0 4
1188 1 14.0 37.0 4
1186 1 14.0 37.0 4
1185 1 14.0 37.0 4
1184 1 14.0 37.0 4
1183 1 14.0 37.0 4
1882 1 7.0 38.0 4
1881 1 7.0 38.0 4
1880 1 7.0 38.0 4
1879 1 7.0 38.0 4
1878 1 7.0 38.0 4
1877 1 7.0 38.0 4
1876 1 7.0 38.0 4
1875 1 7.0 38.0 4
1874 1 7.0 38.0 4
1872 1 7.0 38.0 4
1871 1 7.0 38.0 4
1870 1 7.0 38.0 4
1869 1 7.0 38.0 4
614 1 6.0 38.0 4
612 1 6.0 38.0 4
611 1 6.0 38.0 4
610 1 6.0 38.0 4
609 1 6.0 38.0 4
608 1 6.0 38.0 4
606 1 6.0 38.0 4
605 1 6.0 38.0 4
603 1 6.0 38.0 4
602 1 6.0 38.0 4
601 1 6.0 38.0 4
600 1 6.0 38.0 4
599 1 6.0 38.0 4
227 1 5.0 30.0 4
226 1 5.0 30.0 4
1198 1 11.0 31.0 4
1197 1 11.0 31.0 4
1195 1 11.0 31.0 4
1194 1 11.0 31.0 4
1193 1 11.0 31.0 4
1192 1 11.0 31.0 4
74 1 15.0 30.0 4
73 1 15.0 30.0 4
72 1 15.0 30.0 4
71 1 15.0 30.0 4
67 1 15.0 30.0 4
66 1 15.0 30.0 4
65 1 15.0 30.0 4
62 1 15.0 30.0 4
61 1 15.0 30.0 4
60 1 15.0 30.0 4
59 1 15.0 30.0 4
58 1 15.0 30.0 4
57 1 15.0 30.0 4
56 1 15.0 30.0 4
55 1 15.0 30.0 4
53 1 15.0 30.0 4
51 1 15.0 30.0 4
50 1 15.0 30.0 4
849 1 12.0 24.0 4
848 1 12.0 24.0 4
846 1 12.0 24.0 4
845 1 12.0 24.0 4
844 1 12.0 24.0 4
843 1 12.0 24.0 4
841 1 12.0 24.0 4
840 1 12.0 24.0 4
839 1 12.0 24.0 4
838 1 12.0 24.0 4
837 1 12.0 24.0 4
225 1 10.0 20.0 4
223 1 10.0 20.0 4
222 1 10.0 20.0 4
221 1 10.0 20.0 4
220 1 10.0 20.0 4
219 1 10.0 20.0 4
218 1 10.0 20.0 4
216 1 10.0 20.0 4
215 1 10.0 20.0 4
214 1 10.0 20.0 4
213 1 10.0 20.0 4
211 1 10.0 20.0 4
208 1 10.0 20.0 4
1520 1 20.0 26.0 4
1519 1 20.0 26.0 4
1517 1 20.0 26.0 4
1516 1 20.0 26.0 4
1515 1 20.0 26.0 4
1514 1 20.0 26.0 4
1513 1 20.0 26.0 4
1512 1 20.0 26.0 4
1441 1 20.0 26.0 4
1440 1 20.0 26.0 4
1439 1 20.0 26.0 4
1438 1 20.0 26.0 4
1437 1 20.0 26.0 4
1436 1 20.0 26.0 4
1435 1 20.0 26.0 4
1434 1 20.0 26.0 4
1433 1 20.0 26.0 4
1401 1 22.0 27.0 4
1400 1 22.0 27.0 4
78 1 25.0 30.0 4
-1 0 35.0 35.0 D
5002 2 59.0 77.19606018066406 60 2147483647 61
0 0 35.0 35.0 D
1407 1 22.0 27.0 2
1518 1 20.0 26.0 2
1347 1 18.0 24.0 2
1342 1 18.0 24.0 2
1338 1 18.0 24.0 2
224 1 10.0 20.0 2
212 1 10.0 20.0 2
210 1 10.0 20.0 2
207 1 10.0 20.0 2
1274 1 4.0 18.0 2
1273 1 4.0 18.0 2
1271 1 4.0 18.0 2
1270 1 4.0 18.0 2
1268 1 4.0 18.0 2
1265 1 4.0 18.0 2
1264 1 4.0 18.0 2
1263 1 4.0 18.0 2
1260 1 4.0 18.0 2
1259 1 4.0 18.0 2
1257 1 4.0 18.0 2
1256 1 4.0 18.0 2
1255 1 4.0 18.0 2
1254 1 4.0 18.0 2
1253 1 4.0 18.0 2
1251 1 4.0 18.0 2
1249 1 4.0 18.0 2
1248 1 4.0 18.0 2
1247 1 4.0 18.0 2
1246 1 4.0 18.0 2
1244 1 4.0 18.0 2
1243 1 4.0 18.0 2
1242 1 4.0 18.0 2
2104 1 10.0 17.0 2
2092 1 10.0 17.0 2
598 1 11.0 14.0 2
597 1 11.0 14.0 2
596 1 11.0 14.0 2
594 1 11.0 14.0 2
593 1 11.0 14.0 2
592 1 11.0 14.0 2
591 1 11.0 14.0 2
590 1 11.0 14.0 2
588 1 11.0 14.0 2
587 1 11.0 14.0 2
586 1 11.0 14.0 2
585 1 11.0 14.0 2
583 1 11.0 14.0 2
582 1 11.0 14.0 2
581 1 11.0 14.0 2
1328 1 15.0 19.0 2
1432 1 19.0 21.0 2
1425 1 19.0 21.0 2
831 1 21.0 24.0 2
829 1 21.0 24.0 2
822 1 21.0 24.0 2
821 1 21.0 24.0 2
815 1 21.0 24.0 2
814 1 21.0 24.0 2
1354 1 26.0 27.0 2
-1 0 35.0 35.0 D
5003 4 149.0 62.25944137573242 150 2147483647 151
0 0 35.0 35.0 D
1410 1 22.0 27.0 4
1409 1 22.0 27.0 4
1408 1 22.0 27.0 4
1406 1 22.0 27.0 4
1405 1 22.0 27.0 4
1404 1 22.0 27.0 4
1403 1 22.0 27.0 4
1402 1 22.0 27.0 4
1352 1 18.0 24.0 4
1350 1 18.0 24.0 4
1349 1 18.0 24.0 4
1348 1 18.0 24.0 4
1346 1 18.0 24.0 4
1344 1 18.0 24.0 4
1343 1 18.0 24.0 4
1341 1 18.0 24.0 4
1340 1 18.0 24.0 4
1339 1 18.0 24.0 4
1337 1 18.0 24.0 4
1336 1 18.0 24.0 4
1335 1 18.0 24.0 4
1334 1 18.0 24.0 4
1333 1 18.0 24.0 4
1331 1 18.0 24.0 4
1239 1 16.0 22.0 4
1238 1 16.0 22.0 4
1237 1 16.0 22.0 4
1236 1 16.0 22.0 4
1234 1 16.0 22.0 4
1233 1 16.0 22.0 4
1232 1 16.0 22.0 4
1230 1 16.0 22.0 4
1229 1 16.0 22.0 4
1228 1 16.0 22.0 4
1227 1 16.0 22.0 4
1226 1 16.0 22.0 4
1225 1 16.0 22.0 4
1224 1 16.0 22.0 4
1223 1 16.0 22.0 4
1222 1 16.0 22.0 4
1221 1 16.0 22.0 4
1220 1 16.0 22.0 4
1219 1 16.0 22.0 4
1217 1 16.0 22.0 4
1216 1 16.0 22.0 4
1215 1 16.0 22.0 4
1214 1 16.0 22.0 4
1213 1 16.0 22.0 4
1212 1 16.0 22.0 4
1211 1 16.0 22.0 4
1209 1 16.0 22.0 4
1208 1 16.0 22.0 4
1206 1 16.0 22.0 4
1205 1 16.0 22.0 4
1204 1 16.0 22.0 4
1203 1 16.0 22.0 4
1202 1 16.0 22.0 4
1201 1 16.0 22.0 4
1200 1 16.0 22.0 4
1199 1 16.0 22.0 4
2110 1 10.0 17.0 4
2109 1 10.0 17.0 4
2108 1 10.0 17.0 4
2107 1 10.0 17.0 4
2106 1 10.0 17.0 4
2105 1 10.0 17.0 4
2103 1 10.0 17.0 4
2102 1 10.0 17.0 4
2101 1 10.0 17.0 4
2100 1 10.0 17.0 4
2098 1 10.0 17.0 4
2097 1 10.0 17.0 4
2096 1 10.0 17.0 4
2095 1 10.0 17.0 4
2094 1 10.0 17.0 4
2093 1 10.0 17.0 4
2091 1 10.0 17.0 4
2090 1 10.0 17.0 4
2089 1 10.0 17.0 4
2088 1 10.0 17.0 4
2087 1 10.0 17.0 4
2086 1 10.0 17.0 4
2085 1 10.0 17.0 4
2084 1 10.0 17.0 4
1431 1 19.0 21.0 4
1430 1 19.0 21.0 4
1429 1 19.0 21.0 4
1428 1 19.0 21.0 4
1427 1 19.0 21.0 4
1426 1 19.0 21.0 4
1424 1 19.0 21.0 4
1423 1 19.0 21.0 4
833 1 21.0 24.0 4
832 1 21.0 24.0 4
830 1 21.0 24.0 4
828 1 21.0 24.0 4
827 1 21.0 24.0 4
826 1 21.0 24.0 4
825 1 21.0 24.0 4
824 1 21.0 24.0 4
823 1 21.0 24.0 4
820 1 21.0 24.0 4
819 1 21.0 24.0 4
818 1 21.0 24.0 4
817 1 21.0 24.0 4
816 1 21.0 24.0 4
813 1 21.0 24.0 4
812 1 21.0 24.0 4
811 1 21.0 24.0 4
810 1 21.0 24.0 4
809 1 21.0 24.0 4
808 1 21.0 24.0 4
807 1 21.0 24.0 4
806 1 21.0 24.0 4
1359 1 26.0 27.0 4
1358 1 26.0 27.0 4
1357 1 26.0 27.0 4
1356 1 26.0 27.0 4
1355 1 26.0 27.0 4
1353 1 26.0 27.0 4
1662 1 31.0 32.0 4
1661 1 31.0 32.0 4
1660 1 31.0 32.0 4
1659 1 31.0 32.0 4
1658 1 31.0 32.0 4
1657 1 31.0 32.0 4
1656 1 31.0 32.0 4
1655 1 31.0 32.0 4
1654 1 31.0 32.0 4
1653 1 31.0 32.0 4
1652 1 31.0 32.0 4
1651 1 31.0 32.0 4
1650 1 31.0 32.0 4
1649 1 31.0 32.0 4
1648 1 31.0 32.0 4
1647 1 31.0 32.0 4
1646 1 31.0 32.0 4
1645 1 31.0 32.0 4
1644 1 31.0 32.0 4
1643 1 31.0 32.0 4
1642 1 31.0 32.0 4
1641 1 31.0 32.0 4
1640 1 31.0 32.0 4
1639 1 31.0 32.0 4
1638 1 31.0 32.0 4
1637 1 31.0 32.0 4
1636 1 31.0 32.0 4
1635 1 31.0 32.0 4
1634 1 31.0 32.0 4
-1 0 35.0 35.0 D
5004 4 149.0 83.34716796875 150 2147483647 151
0 0 35.0 35.0 D
1379 1 26.0 27.0 4
1378 1 26.0 27.0 4
1376 1 26.0 27.0 4
1375 1 26.0 27.0 4
1374 1 26.0 27.0 4
1373 1 26.0 27.0 4
1372 1 26.0 27.0 4
1371 1 26.0 27.0 4
1369 1 26.0 27.0 4
1368 1 26.0 27.0 4
1367 1 26.0 27.0 4
1365 1 26.0 27.0 4
1362 1 26.0 27.0 4
1361 1 26.0 27.0 4
1360 1 26.0 27.0 4
1398 1 25.0 24.0 4
1397 1 25.0 24.0 4
1396 1 25.0 24.0 4
1394 1 25.0 24.0 4
1393 1 25.0 24.0 4
1392 1 25.0 24.0 4
1391 1 25.0 24.0 4
1390 1 25.0 24.0 4
1389 1 25.0 24.0 4
1388 1 25.0 24.0 4
1386 1 25.0 24.0 4
1385 1 25.0 24.0 4
1384 1 25.0 24.0 4
1383 1 25.0 24.0 4
1382 1 25.0 24.0 4
1380 1 25.0 24.0 4
1734 1 27.0 23.0 4
1732 1 27.0 23.0 4
1422 1 25.0 21.0 4
1420 1 25.0 21.0 4
1419 1 25.0 21.0 4
1418 1 25.0 21.0 4
1417 1 25.0 21.0 4
1416 1 25.0 21.0 4
1415 1 25.0 21.0 4
1414 1 25.0 21.0 4
1412 1 25.0 21.0 4
1411 1 25.0 21.0 4
1330 1 22.0 22.0 4
1329 1 22.0 22.0 4
507 1 20.0 20.0 4
506 1 20.0 20.0 4
505 1 20.0 20.0 4
503 1 20.0 20.0 4
502 1 20.0 20.0 4
501 1 20.0 20.0 4
500 1 20.0 20.0 4
1458 1 18.0 18.0 4
1457 1 18.0 18.0 4
1455 1 18.0 18.0 4
1454 1 18.0 18.0 4
1453 1 18.0 18.0 4
1452 1 18.0 18.0 4
1451 1 18.0 18.0 4
1450 1 18.0 18.0 4
1448 1 18.0 18.0 4
1447 1 18.0 18.0 4
1446 1 18.0 18.0 4
1445 1 18.0 18.0 4
1444 1 18.0 18.0 4
1443 1 18.0 18.0 4
1442 1 18.0 18.0 4
2123 1 21.0 10.0 4
2122 1 21.0 10.0 4
2121 1 21.0 10.0 4
2120 1 21.0 10.0 4
2119 1 21.0 10.0 4
2117 1 21.0 10.0 4
2116 1 21.0 10.0 4
2114 1 21.0 10.0 4
2112 1 21.0 10.0 4
2111 1 21.0 10.0 4
573 1 24.0 12.0 4
572 1 24.0 12.0 4
570 1 24.0 12.0 4
1299 1 28.0 18.0 4
1298 1 28.0 18.0 4
1296 1 28.0 18.0 4
1295 1 28.0 18.0 4
1293 1 28.0 18.0 4
1290 1 28.0 18.0 4
1289 1 28.0 18.0 4
1288 1 28.0 18.0 4
1287 1 28.0 18.0 4
1285 1 28.0 18.0 4
1283 1 28.0 18.0 4
1280 1 28.0 18.0 4
1279 1 28.0 18.0 4
1277 1 28.0 18.0 4
1276 1 28.0 18.0 4
1275 1 28.0 18.0 4
2150 1 30.0 15.0 4
2149 1 30.0 15.0 4
2148 1 30.0 15.0 4
2147 1 30.0 15.0 4
2146 1 30.0 15.0 4
2145 1 30.0 15.0 4
2144 1 30.0 15.0 4
2143 1 30.0 15.0 4
2142 1 30.0 15.0 4
2140 1 30.0 15.0 4
2139 1 30.0 15.0 4
2138 1 30.0 15.0 4
2137 1 30.0 15.0 4
2136 1 30.0 15.0 4
2135 1 30.0 15.0 4
787 1 32.0 12.0 4
786 1 32.0 12.0 4
785 1 32.0 12.0 4
784 1 32.0 12.0 4
781 1 32.0 12.0 4
1714 1 36.0 16.0 4
1713 1 36.0 16.0 4
1711 1 36.0 16.0 4
1709 1 36.0 16.0 4
1708 1 36.0 16.0 4
17 1 35.0 17.0 4
16 1 35.0 17.0 4
15 1 35.0 17.0 4
14 1 35.0 17.0 4
13 1 35.0 17.0 4
12 1 35.0 17.0 4
11 1 35.0 17.0 4
2046 1 32.0 22.0 4
2045 1 32.0 22.0 4
2044 1 32.0 22.0 4
2042 1 32.0 22.0 4
2041 1 32.0 22.0 4
2040 1 32.0 22.0 4
178 1 30.0 25.0 4
177 1 30.0 25.0 4
173 1 30.0 25.0 4
172 1 30.0 25.0 4
171 1 30.0 25.0 4
169 1 30.0 25.0 4
167 1 30.0 25.0 4
166 1 30.0 25.0 4
164 1 30.0 25.0 4
163 1 30.0 25.0 4
162 1 30.0 25.0 4
161 1 30.0 25.0 4
159 1 30.0 25.0 4
158 1 30.0 25.0 4
156 1 30.0 25.0 4
-1 0 35.0 35.0 D
5005 2 59.0 85.68390655517578 60 2147483647 61
0 0 35.0 35.0 D
176 1 30.0 25.0 2
175 1 30.0 25.0 2
174 1 30.0 25.0 2
170 1 30.0 25.0 2
168 1 30.0 25.0 2
165 1 30.0 25.0 2
160 1 30.0 25.0 2
157 1 30.0 25.0 2
1733 1 27.0 23.0 2
1421 1 25.0 21.0 2
1413 1 25.0 21.0 2
1300 1 28.0 18.0 2
1297 1 28.0 18.0 2
1294 1 28.0 18.0 2
1291 1 28.0 18.0 2
1286 1 28.0 18.0 2
1284 1 28.0 18.0 2
1281 1 28.0 18.0 2
571 1 24.0 12.0 2
569 1 24.0 12.0 2
2115 1 21.0 10.0 2
2113 1 21.0 10.0 2
576 1 23.0 3.0 2
574 1 23.0 3.0 2
198 1 15.0 10.0 2
197 1 15.0 10.0 2
196 1 15.0 10.0 2
195 1 15.0 10.0 2
194 1 15.0 10.0 2
193 1 15.0 10.0 2
192 1 15.0 10.0 2
191 1 15.0 10.0 2
190 1 15.0 10.0 2
189 1 15.0 10.0 2
188 1 15.0 10.0 2
186 1 15.0 10.0 2
185 1 15.0 10.0 2
184 1 15.0 10.0 2
183 1 15.0 10.0 2
182 1 15.0 10.0 2
181 1 15.0 10.0 2
180 1 15.0 10.0 2
1784 1 13.0 13.0 2
1783 1 13.0 13.0 2
1781 1 13.0 13.0 2
1780 1 13.0 13.0 2
1779 1 13.0 13.0 2
1778 1 13.0 13.0 2
1777 1 13.0 13.0 2
1449 1 18.0 18.0 2
1399 1 25.0 24.0 2
1395 1 25.0 24.0 2
1387 1 25.0 24.0 2
1381 1 25.0 24.0 2
1377 1 26.0 27.0 2
1370 1 26.0 27.0 2
1366 1 26.0 27.0 2
1364 1 26.0 27.0 2
1363 1 26.0 27.0 2
-1 0 35.0 35.0 D
5006 2 59.0 117.7698974609375 60 2147483647 61
0 0 35.0 35.0 D
803 1 36.0 26.0 2
801 1 36.0 26.0 2
2047 1 32.0 22.0 2
2043 1 32.0 22.0 2
2039 1 32.0 22.0 2
1707 1 36.0 16.0 2
2141 1 30.0 15.0 2
783 1 32.0 12.0 2
782 1 32.0 12.0 2
580 1 23.0 3.0 2
579 1 23.0 3.0 2
578 1 23.0 3.0 2
577 1 23.0 3.0 2
206 1 30.0 5.0 2
205 1 30.0 5.0 2
202 1 30.0 5.0 2
200 1 30.0 5.0 2
199 1 30.0 5.0 2
567 1 42.0 7.0 2
293 1 45.0 10.0 2
285 1 45.0 10.0 2
1984 1 46.0 10.0 2
1978 1 46.0 10.0 2
1975 1 46.0 10.0 2
320 1 55.0 5.0 2
319 1 55.0 5.0 2
318 1 55.0 5.0 2
317 1 55.0 5.0 2
316 1 55.0 5.0 2
314 1 55.0 5.0 2
313 1 55.0 5.0 2
310 1 55.0 5.0 2
309 1 55.0 5.0 2
308 1 55.0 5.0 2
307 1 55.0 5.0 2
306 1 55.0 5.0 2
304 1 55.0 5.0 2
303 1 55.0 5.0 2
302 1 55.0 5.0 2
301 1 55.0 5.0 2
300 1 55.0 5.0 2
298 1 55.0 5.0 2
297 1 55.0 5.0 2
296 1 55.0 5.0 2
295 1 55.0 5.0 2
1075 1 49.0 11.0 2
1073 1 49.0 11.0 2
1070 1 49.0 11.0 2
1035 1 47.0 16.0 2
1031 1 47.0 16.0 2
1024 1 47.0 16.0 2
1050 1 44.0 17.0 2
1047 1 44.0 17.0 2
1045 1 44.0 17.0 2
276 1 45.0 20.0 2
270 1 45.0 20.0 2
266 1 45.0 20.0 2
558 1 40.0 25.0 2
555 1 40.0 25.0 2
-1 0 35.0 35.0 D
5007 4 149.0 71.02725219726562 150 2147483647 151
0 0 35.0 35.0 D
754 1 37.0 31.0 4
753 1 37.0 31.0 4
752 1 37.0 31.0 4
751 1 37.0 31.0 4
750 1 37.0 31.0 4
749 1 37.0 31.0 4
748 1 37.0 31.0 4
747 1 37.0 31.0 4
746 1 37.0 31.0 4
745 1 37.0 31.0 4
744 1 37.0 31.0 4
743 1 37.0 31.0 4
742 1 37.0 31.0 4
741 1 37.0 31.0 4
805 1 36.0 26.0 4
804 1 36.0 26.0 4
802 1 36.0 26.0 4
800 1 36.0 26.0 4
799 1 36.0 26.0 4
798 1 36.0 26.0 4
797 1 36.0 26.0 4
796 1 36.0 26.0 4
795 1 36.0 26.0 4
794 1 36.0 26.0 4
793 1 36.0 26.0 4
792 1 36.0 26.0 4
791 1 36.0 26.0 4
790 1 36.0 26.0 4
789 1 36.0 26.0 4
788 1 36.0 26.0 4
1716 1 36.0 16.0 4
1715 1 36.0 16.0 4
568 1 42.0 7.0 4
566 1 42.0 7.0 4
565 1 42.0 7.0 4
564 1 42.0 7.0 4
294 1 45.0 10.0 4
291 1 45.0 10.0 4
290 1 45.0 10.0 4
289 1 45.0 10.0 4
288 1 45.0 10.0 4
287 1 45.0 10.0 4
286 1 45.0 10.0 4
284 1 45.0 10.0 4
283 1 45.0 10.0 4
282 1 45.0 10.0 4
281 1 45.0 10.0 4
280 1 45.0 10.0 4
279 1 45.0 10.0 4
278 1 45.0 10.0 4
277 1 45.0 10.0 4
1989 1 46.0 10.0 4
1987 1 46.0 10.0 4
1986 1 46.0 10.0 4
1985 1 46.0 10.0 4
1983 1 46.0 10.0 4
1982 1 46.0 10.0 4
1981 1 46.0 10.0 4
1980 1 46.0 10.0 4
1979 1 46.0 10.0 4
1977 1 46.0 10.0 4
1976 1 46.0 10.0 4
1974 1 46.0 10.0 4
1973 1 46.0 10.0 4
1971 1 46.0 10.0 4
1970 1 46.0 10.0 4
1969 1 46.0 10.0 4
1968 1 46.0 10.0 4
1967 1 46.0 10.0 4
1079 1 49.0 11.0 4
1077 1 49.0 11.0 4
1076 1 49.0 11.0 4
1074 1 49.0 11.0 4
1072 1 49.0 11.0 4
1071 1 49.0 11.0 4
1069 1 49.0 11.0 4
1068 1 49.0 11.0 4
1067 1 49.0 11.0 4
1066 1 49.0 11.0 4
1064 1 49.0 11.0 4
1063 1 49.0 11.0 4
1062 1 49.0 11.0 4
1061 1 46.0 13.0 4
1060 1 46.0 13.0 4
1059 1 46.0 13.0 4
1058 1 46.0 13.0 4
1057 1 46.0 13.0 4
1056 1 46.0 13.0 4
1055 1 46.0 13.0 4
1054 1 46.0 13.0 4
1044 1 47.0 16.0 4
1043 1 47.0 16.0 4
1042 1 47.0 16.0 4
1041 1 47.0 16.0 4
1040 1 47.0 16.0 4
1039 1 47.0 16.0 4
1038 1 47.0 16.0 4
1037 1 47.0 16.0 4
1036 1 47.0 16.0 4
1034 1 47.0 16.0 4
1033 1 47.0 16.0 4
1032 1 47.0 16.0 4
1030 1 47.0 16.0 4
1029 1 47.0 16.0 4
1028 1 47.0 16.0 4
1027 1 47.0 16.0 4
1026 1 47.0 16.0 4
1025 1 47.0 16.0 4
1023 1 47.0 16.0 4
1022 1 47.0 16.0 4
1021 1 47.0 16.0 4
1020 1 47.0 16.0 4
1053 1 44.0 17.0 4
1052 1 44.0 17.0 4
1051 1 44.0 17.0 4
1049 1 44.0 17.0 4
1048 1 44.0 17.0 4
1046 1 44.0 17.0 4
275 1 45.0 20.0 4
273 1 45.0 20.0 4
272 1 45.0 20.0 4
271 1 45.0 20.0 4
269 1 45.0 20.0 4
268 1 45.0 20.0 4
267 1 45.0 20.0 4
563 1 40.0 25.0 4
562 1 40.0 25.0 4
561 1 40.0 25.0 4
560 1 40.0 25.0 4
559 1 40.0 25.0 4
557 1 40.0 25.0 4
556 1 40.0 25.0 4
1537 1 40.0 30.0 4
1536 1 40.0 30.0 4
1535 1 40.0 30.0 4
1534 1 40.0 30.0 4
1533 1 40.0 30.0 4
1532 1 40.0 30.0 4
1531 1 40.0 30.0 4
1530 1 40.0 30.0 4
1529 1 40.0 30.0 4
1528 1 40.0 30.0 4
1527 1 40.0 30.0 4
1526 1 40.0 30.0 4
1525 1 40.0 30.0 4
1524 1 40.0 30.0 4
1523 1 40.0 30.0 4
1522 1 40.0 30.0 4
1521 1 40.0 30.0 4
-1 0 35.0 35.0 D
5008 2 58.0 101.42188262939453 60 2147483647 60
0 0 35.0 35.0 D
338 1 45.0 30.0 2
337 1 45.0 30.0 2
2004 1 61.0 33.0 2
1997 1 61.0 33.0 2
1992 1 61.0 33.0 2
761 1 57.0 29.0 2
755 1 57.0 29.0 2
1929 1 58.0 27.0 2
773 1 63.0 23.0 2
331 1 65.0 20.0 2
330 1 65.0 20.0 2
328 1 65.0 20.0 2
2076 1 59.0 15.0 2
2074 1 59.0 15.0 2
2073 1 59.0 15.0 2
2072 1 59.0 15.0 2
2071 1 59.0 15.0 2
2070 1 59.0 15.0 2
2068 1 59.0 15.0 2
2067 1 59.0 15.0 2
2066 1 59.0 15.0 2
2065 1 59.0 15.0 2
2064 1 59.0 15.0 2
2063 1 59.0 15.0 2
554 1 60.0 12.0 2
553 1 60.0 12.0 2
552 1 60.0 12.0 2
551 1 60.0 12.0 2
550 1 60.0 12.0 2
548 1 60.0 12.0 2
547 1 60.0 12.0 2
545 1 60.0 12.0 2
544 1 60.0 12.0 2
543 1 60.0 12.0 2
542 1 60.0 12.0 2
541 1 60.0 12.0 2
540 1 60.0 12.0 2
539 1 60.0 12.0 2
538 1 60.0 12.0 2
536 1 60.0 12.0 2
535 1 60.0 12.0 2
534 1 60.0 12.0 2
533 1 60.0 12.0 2
532 1 60.0 12.0 2
531 1 60.0 12.0 2
530 1 60.0 12.0 2
529 1 60.0 12.0 2
528 1 60.0 12.0 2
527 1 60.0 12.0 2
524 1 60.0 12.0 2
323 1 55.0 5.0 2
321 1 55.0 5.0 2
780 1 53.0 12.0 2
779 1 53.0 12.0 2
778 1 53.0 12.0 2
777 1 53.0 12.0 2
776 1 53.0 12.0 2
775 1 53.0 12.0 2
-1 0 35.0 35.0 D
5020 4 248.0 121.5905532836914 250 2147483647 250
0 0 35.0 35.0 D
366 1 41.0 37.0 4
367 1 41.0 37.0 4
368 1 41.0 37.0 4
369 1 41.0 37.0 4
370 1 41.0 37.0 4
371 1 41.0 37.0 4
372 1 41.0 37.0 4
373 1 41.0 37.0 4
374 1 41.0 37.0 4
375 1 41.0 37.0 4
376 1 41.0 37.0 4
377 1 41.0 37.0 4
378 1 41.0 37.0 4
379 1 41.0 37.0 4
380 1 41.0 37.0 4
381 1 41.0 37.0 4
1080 1 49.0 42.0 4
1081 1 49.0 42.0 4
1082 1 49.0 42.0 4
1083 1 49.0 42.0 4
1085 1 49.0 42.0 4
1086 1 49.0 42.0 4
1087 1 49.0 42.0 4
1088 1 49.0 42.0 4
1089 1 49.0 42.0 4
1091 1 49.0 42.0 4
1092 1 49.0 42.0 4
1717 1 52.0 41.0 4
1718 1 52.0 41.0 4
1721 1 52.0 41.0 4
1722 1 52.0 41.0 4
1723 1 52.0 41.0 4
1724 1 52.0 41.0 4
1725 1 52.0 41.0 4
1726 1 52.0 41.0 4
1727 1 52.0 41.0 4
1728 1 52.0 41.0 4
1731 1 52.0 41.0 4
958 1 56.0 39.0 4
959 1 56.0 39.0 4
960 1 56.0 39.0 4
961 1 56.0 39.0 4
962 1 56.0 39.0 4
963 1 56.0 39.0 4
965 1 56.0 39.0 4
966 1 56.0 39.0 4
968 1 56.0 39.0 4
969 1 56.0 39.0 4
971 1 56.0 39.0 4
973 1 56.0 39.0 4
974 1 56.0 39.0 4
976 1 56.0 39.0 4
977 1 56.0 39.0 4
978 1 56.0 39.0 4
979 1 56.0 39.0 4
980 1 56.0 39.0 4
981 1 56.0 39.0 4
982 1 56.0 39.0 4
983 1 56.0 39.0 4
984 1 56.0 39.0 4
985 1 56.0 39.0 4
986 1 56.0 39.0 4
987 1 56.0 39.0 4
988 1 56.0 39.0 4
989 1 56.0 39.0 4
990 1 56.0 39.0 4
991 1 56.0 39.0 4
992 1 56.0 39.0 4
1093 1 53.0 43.0 4
1095 1 53.0 43.0 4
1096 1 53.0 43.0 4
1097 1 53.0 43.0 4
1098 1 53.0 43.0 4
1099 1 53.0 43.0 4
1100 1 53.0 43.0 4
1101 1 53.0 43.0 4
1103 1 53.0 43.0 4
18 1 55.0 45.0 4
19 1 55.0 45.0 4
20 1 55.0 45.0 4
22 1 55.0 45.0 4
23 1 55.0 45.0 4
24 1 55.0 45.0 4
25 1 55.0 45.0 4
26 1 55.0 45.0 4
28 1 55.0 45.0 4
29 1 55.0 45.0 4
30 1 55.0 45.0 4
1110 1 57.0 48.0 4
1111 1 57.0 48.0 4
1112 1 57.0 48.0 4
1114 1 57.0 48.0 4
1115 1 57.0 48.0 4
1116 1 57.0 48.0 4
1117 1 57.0 48.0 4
1118 1 57.0 48.0 4
1119 1 57.0 48.0 4
1120 1 57.0 48.0 4
1123 1 57.0 48.0 4
1124 1 57.0 48.0 4
1125 1 57.0 48.0 4
1919 1 58.0 48.0 4
1920 1 58.0 48.0 4
1921 1 58.0 48.0 4
1922 1 58.0 48.0 4
1813 1 62.0 42.0 4
1814 1 62.0 42.0 4
1815 1 62.0 42.0 4
1816 1 62.0 42.0 4
1817 1 62.0 42.0 4
1818 1 62.0 42.0 4
1819 1 62.0 42.0 4
382 1 64.0 42.0 4
384 1 64.0 42.0 4
385 1 64.0 42.0 4
386 1 64.0 42.0 4
388 1 64.0 42.0 4
389 1 64.0 42.0 4
1990 1 61.0 33.0 4
1993 1 61.0 33.0 4
1994 1 61.0 33.0 4
1995 1 61.0 33.0 4
1996 1 61.0 33.0 4
1998 1 61.0 33.0 4
1999 1 61.0 33.0 4
2000 1 61.0 33.0 4
2005 1 61.0 33.0 4
2007 1 61.0 33.0 4
2008 1 61.0 33.0 4
2009 1 61.0 33.0 4
2010 1 61.0 33.0 4
2011 1 61.0 33.0 4
2012 1 61.0 33.0 4
2013 1 61.0 33.0 4
2014 1 61.0 33.0 4
2015 1 61.0 33.0 4
1925 1 58.0 27.0 4
1926 1 58.0 27.0 4
1927 1 58.0 27.0 4
1928 1 58.0 27.0 4
1930 1 58.0 27.0 4
1931 1 58.0 27.0 4
1932 1 58.0 27.0 4
1933 1 58.0 27.0 4
1934 1 58.0 27.0 4
1935 1 58.0 27.0 4
1936 1 58.0 27.0 4
1938 1 58.0 27.0 4
1939 1 58.0 27.0 4
1940 1 58.0 27.0 4
1941 1 58.0 27.0 4
1942 1 58.0 27.0 4
1943 1 58.0 27.0 4
31 1 55.0 20.0 4
32 1 55.0 20.0 4
33 1 55.0 20.0 4
34 1 55.0 20.0 4
35 1 55.0 20.0 4
36 1 55.0 20.0 4
37 1 55.0 20.0 4
38 1 55.0 20.0 4
39 1 55.0 20.0 4
40 1 55.0 20.0 4
41 1 55.0 20.0 4
42 1 55.0 20.0 4
43 1 55.0 20.0 4
44 1 55.0 20.0 4
45 1 55.0 20.0 4
47 1 55.0 20.0 4
48 1 55.0 20.0 4
1610 1 51.0 21.0 4
1611 1 51.0 21.0 4
1613 1 51.0 21.0 4
1614 1 51.0 21.0 4
756 1 57.0 29.0 4
757 1 57.0 29.0 4
758 1 57.0 29.0 4
760 1 57.0 29.0 4
763 1 57.0 29.0 4
764 1 57.0 29.0 4
765 1 57.0 29.0 4
766 1 57.0 29.0 4
767 1 57.0 29.0 4
768 1 57.0 29.0 4
769 1 57.0 29.0 4
770 1 57.0 29.0 4
771 1 57.0 29.0 4
772 1 57.0 29.0 4
1134 1 56.0 37.0 4
1135 1 56.0 37.0 4
1136 1 56.0 37.0 4
1137 1 56.0 37.0 4
1138 1 56.0 37.0 4
1599 1 52.0 33.0 4
1600 1 52.0 33.0 4
1602 1 52.0 33.0 4
1603 1 52.0 33.0 4
1604 1 52.0 33.0 4
1605 1 52.0 33.0 4
1606 1 52.0 33.0 4
1607 1 52.0 33.0 4
1608 1 52.0 33.0 4
1609 1 52.0 33.0 4
137 1 50.0 35.0 4
138 1 50.0 35.0 4
139 1 50.0 35.0 4
140 1 50.0 35.0 4
141 1 50.0 35.0 4
142 1 50.0 35.0 4
143 1 50.0 35.0 4
144 1 50.0 35.0 4
145 1 50.0 35.0 4
146 1 50.0 35.0 4
147 1 50.0 35.0 4
149 1 50.0 35.0 4
150 1 50.0 35.0 4
151 1 50.0 35.0 4
153 1 50.0 35.0 4
155 1 50.0 35.0 4
2049 1 45.0 35.0 4
2050 1 45.0 35.0 4
2051 1 45.0 35.0 4
2052 1 45.0 35.0 4
2055 1 45.0 35.0 4
2056 1 45.0 35.0 4
2057 1 45.0 35.0 4
2058 1 45.0 35.0 4
2061 1 45.0 35.0 4
2062 1 45.0 35.0 4
333 1 45.0 30.0 4
334 1 45.0 30.0 4
335 1 45.0 30.0 4
336 1 45.0 30.0 4
339 1 45.0 30.0 4
340 1 45.0 30.0 4
341 1 45.0 30.0 4
342 1 45.0 30.0 4
343 1 45.0 30.0 4
344 1 45.0 30.0 4
345 1 45.0 30.0 4
346 1 45.0 30.0 4
347 1 45.0 30.0 4
348 1 45.0 30.0 4
349 1 45.0 30.0 4
1538 1 40.0 30.0 4
1539 1 40.0 30.0 4
1540 1 40.0 30.0 4
1541 1 40.0 30.0 4
-1 0 35.0 35.0 D
