1
0 35.0 35.0 3033.0 2702.6513671875 26
5059 1 99.0 151.386962890625 100 2147483647 101
0 0 35.0 35.0 D
2392 1 26.0 59.0 1
123 1 30.0 60.0 1
122 1 30.0 60.0 1
1590 1 31.0 62.0 1
1585 1 31.0 62.0 1
1327 1 31.0 67.0 1
1889 1 27.0 68.0 1
1886 1 27.0 68.0 1
870 1 27.0 69.0 1
869 1 27.0 69.0 1
2850 1 31.0 76.0 1
2849 1 31.0 76.0 1
2848 1 31.0 76.0 1
2847 1 31.0 76.0 1
2846 1 31.0 76.0 1
2845 1 31.0 76.0 1
2844 1 31.0 76.0 1
2843 1 31.0 76.0 1
2842 1 31.0 76.0 1
2841 1 31.0 76.0 1
2840 1 31.0 76.0 1
2839 1 31.0 76.0 1
2838 1 31.0 76.0 1
2837 1 31.0 76.0 1
2836 1 31.0 76.0 1
2835 1 31.0 76.0 1
2834 1 31.0 76.0 1
2833 1 31.0 76.0 1
2832 1 31.0 76.0 1
2831 1 31.0 76.0 1
2830 1 31.0 76.0 1
2829 1 31.0 76.0 1
2828 1 31.0 76.0 1
2827 1 31.0 76.0 1
2826 1 31.0 76.0 1
457 1 35.0 69.0 1
453 1 35.0 69.0 1
447 1 35.0 69.0 1
446 1 35.0 69.0 1
445 1 35.0 69.0 1
441 1 35.0 69.0 1
1952 1 37.0 69.0 1
1950 1 37.0 69.0 1
1948 1 37.0 69.0 1
1945 1 37.0 69.0 1
1944 1 37.0 69.0 1
264 1 45.0 65.0 1
2979 1 47.0 66.0 1
2974 1 47.0 66.0 1
2961 1 47.0 66.0 1
929 1 49.0 73.0 1
928 1 49.0 73.0 1
920 1 49.0 73.0 1
919 1 49.0 73.0 1
917 1 49.0 73.0 1
913 1 49.0 73.0 1
911 1 49.0 73.0 1
910 1 49.0 73.0 1
909 1 49.0 73.0 1
907 1 62.0 77.0 1
906 1 62.0 77.0 1
905 1 62.0 77.0 1
904 1 62.0 77.0 1
903 1 62.0 77.0 1
902 1 62.0 77.0 1
901 1 62.0 77.0 1
900 1 62.0 77.0 1
899 1 62.0 77.0 1
898 1 62.0 77.0 1
897 1 62.0 77.0 1
896 1 62.0 77.0 1
895 1 62.0 77.0 1
894 1 62.0 77.0 1
893 1 62.0 77.0 1
892 1 62.0 77.0 1
891 1 62.0 77.0 1
890 1 62.0 77.0 1
889 1 62.0 77.0 1
888 1 62.0 77.0 1
1017 1 57.0 68.0 1
1014 1 57.0 68.0 1
1013 1 57.0 68.0 1
1010 1 57.0 68.0 1
1006 1 57.0 68.0 1
2480 1 55.0 65.0 1
2479 1 55.0 65.0 1
2470 1 55.0 65.0 1
2464 1 55.0 65.0 1
2463 1 55.0 65.0 1
2461 1 55.0 65.0 1
2458 1 55.0 65.0 1
2450 1 55.0 65.0 1
1509 1 52.0 64.0 1
728 1 49.0 58.0 1
724 1 49.0 58.0 1
406 1 40.0 60.0 1
1003 1 37.0 56.0 1
1002 1 37.0 56.0 1
1000 1 37.0 56.0 1
-1 0 35.0 35.0 D
5060 1 159.0 236.5164794921875 160 2147483647 161
0 0 35.0 35.0 D
828 1 21.0 24.0 1
821 1 21.0 24.0 1
816 1 21.0 24.0 1
807 1 21.0 24.0 1
1349 1 18.0 24.0 1
1346 1 18.0 24.0 1
1344 1 18.0 24.0 1
1335 1 18.0 24.0 1
1334 1 18.0 24.0 1
1333 1 18.0 24.0 1
1428 1 19.0 21.0 1
1236 1 16.0 22.0 1
1233 1 16.0 22.0 1
1230 1 16.0 22.0 1
1214 1 16.0 22.0 1
1213 1 16.0 22.0 1
1212 1 16.0 22.0 1
847 1 12.0 24.0 1
220 1 10.0 20.0 1
214 1 10.0 20.0 1
2109 1 10.0 17.0 1
2106 1 10.0 17.0 1
2102 1 10.0 17.0 1
2100 1 10.0 17.0 1
2098 1 10.0 17.0 1
2087 1 10.0 17.0 1
596 1 11.0 14.0 1
594 1 11.0 14.0 1
593 1 11.0 14.0 1
588 1 11.0 14.0 1
586 1 11.0 14.0 1
585 1 11.0 14.0 1
2078 1 5.0 6.0 1
2077 1 5.0 6.0 1
1266 1 4.0 18.0 1
1252 1 4.0 18.0 1
1250 1 4.0 18.0 1
1246 1 4.0 18.0 1
1243 1 4.0 18.0 1
1685 1 5.0 25.0 1
1679 1 5.0 25.0 1
1669 1 5.0 25.0 1
606 1 6.0 38.0 1
604 1 6.0 38.0 1
599 1 6.0 38.0 1
1868 1 7.0 38.0 1
1863 1 7.0 38.0 1
1856 1 7.0 38.0 1
2712 1 7.0 43.0 1
2700 1 7.0 43.0 1
2689 1 7.0 43.0 1
2688 1 7.0 43.0 1
1852 1 8.0 52.0 1
1850 1 8.0 52.0 1
1848 1 8.0 52.0 1
1847 1 8.0 52.0 1
2593 1 9.0 56.0 1
638 1 8.0 56.0 1
632 1 8.0 56.0 1
624 1 8.0 56.0 1
618 1 8.0 56.0 1
617 1 8.0 56.0 1
499 1 2.0 60.0 1
498 1 2.0 60.0 1
497 1 2.0 60.0 1
496 1 2.0 60.0 1
495 1 2.0 60.0 1
2134 1 5.0 64.0 1
2133 1 5.0 64.0 1
2132 1 5.0 64.0 1
2131 1 5.0 64.0 1
2130 1 5.0 64.0 1
2129 1 5.0 64.0 1
2128 1 5.0 64.0 1
2127 1 5.0 64.0 1
2126 1 5.0 64.0 1
2125 1 5.0 64.0 1
2124 1 5.0 64.0 1
708 1 6.0 68.0 1
707 1 6.0 68.0 1
706 1 6.0 68.0 1
705 1 6.0 68.0 1
704 1 6.0 68.0 1
703 1 6.0 68.0 1
702 1 6.0 68.0 1
701 1 6.0 68.0 1
700 1 6.0 68.0 1
699 1 6.0 68.0 1
698 1 6.0 68.0 1
697 1 6.0 68.0 1
696 1 6.0 68.0 1
695 1 6.0 68.0 1
694 1 6.0 68.0 1
693 1 6.0 68.0 1
692 1 6.0 68.0 1
691 1 6.0 68.0 1
690 1 6.0 68.0 1
689 1 6.0 68.0 1
688 1 6.0 68.0 1
687 1 6.0 68.0 1
686 1 6.0 68.0 1
685 1 6.0 68.0 1
684 1 6.0 68.0 1
683 1 6.0 68.0 1
682 1 6.0 68.0 1
681 1 6.0 68.0 1
680 1 6.0 68.0 1
679 1 6.0 68.0 1
887 1 15.0 77.0 1
886 1 15.0 77.0 1
885 1 15.0 77.0 1
884 1 15.0 77.0 1
883 1 15.0 77.0 1
882 1 15.0 77.0 1
881 1 15.0 77.0 1
880 1 15.0 77.0 1
879 1 15.0 77.0 1
134 1 20.0 65.0 1
127 1 20.0 65.0 1
125 1 20.0 65.0 1
2717 1 17.0 64.0 1
2714 1 17.0 64.0 1
1574 1 17.0 63.0 1
1570 1 17.0 63.0 1
1569 1 17.0 63.0 1
1567 1 17.0 63.0 1
1563 1 17.0 63.0 1
254 1 15.0 60.0 1
248 1 15.0 60.0 1
247 1 15.0 60.0 1
1843 1 16.0 57.0 1
1832 1 16.0 57.0 1
868 1 24.0 58.0 1
866 1 24.0 58.0 1
863 1 24.0 58.0 1
853 1 24.0 58.0 1
2414 1 26.0 59.0 1
2409 1 26.0 59.0 1
2400 1 26.0 59.0 1
2397 1 26.0 59.0 1
2199 1 25.0 55.0 1
1304 1 26.0 52.0 1
2870 1 22.0 53.0 1
2864 1 22.0 53.0 1
673 1 13.0 52.0 1
671 1 13.0 52.0 1
653 1 13.0 52.0 1
644 1 13.0 52.0 1
643 1 13.0 52.0 1
1177 1 15.0 47.0 1
87 1 10.0 43.0 1
1698 1 12.0 42.0 1
1693 1 12.0 42.0 1
1191 1 14.0 37.0 1
65 1 15.0 30.0 1
58 1 15.0 30.0 1
1768 1 17.0 33.0 1
1763 1 17.0 33.0 1
1745 1 17.0 33.0 1
-1 0 35.0 35.0 D
5062 2 99.0 93.99067687988281 100 2147483647 101
0 0 35.0 35.0 D
720 1 47.0 47.0 2
716 1 47.0 47.0 2
1490 1 49.0 49.0 2
1481 1 49.0 49.0 2
1466 1 49.0 49.0 2
2371 1 50.0 50.0 2
2366 1 50.0 50.0 2
2364 1 50.0 50.0 2
2362 1 50.0 50.0 2
472 1 53.0 52.0 2
468 1 53.0 52.0 2
464 1 53.0 52.0 2
1163 1 55.0 54.0 2
1151 1 55.0 54.0 2
1143 1 55.0 54.0 2
2542 1 62.0 57.0 2
2541 1 62.0 57.0 2
2540 1 62.0 57.0 2
2538 1 62.0 57.0 2
2537 1 62.0 57.0 2
2536 1 62.0 57.0 2
2534 1 62.0 57.0 2
2533 1 62.0 57.0 2
2532 1 62.0 57.0 2
2531 1 62.0 57.0 2
2530 1 62.0 57.0 2
2527 1 62.0 57.0 2
2526 1 62.0 57.0 2
2032 1 62.0 63.0 2
2030 1 62.0 63.0 2
2029 1 62.0 63.0 2
2028 1 62.0 63.0 2
2027 1 62.0 63.0 2
2026 1 62.0 63.0 2
2025 1 62.0 63.0 2
2024 1 62.0 63.0 2
2023 1 62.0 63.0 2
2020 1 62.0 63.0 2
2019 1 62.0 63.0 2
2018 1 62.0 63.0 2
2016 1 62.0 63.0 2
494 1 63.0 65.0 2
492 1 63.0 65.0 2
490 1 63.0 65.0 2
489 1 63.0 65.0 2
487 1 63.0 65.0 2
1019 1 57.0 68.0 2
1018 1 57.0 68.0 2
1016 1 57.0 68.0 2
1015 1 57.0 68.0 2
1012 1 57.0 68.0 2
1011 1 57.0 68.0 2
1009 1 57.0 68.0 2
1008 1 57.0 68.0 2
1007 1 57.0 68.0 2
2483 1 55.0 65.0 2
2482 1 55.0 65.0 2
2481 1 55.0 65.0 2
2478 1 55.0 65.0 2
2477 1 55.0 65.0 2
2476 1 55.0 65.0 2
2475 1 55.0 65.0 2
2474 1 55.0 65.0 2
2473 1 55.0 65.0 2
2472 1 55.0 65.0 2
2471 1 55.0 65.0 2
2469 1 55.0 65.0 2
2468 1 55.0 65.0 2
2467 1 55.0 65.0 2
2466 1 55.0 65.0 2
2465 1 55.0 65.0 2
2462 1 55.0 65.0 2
2460 1 55.0 65.0 2
2459 1 55.0 65.0 2
2457 1 55.0 65.0 2
2456 1 55.0 65.0 2
2455 1 55.0 65.0 2
2454 1 55.0 65.0 2
2453 1 55.0 65.0 2
2452 1 55.0 65.0 2
2451 1 55.0 65.0 2
2449 1 55.0 65.0 2
2448 1 55.0 65.0 2
2447 1 55.0 65.0 2
1508 1 52.0 64.0 2
1507 1 52.0 64.0 2
1506 1 52.0 64.0 2
1505 1 52.0 64.0 2
1504 1 52.0 64.0 2
1503 1 52.0 64.0 2
1502 1 52.0 64.0 2
1501 1 52.0 64.0 2
1500 1 52.0 64.0 2
1499 1 52.0 64.0 2
1498 1 52.0 64.0 2
1497 1 52.0 64.0 2
1496 1 52.0 64.0 2
99 1 55.0 60.0 2
95 1 55.0 60.0 2
-1 0 35.0 35.0 D
5063 2 159.0 152.02719116210938 160 2147483647 161
0 0 35.0 35.0 D
2738 1 41.0 46.0 2
6 1 41.0 49.0 2
5 1 41.0 49.0 2
2 1 41.0 49.0 2
401 1 40.0 60.0 2
397 1 40.0 60.0 2
396 1 40.0 60.0 2
2984 1 47.0 66.0 2
2983 1 47.0 66.0 2
2982 1 47.0 66.0 2
2981 1 47.0 66.0 2
2980 1 47.0 66.0 2
2978 1 47.0 66.0 2
2977 1 47.0 66.0 2
2976 1 47.0 66.0 2
2975 1 47.0 66.0 2
2973 1 47.0 66.0 2
2972 1 47.0 66.0 2
2971 1 47.0 66.0 2
2970 1 47.0 66.0 2
2969 1 47.0 66.0 2
2968 1 47.0 66.0 2
2967 1 47.0 66.0 2
2966 1 47.0 66.0 2
2965 1 47.0 66.0 2
2964 1 47.0 66.0 2
2963 1 47.0 66.0 2
2962 1 47.0 66.0 2
1511 1 52.0 64.0 2
1510 1 52.0 64.0 2
932 1 49.0 73.0 2
931 1 49.0 73.0 2
930 1 49.0 73.0 2
927 1 49.0 73.0 2
926 1 49.0 73.0 2
925 1 49.0 73.0 2
924 1 49.0 73.0 2
923 1 49.0 73.0 2
922 1 49.0 73.0 2
921 1 49.0 73.0 2
918 1 49.0 73.0 2
916 1 49.0 73.0 2
915 1 49.0 73.0 2
914 1 49.0 73.0 2
912 1 49.0 73.0 2
908 1 49.0 73.0 2
1918 1 43.0 67.0 2
1917 1 43.0 67.0 2
1916 1 43.0 67.0 2
1915 1 43.0 67.0 2
1914 1 43.0 67.0 2
1913 1 43.0 67.0 2
1912 1 43.0 67.0 2
1911 1 43.0 67.0 2
1910 1 43.0 67.0 2
1909 1 43.0 67.0 2
1908 1 43.0 67.0 2
1907 1 43.0 67.0 2
1906 1 43.0 67.0 2
1905 1 43.0 67.0 2
2445 1 40.0 66.0 2
2423 1 40.0 66.0 2
1954 1 37.0 69.0 2
1953 1 37.0 69.0 2
1951 1 37.0 69.0 2
1949 1 37.0 69.0 2
1947 1 37.0 69.0 2
1946 1 37.0 69.0 2
461 1 35.0 69.0 2
460 1 35.0 69.0 2
459 1 35.0 69.0 2
458 1 35.0 69.0 2
456 1 35.0 69.0 2
455 1 35.0 69.0 2
454 1 35.0 69.0 2
452 1 35.0 69.0 2
451 1 35.0 69.0 2
450 1 35.0 69.0 2
449 1 35.0 69.0 2
448 1 35.0 69.0 2
444 1 35.0 69.0 2
443 1 35.0 69.0 2
442 1 35.0 69.0 2
440 1 35.0 69.0 2
439 1 35.0 69.0 2
878 1 27.0 69.0 2
877 1 27.0 69.0 2
876 1 27.0 69.0 2
875 1 27.0 69.0 2
874 1 27.0 69.0 2
873 1 27.0 69.0 2
872 1 27.0 69.0 2
871 1 27.0 69.0 2
1888 1 27.0 68.0 2
1887 1 27.0 68.0 2
1885 1 27.0 68.0 2
1884 1 27.0 68.0 2
1883 1 27.0 68.0 2
136 1 20.0 65.0 2
135 1 20.0 65.0 2
133 1 20.0 65.0 2
132 1 20.0 65.0 2
131 1 20.0 65.0 2
130 1 20.0 65.0 2
129 1 20.0 65.0 2
128 1 20.0 65.0 2
126 1 20.0 65.0 2
2726 1 17.0 64.0 2
2725 1 17.0 64.0 2
2724 1 17.0 64.0 2
2723 1 17.0 64.0 2
2722 1 17.0 64.0 2
2721 1 17.0 64.0 2
2720 1 17.0 64.0 2
2719 1 17.0 64.0 2
2718 1 17.0 64.0 2
2716 1 17.0 64.0 2
2715 1 17.0 64.0 2
2713 1 17.0 64.0 2
1560 1 17.0 63.0 2
1559 1 17.0 63.0 2
1558 1 17.0 63.0 2
1557 1 17.0 63.0 2
1586 1 31.0 62.0 2
1583 1 31.0 62.0 2
2999 1 30.0 60.0 2
2993 1 30.0 60.0 2
2991 1 30.0 60.0 2
2989 1 30.0 60.0 2
2407 1 26.0 59.0 2
864 1 24.0 58.0 2
854 1 24.0 58.0 2
850 1 24.0 58.0 2
2196 1 25.0 55.0 2
2191 1 25.0 55.0 2
1307 1 26.0 52.0 2
1903 1 30.0 48.0 2
1902 1 30.0 48.0 2
1900 1 30.0 48.0 2
1899 1 30.0 48.0 2
1895 1 30.0 48.0 2
3029 1 30.0 50.0 2
3021 1 30.0 50.0 2
3019 1 30.0 50.0 2
3005 1 30.0 50.0 2
3003 1 30.0 50.0 2
437 1 31.0 52.0 2
435 1 31.0 52.0 2
431 1 31.0 52.0 2
430 1 31.0 52.0 2
424 1 31.0 52.0 2
414 1 31.0 52.0 2
2499 1 35.0 51.0 2
2496 1 35.0 51.0 2
2491 1 35.0 51.0 2
1465 1 37.0 52.0 2
1464 1 37.0 52.0 2
1961 1 38.0 46.0 2
1955 1 38.0 46.0 2
-1 0 35.0 35.0 D
5065 4 199.0 80.22042846679688 200 2147483647 201
0 0 35.0 35.0 D
1633 1 42.0 41.0 4
1632 1 42.0 41.0 4
1631 1 42.0 41.0 4
1630 1 42.0 41.0 4
1629 1 42.0 41.0 4
1628 1 42.0 41.0 4
1627 1 42.0 41.0 4
1626 1 42.0 41.0 4
1625 1 42.0 41.0 4
1624 1 42.0 41.0 4
1623 1 42.0 41.0 4
1622 1 42.0 41.0 4
1621 1 42.0 41.0 4
1620 1 42.0 41.0 4
1619 1 42.0 41.0 4
1618 1 42.0 41.0 4
1617 1 42.0 41.0 4
1616 1 42.0 41.0 4
1615 1 42.0 41.0 4
721 1 47.0 47.0 4
719 1 47.0 47.0 4
718 1 47.0 47.0 4
717 1 47.0 47.0 4
715 1 47.0 47.0 4
714 1 47.0 47.0 4
713 1 47.0 47.0 4
712 1 47.0 47.0 4
711 1 47.0 47.0 4
710 1 47.0 47.0 4
709 1 47.0 47.0 4
1495 1 49.0 49.0 4
1494 1 49.0 49.0 4
1493 1 49.0 49.0 4
1492 1 49.0 49.0 4
1491 1 49.0 49.0 4
1488 1 49.0 49.0 4
1487 1 49.0 49.0 4
1486 1 49.0 49.0 4
1485 1 49.0 49.0 4
1484 1 49.0 49.0 4
1482 1 49.0 49.0 4
1480 1 49.0 49.0 4
1479 1 49.0 49.0 4
1478 1 49.0 49.0 4
1477 1 49.0 49.0 4
1476 1 49.0 49.0 4
1475 1 49.0 49.0 4
1474 1 49.0 49.0 4
1473 1 49.0 49.0 4
1472 1 49.0 49.0 4
1471 1 49.0 49.0 4
1470 1 49.0 49.0 4
1469 1 49.0 49.0 4
1468 1 49.0 49.0 4
1467 1 49.0 49.0 4
2375 1 50.0 50.0 4
2374 1 50.0 50.0 4
2373 1 50.0 50.0 4
2370 1 50.0 50.0 4
2369 1 50.0 50.0 4
2368 1 50.0 50.0 4
2367 1 50.0 50.0 4
2365 1 50.0 50.0 4
2363 1 50.0 50.0 4
2361 1 50.0 50.0 4
470 1 53.0 52.0 4
469 1 53.0 52.0 4
467 1 53.0 52.0 4
466 1 53.0 52.0 4
465 1 53.0 52.0 4
462 1 53.0 52.0 4
1162 1 55.0 54.0 4
1160 1 55.0 54.0 4
1159 1 55.0 54.0 4
1158 1 55.0 54.0 4
1157 1 55.0 54.0 4
1156 1 55.0 54.0 4
1155 1 55.0 54.0 4
1154 1 55.0 54.0 4
1153 1 55.0 54.0 4
1152 1 55.0 54.0 4
1150 1 55.0 54.0 4
1149 1 55.0 54.0 4
1148 1 55.0 54.0 4
1146 1 55.0 54.0 4
1145 1 55.0 54.0 4
1144 1 55.0 54.0 4
1142 1 55.0 54.0 4
1141 1 55.0 54.0 4
1140 1 55.0 54.0 4
1139 1 55.0 54.0 4
1789 1 57.0 58.0 4
1786 1 57.0 58.0 4
1785 1 57.0 58.0 4
1109 1 61.0 52.0 4
1108 1 61.0 52.0 4
1107 1 61.0 52.0 4
2617 1 62.0 48.0 4
2616 1 62.0 48.0 4
2615 1 62.0 48.0 4
2614 1 62.0 48.0 4
2613 1 62.0 48.0 4
2611 1 62.0 48.0 4
2610 1 62.0 48.0 4
2609 1 62.0 48.0 4
2608 1 62.0 48.0 4
2607 1 62.0 48.0 4
2606 1 62.0 48.0 4
2605 1 62.0 48.0 4
2603 1 62.0 48.0 4
1924 1 58.0 48.0 4
1923 1 58.0 48.0 4
1922 1 58.0 48.0 4
1921 1 58.0 48.0 4
1920 1 58.0 48.0 4
1919 1 58.0 48.0 4
1132 1 57.0 48.0 4
1131 1 57.0 48.0 4
1130 1 57.0 48.0 4
1129 1 57.0 48.0 4
1127 1 57.0 48.0 4
1126 1 57.0 48.0 4
1125 1 57.0 48.0 4
1124 1 57.0 48.0 4
1122 1 57.0 48.0 4
1121 1 57.0 48.0 4
1120 1 57.0 48.0 4
1119 1 57.0 48.0 4
1118 1 57.0 48.0 4
1117 1 57.0 48.0 4
1115 1 57.0 48.0 4
1114 1 57.0 48.0 4
1113 1 57.0 48.0 4
1112 1 57.0 48.0 4
1111 1 57.0 48.0 4
1110 1 57.0 48.0 4
2934 1 55.0 50.0 4
2933 1 55.0 50.0 4
2932 1 55.0 50.0 4
2931 1 55.0 50.0 4
2930 1 55.0 50.0 4
2927 1 55.0 50.0 4
2926 1 55.0 50.0 4
2925 1 55.0 50.0 4
30 1 55.0 45.0 4
29 1 55.0 45.0 4
28 1 55.0 45.0 4
27 1 55.0 45.0 4
24 1 55.0 45.0 4
23 1 55.0 45.0 4
22 1 55.0 45.0 4
21 1 55.0 45.0 4
20 1 55.0 45.0 4
19 1 55.0 45.0 4
18 1 55.0 45.0 4
2390 1 55.0 45.0 4
2389 1 55.0 45.0 4
2388 1 55.0 45.0 4
2386 1 55.0 45.0 4
2385 1 55.0 45.0 4
2384 1 55.0 45.0 4
2383 1 55.0 45.0 4
2382 1 55.0 45.0 4
2381 1 55.0 45.0 4
2380 1 55.0 45.0 4
2379 1 55.0 45.0 4
2378 1 55.0 45.0 4
2377 1 55.0 45.0 4
2376 1 55.0 45.0 4
1106 1 53.0 43.0 4
1105 1 53.0 43.0 4
1104 1 53.0 43.0 4
1102 1 53.0 43.0 4
1098 1 53.0 43.0 4
1096 1 53.0 43.0 4
1094 1 53.0 43.0 4
1731 1 52.0 41.0 4
1730 1 52.0 41.0 4
1729 1 52.0 41.0 4
1728 1 52.0 41.0 4
1727 1 52.0 41.0 4
1725 1 52.0 41.0 4
1724 1 52.0 41.0 4
1723 1 52.0 41.0 4
1720 1 52.0 41.0 4
1719 1 52.0 41.0 4
1092 1 49.0 42.0 4
1091 1 49.0 42.0 4
1090 1 49.0 42.0 4
1089 1 49.0 42.0 4
1088 1 49.0 42.0 4
1087 1 49.0 42.0 4
1086 1 49.0 42.0 4
1085 1 49.0 42.0 4
1084 1 49.0 42.0 4
1083 1 49.0 42.0 4
1082 1 49.0 42.0 4
1081 1 49.0 42.0 4
1080 1 49.0 42.0 4
-1 0 35.0 35.0 D
5066 4 249.0 116.53483581542969 250 2147483647 251
0 0 35.0 35.0 D
365 1 35.0 40.0 4
364 1 35.0 40.0 4
363 1 35.0 40.0 4
362 1 35.0 40.0 4
361 1 35.0 40.0 4
360 1 35.0 40.0 4
359 1 35.0 40.0 4
358 1 35.0 40.0 4
357 1 35.0 40.0 4
356 1 35.0 40.0 4
355 1 35.0 40.0 4
354 1 35.0 40.0 4
353 1 35.0 40.0 4
352 1 35.0 40.0 4
351 1 35.0 40.0 4
350 1 35.0 40.0 4
2589 1 33.0 44.0 4
2588 1 33.0 44.0 4
2587 1 33.0 44.0 4
2586 1 33.0 44.0 4
2585 1 33.0 44.0 4
2584 1 33.0 44.0 4
2583 1 33.0 44.0 4
2582 1 33.0 44.0 4
2581 1 33.0 44.0 4
2580 1 33.0 44.0 4
2579 1 33.0 44.0 4
2578 1 33.0 44.0 4
2577 1 33.0 44.0 4
2576 1 33.0 44.0 4
2575 1 33.0 44.0 4
2574 1 33.0 44.0 4
2573 1 33.0 44.0 4
2572 1 33.0 44.0 4
2571 1 33.0 44.0 4
2570 1 33.0 44.0 4
1966 1 38.0 46.0 4
1965 1 38.0 46.0 4
1964 1 38.0 46.0 4
1963 1 38.0 46.0 4
1962 1 38.0 46.0 4
1960 1 38.0 46.0 4
1959 1 38.0 46.0 4
1958 1 38.0 46.0 4
1957 1 38.0 46.0 4
1956 1 38.0 46.0 4
999 1 37.0 47.0 4
998 1 37.0 47.0 4
997 1 37.0 47.0 4
996 1 37.0 47.0 4
995 1 37.0 47.0 4
994 1 37.0 47.0 4
2498 1 35.0 51.0 4
2497 1 35.0 51.0 4
2495 1 35.0 51.0 4
2494 1 35.0 51.0 4
2493 1 35.0 51.0 4
2492 1 35.0 51.0 4
2490 1 35.0 51.0 4
2489 1 35.0 51.0 4
2488 1 35.0 51.0 4
2487 1 35.0 51.0 4
2486 1 35.0 51.0 4
2485 1 35.0 51.0 4
2484 1 35.0 51.0 4
421 1 31.0 52.0 4
420 1 31.0 52.0 4
419 1 31.0 52.0 4
418 1 31.0 52.0 4
417 1 31.0 52.0 4
416 1 31.0 52.0 4
415 1 31.0 52.0 4
413 1 31.0 52.0 4
412 1 31.0 52.0 4
3000 1 30.0 60.0 4
2998 1 30.0 60.0 4
2997 1 30.0 60.0 4
2996 1 30.0 60.0 4
2995 1 30.0 60.0 4
2994 1 30.0 60.0 4
2992 1 30.0 60.0 4
2990 1 30.0 60.0 4
2988 1 30.0 60.0 4
2987 1 30.0 60.0 4
2986 1 30.0 60.0 4
2985 1 30.0 60.0 4
124 1 30.0 60.0 4
121 1 30.0 60.0 4
120 1 30.0 60.0 4
119 1 30.0 60.0 4
118 1 30.0 60.0 4
117 1 30.0 60.0 4
116 1 30.0 60.0 4
115 1 30.0 60.0 4
114 1 30.0 60.0 4
113 1 30.0 60.0 4
112 1 30.0 60.0 4
111 1 30.0 60.0 4
110 1 30.0 60.0 4
109 1 30.0 60.0 4
1598 1 31.0 62.0 4
1597 1 31.0 62.0 4
1596 1 31.0 62.0 4
1595 1 31.0 62.0 4
1594 1 31.0 62.0 4
1593 1 31.0 62.0 4
1592 1 31.0 62.0 4
1591 1 31.0 62.0 4
1589 1 31.0 62.0 4
1588 1 31.0 62.0 4
1587 1 31.0 62.0 4
1584 1 31.0 62.0 4
1582 1 31.0 62.0 4
1581 1 31.0 62.0 4
1580 1 31.0 62.0 4
1579 1 31.0 62.0 4
1578 1 31.0 62.0 4
1577 1 31.0 62.0 4
1576 1 31.0 62.0 4
1326 1 31.0 67.0 4
1325 1 31.0 67.0 4
2446 1 40.0 66.0 4
2444 1 40.0 66.0 4
2443 1 40.0 66.0 4
2442 1 40.0 66.0 4
2441 1 40.0 66.0 4
2440 1 40.0 66.0 4
2439 1 40.0 66.0 4
2438 1 40.0 66.0 4
2437 1 40.0 66.0 4
2436 1 40.0 66.0 4
2435 1 40.0 66.0 4
2434 1 40.0 66.0 4
2433 1 40.0 66.0 4
2432 1 40.0 66.0 4
2431 1 40.0 66.0 4
2430 1 40.0 66.0 4
2429 1 40.0 66.0 4
2428 1 40.0 66.0 4
2427 1 40.0 66.0 4
2426 1 40.0 66.0 4
2425 1 40.0 66.0 4
2424 1 40.0 66.0 4
2422 1 40.0 66.0 4
2421 1 40.0 66.0 4
265 1 45.0 65.0 4
263 1 45.0 65.0 4
262 1 45.0 65.0 4
261 1 45.0 65.0 4
260 1 45.0 65.0 4
259 1 45.0 65.0 4
258 1 45.0 65.0 4
257 1 45.0 65.0 4
108 1 55.0 60.0 4
107 1 55.0 60.0 4
106 1 55.0 60.0 4
105 1 55.0 60.0 4
104 1 55.0 60.0 4
102 1 55.0 60.0 4
101 1 55.0 60.0 4
100 1 55.0 60.0 4
98 1 55.0 60.0 4
96 1 55.0 60.0 4
94 1 55.0 60.0 4
93 1 55.0 60.0 4
1812 1 57.0 58.0 4
1811 1 57.0 58.0 4
1810 1 57.0 58.0 4
1809 1 57.0 58.0 4
1808 1 57.0 58.0 4
1807 1 57.0 58.0 4
1806 1 57.0 58.0 4
1804 1 57.0 58.0 4
1803 1 57.0 58.0 4
1802 1 57.0 58.0 4
1801 1 57.0 58.0 4
1800 1 57.0 58.0 4
1798 1 57.0 58.0 4
1796 1 57.0 58.0 4
1795 1 57.0 58.0 4
1794 1 57.0 58.0 4
1793 1 57.0 58.0 4
1792 1 57.0 58.0 4
1791 1 57.0 58.0 4
1790 1 57.0 58.0 4
731 1 49.0 58.0 4
730 1 49.0 58.0 4
729 1 49.0 58.0 4
727 1 49.0 58.0 4
726 1 49.0 58.0 4
725 1 49.0 58.0 4
723 1 49.0 58.0 4
722 1 49.0 58.0 4
1828 1 42.0 57.0 4
1827 1 42.0 57.0 4
1826 1 42.0 57.0 4
1825 1 42.0 57.0 4
1824 1 42.0 57.0 4
1823 1 42.0 57.0 4
1822 1 42.0 57.0 4
1821 1 42.0 57.0 4
411 1 40.0 60.0 4
410 1 40.0 60.0 4
409 1 40.0 60.0 4
408 1 40.0 60.0 4
407 1 40.0 60.0 4
405 1 40.0 60.0 4
404 1 40.0 60.0 4
403 1 40.0 60.0 4
402 1 40.0 60.0 4
400 1 40.0 60.0 4
399 1 40.0 60.0 4
398 1 40.0 60.0 4
395 1 40.0 60.0 4
394 1 40.0 60.0 4
393 1 40.0 60.0 4
392 1 40.0 60.0 4
391 1 40.0 60.0 4
1004 1 37.0 56.0 4
1001 1 37.0 56.0 4
1463 1 37.0 52.0 4
1462 1 37.0 52.0 4
1461 1 37.0 52.0 4
1460 1 37.0 52.0 4
1459 1 37.0 52.0 4
10 1 41.0 49.0 4
9 1 41.0 49.0 4
8 1 41.0 49.0 4
7 1 41.0 49.0 4
4 1 41.0 49.0 4
3 1 41.0 49.0 4
1 1 41.0 49.0 4
2744 1 41.0 46.0 4
2743 1 41.0 46.0 4
2742 1 41.0 46.0 4
2741 1 41.0 46.0 4
2740 1 41.0 46.0 4
2739 1 41.0 46.0 4
2737 1 41.0 46.0 4
2736 1 41.0 46.0 4
2735 1 41.0 46.0 4
2734 1 41.0 46.0 4
2733 1 41.0 46.0 4
2732 1 41.0 46.0 4
2731 1 41.0 46.0 4
2730 1 41.0 46.0 4
2729 1 41.0 46.0 4
2728 1 41.0 46.0 4
2727 1 41.0 46.0 4
-1 0 35.0 35.0 D
5068 2 59.0 82.38233184814453 60 2147483647 61
0 0 35.0 35.0 D
2875 1 22.0 53.0 2
2862 1 22.0 53.0 2
2858 1 22.0 53.0 2
1839 1 16.0 57.0 2
1575 1 17.0 63.0 2
1573 1 17.0 63.0 2
1572 1 17.0 63.0 2
1571 1 17.0 63.0 2
1568 1 17.0 63.0 2
1566 1 17.0 63.0 2
1565 1 17.0 63.0 2
1564 1 17.0 63.0 2
1562 1 17.0 63.0 2
1561 1 17.0 63.0 2
256 1 15.0 60.0 2
255 1 15.0 60.0 2
253 1 15.0 60.0 2
252 1 15.0 60.0 2
251 1 15.0 60.0 2
250 1 15.0 60.0 2
249 1 15.0 60.0 2
246 1 15.0 60.0 2
245 1 15.0 60.0 2
244 1 15.0 60.0 2
243 1 15.0 60.0 2
242 1 15.0 60.0 2
241 1 15.0 60.0 2
240 1 15.0 60.0 2
631 1 8.0 56.0 2
630 1 8.0 56.0 2
629 1 8.0 56.0 2
628 1 8.0 56.0 2
627 1 8.0 56.0 2
626 1 8.0 56.0 2
625 1 8.0 56.0 2
623 1 8.0 56.0 2
622 1 8.0 56.0 2
621 1 8.0 56.0 2
620 1 8.0 56.0 2
619 1 8.0 56.0 2
616 1 8.0 56.0 2
2602 1 9.0 56.0 2
2601 1 9.0 56.0 2
2600 1 9.0 56.0 2
2599 1 9.0 56.0 2
2598 1 9.0 56.0 2
2597 1 9.0 56.0 2
2596 1 9.0 56.0 2
2595 1 9.0 56.0 2
2594 1 9.0 56.0 2
2592 1 9.0 56.0 2
2591 1 9.0 56.0 2
2590 1 9.0 56.0 2
80 1 20.0 50.0 2
79 1 20.0 50.0 2
1555 1 21.0 47.0 2
738 1 27.0 43.0 2
735 1 27.0 43.0 2
734 1 27.0 43.0 2
-1 0 35.0 35.0 D
5069 4 149.0 81.42868041992188 150 2147483647 151
0 0 35.0 35.0 D
740 1 27.0 43.0 4
739 1 27.0 43.0 4
737 1 27.0 43.0 4
736 1 27.0 43.0 4
733 1 27.0 43.0 4
732 1 27.0 43.0 4
2290 1 21.0 45.0 4
2289 1 21.0 45.0 4
2288 1 21.0 45.0 4
2287 1 21.0 45.0 4
2286 1 21.0 45.0 4
2285 1 21.0 45.0 4
2284 1 21.0 45.0 4
2283 1 21.0 45.0 4
2282 1 21.0 45.0 4
2281 1 21.0 45.0 4
2280 1 21.0 45.0 4
1556 1 21.0 47.0 4
1554 1 21.0 47.0 4
1553 1 21.0 47.0 4
1552 1 21.0 47.0 4
1551 1 21.0 47.0 4
1550 1 21.0 47.0 4
1549 1 21.0 47.0 4
1548 1 21.0 47.0 4
1547 1 21.0 47.0 4
1546 1 21.0 47.0 4
1545 1 21.0 47.0 4
1544 1 21.0 47.0 4
1543 1 21.0 47.0 4
1542 1 21.0 47.0 4
83 1 20.0 50.0 4
678 1 13.0 52.0 4
677 1 13.0 52.0 4
675 1 13.0 52.0 4
674 1 13.0 52.0 4
672 1 13.0 52.0 4
670 1 13.0 52.0 4
667 1 13.0 52.0 4
666 1 13.0 52.0 4
665 1 13.0 52.0 4
664 1 13.0 52.0 4
663 1 13.0 52.0 4
662 1 13.0 52.0 4
661 1 13.0 52.0 4
660 1 13.0 52.0 4
659 1 13.0 52.0 4
658 1 13.0 52.0 4
657 1 13.0 52.0 4
656 1 13.0 52.0 4
652 1 13.0 52.0 4
649 1 13.0 52.0 4
647 1 13.0 52.0 4
646 1 13.0 52.0 4
645 1 13.0 52.0 4
1179 1 15.0 47.0 4
1178 1 15.0 47.0 4
1176 1 15.0 47.0 4
1175 1 15.0 47.0 4
1174 1 15.0 47.0 4
1172 1 15.0 47.0 4
1171 1 15.0 47.0 4
1170 1 15.0 47.0 4
1169 1 15.0 47.0 4
1168 1 15.0 47.0 4
1167 1 15.0 47.0 4
1166 1 15.0 47.0 4
92 1 10.0 43.0 4
91 1 10.0 43.0 4
90 1 10.0 43.0 4
89 1 10.0 43.0 4
88 1 10.0 43.0 4
85 1 10.0 43.0 4
84 1 10.0 43.0 4
2711 1 7.0 43.0 4
2710 1 7.0 43.0 4
2709 1 7.0 43.0 4
2707 1 7.0 43.0 4
2706 1 7.0 43.0 4
2705 1 7.0 43.0 4
2704 1 7.0 43.0 4
2702 1 7.0 43.0 4
2701 1 7.0 43.0 4
2699 1 7.0 43.0 4
2698 1 7.0 43.0 4
2697 1 7.0 43.0 4
2695 1 7.0 43.0 4
2694 1 7.0 43.0 4
2692 1 7.0 43.0 4
2691 1 7.0 43.0 4
2690 1 7.0 43.0 4
2687 1 7.0 43.0 4
2686 1 7.0 43.0 4
613 1 6.0 38.0 4
612 1 6.0 38.0 4
611 1 6.0 38.0 4
610 1 6.0 38.0 4
609 1 6.0 38.0 4
607 1 6.0 38.0 4
603 1 6.0 38.0 4
601 1 6.0 38.0 4
600 1 6.0 38.0 4
1882 1 7.0 38.0 4
1881 1 7.0 38.0 4
1880 1 7.0 38.0 4
1879 1 7.0 38.0 4
1878 1 7.0 38.0 4
1877 1 7.0 38.0 4
1876 1 7.0 38.0 4
1875 1 7.0 38.0 4
1874 1 7.0 38.0 4
1873 1 7.0 38.0 4
1872 1 7.0 38.0 4
1871 1 7.0 38.0 4
1870 1 7.0 38.0 4
1869 1 7.0 38.0 4
1867 1 7.0 38.0 4
1866 1 7.0 38.0 4
1864 1 7.0 38.0 4
1862 1 7.0 38.0 4
1860 1 7.0 38.0 4
1859 1 7.0 38.0 4
1858 1 7.0 38.0 4
1857 1 7.0 38.0 4
1855 1 7.0 38.0 4
1706 1 12.0 42.0 4
1705 1 12.0 42.0 4
1703 1 12.0 42.0 4
1702 1 12.0 42.0 4
1701 1 12.0 42.0 4
1700 1 12.0 42.0 4
1699 1 12.0 42.0 4
1697 1 12.0 42.0 4
1695 1 12.0 42.0 4
1694 1 12.0 42.0 4
1692 1 12.0 42.0 4
1691 1 12.0 42.0 4
1690 1 12.0 42.0 4
1689 1 12.0 42.0 4
1687 1 12.0 42.0 4
1686 1 12.0 42.0 4
239 1 20.0 40.0 4
238 1 20.0 40.0 4
237 1 20.0 40.0 4
233 1 20.0 40.0 4
232 1 20.0 40.0 4
231 1 20.0 40.0 4
229 1 20.0 40.0 4
228 1 20.0 40.0 4
-1 0 35.0 35.0 D
5070 2 59.0 109.70447540283203 60 2147483647 61
0 0 35.0 35.0 D
1323 1 26.0 35.0 2
2561 1 21.0 36.0 2
2556 1 21.0 36.0 2
2553 1 21.0 36.0 2
236 1 20.0 40.0 2
235 1 20.0 40.0 2
234 1 20.0 40.0 2
230 1 20.0 40.0 2
1180 1 15.0 47.0 2
1173 1 15.0 47.0 2
1165 1 15.0 47.0 2
676 1 13.0 52.0 2
669 1 13.0 52.0 2
668 1 13.0 52.0 2
655 1 13.0 52.0 2
654 1 13.0 52.0 2
651 1 13.0 52.0 2
650 1 13.0 52.0 2
648 1 13.0 52.0 2
642 1 8.0 56.0 2
641 1 8.0 56.0 2
640 1 8.0 56.0 2
639 1 8.0 56.0 2
637 1 8.0 56.0 2
636 1 8.0 56.0 2
635 1 8.0 56.0 2
634 1 8.0 56.0 2
633 1 8.0 56.0 2
1854 1 8.0 52.0 2
1853 1 8.0 52.0 2
1851 1 8.0 52.0 2
1849 1 8.0 52.0 2
1846 1 8.0 52.0 2
1845 1 8.0 52.0 2
615 1 2.0 48.0 2
2708 1 7.0 43.0 2
2703 1 7.0 43.0 2
2696 1 7.0 43.0 2
2693 1 7.0 43.0 2
86 1 10.0 43.0 2
1704 1 12.0 42.0 2
1696 1 12.0 42.0 2
1688 1 12.0 42.0 2
1865 1 7.0 38.0 2
1861 1 7.0 38.0 2
608 1 6.0 38.0 2
605 1 6.0 38.0 2
602 1 6.0 38.0 2
227 1 5.0 30.0 2
226 1 5.0 30.0 2
74 1 15.0 30.0 2
71 1 15.0 30.0 2
68 1 15.0 30.0 2
56 1 15.0 30.0 2
54 1 15.0 30.0 2
1760 1 17.0 33.0 2
1753 1 17.0 33.0 2
2176 1 25.0 32.0 2
2168 1 25.0 32.0 2
-1 0 35.0 35.0 D
5071 4 149.0 77.31982421875 150 2147483647 151
0 0 35.0 35.0 D
1324 1 26.0 35.0 4
1322 1 26.0 35.0 4
1321 1 26.0 35.0 4
1320 1 26.0 35.0 4
1319 1 26.0 35.0 4
1318 1 26.0 35.0 4
1317 1 26.0 35.0 4
1316 1 26.0 35.0 4
1315 1 26.0 35.0 4
1314 1 26.0 35.0 4
1313 1 26.0 35.0 4
1312 1 26.0 35.0 4
1311 1 26.0 35.0 4
1310 1 26.0 35.0 4
2569 1 21.0 36.0 4
2568 1 21.0 36.0 4
2567 1 21.0 36.0 4
2566 1 21.0 36.0 4
2565 1 21.0 36.0 4
2564 1 21.0 36.0 4
2563 1 21.0 36.0 4
2562 1 21.0 36.0 4
2560 1 21.0 36.0 4
2559 1 21.0 36.0 4
2558 1 21.0 36.0 4
2557 1 21.0 36.0 4
2555 1 21.0 36.0 4
2554 1 21.0 36.0 4
2552 1 21.0 36.0 4
2551 1 21.0 36.0 4
1775 1 17.0 33.0 4
1774 1 17.0 33.0 4
1773 1 17.0 33.0 4
1772 1 17.0 33.0 4
1771 1 17.0 33.0 4
1770 1 17.0 33.0 4
1769 1 17.0 33.0 4
1767 1 17.0 33.0 4
1766 1 17.0 33.0 4
1765 1 17.0 33.0 4
1764 1 17.0 33.0 4
1762 1 17.0 33.0 4
1761 1 17.0 33.0 4
1759 1 17.0 33.0 4
1758 1 17.0 33.0 4
1757 1 17.0 33.0 4
1756 1 17.0 33.0 4
1755 1 17.0 33.0 4
1754 1 17.0 33.0 4
1752 1 17.0 33.0 4
1751 1 17.0 33.0 4
1750 1 17.0 33.0 4
1749 1 17.0 33.0 4
1748 1 17.0 33.0 4
1747 1 17.0 33.0 4
1746 1 17.0 33.0 4
1744 1 17.0 33.0 4
1743 1 17.0 33.0 4
1742 1 17.0 33.0 4
1741 1 17.0 33.0 4
1740 1 17.0 33.0 4
1739 1 17.0 33.0 4
1738 1 17.0 33.0 4
1737 1 17.0 33.0 4
1736 1 17.0 33.0 4
1735 1 17.0 33.0 4
836 1 17.0 34.0 4
835 1 17.0 34.0 4
834 1 17.0 34.0 4
1190 1 14.0 37.0 4
1189 1 14.0 37.0 4
1188 1 14.0 37.0 4
1187 1 14.0 37.0 4
1186 1 14.0 37.0 4
1185 1 14.0 37.0 4
1184 1 14.0 37.0 4
1183 1 14.0 37.0 4
1182 1 14.0 37.0 4
1181 1 14.0 37.0 4
614 1 6.0 38.0 4
1198 1 11.0 31.0 4
1197 1 11.0 31.0 4
1196 1 11.0 31.0 4
1195 1 11.0 31.0 4
1194 1 11.0 31.0 4
1193 1 11.0 31.0 4
1192 1 11.0 31.0 4
2685 1 11.0 28.0 4
2684 1 11.0 28.0 4
2683 1 11.0 28.0 4
2682 1 11.0 28.0 4
2681 1 11.0 28.0 4
2680 1 11.0 28.0 4
849 1 12.0 24.0 4
848 1 12.0 24.0 4
846 1 12.0 24.0 4
845 1 12.0 24.0 4
844 1 12.0 24.0 4
843 1 12.0 24.0 4
842 1 12.0 24.0 4
841 1 12.0 24.0 4
840 1 12.0 24.0 4
839 1 12.0 24.0 4
838 1 12.0 24.0 4
837 1 12.0 24.0 4
75 1 15.0 30.0 4
73 1 15.0 30.0 4
72 1 15.0 30.0 4
70 1 15.0 30.0 4
69 1 15.0 30.0 4
67 1 15.0 30.0 4
66 1 15.0 30.0 4
64 1 15.0 30.0 4
63 1 15.0 30.0 4
62 1 15.0 30.0 4
61 1 15.0 30.0 4
60 1 15.0 30.0 4
59 1 15.0 30.0 4
57 1 15.0 30.0 4
55 1 15.0 30.0 4
53 1 15.0 30.0 4
52 1 15.0 30.0 4
51 1 15.0 30.0 4
50 1 15.0 30.0 4
77 1 25.0 30.0 4
76 1 25.0 30.0 4
2190 1 25.0 32.0 4
2189 1 25.0 32.0 4
2187 1 25.0 32.0 4
2186 1 25.0 32.0 4
2185 1 25.0 32.0 4
2184 1 25.0 32.0 4
2183 1 25.0 32.0 4
2182 1 25.0 32.0 4
2181 1 25.0 32.0 4
2180 1 25.0 32.0 4
2179 1 25.0 32.0 4
2178 1 25.0 32.0 4
2175 1 25.0 32.0 4
2174 1 25.0 32.0 4
2173 1 25.0 32.0 4
2172 1 25.0 32.0 4
2171 1 25.0 32.0 4
2170 1 25.0 32.0 4
2169 1 25.0 32.0 4
2167 1 25.0 32.0 4
2166 1 25.0 32.0 4
2343 1 33.0 34.0 4
2342 1 33.0 34.0 4
-1 0 35.0 35.0 D
5072 2 59.0 74.34097290039062 60 2147483647 61
0 0 35.0 35.0 D
78 1 25.0 30.0 2
1406 1 22.0 27.0 2
1403 1 22.0 27.0 2
1400 1 22.0 27.0 2
222 1 10.0 20.0 2
221 1 10.0 20.0 2
217 1 10.0 20.0 2
1274 1 4.0 18.0 2
1273 1 4.0 18.0 2
1272 1 4.0 18.0 2
1271 1 4.0 18.0 2
1270 1 4.0 18.0 2
1269 1 4.0 18.0 2
1268 1 4.0 18.0 2
1267 1 4.0 18.0 2
1265 1 4.0 18.0 2
1264 1 4.0 18.0 2
1263 1 4.0 18.0 2
1262 1 4.0 18.0 2
1261 1 4.0 18.0 2
1260 1 4.0 18.0 2
1259 1 4.0 18.0 2
1258 1 4.0 18.0 2
1257 1 4.0 18.0 2
1256 1 4.0 18.0 2
1255 1 4.0 18.0 2
1254 1 4.0 18.0 2
1253 1 4.0 18.0 2
1251 1 4.0 18.0 2
1249 1 4.0 18.0 2
1248 1 4.0 18.0 2
1247 1 4.0 18.0 2
1245 1 4.0 18.0 2
1244 1 4.0 18.0 2
1242 1 4.0 18.0 2
1241 1 4.0 18.0 2
1240 1 4.0 18.0 2
1684 1 5.0 25.0 2
1683 1 5.0 25.0 2
1682 1 5.0 25.0 2
1681 1 5.0 25.0 2
1680 1 5.0 25.0 2
1678 1 5.0 25.0 2
1677 1 5.0 25.0 2
1676 1 5.0 25.0 2
1675 1 5.0 25.0 2
1674 1 5.0 25.0 2
1673 1 5.0 25.0 2
1672 1 5.0 25.0 2
1671 1 5.0 25.0 2
1670 1 5.0 25.0 2
1668 1 5.0 25.0 2
1667 1 5.0 25.0 2
1666 1 5.0 25.0 2
1665 1 5.0 25.0 2
1664 1 5.0 25.0 2
1663 1 5.0 25.0 2
2188 1 25.0 32.0 2
2177 1 25.0 32.0 2
-1 0 35.0 35.0 D
5073 4 149.0 58.59035873413086 150 2147483647 151
0 0 35.0 35.0 D
2360 1 33.0 34.0 4
2359 1 33.0 34.0 4
2358 1 33.0 34.0 4
2357 1 33.0 34.0 4
2356 1 33.0 34.0 4
2355 1 33.0 34.0 4
2354 1 33.0 34.0 4
2353 1 33.0 34.0 4
2352 1 33.0 34.0 4
2351 1 33.0 34.0 4
2350 1 33.0 34.0 4
2349 1 33.0 34.0 4
2348 1 33.0 34.0 4
2347 1 33.0 34.0 4
2346 1 33.0 34.0 4
2345 1 33.0 34.0 4
2344 1 33.0 34.0 4
1410 1 22.0 27.0 4
1409 1 22.0 27.0 4
1408 1 22.0 27.0 4
1407 1 22.0 27.0 4
1405 1 22.0 27.0 4
1404 1 22.0 27.0 4
1402 1 22.0 27.0 4
1401 1 22.0 27.0 4
1520 1 20.0 26.0 4
1519 1 20.0 26.0 4
1518 1 20.0 26.0 4
1517 1 20.0 26.0 4
1516 1 20.0 26.0 4
1515 1 20.0 26.0 4
1514 1 20.0 26.0 4
1513 1 20.0 26.0 4
1512 1 20.0 26.0 4
1441 1 20.0 26.0 4
1440 1 20.0 26.0 4
1439 1 20.0 26.0 4
1438 1 20.0 26.0 4
1437 1 20.0 26.0 4
1436 1 20.0 26.0 4
1435 1 20.0 26.0 4
1434 1 20.0 26.0 4
1433 1 20.0 26.0 4
225 1 10.0 20.0 4
224 1 10.0 20.0 4
223 1 10.0 20.0 4
219 1 10.0 20.0 4
218 1 10.0 20.0 4
216 1 10.0 20.0 4
215 1 10.0 20.0 4
213 1 10.0 20.0 4
212 1 10.0 20.0 4
211 1 10.0 20.0 4
210 1 10.0 20.0 4
209 1 10.0 20.0 4
208 1 10.0 20.0 4
207 1 10.0 20.0 4
1239 1 16.0 22.0 4
1237 1 16.0 22.0 4
1234 1 16.0 22.0 4
1232 1 16.0 22.0 4
1231 1 16.0 22.0 4
1229 1 16.0 22.0 4
1228 1 16.0 22.0 4
1227 1 16.0 22.0 4
1225 1 16.0 22.0 4
1224 1 16.0 22.0 4
1223 1 16.0 22.0 4
1222 1 16.0 22.0 4
1221 1 16.0 22.0 4
1220 1 16.0 22.0 4
1219 1 16.0 22.0 4
1218 1 16.0 22.0 4
1217 1 16.0 22.0 4
1216 1 16.0 22.0 4
1215 1 16.0 22.0 4
1211 1 16.0 22.0 4
1210 1 16.0 22.0 4
1209 1 16.0 22.0 4
1208 1 16.0 22.0 4
1207 1 16.0 22.0 4
1206 1 16.0 22.0 4
1205 1 16.0 22.0 4
1204 1 16.0 22.0 4
1203 1 16.0 22.0 4
1202 1 16.0 22.0 4
1201 1 16.0 22.0 4
1200 1 16.0 22.0 4
1199 1 16.0 22.0 4
1352 1 18.0 24.0 4
1351 1 18.0 24.0 4
1350 1 18.0 24.0 4
1348 1 18.0 24.0 4
1347 1 18.0 24.0 4
1345 1 18.0 24.0 4
1343 1 18.0 24.0 4
1342 1 18.0 24.0 4
1341 1 18.0 24.0 4
1340 1 18.0 24.0 4
1339 1 18.0 24.0 4
1338 1 18.0 24.0 4
1337 1 18.0 24.0 4
1336 1 18.0 24.0 4
1332 1 18.0 24.0 4
1331 1 18.0 24.0 4
2904 1 26.0 29.0 4
2902 1 26.0 29.0 4
2900 1 26.0 29.0 4
2899 1 26.0 29.0 4
2898 1 26.0 29.0 4
2897 1 26.0 29.0 4
2896 1 26.0 29.0 4
2895 1 26.0 29.0 4
2894 1 26.0 29.0 4
2893 1 26.0 29.0 4
2891 1 26.0 29.0 4
2890 1 26.0 29.0 4
2888 1 26.0 29.0 4
2887 1 26.0 29.0 4
2886 1 26.0 29.0 4
2882 1 26.0 29.0 4
2881 1 26.0 29.0 4
2880 1 26.0 29.0 4
2879 1 26.0 29.0 4
1658 1 31.0 32.0 4
1657 1 31.0 32.0 4
1656 1 31.0 32.0 4
1655 1 31.0 32.0 4
1654 1 31.0 32.0 4
1653 1 31.0 32.0 4
1652 1 31.0 32.0 4
1651 1 31.0 32.0 4
1650 1 31.0 32.0 4
1649 1 31.0 32.0 4
1648 1 31.0 32.0 4
1647 1 31.0 32.0 4
1646 1 31.0 32.0 4
1645 1 31.0 32.0 4
1644 1 31.0 32.0 4
1643 1 31.0 32.0 4
1642 1 31.0 32.0 4
1641 1 31.0 32.0 4
1640 1 31.0 32.0 4
1639 1 31.0 32.0 4
1638 1 31.0 32.0 4
1637 1 31.0 32.0 4
1636 1 31.0 32.0 4
1635 1 31.0 32.0 4
1634 1 31.0 32.0 4
-1 0 35.0 35.0 D
5074 2 59.0 67.6421127319336 60 2147483647 61
0 0 35.0 35.0 D
2905 1 26.0 29.0 2
2903 1 26.0 29.0 2
2901 1 26.0 29.0 2
2892 1 26.0 29.0 2
2889 1 26.0 29.0 2
2885 1 26.0 29.0 2
2884 1 26.0 29.0 2
2883 1 26.0 29.0 2
806 1 21.0 24.0 2
1238 1 16.0 22.0 2
1235 1 16.0 22.0 2
1226 1 16.0 22.0 2
2110 1 10.0 17.0 2
2108 1 10.0 17.0 2
2107 1 10.0 17.0 2
2105 1 10.0 17.0 2
2104 1 10.0 17.0 2
2103 1 10.0 17.0 2
2101 1 10.0 17.0 2
2099 1 10.0 17.0 2
2097 1 10.0 17.0 2
2096 1 10.0 17.0 2
2095 1 10.0 17.0 2
2094 1 10.0 17.0 2
2093 1 10.0 17.0 2
2092 1 10.0 17.0 2
2091 1 10.0 17.0 2
2090 1 10.0 17.0 2
2089 1 10.0 17.0 2
2088 1 10.0 17.0 2
2086 1 10.0 17.0 2
2085 1 10.0 17.0 2
2084 1 10.0 17.0 2
598 1 11.0 14.0 2
597 1 11.0 14.0 2
595 1 11.0 14.0 2
592 1 11.0 14.0 2
591 1 11.0 14.0 2
590 1 11.0 14.0 2
589 1 11.0 14.0 2
587 1 11.0 14.0 2
584 1 11.0 14.0 2
583 1 11.0 14.0 2
582 1 11.0 14.0 2
581 1 11.0 14.0 2
1783 1 13.0 13.0 2
1782 1 13.0 13.0 2
1780 1 13.0 13.0 2
1778 1 13.0 13.0 2
1777 1 13.0 13.0 2
1776 1 13.0 13.0 2
1457 1 18.0 18.0 2
1447 1 18.0 18.0 2
505 1 20.0 20.0 2
1379 1 26.0 27.0 2
1369 1 26.0 27.0 2
1366 1 26.0 27.0 2
1362 1 26.0 27.0 2
1355 1 26.0 27.0 2
-1 0 35.0 35.0 D
5075 4 149.0 71.20948791503906 150 2147483647 151
0 0 35.0 35.0 D
1662 1 31.0 32.0 4
1661 1 31.0 32.0 4
1660 1 31.0 32.0 4
1659 1 31.0 32.0 4
1378 1 26.0 27.0 4
1377 1 26.0 27.0 4
1376 1 26.0 27.0 4
1375 1 26.0 27.0 4
1374 1 26.0 27.0 4
1373 1 26.0 27.0 4
1372 1 26.0 27.0 4
1371 1 26.0 27.0 4
1370 1 26.0 27.0 4
1368 1 26.0 27.0 4
1367 1 26.0 27.0 4
1365 1 26.0 27.0 4
1364 1 26.0 27.0 4
1363 1 26.0 27.0 4
1361 1 26.0 27.0 4
1360 1 26.0 27.0 4
1359 1 26.0 27.0 4
1358 1 26.0 27.0 4
1357 1 26.0 27.0 4
1356 1 26.0 27.0 4
1354 1 26.0 27.0 4
1353 1 26.0 27.0 4
1399 1 25.0 24.0 4
1398 1 25.0 24.0 4
1397 1 25.0 24.0 4
1396 1 25.0 24.0 4
1395 1 25.0 24.0 4
1392 1 25.0 24.0 4
1390 1 25.0 24.0 4
1389 1 25.0 24.0 4
1388 1 25.0 24.0 4
1387 1 25.0 24.0 4
1386 1 25.0 24.0 4
1385 1 25.0 24.0 4
1384 1 25.0 24.0 4
1383 1 25.0 24.0 4
1382 1 25.0 24.0 4
1381 1 25.0 24.0 4
1380 1 25.0 24.0 4
833 1 21.0 24.0 4
832 1 21.0 24.0 4
831 1 21.0 24.0 4
830 1 21.0 24.0 4
829 1 21.0 24.0 4
827 1 21.0 24.0 4
826 1 21.0 24.0 4
825 1 21.0 24.0 4
824 1 21.0 24.0 4
823 1 21.0 24.0 4
822 1 21.0 24.0 4
820 1 21.0 24.0 4
819 1 21.0 24.0 4
818 1 21.0 24.0 4
817 1 21.0 24.0 4
815 1 21.0 24.0 4
814 1 21.0 24.0 4
813 1 21.0 24.0 4
812 1 21.0 24.0 4
811 1 21.0 24.0 4
810 1 21.0 24.0 4
809 1 21.0 24.0 4
808 1 21.0 24.0 4
2252 1 22.0 22.0 4
2251 1 22.0 22.0 4
2249 1 22.0 22.0 4
2248 1 22.0 22.0 4
2247 1 22.0 22.0 4
2246 1 22.0 22.0 4
2245 1 22.0 22.0 4
2244 1 22.0 22.0 4
2241 1 22.0 22.0 4
2238 1 22.0 22.0 4
2237 1 22.0 22.0 4
2236 1 22.0 22.0 4
1330 1 22.0 22.0 4
1329 1 22.0 22.0 4
507 1 20.0 20.0 4
506 1 20.0 20.0 4
503 1 20.0 20.0 4
502 1 20.0 20.0 4
501 1 20.0 20.0 4
500 1 20.0 20.0 4
1432 1 19.0 21.0 4
1431 1 19.0 21.0 4
1430 1 19.0 21.0 4
1429 1 19.0 21.0 4
1427 1 19.0 21.0 4
1426 1 19.0 21.0 4
1425 1 19.0 21.0 4
1424 1 19.0 21.0 4
1423 1 19.0 21.0 4
1328 1 15.0 19.0 4
1458 1 18.0 18.0 4
1456 1 18.0 18.0 4
1455 1 18.0 18.0 4
1454 1 18.0 18.0 4
1453 1 18.0 18.0 4
1452 1 18.0 18.0 4
1451 1 18.0 18.0 4
1450 1 18.0 18.0 4
1449 1 18.0 18.0 4
1446 1 18.0 18.0 4
1445 1 18.0 18.0 4
1444 1 18.0 18.0 4
1443 1 18.0 18.0 4
1442 1 18.0 18.0 4
2123 1 21.0 10.0 4
2122 1 21.0 10.0 4
2121 1 21.0 10.0 4
2120 1 21.0 10.0 4
2119 1 21.0 10.0 4
2118 1 21.0 10.0 4
2116 1 21.0 10.0 4
2115 1 21.0 10.0 4
2114 1 21.0 10.0 4
2113 1 21.0 10.0 4
2112 1 21.0 10.0 4
1421 1 25.0 21.0 4
1420 1 25.0 21.0 4
1419 1 25.0 21.0 4
1418 1 25.0 21.0 4
1417 1 25.0 21.0 4
1416 1 25.0 21.0 4
1415 1 25.0 21.0 4
1413 1 25.0 21.0 4
1412 1 25.0 21.0 4
1411 1 25.0 21.0 4
1734 1 27.0 23.0 4
1733 1 27.0 23.0 4
1732 1 27.0 23.0 4
173 1 30.0 25.0 4
172 1 30.0 25.0 4
170 1 30.0 25.0 4
169 1 30.0 25.0 4
168 1 30.0 25.0 4
167 1 30.0 25.0 4
166 1 30.0 25.0 4
165 1 30.0 25.0 4
164 1 30.0 25.0 4
163 1 30.0 25.0 4
162 1 30.0 25.0 4
161 1 30.0 25.0 4
159 1 30.0 25.0 4
158 1 30.0 25.0 4
156 1 30.0 25.0 4
-1 0 35.0 35.0 D
5076 1 59.0 142.43797302246094 60 2147483647 61
0 0 35.0 35.0 D
1414 1 25.0 21.0 1
2239 1 22.0 22.0 1
504 1 20.0 20.0 1
1448 1 18.0 18.0 1
1784 1 13.0 13.0 1
1781 1 13.0 13.0 1
1779 1 13.0 13.0 1
2083 1 5.0 6.0 1
2082 1 5.0 6.0 1
2081 1 5.0 6.0 1
2080 1 5.0 6.0 1
2079 1 5.0 6.0 1
523 1 5.0 5.0 1
522 1 5.0 5.0 1
521 1 5.0 5.0 1
520 1 5.0 5.0 1
519 1 5.0 5.0 1
518 1 5.0 5.0 1
517 1 5.0 5.0 1
516 1 5.0 5.0 1
515 1 5.0 5.0 1
514 1 5.0 5.0 1
513 1 5.0 5.0 1
512 1 5.0 5.0 1
511 1 5.0 5.0 1
510 1 5.0 5.0 1
509 1 5.0 5.0 1
508 1 5.0 5.0 1
194 1 15.0 10.0 1
193 1 15.0 10.0 1
189 1 15.0 10.0 1
186 1 15.0 10.0 1
185 1 15.0 10.0 1
179 1 15.0 10.0 1
2117 1 21.0 10.0 1
576 1 23.0 3.0 1
575 1 23.0 3.0 1
205 1 30.0 5.0 1
201 1 30.0 5.0 1
199 1 30.0 5.0 1
567 1 42.0 7.0 1
294 1 45.0 10.0 1
284 1 45.0 10.0 1
279 1 45.0 10.0 1
1974 1 46.0 10.0 1
1970 1 46.0 10.0 1
2655 1 44.0 13.0 1
2654 1 44.0 13.0 1
2649 1 44.0 13.0 1
2646 1 44.0 13.0 1
2645 1 44.0 13.0 1
2155 1 39.0 10.0 1
787 1 32.0 12.0 1
785 1 32.0 12.0 1
781 1 32.0 12.0 1
2144 1 30.0 15.0 1
2669 1 26.0 13.0 1
1299 1 28.0 18.0 1
1291 1 28.0 18.0 1
-1 0 35.0 35.0 D
5077 2 59.0 98.93202209472656 60 2147483647 61
0 0 35.0 35.0 D
802 1 36.0 26.0 2
800 1 36.0 26.0 2
797 1 36.0 26.0 2
796 1 36.0 26.0 2
2045 1 32.0 22.0 2
2043 1 32.0 22.0 2
12 1 35.0 17.0 2
2778 1 35.0 16.0 2
784 1 32.0 12.0 2
206 1 30.0 5.0 2
204 1 30.0 5.0 2
203 1 30.0 5.0 2
202 1 30.0 5.0 2
200 1 30.0 5.0 2
580 1 23.0 3.0 2
579 1 23.0 3.0 2
578 1 23.0 3.0 2
577 1 23.0 3.0 2
574 1 23.0 3.0 2
198 1 15.0 10.0 2
197 1 15.0 10.0 2
196 1 15.0 10.0 2
195 1 15.0 10.0 2
192 1 15.0 10.0 2
191 1 15.0 10.0 2
190 1 15.0 10.0 2
188 1 15.0 10.0 2
187 1 15.0 10.0 2
184 1 15.0 10.0 2
183 1 15.0 10.0 2
182 1 15.0 10.0 2
181 1 15.0 10.0 2
180 1 15.0 10.0 2
2111 1 21.0 10.0 2
2671 1 26.0 13.0 2
2147 1 30.0 15.0 2
2146 1 30.0 15.0 2
2136 1 30.0 15.0 2
1293 1 28.0 18.0 2
1292 1 28.0 18.0 2
1287 1 28.0 18.0 2
1280 1 28.0 18.0 2
1278 1 28.0 18.0 2
1276 1 28.0 18.0 2
1275 1 28.0 18.0 2
1422 1 25.0 21.0 2
2253 1 22.0 22.0 2
2250 1 22.0 22.0 2
2243 1 22.0 22.0 2
2242 1 22.0 22.0 2
2240 1 22.0 22.0 2
1394 1 25.0 24.0 2
1393 1 25.0 24.0 2
1391 1 25.0 24.0 2
178 1 30.0 25.0 2
174 1 30.0 25.0 2
171 1 30.0 25.0 2
160 1 30.0 25.0 2
157 1 30.0 25.0 2
-1 0 35.0 35.0 D
5078 4 149.0 82.17514038085938 150 2147483647 151
0 0 35.0 35.0 D
2279 1 36.0 26.0 4
2278 1 36.0 26.0 4
2277 1 36.0 26.0 4
2276 1 36.0 26.0 4
2275 1 36.0 26.0 4
2274 1 36.0 26.0 4
2272 1 36.0 26.0 4
2271 1 36.0 26.0 4
2270 1 36.0 26.0 4
2269 1 36.0 26.0 4
2268 1 36.0 26.0 4
2267 1 36.0 26.0 4
2266 1 36.0 26.0 4
2265 1 36.0 26.0 4
2264 1 36.0 26.0 4
2263 1 36.0 26.0 4
2262 1 36.0 26.0 4
2260 1 36.0 26.0 4
2259 1 36.0 26.0 4
2258 1 36.0 26.0 4
2256 1 36.0 26.0 4
2254 1 36.0 26.0 4
805 1 36.0 26.0 4
804 1 36.0 26.0 4
803 1 36.0 26.0 4
801 1 36.0 26.0 4
799 1 36.0 26.0 4
798 1 36.0 26.0 4
795 1 36.0 26.0 4
794 1 36.0 26.0 4
793 1 36.0 26.0 4
792 1 36.0 26.0 4
791 1 36.0 26.0 4
790 1 36.0 26.0 4
789 1 36.0 26.0 4
788 1 36.0 26.0 4
17 1 35.0 17.0 4
16 1 35.0 17.0 4
15 1 35.0 17.0 4
14 1 35.0 17.0 4
13 1 35.0 17.0 4
11 1 35.0 17.0 4
2790 1 35.0 16.0 4
2789 1 35.0 16.0 4
2788 1 35.0 16.0 4
2787 1 35.0 16.0 4
2786 1 35.0 16.0 4
2785 1 35.0 16.0 4
2784 1 35.0 16.0 4
2783 1 35.0 16.0 4
2782 1 35.0 16.0 4
2781 1 35.0 16.0 4
2780 1 35.0 16.0 4
2779 1 35.0 16.0 4
2777 1 35.0 16.0 4
2776 1 35.0 16.0 4
2775 1 35.0 16.0 4
2774 1 35.0 16.0 4
2773 1 35.0 16.0 4
2772 1 35.0 16.0 4
2771 1 35.0 16.0 4
2770 1 35.0 16.0 4
2769 1 35.0 16.0 4
2768 1 35.0 16.0 4
2767 1 35.0 16.0 4
2766 1 35.0 16.0 4
2765 1 35.0 16.0 4
2764 1 35.0 16.0 4
2763 1 35.0 16.0 4
2762 1 35.0 16.0 4
1716 1 36.0 16.0 4
1715 1 36.0 16.0 4
1714 1 36.0 16.0 4
1713 1 36.0 16.0 4
1712 1 36.0 16.0 4
1711 1 36.0 16.0 4
1710 1 36.0 16.0 4
1709 1 36.0 16.0 4
1708 1 36.0 16.0 4
1707 1 36.0 16.0 4
286 1 45.0 10.0 4
283 1 45.0 10.0 4
282 1 45.0 10.0 4
280 1 45.0 10.0 4
278 1 45.0 10.0 4
277 1 45.0 10.0 4
2159 1 39.0 10.0 4
2157 1 39.0 10.0 4
2156 1 39.0 10.0 4
2153 1 39.0 10.0 4
2152 1 39.0 10.0 4
2151 1 39.0 10.0 4
786 1 32.0 12.0 4
783 1 32.0 12.0 4
782 1 32.0 12.0 4
2150 1 30.0 15.0 4
2149 1 30.0 15.0 4
2148 1 30.0 15.0 4
2145 1 30.0 15.0 4
2143 1 30.0 15.0 4
2142 1 30.0 15.0 4
2141 1 30.0 15.0 4
2140 1 30.0 15.0 4
2139 1 30.0 15.0 4
2138 1 30.0 15.0 4
2137 1 30.0 15.0 4
2135 1 30.0 15.0 4
2679 1 26.0 13.0 4
2678 1 26.0 13.0 4
2677 1 26.0 13.0 4
2676 1 26.0 13.0 4
2675 1 26.0 13.0 4
2674 1 26.0 13.0 4
2673 1 26.0 13.0 4
2672 1 26.0 13.0 4
2670 1 26.0 13.0 4
2668 1 26.0 13.0 4
573 1 24.0 12.0 4
572 1 24.0 12.0 4
571 1 24.0 12.0 4
570 1 24.0 12.0 4
569 1 24.0 12.0 4
1300 1 28.0 18.0 4
1298 1 28.0 18.0 4
1297 1 28.0 18.0 4
1296 1 28.0 18.0 4
1295 1 28.0 18.0 4
1294 1 28.0 18.0 4
1290 1 28.0 18.0 4
1289 1 28.0 18.0 4
1288 1 28.0 18.0 4
1286 1 28.0 18.0 4
1285 1 28.0 18.0 4
1284 1 28.0 18.0 4
1283 1 28.0 18.0 4
1282 1 28.0 18.0 4
1281 1 28.0 18.0 4
1279 1 28.0 18.0 4
1277 1 28.0 18.0 4
2047 1 32.0 22.0 4
2046 1 32.0 22.0 4
2044 1 32.0 22.0 4
2042 1 32.0 22.0 4
2041 1 32.0 22.0 4
2040 1 32.0 22.0 4
2039 1 32.0 22.0 4
177 1 30.0 25.0 4
176 1 30.0 25.0 4
175 1 30.0 25.0 4
-1 0 35.0 35.0 D
5079 2 59.0 86.70257568359375 60 2147483647 61
0 0 35.0 35.0 D
276 1 45.0 20.0 2
266 1 45.0 20.0 2
1048 1 44.0 17.0 2
1047 1 44.0 17.0 2
2663 1 44.0 13.0 2
2661 1 44.0 13.0 2
2651 1 44.0 13.0 2
2648 1 44.0 13.0 2
2647 1 44.0 13.0 2
291 1 45.0 10.0 2
290 1 45.0 10.0 2
288 1 45.0 10.0 2
287 1 45.0 10.0 2
285 1 45.0 10.0 2
281 1 45.0 10.0 2
1982 1 46.0 10.0 2
1967 1 46.0 10.0 2
1062 1 49.0 11.0 2
780 1 53.0 12.0 2
2946 1 54.0 10.0 2
2945 1 54.0 10.0 2
2943 1 54.0 10.0 2
2941 1 54.0 10.0 2
2940 1 54.0 10.0 2
2939 1 54.0 10.0 2
2937 1 54.0 10.0 2
2936 1 54.0 10.0 2
2935 1 54.0 10.0 2
323 1 55.0 5.0 2
322 1 55.0 5.0 2
321 1 55.0 5.0 2
320 1 55.0 5.0 2
319 1 55.0 5.0 2
318 1 55.0 5.0 2
317 1 55.0 5.0 2
316 1 55.0 5.0 2
315 1 55.0 5.0 2
314 1 55.0 5.0 2
312 1 55.0 5.0 2
310 1 55.0 5.0 2
309 1 55.0 5.0 2
308 1 55.0 5.0 2
305 1 55.0 5.0 2
304 1 55.0 5.0 2
302 1 55.0 5.0 2
301 1 55.0 5.0 2
299 1 55.0 5.0 2
295 1 55.0 5.0 2
568 1 42.0 7.0 2
566 1 42.0 7.0 2
565 1 42.0 7.0 2
564 1 42.0 7.0 2
2160 1 39.0 10.0 2
2158 1 39.0 10.0 2
2154 1 39.0 10.0 2
2273 1 36.0 26.0 2
2261 1 36.0 26.0 2
2257 1 36.0 26.0 2
2255 1 36.0 26.0 2
-1 0 35.0 35.0 D
5080 4 149.0 67.65113067626953 150 2147483647 151
0 0 35.0 35.0 D
1532 1 40.0 30.0 4
1531 1 40.0 30.0 4
1530 1 40.0 30.0 4
1529 1 40.0 30.0 4
1528 1 40.0 30.0 4
1527 1 40.0 30.0 4
1526 1 40.0 30.0 4
1525 1 40.0 30.0 4
1524 1 40.0 30.0 4
1523 1 40.0 30.0 4
1522 1 40.0 30.0 4
1521 1 40.0 30.0 4
2825 1 43.0 26.0 4
2824 1 43.0 26.0 4
2823 1 43.0 26.0 4
2822 1 43.0 26.0 4
2821 1 43.0 26.0 4
2819 1 43.0 26.0 4
2817 1 43.0 26.0 4
2816 1 43.0 26.0 4
2815 1 43.0 26.0 4
2814 1 43.0 26.0 4
2813 1 43.0 26.0 4
2812 1 43.0 26.0 4
2811 1 43.0 26.0 4
2809 1 43.0 26.0 4
2808 1 43.0 26.0 4
2807 1 43.0 26.0 4
2804 1 43.0 26.0 4
275 1 45.0 20.0 4
274 1 45.0 20.0 4
273 1 45.0 20.0 4
272 1 45.0 20.0 4
271 1 45.0 20.0 4
270 1 45.0 20.0 4
269 1 45.0 20.0 4
268 1 45.0 20.0 4
267 1 45.0 20.0 4
1044 1 47.0 16.0 4
1043 1 47.0 16.0 4
1042 1 47.0 16.0 4
1041 1 47.0 16.0 4
1040 1 47.0 16.0 4
1038 1 47.0 16.0 4
1037 1 47.0 16.0 4
1036 1 47.0 16.0 4
1035 1 47.0 16.0 4
1032 1 47.0 16.0 4
1030 1 47.0 16.0 4
1029 1 47.0 16.0 4
1028 1 47.0 16.0 4
1026 1 47.0 16.0 4
1025 1 47.0 16.0 4
1024 1 47.0 16.0 4
1023 1 47.0 16.0 4
1022 1 47.0 16.0 4
1021 1 47.0 16.0 4
1020 1 47.0 16.0 4
779 1 53.0 12.0 4
778 1 53.0 12.0 4
777 1 53.0 12.0 4
776 1 53.0 12.0 4
775 1 53.0 12.0 4
1079 1 49.0 11.0 4
1078 1 49.0 11.0 4
1077 1 49.0 11.0 4
1076 1 49.0 11.0 4
1075 1 49.0 11.0 4
1072 1 49.0 11.0 4
1070 1 49.0 11.0 4
1069 1 49.0 11.0 4
1068 1 49.0 11.0 4
1067 1 49.0 11.0 4
1066 1 49.0 11.0 4
1065 1 49.0 11.0 4
1064 1 49.0 11.0 4
1988 1 46.0 10.0 4
1987 1 46.0 10.0 4
1986 1 46.0 10.0 4
1985 1 46.0 10.0 4
1984 1 46.0 10.0 4
1983 1 46.0 10.0 4
1981 1 46.0 10.0 4
1980 1 46.0 10.0 4
1978 1 46.0 10.0 4
1975 1 46.0 10.0 4
1973 1 46.0 10.0 4
1972 1 46.0 10.0 4
1971 1 46.0 10.0 4
1969 1 46.0 10.0 4
1968 1 46.0 10.0 4
293 1 45.0 10.0 4
292 1 45.0 10.0 4
289 1 45.0 10.0 4
1061 1 46.0 13.0 4
1059 1 46.0 13.0 4
1058 1 46.0 13.0 4
1057 1 46.0 13.0 4
1056 1 46.0 13.0 4
1055 1 46.0 13.0 4
1054 1 46.0 13.0 4
2667 1 44.0 13.0 4
2666 1 44.0 13.0 4
2665 1 44.0 13.0 4
2664 1 44.0 13.0 4
2662 1 44.0 13.0 4
2660 1 44.0 13.0 4
2659 1 44.0 13.0 4
2658 1 44.0 13.0 4
2657 1 44.0 13.0 4
2656 1 44.0 13.0 4
2653 1 44.0 13.0 4
2652 1 44.0 13.0 4
2650 1 44.0 13.0 4
2644 1 44.0 13.0 4
2643 1 44.0 13.0 4
2642 1 44.0 13.0 4
2641 1 44.0 13.0 4
2640 1 44.0 13.0 4
1053 1 44.0 17.0 4
1052 1 44.0 17.0 4
1051 1 44.0 17.0 4
1050 1 44.0 17.0 4
1049 1 44.0 17.0 4
1046 1 44.0 17.0 4
1045 1 44.0 17.0 4
563 1 40.0 25.0 4
562 1 40.0 25.0 4
561 1 40.0 25.0 4
560 1 40.0 25.0 4
559 1 40.0 25.0 4
558 1 40.0 25.0 4
557 1 40.0 25.0 4
556 1 40.0 25.0 4
555 1 40.0 25.0 4
754 1 37.0 31.0 4
753 1 37.0 31.0 4
752 1 37.0 31.0 4
751 1 37.0 31.0 4
750 1 37.0 31.0 4
749 1 37.0 31.0 4
748 1 37.0 31.0 4
747 1 37.0 31.0 4
746 1 37.0 31.0 4
745 1 37.0 31.0 4
744 1 37.0 31.0 4
743 1 37.0 31.0 4
742 1 37.0 31.0 4
741 1 37.0 31.0 4
-1 0 35.0 35.0 D
5081 1 59.0 98.93023681640625 60 2147483647 61
0 0 35.0 35.0 D
1039 1 47.0 16.0 1
1034 1 47.0 16.0 1
1033 1 47.0 16.0 1
1031 1 47.0 16.0 1
1027 1 47.0 16.0 1
550 1 60.0 12.0 1
549 1 60.0 12.0 1
537 1 60.0 12.0 1
535 1 60.0 12.0 1
533 1 60.0 12.0 1
532 1 60.0 12.0 1
527 1 60.0 12.0 1
525 1 60.0 12.0 1
957 1 67.0 5.0 1
956 1 67.0 5.0 1
955 1 67.0 5.0 1
954 1 67.0 5.0 1
953 1 67.0 5.0 1
952 1 67.0 5.0 1
951 1 67.0 5.0 1
950 1 67.0 5.0 1
949 1 67.0 5.0 1
948 1 67.0 5.0 1
947 1 67.0 5.0 1
946 1 67.0 5.0 1
945 1 67.0 5.0 1
944 1 67.0 5.0 1
943 1 67.0 5.0 1
942 1 67.0 5.0 1
941 1 67.0 5.0 1
940 1 67.0 5.0 1
939 1 67.0 5.0 1
938 1 67.0 5.0 1
937 1 67.0 5.0 1
936 1 67.0 5.0 1
935 1 67.0 5.0 1
934 1 67.0 5.0 1
933 1 67.0 5.0 1
313 1 55.0 5.0 1
311 1 55.0 5.0 1
307 1 55.0 5.0 1
306 1 55.0 5.0 1
303 1 55.0 5.0 1
300 1 55.0 5.0 1
298 1 55.0 5.0 1
297 1 55.0 5.0 1
296 1 55.0 5.0 1
2944 1 54.0 10.0 1
2942 1 54.0 10.0 1
2938 1 54.0 10.0 1
1074 1 49.0 11.0 1
1073 1 49.0 11.0 1
1071 1 49.0 11.0 1
1063 1 49.0 11.0 1
1989 1 46.0 10.0 1
1979 1 46.0 10.0 1
1977 1 46.0 10.0 1
1976 1 46.0 10.0 1
1060 1 46.0 13.0 1
-1 0 35.0 35.0 D
5082 2 59.0 79.0139389038086 60 2147483647 61
0 0 35.0 35.0 D
48 1 55.0 20.0 2
44 1 55.0 20.0 2
31 1 55.0 20.0 2
2332 1 55.0 20.0 2
2076 1 59.0 15.0 2
2075 1 59.0 15.0 2
2074 1 59.0 15.0 2
2073 1 59.0 15.0 2
2072 1 59.0 15.0 2
2071 1 59.0 15.0 2
2069 1 59.0 15.0 2
2066 1 59.0 15.0 2
2065 1 59.0 15.0 2
2064 1 59.0 15.0 2
2063 1 59.0 15.0 2
2959 1 60.0 15.0 2
2958 1 60.0 15.0 2
2957 1 60.0 15.0 2
2956 1 60.0 15.0 2
2955 1 60.0 15.0 2
2953 1 60.0 15.0 2
2952 1 60.0 15.0 2
2951 1 60.0 15.0 2
2950 1 60.0 15.0 2
2948 1 60.0 15.0 2
2947 1 60.0 15.0 2
2624 1 66.0 14.0 2
2623 1 66.0 14.0 2
2622 1 66.0 14.0 2
2621 1 66.0 14.0 2
2620 1 66.0 14.0 2
2619 1 66.0 14.0 2
553 1 60.0 12.0 2
551 1 60.0 12.0 2
548 1 60.0 12.0 2
547 1 60.0 12.0 2
546 1 60.0 12.0 2
545 1 60.0 12.0 2
544 1 60.0 12.0 2
543 1 60.0 12.0 2
542 1 60.0 12.0 2
541 1 60.0 12.0 2
540 1 60.0 12.0 2
539 1 60.0 12.0 2
538 1 60.0 12.0 2
536 1 60.0 12.0 2
534 1 60.0 12.0 2
531 1 60.0 12.0 2
530 1 60.0 12.0 2
529 1 60.0 12.0 2
528 1 60.0 12.0 2
526 1 60.0 12.0 2
524 1 60.0 12.0 2
1610 1 51.0 21.0 2
2820 1 43.0 26.0 2
2818 1 43.0 26.0 2
2810 1 43.0 26.0 2
2806 1 43.0 26.0 2
2805 1 43.0 26.0 2
-1 0 35.0 35.0 D
5083 4 149.0 76.44329833984375 150 2147483647 151
0 0 35.0 35.0 D
1541 1 40.0 30.0 4
1540 1 40.0 30.0 4
1539 1 40.0 30.0 4
1538 1 40.0 30.0 4
1537 1 40.0 30.0 4
1536 1 40.0 30.0 4
1535 1 40.0 30.0 4
1534 1 40.0 30.0 4
1533 1 40.0 30.0 4
349 1 45.0 30.0 4
348 1 45.0 30.0 4
347 1 45.0 30.0 4
346 1 45.0 30.0 4
345 1 45.0 30.0 4
344 1 45.0 30.0 4
342 1 45.0 30.0 4
341 1 45.0 30.0 4
339 1 45.0 30.0 4
337 1 45.0 30.0 4
336 1 45.0 30.0 4
334 1 45.0 30.0 4
333 1 45.0 30.0 4
2224 1 48.0 28.0 4
2223 1 48.0 28.0 4
2222 1 48.0 28.0 4
2221 1 48.0 28.0 4
2220 1 48.0 28.0 4
2219 1 48.0 28.0 4
2218 1 48.0 28.0 4
2217 1 48.0 28.0 4
2215 1 48.0 28.0 4
2214 1 48.0 28.0 4
2213 1 48.0 28.0 4
2211 1 48.0 28.0 4
2210 1 48.0 28.0 4
2209 1 48.0 28.0 4
2803 1 52.0 26.0 4
2802 1 52.0 26.0 4
2800 1 52.0 26.0 4
2798 1 52.0 26.0 4
2797 1 52.0 26.0 4
2796 1 52.0 26.0 4
2795 1 52.0 26.0 4
2793 1 52.0 26.0 4
2791 1 52.0 26.0 4
1614 1 51.0 21.0 4
1613 1 51.0 21.0 4
1612 1 51.0 21.0 4
1611 1 51.0 21.0 4
49 1 55.0 20.0 4
47 1 55.0 20.0 4
46 1 55.0 20.0 4
45 1 55.0 20.0 4
42 1 55.0 20.0 4
40 1 55.0 20.0 4
39 1 55.0 20.0 4
38 1 55.0 20.0 4
36 1 55.0 20.0 4
35 1 55.0 20.0 4
34 1 55.0 20.0 4
33 1 55.0 20.0 4
32 1 55.0 20.0 4
2341 1 55.0 20.0 4
2340 1 55.0 20.0 4
2339 1 55.0 20.0 4
2337 1 55.0 20.0 4
2336 1 55.0 20.0 4
2335 1 55.0 20.0 4
2333 1 55.0 20.0 4
2331 1 55.0 20.0 4
2330 1 55.0 20.0 4
2329 1 55.0 20.0 4
2328 1 55.0 20.0 4
2327 1 55.0 20.0 4
2326 1 55.0 20.0 4
2325 1 55.0 20.0 4
2324 1 55.0 20.0 4
2323 1 55.0 20.0 4
2322 1 55.0 20.0 4
2321 1 55.0 20.0 4
2550 1 62.0 24.0 4
2549 1 62.0 24.0 4
2548 1 62.0 24.0 4
2547 1 62.0 24.0 4
2546 1 62.0 24.0 4
2544 1 62.0 24.0 4
2543 1 62.0 24.0 4
1943 1 58.0 27.0 4
1942 1 58.0 27.0 4
1941 1 58.0 27.0 4
1940 1 58.0 27.0 4
1939 1 58.0 27.0 4
1937 1 58.0 27.0 4
1936 1 58.0 27.0 4
1935 1 58.0 27.0 4
1934 1 58.0 27.0 4
1933 1 58.0 27.0 4
1932 1 58.0 27.0 4
1931 1 58.0 27.0 4
1930 1 58.0 27.0 4
1929 1 58.0 27.0 4
1928 1 58.0 27.0 4
1927 1 58.0 27.0 4
1926 1 58.0 27.0 4
1925 1 58.0 27.0 4
772 1 57.0 29.0 4
771 1 57.0 29.0 4
770 1 57.0 29.0 4
769 1 57.0 29.0 4
767 1 57.0 29.0 4
766 1 57.0 29.0 4
765 1 57.0 29.0 4
764 1 57.0 29.0 4
763 1 57.0 29.0 4
761 1 57.0 29.0 4
760 1 57.0 29.0 4
758 1 57.0 29.0 4
756 1 57.0 29.0 4
2015 1 61.0 33.0 4
2014 1 61.0 33.0 4
2013 1 61.0 33.0 4
2012 1 61.0 33.0 4
2011 1 61.0 33.0 4
2010 1 61.0 33.0 4
2009 1 61.0 33.0 4
2008 1 61.0 33.0 4
2007 1 61.0 33.0 4
2005 1 61.0 33.0 4
2003 1 61.0 33.0 4
2002 1 61.0 33.0 4
2001 1 61.0 33.0 4
2000 1 61.0 33.0 4
1998 1 61.0 33.0 4
1997 1 61.0 33.0 4
1995 1 61.0 33.0 4
1994 1 61.0 33.0 4
1993 1 61.0 33.0 4
1992 1 61.0 33.0 4
1991 1 61.0 33.0 4
1608 1 52.0 33.0 4
1607 1 52.0 33.0 4
1606 1 52.0 33.0 4
1605 1 52.0 33.0 4
1604 1 52.0 33.0 4
1603 1 52.0 33.0 4
1602 1 52.0 33.0 4
1601 1 52.0 33.0 4
1600 1 52.0 33.0 4
1599 1 52.0 33.0 4
-1 0 35.0 35.0 D
5086 4 149.0 71.65367126464844 150 2147483647 151
0 0 35.0 35.0 D
2062 1 45.0 35.0 4
2061 1 45.0 35.0 4
2060 1 45.0 35.0 4
2058 1 45.0 35.0 4
2057 1 45.0 35.0 4
2056 1 45.0 35.0 4
2055 1 45.0 35.0 4
2054 1 45.0 35.0 4
2053 1 45.0 35.0 4
2052 1 45.0 35.0 4
2051 1 45.0 35.0 4
2049 1 45.0 35.0 4
2048 1 45.0 35.0 4
2319 1 45.0 35.0 4
2317 1 45.0 35.0 4
2316 1 45.0 35.0 4
2315 1 45.0 35.0 4
2314 1 45.0 35.0 4
2311 1 45.0 35.0 4
2309 1 45.0 35.0 4
2308 1 45.0 35.0 4
2307 1 45.0 35.0 4
2306 1 45.0 35.0 4
2304 1 45.0 35.0 4
2303 1 45.0 35.0 4
2301 1 45.0 35.0 4
2300 1 45.0 35.0 4
2298 1 45.0 35.0 4
2297 1 45.0 35.0 4
2296 1 45.0 35.0 4
2295 1 45.0 35.0 4
2294 1 45.0 35.0 4
2293 1 45.0 35.0 4
2292 1 45.0 35.0 4
2291 1 45.0 35.0 4
155 1 50.0 35.0 4
154 1 50.0 35.0 4
153 1 50.0 35.0 4
152 1 50.0 35.0 4
150 1 50.0 35.0 4
149 1 50.0 35.0 4
148 1 50.0 35.0 4
147 1 50.0 35.0 4
145 1 50.0 35.0 4
144 1 50.0 35.0 4
143 1 50.0 35.0 4
142 1 50.0 35.0 4
141 1 50.0 35.0 4
140 1 50.0 35.0 4
139 1 50.0 35.0 4
137 1 50.0 35.0 4
2760 1 55.0 34.0 4
2759 1 55.0 34.0 4
2758 1 55.0 34.0 4
2757 1 55.0 34.0 4
2756 1 55.0 34.0 4
2755 1 55.0 34.0 4
2754 1 55.0 34.0 4
2753 1 55.0 34.0 4
2752 1 55.0 34.0 4
2751 1 55.0 34.0 4
2750 1 55.0 34.0 4
2749 1 55.0 34.0 4
2748 1 55.0 34.0 4
2747 1 55.0 34.0 4
2745 1 55.0 34.0 4
2500 1 62.0 35.0 4
2501 1 62.0 35.0 4
2502 1 62.0 35.0 4
2503 1 62.0 35.0 4
2504 1 62.0 35.0 4
2505 1 62.0 35.0 4
2506 1 62.0 35.0 4
2507 1 62.0 35.0 4
2508 1 62.0 35.0 4
2509 1 62.0 35.0 4
2511 1 62.0 35.0 4
324 1 65.0 35.0 4
325 1 65.0 35.0 4
326 1 65.0 35.0 4
382 1 64.0 42.0 4
383 1 64.0 42.0 4
384 1 64.0 42.0 4
385 1 64.0 42.0 4
386 1 64.0 42.0 4
387 1 64.0 42.0 4
388 1 64.0 42.0 4
389 1 64.0 42.0 4
390 1 64.0 42.0 4
1813 1 62.0 42.0 4
1814 1 62.0 42.0 4
1816 1 62.0 42.0 4
1817 1 62.0 42.0 4
1818 1 62.0 42.0 4
1820 1 62.0 42.0 4
958 1 56.0 39.0 4
959 1 56.0 39.0 4
960 1 56.0 39.0 4
961 1 56.0 39.0 4
963 1 56.0 39.0 4
964 1 56.0 39.0 4
966 1 56.0 39.0 4
967 1 56.0 39.0 4
968 1 56.0 39.0 4
969 1 56.0 39.0 4
970 1 56.0 39.0 4
971 1 56.0 39.0 4
972 1 56.0 39.0 4
973 1 56.0 39.0 4
974 1 56.0 39.0 4
975 1 56.0 39.0 4
976 1 56.0 39.0 4
977 1 56.0 39.0 4
980 1 56.0 39.0 4
981 1 56.0 39.0 4
983 1 56.0 39.0 4
984 1 56.0 39.0 4
985 1 56.0 39.0 4
986 1 56.0 39.0 4
987 1 56.0 39.0 4
988 1 56.0 39.0 4
991 1 56.0 39.0 4
992 1 56.0 39.0 4
993 1 56.0 39.0 4
1135 1 56.0 37.0 4
1136 1 56.0 37.0 4
1137 1 56.0 37.0 4
1138 1 56.0 37.0 4
2227 1 56.0 37.0 4
2229 1 56.0 37.0 4
2230 1 56.0 37.0 4
2231 1 56.0 37.0 4
2232 1 56.0 37.0 4
2234 1 56.0 37.0 4
1717 1 52.0 41.0 4
1718 1 52.0 41.0 4
2907 1 50.0 40.0 4
2908 1 50.0 40.0 4
2909 1 50.0 40.0 4
2910 1 50.0 40.0 4
2914 1 50.0 40.0 4
2916 1 50.0 40.0 4
2918 1 50.0 40.0 4
2919 1 50.0 40.0 4
2920 1 50.0 40.0 4
2921 1 50.0 40.0 4
2923 1 50.0 40.0 4
2924 1 50.0 40.0 4
381 1 41.0 37.0 4
-1 0 35.0 35.0 D
5090 1 87.0 203.0035400390625 100 2147483647 89
0 0 35.0 35.0 D
2792 1 52.0 26.0 1
2799 1 52.0 26.0 1
2761 1 55.0 34.0 1
762 1 57.0 29.0 1
768 1 57.0 29.0 1
2545 1 62.0 24.0 1
2334 1 55.0 20.0 1
2338 1 55.0 20.0 1
37 1 55.0 20.0 1
41 1 55.0 20.0 1
43 1 55.0 20.0 1
2949 1 60.0 15.0 1
2954 1 60.0 15.0 1
2960 1 60.0 15.0 1
2067 1 59.0 15.0 1
2068 1 59.0 15.0 1
2070 1 59.0 15.0 1
552 1 60.0 12.0 1
554 1 60.0 12.0 1
2618 1 66.0 14.0 1
2629 1 66.0 14.0 1
2634 1 66.0 14.0 1
330 1 65.0 20.0 1
332 1 65.0 20.0 1
1996 1 61.0 33.0 1
1999 1 61.0 33.0 1
2004 1 61.0 33.0 1
2006 1 61.0 33.0 1
2226 1 56.0 37.0 1
2233 1 56.0 37.0 1
1134 1 56.0 37.0 1
962 1 56.0 39.0 1
978 1 56.0 39.0 1
979 1 56.0 39.0 1
982 1 56.0 39.0 1
989 1 56.0 39.0 1
1819 1 62.0 42.0 1
2604 1 62.0 48.0 1
2612 1 62.0 48.0 1
473 1 65.0 55.0 1
475 1 65.0 55.0 1
478 1 65.0 55.0 1
479 1 65.0 55.0 1
482 1 65.0 55.0 1
488 1 63.0 65.0 1
491 1 63.0 65.0 1
493 1 63.0 65.0 1
2033 1 63.0 69.0 1
2034 1 63.0 69.0 1
2035 1 63.0 69.0 1
2036 1 63.0 69.0 1
2037 1 63.0 69.0 1
2038 1 63.0 69.0 1
1005 1 57.0 68.0 1
2017 1 62.0 63.0 1
2021 1 62.0 63.0 1
2022 1 62.0 63.0 1
2031 1 62.0 63.0 1
2513 1 62.0 57.0 1
2517 1 62.0 57.0 1
2519 1 62.0 57.0 1
2528 1 62.0 57.0 1
2529 1 62.0 57.0 1
2535 1 62.0 57.0 1
2539 1 62.0 57.0 1
1787 1 57.0 58.0 1
1788 1 57.0 58.0 1
1797 1 57.0 58.0 1
1799 1 57.0 58.0 1
1805 1 57.0 58.0 1
97 1 55.0 60.0 1
103 1 55.0 60.0 1
1147 1 55.0 54.0 1
1161 1 55.0 54.0 1
1164 1 55.0 54.0 1
463 1 53.0 52.0 1
471 1 53.0 52.0 1
2372 1 50.0 50.0 1
1483 1 49.0 49.0 1
1489 1 49.0 49.0 1
2928 1 55.0 50.0 1
2929 1 55.0 50.0 1
2391 1 55.0 45.0 1
1095 1 53.0 43.0 1
1097 1 53.0 43.0 1
1099 1 53.0 43.0 1
1100 1 53.0 43.0 1
-1 0 35.0 35.0 D
5108 2 95.0 159.8047637939453 100 2147483647 97
0 0 35.0 35.0 D
2906 1 50.0 40.0 2
2911 1 50.0 40.0 2
2912 1 50.0 40.0 2
2913 1 50.0 40.0 2
2915 1 50.0 40.0 2
2917 1 50.0 40.0 2
2922 1 50.0 40.0 2
1721 1 52.0 41.0 2
1722 1 52.0 41.0 2
1726 1 52.0 41.0 2
965 1 56.0 39.0 2
990 1 56.0 39.0 2
1093 1 53.0 43.0 2
1101 1 53.0 43.0 2
1103 1 53.0 43.0 2
2387 1 55.0 45.0 2
25 1 55.0 45.0 2
26 1 55.0 45.0 2
1116 1 57.0 48.0 2
1123 1 57.0 48.0 2
1128 1 57.0 48.0 2
2512 1 62.0 57.0 2
2514 1 62.0 57.0 2
2515 1 62.0 57.0 2
2516 1 62.0 57.0 2
2518 1 62.0 57.0 2
2520 1 62.0 57.0 2
2521 1 62.0 57.0 2
2522 1 62.0 57.0 2
2523 1 62.0 57.0 2
2524 1 62.0 57.0 2
2525 1 62.0 57.0 2
474 1 65.0 55.0 2
476 1 65.0 55.0 2
477 1 65.0 55.0 2
480 1 65.0 55.0 2
481 1 65.0 55.0 2
483 1 65.0 55.0 2
484 1 65.0 55.0 2
485 1 65.0 55.0 2
486 1 65.0 55.0 2
1815 1 62.0 42.0 2
2510 1 62.0 35.0 2
1990 1 61.0 33.0 2
2228 1 56.0 37.0 2
2235 1 56.0 37.0 2
1133 1 56.0 37.0 2
2746 1 55.0 34.0 2
138 1 50.0 35.0 2
146 1 50.0 35.0 2
151 1 50.0 35.0 2
2050 1 45.0 35.0 2
2059 1 45.0 35.0 2
2299 1 45.0 35.0 2
2302 1 45.0 35.0 2
2305 1 45.0 35.0 2
2310 1 45.0 35.0 2
2312 1 45.0 35.0 2
2313 1 45.0 35.0 2
2318 1 45.0 35.0 2
2320 1 45.0 35.0 2
1609 1 52.0 33.0 2
755 1 57.0 29.0 2
757 1 57.0 29.0 2
759 1 57.0 29.0 2
1938 1 58.0 27.0 2
773 1 63.0 23.0 2
774 1 63.0 23.0 2
327 1 65.0 20.0 2
328 1 65.0 20.0 2
329 1 65.0 20.0 2
331 1 65.0 20.0 2
2625 1 66.0 14.0 2
2626 1 66.0 14.0 2
2627 1 66.0 14.0 2
2628 1 66.0 14.0 2
2630 1 66.0 14.0 2
2631 1 66.0 14.0 2
2632 1 66.0 14.0 2
2633 1 66.0 14.0 2
2635 1 66.0 14.0 2
2636 1 66.0 14.0 2
2637 1 66.0 14.0 2
2638 1 66.0 14.0 2
2639 1 66.0 14.0 2
2794 1 52.0 26.0 2
2801 1 52.0 26.0 2
2208 1 48.0 28.0 2
2212 1 48.0 28.0 2
2216 1 48.0 28.0 2
2225 1 48.0 28.0 2
335 1 45.0 30.0 2
338 1 45.0 30.0 2
340 1 45.0 30.0 2
343 1 45.0 30.0 2
-1 0 35.0 35.0 D
5116 4 164.0 82.60813903808594 250 2147483647 166
0 0 35.0 35.0 D
2161 1 32.0 39.0 4
2162 1 32.0 39.0 4
2163 1 32.0 39.0 4
2164 1 32.0 39.0 4
2165 1 32.0 39.0 4
81 1 20.0 50.0 4
82 1 20.0 50.0 4
1829 1 16.0 57.0 4
1830 1 16.0 57.0 4
1831 1 16.0 57.0 4
1833 1 16.0 57.0 4
1834 1 16.0 57.0 4
1835 1 16.0 57.0 4
1836 1 16.0 57.0 4
1837 1 16.0 57.0 4
1838 1 16.0 57.0 4
1840 1 16.0 57.0 4
1841 1 16.0 57.0 4
1842 1 16.0 57.0 4
1844 1 16.0 57.0 4
851 1 24.0 58.0 4
852 1 24.0 58.0 4
855 1 24.0 58.0 4
856 1 24.0 58.0 4
857 1 24.0 58.0 4
858 1 24.0 58.0 4
859 1 24.0 58.0 4
860 1 24.0 58.0 4
861 1 24.0 58.0 4
862 1 24.0 58.0 4
865 1 24.0 58.0 4
867 1 24.0 58.0 4
2393 1 26.0 59.0 4
2394 1 26.0 59.0 4
2395 1 26.0 59.0 4
2396 1 26.0 59.0 4
2398 1 26.0 59.0 4
2399 1 26.0 59.0 4
2401 1 26.0 59.0 4
2402 1 26.0 59.0 4
2403 1 26.0 59.0 4
2404 1 26.0 59.0 4
2405 1 26.0 59.0 4
2406 1 26.0 59.0 4
2408 1 26.0 59.0 4
2410 1 26.0 59.0 4
2411 1 26.0 59.0 4
2412 1 26.0 59.0 4
2413 1 26.0 59.0 4
2415 1 26.0 59.0 4
2416 1 26.0 59.0 4
2417 1 26.0 59.0 4
2418 1 26.0 59.0 4
2419 1 26.0 59.0 4
2420 1 26.0 59.0 4
2192 1 25.0 55.0 4
2193 1 25.0 55.0 4
2194 1 25.0 55.0 4
2195 1 25.0 55.0 4
2197 1 25.0 55.0 4
2198 1 25.0 55.0 4
2200 1 25.0 55.0 4
2201 1 25.0 55.0 4
2202 1 25.0 55.0 4
2203 1 25.0 55.0 4
2204 1 25.0 55.0 4
2205 1 25.0 55.0 4
2206 1 25.0 55.0 4
2207 1 25.0 55.0 4
2851 1 22.0 53.0 4
2852 1 22.0 53.0 4
2853 1 22.0 53.0 4
2854 1 22.0 53.0 4
2855 1 22.0 53.0 4
2856 1 22.0 53.0 4
2857 1 22.0 53.0 4
2859 1 22.0 53.0 4
2860 1 22.0 53.0 4
2861 1 22.0 53.0 4
2863 1 22.0 53.0 4
2865 1 22.0 53.0 4
2866 1 22.0 53.0 4
2867 1 22.0 53.0 4
2868 1 22.0 53.0 4
2869 1 22.0 53.0 4
2871 1 22.0 53.0 4
2872 1 22.0 53.0 4
2873 1 22.0 53.0 4
2874 1 22.0 53.0 4
2876 1 22.0 53.0 4
2877 1 22.0 53.0 4
2878 1 22.0 53.0 4
1301 1 26.0 52.0 4
1302 1 26.0 52.0 4
1303 1 26.0 52.0 4
1305 1 26.0 52.0 4
1306 1 26.0 52.0 4
1308 1 26.0 52.0 4
1309 1 26.0 52.0 4
422 1 31.0 52.0 4
423 1 31.0 52.0 4
425 1 31.0 52.0 4
426 1 31.0 52.0 4
427 1 31.0 52.0 4
428 1 31.0 52.0 4
429 1 31.0 52.0 4
432 1 31.0 52.0 4
433 1 31.0 52.0 4
434 1 31.0 52.0 4
436 1 31.0 52.0 4
438 1 31.0 52.0 4
3001 1 30.0 50.0 4
3002 1 30.0 50.0 4
3004 1 30.0 50.0 4
3006 1 30.0 50.0 4
3007 1 30.0 50.0 4
3008 1 30.0 50.0 4
3009 1 30.0 50.0 4
3010 1 30.0 50.0 4
3011 1 30.0 50.0 4
3012 1 30.0 50.0 4
3013 1 30.0 50.0 4
3014 1 30.0 50.0 4
3015 1 30.0 50.0 4
3016 1 30.0 50.0 4
3017 1 30.0 50.0 4
3018 1 30.0 50.0 4
3020 1 30.0 50.0 4
3022 1 30.0 50.0 4
3023 1 30.0 50.0 4
3024 1 30.0 50.0 4
3025 1 30.0 50.0 4
3026 1 30.0 50.0 4
3027 1 30.0 50.0 4
3028 1 30.0 50.0 4
3030 1 30.0 50.0 4
3031 1 30.0 50.0 4
3032 1 30.0 50.0 4
3033 1 30.0 50.0 4
1890 1 30.0 48.0 4
1891 1 30.0 48.0 4
1892 1 30.0 48.0 4
1893 1 30.0 48.0 4
1894 1 30.0 48.0 4
1896 1 30.0 48.0 4
1897 1 30.0 48.0 4
1898 1 30.0 48.0 4
1901 1 30.0 48.0 4
1904 1 30.0 48.0 4
366 1 41.0 37.0 4
367 1 41.0 37.0 4
368 1 41.0 37.0 4
369 1 41.0 37.0 4
370 1 41.0 37.0 4
371 1 41.0 37.0 4
372 1 41.0 37.0 4
373 1 41.0 37.0 4
374 1 41.0 37.0 4
375 1 41.0 37.0 4
376 1 41.0 37.0 4
377 1 41.0 37.0 4
378 1 41.0 37.0 4
379 1 41.0 37.0 4
380 1 41.0 37.0 4
-1 0 35.0 35.0 D
