File: p21 Num Depots: 1 Num Pick Up Points: 190 Num Trucks: 9Processing Time: 114 seconds
Total Demand = 3033.00| Total Distance = 2702.65| Total Travel Time = 2026.99| Total Cost = $3487.19|

Truck #5059 MaxCap: 100 Demand: 99.0 ROUTE:0 2392 123 122 1590 1585 1327 1889 1886 870 869 2850 2849 2848 2847 2846 2845 2844 2843 2842 2841 2840 2839 2838 2837 2836 2835 2834 2833 2832 2831 2830 2829 2828 2827 2826 457 453 447 446 445 441 1952 1950 1948 1945 1944 264 2979 2974 2961 929 928 920 919 917 913 911 910 909 907 906 905 904 903 902 901 900 899 898 897 896 895 894 893 892 891 890 889 888 1017 1014 1013 1010 1006 2480 2479 2470 2464 2463 2461 2458 2450 1509 728 724 406 1003 1002 1000 -1 
Truck #5060 MaxCap: 160 Demand: 159.0 ROUTE:0 828 821 816 807 1349 1346 1344 1335 1334 1333 1428 1236 1233 1230 1214 1213 1212 847 220 214 2109 2106 2102 2100 2098 2087 596 594 593 588 586 585 2078 2077 1266 1252 1250 1246 1243 1685 1679 1669 606 604 599 1868 1863 1856 2712 2700 2689 2688 1852 1850 1848 1847 2593 638 632 624 618 617 499 498 497 496 495 2134 2133 2132 2131 2130 2129 2128 2127 2126 2125 2124 708 707 706 705 704 703 702 701 700 699 698 697 696 695 694 693 692 691 690 689 688 687 686 685 684 683 682 681 680 679 887 886 885 884 883 882 881 880 879 134 127 125 2717 2714 1574 1570 1569 1567 1563 254 248 247 1843 1832 868 866 863 853 2414 2409 2400 2397 2199 1304 2870 2864 673 671 653 644 643 1177 87 1698 1693 1191 65 58 1768 1763 1745 -1 
Truck #5062 MaxCap: 100 Demand: 99.0 ROUTE:0 720 716 1490 1481 1466 2371 2366 2364 2362 472 468 464 1163 1151 1143 2542 2541 2540 2538 2537 2536 2534 2533 2532 2531 2530 2527 2526 2032 2030 2029 2028 2027 2026 2025 2024 2023 2020 2019 2018 2016 494 492 490 489 487 1019 1018 1016 1015 1012 1011 1009 1008 1007 2483 2482 2481 2478 2477 2476 2475 2474 2473 2472 2471 2469 2468 2467 2466 2465 2462 2460 2459 2457 2456 2455 2454 2453 2452 2451 2449 2448 2447 1508 1507 1506 1505 1504 1503 1502 1501 1500 1499 1498 1497 1496 99 95 -1 
Truck #5063 MaxCap: 160 Demand: 159.0 ROUTE:0 2738 6 5 2 401 397 396 2984 2983 2982 2981 2980 2978 2977 2976 2975 2973 2972 2971 2970 2969 2968 2967 2966 2965 2964 2963 2962 1511 1510 932 931 930 927 926 925 924 923 922 921 918 916 915 914 912 908 1918 1917 1916 1915 1914 1913 1912 1911 1910 1909 1908 1907 1906 1905 2445 2423 1954 1953 1951 1949 1947 1946 461 460 459 458 456 455 454 452 451 450 449 448 444 443 442 440 439 878 877 876 875 874 873 872 871 1888 1887 1885 1884 1883 136 135 133 132 131 130 129 128 126 2726 2725 2724 2723 2722 2721 2720 2719 2718 2716 2715 2713 1560 1559 1558 1557 1586 1583 2999 2993 2991 2989 2407 864 854 850 2196 2191 1307 1903 1902 1900 1899 1895 3029 3021 3019 3005 3003 437 435 431 430 424 414 2499 2496 2491 1465 1464 1961 1955 -1 
Truck #5065 MaxCap: 200 Demand: 199.0 ROUTE:0 1633 1632 1631 1630 1629 1628 1627 1626 1625 1624 1623 1622 1621 1620 1619 1618 1617 1616 1615 721 719 718 717 715 714 713 712 711 710 709 1495 1494 1493 1492 1491 1488 1487 1486 1485 1484 1482 1480 1479 1478 1477 1476 1475 1474 1473 1472 1471 1470 1469 1468 1467 2375 2374 2373 2370 2369 2368 2367 2365 2363 2361 470 469 467 466 465 462 1162 1160 1159 1158 1157 1156 1155 1154 1153 1152 1150 1149 1148 1146 1145 1144 1142 1141 1140 1139 1789 1786 1785 1109 1108 1107 2617 2616 2615 2614 2613 2611 2610 2609 2608 2607 2606 2605 2603 1924 1923 1922 1921 1920 1919 1132 1131 1130 1129 1127 1126 1125 1124 1122 1121 1120 1119 1118 1117 1115 1114 1113 1112 1111 1110 2934 2933 2932 2931 2930 2927 2926 2925 30 29 28 27 24 23 22 21 20 19 18 2390 2389 2388 2386 2385 2384 2383 2382 2381 2380 2379 2378 2377 2376 1106 1105 1104 1102 1098 1096 1094 1731 1730 1729 1728 1727 1725 1724 1723 1720 1719 1092 1091 1090 1089 1088 1087 1086 1085 1084 1083 1082 1081 1080 -1 
Truck #5066 MaxCap: 250 Demand: 249.0 ROUTE:0 365 364 363 362 361 360 359 358 357 356 355 354 353 352 351 350 2589 2588 2587 2586 2585 2584 2583 2582 2581 2580 2579 2578 2577 2576 2575 2574 2573 2572 2571 2570 1966 1965 1964 1963 1962 1960 1959 1958 1957 1956 999 998 997 996 995 994 2498 2497 2495 2494 2493 2492 2490 2489 2488 2487 2486 2485 2484 421 420 419 418 417 416 415 413 412 3000 2998 2997 2996 2995 2994 2992 2990 2988 2987 2986 2985 124 121 120 119 118 117 116 115 114 113 112 111 110 109 1598 1597 1596 1595 1594 1593 1592 1591 1589 1588 1587 1584 1582 1581 1580 1579 1578 1577 1576 1326 1325 2446 2444 2443 2442 2441 2440 2439 2438 2437 2436 2435 2434 2433 2432 2431 2430 2429 2428 2427 2426 2425 2424 2422 2421 265 263 262 261 260 259 258 257 108 107 106 105 104 102 101 100 98 96 94 93 1812 1811 1810 1809 1808 1807 1806 1804 1803 1802 1801 1800 1798 1796 1795 1794 1793 1792 1791 1790 731 730 729 727 726 725 723 722 1828 1827 1826 1825 1824 1823 1822 1821 411 410 409 408 407 405 404 403 402 400 399 398 395 394 393 392 391 1004 1001 1463 1462 1461 1460 1459 10 9 8 7 4 3 1 2744 2743 2742 2741 2740 2739 2737 2736 2735 2734 2733 2732 2731 2730 2729 2728 2727 -1 
Truck #5068 MaxCap: 60 Demand: 59.0 ROUTE:0 2875 2862 2858 1839 1575 1573 1572 1571 1568 1566 1565 1564 1562 1561 256 255 253 252 251 250 249 246 245 244 243 242 241 240 631 630 629 628 627 626 625 623 622 621 620 619 616 2602 2601 2600 2599 2598 2597 2596 2595 2594 2592 2591 2590 80 79 1555 738 735 734 -1 
Truck #5069 MaxCap: 150 Demand: 149.0 ROUTE:0 740 739 737 736 733 732 2290 2289 2288 2287 2286 2285 2284 2283 2282 2281 2280 1556 1554 1553 1552 1551 1550 1549 1548 1547 1546 1545 1544 1543 1542 83 678 677 675 674 672 670 667 666 665 664 663 662 661 660 659 658 657 656 652 649 647 646 645 1179 1178 1176 1175 1174 1172 1171 1170 1169 1168 1167 1166 92 91 90 89 88 85 84 2711 2710 2709 2707 2706 2705 2704 2702 2701 2699 2698 2697 2695 2694 2692 2691 2690 2687 2686 613 612 611 610 609 607 603 601 600 1882 1881 1880 1879 1878 1877 1876 1875 1874 1873 1872 1871 1870 1869 1867 1866 1864 1862 1860 1859 1858 1857 1855 1706 1705 1703 1702 1701 1700 1699 1697 1695 1694 1692 1691 1690 1689 1687 1686 239 238 237 233 232 231 229 228 -1 
Truck #5070 MaxCap: 60 Demand: 59.0 ROUTE:0 1323 2561 2556 2553 236 235 234 230 1180 1173 1165 676 669 668 655 654 651 650 648 642 641 640 639 637 636 635 634 633 1854 1853 1851 1849 1846 1845 615 2708 2703 2696 2693 86 1704 1696 1688 1865 1861 608 605 602 227 226 74 71 68 56 54 1760 1753 2176 2168 -1 
Truck #5071 MaxCap: 150 Demand: 149.0 ROUTE:0 1324 1322 1321 1320 1319 1318 1317 1316 1315 1314 1313 1312 1311 1310 2569 2568 2567 2566 2565 2564 2563 2562 2560 2559 2558 2557 2555 2554 2552 2551 1775 1774 1773 1772 1771 1770 1769 1767 1766 1765 1764 1762 1761 1759 1758 1757 1756 1755 1754 1752 1751 1750 1749 1748 1747 1746 1744 1743 1742 1741 1740 1739 1738 1737 1736 1735 836 835 834 1190 1189 1188 1187 1186 1185 1184 1183 1182 1181 614 1198 1197 1196 1195 1194 1193 1192 2685 2684 2683 2682 2681 2680 849 848 846 845 844 843 842 841 840 839 838 837 75 73 72 70 69 67 66 64 63 62 61 60 59 57 55 53 52 51 50 77 76 2190 2189 2187 2186 2185 2184 2183 2182 2181 2180 2179 2178 2175 2174 2173 2172 2171 2170 2169 2167 2166 2343 2342 -1 
Truck #5072 MaxCap: 60 Demand: 59.0 ROUTE:0 78 1406 1403 1400 222 221 217 1274 1273 1272 1271 1270 1269 1268 1267 1265 1264 1263 1262 1261 1260 1259 1258 1257 1256 1255 1254 1253 1251 1249 1248 1247 1245 1244 1242 1241 1240 1684 1683 1682 1681 1680 1678 1677 1676 1675 1674 1673 1672 1671 1670 1668 1667 1666 1665 1664 1663 2188 2177 -1 
Truck #5073 MaxCap: 150 Demand: 149.0 ROUTE:0 2360 2359 2358 2357 2356 2355 2354 2353 2352 2351 2350 2349 2348 2347 2346 2345 2344 1410 1409 1408 1407 1405 1404 1402 1401 1520 1519 1518 1517 1516 1515 1514 1513 1512 1441 1440 1439 1438 1437 1436 1435 1434 1433 225 224 223 219 218 216 215 213 212 211 210 209 208 207 1239 1237 1234 1232 1231 1229 1228 1227 1225 1224 1223 1222 1221 1220 1219 1218 1217 1216 1215 1211 1210 1209 1208 1207 1206 1205 1204 1203 1202 1201 1200 1199 1352 1351 1350 1348 1347 1345 1343 1342 1341 1340 1339 1338 1337 1336 1332 1331 2904 2902 2900 2899 2898 2897 2896 2895 2894 2893 2891 2890 2888 2887 2886 2882 2881 2880 2879 1658 1657 1656 1655 1654 1653 1652 1651 1650 1649 1648 1647 1646 1645 1644 1643 1642 1641 1640 1639 1638 1637 1636 1635 1634 -1 
Truck #5074 MaxCap: 60 Demand: 59.0 ROUTE:0 2905 2903 2901 2892 2889 2885 2884 2883 806 1238 1235 1226 2110 2108 2107 2105 2104 2103 2101 2099 2097 2096 2095 2094 2093 2092 2091 2090 2089 2088 2086 2085 2084 598 597 595 592 591 590 589 587 584 583 582 581 1783 1782 1780 1778 1777 1776 1457 1447 505 1379 1369 1366 1362 1355 -1 
Truck #5075 MaxCap: 150 Demand: 149.0 ROUTE:0 1662 1661 1660 1659 1378 1377 1376 1375 1374 1373 1372 1371 1370 1368 1367 1365 1364 1363 1361 1360 1359 1358 1357 1356 1354 1353 1399 1398 1397 1396 1395 1392 1390 1389 1388 1387 1386 1385 1384 1383 1382 1381 1380 833 832 831 830 829 827 826 825 824 823 822 820 819 818 817 815 814 813 812 811 810 809 808 2252 2251 2249 2248 2247 2246 2245 2244 2241 2238 2237 2236 1330 1329 507 506 503 502 501 500 1432 1431 1430 1429 1427 1426 1425 1424 1423 1328 1458 1456 1455 1454 1453 1452 1451 1450 1449 1446 1445 1444 1443 1442 2123 2122 2121 2120 2119 2118 2116 2115 2114 2113 2112 1421 1420 1419 1418 1417 1416 1415 1413 1412 1411 1734 1733 1732 173 172 170 169 168 167 166 165 164 163 162 161 159 158 156 -1 
Truck #5076 MaxCap: 60 Demand: 59.0 ROUTE:0 1414 2239 504 1448 1784 1781 1779 2083 2082 2081 2080 2079 523 522 521 520 519 518 517 516 515 514 513 512 511 510 509 508 194 193 189 186 185 179 2117 576 575 205 201 199 567 294 284 279 1974 1970 2655 2654 2649 2646 2645 2155 787 785 781 2144 2669 1299 1291 -1 
Truck #5077 MaxCap: 60 Demand: 59.0 ROUTE:0 802 800 797 796 2045 2043 12 2778 784 206 204 203 202 200 580 579 578 577 574 198 197 196 195 192 191 190 188 187 184 183 182 181 180 2111 2671 2147 2146 2136 1293 1292 1287 1280 1278 1276 1275 1422 2253 2250 2243 2242 2240 1394 1393 1391 178 174 171 160 157 -1 
Truck #5078 MaxCap: 150 Demand: 149.0 ROUTE:0 2279 2278 2277 2276 2275 2274 2272 2271 2270 2269 2268 2267 2266 2265 2264 2263 2262 2260 2259 2258 2256 2254 805 804 803 801 799 798 795 794 793 792 791 790 789 788 17 16 15 14 13 11 2790 2789 2788 2787 2786 2785 2784 2783 2782 2781 2780 2779 2777 2776 2775 2774 2773 2772 2771 2770 2769 2768 2767 2766 2765 2764 2763 2762 1716 1715 1714 1713 1712 1711 1710 1709 1708 1707 286 283 282 280 278 277 2159 2157 2156 2153 2152 2151 786 783 782 2150 2149 2148 2145 2143 2142 2141 2140 2139 2138 2137 2135 2679 2678 2677 2676 2675 2674 2673 2672 2670 2668 573 572 571 570 569 1300 1298 1297 1296 1295 1294 1290 1289 1288 1286 1285 1284 1283 1282 1281 1279 1277 2047 2046 2044 2042 2041 2040 2039 177 176 175 -1 
Truck #5079 MaxCap: 60 Demand: 59.0 ROUTE:0 276 266 1048 1047 2663 2661 2651 2648 2647 291 290 288 287 285 281 1982 1967 1062 780 2946 2945 2943 2941 2940 2939 2937 2936 2935 323 322 321 320 319 318 317 316 315 314 312 310 309 308 305 304 302 301 299 295 568 566 565 564 2160 2158 2154 2273 2261 2257 2255 -1 
Truck #5080 MaxCap: 150 Demand: 149.0 ROUTE:0 1532 1531 1530 1529 1528 1527 1526 1525 1524 1523 1522 1521 2825 2824 2823 2822 2821 2819 2817 2816 2815 2814 2813 2812 2811 2809 2808 2807 2804 275 274 273 272 271 270 269 268 267 1044 1043 1042 1041 1040 1038 1037 1036 1035 1032 1030 1029 1028 1026 1025 1024 1023 1022 1021 1020 779 778 777 776 775 1079 1078 1077 1076 1075 1072 1070 1069 1068 1067 1066 1065 1064 1988 1987 1986 1985 1984 1983 1981 1980 1978 1975 1973 1972 1971 1969 1968 293 292 289 1061 1059 1058 1057 1056 1055 1054 2667 2666 2665 2664 2662 2660 2659 2658 2657 2656 2653 2652 2650 2644 2643 2642 2641 2640 1053 1052 1051 1050 1049 1046 1045 563 562 561 560 559 558 557 556 555 754 753 752 751 750 749 748 747 746 745 744 743 742 741 -1 
Truck #5081 MaxCap: 60 Demand: 59.0 ROUTE:0 1039 1034 1033 1031 1027 550 549 537 535 533 532 527 525 957 956 955 954 953 952 951 950 949 948 947 946 945 944 943 942 941 940 939 938 937 936 935 934 933 313 311 307 306 303 300 298 297 296 2944 2942 2938 1074 1073 1071 1063 1989 1979 1977 1976 1060 -1 
Truck #5082 MaxCap: 60 Demand: 59.0 ROUTE:0 48 44 31 2332 2076 2075 2074 2073 2072 2071 2069 2066 2065 2064 2063 2959 2958 2957 2956 2955 2953 2952 2951 2950 2948 2947 2624 2623 2622 2621 2620 2619 553 551 548 547 546 545 544 543 542 541 540 539 538 536 534 531 530 529 528 526 524 1610 2820 2818 2810 2806 2805 -1 
Truck #5083 MaxCap: 150 Demand: 149.0 ROUTE:0 1541 1540 1539 1538 1537 1536 1535 1534 1533 349 348 347 346 345 344 342 341 339 337 336 334 333 2224 2223 2222 2221 2220 2219 2218 2217 2215 2214 2213 2211 2210 2209 2803 2802 2800 2798 2797 2796 2795 2793 2791 1614 1613 1612 1611 49 47 46 45 42 40 39 38 36 35 34 33 32 2341 2340 2339 2337 2336 2335 2333 2331 2330 2329 2328 2327 2326 2325 2324 2323 2322 2321 2550 2549 2548 2547 2546 2544 2543 1943 1942 1941 1940 1939 1937 1936 1935 1934 1933 1932 1931 1930 1929 1928 1927 1926 1925 772 771 770 769 767 766 765 764 763 761 760 758 756 2015 2014 2013 2012 2011 2010 2009 2008 2007 2005 2003 2002 2001 2000 1998 1997 1995 1994 1993 1992 1991 1608 1607 1606 1605 1604 1603 1602 1601 1600 1599 -1 
Truck #5086 MaxCap: 150 Demand: 149.0 ROUTE:0 2062 2061 2060 2058 2057 2056 2055 2054 2053 2052 2051 2049 2048 2319 2317 2316 2315 2314 2311 2309 2308 2307 2306 2304 2303 2301 2300 2298 2297 2296 2295 2294 2293 2292 2291 155 154 153 152 150 149 148 147 145 144 143 142 141 140 139 137 2760 2759 2758 2757 2756 2755 2754 2753 2752 2751 2750 2749 2748 2747 2745 2500 2501 2502 2503 2504 2505 2506 2507 2508 2509 2511 324 325 326 382 383 384 385 386 387 388 389 390 1813 1814 1816 1817 1818 1820 958 959 960 961 963 964 966 967 968 969 970 971 972 973 974 975 976 977 980 981 983 984 985 986 987 988 991 992 993 1135 1136 1137 1138 2227 2229 2230 2231 2232 2234 1717 1718 2907 2908 2909 2910 2914 2916 2918 2919 2920 2921 2923 2924 381 -1 
Truck #5090 MaxCap: 100 Demand: 87.0 ROUTE:0 2792 2799 2761 762 768 2545 2334 2338 37 41 43 2949 2954 2960 2067 2068 2070 552 554 2618 2629 2634 330 332 1996 1999 2004 2006 2226 2233 1134 962 978 979 982 989 1819 2604 2612 473 475 478 479 482 488 491 493 2033 2034 2035 2036 2037 2038 1005 2017 2021 2022 2031 2513 2517 2519 2528 2529 2535 2539 1787 1788 1797 1799 1805 97 103 1147 1161 1164 463 471 2372 1483 1489 2928 2929 2391 1095 1097 1099 1100 -1 
Truck #5108 MaxCap: 100 Demand: 95.0 ROUTE:0 2906 2911 2912 2913 2915 2917 2922 1721 1722 1726 965 990 1093 1101 1103 2387 25 26 1116 1123 1128 2512 2514 2515 2516 2518 2520 2521 2522 2523 2524 2525 474 476 477 480 481 483 484 485 486 1815 2510 1990 2228 2235 1133 2746 138 146 151 2050 2059 2299 2302 2305 2310 2312 2313 2318 2320 1609 755 757 759 1938 773 774 327 328 329 331 2625 2626 2627 2628 2630 2631 2632 2633 2635 2636 2637 2638 2639 2794 2801 2208 2212 2216 2225 335 338 340 343 -1 
Truck #5116 MaxCap: 250 Demand: 164.0 ROUTE:0 2161 2162 2163 2164 2165 81 82 1829 1830 1831 1833 1834 1835 1836 1837 1838 1840 1841 1842 1844 851 852 855 856 857 858 859 860 861 862 865 867 2393 2394 2395 2396 2398 2399 2401 2402 2403 2404 2405 2406 2408 2410 2411 2412 2413 2415 2416 2417 2418 2419 2420 2192 2193 2194 2195 2197 2198 2200 2201 2202 2203 2204 2205 2206 2207 2851 2852 2853 2854 2855 2856 2857 2859 2860 2861 2863 2865 2866 2867 2868 2869 2871 2872 2873 2874 2876 2877 2878 1301 1302 1303 1305 1306 1308 1309 422 423 425 426 427 428 429 432 433 434 436 438 3001 3002 3004 3006 3007 3008 3009 3010 3011 3012 3013 3014 3015 3016 3017 3018 3020 3022 3023 3024 3025 3026 3027 3028 3030 3031 3032 3033 1890 1891 1892 1893 1894 1896 1897 1898 1901 1904 366 367 368 369 370 371 372 373 374 375 376 377 378 379 380 -1 


Inital Solution 0 changes  totQ=3033.00 totD=3002.19 $3590.30
Local One Opt 122 changes  totQ=3033.00 totD=2819.25 $3567.52
Local Two Opt 28 changes  totQ=3033.00 totD=2780.39 $3563.02
Local Three Opt 17 changes  totQ=3033.00 totD=2764.29 $3560.92
K-Two Forward 1 changes  totQ=3033.00 totD=2762.49 $3560.63
K-Two Reverse 0 changes  totQ=3033.00 totD=2762.49 $3560.63
K-Three Forward 0 changes  totQ=3033.00 totD=2762.49 $3560.63
K-Three Reverse 0 changes  totQ=3033.00 totD=2762.49 $3560.63
Exchange 01 1 changes  totQ=3033.00 totD=2762.42 $3560.62
Exchange 01 0 changes  totQ=3033.00 totD=2762.42 $3560.62
Exchange 11 0 changes  totQ=3033.00 totD=2762.42 $3560.62
Exchange 02 1 changes  totQ=3033.00 totD=2762.33 $3560.61
Exchange 20 0 changes  totQ=3033.00 totD=2762.33 $3560.61
Exchange 12 0 changes  totQ=3033.00 totD=2762.33 $3560.61
Exchange 21 0 changes  totQ=3033.00 totD=2762.33 $3560.61
Exchange 22 0 changes  totQ=3033.00 totD=2762.33 $3560.61
Combination 1 changes  totQ=3033.00 totD=2762.33 $3560.61
Reduction 0 changes  totQ=3033.00 totD=2751.37 $3548.07
Reallocation 0 changes  totQ=3033.00 totD=2751.37 $3548.07
Relax/Combine 2 changes  totQ=3033.00 totD=2702.65 $3487.19
Sharing 0 changes  totQ=3033.00 totD=2702.65 $3487.19
Relax/Share 0 changes  totQ=3033.00 totD=2702.65 $3487.19
