3033
1 4 1 41.0 49.0 1
2 2 1 41.0 49.0 1
3 4 1 41.0 49.0 1
4 4 1 41.0 49.0 1
5 2 1 41.0 49.0 1
6 2 1 41.0 49.0 1
7 4 1 41.0 49.0 1
8 4 1 41.0 49.0 1
9 4 1 41.0 49.0 1
10 4 1 41.0 49.0 1
11 4 1 35.0 17.0 2
12 2 1 35.0 17.0 2
13 4 1 35.0 17.0 2
14 4 1 35.0 17.0 2
15 4 1 35.0 17.0 2
16 4 1 35.0 17.0 2
17 4 1 35.0 17.0 2
18 4 1 55.0 45.0 3
19 4 1 55.0 45.0 3
20 4 1 55.0 45.0 3
21 4 1 55.0 45.0 3
22 4 1 55.0 45.0 3
23 4 1 55.0 45.0 3
24 4 1 55.0 45.0 3
25 2 1 55.0 45.0 3
26 2 1 55.0 45.0 3
27 4 1 55.0 45.0 3
28 4 1 55.0 45.0 3
29 4 1 55.0 45.0 3
30 4 1 55.0 45.0 3
31 2 1 55.0 20.0 4
32 4 1 55.0 20.0 4
33 4 1 55.0 20.0 4
34 4 1 55.0 20.0 4
35 4 1 55.0 20.0 4
36 4 1 55.0 20.0 4
37 1 1 55.0 20.0 4
38 4 1 55.0 20.0 4
39 4 1 55.0 20.0 4
40 4 1 55.0 20.0 4
41 1 1 55.0 20.0 4
42 4 1 55.0 20.0 4
43 1 1 55.0 20.0 4
44 2 1 55.0 20.0 4
45 4 1 55.0 20.0 4
46 4 1 55.0 20.0 4
47 4 1 55.0 20.0 4
48 2 1 55.0 20.0 4
49 4 1 55.0 20.0 4
50 4 1 15.0 30.0 5
51 4 1 15.0 30.0 5
52 4 1 15.0 30.0 5
53 4 1 15.0 30.0 5
54 2 1 15.0 30.0 5
55 4 1 15.0 30.0 5
56 2 1 15.0 30.0 5
57 4 1 15.0 30.0 5
58 1 1 15.0 30.0 5
59 4 1 15.0 30.0 5
60 4 1 15.0 30.0 5
61 4 1 15.0 30.0 5
62 4 1 15.0 30.0 5
63 4 1 15.0 30.0 5
64 4 1 15.0 30.0 5
65 1 1 15.0 30.0 5
66 4 1 15.0 30.0 5
67 4 1 15.0 30.0 5
68 2 1 15.0 30.0 5
69 4 1 15.0 30.0 5
70 4 1 15.0 30.0 5
71 2 1 15.0 30.0 5
72 4 1 15.0 30.0 5
73 4 1 15.0 30.0 5
74 2 1 15.0 30.0 5
75 4 1 15.0 30.0 5
76 4 1 25.0 30.0 6
77 4 1 25.0 30.0 6
78 2 1 25.0 30.0 6
79 2 1 20.0 50.0 7
80 2 1 20.0 50.0 7
81 4 1 20.0 50.0 7
82 4 1 20.0 50.0 7
83 4 1 20.0 50.0 7
84 4 1 10.0 43.0 8
85 4 1 10.0 43.0 8
86 2 1 10.0 43.0 8
87 1 1 10.0 43.0 8
88 4 1 10.0 43.0 8
89 4 1 10.0 43.0 8
90 4 1 10.0 43.0 8
91 4 1 10.0 43.0 8
92 4 1 10.0 43.0 8
93 4 1 55.0 60.0 9
94 4 1 55.0 60.0 9
95 2 1 55.0 60.0 9
96 4 1 55.0 60.0 9
97 1 1 55.0 60.0 9
98 4 1 55.0 60.0 9
99 2 1 55.0 60.0 9
100 4 1 55.0 60.0 9
101 4 1 55.0 60.0 9
102 4 1 55.0 60.0 9
103 1 1 55.0 60.0 9
104 4 1 55.0 60.0 9
105 4 1 55.0 60.0 9
106 4 1 55.0 60.0 9
107 4 1 55.0 60.0 9
108 4 1 55.0 60.0 9
109 4 1 30.0 60.0 10
110 4 1 30.0 60.0 10
111 4 1 30.0 60.0 10
112 4 1 30.0 60.0 10
113 4 1 30.0 60.0 10
114 4 1 30.0 60.0 10
115 4 1 30.0 60.0 10
116 4 1 30.0 60.0 10
117 4 1 30.0 60.0 10
118 4 1 30.0 60.0 10
119 4 1 30.0 60.0 10
120 4 1 30.0 60.0 10
121 4 1 30.0 60.0 10
122 1 1 30.0 60.0 10
123 1 1 30.0 60.0 10
124 4 1 30.0 60.0 10
125 1 1 20.0 65.0 11
126 2 1 20.0 65.0 11
127 1 1 20.0 65.0 11
128 2 1 20.0 65.0 11
129 2 1 20.0 65.0 11
130 2 1 20.0 65.0 11
131 2 1 20.0 65.0 11
132 2 1 20.0 65.0 11
133 2 1 20.0 65.0 11
134 1 1 20.0 65.0 11
135 2 1 20.0 65.0 11
136 2 1 20.0 65.0 11
137 4 1 50.0 35.0 12
138 2 1 50.0 35.0 12
139 4 1 50.0 35.0 12
140 4 1 50.0 35.0 12
141 4 1 50.0 35.0 12
142 4 1 50.0 35.0 12
143 4 1 50.0 35.0 12
144 4 1 50.0 35.0 12
145 4 1 50.0 35.0 12
146 2 1 50.0 35.0 12
147 4 1 50.0 35.0 12
148 4 1 50.0 35.0 12
149 4 1 50.0 35.0 12
150 4 1 50.0 35.0 12
151 2 1 50.0 35.0 12
152 4 1 50.0 35.0 12
153 4 1 50.0 35.0 12
154 4 1 50.0 35.0 12
155 4 1 50.0 35.0 12
156 4 1 30.0 25.0 13
157 2 1 30.0 25.0 13
158 4 1 30.0 25.0 13
159 4 1 30.0 25.0 13
160 2 1 30.0 25.0 13
161 4 1 30.0 25.0 13
162 4 1 30.0 25.0 13
163 4 1 30.0 25.0 13
164 4 1 30.0 25.0 13
165 4 1 30.0 25.0 13
166 4 1 30.0 25.0 13
167 4 1 30.0 25.0 13
168 4 1 30.0 25.0 13
169 4 1 30.0 25.0 13
170 4 1 30.0 25.0 13
171 2 1 30.0 25.0 13
172 4 1 30.0 25.0 13
173 4 1 30.0 25.0 13
174 2 1 30.0 25.0 13
175 4 1 30.0 25.0 13
176 4 1 30.0 25.0 13
177 4 1 30.0 25.0 13
178 2 1 30.0 25.0 13
179 1 1 15.0 10.0 14
180 2 1 15.0 10.0 14
181 2 1 15.0 10.0 14
182 2 1 15.0 10.0 14
183 2 1 15.0 10.0 14
184 2 1 15.0 10.0 14
185 1 1 15.0 10.0 14
186 1 1 15.0 10.0 14
187 2 1 15.0 10.0 14
188 2 1 15.0 10.0 14
189 1 1 15.0 10.0 14
190 2 1 15.0 10.0 14
191 2 1 15.0 10.0 14
192 2 1 15.0 10.0 14
193 1 1 15.0 10.0 14
194 1 1 15.0 10.0 14
195 2 1 15.0 10.0 14
196 2 1 15.0 10.0 14
197 2 1 15.0 10.0 14
198 2 1 15.0 10.0 14
199 1 1 30.0 5.0 15
200 2 1 30.0 5.0 15
201 1 1 30.0 5.0 15
202 2 1 30.0 5.0 15
203 2 1 30.0 5.0 15
204 2 1 30.0 5.0 15
205 1 1 30.0 5.0 15
206 2 1 30.0 5.0 15
207 4 1 10.0 20.0 16
208 4 1 10.0 20.0 16
209 4 1 10.0 20.0 16
210 4 1 10.0 20.0 16
211 4 1 10.0 20.0 16
212 4 1 10.0 20.0 16
213 4 1 10.0 20.0 16
214 1 1 10.0 20.0 16
215 4 1 10.0 20.0 16
216 4 1 10.0 20.0 16
217 2 1 10.0 20.0 16
218 4 1 10.0 20.0 16
219 4 1 10.0 20.0 16
220 1 1 10.0 20.0 16
221 2 1 10.0 20.0 16
222 2 1 10.0 20.0 16
223 4 1 10.0 20.0 16
224 4 1 10.0 20.0 16
225 4 1 10.0 20.0 16
226 2 1 5.0 30.0 17
227 2 1 5.0 30.0 17
228 4 1 20.0 40.0 18
229 4 1 20.0 40.0 18
230 2 1 20.0 40.0 18
231 4 1 20.0 40.0 18
232 4 1 20.0 40.0 18
233 4 1 20.0 40.0 18
234 2 1 20.0 40.0 18
235 2 1 20.0 40.0 18
236 2 1 20.0 40.0 18
237 4 1 20.0 40.0 18
238 4 1 20.0 40.0 18
239 4 1 20.0 40.0 18
240 2 1 15.0 60.0 19
241 2 1 15.0 60.0 19
242 2 1 15.0 60.0 19
243 2 1 15.0 60.0 19
244 2 1 15.0 60.0 19
245 2 1 15.0 60.0 19
246 2 1 15.0 60.0 19
247 1 1 15.0 60.0 19
248 1 1 15.0 60.0 19
249 2 1 15.0 60.0 19
250 2 1 15.0 60.0 19
251 2 1 15.0 60.0 19
252 2 1 15.0 60.0 19
253 2 1 15.0 60.0 19
254 1 1 15.0 60.0 19
255 2 1 15.0 60.0 19
256 2 1 15.0 60.0 19
257 4 1 45.0 65.0 20
258 4 1 45.0 65.0 20
259 4 1 45.0 65.0 20
260 4 1 45.0 65.0 20
261 4 1 45.0 65.0 20
262 4 1 45.0 65.0 20
263 4 1 45.0 65.0 20
264 1 1 45.0 65.0 20
265 4 1 45.0 65.0 20
266 2 1 45.0 20.0 21
267 4 1 45.0 20.0 21
268 4 1 45.0 20.0 21
269 4 1 45.0 20.0 21
270 4 1 45.0 20.0 21
271 4 1 45.0 20.0 21
272 4 1 45.0 20.0 21
273 4 1 45.0 20.0 21
274 4 1 45.0 20.0 21
275 4 1 45.0 20.0 21
276 2 1 45.0 20.0 21
277 4 1 45.0 10.0 22
278 4 1 45.0 10.0 22
279 1 1 45.0 10.0 22
280 4 1 45.0 10.0 22
281 2 1 45.0 10.0 22
282 4 1 45.0 10.0 22
283 4 1 45.0 10.0 22
284 1 1 45.0 10.0 22
285 2 1 45.0 10.0 22
286 4 1 45.0 10.0 22
287 2 1 45.0 10.0 22
288 2 1 45.0 10.0 22
289 4 1 45.0 10.0 22
290 2 1 45.0 10.0 22
291 2 1 45.0 10.0 22
292 4 1 45.0 10.0 22
293 4 1 45.0 10.0 22
294 1 1 45.0 10.0 22
295 2 1 55.0 5.0 23
296 1 1 55.0 5.0 23
297 1 1 55.0 5.0 23
298 1 1 55.0 5.0 23
299 2 1 55.0 5.0 23
300 1 1 55.0 5.0 23
301 2 1 55.0 5.0 23
302 2 1 55.0 5.0 23
303 1 1 55.0 5.0 23
304 2 1 55.0 5.0 23
305 2 1 55.0 5.0 23
306 1 1 55.0 5.0 23
307 1 1 55.0 5.0 23
308 2 1 55.0 5.0 23
309 2 1 55.0 5.0 23
310 2 1 55.0 5.0 23
311 1 1 55.0 5.0 23
312 2 1 55.0 5.0 23
313 1 1 55.0 5.0 23
314 2 1 55.0 5.0 23
315 2 1 55.0 5.0 23
316 2 1 55.0 5.0 23
317 2 1 55.0 5.0 23
318 2 1 55.0 5.0 23
319 2 1 55.0 5.0 23
320 2 1 55.0 5.0 23
321 2 1 55.0 5.0 23
322 2 1 55.0 5.0 23
323 2 1 55.0 5.0 23
324 4 1 65.0 35.0 24
325 4 1 65.0 35.0 24
326 4 1 65.0 35.0 24
327 2 1 65.0 20.0 25
328 2 1 65.0 20.0 25
329 2 1 65.0 20.0 25
330 1 1 65.0 20.0 25
331 2 1 65.0 20.0 25
332 1 1 65.0 20.0 25
333 4 1 45.0 30.0 26
334 4 1 45.0 30.0 26
335 2 1 45.0 30.0 26
336 4 1 45.0 30.0 26
337 4 1 45.0 30.0 26
338 2 1 45.0 30.0 26
339 4 1 45.0 30.0 26
340 2 1 45.0 30.0 26
341 4 1 45.0 30.0 26
342 4 1 45.0 30.0 26
343 2 1 45.0 30.0 26
344 4 1 45.0 30.0 26
345 4 1 45.0 30.0 26
346 4 1 45.0 30.0 26
347 4 1 45.0 30.0 26
348 4 1 45.0 30.0 26
349 4 1 45.0 30.0 26
350 4 1 35.0 40.0 27
351 4 1 35.0 40.0 27
352 4 1 35.0 40.0 27
353 4 1 35.0 40.0 27
354 4 1 35.0 40.0 27
355 4 1 35.0 40.0 27
356 4 1 35.0 40.0 27
357 4 1 35.0 40.0 27
358 4 1 35.0 40.0 27
359 4 1 35.0 40.0 27
360 4 1 35.0 40.0 27
361 4 1 35.0 40.0 27
362 4 1 35.0 40.0 27
363 4 1 35.0 40.0 27
364 4 1 35.0 40.0 27
365 4 1 35.0 40.0 27
366 4 1 41.0 37.0 28
367 4 1 41.0 37.0 28
368 4 1 41.0 37.0 28
369 4 1 41.0 37.0 28
370 4 1 41.0 37.0 28
371 4 1 41.0 37.0 28
372 4 1 41.0 37.0 28
373 4 1 41.0 37.0 28
374 4 1 41.0 37.0 28
375 4 1 41.0 37.0 28
376 4 1 41.0 37.0 28
377 4 1 41.0 37.0 28
378 4 1 41.0 37.0 28
379 4 1 41.0 37.0 28
380 4 1 41.0 37.0 28
381 4 1 41.0 37.0 28
382 4 1 64.0 42.0 29
383 4 1 64.0 42.0 29
384 4 1 64.0 42.0 29
385 4 1 64.0 42.0 29
386 4 1 64.0 42.0 29
387 4 1 64.0 42.0 29
388 4 1 64.0 42.0 29
389 4 1 64.0 42.0 29
390 4 1 64.0 42.0 29
391 4 1 40.0 60.0 30
392 4 1 40.0 60.0 30
393 4 1 40.0 60.0 30
394 4 1 40.0 60.0 30
395 4 1 40.0 60.0 30
396 2 1 40.0 60.0 30
397 2 1 40.0 60.0 30
398 4 1 40.0 60.0 30
399 4 1 40.0 60.0 30
400 4 1 40.0 60.0 30
401 2 1 40.0 60.0 30
402 4 1 40.0 60.0 30
403 4 1 40.0 60.0 30
404 4 1 40.0 60.0 30
405 4 1 40.0 60.0 30
406 1 1 40.0 60.0 30
407 4 1 40.0 60.0 30
408 4 1 40.0 60.0 30
409 4 1 40.0 60.0 30
410 4 1 40.0 60.0 30
411 4 1 40.0 60.0 30
412 4 1 31.0 52.0 31
413 4 1 31.0 52.0 31
414 2 1 31.0 52.0 31
415 4 1 31.0 52.0 31
416 4 1 31.0 52.0 31
417 4 1 31.0 52.0 31
418 4 1 31.0 52.0 31
419 4 1 31.0 52.0 31
420 4 1 31.0 52.0 31
421 4 1 31.0 52.0 31
422 4 1 31.0 52.0 31
423 4 1 31.0 52.0 31
424 2 1 31.0 52.0 31
425 4 1 31.0 52.0 31
426 4 1 31.0 52.0 31
427 4 1 31.0 52.0 31
428 4 1 31.0 52.0 31
429 4 1 31.0 52.0 31
430 2 1 31.0 52.0 31
431 2 1 31.0 52.0 31
432 4 1 31.0 52.0 31
433 4 1 31.0 52.0 31
434 4 1 31.0 52.0 31
435 2 1 31.0 52.0 31
436 4 1 31.0 52.0 31
437 2 1 31.0 52.0 31
438 4 1 31.0 52.0 31
439 2 1 35.0 69.0 32
440 2 1 35.0 69.0 32
441 1 1 35.0 69.0 32
442 2 1 35.0 69.0 32
443 2 1 35.0 69.0 32
444 2 1 35.0 69.0 32
445 1 1 35.0 69.0 32
446 1 1 35.0 69.0 32
447 1 1 35.0 69.0 32
448 2 1 35.0 69.0 32
449 2 1 35.0 69.0 32
450 2 1 35.0 69.0 32
451 2 1 35.0 69.0 32
452 2 1 35.0 69.0 32
453 1 1 35.0 69.0 32
454 2 1 35.0 69.0 32
455 2 1 35.0 69.0 32
456 2 1 35.0 69.0 32
457 1 1 35.0 69.0 32
458 2 1 35.0 69.0 32
459 2 1 35.0 69.0 32
460 2 1 35.0 69.0 32
461 2 1 35.0 69.0 32
462 4 1 53.0 52.0 33
463 1 1 53.0 52.0 33
464 2 1 53.0 52.0 33
465 4 1 53.0 52.0 33
466 4 1 53.0 52.0 33
467 4 1 53.0 52.0 33
468 2 1 53.0 52.0 33
469 4 1 53.0 52.0 33
470 4 1 53.0 52.0 33
471 1 1 53.0 52.0 33
472 2 1 53.0 52.0 33
473 1 1 65.0 55.0 34
474 2 1 65.0 55.0 34
475 1 1 65.0 55.0 34
476 2 1 65.0 55.0 34
477 2 1 65.0 55.0 34
478 1 1 65.0 55.0 34
479 1 1 65.0 55.0 34
480 2 1 65.0 55.0 34
481 2 1 65.0 55.0 34
482 1 1 65.0 55.0 34
483 2 1 65.0 55.0 34
484 2 1 65.0 55.0 34
485 2 1 65.0 55.0 34
486 2 1 65.0 55.0 34
487 2 1 63.0 65.0 35
488 1 1 63.0 65.0 35
489 2 1 63.0 65.0 35
490 2 1 63.0 65.0 35
491 1 1 63.0 65.0 35
492 2 1 63.0 65.0 35
493 1 1 63.0 65.0 35
494 2 1 63.0 65.0 35
495 1 1 2.0 60.0 36
496 1 1 2.0 60.0 36
497 1 1 2.0 60.0 36
498 1 1 2.0 60.0 36
499 1 1 2.0 60.0 36
500 4 1 20.0 20.0 37
501 4 1 20.0 20.0 37
502 4 1 20.0 20.0 37
503 4 1 20.0 20.0 37
504 1 1 20.0 20.0 37
505 2 1 20.0 20.0 37
506 4 1 20.0 20.0 37
507 4 1 20.0 20.0 37
508 1 1 5.0 5.0 38
509 1 1 5.0 5.0 38
510 1 1 5.0 5.0 38
511 1 1 5.0 5.0 38
512 1 1 5.0 5.0 38
513 1 1 5.0 5.0 38
514 1 1 5.0 5.0 38
515 1 1 5.0 5.0 38
516 1 1 5.0 5.0 38
517 1 1 5.0 5.0 38
518 1 1 5.0 5.0 38
519 1 1 5.0 5.0 38
520 1 1 5.0 5.0 38
521 1 1 5.0 5.0 38
522 1 1 5.0 5.0 38
523 1 1 5.0 5.0 38
524 2 1 60.0 12.0 39
525 1 1 60.0 12.0 39
526 2 1 60.0 12.0 39
527 1 1 60.0 12.0 39
528 2 1 60.0 12.0 39
529 2 1 60.0 12.0 39
530 2 1 60.0 12.0 39
531 2 1 60.0 12.0 39
532 1 1 60.0 12.0 39
533 1 1 60.0 12.0 39
534 2 1 60.0 12.0 39
535 1 1 60.0 12.0 39
536 2 1 60.0 12.0 39
537 1 1 60.0 12.0 39
538 2 1 60.0 12.0 39
539 2 1 60.0 12.0 39
540 2 1 60.0 12.0 39
541 2 1 60.0 12.0 39
542 2 1 60.0 12.0 39
543 2 1 60.0 12.0 39
544 2 1 60.0 12.0 39
545 2 1 60.0 12.0 39
546 2 1 60.0 12.0 39
547 2 1 60.0 12.0 39
548 2 1 60.0 12.0 39
549 1 1 60.0 12.0 39
550 1 1 60.0 12.0 39
551 2 1 60.0 12.0 39
552 1 1 60.0 12.0 39
553 2 1 60.0 12.0 39
554 1 1 60.0 12.0 39
555 4 1 40.0 25.0 40
556 4 1 40.0 25.0 40
557 4 1 40.0 25.0 40
558 4 1 40.0 25.0 40
559 4 1 40.0 25.0 40
560 4 1 40.0 25.0 40
561 4 1 40.0 25.0 40
562 4 1 40.0 25.0 40
563 4 1 40.0 25.0 40
564 2 1 42.0 7.0 41
565 2 1 42.0 7.0 41
566 2 1 42.0 7.0 41
567 1 1 42.0 7.0 41
568 2 1 42.0 7.0 41
569 4 1 24.0 12.0 42
570 4 1 24.0 12.0 42
571 4 1 24.0 12.0 42
572 4 1 24.0 12.0 42
573 4 1 24.0 12.0 42
574 2 1 23.0 3.0 43
575 1 1 23.0 3.0 43
576 1 1 23.0 3.0 43
577 2 1 23.0 3.0 43
578 2 1 23.0 3.0 43
579 2 1 23.0 3.0 43
580 2 1 23.0 3.0 43
581 2 1 11.0 14.0 44
582 2 1 11.0 14.0 44
583 2 1 11.0 14.0 44
584 2 1 11.0 14.0 44
585 1 1 11.0 14.0 44
586 1 1 11.0 14.0 44
587 2 1 11.0 14.0 44
588 1 1 11.0 14.0 44
589 2 1 11.0 14.0 44
590 2 1 11.0 14.0 44
591 2 1 11.0 14.0 44
592 2 1 11.0 14.0 44
593 1 1 11.0 14.0 44
594 1 1 11.0 14.0 44
595 2 1 11.0 14.0 44
596 1 1 11.0 14.0 44
597 2 1 11.0 14.0 44
598 2 1 11.0 14.0 44
599 1 1 6.0 38.0 45
600 4 1 6.0 38.0 45
601 4 1 6.0 38.0 45
602 2 1 6.0 38.0 45
603 4 1 6.0 38.0 45
604 1 1 6.0 38.0 45
605 2 1 6.0 38.0 45
606 1 1 6.0 38.0 45
607 4 1 6.0 38.0 45
608 2 1 6.0 38.0 45
609 4 1 6.0 38.0 45
610 4 1 6.0 38.0 45
611 4 1 6.0 38.0 45
612 4 1 6.0 38.0 45
613 4 1 6.0 38.0 45
614 4 1 6.0 38.0 45
615 2 1 2.0 48.0 46
616 2 1 8.0 56.0 47
617 1 1 8.0 56.0 47
618 1 1 8.0 56.0 47
619 2 1 8.0 56.0 47
620 2 1 8.0 56.0 47
621 2 1 8.0 56.0 47
622 2 1 8.0 56.0 47
623 2 1 8.0 56.0 47
624 1 1 8.0 56.0 47
625 2 1 8.0 56.0 47
626 2 1 8.0 56.0 47
627 2 1 8.0 56.0 47
628 2 1 8.0 56.0 47
629 2 1 8.0 56.0 47
630 2 1 8.0 56.0 47
631 2 1 8.0 56.0 47
632 1 1 8.0 56.0 47
633 2 1 8.0 56.0 47
634 2 1 8.0 56.0 47
635 2 1 8.0 56.0 47
636 2 1 8.0 56.0 47
637 2 1 8.0 56.0 47
638 1 1 8.0 56.0 47
639 2 1 8.0 56.0 47
640 2 1 8.0 56.0 47
641 2 1 8.0 56.0 47
642 2 1 8.0 56.0 47
643 1 1 13.0 52.0 48
644 1 1 13.0 52.0 48
645 4 1 13.0 52.0 48
646 4 1 13.0 52.0 48
647 4 1 13.0 52.0 48
648 2 1 13.0 52.0 48
649 4 1 13.0 52.0 48
650 2 1 13.0 52.0 48
651 2 1 13.0 52.0 48
652 4 1 13.0 52.0 48
653 1 1 13.0 52.0 48
654 2 1 13.0 52.0 48
655 2 1 13.0 52.0 48
656 4 1 13.0 52.0 48
657 4 1 13.0 52.0 48
658 4 1 13.0 52.0 48
659 4 1 13.0 52.0 48
660 4 1 13.0 52.0 48
661 4 1 13.0 52.0 48
662 4 1 13.0 52.0 48
663 4 1 13.0 52.0 48
664 4 1 13.0 52.0 48
665 4 1 13.0 52.0 48
666 4 1 13.0 52.0 48
667 4 1 13.0 52.0 48
668 2 1 13.0 52.0 48
669 2 1 13.0 52.0 48
670 4 1 13.0 52.0 48
671 1 1 13.0 52.0 48
672 4 1 13.0 52.0 48
673 1 1 13.0 52.0 48
674 4 1 13.0 52.0 48
675 4 1 13.0 52.0 48
676 2 1 13.0 52.0 48
677 4 1 13.0 52.0 48
678 4 1 13.0 52.0 48
679 1 1 6.0 68.0 49
680 1 1 6.0 68.0 49
681 1 1 6.0 68.0 49
682 1 1 6.0 68.0 49
683 1 1 6.0 68.0 49
684 1 1 6.0 68.0 49
685 1 1 6.0 68.0 49
686 1 1 6.0 68.0 49
687 1 1 6.0 68.0 49
688 1 1 6.0 68.0 49
689 1 1 6.0 68.0 49
690 1 1 6.0 68.0 49
691 1 1 6.0 68.0 49
692 1 1 6.0 68.0 49
693 1 1 6.0 68.0 49
694 1 1 6.0 68.0 49
695 1 1 6.0 68.0 49
696 1 1 6.0 68.0 49
697 1 1 6.0 68.0 49
698 1 1 6.0 68.0 49
699 1 1 6.0 68.0 49
700 1 1 6.0 68.0 49
701 1 1 6.0 68.0 49
702 1 1 6.0 68.0 49
703 1 1 6.0 68.0 49
704 1 1 6.0 68.0 49
705 1 1 6.0 68.0 49
706 1 1 6.0 68.0 49
707 1 1 6.0 68.0 49
708 1 1 6.0 68.0 49
709 4 1 47.0 47.0 50
710 4 1 47.0 47.0 50
711 4 1 47.0 47.0 50
712 4 1 47.0 47.0 50
713 4 1 47.0 47.0 50
714 4 1 47.0 47.0 50
715 4 1 47.0 47.0 50
716 2 1 47.0 47.0 50
717 4 1 47.0 47.0 50
718 4 1 47.0 47.0 50
719 4 1 47.0 47.0 50
720 2 1 47.0 47.0 50
721 4 1 47.0 47.0 50
722 4 1 49.0 58.0 51
723 4 1 49.0 58.0 51
724 1 1 49.0 58.0 51
725 4 1 49.0 58.0 51
726 4 1 49.0 58.0 51
727 4 1 49.0 58.0 51
728 1 1 49.0 58.0 51
729 4 1 49.0 58.0 51
730 4 1 49.0 58.0 51
731 4 1 49.0 58.0 51
732 4 1 27.0 43.0 52
733 4 1 27.0 43.0 52
734 2 1 27.0 43.0 52
735 2 1 27.0 43.0 52
736 4 1 27.0 43.0 52
737 4 1 27.0 43.0 52
738 2 1 27.0 43.0 52
739 4 1 27.0 43.0 52
740 4 1 27.0 43.0 52
741 4 1 37.0 31.0 53
742 4 1 37.0 31.0 53
743 4 1 37.0 31.0 53
744 4 1 37.0 31.0 53
745 4 1 37.0 31.0 53
746 4 1 37.0 31.0 53
747 4 1 37.0 31.0 53
748 4 1 37.0 31.0 53
749 4 1 37.0 31.0 53
750 4 1 37.0 31.0 53
751 4 1 37.0 31.0 53
752 4 1 37.0 31.0 53
753 4 1 37.0 31.0 53
754 4 1 37.0 31.0 53
755 2 1 57.0 29.0 54
756 4 1 57.0 29.0 54
757 2 1 57.0 29.0 54
758 4 1 57.0 29.0 54
759 2 1 57.0 29.0 54
760 4 1 57.0 29.0 54
761 4 1 57.0 29.0 54
762 1 1 57.0 29.0 54
763 4 1 57.0 29.0 54
764 4 1 57.0 29.0 54
765 4 1 57.0 29.0 54
766 4 1 57.0 29.0 54
767 4 1 57.0 29.0 54
768 1 1 57.0 29.0 54
769 4 1 57.0 29.0 54
770 4 1 57.0 29.0 54
771 4 1 57.0 29.0 54
772 4 1 57.0 29.0 54
773 2 1 63.0 23.0 55
774 2 1 63.0 23.0 55
775 4 1 53.0 12.0 56
776 4 1 53.0 12.0 56
777 4 1 53.0 12.0 56
778 4 1 53.0 12.0 56
779 4 1 53.0 12.0 56
780 2 1 53.0 12.0 56
781 1 1 32.0 12.0 57
782 4 1 32.0 12.0 57
783 4 1 32.0 12.0 57
784 2 1 32.0 12.0 57
785 1 1 32.0 12.0 57
786 4 1 32.0 12.0 57
787 1 1 32.0 12.0 57
788 4 1 36.0 26.0 58
789 4 1 36.0 26.0 58
790 4 1 36.0 26.0 58
791 4 1 36.0 26.0 58
792 4 1 36.0 26.0 58
793 4 1 36.0 26.0 58
794 4 1 36.0 26.0 58
795 4 1 36.0 26.0 58
796 2 1 36.0 26.0 58
797 2 1 36.0 26.0 58
798 4 1 36.0 26.0 58
799 4 1 36.0 26.0 58
800 2 1 36.0 26.0 58
801 4 1 36.0 26.0 58
802 2 1 36.0 26.0 58
803 4 1 36.0 26.0 58
804 4 1 36.0 26.0 58
805 4 1 36.0 26.0 58
806 2 1 21.0 24.0 59
807 1 1 21.0 24.0 59
808 4 1 21.0 24.0 59
809 4 1 21.0 24.0 59
810 4 1 21.0 24.0 59
811 4 1 21.0 24.0 59
812 4 1 21.0 24.0 59
813 4 1 21.0 24.0 59
814 4 1 21.0 24.0 59
815 4 1 21.0 24.0 59
816 1 1 21.0 24.0 59
817 4 1 21.0 24.0 59
818 4 1 21.0 24.0 59
819 4 1 21.0 24.0 59
820 4 1 21.0 24.0 59
821 1 1 21.0 24.0 59
822 4 1 21.0 24.0 59
823 4 1 21.0 24.0 59
824 4 1 21.0 24.0 59
825 4 1 21.0 24.0 59
826 4 1 21.0 24.0 59
827 4 1 21.0 24.0 59
828 1 1 21.0 24.0 59
829 4 1 21.0 24.0 59
830 4 1 21.0 24.0 59
831 4 1 21.0 24.0 59
832 4 1 21.0 24.0 59
833 4 1 21.0 24.0 59
834 4 1 17.0 34.0 60
835 4 1 17.0 34.0 60
836 4 1 17.0 34.0 60
837 4 1 12.0 24.0 61
838 4 1 12.0 24.0 61
839 4 1 12.0 24.0 61
840 4 1 12.0 24.0 61
841 4 1 12.0 24.0 61
842 4 1 12.0 24.0 61
843 4 1 12.0 24.0 61
844 4 1 12.0 24.0 61
845 4 1 12.0 24.0 61
846 4 1 12.0 24.0 61
847 1 1 12.0 24.0 61
848 4 1 12.0 24.0 61
849 4 1 12.0 24.0 61
850 2 1 24.0 58.0 62
851 4 1 24.0 58.0 62
852 4 1 24.0 58.0 62
853 1 1 24.0 58.0 62
854 2 1 24.0 58.0 62
855 4 1 24.0 58.0 62
856 4 1 24.0 58.0 62
857 4 1 24.0 58.0 62
858 4 1 24.0 58.0 62
859 4 1 24.0 58.0 62
860 4 1 24.0 58.0 62
861 4 1 24.0 58.0 62
862 4 1 24.0 58.0 62
863 1 1 24.0 58.0 62
864 2 1 24.0 58.0 62
865 4 1 24.0 58.0 62
866 1 1 24.0 58.0 62
867 4 1 24.0 58.0 62
868 1 1 24.0 58.0 62
869 1 1 27.0 69.0 63
870 1 1 27.0 69.0 63
871 2 1 27.0 69.0 63
872 2 1 27.0 69.0 63
873 2 1 27.0 69.0 63
874 2 1 27.0 69.0 63
875 2 1 27.0 69.0 63
876 2 1 27.0 69.0 63
877 2 1 27.0 69.0 63
878 2 1 27.0 69.0 63
879 1 1 15.0 77.0 64
880 1 1 15.0 77.0 64
881 1 1 15.0 77.0 64
882 1 1 15.0 77.0 64
883 1 1 15.0 77.0 64
884 1 1 15.0 77.0 64
885 1 1 15.0 77.0 64
886 1 1 15.0 77.0 64
887 1 1 15.0 77.0 64
888 1 1 62.0 77.0 65
889 1 1 62.0 77.0 65
890 1 1 62.0 77.0 65
891 1 1 62.0 77.0 65
892 1 1 62.0 77.0 65
893 1 1 62.0 77.0 65
894 1 1 62.0 77.0 65
895 1 1 62.0 77.0 65
896 1 1 62.0 77.0 65
897 1 1 62.0 77.0 65
898 1 1 62.0 77.0 65
899 1 1 62.0 77.0 65
900 1 1 62.0 77.0 65
901 1 1 62.0 77.0 65
902 1 1 62.0 77.0 65
903 1 1 62.0 77.0 65
904 1 1 62.0 77.0 65
905 1 1 62.0 77.0 65
906 1 1 62.0 77.0 65
907 1 1 62.0 77.0 65
908 2 1 49.0 73.0 66
909 1 1 49.0 73.0 66
910 1 1 49.0 73.0 66
911 1 1 49.0 73.0 66
912 2 1 49.0 73.0 66
913 1 1 49.0 73.0 66
914 2 1 49.0 73.0 66
915 2 1 49.0 73.0 66
916 2 1 49.0 73.0 66
917 1 1 49.0 73.0 66
918 2 1 49.0 73.0 66
919 1 1 49.0 73.0 66
920 1 1 49.0 73.0 66
921 2 1 49.0 73.0 66
922 2 1 49.0 73.0 66
923 2 1 49.0 73.0 66
924 2 1 49.0 73.0 66
925 2 1 49.0 73.0 66
926 2 1 49.0 73.0 66
927 2 1 49.0 73.0 66
928 1 1 49.0 73.0 66
929 1 1 49.0 73.0 66
930 2 1 49.0 73.0 66
931 2 1 49.0 73.0 66
932 2 1 49.0 73.0 66
933 1 1 67.0 5.0 67
934 1 1 67.0 5.0 67
935 1 1 67.0 5.0 67
936 1 1 67.0 5.0 67
937 1 1 67.0 5.0 67
938 1 1 67.0 5.0 67
939 1 1 67.0 5.0 67
940 1 1 67.0 5.0 67
941 1 1 67.0 5.0 67
942 1 1 67.0 5.0 67
943 1 1 67.0 5.0 67
944 1 1 67.0 5.0 67
945 1 1 67.0 5.0 67
946 1 1 67.0 5.0 67
947 1 1 67.0 5.0 67
948 1 1 67.0 5.0 67
949 1 1 67.0 5.0 67
950 1 1 67.0 5.0 67
951 1 1 67.0 5.0 67
952 1 1 67.0 5.0 67
953 1 1 67.0 5.0 67
954 1 1 67.0 5.0 67
955 1 1 67.0 5.0 67
956 1 1 67.0 5.0 67
957 1 1 67.0 5.0 67
958 4 1 56.0 39.0 68
959 4 1 56.0 39.0 68
960 4 1 56.0 39.0 68
961 4 1 56.0 39.0 68
962 1 1 56.0 39.0 68
963 4 1 56.0 39.0 68
964 4 1 56.0 39.0 68
965 2 1 56.0 39.0 68
966 4 1 56.0 39.0 68
967 4 1 56.0 39.0 68
968 4 1 56.0 39.0 68
969 4 1 56.0 39.0 68
970 4 1 56.0 39.0 68
971 4 1 56.0 39.0 68
972 4 1 56.0 39.0 68
973 4 1 56.0 39.0 68
974 4 1 56.0 39.0 68
975 4 1 56.0 39.0 68
976 4 1 56.0 39.0 68
977 4 1 56.0 39.0 68
978 1 1 56.0 39.0 68
979 1 1 56.0 39.0 68
980 4 1 56.0 39.0 68
981 4 1 56.0 39.0 68
982 1 1 56.0 39.0 68
983 4 1 56.0 39.0 68
984 4 1 56.0 39.0 68
985 4 1 56.0 39.0 68
986 4 1 56.0 39.0 68
987 4 1 56.0 39.0 68
988 4 1 56.0 39.0 68
989 1 1 56.0 39.0 68
990 2 1 56.0 39.0 68
991 4 1 56.0 39.0 68
992 4 1 56.0 39.0 68
993 4 1 56.0 39.0 68
994 4 1 37.0 47.0 69
995 4 1 37.0 47.0 69
996 4 1 37.0 47.0 69
997 4 1 37.0 47.0 69
998 4 1 37.0 47.0 69
999 4 1 37.0 47.0 69
1000 1 1 37.0 56.0 70
1001 4 1 37.0 56.0 70
1002 1 1 37.0 56.0 70
1003 1 1 37.0 56.0 70
1004 4 1 37.0 56.0 70
1005 1 1 57.0 68.0 71
1006 1 1 57.0 68.0 71
1007 2 1 57.0 68.0 71
1008 2 1 57.0 68.0 71
1009 2 1 57.0 68.0 71
1010 1 1 57.0 68.0 71
1011 2 1 57.0 68.0 71
1012 2 1 57.0 68.0 71
1013 1 1 57.0 68.0 71
1014 1 1 57.0 68.0 71
1015 2 1 57.0 68.0 71
1016 2 1 57.0 68.0 71
1017 1 1 57.0 68.0 71
1018 2 1 57.0 68.0 71
1019 2 1 57.0 68.0 71
1020 4 1 47.0 16.0 72
1021 4 1 47.0 16.0 72
1022 4 1 47.0 16.0 72
1023 4 1 47.0 16.0 72
1024 4 1 47.0 16.0 72
1025 4 1 47.0 16.0 72
1026 4 1 47.0 16.0 72
1027 1 1 47.0 16.0 72
1028 4 1 47.0 16.0 72
1029 4 1 47.0 16.0 72
1030 4 1 47.0 16.0 72
1031 1 1 47.0 16.0 72
1032 4 1 47.0 16.0 72
1033 1 1 47.0 16.0 72
1034 1 1 47.0 16.0 72
1035 4 1 47.0 16.0 72
1036 4 1 47.0 16.0 72
1037 4 1 47.0 16.0 72
1038 4 1 47.0 16.0 72
1039 1 1 47.0 16.0 72
1040 4 1 47.0 16.0 72
1041 4 1 47.0 16.0 72
1042 4 1 47.0 16.0 72
1043 4 1 47.0 16.0 72
1044 4 1 47.0 16.0 72
1045 4 1 44.0 17.0 73
1046 4 1 44.0 17.0 73
1047 2 1 44.0 17.0 73
1048 2 1 44.0 17.0 73
1049 4 1 44.0 17.0 73
1050 4 1 44.0 17.0 73
1051 4 1 44.0 17.0 73
1052 4 1 44.0 17.0 73
1053 4 1 44.0 17.0 73
1054 4 1 46.0 13.0 74
1055 4 1 46.0 13.0 74
1056 4 1 46.0 13.0 74
1057 4 1 46.0 13.0 74
1058 4 1 46.0 13.0 74
1059 4 1 46.0 13.0 74
1060 1 1 46.0 13.0 74
1061 4 1 46.0 13.0 74
1062 2 1 49.0 11.0 75
1063 1 1 49.0 11.0 75
1064 4 1 49.0 11.0 75
1065 4 1 49.0 11.0 75
1066 4 1 49.0 11.0 75
1067 4 1 49.0 11.0 75
1068 4 1 49.0 11.0 75
1069 4 1 49.0 11.0 75
1070 4 1 49.0 11.0 75
1071 1 1 49.0 11.0 75
1072 4 1 49.0 11.0 75
1073 1 1 49.0 11.0 75
1074 1 1 49.0 11.0 75
1075 4 1 49.0 11.0 75
1076 4 1 49.0 11.0 75
1077 4 1 49.0 11.0 75
1078 4 1 49.0 11.0 75
1079 4 1 49.0 11.0 75
1080 4 1 49.0 42.0 76
1081 4 1 49.0 42.0 76
1082 4 1 49.0 42.0 76
1083 4 1 49.0 42.0 76
1084 4 1 49.0 42.0 76
1085 4 1 49.0 42.0 76
1086 4 1 49.0 42.0 76
1087 4 1 49.0 42.0 76
1088 4 1 49.0 42.0 76
1089 4 1 49.0 42.0 76
1090 4 1 49.0 42.0 76
1091 4 1 49.0 42.0 76
1092 4 1 49.0 42.0 76
1093 2 1 53.0 43.0 77
1094 4 1 53.0 43.0 77
1095 1 1 53.0 43.0 77
1096 4 1 53.0 43.0 77
1097 1 1 53.0 43.0 77
1098 4 1 53.0 43.0 77
1099 1 1 53.0 43.0 77
1100 1 1 53.0 43.0 77
1101 2 1 53.0 43.0 77
1102 4 1 53.0 43.0 77
1103 2 1 53.0 43.0 77
1104 4 1 53.0 43.0 77
1105 4 1 53.0 43.0 77
1106 4 1 53.0 43.0 77
1107 4 1 61.0 52.0 78
1108 4 1 61.0 52.0 78
1109 4 1 61.0 52.0 78
1110 4 1 57.0 48.0 79
1111 4 1 57.0 48.0 79
1112 4 1 57.0 48.0 79
1113 4 1 57.0 48.0 79
1114 4 1 57.0 48.0 79
1115 4 1 57.0 48.0 79
1116 2 1 57.0 48.0 79
1117 4 1 57.0 48.0 79
1118 4 1 57.0 48.0 79
1119 4 1 57.0 48.0 79
1120 4 1 57.0 48.0 79
1121 4 1 57.0 48.0 79
1122 4 1 57.0 48.0 79
1123 2 1 57.0 48.0 79
1124 4 1 57.0 48.0 79
1125 4 1 57.0 48.0 79
1126 4 1 57.0 48.0 79
1127 4 1 57.0 48.0 79
1128 2 1 57.0 48.0 79
1129 4 1 57.0 48.0 79
1130 4 1 57.0 48.0 79
1131 4 1 57.0 48.0 79
1132 4 1 57.0 48.0 79
1133 2 1 56.0 37.0 80
1134 1 1 56.0 37.0 80
1135 4 1 56.0 37.0 80
1136 4 1 56.0 37.0 80
1137 4 1 56.0 37.0 80
1138 4 1 56.0 37.0 80
1139 4 1 55.0 54.0 81
1140 4 1 55.0 54.0 81
1141 4 1 55.0 54.0 81
1142 4 1 55.0 54.0 81
1143 2 1 55.0 54.0 81
1144 4 1 55.0 54.0 81
1145 4 1 55.0 54.0 81
1146 4 1 55.0 54.0 81
1147 1 1 55.0 54.0 81
1148 4 1 55.0 54.0 81
1149 4 1 55.0 54.0 81
1150 4 1 55.0 54.0 81
1151 2 1 55.0 54.0 81
1152 4 1 55.0 54.0 81
1153 4 1 55.0 54.0 81
1154 4 1 55.0 54.0 81
1155 4 1 55.0 54.0 81
1156 4 1 55.0 54.0 81
1157 4 1 55.0 54.0 81
1158 4 1 55.0 54.0 81
1159 4 1 55.0 54.0 81
1160 4 1 55.0 54.0 81
1161 1 1 55.0 54.0 81
1162 4 1 55.0 54.0 81
1163 2 1 55.0 54.0 81
1164 1 1 55.0 54.0 81
1165 2 1 15.0 47.0 82
1166 4 1 15.0 47.0 82
1167 4 1 15.0 47.0 82
1168 4 1 15.0 47.0 82
1169 4 1 15.0 47.0 82
1170 4 1 15.0 47.0 82
1171 4 1 15.0 47.0 82
1172 4 1 15.0 47.0 82
1173 2 1 15.0 47.0 82
1174 4 1 15.0 47.0 82
1175 4 1 15.0 47.0 82
1176 4 1 15.0 47.0 82
1177 1 1 15.0 47.0 82
1178 4 1 15.0 47.0 82
1179 4 1 15.0 47.0 82
1180 2 1 15.0 47.0 82
1181 4 1 14.0 37.0 83
1182 4 1 14.0 37.0 83
1183 4 1 14.0 37.0 83
1184 4 1 14.0 37.0 83
1185 4 1 14.0 37.0 83
1186 4 1 14.0 37.0 83
1187 4 1 14.0 37.0 83
1188 4 1 14.0 37.0 83
1189 4 1 14.0 37.0 83
1190 4 1 14.0 37.0 83
1191 1 1 14.0 37.0 83
1192 4 1 11.0 31.0 84
1193 4 1 11.0 31.0 84
1194 4 1 11.0 31.0 84
1195 4 1 11.0 31.0 84
1196 4 1 11.0 31.0 84
1197 4 1 11.0 31.0 84
1198 4 1 11.0 31.0 84
1199 4 1 16.0 22.0 85
1200 4 1 16.0 22.0 85
1201 4 1 16.0 22.0 85
1202 4 1 16.0 22.0 85
1203 4 1 16.0 22.0 85
1204 4 1 16.0 22.0 85
1205 4 1 16.0 22.0 85
1206 4 1 16.0 22.0 85
1207 4 1 16.0 22.0 85
1208 4 1 16.0 22.0 85
1209 4 1 16.0 22.0 85
1210 4 1 16.0 22.0 85
1211 4 1 16.0 22.0 85
1212 1 1 16.0 22.0 85
1213 1 1 16.0 22.0 85
1214 1 1 16.0 22.0 85
1215 4 1 16.0 22.0 85
1216 4 1 16.0 22.0 85
1217 4 1 16.0 22.0 85
1218 4 1 16.0 22.0 85
1219 4 1 16.0 22.0 85
1220 4 1 16.0 22.0 85
1221 4 1 16.0 22.0 85
1222 4 1 16.0 22.0 85
1223 4 1 16.0 22.0 85
1224 4 1 16.0 22.0 85
1225 4 1 16.0 22.0 85
1226 2 1 16.0 22.0 85
1227 4 1 16.0 22.0 85
1228 4 1 16.0 22.0 85
1229 4 1 16.0 22.0 85
1230 1 1 16.0 22.0 85
1231 4 1 16.0 22.0 85
1232 4 1 16.0 22.0 85
1233 1 1 16.0 22.0 85
1234 4 1 16.0 22.0 85
1235 2 1 16.0 22.0 85
1236 1 1 16.0 22.0 85
1237 4 1 16.0 22.0 85
1238 2 1 16.0 22.0 85
1239 4 1 16.0 22.0 85
1240 2 1 4.0 18.0 86
1241 2 1 4.0 18.0 86
1242 2 1 4.0 18.0 86
1243 1 1 4.0 18.0 86
1244 2 1 4.0 18.0 86
1245 2 1 4.0 18.0 86
1246 1 1 4.0 18.0 86
1247 2 1 4.0 18.0 86
1248 2 1 4.0 18.0 86
1249 2 1 4.0 18.0 86
1250 1 1 4.0 18.0 86
1251 2 1 4.0 18.0 86
1252 1 1 4.0 18.0 86
1253 2 1 4.0 18.0 86
1254 2 1 4.0 18.0 86
1255 2 1 4.0 18.0 86
1256 2 1 4.0 18.0 86
1257 2 1 4.0 18.0 86
1258 2 1 4.0 18.0 86
1259 2 1 4.0 18.0 86
1260 2 1 4.0 18.0 86
1261 2 1 4.0 18.0 86
1262 2 1 4.0 18.0 86
1263 2 1 4.0 18.0 86
1264 2 1 4.0 18.0 86
1265 2 1 4.0 18.0 86
1266 1 1 4.0 18.0 86
1267 2 1 4.0 18.0 86
1268 2 1 4.0 18.0 86
1269 2 1 4.0 18.0 86
1270 2 1 4.0 18.0 86
1271 2 1 4.0 18.0 86
1272 2 1 4.0 18.0 86
1273 2 1 4.0 18.0 86
1274 2 1 4.0 18.0 86
1275 2 1 28.0 18.0 87
1276 2 1 28.0 18.0 87
1277 4 1 28.0 18.0 87
1278 2 1 28.0 18.0 87
1279 4 1 28.0 18.0 87
1280 2 1 28.0 18.0 87
1281 4 1 28.0 18.0 87
1282 4 1 28.0 18.0 87
1283 4 1 28.0 18.0 87
1284 4 1 28.0 18.0 87
1285 4 1 28.0 18.0 87
1286 4 1 28.0 18.0 87
1287 2 1 28.0 18.0 87
1288 4 1 28.0 18.0 87
1289 4 1 28.0 18.0 87
1290 4 1 28.0 18.0 87
1291 1 1 28.0 18.0 87
1292 2 1 28.0 18.0 87
1293 2 1 28.0 18.0 87
1294 4 1 28.0 18.0 87
1295 4 1 28.0 18.0 87
1296 4 1 28.0 18.0 87
1297 4 1 28.0 18.0 87
1298 4 1 28.0 18.0 87
1299 1 1 28.0 18.0 87
1300 4 1 28.0 18.0 87
1301 4 1 26.0 52.0 88
1302 4 1 26.0 52.0 88
1303 4 1 26.0 52.0 88
1304 1 1 26.0 52.0 88
1305 4 1 26.0 52.0 88
1306 4 1 26.0 52.0 88
1307 2 1 26.0 52.0 88
1308 4 1 26.0 52.0 88
1309 4 1 26.0 52.0 88
1310 4 1 26.0 35.0 89
1311 4 1 26.0 35.0 89
1312 4 1 26.0 35.0 89
1313 4 1 26.0 35.0 89
1314 4 1 26.0 35.0 89
1315 4 1 26.0 35.0 89
1316 4 1 26.0 35.0 89
1317 4 1 26.0 35.0 89
1318 4 1 26.0 35.0 89
1319 4 1 26.0 35.0 89
1320 4 1 26.0 35.0 89
1321 4 1 26.0 35.0 89
1322 4 1 26.0 35.0 89
1323 2 1 26.0 35.0 89
1324 4 1 26.0 35.0 89
1325 4 1 31.0 67.0 90
1326 4 1 31.0 67.0 90
1327 1 1 31.0 67.0 90
1328 4 1 15.0 19.0 91
1329 4 1 22.0 22.0 92
1330 4 1 22.0 22.0 92
1331 4 1 18.0 24.0 93
1332 4 1 18.0 24.0 93
1333 1 1 18.0 24.0 93
1334 1 1 18.0 24.0 93
1335 1 1 18.0 24.0 93
1336 4 1 18.0 24.0 93
1337 4 1 18.0 24.0 93
1338 4 1 18.0 24.0 93
1339 4 1 18.0 24.0 93
1340 4 1 18.0 24.0 93
1341 4 1 18.0 24.0 93
1342 4 1 18.0 24.0 93
1343 4 1 18.0 24.0 93
1344 1 1 18.0 24.0 93
1345 4 1 18.0 24.0 93
1346 1 1 18.0 24.0 93
1347 4 1 18.0 24.0 93
1348 4 1 18.0 24.0 93
1349 1 1 18.0 24.0 93
1350 4 1 18.0 24.0 93
1351 4 1 18.0 24.0 93
1352 4 1 18.0 24.0 93
1353 4 1 26.0 27.0 94
1354 4 1 26.0 27.0 94
1355 2 1 26.0 27.0 94
1356 4 1 26.0 27.0 94
1357 4 1 26.0 27.0 94
1358 4 1 26.0 27.0 94
1359 4 1 26.0 27.0 94
1360 4 1 26.0 27.0 94
1361 4 1 26.0 27.0 94
1362 2 1 26.0 27.0 94
1363 4 1 26.0 27.0 94
1364 4 1 26.0 27.0 94
1365 4 1 26.0 27.0 94
1366 2 1 26.0 27.0 94
1367 4 1 26.0 27.0 94
1368 4 1 26.0 27.0 94
1369 2 1 26.0 27.0 94
1370 4 1 26.0 27.0 94
1371 4 1 26.0 27.0 94
1372 4 1 26.0 27.0 94
1373 4 1 26.0 27.0 94
1374 4 1 26.0 27.0 94
1375 4 1 26.0 27.0 94
1376 4 1 26.0 27.0 94
1377 4 1 26.0 27.0 94
1378 4 1 26.0 27.0 94
1379 2 1 26.0 27.0 94
1380 4 1 25.0 24.0 95
1381 4 1 25.0 24.0 95
1382 4 1 25.0 24.0 95
1383 4 1 25.0 24.0 95
1384 4 1 25.0 24.0 95
1385 4 1 25.0 24.0 95
1386 4 1 25.0 24.0 95
1387 4 1 25.0 24.0 95
1388 4 1 25.0 24.0 95
1389 4 1 25.0 24.0 95
1390 4 1 25.0 24.0 95
1391 2 1 25.0 24.0 95
1392 4 1 25.0 24.0 95
1393 2 1 25.0 24.0 95
1394 2 1 25.0 24.0 95
1395 4 1 25.0 24.0 95
1396 4 1 25.0 24.0 95
1397 4 1 25.0 24.0 95
1398 4 1 25.0 24.0 95
1399 4 1 25.0 24.0 95
1400 2 1 22.0 27.0 96
1401 4 1 22.0 27.0 96
1402 4 1 22.0 27.0 96
1403 2 1 22.0 27.0 96
1404 4 1 22.0 27.0 96
1405 4 1 22.0 27.0 96
1406 2 1 22.0 27.0 96
1407 4 1 22.0 27.0 96
1408 4 1 22.0 27.0 96
1409 4 1 22.0 27.0 96
1410 4 1 22.0 27.0 96
1411 4 1 25.0 21.0 97
1412 4 1 25.0 21.0 97
1413 4 1 25.0 21.0 97
1414 1 1 25.0 21.0 97
1415 4 1 25.0 21.0 97
1416 4 1 25.0 21.0 97
1417 4 1 25.0 21.0 97
1418 4 1 25.0 21.0 97
1419 4 1 25.0 21.0 97
1420 4 1 25.0 21.0 97
1421 4 1 25.0 21.0 97
1422 2 1 25.0 21.0 97
1423 4 1 19.0 21.0 98
1424 4 1 19.0 21.0 98
1425 4 1 19.0 21.0 98
1426 4 1 19.0 21.0 98
1427 4 1 19.0 21.0 98
1428 1 1 19.0 21.0 98
1429 4 1 19.0 21.0 98
1430 4 1 19.0 21.0 98
1431 4 1 19.0 21.0 98
1432 4 1 19.0 21.0 98
1433 4 1 20.0 26.0 99
1434 4 1 20.0 26.0 99
1435 4 1 20.0 26.0 99
1436 4 1 20.0 26.0 99
1437 4 1 20.0 26.0 99
1438 4 1 20.0 26.0 99
1439 4 1 20.0 26.0 99
1440 4 1 20.0 26.0 99
1441 4 1 20.0 26.0 99
1442 4 1 18.0 18.0 100
1443 4 1 18.0 18.0 100
1444 4 1 18.0 18.0 100
1445 4 1 18.0 18.0 100
1446 4 1 18.0 18.0 100
1447 2 1 18.0 18.0 100
1448 1 1 18.0 18.0 100
1449 4 1 18.0 18.0 100
1450 4 1 18.0 18.0 100
1451 4 1 18.0 18.0 100
1452 4 1 18.0 18.0 100
1453 4 1 18.0 18.0 100
1454 4 1 18.0 18.0 100
1455 4 1 18.0 18.0 100
1456 4 1 18.0 18.0 100
1457 2 1 18.0 18.0 100
1458 4 1 18.0 18.0 100
1459 4 1 37.0 52.0 101
1460 4 1 37.0 52.0 101
1461 4 1 37.0 52.0 101
1462 4 1 37.0 52.0 101
1463 4 1 37.0 52.0 101
1464 2 1 37.0 52.0 101
1465 2 1 37.0 52.0 101
1466 2 1 49.0 49.0 102
1467 4 1 49.0 49.0 102
1468 4 1 49.0 49.0 102
1469 4 1 49.0 49.0 102
1470 4 1 49.0 49.0 102
1471 4 1 49.0 49.0 102
1472 4 1 49.0 49.0 102
1473 4 1 49.0 49.0 102
1474 4 1 49.0 49.0 102
1475 4 1 49.0 49.0 102
1476 4 1 49.0 49.0 102
1477 4 1 49.0 49.0 102
1478 4 1 49.0 49.0 102
1479 4 1 49.0 49.0 102
1480 4 1 49.0 49.0 102
1481 2 1 49.0 49.0 102
1482 4 1 49.0 49.0 102
1483 1 1 49.0 49.0 102
1484 4 1 49.0 49.0 102
1485 4 1 49.0 49.0 102
1486 4 1 49.0 49.0 102
1487 4 1 49.0 49.0 102
1488 4 1 49.0 49.0 102
1489 1 1 49.0 49.0 102
1490 2 1 49.0 49.0 102
1491 4 1 49.0 49.0 102
1492 4 1 49.0 49.0 102
1493 4 1 49.0 49.0 102
1494 4 1 49.0 49.0 102
1495 4 1 49.0 49.0 102
1496 2 1 52.0 64.0 103
1497 2 1 52.0 64.0 103
1498 2 1 52.0 64.0 103
1499 2 1 52.0 64.0 103
1500 2 1 52.0 64.0 103
1501 2 1 52.0 64.0 103
1502 2 1 52.0 64.0 103
1503 2 1 52.0 64.0 103
1504 2 1 52.0 64.0 103
1505 2 1 52.0 64.0 103
1506 2 1 52.0 64.0 103
1507 2 1 52.0 64.0 103
1508 2 1 52.0 64.0 103
1509 1 1 52.0 64.0 103
1510 2 1 52.0 64.0 103
1511 2 1 52.0 64.0 103
1512 4 1 20.0 26.0 104
1513 4 1 20.0 26.0 104
1514 4 1 20.0 26.0 104
1515 4 1 20.0 26.0 104
1516 4 1 20.0 26.0 104
1517 4 1 20.0 26.0 104
1518 4 1 20.0 26.0 104
1519 4 1 20.0 26.0 104
1520 4 1 20.0 26.0 104
1521 4 1 40.0 30.0 105
1522 4 1 40.0 30.0 105
1523 4 1 40.0 30.0 105
1524 4 1 40.0 30.0 105
1525 4 1 40.0 30.0 105
1526 4 1 40.0 30.0 105
1527 4 1 40.0 30.0 105
1528 4 1 40.0 30.0 105
1529 4 1 40.0 30.0 105
1530 4 1 40.0 30.0 105
1531 4 1 40.0 30.0 105
1532 4 1 40.0 30.0 105
1533 4 1 40.0 30.0 105
1534 4 1 40.0 30.0 105
1535 4 1 40.0 30.0 105
1536 4 1 40.0 30.0 105
1537 4 1 40.0 30.0 105
1538 4 1 40.0 30.0 105
1539 4 1 40.0 30.0 105
1540 4 1 40.0 30.0 105
1541 4 1 40.0 30.0 105
1542 4 1 21.0 47.0 106
1543 4 1 21.0 47.0 106
1544 4 1 21.0 47.0 106
1545 4 1 21.0 47.0 106
1546 4 1 21.0 47.0 106
1547 4 1 21.0 47.0 106
1548 4 1 21.0 47.0 106
1549 4 1 21.0 47.0 106
1550 4 1 21.0 47.0 106
1551 4 1 21.0 47.0 106
1552 4 1 21.0 47.0 106
1553 4 1 21.0 47.0 106
1554 4 1 21.0 47.0 106
1555 2 1 21.0 47.0 106
1556 4 1 21.0 47.0 106
1557 2 1 17.0 63.0 107
1558 2 1 17.0 63.0 107
1559 2 1 17.0 63.0 107
1560 2 1 17.0 63.0 107
1561 2 1 17.0 63.0 107
1562 2 1 17.0 63.0 107
1563 1 1 17.0 63.0 107
1564 2 1 17.0 63.0 107
1565 2 1 17.0 63.0 107
1566 2 1 17.0 63.0 107
1567 1 1 17.0 63.0 107
1568 2 1 17.0 63.0 107
1569 1 1 17.0 63.0 107
1570 1 1 17.0 63.0 107
1571 2 1 17.0 63.0 107
1572 2 1 17.0 63.0 107
1573 2 1 17.0 63.0 107
1574 1 1 17.0 63.0 107
1575 2 1 17.0 63.0 107
1576 4 1 31.0 62.0 108
1577 4 1 31.0 62.0 108
1578 4 1 31.0 62.0 108
1579 4 1 31.0 62.0 108
1580 4 1 31.0 62.0 108
1581 4 1 31.0 62.0 108
1582 4 1 31.0 62.0 108
1583 2 1 31.0 62.0 108
1584 4 1 31.0 62.0 108
1585 1 1 31.0 62.0 108
1586 2 1 31.0 62.0 108
1587 4 1 31.0 62.0 108
1588 4 1 31.0 62.0 108
1589 4 1 31.0 62.0 108
1590 1 1 31.0 62.0 108
1591 4 1 31.0 62.0 108
1592 4 1 31.0 62.0 108
1593 4 1 31.0 62.0 108
1594 4 1 31.0 62.0 108
1595 4 1 31.0 62.0 108
1596 4 1 31.0 62.0 108
1597 4 1 31.0 62.0 108
1598 4 1 31.0 62.0 108
1599 4 1 52.0 33.0 109
1600 4 1 52.0 33.0 109
1601 4 1 52.0 33.0 109
1602 4 1 52.0 33.0 109
1603 4 1 52.0 33.0 109
1604 4 1 52.0 33.0 109
1605 4 1 52.0 33.0 109
1606 4 1 52.0 33.0 109
1607 4 1 52.0 33.0 109
1608 4 1 52.0 33.0 109
1609 2 1 52.0 33.0 109
1610 2 1 51.0 21.0 110
1611 4 1 51.0 21.0 110
1612 4 1 51.0 21.0 110
1613 4 1 51.0 21.0 110
1614 4 1 51.0 21.0 110
1615 4 1 42.0 41.0 111
1616 4 1 42.0 41.0 111
1617 4 1 42.0 41.0 111
1618 4 1 42.0 41.0 111
1619 4 1 42.0 41.0 111
1620 4 1 42.0 41.0 111
1621 4 1 42.0 41.0 111
1622 4 1 42.0 41.0 111
1623 4 1 42.0 41.0 111
1624 4 1 42.0 41.0 111
1625 4 1 42.0 41.0 111
1626 4 1 42.0 41.0 111
1627 4 1 42.0 41.0 111
1628 4 1 42.0 41.0 111
1629 4 1 42.0 41.0 111
1630 4 1 42.0 41.0 111
1631 4 1 42.0 41.0 111
1632 4 1 42.0 41.0 111
1633 4 1 42.0 41.0 111
1634 4 1 31.0 32.0 112
1635 4 1 31.0 32.0 112
1636 4 1 31.0 32.0 112
1637 4 1 31.0 32.0 112
1638 4 1 31.0 32.0 112
1639 4 1 31.0 32.0 112
1640 4 1 31.0 32.0 112
1641 4 1 31.0 32.0 112
1642 4 1 31.0 32.0 112
1643 4 1 31.0 32.0 112
1644 4 1 31.0 32.0 112
1645 4 1 31.0 32.0 112
1646 4 1 31.0 32.0 112
1647 4 1 31.0 32.0 112
1648 4 1 31.0 32.0 112
1649 4 1 31.0 32.0 112
1650 4 1 31.0 32.0 112
1651 4 1 31.0 32.0 112
1652 4 1 31.0 32.0 112
1653 4 1 31.0 32.0 112
1654 4 1 31.0 32.0 112
1655 4 1 31.0 32.0 112
1656 4 1 31.0 32.0 112
1657 4 1 31.0 32.0 112
1658 4 1 31.0 32.0 112
1659 4 1 31.0 32.0 112
1660 4 1 31.0 32.0 112
1661 4 1 31.0 32.0 112
1662 4 1 31.0 32.0 112
1663 2 1 5.0 25.0 113
1664 2 1 5.0 25.0 113
1665 2 1 5.0 25.0 113
1666 2 1 5.0 25.0 113
1667 2 1 5.0 25.0 113
1668 2 1 5.0 25.0 113
1669 1 1 5.0 25.0 113
1670 2 1 5.0 25.0 113
1671 2 1 5.0 25.0 113
1672 2 1 5.0 25.0 113
1673 2 1 5.0 25.0 113
1674 2 1 5.0 25.0 113
1675 2 1 5.0 25.0 113
1676 2 1 5.0 25.0 113
1677 2 1 5.0 25.0 113
1678 2 1 5.0 25.0 113
1679 1 1 5.0 25.0 113
1680 2 1 5.0 25.0 113
1681 2 1 5.0 25.0 113
1682 2 1 5.0 25.0 113
1683 2 1 5.0 25.0 113
1684 2 1 5.0 25.0 113
1685 1 1 5.0 25.0 113
1686 4 1 12.0 42.0 114
1687 4 1 12.0 42.0 114
1688 2 1 12.0 42.0 114
1689 4 1 12.0 42.0 114
1690 4 1 12.0 42.0 114
1691 4 1 12.0 42.0 114
1692 4 1 12.0 42.0 114
1693 1 1 12.0 42.0 114
1694 4 1 12.0 42.0 114
1695 4 1 12.0 42.0 114
1696 2 1 12.0 42.0 114
1697 4 1 12.0 42.0 114
1698 1 1 12.0 42.0 114
1699 4 1 12.0 42.0 114
1700 4 1 12.0 42.0 114
1701 4 1 12.0 42.0 114
1702 4 1 12.0 42.0 114
1703 4 1 12.0 42.0 114
1704 2 1 12.0 42.0 114
1705 4 1 12.0 42.0 114
1706 4 1 12.0 42.0 114
1707 4 1 36.0 16.0 115
1708 4 1 36.0 16.0 115
1709 4 1 36.0 16.0 115
1710 4 1 36.0 16.0 115
1711 4 1 36.0 16.0 115
1712 4 1 36.0 16.0 115
1713 4 1 36.0 16.0 115
1714 4 1 36.0 16.0 115
1715 4 1 36.0 16.0 115
1716 4 1 36.0 16.0 115
1717 4 1 52.0 41.0 116
1718 4 1 52.0 41.0 116
1719 4 1 52.0 41.0 116
1720 4 1 52.0 41.0 116
1721 2 1 52.0 41.0 116
1722 2 1 52.0 41.0 116
1723 4 1 52.0 41.0 116
1724 4 1 52.0 41.0 116
1725 4 1 52.0 41.0 116
1726 2 1 52.0 41.0 116
1727 4 1 52.0 41.0 116
1728 4 1 52.0 41.0 116
1729 4 1 52.0 41.0 116
1730 4 1 52.0 41.0 116
1731 4 1 52.0 41.0 116
1732 4 1 27.0 23.0 117
1733 4 1 27.0 23.0 117
1734 4 1 27.0 23.0 117
1735 4 1 17.0 33.0 118
1736 4 1 17.0 33.0 118
1737 4 1 17.0 33.0 118
1738 4 1 17.0 33.0 118
1739 4 1 17.0 33.0 118
1740 4 1 17.0 33.0 118
1741 4 1 17.0 33.0 118
1742 4 1 17.0 33.0 118
1743 4 1 17.0 33.0 118
1744 4 1 17.0 33.0 118
1745 1 1 17.0 33.0 118
1746 4 1 17.0 33.0 118
1747 4 1 17.0 33.0 118
1748 4 1 17.0 33.0 118
1749 4 1 17.0 33.0 118
1750 4 1 17.0 33.0 118
1751 4 1 17.0 33.0 118
1752 4 1 17.0 33.0 118
1753 2 1 17.0 33.0 118
1754 4 1 17.0 33.0 118
1755 4 1 17.0 33.0 118
1756 4 1 17.0 33.0 118
1757 4 1 17.0 33.0 118
1758 4 1 17.0 33.0 118
1759 4 1 17.0 33.0 118
1760 2 1 17.0 33.0 118
1761 4 1 17.0 33.0 118
1762 4 1 17.0 33.0 118
1763 1 1 17.0 33.0 118
1764 4 1 17.0 33.0 118
1765 4 1 17.0 33.0 118
1766 4 1 17.0 33.0 118
1767 4 1 17.0 33.0 118
1768 1 1 17.0 33.0 118
1769 4 1 17.0 33.0 118
1770 4 1 17.0 33.0 118
1771 4 1 17.0 33.0 118
1772 4 1 17.0 33.0 118
1773 4 1 17.0 33.0 118
1774 4 1 17.0 33.0 118
1775 4 1 17.0 33.0 118
1776 2 1 13.0 13.0 119
1777 2 1 13.0 13.0 119
1778 2 1 13.0 13.0 119
1779 1 1 13.0 13.0 119
1780 2 1 13.0 13.0 119
1781 1 1 13.0 13.0 119
1782 2 1 13.0 13.0 119
1783 2 1 13.0 13.0 119
1784 1 1 13.0 13.0 119
1785 4 1 57.0 58.0 120
1786 4 1 57.0 58.0 120
1787 1 1 57.0 58.0 120
1788 1 1 57.0 58.0 120
1789 4 1 57.0 58.0 120
1790 4 1 57.0 58.0 120
1791 4 1 57.0 58.0 120
1792 4 1 57.0 58.0 120
1793 4 1 57.0 58.0 120
1794 4 1 57.0 58.0 120
1795 4 1 57.0 58.0 120
1796 4 1 57.0 58.0 120
1797 1 1 57.0 58.0 120
1798 4 1 57.0 58.0 120
1799 1 1 57.0 58.0 120
1800 4 1 57.0 58.0 120
1801 4 1 57.0 58.0 120
1802 4 1 57.0 58.0 120
1803 4 1 57.0 58.0 120
1804 4 1 57.0 58.0 120
1805 1 1 57.0 58.0 120
1806 4 1 57.0 58.0 120
1807 4 1 57.0 58.0 120
1808 4 1 57.0 58.0 120
1809 4 1 57.0 58.0 120
1810 4 1 57.0 58.0 120
1811 4 1 57.0 58.0 120
1812 4 1 57.0 58.0 120
1813 4 1 62.0 42.0 121
1814 4 1 62.0 42.0 121
1815 2 1 62.0 42.0 121
1816 4 1 62.0 42.0 121
1817 4 1 62.0 42.0 121
1818 4 1 62.0 42.0 121
1819 1 1 62.0 42.0 121
1820 4 1 62.0 42.0 121
1821 4 1 42.0 57.0 122
1822 4 1 42.0 57.0 122
1823 4 1 42.0 57.0 122
1824 4 1 42.0 57.0 122
1825 4 1 42.0 57.0 122
1826 4 1 42.0 57.0 122
1827 4 1 42.0 57.0 122
1828 4 1 42.0 57.0 122
1829 4 1 16.0 57.0 123
1830 4 1 16.0 57.0 123
1831 4 1 16.0 57.0 123
1832 1 1 16.0 57.0 123
1833 4 1 16.0 57.0 123
1834 4 1 16.0 57.0 123
1835 4 1 16.0 57.0 123
1836 4 1 16.0 57.0 123
1837 4 1 16.0 57.0 123
1838 4 1 16.0 57.0 123
1839 2 1 16.0 57.0 123
1840 4 1 16.0 57.0 123
1841 4 1 16.0 57.0 123
1842 4 1 16.0 57.0 123
1843 1 1 16.0 57.0 123
1844 4 1 16.0 57.0 123
1845 2 1 8.0 52.0 124
1846 2 1 8.0 52.0 124
1847 1 1 8.0 52.0 124
1848 1 1 8.0 52.0 124
1849 2 1 8.0 52.0 124
1850 1 1 8.0 52.0 124
1851 2 1 8.0 52.0 124
1852 1 1 8.0 52.0 124
1853 2 1 8.0 52.0 124
1854 2 1 8.0 52.0 124
1855 4 1 7.0 38.0 125
1856 1 1 7.0 38.0 125
1857 4 1 7.0 38.0 125
1858 4 1 7.0 38.0 125
1859 4 1 7.0 38.0 125
1860 4 1 7.0 38.0 125
1861 2 1 7.0 38.0 125
1862 4 1 7.0 38.0 125
1863 1 1 7.0 38.0 125
1864 4 1 7.0 38.0 125
1865 2 1 7.0 38.0 125
1866 4 1 7.0 38.0 125
1867 4 1 7.0 38.0 125
1868 1 1 7.0 38.0 125
1869 4 1 7.0 38.0 125
1870 4 1 7.0 38.0 125
1871 4 1 7.0 38.0 125
1872 4 1 7.0 38.0 125
1873 4 1 7.0 38.0 125
1874 4 1 7.0 38.0 125
1875 4 1 7.0 38.0 125
1876 4 1 7.0 38.0 125
1877 4 1 7.0 38.0 125
1878 4 1 7.0 38.0 125
1879 4 1 7.0 38.0 125
1880 4 1 7.0 38.0 125
1881 4 1 7.0 38.0 125
1882 4 1 7.0 38.0 125
1883 2 1 27.0 68.0 126
1884 2 1 27.0 68.0 126
1885 2 1 27.0 68.0 126
1886 1 1 27.0 68.0 126
1887 2 1 27.0 68.0 126
1888 2 1 27.0 68.0 126
1889 1 1 27.0 68.0 126
1890 4 1 30.0 48.0 127
1891 4 1 30.0 48.0 127
1892 4 1 30.0 48.0 127
1893 4 1 30.0 48.0 127
1894 4 1 30.0 48.0 127
1895 2 1 30.0 48.0 127
1896 4 1 30.0 48.0 127
1897 4 1 30.0 48.0 127
1898 4 1 30.0 48.0 127
1899 2 1 30.0 48.0 127
1900 2 1 30.0 48.0 127
1901 4 1 30.0 48.0 127
1902 2 1 30.0 48.0 127
1903 2 1 30.0 48.0 127
1904 4 1 30.0 48.0 127
1905 2 1 43.0 67.0 128
1906 2 1 43.0 67.0 128
1907 2 1 43.0 67.0 128
1908 2 1 43.0 67.0 128
1909 2 1 43.0 67.0 128
1910 2 1 43.0 67.0 128
1911 2 1 43.0 67.0 128
1912 2 1 43.0 67.0 128
1913 2 1 43.0 67.0 128
1914 2 1 43.0 67.0 128
1915 2 1 43.0 67.0 128
1916 2 1 43.0 67.0 128
1917 2 1 43.0 67.0 128
1918 2 1 43.0 67.0 128
1919 4 1 58.0 48.0 129
1920 4 1 58.0 48.0 129
1921 4 1 58.0 48.0 129
1922 4 1 58.0 48.0 129
1923 4 1 58.0 48.0 129
1924 4 1 58.0 48.0 129
1925 4 1 58.0 27.0 130
1926 4 1 58.0 27.0 130
1927 4 1 58.0 27.0 130
1928 4 1 58.0 27.0 130
1929 4 1 58.0 27.0 130
1930 4 1 58.0 27.0 130
1931 4 1 58.0 27.0 130
1932 4 1 58.0 27.0 130
1933 4 1 58.0 27.0 130
1934 4 1 58.0 27.0 130
1935 4 1 58.0 27.0 130
1936 4 1 58.0 27.0 130
1937 4 1 58.0 27.0 130
1938 2 1 58.0 27.0 130
1939 4 1 58.0 27.0 130
1940 4 1 58.0 27.0 130
1941 4 1 58.0 27.0 130
1942 4 1 58.0 27.0 130
1943 4 1 58.0 27.0 130
1944 1 1 37.0 69.0 131
1945 1 1 37.0 69.0 131
1946 2 1 37.0 69.0 131
1947 2 1 37.0 69.0 131
1948 1 1 37.0 69.0 131
1949 2 1 37.0 69.0 131
1950 1 1 37.0 69.0 131
1951 2 1 37.0 69.0 131
1952 1 1 37.0 69.0 131
1953 2 1 37.0 69.0 131
1954 2 1 37.0 69.0 131
1955 2 1 38.0 46.0 132
1956 4 1 38.0 46.0 132
1957 4 1 38.0 46.0 132
1958 4 1 38.0 46.0 132
1959 4 1 38.0 46.0 132
1960 4 1 38.0 46.0 132
1961 2 1 38.0 46.0 132
1962 4 1 38.0 46.0 132
1963 4 1 38.0 46.0 132
1964 4 1 38.0 46.0 132
1965 4 1 38.0 46.0 132
1966 4 1 38.0 46.0 132
1967 2 1 46.0 10.0 133
1968 4 1 46.0 10.0 133
1969 4 1 46.0 10.0 133
1970 1 1 46.0 10.0 133
1971 4 1 46.0 10.0 133
1972 4 1 46.0 10.0 133
1973 4 1 46.0 10.0 133
1974 1 1 46.0 10.0 133
1975 4 1 46.0 10.0 133
1976 1 1 46.0 10.0 133
1977 1 1 46.0 10.0 133
1978 4 1 46.0 10.0 133
1979 1 1 46.0 10.0 133
1980 4 1 46.0 10.0 133
1981 4 1 46.0 10.0 133
1982 2 1 46.0 10.0 133
1983 4 1 46.0 10.0 133
1984 4 1 46.0 10.0 133
1985 4 1 46.0 10.0 133
1986 4 1 46.0 10.0 133
1987 4 1 46.0 10.0 133
1988 4 1 46.0 10.0 133
1989 1 1 46.0 10.0 133
1990 2 1 61.0 33.0 134
1991 4 1 61.0 33.0 134
1992 4 1 61.0 33.0 134
1993 4 1 61.0 33.0 134
1994 4 1 61.0 33.0 134
1995 4 1 61.0 33.0 134
1996 1 1 61.0 33.0 134
1997 4 1 61.0 33.0 134
1998 4 1 61.0 33.0 134
1999 1 1 61.0 33.0 134
2000 4 1 61.0 33.0 134
2001 4 1 61.0 33.0 134
2002 4 1 61.0 33.0 134
2003 4 1 61.0 33.0 134
2004 1 1 61.0 33.0 134
2005 4 1 61.0 33.0 134
2006 1 1 61.0 33.0 134
2007 4 1 61.0 33.0 134
2008 4 1 61.0 33.0 134
2009 4 1 61.0 33.0 134
2010 4 1 61.0 33.0 134
2011 4 1 61.0 33.0 134
2012 4 1 61.0 33.0 134
2013 4 1 61.0 33.0 134
2014 4 1 61.0 33.0 134
2015 4 1 61.0 33.0 134
2016 2 1 62.0 63.0 135
2017 1 1 62.0 63.0 135
2018 2 1 62.0 63.0 135
2019 2 1 62.0 63.0 135
2020 2 1 62.0 63.0 135
2021 1 1 62.0 63.0 135
2022 1 1 62.0 63.0 135
2023 2 1 62.0 63.0 135
2024 2 1 62.0 63.0 135
2025 2 1 62.0 63.0 135
2026 2 1 62.0 63.0 135
2027 2 1 62.0 63.0 135
2028 2 1 62.0 63.0 135
2029 2 1 62.0 63.0 135
2030 2 1 62.0 63.0 135
2031 1 1 62.0 63.0 135
2032 2 1 62.0 63.0 135
2033 1 1 63.0 69.0 136
2034 1 1 63.0 69.0 136
2035 1 1 63.0 69.0 136
2036 1 1 63.0 69.0 136
2037 1 1 63.0 69.0 136
2038 1 1 63.0 69.0 136
2039 4 1 32.0 22.0 137
2040 4 1 32.0 22.0 137
2041 4 1 32.0 22.0 137
2042 4 1 32.0 22.0 137
2043 2 1 32.0 22.0 137
2044 4 1 32.0 22.0 137
2045 2 1 32.0 22.0 137
2046 4 1 32.0 22.0 137
2047 4 1 32.0 22.0 137
2048 4 1 45.0 35.0 138
2049 4 1 45.0 35.0 138
2050 2 1 45.0 35.0 138
2051 4 1 45.0 35.0 138
2052 4 1 45.0 35.0 138
2053 4 1 45.0 35.0 138
2054 4 1 45.0 35.0 138
2055 4 1 45.0 35.0 138
2056 4 1 45.0 35.0 138
2057 4 1 45.0 35.0 138
2058 4 1 45.0 35.0 138
2059 2 1 45.0 35.0 138
2060 4 1 45.0 35.0 138
2061 4 1 45.0 35.0 138
2062 4 1 45.0 35.0 138
2063 2 1 59.0 15.0 139
2064 2 1 59.0 15.0 139
2065 2 1 59.0 15.0 139
2066 2 1 59.0 15.0 139
2067 1 1 59.0 15.0 139
2068 1 1 59.0 15.0 139
2069 2 1 59.0 15.0 139
2070 1 1 59.0 15.0 139
2071 2 1 59.0 15.0 139
2072 2 1 59.0 15.0 139
2073 2 1 59.0 15.0 139
2074 2 1 59.0 15.0 139
2075 2 1 59.0 15.0 139
2076 2 1 59.0 15.0 139
2077 1 1 5.0 6.0 140
2078 1 1 5.0 6.0 140
2079 1 1 5.0 6.0 140
2080 1 1 5.0 6.0 140
2081 1 1 5.0 6.0 140
2082 1 1 5.0 6.0 140
2083 1 1 5.0 6.0 140
2084 2 1 10.0 17.0 141
2085 2 1 10.0 17.0 141
2086 2 1 10.0 17.0 141
2087 1 1 10.0 17.0 141
2088 2 1 10.0 17.0 141
2089 2 1 10.0 17.0 141
2090 2 1 10.0 17.0 141
2091 2 1 10.0 17.0 141
2092 2 1 10.0 17.0 141
2093 2 1 10.0 17.0 141
2094 2 1 10.0 17.0 141
2095 2 1 10.0 17.0 141
2096 2 1 10.0 17.0 141
2097 2 1 10.0 17.0 141
2098 1 1 10.0 17.0 141
2099 2 1 10.0 17.0 141
2100 1 1 10.0 17.0 141
2101 2 1 10.0 17.0 141
2102 1 1 10.0 17.0 141
2103 2 1 10.0 17.0 141
2104 2 1 10.0 17.0 141
2105 2 1 10.0 17.0 141
2106 1 1 10.0 17.0 141
2107 2 1 10.0 17.0 141
2108 2 1 10.0 17.0 141
2109 1 1 10.0 17.0 141
2110 2 1 10.0 17.0 141
2111 2 1 21.0 10.0 142
2112 4 1 21.0 10.0 142
2113 4 1 21.0 10.0 142
2114 4 1 21.0 10.0 142
2115 4 1 21.0 10.0 142
2116 4 1 21.0 10.0 142
2117 1 1 21.0 10.0 142
2118 4 1 21.0 10.0 142
2119 4 1 21.0 10.0 142
2120 4 1 21.0 10.0 142
2121 4 1 21.0 10.0 142
2122 4 1 21.0 10.0 142
2123 4 1 21.0 10.0 142
2124 1 1 5.0 64.0 143
2125 1 1 5.0 64.0 143
2126 1 1 5.0 64.0 143
2127 1 1 5.0 64.0 143
2128 1 1 5.0 64.0 143
2129 1 1 5.0 64.0 143
2130 1 1 5.0 64.0 143
2131 1 1 5.0 64.0 143
2132 1 1 5.0 64.0 143
2133 1 1 5.0 64.0 143
2134 1 1 5.0 64.0 143
2135 4 1 30.0 15.0 144
2136 2 1 30.0 15.0 144
2137 4 1 30.0 15.0 144
2138 4 1 30.0 15.0 144
2139 4 1 30.0 15.0 144
2140 4 1 30.0 15.0 144
2141 4 1 30.0 15.0 144
2142 4 1 30.0 15.0 144
2143 4 1 30.0 15.0 144
2144 1 1 30.0 15.0 144
2145 4 1 30.0 15.0 144
2146 2 1 30.0 15.0 144
2147 2 1 30.0 15.0 144
2148 4 1 30.0 15.0 144
2149 4 1 30.0 15.0 144
2150 4 1 30.0 15.0 144
2151 4 1 39.0 10.0 145
2152 4 1 39.0 10.0 145
2153 4 1 39.0 10.0 145
2154 2 1 39.0 10.0 145
2155 1 1 39.0 10.0 145
2156 4 1 39.0 10.0 145
2157 4 1 39.0 10.0 145
2158 2 1 39.0 10.0 145
2159 4 1 39.0 10.0 145
2160 2 1 39.0 10.0 145
2161 4 1 32.0 39.0 146
2162 4 1 32.0 39.0 146
2163 4 1 32.0 39.0 146
2164 4 1 32.0 39.0 146
2165 4 1 32.0 39.0 146
2166 4 1 25.0 32.0 147
2167 4 1 25.0 32.0 147
2168 2 1 25.0 32.0 147
2169 4 1 25.0 32.0 147
2170 4 1 25.0 32.0 147
2171 4 1 25.0 32.0 147
2172 4 1 25.0 32.0 147
2173 4 1 25.0 32.0 147
2174 4 1 25.0 32.0 147
2175 4 1 25.0 32.0 147
2176 2 1 25.0 32.0 147
2177 2 1 25.0 32.0 147
2178 4 1 25.0 32.0 147
2179 4 1 25.0 32.0 147
2180 4 1 25.0 32.0 147
2181 4 1 25.0 32.0 147
2182 4 1 25.0 32.0 147
2183 4 1 25.0 32.0 147
2184 4 1 25.0 32.0 147
2185 4 1 25.0 32.0 147
2186 4 1 25.0 32.0 147
2187 4 1 25.0 32.0 147
2188 2 1 25.0 32.0 147
2189 4 1 25.0 32.0 147
2190 4 1 25.0 32.0 147
2191 2 1 25.0 55.0 148
2192 4 1 25.0 55.0 148
2193 4 1 25.0 55.0 148
2194 4 1 25.0 55.0 148
2195 4 1 25.0 55.0 148
2196 2 1 25.0 55.0 148
2197 4 1 25.0 55.0 148
2198 4 1 25.0 55.0 148
2199 1 1 25.0 55.0 148
2200 4 1 25.0 55.0 148
2201 4 1 25.0 55.0 148
2202 4 1 25.0 55.0 148
2203 4 1 25.0 55.0 148
2204 4 1 25.0 55.0 148
2205 4 1 25.0 55.0 148
2206 4 1 25.0 55.0 148
2207 4 1 25.0 55.0 148
2208 2 1 48.0 28.0 149
2209 4 1 48.0 28.0 149
2210 4 1 48.0 28.0 149
2211 4 1 48.0 28.0 149
2212 2 1 48.0 28.0 149
2213 4 1 48.0 28.0 149
2214 4 1 48.0 28.0 149
2215 4 1 48.0 28.0 149
2216 2 1 48.0 28.0 149
2217 4 1 48.0 28.0 149
2218 4 1 48.0 28.0 149
2219 4 1 48.0 28.0 149
2220 4 1 48.0 28.0 149
2221 4 1 48.0 28.0 149
2222 4 1 48.0 28.0 149
2223 4 1 48.0 28.0 149
2224 4 1 48.0 28.0 149
2225 2 1 48.0 28.0 149
2226 1 1 56.0 37.0 150
2227 4 1 56.0 37.0 150
2228 2 1 56.0 37.0 150
2229 4 1 56.0 37.0 150
2230 4 1 56.0 37.0 150
2231 4 1 56.0 37.0 150
2232 4 1 56.0 37.0 150
2233 1 1 56.0 37.0 150
2234 4 1 56.0 37.0 150
2235 2 1 56.0 37.0 150
2236 4 1 22.0 22.0 151
2237 4 1 22.0 22.0 151
2238 4 1 22.0 22.0 151
2239 1 1 22.0 22.0 151
2240 2 1 22.0 22.0 151
2241 4 1 22.0 22.0 151
2242 2 1 22.0 22.0 151
2243 2 1 22.0 22.0 151
2244 4 1 22.0 22.0 151
2245 4 1 22.0 22.0 151
2246 4 1 22.0 22.0 151
2247 4 1 22.0 22.0 151
2248 4 1 22.0 22.0 151
2249 4 1 22.0 22.0 151
2250 2 1 22.0 22.0 151
2251 4 1 22.0 22.0 151
2252 4 1 22.0 22.0 151
2253 2 1 22.0 22.0 151
2254 4 1 36.0 26.0 152
2255 2 1 36.0 26.0 152
2256 4 1 36.0 26.0 152
2257 2 1 36.0 26.0 152
2258 4 1 36.0 26.0 152
2259 4 1 36.0 26.0 152
2260 4 1 36.0 26.0 152
2261 2 1 36.0 26.0 152
2262 4 1 36.0 26.0 152
2263 4 1 36.0 26.0 152
2264 4 1 36.0 26.0 152
2265 4 1 36.0 26.0 152
2266 4 1 36.0 26.0 152
2267 4 1 36.0 26.0 152
2268 4 1 36.0 26.0 152
2269 4 1 36.0 26.0 152
2270 4 1 36.0 26.0 152
2271 4 1 36.0 26.0 152
2272 4 1 36.0 26.0 152
2273 2 1 36.0 26.0 152
2274 4 1 36.0 26.0 152
2275 4 1 36.0 26.0 152
2276 4 1 36.0 26.0 152
2277 4 1 36.0 26.0 152
2278 4 1 36.0 26.0 152
2279 4 1 36.0 26.0 152
2280 4 1 21.0 45.0 153
2281 4 1 21.0 45.0 153
2282 4 1 21.0 45.0 153
2283 4 1 21.0 45.0 153
2284 4 1 21.0 45.0 153
2285 4 1 21.0 45.0 153
2286 4 1 21.0 45.0 153
2287 4 1 21.0 45.0 153
2288 4 1 21.0 45.0 153
2289 4 1 21.0 45.0 153
2290 4 1 21.0 45.0 153
2291 4 1 45.0 35.0 154
2292 4 1 45.0 35.0 154
2293 4 1 45.0 35.0 154
2294 4 1 45.0 35.0 154
2295 4 1 45.0 35.0 154
2296 4 1 45.0 35.0 154
2297 4 1 45.0 35.0 154
2298 4 1 45.0 35.0 154
2299 2 1 45.0 35.0 154
2300 4 1 45.0 35.0 154
2301 4 1 45.0 35.0 154
2302 2 1 45.0 35.0 154
2303 4 1 45.0 35.0 154
2304 4 1 45.0 35.0 154
2305 2 1 45.0 35.0 154
2306 4 1 45.0 35.0 154
2307 4 1 45.0 35.0 154
2308 4 1 45.0 35.0 154
2309 4 1 45.0 35.0 154
2310 2 1 45.0 35.0 154
2311 4 1 45.0 35.0 154
2312 2 1 45.0 35.0 154
2313 2 1 45.0 35.0 154
2314 4 1 45.0 35.0 154
2315 4 1 45.0 35.0 154
2316 4 1 45.0 35.0 154
2317 4 1 45.0 35.0 154
2318 2 1 45.0 35.0 154
2319 4 1 45.0 35.0 154
2320 2 1 45.0 35.0 154
2321 4 1 55.0 20.0 155
2322 4 1 55.0 20.0 155
2323 4 1 55.0 20.0 155
2324 4 1 55.0 20.0 155
2325 4 1 55.0 20.0 155
2326 4 1 55.0 20.0 155
2327 4 1 55.0 20.0 155
2328 4 1 55.0 20.0 155
2329 4 1 55.0 20.0 155
2330 4 1 55.0 20.0 155
2331 4 1 55.0 20.0 155
2332 2 1 55.0 20.0 155
2333 4 1 55.0 20.0 155
2334 1 1 55.0 20.0 155
2335 4 1 55.0 20.0 155
2336 4 1 55.0 20.0 155
2337 4 1 55.0 20.0 155
2338 1 1 55.0 20.0 155
2339 4 1 55.0 20.0 155
2340 4 1 55.0 20.0 155
2341 4 1 55.0 20.0 155
2342 4 1 33.0 34.0 156
2343 4 1 33.0 34.0 156
2344 4 1 33.0 34.0 156
2345 4 1 33.0 34.0 156
2346 4 1 33.0 34.0 156
2347 4 1 33.0 34.0 156
2348 4 1 33.0 34.0 156
2349 4 1 33.0 34.0 156
2350 4 1 33.0 34.0 156
2351 4 1 33.0 34.0 156
2352 4 1 33.0 34.0 156
2353 4 1 33.0 34.0 156
2354 4 1 33.0 34.0 156
2355 4 1 33.0 34.0 156
2356 4 1 33.0 34.0 156
2357 4 1 33.0 34.0 156
2358 4 1 33.0 34.0 156
2359 4 1 33.0 34.0 156
2360 4 1 33.0 34.0 156
2361 4 1 50.0 50.0 157
2362 2 1 50.0 50.0 157
2363 4 1 50.0 50.0 157
2364 2 1 50.0 50.0 157
2365 4 1 50.0 50.0 157
2366 2 1 50.0 50.0 157
2367 4 1 50.0 50.0 157
2368 4 1 50.0 50.0 157
2369 4 1 50.0 50.0 157
2370 4 1 50.0 50.0 157
2371 2 1 50.0 50.0 157
2372 1 1 50.0 50.0 157
2373 4 1 50.0 50.0 157
2374 4 1 50.0 50.0 157
2375 4 1 50.0 50.0 157
2376 4 1 55.0 45.0 158
2377 4 1 55.0 45.0 158
2378 4 1 55.0 45.0 158
2379 4 1 55.0 45.0 158
2380 4 1 55.0 45.0 158
2381 4 1 55.0 45.0 158
2382 4 1 55.0 45.0 158
2383 4 1 55.0 45.0 158
2384 4 1 55.0 45.0 158
2385 4 1 55.0 45.0 158
2386 4 1 55.0 45.0 158
2387 2 1 55.0 45.0 158
2388 4 1 55.0 45.0 158
2389 4 1 55.0 45.0 158
2390 4 1 55.0 45.0 158
2391 1 1 55.0 45.0 158
2392 1 1 26.0 59.0 159
2393 4 1 26.0 59.0 159
2394 4 1 26.0 59.0 159
2395 4 1 26.0 59.0 159
2396 4 1 26.0 59.0 159
2397 1 1 26.0 59.0 159
2398 4 1 26.0 59.0 159
2399 4 1 26.0 59.0 159
2400 1 1 26.0 59.0 159
2401 4 1 26.0 59.0 159
2402 4 1 26.0 59.0 159
2403 4 1 26.0 59.0 159
2404 4 1 26.0 59.0 159
2405 4 1 26.0 59.0 159
2406 4 1 26.0 59.0 159
2407 2 1 26.0 59.0 159
2408 4 1 26.0 59.0 159
2409 1 1 26.0 59.0 159
2410 4 1 26.0 59.0 159
2411 4 1 26.0 59.0 159
2412 4 1 26.0 59.0 159
2413 4 1 26.0 59.0 159
2414 1 1 26.0 59.0 159
2415 4 1 26.0 59.0 159
2416 4 1 26.0 59.0 159
2417 4 1 26.0 59.0 159
2418 4 1 26.0 59.0 159
2419 4 1 26.0 59.0 159
2420 4 1 26.0 59.0 159
2421 4 1 40.0 66.0 160
2422 4 1 40.0 66.0 160
2423 2 1 40.0 66.0 160
2424 4 1 40.0 66.0 160
2425 4 1 40.0 66.0 160
2426 4 1 40.0 66.0 160
2427 4 1 40.0 66.0 160
2428 4 1 40.0 66.0 160
2429 4 1 40.0 66.0 160
2430 4 1 40.0 66.0 160
2431 4 1 40.0 66.0 160
2432 4 1 40.0 66.0 160
2433 4 1 40.0 66.0 160
2434 4 1 40.0 66.0 160
2435 4 1 40.0 66.0 160
2436 4 1 40.0 66.0 160
2437 4 1 40.0 66.0 160
2438 4 1 40.0 66.0 160
2439 4 1 40.0 66.0 160
2440 4 1 40.0 66.0 160
2441 4 1 40.0 66.0 160
2442 4 1 40.0 66.0 160
2443 4 1 40.0 66.0 160
2444 4 1 40.0 66.0 160
2445 2 1 40.0 66.0 160
2446 4 1 40.0 66.0 160
2447 2 1 55.0 65.0 161
2448 2 1 55.0 65.0 161
2449 2 1 55.0 65.0 161
2450 1 1 55.0 65.0 161
2451 2 1 55.0 65.0 161
2452 2 1 55.0 65.0 161
2453 2 1 55.0 65.0 161
2454 2 1 55.0 65.0 161
2455 2 1 55.0 65.0 161
2456 2 1 55.0 65.0 161
2457 2 1 55.0 65.0 161
2458 1 1 55.0 65.0 161
2459 2 1 55.0 65.0 161
2460 2 1 55.0 65.0 161
2461 1 1 55.0 65.0 161
2462 2 1 55.0 65.0 161
2463 1 1 55.0 65.0 161
2464 1 1 55.0 65.0 161
2465 2 1 55.0 65.0 161
2466 2 1 55.0 65.0 161
2467 2 1 55.0 65.0 161
2468 2 1 55.0 65.0 161
2469 2 1 55.0 65.0 161
2470 1 1 55.0 65.0 161
2471 2 1 55.0 65.0 161
2472 2 1 55.0 65.0 161
2473 2 1 55.0 65.0 161
2474 2 1 55.0 65.0 161
2475 2 1 55.0 65.0 161
2476 2 1 55.0 65.0 161
2477 2 1 55.0 65.0 161
2478 2 1 55.0 65.0 161
2479 1 1 55.0 65.0 161
2480 1 1 55.0 65.0 161
2481 2 1 55.0 65.0 161
2482 2 1 55.0 65.0 161
2483 2 1 55.0 65.0 161
2484 4 1 35.0 51.0 162
2485 4 1 35.0 51.0 162
2486 4 1 35.0 51.0 162
2487 4 1 35.0 51.0 162
2488 4 1 35.0 51.0 162
2489 4 1 35.0 51.0 162
2490 4 1 35.0 51.0 162
2491 2 1 35.0 51.0 162
2492 4 1 35.0 51.0 162
2493 4 1 35.0 51.0 162
2494 4 1 35.0 51.0 162
2495 4 1 35.0 51.0 162
2496 2 1 35.0 51.0 162
2497 4 1 35.0 51.0 162
2498 4 1 35.0 51.0 162
2499 2 1 35.0 51.0 162
2500 4 1 62.0 35.0 163
2501 4 1 62.0 35.0 163
2502 4 1 62.0 35.0 163
2503 4 1 62.0 35.0 163
2504 4 1 62.0 35.0 163
2505 4 1 62.0 35.0 163
2506 4 1 62.0 35.0 163
2507 4 1 62.0 35.0 163
2508 4 1 62.0 35.0 163
2509 4 1 62.0 35.0 163
2510 2 1 62.0 35.0 163
2511 4 1 62.0 35.0 163
2512 2 1 62.0 57.0 164
2513 1 1 62.0 57.0 164
2514 2 1 62.0 57.0 164
2515 2 1 62.0 57.0 164
2516 2 1 62.0 57.0 164
2517 1 1 62.0 57.0 164
2518 2 1 62.0 57.0 164
2519 1 1 62.0 57.0 164
2520 2 1 62.0 57.0 164
2521 2 1 62.0 57.0 164
2522 2 1 62.0 57.0 164
2523 2 1 62.0 57.0 164
2524 2 1 62.0 57.0 164
2525 2 1 62.0 57.0 164
2526 2 1 62.0 57.0 164
2527 2 1 62.0 57.0 164
2528 1 1 62.0 57.0 164
2529 1 1 62.0 57.0 164
2530 2 1 62.0 57.0 164
2531 2 1 62.0 57.0 164
2532 2 1 62.0 57.0 164
2533 2 1 62.0 57.0 164
2534 2 1 62.0 57.0 164
2535 1 1 62.0 57.0 164
2536 2 1 62.0 57.0 164
2537 2 1 62.0 57.0 164
2538 2 1 62.0 57.0 164
2539 1 1 62.0 57.0 164
2540 2 1 62.0 57.0 164
2541 2 1 62.0 57.0 164
2542 2 1 62.0 57.0 164
2543 4 1 62.0 24.0 165
2544 4 1 62.0 24.0 165
2545 1 1 62.0 24.0 165
2546 4 1 62.0 24.0 165
2547 4 1 62.0 24.0 165
2548 4 1 62.0 24.0 165
2549 4 1 62.0 24.0 165
2550 4 1 62.0 24.0 165
2551 4 1 21.0 36.0 166
2552 4 1 21.0 36.0 166
2553 2 1 21.0 36.0 166
2554 4 1 21.0 36.0 166
2555 4 1 21.0 36.0 166
2556 2 1 21.0 36.0 166
2557 4 1 21.0 36.0 166
2558 4 1 21.0 36.0 166
2559 4 1 21.0 36.0 166
2560 4 1 21.0 36.0 166
2561 2 1 21.0 36.0 166
2562 4 1 21.0 36.0 166
2563 4 1 21.0 36.0 166
2564 4 1 21.0 36.0 166
2565 4 1 21.0 36.0 166
2566 4 1 21.0 36.0 166
2567 4 1 21.0 36.0 166
2568 4 1 21.0 36.0 166
2569 4 1 21.0 36.0 166
2570 4 1 33.0 44.0 167
2571 4 1 33.0 44.0 167
2572 4 1 33.0 44.0 167
2573 4 1 33.0 44.0 167
2574 4 1 33.0 44.0 167
2575 4 1 33.0 44.0 167
2576 4 1 33.0 44.0 167
2577 4 1 33.0 44.0 167
2578 4 1 33.0 44.0 167
2579 4 1 33.0 44.0 167
2580 4 1 33.0 44.0 167
2581 4 1 33.0 44.0 167
2582 4 1 33.0 44.0 167
2583 4 1 33.0 44.0 167
2584 4 1 33.0 44.0 167
2585 4 1 33.0 44.0 167
2586 4 1 33.0 44.0 167
2587 4 1 33.0 44.0 167
2588 4 1 33.0 44.0 167
2589 4 1 33.0 44.0 167
2590 2 1 9.0 56.0 168
2591 2 1 9.0 56.0 168
2592 2 1 9.0 56.0 168
2593 1 1 9.0 56.0 168
2594 2 1 9.0 56.0 168
2595 2 1 9.0 56.0 168
2596 2 1 9.0 56.0 168
2597 2 1 9.0 56.0 168
2598 2 1 9.0 56.0 168
2599 2 1 9.0 56.0 168
2600 2 1 9.0 56.0 168
2601 2 1 9.0 56.0 168
2602 2 1 9.0 56.0 168
2603 4 1 62.0 48.0 169
2604 1 1 62.0 48.0 169
2605 4 1 62.0 48.0 169
2606 4 1 62.0 48.0 169
2607 4 1 62.0 48.0 169
2608 4 1 62.0 48.0 169
2609 4 1 62.0 48.0 169
2610 4 1 62.0 48.0 169
2611 4 1 62.0 48.0 169
2612 1 1 62.0 48.0 169
2613 4 1 62.0 48.0 169
2614 4 1 62.0 48.0 169
2615 4 1 62.0 48.0 169
2616 4 1 62.0 48.0 169
2617 4 1 62.0 48.0 169
2618 1 1 66.0 14.0 170
2619 2 1 66.0 14.0 170
2620 2 1 66.0 14.0 170
2621 2 1 66.0 14.0 170
2622 2 1 66.0 14.0 170
2623 2 1 66.0 14.0 170
2624 2 1 66.0 14.0 170
2625 2 1 66.0 14.0 170
2626 2 1 66.0 14.0 170
2627 2 1 66.0 14.0 170
2628 2 1 66.0 14.0 170
2629 1 1 66.0 14.0 170
2630 2 1 66.0 14.0 170
2631 2 1 66.0 14.0 170
2632 2 1 66.0 14.0 170
2633 2 1 66.0 14.0 170
2634 1 1 66.0 14.0 170
2635 2 1 66.0 14.0 170
2636 2 1 66.0 14.0 170
2637 2 1 66.0 14.0 170
2638 2 1 66.0 14.0 170
2639 2 1 66.0 14.0 170
2640 4 1 44.0 13.0 171
2641 4 1 44.0 13.0 171
2642 4 1 44.0 13.0 171
2643 4 1 44.0 13.0 171
2644 4 1 44.0 13.0 171
2645 1 1 44.0 13.0 171
2646 1 1 44.0 13.0 171
2647 2 1 44.0 13.0 171
2648 2 1 44.0 13.0 171
2649 1 1 44.0 13.0 171
2650 4 1 44.0 13.0 171
2651 2 1 44.0 13.0 171
2652 4 1 44.0 13.0 171
2653 4 1 44.0 13.0 171
2654 1 1 44.0 13.0 171
2655 1 1 44.0 13.0 171
2656 4 1 44.0 13.0 171
2657 4 1 44.0 13.0 171
2658 4 1 44.0 13.0 171
2659 4 1 44.0 13.0 171
2660 4 1 44.0 13.0 171
2661 2 1 44.0 13.0 171
2662 4 1 44.0 13.0 171
2663 2 1 44.0 13.0 171
2664 4 1 44.0 13.0 171
2665 4 1 44.0 13.0 171
2666 4 1 44.0 13.0 171
2667 4 1 44.0 13.0 171
2668 4 1 26.0 13.0 172
2669 1 1 26.0 13.0 172
2670 4 1 26.0 13.0 172
2671 2 1 26.0 13.0 172
2672 4 1 26.0 13.0 172
2673 4 1 26.0 13.0 172
2674 4 1 26.0 13.0 172
2675 4 1 26.0 13.0 172
2676 4 1 26.0 13.0 172
2677 4 1 26.0 13.0 172
2678 4 1 26.0 13.0 172
2679 4 1 26.0 13.0 172
2680 4 1 11.0 28.0 173
2681 4 1 11.0 28.0 173
2682 4 1 11.0 28.0 173
2683 4 1 11.0 28.0 173
2684 4 1 11.0 28.0 173
2685 4 1 11.0 28.0 173
2686 4 1 7.0 43.0 174
2687 4 1 7.0 43.0 174
2688 1 1 7.0 43.0 174
2689 1 1 7.0 43.0 174
2690 4 1 7.0 43.0 174
2691 4 1 7.0 43.0 174
2692 4 1 7.0 43.0 174
2693 2 1 7.0 43.0 174
2694 4 1 7.0 43.0 174
2695 4 1 7.0 43.0 174
2696 2 1 7.0 43.0 174
2697 4 1 7.0 43.0 174
2698 4 1 7.0 43.0 174
2699 4 1 7.0 43.0 174
2700 1 1 7.0 43.0 174
2701 4 1 7.0 43.0 174
2702 4 1 7.0 43.0 174
2703 2 1 7.0 43.0 174
2704 4 1 7.0 43.0 174
2705 4 1 7.0 43.0 174
2706 4 1 7.0 43.0 174
2707 4 1 7.0 43.0 174
2708 2 1 7.0 43.0 174
2709 4 1 7.0 43.0 174
2710 4 1 7.0 43.0 174
2711 4 1 7.0 43.0 174
2712 1 1 7.0 43.0 174
2713 2 1 17.0 64.0 175
2714 1 1 17.0 64.0 175
2715 2 1 17.0 64.0 175
2716 2 1 17.0 64.0 175
2717 1 1 17.0 64.0 175
2718 2 1 17.0 64.0 175
2719 2 1 17.0 64.0 175
2720 2 1 17.0 64.0 175
2721 2 1 17.0 64.0 175
2722 2 1 17.0 64.0 175
2723 2 1 17.0 64.0 175
2724 2 1 17.0 64.0 175
2725 2 1 17.0 64.0 175
2726 2 1 17.0 64.0 175
2727 4 1 41.0 46.0 176
2728 4 1 41.0 46.0 176
2729 4 1 41.0 46.0 176
2730 4 1 41.0 46.0 176
2731 4 1 41.0 46.0 176
2732 4 1 41.0 46.0 176
2733 4 1 41.0 46.0 176
2734 4 1 41.0 46.0 176
2735 4 1 41.0 46.0 176
2736 4 1 41.0 46.0 176
2737 4 1 41.0 46.0 176
2738 2 1 41.0 46.0 176
2739 4 1 41.0 46.0 176
2740 4 1 41.0 46.0 176
2741 4 1 41.0 46.0 176
2742 4 1 41.0 46.0 176
2743 4 1 41.0 46.0 176
2744 4 1 41.0 46.0 176
2745 4 1 55.0 34.0 177
2746 2 1 55.0 34.0 177
2747 4 1 55.0 34.0 177
2748 4 1 55.0 34.0 177
2749 4 1 55.0 34.0 177
2750 4 1 55.0 34.0 177
2751 4 1 55.0 34.0 177
2752 4 1 55.0 34.0 177
2753 4 1 55.0 34.0 177
2754 4 1 55.0 34.0 177
2755 4 1 55.0 34.0 177
2756 4 1 55.0 34.0 177
2757 4 1 55.0 34.0 177
2758 4 1 55.0 34.0 177
2759 4 1 55.0 34.0 177
2760 4 1 55.0 34.0 177
2761 1 1 55.0 34.0 177
2762 4 1 35.0 16.0 178
2763 4 1 35.0 16.0 178
2764 4 1 35.0 16.0 178
2765 4 1 35.0 16.0 178
2766 4 1 35.0 16.0 178
2767 4 1 35.0 16.0 178
2768 4 1 35.0 16.0 178
2769 4 1 35.0 16.0 178
2770 4 1 35.0 16.0 178
2771 4 1 35.0 16.0 178
2772 4 1 35.0 16.0 178
2773 4 1 35.0 16.0 178
2774 4 1 35.0 16.0 178
2775 4 1 35.0 16.0 178
2776 4 1 35.0 16.0 178
2777 4 1 35.0 16.0 178
2778 2 1 35.0 16.0 178
2779 4 1 35.0 16.0 178
2780 4 1 35.0 16.0 178
2781 4 1 35.0 16.0 178
2782 4 1 35.0 16.0 178
2783 4 1 35.0 16.0 178
2784 4 1 35.0 16.0 178
2785 4 1 35.0 16.0 178
2786 4 1 35.0 16.0 178
2787 4 1 35.0 16.0 178
2788 4 1 35.0 16.0 178
2789 4 1 35.0 16.0 178
2790 4 1 35.0 16.0 178
2791 4 1 52.0 26.0 179
2792 1 1 52.0 26.0 179
2793 4 1 52.0 26.0 179
2794 2 1 52.0 26.0 179
2795 4 1 52.0 26.0 179
2796 4 1 52.0 26.0 179
2797 4 1 52.0 26.0 179
2798 4 1 52.0 26.0 179
2799 1 1 52.0 26.0 179
2800 4 1 52.0 26.0 179
2801 2 1 52.0 26.0 179
2802 4 1 52.0 26.0 179
2803 4 1 52.0 26.0 179
2804 4 1 43.0 26.0 180
2805 2 1 43.0 26.0 180
2806 2 1 43.0 26.0 180
2807 4 1 43.0 26.0 180
2808 4 1 43.0 26.0 180
2809 4 1 43.0 26.0 180
2810 2 1 43.0 26.0 180
2811 4 1 43.0 26.0 180
2812 4 1 43.0 26.0 180
2813 4 1 43.0 26.0 180
2814 4 1 43.0 26.0 180
2815 4 1 43.0 26.0 180
2816 4 1 43.0 26.0 180
2817 4 1 43.0 26.0 180
2818 2 1 43.0 26.0 180
2819 4 1 43.0 26.0 180
2820 2 1 43.0 26.0 180
2821 4 1 43.0 26.0 180
2822 4 1 43.0 26.0 180
2823 4 1 43.0 26.0 180
2824 4 1 43.0 26.0 180
2825 4 1 43.0 26.0 180
2826 1 1 31.0 76.0 181
2827 1 1 31.0 76.0 181
2828 1 1 31.0 76.0 181
2829 1 1 31.0 76.0 181
2830 1 1 31.0 76.0 181
2831 1 1 31.0 76.0 181
2832 1 1 31.0 76.0 181
2833 1 1 31.0 76.0 181
2834 1 1 31.0 76.0 181
2835 1 1 31.0 76.0 181
2836 1 1 31.0 76.0 181
2837 1 1 31.0 76.0 181
2838 1 1 31.0 76.0 181
2839 1 1 31.0 76.0 181
2840 1 1 31.0 76.0 181
2841 1 1 31.0 76.0 181
2842 1 1 31.0 76.0 181
2843 1 1 31.0 76.0 181
2844 1 1 31.0 76.0 181
2845 1 1 31.0 76.0 181
2846 1 1 31.0 76.0 181
2847 1 1 31.0 76.0 181
2848 1 1 31.0 76.0 181
2849 1 1 31.0 76.0 181
2850 1 1 31.0 76.0 181
2851 4 1 22.0 53.0 182
2852 4 1 22.0 53.0 182
2853 4 1 22.0 53.0 182
2854 4 1 22.0 53.0 182
2855 4 1 22.0 53.0 182
2856 4 1 22.0 53.0 182
2857 4 1 22.0 53.0 182
2858 2 1 22.0 53.0 182
2859 4 1 22.0 53.0 182
2860 4 1 22.0 53.0 182
2861 4 1 22.0 53.0 182
2862 2 1 22.0 53.0 182
2863 4 1 22.0 53.0 182
2864 1 1 22.0 53.0 182
2865 4 1 22.0 53.0 182
2866 4 1 22.0 53.0 182
2867 4 1 22.0 53.0 182
2868 4 1 22.0 53.0 182
2869 4 1 22.0 53.0 182
2870 1 1 22.0 53.0 182
2871 4 1 22.0 53.0 182
2872 4 1 22.0 53.0 182
2873 4 1 22.0 53.0 182
2874 4 1 22.0 53.0 182
2875 2 1 22.0 53.0 182
2876 4 1 22.0 53.0 182
2877 4 1 22.0 53.0 182
2878 4 1 22.0 53.0 182
2879 4 1 26.0 29.0 183
2880 4 1 26.0 29.0 183
2881 4 1 26.0 29.0 183
2882 4 1 26.0 29.0 183
2883 2 1 26.0 29.0 183
2884 2 1 26.0 29.0 183
2885 2 1 26.0 29.0 183
2886 4 1 26.0 29.0 183
2887 4 1 26.0 29.0 183
2888 4 1 26.0 29.0 183
2889 2 1 26.0 29.0 183
2890 4 1 26.0 29.0 183
2891 4 1 26.0 29.0 183
2892 2 1 26.0 29.0 183
2893 4 1 26.0 29.0 183
2894 4 1 26.0 29.0 183
2895 4 1 26.0 29.0 183
2896 4 1 26.0 29.0 183
2897 4 1 26.0 29.0 183
2898 4 1 26.0 29.0 183
2899 4 1 26.0 29.0 183
2900 4 1 26.0 29.0 183
2901 2 1 26.0 29.0 183
2902 4 1 26.0 29.0 183
2903 2 1 26.0 29.0 183
2904 4 1 26.0 29.0 183
2905 2 1 26.0 29.0 183
2906 2 1 50.0 40.0 184
2907 4 1 50.0 40.0 184
2908 4 1 50.0 40.0 184
2909 4 1 50.0 40.0 184
2910 4 1 50.0 40.0 184
2911 2 1 50.0 40.0 184
2912 2 1 50.0 40.0 184
2913 2 1 50.0 40.0 184
2914 4 1 50.0 40.0 184
2915 2 1 50.0 40.0 184
2916 4 1 50.0 40.0 184
2917 2 1 50.0 40.0 184
2918 4 1 50.0 40.0 184
2919 4 1 50.0 40.0 184
2920 4 1 50.0 40.0 184
2921 4 1 50.0 40.0 184
2922 2 1 50.0 40.0 184
2923 4 1 50.0 40.0 184
2924 4 1 50.0 40.0 184
2925 4 1 55.0 50.0 185
2926 4 1 55.0 50.0 185
2927 4 1 55.0 50.0 185
2928 1 1 55.0 50.0 185
2929 1 1 55.0 50.0 185
2930 4 1 55.0 50.0 185
2931 4 1 55.0 50.0 185
2932 4 1 55.0 50.0 185
2933 4 1 55.0 50.0 185
2934 4 1 55.0 50.0 185
2935 2 1 54.0 10.0 186
2936 2 1 54.0 10.0 186
2937 2 1 54.0 10.0 186
2938 1 1 54.0 10.0 186
2939 2 1 54.0 10.0 186
2940 2 1 54.0 10.0 186
2941 2 1 54.0 10.0 186
2942 1 1 54.0 10.0 186
2943 2 1 54.0 10.0 186
2944 1 1 54.0 10.0 186
2945 2 1 54.0 10.0 186
2946 2 1 54.0 10.0 186
2947 2 1 60.0 15.0 187
2948 2 1 60.0 15.0 187
2949 1 1 60.0 15.0 187
2950 2 1 60.0 15.0 187
2951 2 1 60.0 15.0 187
2952 2 1 60.0 15.0 187
2953 2 1 60.0 15.0 187
2954 1 1 60.0 15.0 187
2955 2 1 60.0 15.0 187
2956 2 1 60.0 15.0 187
2957 2 1 60.0 15.0 187
2958 2 1 60.0 15.0 187
2959 2 1 60.0 15.0 187
2960 1 1 60.0 15.0 187
2961 1 1 47.0 66.0 188
2962 2 1 47.0 66.0 188
2963 2 1 47.0 66.0 188
2964 2 1 47.0 66.0 188
2965 2 1 47.0 66.0 188
2966 2 1 47.0 66.0 188
2967 2 1 47.0 66.0 188
2968 2 1 47.0 66.0 188
2969 2 1 47.0 66.0 188
2970 2 1 47.0 66.0 188
2971 2 1 47.0 66.0 188
2972 2 1 47.0 66.0 188
2973 2 1 47.0 66.0 188
2974 1 1 47.0 66.0 188
2975 2 1 47.0 66.0 188
2976 2 1 47.0 66.0 188
2977 2 1 47.0 66.0 188
2978 2 1 47.0 66.0 188
2979 1 1 47.0 66.0 188
2980 2 1 47.0 66.0 188
2981 2 1 47.0 66.0 188
2982 2 1 47.0 66.0 188
2983 2 1 47.0 66.0 188
2984 2 1 47.0 66.0 188
2985 4 1 30.0 60.0 189
2986 4 1 30.0 60.0 189
2987 4 1 30.0 60.0 189
2988 4 1 30.0 60.0 189
2989 2 1 30.0 60.0 189
2990 4 1 30.0 60.0 189
2991 2 1 30.0 60.0 189
2992 4 1 30.0 60.0 189
2993 2 1 30.0 60.0 189
2994 4 1 30.0 60.0 189
2995 4 1 30.0 60.0 189
2996 4 1 30.0 60.0 189
2997 4 1 30.0 60.0 189
2998 4 1 30.0 60.0 189
2999 2 1 30.0 60.0 189
3000 4 1 30.0 60.0 189
3001 4 1 30.0 50.0 190
3002 4 1 30.0 50.0 190
3003 2 1 30.0 50.0 190
3004 4 1 30.0 50.0 190
3005 2 1 30.0 50.0 190
3006 4 1 30.0 50.0 190
3007 4 1 30.0 50.0 190
3008 4 1 30.0 50.0 190
3009 4 1 30.0 50.0 190
3010 4 1 30.0 50.0 190
3011 4 1 30.0 50.0 190
3012 4 1 30.0 50.0 190
3013 4 1 30.0 50.0 190
3014 4 1 30.0 50.0 190
3015 4 1 30.0 50.0 190
3016 4 1 30.0 50.0 190
3017 4 1 30.0 50.0 190
3018 4 1 30.0 50.0 190
3019 2 1 30.0 50.0 190
3020 4 1 30.0 50.0 190
3021 2 1 30.0 50.0 190
3022 4 1 30.0 50.0 190
3023 4 1 30.0 50.0 190
3024 4 1 30.0 50.0 190
3025 4 1 30.0 50.0 190
3026 4 1 30.0 50.0 190
3027 4 1 30.0 50.0 190
3028 4 1 30.0 50.0 190
3029 2 1 30.0 50.0 190
3030 4 1 30.0 50.0 190
3031 4 1 30.0 50.0 190
3032 4 1 30.0 50.0 190
3033 4 1 30.0 50.0 190
