1338
1 2 1 25.0 1.0 1
2 2 1 25.0 1.0 1
3 2 1 25.0 1.0 1
4 2 1 25.0 1.0 1
5 1 1 25.0 1.0 1
6 2 1 25.0 1.0 1
7 2 1 25.0 1.0 1
8 2 1 25.0 1.0 1
9 2 1 25.0 1.0 1
10 2 1 25.0 1.0 1
11 2 1 25.0 1.0 1
12 2 1 25.0 1.0 1
13 2 1 25.0 1.0 1
14 2 1 25.0 1.0 1
15 2 1 25.0 1.0 1
16 2 1 25.0 1.0 1
17 2 1 25.0 1.0 1
18 1 1 25.0 1.0 1
19 1 1 25.0 1.0 1
20 2 1 25.0 1.0 1
21 2 1 25.0 1.0 1
22 2 1 25.0 1.0 1
23 2 1 25.0 1.0 1
24 2 1 25.0 1.0 1
25 2 1 25.0 1.0 1
26 4 1 25.0 3.0 2
27 4 1 25.0 3.0 2
28 2 1 25.0 3.0 2
29 1 1 25.0 3.0 2
30 2 1 25.0 3.0 2
31 4 1 25.0 3.0 2
32 4 1 25.0 3.0 2
33 1 1 31.0 5.0 3
34 4 1 31.0 5.0 3
35 2 1 31.0 5.0 3
36 4 1 31.0 5.0 3
37 4 1 31.0 5.0 3
38 4 1 31.0 5.0 3
39 4 1 31.0 5.0 3
40 4 1 31.0 5.0 3
41 4 1 31.0 5.0 3
42 1 1 31.0 5.0 3
43 4 1 31.0 5.0 3
44 4 1 31.0 5.0 3
45 4 1 31.0 5.0 3
46 4 1 32.0 5.0 4
47 4 1 32.0 5.0 4
48 4 1 32.0 5.0 4
49 4 1 32.0 5.0 4
50 4 1 32.0 5.0 4
51 1 1 32.0 5.0 4
52 4 1 31.0 7.0 5
53 4 1 31.0 7.0 5
54 4 1 31.0 7.0 5
55 1 1 31.0 7.0 5
56 4 1 31.0 7.0 5
57 4 1 31.0 7.0 5
58 2 1 31.0 7.0 5
59 4 1 31.0 7.0 5
60 4 1 31.0 7.0 5
61 1 1 31.0 7.0 5
62 4 1 31.0 7.0 5
63 4 1 31.0 7.0 5
64 4 1 31.0 7.0 5
65 4 1 31.0 7.0 5
66 4 1 32.0 9.0 6
67 4 1 32.0 9.0 6
68 4 1 32.0 9.0 6
69 4 1 32.0 9.0 6
70 2 1 32.0 9.0 6
71 4 1 34.0 9.0 7
72 4 1 34.0 9.0 7
73 4 1 34.0 9.0 7
74 4 1 34.0 9.0 7
75 4 1 34.0 9.0 7
76 4 1 34.0 9.0 7
77 4 1 34.0 9.0 7
78 4 1 34.0 9.0 7
79 4 1 34.0 9.0 7
80 4 1 34.0 9.0 7
81 4 1 34.0 9.0 7
82 4 1 46.0 9.0 8
83 4 1 46.0 9.0 8
84 1 1 46.0 9.0 8
85 4 1 46.0 9.0 8
86 2 1 46.0 9.0 8
87 4 1 46.0 9.0 8
88 4 1 46.0 9.0 8
89 4 1 46.0 9.0 8
90 4 1 46.0 9.0 8
91 4 1 46.0 9.0 8
92 4 1 46.0 9.0 8
93 4 1 46.0 9.0 8
94 1 1 46.0 9.0 8
95 4 1 46.0 9.0 8
96 4 1 46.0 9.0 8
97 4 1 46.0 9.0 8
98 1 1 46.0 9.0 8
99 4 1 46.0 9.0 8
100 4 1 46.0 9.0 8
101 1 1 35.0 7.0 9
102 4 1 35.0 7.0 9
103 2 1 35.0 7.0 9
104 4 1 35.0 7.0 9
105 4 1 35.0 7.0 9
106 1 1 34.0 6.0 10
107 4 1 34.0 6.0 10
108 4 1 34.0 6.0 10
109 4 1 34.0 6.0 10
110 4 1 34.0 6.0 10
111 4 1 34.0 6.0 10
112 4 1 34.0 6.0 10
113 4 1 34.0 6.0 10
114 4 1 34.0 6.0 10
115 4 1 34.0 6.0 10
116 4 1 34.0 6.0 10
117 4 1 34.0 6.0 10
118 4 1 34.0 6.0 10
119 4 1 34.0 6.0 10
120 4 1 34.0 6.0 10
121 4 1 35.0 5.0 11
122 1 1 35.0 5.0 11
123 4 1 35.0 5.0 11
124 4 1 35.0 5.0 11
125 4 1 35.0 5.0 11
126 4 1 35.0 5.0 11
127 4 1 35.0 5.0 11
128 1 1 35.0 5.0 11
129 1 1 35.0 5.0 11
130 4 1 35.0 5.0 11
131 4 1 35.0 5.0 11
132 2 1 35.0 5.0 11
133 4 1 35.0 5.0 11
134 4 1 35.0 5.0 11
135 4 1 35.0 5.0 11
136 4 1 47.0 6.0 12
137 4 1 47.0 6.0 12
138 4 1 47.0 6.0 12
139 4 1 47.0 6.0 12
140 4 1 47.0 6.0 12
141 4 1 47.0 6.0 12
142 1 1 47.0 6.0 12
143 4 1 47.0 6.0 12
144 4 1 47.0 6.0 12
145 1 1 47.0 6.0 12
146 4 1 47.0 6.0 12
147 4 1 47.0 6.0 12
148 4 1 47.0 6.0 12
149 4 1 47.0 6.0 12
150 4 1 47.0 6.0 12
151 2 1 47.0 6.0 12
152 1 1 47.0 6.0 12
153 2 1 40.0 5.0 13
154 2 1 40.0 5.0 13
155 4 1 40.0 5.0 13
156 4 1 40.0 5.0 13
157 1 1 40.0 5.0 13
158 4 1 40.0 5.0 13
159 4 1 40.0 5.0 13
160 4 1 40.0 5.0 13
161 4 1 40.0 5.0 13
162 4 1 40.0 5.0 13
163 1 1 40.0 5.0 13
164 4 1 40.0 5.0 13
165 2 1 40.0 5.0 13
166 4 1 39.0 3.0 14
167 4 1 39.0 3.0 14
168 4 1 39.0 3.0 14
169 4 1 39.0 3.0 14
170 4 1 39.0 3.0 14
171 2 1 39.0 3.0 14
172 4 1 39.0 3.0 14
173 2 1 39.0 3.0 14
174 4 1 39.0 3.0 14
175 4 1 39.0 3.0 14
176 4 1 39.0 3.0 14
177 4 1 39.0 3.0 14
178 1 1 36.0 3.0 15
179 4 1 36.0 3.0 15
180 4 1 36.0 3.0 15
181 1 1 36.0 3.0 15
182 4 1 36.0 3.0 15
183 2 1 36.0 3.0 15
184 4 1 36.0 3.0 15
185 4 1 36.0 3.0 15
186 4 1 36.0 3.0 15
187 1 1 36.0 3.0 15
188 4 1 36.0 3.0 15
189 4 1 36.0 3.0 15
190 4 1 36.0 3.0 15
191 4 1 36.0 3.0 15
192 4 1 36.0 3.0 15
193 4 1 36.0 3.0 15
194 4 1 36.0 3.0 15
195 4 1 36.0 3.0 15
196 4 1 73.0 6.0 16
197 4 1 73.0 6.0 16
198 2 1 73.0 6.0 16
199 4 1 73.0 6.0 16
200 4 1 73.0 6.0 16
201 4 1 73.0 6.0 16
202 2 1 73.0 6.0 16
203 4 1 73.0 6.0 16
204 4 1 73.0 6.0 16
205 4 1 73.0 6.0 16
206 4 1 73.0 6.0 16
207 1 1 73.0 6.0 16
208 4 1 73.0 6.0 16
209 2 1 73.0 8.0 17
210 4 1 73.0 8.0 17
211 4 1 73.0 8.0 17
212 4 1 73.0 8.0 17
213 1 1 73.0 8.0 17
214 4 1 73.0 8.0 17
215 4 1 73.0 8.0 17
216 4 1 73.0 8.0 17
217 4 1 73.0 8.0 17
218 4 1 73.0 8.0 17
219 2 1 73.0 8.0 17
220 4 1 73.0 8.0 17
221 4 1 73.0 8.0 17
222 4 1 73.0 8.0 17
223 4 1 73.0 8.0 17
224 4 1 73.0 8.0 17
225 4 1 73.0 8.0 17
226 4 1 73.0 8.0 17
227 2 1 24.0 36.0 18
228 4 1 24.0 36.0 18
229 4 1 24.0 36.0 18
230 2 1 24.0 36.0 18
231 4 1 24.0 36.0 18
232 2 1 24.0 36.0 18
233 4 1 24.0 36.0 18
234 4 1 24.0 36.0 18
235 4 1 24.0 36.0 18
236 4 1 24.0 36.0 18
237 4 1 24.0 36.0 18
238 4 1 24.0 36.0 18
239 4 1 76.0 6.0 19
240 2 1 76.0 6.0 19
241 4 1 76.0 6.0 19
242 2 1 76.0 6.0 19
243 4 1 76.0 6.0 19
244 4 1 76.0 6.0 19
245 4 1 76.0 6.0 19
246 4 1 76.0 6.0 19
247 4 1 76.0 6.0 19
248 4 1 76.0 6.0 19
249 2 1 76.0 6.0 19
250 2 1 76.0 6.0 19
251 4 1 76.0 6.0 19
252 4 1 76.0 6.0 19
253 4 1 76.0 6.0 19
254 2 1 76.0 6.0 19
255 1 1 76.0 6.0 19
256 4 1 76.0 10.0 20
257 4 1 76.0 10.0 20
258 4 1 76.0 10.0 20
259 4 1 76.0 10.0 20
260 1 1 76.0 13.0 21
261 4 1 76.0 13.0 21
262 4 1 76.0 13.0 21
263 4 1 76.0 13.0 21
264 4 1 76.0 13.0 21
265 4 1 76.0 13.0 21
266 2 1 76.0 13.0 21
267 4 1 78.0 3.0 22
268 4 1 78.0 3.0 22
269 4 1 78.0 3.0 22
270 4 1 78.0 3.0 22
271 4 1 78.0 3.0 22
272 2 1 78.0 3.0 22
273 4 1 78.0 3.0 22
274 4 1 78.0 3.0 22
275 2 1 78.0 3.0 22
276 4 1 78.0 3.0 22
277 4 1 78.0 3.0 22
278 4 1 78.0 3.0 22
279 4 1 78.0 9.0 23
280 4 1 78.0 9.0 23
281 4 1 78.0 9.0 23
282 4 1 78.0 9.0 23
283 4 1 78.0 9.0 23
284 4 1 78.0 9.0 23
285 4 1 78.0 9.0 23
286 4 1 78.0 9.0 23
287 4 1 78.0 9.0 23
288 4 1 78.0 9.0 23
289 4 1 78.0 9.0 23
290 4 1 78.0 9.0 23
291 4 1 78.0 9.0 23
292 2 1 79.0 3.0 24
293 2 1 79.0 3.0 24
294 2 1 79.0 3.0 24
295 2 1 79.0 3.0 24
296 2 1 79.0 3.0 24
297 1 1 79.0 3.0 24
298 2 1 79.0 3.0 24
299 2 1 79.0 3.0 24
300 4 1 79.0 5.0 25
301 4 1 79.0 5.0 25
302 2 1 79.0 5.0 25
303 4 1 79.0 5.0 25
304 4 1 79.0 5.0 25
305 4 1 79.0 5.0 25
306 4 1 79.0 5.0 25
307 4 1 79.0 5.0 25
308 4 1 79.0 5.0 25
309 4 1 79.0 5.0 25
310 4 1 79.0 5.0 25
311 4 1 79.0 5.0 25
312 1 1 79.0 5.0 25
313 4 1 79.0 5.0 25
314 4 1 79.0 5.0 25
315 4 1 79.0 5.0 25
316 4 1 79.0 11.0 26
317 4 1 79.0 11.0 26
318 4 1 79.0 11.0 26
319 4 1 79.0 11.0 26
320 1 1 79.0 11.0 26
321 4 1 79.0 11.0 26
322 4 1 79.0 11.0 26
323 4 1 79.0 11.0 26
324 4 1 79.0 11.0 26
325 4 1 79.0 11.0 26
326 1 1 79.0 11.0 26
327 4 1 79.0 11.0 26
328 4 1 79.0 11.0 26
329 4 1 79.0 11.0 26
330 1 1 79.0 11.0 26
331 2 1 82.0 3.0 27
332 2 1 82.0 3.0 27
333 2 1 82.0 3.0 27
334 2 1 82.0 3.0 27
335 2 1 82.0 3.0 27
336 2 1 82.0 3.0 27
337 4 1 82.0 7.0 28
338 4 1 82.0 7.0 28
339 2 1 82.0 7.0 28
340 4 1 82.0 7.0 28
341 2 1 82.0 7.0 28
342 2 1 90.0 15.0 29
343 2 1 90.0 15.0 29
344 2 1 90.0 15.0 29
345 1 1 90.0 15.0 29
346 2 1 90.0 15.0 29
347 2 1 90.0 15.0 29
348 2 1 90.0 15.0 29
349 1 1 90.0 15.0 29
350 2 1 90.0 15.0 29
351 2 1 84.0 3.0 30
352 2 1 84.0 3.0 30
353 2 1 84.0 3.0 30
354 2 1 84.0 3.0 30
355 1 1 84.0 3.0 30
356 2 1 84.0 3.0 30
357 1 1 84.0 3.0 30
358 1 1 84.0 3.0 30
359 2 1 84.0 3.0 30
360 1 1 84.0 3.0 30
361 2 1 84.0 3.0 30
362 2 1 84.0 5.0 31
363 2 1 84.0 5.0 31
364 1 1 84.0 5.0 31
365 2 1 84.0 5.0 31
366 1 1 84.0 5.0 31
367 2 1 84.0 5.0 31
368 1 1 84.0 5.0 31
369 1 1 84.0 5.0 31
370 2 1 84.0 5.0 31
371 1 1 84.0 5.0 31
372 2 1 84.0 9.0 32
373 4 1 84.0 9.0 32
374 4 1 84.0 9.0 32
375 2 1 85.0 1.0 33
376 2 1 85.0 1.0 33
377 2 1 85.0 1.0 33
378 2 1 85.0 1.0 33
379 2 1 85.0 1.0 33
380 2 1 85.0 1.0 33
381 2 1 85.0 1.0 33
382 2 1 87.0 5.0 34
383 2 1 87.0 5.0 34
384 2 1 85.0 8.0 35
385 2 1 85.0 8.0 35
386 2 1 85.0 8.0 35
387 2 1 85.0 8.0 35
388 2 1 87.0 7.0 36
389 2 1 87.0 7.0 36
390 2 1 87.0 7.0 36
391 1 1 87.0 7.0 36
392 4 1 86.0 41.0 37
393 4 1 86.0 41.0 37
394 4 1 86.0 41.0 37
395 4 1 86.0 41.0 37
396 4 1 86.0 41.0 37
397 4 1 86.0 41.0 37
398 4 1 86.0 41.0 37
399 4 1 86.0 41.0 37
400 4 1 86.0 41.0 37
401 4 1 86.0 41.0 37
402 4 1 86.0 41.0 37
403 4 1 86.0 41.0 37
404 4 1 86.0 41.0 37
405 4 1 86.0 41.0 37
406 4 1 86.0 41.0 37
407 4 1 86.0 41.0 37
408 4 1 86.0 41.0 37
409 4 1 86.0 41.0 37
410 4 1 86.0 44.0 38
411 4 1 86.0 44.0 38
412 4 1 86.0 44.0 38
413 4 1 86.0 44.0 38
414 4 1 86.0 44.0 38
415 1 1 86.0 44.0 38
416 4 1 86.0 44.0 38
417 4 1 86.0 44.0 38
418 4 1 86.0 44.0 38
419 1 1 86.0 44.0 38
420 4 1 86.0 44.0 38
421 4 1 86.0 44.0 38
422 4 1 86.0 44.0 38
423 4 1 86.0 44.0 38
424 1 1 86.0 46.0 39
425 4 1 86.0 46.0 39
426 1 1 86.0 46.0 39
427 4 1 86.0 46.0 39
428 4 1 86.0 46.0 39
429 4 1 86.0 46.0 39
430 4 1 86.0 46.0 39
431 4 1 86.0 46.0 39
432 1 1 86.0 46.0 39
433 1 1 86.0 46.0 39
434 4 1 86.0 46.0 39
435 1 1 86.0 46.0 39
436 4 1 85.0 55.0 40
437 4 1 85.0 55.0 40
438 1 1 85.0 55.0 40
439 4 1 85.0 55.0 40
440 4 1 85.0 55.0 40
441 4 1 85.0 55.0 40
442 4 1 85.0 55.0 40
443 4 1 85.0 55.0 40
444 1 1 85.0 55.0 40
445 4 1 85.0 55.0 40
446 1 1 85.0 55.0 40
447 4 1 85.0 55.0 40
448 2 1 85.0 55.0 40
449 4 1 85.0 55.0 40
450 4 1 85.0 55.0 40
451 4 1 85.0 55.0 40
452 2 1 85.0 55.0 40
453 4 1 89.0 43.0 41
454 4 1 89.0 43.0 41
455 4 1 89.0 43.0 41
456 4 1 89.0 43.0 41
457 2 1 89.0 43.0 41
458 4 1 89.0 43.0 41
459 2 1 89.0 43.0 41
460 4 1 89.0 43.0 41
461 4 1 89.0 43.0 41
462 4 1 89.0 43.0 41
463 2 1 89.0 43.0 41
464 4 1 89.0 43.0 41
465 1 1 89.0 43.0 41
466 4 1 89.0 43.0 41
467 4 1 89.0 43.0 41
468 4 1 89.0 43.0 41
469 4 1 89.0 43.0 41
470 4 1 89.0 43.0 41
471 4 1 89.0 43.0 41
472 4 1 89.0 43.0 41
473 4 1 89.0 46.0 42
474 4 1 89.0 46.0 42
475 4 1 89.0 46.0 42
476 4 1 89.0 46.0 42
477 4 1 89.0 46.0 42
478 1 1 89.0 46.0 42
479 1 1 89.0 46.0 42
480 4 1 89.0 46.0 42
481 4 1 89.0 46.0 42
482 4 1 89.0 46.0 42
483 2 1 89.0 46.0 42
484 4 1 89.0 46.0 42
485 4 1 89.0 46.0 42
486 4 1 89.0 46.0 42
487 4 1 89.0 52.0 43
488 4 1 89.0 52.0 43
489 4 1 89.0 52.0 43
490 4 1 89.0 52.0 43
491 4 1 89.0 52.0 43
492 4 1 89.0 52.0 43
493 4 1 89.0 52.0 43
494 2 1 89.0 52.0 43
495 4 1 89.0 52.0 43
496 4 1 89.0 52.0 43
497 4 1 89.0 52.0 43
498 4 1 89.0 52.0 43
499 4 1 89.0 52.0 43
500 4 1 89.0 52.0 43
501 4 1 89.0 52.0 43
502 4 1 89.0 52.0 43
503 4 1 92.0 42.0 44
504 4 1 92.0 42.0 44
505 4 1 92.0 42.0 44
506 4 1 92.0 42.0 44
507 2 1 92.0 42.0 44
508 4 1 92.0 42.0 44
509 2 1 92.0 42.0 44
510 4 1 92.0 42.0 44
511 4 1 92.0 42.0 44
512 4 1 92.0 42.0 44
513 1 1 92.0 52.0 45
514 2 1 92.0 52.0 45
515 2 1 92.0 52.0 45
516 1 1 92.0 52.0 45
517 4 1 92.0 52.0 45
518 4 1 92.0 52.0 45
519 1 1 92.0 52.0 45
520 4 1 92.0 52.0 45
521 2 1 92.0 52.0 45
522 4 1 94.0 42.0 46
523 4 1 94.0 42.0 46
524 4 1 94.0 42.0 46
525 4 1 94.0 42.0 46
526 4 1 94.0 42.0 46
527 4 1 94.0 42.0 46
528 4 1 94.0 42.0 46
529 4 1 94.0 42.0 46
530 4 1 94.0 42.0 46
531 1 1 94.0 42.0 46
532 1 1 94.0 42.0 46
533 4 1 94.0 44.0 47
534 4 1 94.0 44.0 47
535 4 1 94.0 44.0 47
536 4 1 94.0 44.0 47
537 4 1 94.0 44.0 47
538 4 1 94.0 44.0 47
539 4 1 94.0 44.0 47
540 4 1 94.0 48.0 48
541 4 1 94.0 48.0 48
542 4 1 94.0 48.0 48
543 4 1 94.0 48.0 48
544 4 1 94.0 48.0 48
545 1 1 94.0 48.0 48
546 4 1 94.0 48.0 48
547 4 1 94.0 48.0 48
548 4 1 94.0 48.0 48
549 4 1 94.0 48.0 48
550 4 1 94.0 48.0 48
551 2 1 94.0 48.0 48
552 2 1 94.0 48.0 48
553 4 1 96.0 42.0 49
554 4 1 96.0 42.0 49
555 4 1 96.0 42.0 49
556 4 1 96.0 42.0 49
557 4 1 96.0 42.0 49
558 1 1 99.0 46.0 50
559 2 1 99.0 46.0 50
560 2 1 99.0 46.0 50
561 2 1 99.0 46.0 50
562 2 1 99.0 50.0 51
563 2 1 99.0 50.0 51
564 1 1 99.0 50.0 51
565 1 1 99.0 50.0 51
566 2 1 99.0 50.0 51
567 1 1 99.0 50.0 51
568 2 1 99.0 50.0 51
569 2 1 99.0 50.0 51
570 1 1 99.0 50.0 51
571 2 1 99.0 50.0 51
572 2 1 99.0 50.0 51
573 2 1 99.0 50.0 51
574 2 1 99.0 50.0 51
575 2 1 99.0 50.0 51
576 2 1 99.0 50.0 51
577 2 1 99.0 50.0 51
578 2 1 99.0 50.0 51
579 2 1 99.0 50.0 51
580 2 1 99.0 50.0 51
581 2 1 99.0 50.0 51
582 2 1 99.0 50.0 51
583 2 1 83.0 80.0 52
584 2 1 83.0 80.0 52
585 2 1 83.0 80.0 52
586 2 1 83.0 80.0 52
587 2 1 83.0 80.0 52
588 2 1 83.0 80.0 52
589 2 1 83.0 80.0 52
590 2 1 83.0 80.0 52
591 2 1 83.0 80.0 52
592 2 1 83.0 80.0 52
593 1 1 83.0 80.0 52
594 2 1 83.0 80.0 52
595 1 1 83.0 80.0 52
596 2 1 83.0 83.0 53
597 2 1 83.0 83.0 53
598 1 1 83.0 83.0 53
599 2 1 83.0 83.0 53
600 1 1 83.0 83.0 53
601 2 1 83.0 83.0 53
602 2 1 83.0 83.0 53
603 2 1 83.0 83.0 53
604 2 1 83.0 83.0 53
605 2 1 83.0 83.0 53
606 2 1 83.0 83.0 53
607 2 1 85.0 85.0 54
608 2 1 85.0 85.0 54
609 2 1 85.0 85.0 54
610 2 1 85.0 85.0 54
611 2 1 85.0 85.0 54
612 2 1 85.0 85.0 54
613 2 1 85.0 85.0 54
614 2 1 85.0 85.0 54
615 1 1 85.0 85.0 54
616 1 1 85.0 85.0 54
617 2 1 85.0 85.0 54
618 2 1 85.0 85.0 54
619 2 1 85.0 85.0 55
620 2 1 85.0 85.0 55
621 2 1 85.0 85.0 55
622 2 1 85.0 85.0 55
623 2 1 85.0 85.0 55
624 2 1 85.0 85.0 55
625 1 1 85.0 85.0 55
626 2 1 85.0 85.0 55
627 2 1 85.0 85.0 55
628 1 1 85.0 85.0 55
629 2 1 85.0 85.0 55
630 1 1 85.0 85.0 55
631 2 1 85.0 85.0 55
632 2 1 85.0 85.0 55
633 2 1 85.0 85.0 56
634 1 1 85.0 85.0 56
635 2 1 85.0 85.0 56
636 2 1 85.0 85.0 56
637 2 1 85.0 85.0 56
638 2 1 85.0 85.0 56
639 1 1 85.0 85.0 56
640 2 1 85.0 85.0 56
641 2 1 85.0 85.0 56
642 2 1 85.0 85.0 56
643 2 1 87.0 87.0 57
644 2 1 87.0 87.0 57
645 2 1 87.0 87.0 57
646 2 1 87.0 87.0 57
647 2 1 87.0 87.0 57
648 2 1 87.0 87.0 57
649 2 1 87.0 87.0 57
650 2 1 87.0 87.0 57
651 2 1 87.0 87.0 58
652 2 1 87.0 87.0 58
653 1 1 87.0 87.0 58
654 2 1 87.0 87.0 58
655 2 1 87.0 87.0 58
656 2 1 87.0 87.0 58
657 1 1 87.0 87.0 58
658 1 1 87.0 87.0 58
659 2 1 87.0 87.0 58
660 2 1 87.0 87.0 58
661 2 1 87.0 87.0 58
662 2 1 87.0 87.0 58
663 2 1 87.0 87.0 58
664 2 1 87.0 87.0 58
665 2 1 87.0 87.0 58
666 2 1 87.0 87.0 58
667 1 1 90.0 90.0 59
668 1 1 90.0 90.0 59
669 1 1 90.0 90.0 59
670 1 1 90.0 90.0 59
671 1 1 90.0 90.0 59
672 1 1 90.0 90.0 59
673 1 1 90.0 90.0 59
674 1 1 90.0 90.0 59
675 1 1 90.0 90.0 59
676 1 1 90.0 90.0 59
677 1 1 90.0 90.0 59
678 1 1 90.0 90.0 59
679 1 1 90.0 90.0 59
680 1 1 90.0 90.0 59
681 1 1 90.0 90.0 59
682 1 1 90.0 90.0 59
683 1 1 90.0 90.0 59
684 1 1 90.0 90.0 59
685 1 1 90.0 90.0 59
686 1 1 90.0 90.0 60
687 1 1 90.0 90.0 60
688 1 1 90.0 90.0 60
689 1 1 90.0 90.0 60
690 1 1 90.0 90.0 60
691 2 1 93.0 82.0 61
692 2 1 93.0 82.0 61
693 2 1 93.0 82.0 61
694 2 1 93.0 82.0 61
695 2 1 93.0 82.0 61
696 2 1 93.0 82.0 61
697 2 1 93.0 82.0 61
698 2 1 93.0 82.0 61
699 2 1 93.0 82.0 61
700 1 1 93.0 82.0 61
701 2 1 93.0 82.0 61
702 1 1 93.0 82.0 61
703 2 1 93.0 82.0 61
704 2 1 93.0 82.0 61
705 2 1 93.0 82.0 61
706 2 1 93.0 82.0 61
707 2 1 93.0 82.0 61
708 1 1 93.0 84.0 62
709 1 1 93.0 84.0 62
710 1 1 93.0 84.0 62
711 1 1 93.0 84.0 62
712 1 1 93.0 84.0 62
713 1 1 93.0 84.0 62
714 1 1 93.0 84.0 62
715 1 1 93.0 89.0 63
716 1 1 93.0 89.0 63
717 1 1 93.0 89.0 63
718 1 1 93.0 89.0 63
719 1 1 93.0 89.0 63
720 1 1 93.0 89.0 63
721 1 1 93.0 89.0 63
722 1 1 93.0 89.0 63
723 1 1 93.0 89.0 63
724 1 1 93.0 89.0 63
725 1 1 93.0 89.0 63
726 1 1 93.0 89.0 63
727 1 1 93.0 89.0 63
728 1 1 93.0 89.0 63
729 1 1 93.0 89.0 63
730 1 1 93.0 89.0 63
731 1 1 94.0 86.0 64
732 1 1 94.0 86.0 64
733 1 1 94.0 86.0 64
734 1 1 94.0 86.0 64
735 1 1 94.0 86.0 64
736 1 1 94.0 86.0 64
737 1 1 94.0 86.0 64
738 1 1 94.0 86.0 64
739 1 1 94.0 86.0 64
740 1 1 94.0 86.0 64
741 1 1 94.0 86.0 64
742 1 1 94.0 86.0 64
743 1 1 94.0 86.0 64
744 1 1 94.0 86.0 64
745 2 1 95.0 80.0 65
746 2 1 95.0 80.0 65
747 2 1 95.0 80.0 65
748 2 1 95.0 80.0 65
749 2 1 95.0 80.0 65
750 2 1 95.0 80.0 65
751 2 1 95.0 80.0 65
752 2 1 95.0 80.0 65
753 2 1 95.0 80.0 65
754 2 1 95.0 80.0 65
755 2 1 95.0 80.0 65
756 2 1 95.0 80.0 65
757 2 1 95.0 80.0 65
758 2 1 95.0 80.0 65
759 2 1 95.0 80.0 65
760 2 1 95.0 80.0 65
761 2 1 95.0 80.0 65
762 1 1 99.0 89.0 66
763 1 1 99.0 89.0 66
764 1 1 99.0 89.0 66
765 1 1 99.0 89.0 66
766 1 1 99.0 89.0 66
767 1 1 99.0 89.0 66
768 1 1 99.0 89.0 66
769 1 1 99.0 89.0 66
770 1 1 99.0 89.0 66
771 1 1 99.0 89.0 66
772 1 1 99.0 89.0 66
773 1 1 99.0 89.0 66
774 1 1 99.0 89.0 66
775 4 1 37.0 83.0 67
776 4 1 37.0 83.0 67
777 4 1 37.0 83.0 67
778 2 1 37.0 83.0 67
779 1 1 37.0 83.0 67
780 4 1 37.0 83.0 67
781 4 1 37.0 83.0 67
782 2 1 37.0 83.0 67
783 4 1 37.0 83.0 67
784 1 1 37.0 83.0 67
785 4 1 37.0 83.0 67
786 4 1 37.0 83.0 67
787 4 1 37.0 83.0 67
788 1 1 37.0 83.0 67
789 1 1 37.0 83.0 67
790 1 1 37.0 83.0 67
791 2 1 37.0 83.0 67
792 4 1 50.0 80.0 68
793 4 1 50.0 80.0 68
794 4 1 50.0 80.0 68
795 4 1 50.0 80.0 68
796 1 1 50.0 80.0 68
797 4 1 50.0 80.0 68
798 4 1 50.0 80.0 68
799 4 1 50.0 80.0 68
800 2 1 50.0 80.0 68
801 1 1 50.0 80.0 68
802 4 1 50.0 80.0 68
803 4 1 50.0 80.0 68
804 1 1 50.0 80.0 68
805 4 1 35.0 85.0 69
806 1 1 35.0 85.0 69
807 4 1 35.0 85.0 69
808 4 1 35.0 85.0 69
809 4 1 35.0 85.0 69
810 4 1 35.0 85.0 69
811 4 1 35.0 85.0 69
812 4 1 35.0 85.0 69
813 2 1 35.0 85.0 69
814 4 1 35.0 85.0 69
815 4 1 35.0 85.0 69
816 4 1 35.0 85.0 69
817 4 1 35.0 85.0 69
818 4 1 35.0 85.0 69
819 1 1 35.0 87.0 70
820 2 1 35.0 87.0 70
821 1 1 35.0 87.0 70
822 2 1 35.0 87.0 70
823 2 1 35.0 87.0 70
824 2 1 35.0 87.0 70
825 2 1 35.0 87.0 70
826 2 1 35.0 87.0 70
827 2 1 35.0 87.0 70
828 1 1 35.0 87.0 70
829 2 1 35.0 87.0 70
830 2 1 35.0 87.0 70
831 2 1 35.0 87.0 70
832 2 1 35.0 87.0 70
833 1 1 35.0 87.0 70
834 2 1 35.0 87.0 70
835 4 1 44.0 86.0 71
836 1 1 44.0 86.0 71
837 4 1 44.0 86.0 71
838 4 1 44.0 86.0 71
839 4 1 44.0 86.0 71
840 4 1 44.0 86.0 71
841 1 1 44.0 86.0 71
842 4 1 46.0 89.0 72
843 4 1 46.0 89.0 72
844 4 1 46.0 89.0 72
845 4 1 46.0 89.0 72
846 4 1 46.0 89.0 72
847 4 1 46.0 89.0 72
848 4 1 46.0 89.0 72
849 1 1 46.0 89.0 72
850 4 1 46.0 89.0 72
851 4 1 46.0 89.0 72
852 2 1 46.0 89.0 72
853 4 1 46.0 89.0 72
854 4 1 46.0 89.0 72
855 4 1 46.0 83.0 73
856 4 1 46.0 83.0 73
857 4 1 46.0 83.0 73
858 4 1 46.0 83.0 73
859 1 1 46.0 83.0 73
860 4 1 46.0 83.0 73
861 1 1 46.0 83.0 73
862 4 1 46.0 83.0 73
863 4 1 46.0 83.0 73
864 4 1 46.0 87.0 74
865 4 1 46.0 87.0 74
866 4 1 46.0 87.0 74
867 4 1 46.0 87.0 74
868 4 1 46.0 87.0 74
869 1 1 46.0 87.0 74
870 4 1 46.0 87.0 74
871 4 1 46.0 87.0 74
872 4 1 46.0 87.0 74
873 4 1 46.0 87.0 74
874 4 1 46.0 87.0 74
875 2 1 46.0 89.0 75
876 2 1 46.0 89.0 75
877 2 1 46.0 89.0 75
878 2 1 46.0 89.0 75
879 2 1 46.0 89.0 75
880 2 1 46.0 89.0 75
881 2 1 46.0 89.0 75
882 2 1 46.0 89.0 75
883 1 1 46.0 89.0 75
884 2 1 46.0 89.0 75
885 2 1 46.0 89.0 75
886 2 1 46.0 89.0 75
887 2 1 46.0 89.0 75
888 2 1 46.0 89.0 75
889 2 1 46.0 89.0 75
890 2 1 46.0 89.0 75
891 1 1 46.0 89.0 75
892 2 1 46.0 89.0 75
893 2 1 46.0 89.0 75
894 2 1 46.0 89.0 75
895 2 1 46.0 89.0 75
896 2 1 46.0 89.0 75
897 2 1 46.0 89.0 75
898 2 1 46.0 89.0 75
899 2 1 46.0 89.0 75
900 2 1 46.0 89.0 75
901 1 1 46.0 89.0 75
902 2 1 46.0 89.0 75
903 2 1 46.0 89.0 75
904 2 1 46.0 89.0 75
905 2 1 46.0 89.0 75
906 2 1 46.0 89.0 75
907 2 1 46.0 89.0 75
908 1 1 46.0 89.0 75
909 2 1 46.0 89.0 75
910 4 1 48.0 83.0 76
911 1 1 48.0 83.0 76
912 4 1 48.0 83.0 76
913 4 1 48.0 83.0 76
914 4 1 48.0 83.0 76
915 4 1 50.0 85.0 77
916 4 1 50.0 85.0 77
917 4 1 50.0 85.0 77
918 4 1 50.0 85.0 77
919 4 1 50.0 85.0 77
920 2 1 50.0 85.0 77
921 4 1 50.0 85.0 77
922 4 1 50.0 85.0 77
923 4 1 50.0 85.0 77
924 1 1 50.0 85.0 77
925 4 1 50.0 85.0 77
926 4 1 50.0 85.0 77
927 1 1 50.0 85.0 77
928 4 1 50.0 85.0 77
929 4 1 50.0 85.0 77
930 4 1 50.0 85.0 77
931 4 1 50.0 85.0 77
932 4 1 50.0 85.0 77
933 4 1 50.0 85.0 77
934 4 1 50.0 85.0 77
935 2 1 50.0 85.0 77
936 4 1 50.0 85.0 77
937 4 1 50.0 85.0 77
938 4 1 50.0 85.0 77
939 4 1 50.0 85.0 77
940 4 1 50.0 85.0 77
941 4 1 50.0 85.0 77
942 4 1 50.0 85.0 77
943 4 1 50.0 88.0 78
944 2 1 50.0 88.0 78
945 4 1 50.0 88.0 78
946 4 1 50.0 88.0 78
947 4 1 50.0 88.0 78
948 4 1 50.0 88.0 78
949 4 1 50.0 88.0 78
950 2 1 54.0 86.0 79
951 4 1 54.0 86.0 79
952 1 1 54.0 86.0 79
953 2 1 54.0 90.0 80
954 2 1 54.0 90.0 80
955 2 1 54.0 90.0 80
956 2 1 54.0 90.0 80
957 2 1 54.0 90.0 80
958 2 1 54.0 90.0 80
959 2 1 54.0 90.0 80
960 2 1 54.0 90.0 80
961 2 1 54.0 90.0 80
962 1 1 54.0 90.0 80
963 4 1 10.0 35.0 81
964 4 1 10.0 35.0 81
965 1 1 10.0 35.0 81
966 4 1 10.0 35.0 81
967 4 1 10.0 35.0 81
968 4 1 10.0 35.0 81
969 4 1 10.0 35.0 81
970 4 1 10.0 40.0 82
971 2 1 10.0 40.0 82
972 4 1 10.0 40.0 82
973 4 1 10.0 40.0 82
974 1 1 10.0 40.0 82
975 4 1 10.0 40.0 82
976 4 1 10.0 40.0 82
977 4 1 10.0 40.0 82
978 4 1 10.0 40.0 82
979 4 1 10.0 40.0 82
980 4 1 10.0 40.0 82
981 4 1 10.0 40.0 82
982 4 1 18.0 30.0 83
983 4 1 18.0 30.0 83
984 2 1 18.0 30.0 83
985 4 1 18.0 30.0 83
986 4 1 18.0 30.0 83
987 4 1 18.0 30.0 83
988 2 1 18.0 30.0 83
989 4 1 18.0 30.0 83
990 4 1 18.0 30.0 83
991 4 1 18.0 30.0 83
992 4 1 18.0 30.0 83
993 4 1 17.0 35.0 84
994 4 1 17.0 35.0 84
995 2 1 17.0 35.0 84
996 4 1 17.0 35.0 84
997 4 1 17.0 35.0 84
998 4 1 17.0 35.0 84
999 2 1 17.0 35.0 84
1000 2 1 17.0 35.0 84
1001 4 1 17.0 35.0 84
1002 4 1 17.0 35.0 84
1003 4 1 16.0 38.0 85
1004 4 1 16.0 38.0 85
1005 4 1 16.0 38.0 85
1006 2 1 16.0 38.0 85
1007 2 1 16.0 38.0 85
1008 4 1 16.0 38.0 85
1009 4 1 16.0 38.0 85
1010 4 1 16.0 38.0 85
1011 4 1 14.0 40.0 86
1012 4 1 14.0 40.0 86
1013 4 1 14.0 40.0 86
1014 4 1 14.0 40.0 86
1015 4 1 14.0 40.0 86
1016 4 1 14.0 40.0 86
1017 1 1 14.0 40.0 86
1018 4 1 14.0 40.0 86
1019 2 1 14.0 40.0 86
1020 4 1 14.0 40.0 86
1021 4 1 14.0 40.0 86
1022 4 1 15.0 42.0 87
1023 2 1 15.0 42.0 87
1024 4 1 15.0 42.0 87
1025 4 1 15.0 42.0 87
1026 4 1 15.0 42.0 87
1027 4 1 15.0 42.0 87
1028 4 1 15.0 42.0 87
1029 4 1 15.0 42.0 87
1030 4 1 15.0 42.0 87
1031 2 1 15.0 42.0 87
1032 4 1 15.0 42.0 87
1033 4 1 15.0 42.0 87
1034 4 1 15.0 42.0 87
1035 4 1 15.0 42.0 87
1036 4 1 15.0 42.0 87
1037 2 1 15.0 42.0 87
1038 2 1 15.0 42.0 87
1039 2 1 15.0 42.0 87
1040 2 1 15.0 42.0 87
1041 4 1 15.0 42.0 87
1042 4 1 15.0 42.0 87
1043 4 1 11.0 42.0 88
1044 1 1 11.0 42.0 88
1045 4 1 11.0 42.0 88
1046 1 1 11.0 42.0 88
1047 4 1 18.0 40.0 89
1048 2 1 18.0 40.0 89
1049 4 1 18.0 40.0 89
1050 2 1 18.0 40.0 89
1051 2 1 18.0 40.0 89
1052 4 1 18.0 40.0 89
1053 4 1 18.0 40.0 89
1054 4 1 18.0 40.0 89
1055 4 1 18.0 40.0 89
1056 4 1 18.0 40.0 89
1057 4 1 18.0 40.0 89
1058 4 1 18.0 40.0 89
1059 4 1 18.0 40.0 89
1060 4 1 18.0 40.0 89
1061 4 1 18.0 40.0 89
1062 4 1 21.0 39.0 90
1063 2 1 21.0 39.0 90
1064 4 1 21.0 39.0 90
1065 2 1 21.0 39.0 90
1066 4 1 21.0 39.0 90
1067 2 1 21.0 39.0 90
1068 4 1 21.0 39.0 90
1069 4 1 21.0 39.0 90
1070 4 1 21.0 39.0 90
1071 4 1 21.0 39.0 90
1072 2 1 21.0 39.0 90
1073 4 1 21.0 39.0 90
1074 4 1 21.0 39.0 90
1075 2 1 21.0 39.0 90
1076 2 1 21.0 39.0 90
1077 2 1 21.0 39.0 90
1078 4 1 20.0 40.0 91
1079 4 1 20.0 40.0 91
1080 4 1 20.0 40.0 91
1081 4 1 20.0 40.0 91
1082 4 1 18.0 41.0 92
1083 4 1 18.0 41.0 92
1084 2 1 18.0 41.0 92
1085 4 1 18.0 41.0 92
1086 4 1 18.0 41.0 92
1087 4 1 18.0 41.0 92
1088 4 1 18.0 41.0 92
1089 4 1 18.0 41.0 92
1090 4 1 18.0 41.0 92
1091 4 1 18.0 41.0 92
1092 4 1 18.0 41.0 92
1093 2 1 18.0 41.0 92
1094 4 1 18.0 41.0 92
1095 4 1 18.0 41.0 92
1096 4 1 18.0 41.0 92
1097 2 1 18.0 41.0 92
1098 2 1 20.0 44.0 93
1099 4 1 20.0 44.0 93
1100 4 1 20.0 44.0 93
1101 4 1 20.0 44.0 93
1102 4 1 20.0 44.0 93
1103 4 1 20.0 44.0 93
1104 4 1 20.0 44.0 93
1105 4 1 22.0 44.0 94
1106 4 1 22.0 44.0 94
1107 2 1 22.0 44.0 94
1108 4 1 22.0 44.0 94
1109 4 1 22.0 44.0 94
1110 4 1 22.0 44.0 94
1111 4 1 22.0 44.0 94
1112 4 1 22.0 44.0 94
1113 4 1 22.0 44.0 94
1114 4 1 22.0 44.0 94
1115 4 1 16.0 45.0 95
1116 4 1 16.0 45.0 95
1117 4 1 16.0 45.0 95
1118 2 1 16.0 45.0 95
1119 2 1 16.0 45.0 95
1120 4 1 16.0 45.0 95
1121 4 1 16.0 45.0 95
1122 4 1 16.0 45.0 95
1123 4 1 16.0 45.0 95
1124 4 1 20.0 45.0 96
1125 2 1 20.0 45.0 96
1126 2 1 20.0 45.0 96
1127 2 1 20.0 45.0 96
1128 4 1 20.0 45.0 96
1129 4 1 20.0 45.0 96
1130 4 1 20.0 45.0 96
1131 4 1 20.0 45.0 96
1132 2 1 20.0 45.0 96
1133 4 1 20.0 45.0 96
1134 4 1 20.0 45.0 96
1135 4 1 25.0 45.0 97
1136 4 1 25.0 45.0 97
1137 4 1 25.0 45.0 97
1138 4 1 25.0 45.0 97
1139 4 1 25.0 45.0 97
1140 4 1 25.0 45.0 97
1141 4 1 25.0 45.0 97
1142 4 1 25.0 45.0 97
1143 4 1 25.0 45.0 97
1144 4 1 25.0 45.0 97
1145 4 1 25.0 45.0 97
1146 4 1 25.0 45.0 97
1147 4 1 25.0 45.0 97
1148 4 1 25.0 45.0 97
1149 4 1 25.0 45.0 97
1150 4 1 25.0 45.0 97
1151 4 1 25.0 45.0 97
1152 2 1 30.0 55.0 98
1153 2 1 30.0 55.0 98
1154 4 1 30.0 55.0 98
1155 4 1 30.0 55.0 98
1156 4 1 30.0 55.0 98
1157 4 1 30.0 55.0 98
1158 2 1 30.0 55.0 98
1159 4 1 30.0 55.0 98
1160 4 1 30.0 55.0 98
1161 4 1 30.0 55.0 98
1162 4 1 30.0 55.0 98
1163 4 1 30.0 55.0 98
1164 4 1 20.0 50.0 99
1165 4 1 20.0 50.0 99
1166 4 1 20.0 50.0 99
1167 2 1 20.0 50.0 99
1168 4 1 20.0 50.0 99
1169 4 1 20.0 50.0 99
1170 4 1 20.0 50.0 99
1171 2 1 20.0 50.0 99
1172 4 1 20.0 50.0 99
1173 4 1 20.0 50.0 99
1174 4 1 20.0 50.0 99
1175 4 1 22.0 51.0 100
1176 2 1 22.0 51.0 100
1177 2 1 22.0 51.0 100
1178 4 1 22.0 51.0 100
1179 4 1 22.0 51.0 100
1180 4 1 22.0 51.0 100
1181 4 1 22.0 51.0 100
1182 2 1 18.0 49.0 101
1183 2 1 18.0 49.0 101
1184 4 1 18.0 49.0 101
1185 2 1 18.0 49.0 101
1186 4 1 18.0 49.0 101
1187 4 1 18.0 49.0 101
1188 4 1 18.0 49.0 101
1189 4 1 18.0 49.0 101
1190 2 1 18.0 49.0 101
1191 2 1 16.0 48.0 102
1192 4 1 16.0 48.0 102
1193 4 1 16.0 48.0 102
1194 4 1 16.0 48.0 102
1195 2 1 16.0 48.0 102
1196 4 1 16.0 48.0 102
1197 4 1 16.0 48.0 102
1198 4 1 16.0 48.0 102
1199 2 1 16.0 48.0 102
1200 4 1 16.0 48.0 102
1201 4 1 16.0 48.0 102
1202 4 1 20.0 55.0 103
1203 4 1 20.0 55.0 103
1204 4 1 20.0 55.0 103
1205 4 1 20.0 55.0 103
1206 4 1 20.0 55.0 103
1207 2 1 20.0 55.0 103
1208 4 1 20.0 55.0 103
1209 4 1 20.0 55.0 103
1210 4 1 20.0 55.0 103
1211 2 1 20.0 55.0 103
1212 4 1 20.0 55.0 103
1213 4 1 20.0 55.0 103
1214 4 1 18.0 53.0 104
1215 4 1 18.0 53.0 104
1216 4 1 18.0 53.0 104
1217 4 1 18.0 53.0 104
1218 4 1 18.0 53.0 104
1219 4 1 18.0 53.0 104
1220 2 1 18.0 53.0 104
1221 4 1 14.0 50.0 105
1222 4 1 14.0 50.0 105
1223 4 1 14.0 50.0 105
1224 4 1 14.0 50.0 105
1225 4 1 14.0 50.0 105
1226 4 1 14.0 50.0 105
1227 4 1 14.0 50.0 105
1228 4 1 14.0 50.0 105
1229 4 1 15.0 51.0 106
1230 4 1 15.0 51.0 106
1231 4 1 15.0 51.0 106
1232 4 1 15.0 51.0 106
1233 4 1 15.0 51.0 106
1234 4 1 15.0 51.0 106
1235 4 1 16.0 54.0 107
1236 4 1 16.0 54.0 107
1237 4 1 16.0 54.0 107
1238 4 1 16.0 54.0 107
1239 4 1 16.0 54.0 107
1240 4 1 28.0 33.0 108
1241 4 1 28.0 33.0 108
1242 4 1 28.0 33.0 108
1243 4 1 28.0 33.0 108
1244 4 1 28.0 33.0 108
1245 4 1 28.0 33.0 108
1246 4 1 28.0 33.0 108
1247 4 1 28.0 33.0 108
1248 4 1 28.0 33.0 108
1249 4 1 28.0 33.0 108
1250 4 1 28.0 33.0 108
1251 4 1 28.0 33.0 108
1252 4 1 33.0 38.0 109
1253 4 1 33.0 38.0 109
1254 4 1 33.0 38.0 109
1255 4 1 33.0 38.0 109
1256 4 1 33.0 38.0 109
1257 4 1 33.0 38.0 109
1258 4 1 33.0 38.0 109
1259 4 1 33.0 38.0 109
1260 4 1 33.0 38.0 109
1261 4 1 33.0 38.0 109
1262 4 1 33.0 38.0 109
1263 4 1 33.0 38.0 109
1264 4 1 33.0 38.0 109
1265 4 1 30.0 50.0 110
1266 4 1 30.0 50.0 110
1267 4 1 30.0 50.0 110
1268 4 1 30.0 50.0 110
1269 4 1 30.0 50.0 110
1270 4 1 30.0 50.0 110
1271 4 1 30.0 50.0 110
1272 4 1 13.0 40.0 111
1273 1 1 13.0 40.0 111
1274 4 1 13.0 40.0 111
1275 1 1 13.0 40.0 111
1276 4 1 13.0 40.0 111
1277 4 1 13.0 40.0 111
1278 1 1 13.0 40.0 111
1279 4 1 15.0 36.0 112
1280 4 1 15.0 36.0 112
1281 2 1 15.0 36.0 112
1282 4 1 15.0 36.0 112
1283 4 1 15.0 36.0 112
1284 2 1 15.0 36.0 112
1285 4 1 15.0 36.0 112
1286 4 1 15.0 36.0 112
1287 4 1 18.0 31.0 113
1288 4 1 18.0 31.0 113
1289 4 1 18.0 31.0 113
1290 4 1 18.0 31.0 113
1291 2 1 18.0 31.0 113
1292 4 1 18.0 31.0 113
1293 2 1 18.0 31.0 113
1294 4 1 18.0 31.0 113
1295 2 1 18.0 31.0 113
1296 4 1 18.0 31.0 113
1297 4 1 18.0 31.0 113
1298 4 1 25.0 37.0 114
1299 4 1 25.0 37.0 114
1300 4 1 25.0 37.0 114
1301 4 1 25.0 37.0 114
1302 4 1 25.0 37.0 114
1303 4 1 25.0 37.0 114
1304 4 1 25.0 37.0 114
1305 4 1 25.0 37.0 114
1306 4 1 25.0 37.0 114
1307 4 1 25.0 37.0 114
1308 4 1 25.0 37.0 114
1309 4 1 25.0 37.0 114
1310 4 1 25.0 37.0 114
1311 4 1 30.0 46.0 115
1312 4 1 30.0 46.0 115
1313 4 1 30.0 46.0 115
1314 4 1 30.0 46.0 115
1315 4 1 30.0 46.0 115
1316 4 1 30.0 46.0 115
1317 4 1 30.0 46.0 115
1318 4 1 30.0 46.0 115
1319 4 1 30.0 46.0 115
1320 4 1 30.0 46.0 115
1321 4 1 30.0 46.0 115
1322 4 1 25.0 52.0 116
1323 4 1 25.0 52.0 116
1324 4 1 25.0 52.0 116
1325 4 1 25.0 52.0 116
1326 4 1 25.0 52.0 116
1327 4 1 25.0 52.0 116
1328 4 1 25.0 52.0 116
1329 4 1 25.0 52.0 116
1330 2 1 25.0 52.0 116
1331 4 1 25.0 52.0 116
1332 4 1 16.0 33.0 117
1333 4 1 16.0 33.0 117
1334 4 1 16.0 33.0 117
1335 4 1 16.0 33.0 117
1336 4 1 16.0 33.0 117
1337 4 1 16.0 33.0 117
1338 4 1 16.0 33.0 117
