1
0 10.0 45.0 1338.0 2477.823486328125 10
5165 1 137.0 398.9866943359375 160 2147483647 139
0 0 10.0 45.0 D
1046 1 11.0 42.0 1
1044 1 11.0 42.0 1
1278 1 13.0 40.0 1
1275 1 13.0 40.0 1
1273 1 13.0 40.0 1
1017 1 14.0 40.0 1
101 1 35.0 7.0 1
129 1 35.0 5.0 1
128 1 35.0 5.0 1
163 1 40.0 5.0 1
157 1 40.0 5.0 1
152 1 47.0 6.0 1
145 1 47.0 6.0 1
142 1 47.0 6.0 1
98 1 46.0 9.0 1
94 1 46.0 9.0 1
84 1 46.0 9.0 1
207 1 73.0 6.0 1
213 1 73.0 8.0 1
260 1 76.0 13.0 1
330 1 79.0 11.0 1
326 1 79.0 11.0 1
320 1 79.0 11.0 1
255 1 76.0 6.0 1
312 1 79.0 5.0 1
297 1 79.0 3.0 1
360 1 84.0 3.0 1
358 1 84.0 3.0 1
357 1 84.0 3.0 1
355 1 84.0 3.0 1
371 1 84.0 5.0 1
369 1 84.0 5.0 1
368 1 84.0 5.0 1
366 1 84.0 5.0 1
364 1 84.0 5.0 1
391 1 87.0 7.0 1
349 1 90.0 15.0 1
345 1 90.0 15.0 1
532 1 94.0 42.0 1
531 1 94.0 42.0 1
558 1 99.0 46.0 1
564 1 99.0 50.0 1
565 1 99.0 50.0 1
567 1 99.0 50.0 1
570 1 99.0 50.0 1
513 1 92.0 52.0 1
516 1 92.0 52.0 1
519 1 92.0 52.0 1
545 1 94.0 48.0 1
465 1 89.0 43.0 1
478 1 89.0 46.0 1
479 1 89.0 46.0 1
419 1 86.0 44.0 1
415 1 86.0 44.0 1
438 1 85.0 55.0 1
444 1 85.0 55.0 1
446 1 85.0 55.0 1
700 1 93.0 82.0 1
702 1 93.0 82.0 1
762 1 99.0 89.0 1
763 1 99.0 89.0 1
764 1 99.0 89.0 1
765 1 99.0 89.0 1
766 1 99.0 89.0 1
767 1 99.0 89.0 1
768 1 99.0 89.0 1
769 1 99.0 89.0 1
770 1 99.0 89.0 1
771 1 99.0 89.0 1
772 1 99.0 89.0 1
773 1 99.0 89.0 1
774 1 99.0 89.0 1
731 1 94.0 86.0 1
732 1 94.0 86.0 1
733 1 94.0 86.0 1
734 1 94.0 86.0 1
735 1 94.0 86.0 1
736 1 94.0 86.0 1
737 1 94.0 86.0 1
738 1 94.0 86.0 1
739 1 94.0 86.0 1
740 1 94.0 86.0 1
741 1 94.0 86.0 1
742 1 94.0 86.0 1
743 1 94.0 86.0 1
744 1 94.0 86.0 1
708 1 93.0 84.0 1
709 1 93.0 84.0 1
710 1 93.0 84.0 1
711 1 93.0 84.0 1
712 1 93.0 84.0 1
713 1 93.0 84.0 1
714 1 93.0 84.0 1
667 1 90.0 90.0 1
668 1 90.0 90.0 1
669 1 90.0 90.0 1
670 1 90.0 90.0 1
671 1 90.0 90.0 1
672 1 90.0 90.0 1
673 1 90.0 90.0 1
674 1 90.0 90.0 1
675 1 90.0 90.0 1
676 1 90.0 90.0 1
677 1 90.0 90.0 1
678 1 90.0 90.0 1
598 1 83.0 83.0 1
600 1 83.0 83.0 1
593 1 83.0 80.0 1
595 1 83.0 80.0 1
962 1 54.0 90.0 1
952 1 54.0 86.0 1
924 1 50.0 85.0 1
927 1 50.0 85.0 1
883 1 46.0 89.0 1
891 1 46.0 89.0 1
901 1 46.0 89.0 1
908 1 46.0 89.0 1
849 1 46.0 89.0 1
869 1 46.0 87.0 1
836 1 44.0 86.0 1
841 1 44.0 86.0 1
911 1 48.0 83.0 1
859 1 46.0 83.0 1
861 1 46.0 83.0 1
796 1 50.0 80.0 1
801 1 50.0 80.0 1
804 1 50.0 80.0 1
779 1 37.0 83.0 1
784 1 37.0 83.0 1
788 1 37.0 83.0 1
789 1 37.0 83.0 1
790 1 37.0 83.0 1
819 1 35.0 87.0 1
821 1 35.0 87.0 1
828 1 35.0 87.0 1
833 1 35.0 87.0 1
806 1 35.0 85.0 1
-1 0 10.0 45.0 D
5166 2 59.0 234.2523193359375 60 2147483647 61
0 0 10.0 45.0 D
1107 1 22.0 44.0 2
1098 1 20.0 44.0 2
1132 1 20.0 45.0 2
1127 1 20.0 45.0 2
1126 1 20.0 45.0 2
1125 1 20.0 45.0 2
452 1 85.0 55.0 2
448 1 85.0 55.0 2
494 1 89.0 52.0 2
521 1 92.0 52.0 2
515 1 92.0 52.0 2
514 1 92.0 52.0 2
483 1 89.0 46.0 2
552 1 94.0 48.0 2
551 1 94.0 48.0 2
561 1 99.0 46.0 2
560 1 99.0 46.0 2
559 1 99.0 46.0 2
582 1 99.0 50.0 2
581 1 99.0 50.0 2
580 1 99.0 50.0 2
579 1 99.0 50.0 2
578 1 99.0 50.0 2
577 1 99.0 50.0 2
576 1 99.0 50.0 2
575 1 99.0 50.0 2
574 1 99.0 50.0 2
573 1 99.0 50.0 2
572 1 99.0 50.0 2
571 1 99.0 50.0 2
569 1 99.0 50.0 2
568 1 99.0 50.0 2
566 1 99.0 50.0 2
563 1 99.0 50.0 2
562 1 99.0 50.0 2
761 1 95.0 80.0 2
760 1 95.0 80.0 2
759 1 95.0 80.0 2
758 1 95.0 80.0 2
757 1 95.0 80.0 2
756 1 95.0 80.0 2
755 1 95.0 80.0 2
754 1 95.0 80.0 2
753 1 95.0 80.0 2
752 1 95.0 80.0 2
751 1 95.0 80.0 2
750 1 95.0 80.0 2
749 1 95.0 80.0 2
748 1 95.0 80.0 2
747 1 95.0 80.0 2
746 1 95.0 80.0 2
745 1 95.0 80.0 2
697 1 93.0 82.0 2
696 1 93.0 82.0 2
695 1 93.0 82.0 2
694 1 93.0 82.0 2
693 1 93.0 82.0 2
692 1 93.0 82.0 2
691 1 93.0 82.0 2
-1 0 10.0 45.0 D
5167 2 99.0 196.1463623046875 100 2147483647 101
0 0 10.0 45.0 D
1211 1 20.0 55.0 2
1207 1 20.0 55.0 2
800 1 50.0 80.0 2
935 1 50.0 85.0 2
920 1 50.0 85.0 2
950 1 54.0 86.0 2
606 1 83.0 83.0 2
605 1 83.0 83.0 2
604 1 83.0 83.0 2
603 1 83.0 83.0 2
602 1 83.0 83.0 2
601 1 83.0 83.0 2
599 1 83.0 83.0 2
597 1 83.0 83.0 2
596 1 83.0 83.0 2
618 1 85.0 85.0 2
617 1 85.0 85.0 2
614 1 85.0 85.0 2
613 1 85.0 85.0 2
612 1 85.0 85.0 2
611 1 85.0 85.0 2
610 1 85.0 85.0 2
609 1 85.0 85.0 2
608 1 85.0 85.0 2
607 1 85.0 85.0 2
632 1 85.0 85.0 2
631 1 85.0 85.0 2
629 1 85.0 85.0 2
627 1 85.0 85.0 2
626 1 85.0 85.0 2
624 1 85.0 85.0 2
623 1 85.0 85.0 2
622 1 85.0 85.0 2
621 1 85.0 85.0 2
620 1 85.0 85.0 2
619 1 85.0 85.0 2
642 1 85.0 85.0 2
641 1 85.0 85.0 2
640 1 85.0 85.0 2
638 1 85.0 85.0 2
637 1 85.0 85.0 2
636 1 85.0 85.0 2
635 1 85.0 85.0 2
633 1 85.0 85.0 2
650 1 87.0 87.0 2
649 1 87.0 87.0 2
648 1 87.0 87.0 2
647 1 87.0 87.0 2
646 1 87.0 87.0 2
645 1 87.0 87.0 2
644 1 87.0 87.0 2
643 1 87.0 87.0 2
666 1 87.0 87.0 2
665 1 87.0 87.0 2
664 1 87.0 87.0 2
663 1 87.0 87.0 2
662 1 87.0 87.0 2
661 1 87.0 87.0 2
660 1 87.0 87.0 2
659 1 87.0 87.0 2
656 1 87.0 87.0 2
655 1 87.0 87.0 2
654 1 87.0 87.0 2
652 1 87.0 87.0 2
651 1 87.0 87.0 2
707 1 93.0 82.0 2
706 1 93.0 82.0 2
705 1 93.0 82.0 2
704 1 93.0 82.0 2
703 1 93.0 82.0 2
701 1 93.0 82.0 2
699 1 93.0 82.0 2
698 1 93.0 82.0 2
594 1 83.0 80.0 2
592 1 83.0 80.0 2
591 1 83.0 80.0 2
590 1 83.0 80.0 2
589 1 83.0 80.0 2
588 1 83.0 80.0 2
587 1 83.0 80.0 2
586 1 83.0 80.0 2
585 1 83.0 80.0 2
584 1 83.0 80.0 2
583 1 83.0 80.0 2
1158 1 30.0 55.0 2
1153 1 30.0 55.0 2
1152 1 30.0 55.0 2
1330 1 25.0 52.0 2
1177 1 22.0 51.0 2
1176 1 22.0 51.0 2
1171 1 20.0 50.0 2
1167 1 20.0 50.0 2
1190 1 18.0 49.0 2
1185 1 18.0 49.0 2
1183 1 18.0 49.0 2
1182 1 18.0 49.0 2
1199 1 16.0 48.0 2
1195 1 16.0 48.0 2
1191 1 16.0 48.0 2
-1 0 10.0 45.0 D
5168 2 148.0 299.02471923828125 160 2147483647 150
0 0 10.0 45.0 D
1220 1 18.0 53.0 2
791 1 37.0 83.0 2
782 1 37.0 83.0 2
778 1 37.0 83.0 2
813 1 35.0 85.0 2
834 1 35.0 87.0 2
832 1 35.0 87.0 2
831 1 35.0 87.0 2
830 1 35.0 87.0 2
829 1 35.0 87.0 2
827 1 35.0 87.0 2
826 1 35.0 87.0 2
825 1 35.0 87.0 2
824 1 35.0 87.0 2
823 1 35.0 87.0 2
822 1 35.0 87.0 2
820 1 35.0 87.0 2
909 1 46.0 89.0 2
907 1 46.0 89.0 2
906 1 46.0 89.0 2
905 1 46.0 89.0 2
904 1 46.0 89.0 2
903 1 46.0 89.0 2
902 1 46.0 89.0 2
900 1 46.0 89.0 2
899 1 46.0 89.0 2
898 1 46.0 89.0 2
897 1 46.0 89.0 2
896 1 46.0 89.0 2
895 1 46.0 89.0 2
894 1 46.0 89.0 2
893 1 46.0 89.0 2
892 1 46.0 89.0 2
890 1 46.0 89.0 2
889 1 46.0 89.0 2
888 1 46.0 89.0 2
887 1 46.0 89.0 2
886 1 46.0 89.0 2
885 1 46.0 89.0 2
884 1 46.0 89.0 2
882 1 46.0 89.0 2
881 1 46.0 89.0 2
880 1 46.0 89.0 2
879 1 46.0 89.0 2
878 1 46.0 89.0 2
877 1 46.0 89.0 2
876 1 46.0 89.0 2
875 1 46.0 89.0 2
852 1 46.0 89.0 2
944 1 50.0 88.0 2
961 1 54.0 90.0 2
960 1 54.0 90.0 2
959 1 54.0 90.0 2
958 1 54.0 90.0 2
957 1 54.0 90.0 2
956 1 54.0 90.0 2
955 1 54.0 90.0 2
954 1 54.0 90.0 2
953 1 54.0 90.0 2
219 1 73.0 8.0 2
209 1 73.0 8.0 2
254 1 76.0 6.0 2
250 1 76.0 6.0 2
249 1 76.0 6.0 2
242 1 76.0 6.0 2
240 1 76.0 6.0 2
302 1 79.0 5.0 2
336 1 82.0 3.0 2
335 1 82.0 3.0 2
334 1 82.0 3.0 2
333 1 82.0 3.0 2
332 1 82.0 3.0 2
331 1 82.0 3.0 2
356 1 84.0 3.0 2
354 1 84.0 3.0 2
353 1 84.0 3.0 2
352 1 84.0 3.0 2
351 1 84.0 3.0 2
381 1 85.0 1.0 2
380 1 85.0 1.0 2
379 1 85.0 1.0 2
378 1 85.0 1.0 2
377 1 85.0 1.0 2
376 1 85.0 1.0 2
375 1 85.0 1.0 2
299 1 79.0 3.0 2
298 1 79.0 3.0 2
296 1 79.0 3.0 2
295 1 79.0 3.0 2
294 1 79.0 3.0 2
293 1 79.0 3.0 2
292 1 79.0 3.0 2
275 1 78.0 3.0 2
272 1 78.0 3.0 2
202 1 73.0 6.0 2
198 1 73.0 6.0 2
86 1 46.0 9.0 2
151 1 47.0 6.0 2
165 1 40.0 5.0 2
154 1 40.0 5.0 2
153 1 40.0 5.0 2
173 1 39.0 3.0 2
171 1 39.0 3.0 2
183 1 36.0 3.0 2
132 1 35.0 5.0 2
103 1 35.0 7.0 2
70 1 32.0 9.0 2
58 1 31.0 7.0 2
35 1 31.0 5.0 2
30 1 25.0 3.0 2
28 1 25.0 3.0 2
25 1 25.0 1.0 2
24 1 25.0 1.0 2
23 1 25.0 1.0 2
22 1 25.0 1.0 2
21 1 25.0 1.0 2
20 1 25.0 1.0 2
17 1 25.0 1.0 2
16 1 25.0 1.0 2
15 1 25.0 1.0 2
14 1 25.0 1.0 2
13 1 25.0 1.0 2
12 1 25.0 1.0 2
11 1 25.0 1.0 2
10 1 25.0 1.0 2
9 1 25.0 1.0 2
8 1 25.0 1.0 2
7 1 25.0 1.0 2
6 1 25.0 1.0 2
4 1 25.0 1.0 2
3 1 25.0 1.0 2
2 1 25.0 1.0 2
1 1 25.0 1.0 2
988 1 18.0 30.0 2
984 1 18.0 30.0 2
1295 1 18.0 31.0 2
1293 1 18.0 31.0 2
1291 1 18.0 31.0 2
1000 1 17.0 35.0 2
999 1 17.0 35.0 2
995 1 17.0 35.0 2
1040 1 15.0 42.0 2
1039 1 15.0 42.0 2
1038 1 15.0 42.0 2
1037 1 15.0 42.0 2
1031 1 15.0 42.0 2
1023 1 15.0 42.0 2
971 1 10.0 40.0 2
-1 0 10.0 45.0 D
5170 4 196.0 231.80662536621094 200 2147483647 198
0 0 10.0 45.0 D
1045 1 11.0 42.0 4
1043 1 11.0 42.0 4
981 1 10.0 40.0 4
980 1 10.0 40.0 4
979 1 10.0 40.0 4
978 1 10.0 40.0 4
977 1 10.0 40.0 4
976 1 10.0 40.0 4
975 1 10.0 40.0 4
973 1 10.0 40.0 4
972 1 10.0 40.0 4
970 1 10.0 40.0 4
969 1 10.0 35.0 4
968 1 10.0 35.0 4
967 1 10.0 35.0 4
966 1 10.0 35.0 4
964 1 10.0 35.0 4
963 1 10.0 35.0 4
32 1 25.0 3.0 4
31 1 25.0 3.0 4
27 1 25.0 3.0 4
26 1 25.0 3.0 4
45 1 31.0 5.0 4
44 1 31.0 5.0 4
43 1 31.0 5.0 4
41 1 31.0 5.0 4
40 1 31.0 5.0 4
39 1 31.0 5.0 4
38 1 31.0 5.0 4
37 1 31.0 5.0 4
36 1 31.0 5.0 4
34 1 31.0 5.0 4
50 1 32.0 5.0 4
49 1 32.0 5.0 4
48 1 32.0 5.0 4
47 1 32.0 5.0 4
46 1 32.0 5.0 4
64 1 31.0 7.0 4
63 1 31.0 7.0 4
62 1 31.0 7.0 4
60 1 31.0 7.0 4
59 1 31.0 7.0 4
57 1 31.0 7.0 4
56 1 31.0 7.0 4
54 1 31.0 7.0 4
53 1 31.0 7.0 4
52 1 31.0 7.0 4
992 1 18.0 30.0 4
991 1 18.0 30.0 4
990 1 18.0 30.0 4
989 1 18.0 30.0 4
987 1 18.0 30.0 4
986 1 18.0 30.0 4
985 1 18.0 30.0 4
983 1 18.0 30.0 4
982 1 18.0 30.0 4
1338 1 16.0 33.0 4
1337 1 16.0 33.0 4
1336 1 16.0 33.0 4
1335 1 16.0 33.0 4
1334 1 16.0 33.0 4
1333 1 16.0 33.0 4
1332 1 16.0 33.0 4
1219 1 18.0 53.0 4
1218 1 18.0 53.0 4
1217 1 18.0 53.0 4
1216 1 18.0 53.0 4
1215 1 18.0 53.0 4
1214 1 18.0 53.0 4
1213 1 20.0 55.0 4
1212 1 20.0 55.0 4
1210 1 20.0 55.0 4
1209 1 20.0 55.0 4
1208 1 20.0 55.0 4
1206 1 20.0 55.0 4
1205 1 20.0 55.0 4
1204 1 20.0 55.0 4
1203 1 20.0 55.0 4
1202 1 20.0 55.0 4
863 1 46.0 83.0 4
862 1 46.0 83.0 4
860 1 46.0 83.0 4
858 1 46.0 83.0 4
857 1 46.0 83.0 4
856 1 46.0 83.0 4
855 1 46.0 83.0 4
914 1 48.0 83.0 4
913 1 48.0 83.0 4
912 1 48.0 83.0 4
910 1 48.0 83.0 4
803 1 50.0 80.0 4
802 1 50.0 80.0 4
799 1 50.0 80.0 4
798 1 50.0 80.0 4
797 1 50.0 80.0 4
795 1 50.0 80.0 4
794 1 50.0 80.0 4
793 1 50.0 80.0 4
792 1 50.0 80.0 4
942 1 50.0 85.0 4
941 1 50.0 85.0 4
940 1 50.0 85.0 4
939 1 50.0 85.0 4
938 1 50.0 85.0 4
937 1 50.0 85.0 4
936 1 50.0 85.0 4
934 1 50.0 85.0 4
933 1 50.0 85.0 4
932 1 50.0 85.0 4
931 1 50.0 85.0 4
930 1 50.0 85.0 4
929 1 50.0 85.0 4
928 1 50.0 85.0 4
926 1 50.0 85.0 4
925 1 50.0 85.0 4
923 1 50.0 85.0 4
922 1 50.0 85.0 4
921 1 50.0 85.0 4
919 1 50.0 85.0 4
918 1 50.0 85.0 4
917 1 50.0 85.0 4
916 1 50.0 85.0 4
915 1 50.0 85.0 4
951 1 54.0 86.0 4
949 1 50.0 88.0 4
948 1 50.0 88.0 4
947 1 50.0 88.0 4
946 1 50.0 88.0 4
945 1 50.0 88.0 4
943 1 50.0 88.0 4
854 1 46.0 89.0 4
853 1 46.0 89.0 4
851 1 46.0 89.0 4
850 1 46.0 89.0 4
848 1 46.0 89.0 4
847 1 46.0 89.0 4
846 1 46.0 89.0 4
845 1 46.0 89.0 4
844 1 46.0 89.0 4
843 1 46.0 89.0 4
842 1 46.0 89.0 4
874 1 46.0 87.0 4
873 1 46.0 87.0 4
872 1 46.0 87.0 4
871 1 46.0 87.0 4
870 1 46.0 87.0 4
868 1 46.0 87.0 4
867 1 46.0 87.0 4
866 1 46.0 87.0 4
865 1 46.0 87.0 4
864 1 46.0 87.0 4
840 1 44.0 86.0 4
839 1 44.0 86.0 4
838 1 44.0 86.0 4
837 1 44.0 86.0 4
835 1 44.0 86.0 4
787 1 37.0 83.0 4
786 1 37.0 83.0 4
785 1 37.0 83.0 4
783 1 37.0 83.0 4
781 1 37.0 83.0 4
780 1 37.0 83.0 4
777 1 37.0 83.0 4
776 1 37.0 83.0 4
775 1 37.0 83.0 4
818 1 35.0 85.0 4
817 1 35.0 85.0 4
816 1 35.0 85.0 4
815 1 35.0 85.0 4
814 1 35.0 85.0 4
812 1 35.0 85.0 4
811 1 35.0 85.0 4
810 1 35.0 85.0 4
809 1 35.0 85.0 4
808 1 35.0 85.0 4
807 1 35.0 85.0 4
805 1 35.0 85.0 4
1239 1 16.0 54.0 4
1238 1 16.0 54.0 4
1237 1 16.0 54.0 4
1236 1 16.0 54.0 4
1235 1 16.0 54.0 4
1234 1 15.0 51.0 4
1233 1 15.0 51.0 4
1232 1 15.0 51.0 4
1231 1 15.0 51.0 4
1230 1 15.0 51.0 4
1229 1 15.0 51.0 4
1228 1 14.0 50.0 4
1227 1 14.0 50.0 4
1226 1 14.0 50.0 4
1225 1 14.0 50.0 4
1224 1 14.0 50.0 4
1223 1 14.0 50.0 4
1222 1 14.0 50.0 4
1221 1 14.0 50.0 4
-1 0 10.0 45.0 D
5171 4 249.0 188.89404296875 250 2147483647 251
0 0 10.0 45.0 D
1277 1 13.0 40.0 4
1276 1 13.0 40.0 4
1274 1 13.0 40.0 4
1272 1 13.0 40.0 4
1021 1 14.0 40.0 4
1020 1 14.0 40.0 4
1018 1 14.0 40.0 4
1016 1 14.0 40.0 4
1015 1 14.0 40.0 4
1014 1 14.0 40.0 4
1013 1 14.0 40.0 4
1012 1 14.0 40.0 4
1011 1 14.0 40.0 4
1010 1 16.0 38.0 4
1009 1 16.0 38.0 4
1008 1 16.0 38.0 4
1005 1 16.0 38.0 4
1004 1 16.0 38.0 4
1003 1 16.0 38.0 4
1286 1 15.0 36.0 4
1285 1 15.0 36.0 4
1283 1 15.0 36.0 4
1282 1 15.0 36.0 4
1280 1 15.0 36.0 4
1279 1 15.0 36.0 4
1002 1 17.0 35.0 4
1001 1 17.0 35.0 4
998 1 17.0 35.0 4
997 1 17.0 35.0 4
996 1 17.0 35.0 4
994 1 17.0 35.0 4
993 1 17.0 35.0 4
1297 1 18.0 31.0 4
1296 1 18.0 31.0 4
1294 1 18.0 31.0 4
1292 1 18.0 31.0 4
1290 1 18.0 31.0 4
1289 1 18.0 31.0 4
1288 1 18.0 31.0 4
1287 1 18.0 31.0 4
65 1 31.0 7.0 4
69 1 32.0 9.0 4
68 1 32.0 9.0 4
67 1 32.0 9.0 4
66 1 32.0 9.0 4
81 1 34.0 9.0 4
80 1 34.0 9.0 4
79 1 34.0 9.0 4
78 1 34.0 9.0 4
77 1 34.0 9.0 4
76 1 34.0 9.0 4
75 1 34.0 9.0 4
74 1 34.0 9.0 4
73 1 34.0 9.0 4
72 1 34.0 9.0 4
71 1 34.0 9.0 4
105 1 35.0 7.0 4
104 1 35.0 7.0 4
102 1 35.0 7.0 4
120 1 34.0 6.0 4
119 1 34.0 6.0 4
118 1 34.0 6.0 4
117 1 34.0 6.0 4
116 1 34.0 6.0 4
115 1 34.0 6.0 4
114 1 34.0 6.0 4
113 1 34.0 6.0 4
112 1 34.0 6.0 4
111 1 34.0 6.0 4
110 1 34.0 6.0 4
109 1 34.0 6.0 4
108 1 34.0 6.0 4
107 1 34.0 6.0 4
135 1 35.0 5.0 4
134 1 35.0 5.0 4
133 1 35.0 5.0 4
131 1 35.0 5.0 4
130 1 35.0 5.0 4
127 1 35.0 5.0 4
126 1 35.0 5.0 4
125 1 35.0 5.0 4
124 1 35.0 5.0 4
123 1 35.0 5.0 4
121 1 35.0 5.0 4
195 1 36.0 3.0 4
194 1 36.0 3.0 4
193 1 36.0 3.0 4
192 1 36.0 3.0 4
191 1 36.0 3.0 4
190 1 36.0 3.0 4
189 1 36.0 3.0 4
188 1 36.0 3.0 4
186 1 36.0 3.0 4
185 1 36.0 3.0 4
184 1 36.0 3.0 4
182 1 36.0 3.0 4
180 1 36.0 3.0 4
179 1 36.0 3.0 4
177 1 39.0 3.0 4
176 1 39.0 3.0 4
175 1 39.0 3.0 4
174 1 39.0 3.0 4
172 1 39.0 3.0 4
170 1 39.0 3.0 4
169 1 39.0 3.0 4
168 1 39.0 3.0 4
167 1 39.0 3.0 4
166 1 39.0 3.0 4
164 1 40.0 5.0 4
162 1 40.0 5.0 4
161 1 40.0 5.0 4
160 1 40.0 5.0 4
159 1 40.0 5.0 4
158 1 40.0 5.0 4
156 1 40.0 5.0 4
155 1 40.0 5.0 4
150 1 47.0 6.0 4
149 1 47.0 6.0 4
148 1 47.0 6.0 4
147 1 47.0 6.0 4
146 1 47.0 6.0 4
144 1 47.0 6.0 4
143 1 47.0 6.0 4
141 1 47.0 6.0 4
140 1 47.0 6.0 4
139 1 47.0 6.0 4
138 1 47.0 6.0 4
137 1 47.0 6.0 4
136 1 47.0 6.0 4
208 1 73.0 6.0 4
206 1 73.0 6.0 4
205 1 73.0 6.0 4
204 1 73.0 6.0 4
203 1 73.0 6.0 4
201 1 73.0 6.0 4
200 1 73.0 6.0 4
199 1 73.0 6.0 4
197 1 73.0 6.0 4
196 1 73.0 6.0 4
278 1 78.0 3.0 4
277 1 78.0 3.0 4
276 1 78.0 3.0 4
274 1 78.0 3.0 4
273 1 78.0 3.0 4
271 1 78.0 3.0 4
270 1 78.0 3.0 4
269 1 78.0 3.0 4
268 1 78.0 3.0 4
267 1 78.0 3.0 4
311 1 79.0 5.0 4
310 1 79.0 5.0 4
309 1 79.0 5.0 4
308 1 79.0 5.0 4
307 1 79.0 5.0 4
306 1 79.0 5.0 4
305 1 79.0 5.0 4
304 1 79.0 5.0 4
303 1 79.0 5.0 4
301 1 79.0 5.0 4
300 1 79.0 5.0 4
253 1 76.0 6.0 4
252 1 76.0 6.0 4
251 1 76.0 6.0 4
248 1 76.0 6.0 4
247 1 76.0 6.0 4
246 1 76.0 6.0 4
245 1 76.0 6.0 4
244 1 76.0 6.0 4
243 1 76.0 6.0 4
241 1 76.0 6.0 4
239 1 76.0 6.0 4
226 1 73.0 8.0 4
225 1 73.0 8.0 4
224 1 73.0 8.0 4
223 1 73.0 8.0 4
222 1 73.0 8.0 4
221 1 73.0 8.0 4
220 1 73.0 8.0 4
218 1 73.0 8.0 4
217 1 73.0 8.0 4
216 1 73.0 8.0 4
215 1 73.0 8.0 4
214 1 73.0 8.0 4
212 1 73.0 8.0 4
211 1 73.0 8.0 4
210 1 73.0 8.0 4
100 1 46.0 9.0 4
99 1 46.0 9.0 4
97 1 46.0 9.0 4
96 1 46.0 9.0 4
95 1 46.0 9.0 4
93 1 46.0 9.0 4
92 1 46.0 9.0 4
91 1 46.0 9.0 4
90 1 46.0 9.0 4
89 1 46.0 9.0 4
88 1 46.0 9.0 4
87 1 46.0 9.0 4
85 1 46.0 9.0 4
83 1 46.0 9.0 4
82 1 46.0 9.0 4
1251 1 28.0 33.0 4
1250 1 28.0 33.0 4
1249 1 28.0 33.0 4
1248 1 28.0 33.0 4
1247 1 28.0 33.0 4
1246 1 28.0 33.0 4
1245 1 28.0 33.0 4
1244 1 28.0 33.0 4
1243 1 28.0 33.0 4
1242 1 28.0 33.0 4
1241 1 28.0 33.0 4
1240 1 28.0 33.0 4
238 1 24.0 36.0 4
237 1 24.0 36.0 4
236 1 24.0 36.0 4
235 1 24.0 36.0 4
234 1 24.0 36.0 4
233 1 24.0 36.0 4
231 1 24.0 36.0 4
229 1 24.0 36.0 4
228 1 24.0 36.0 4
1061 1 18.0 40.0 4
1060 1 18.0 40.0 4
1059 1 18.0 40.0 4
1058 1 18.0 40.0 4
1057 1 18.0 40.0 4
1056 1 18.0 40.0 4
1055 1 18.0 40.0 4
1054 1 18.0 40.0 4
1053 1 18.0 40.0 4
1052 1 18.0 40.0 4
1049 1 18.0 40.0 4
1047 1 18.0 40.0 4
1042 1 15.0 42.0 4
1041 1 15.0 42.0 4
1036 1 15.0 42.0 4
1035 1 15.0 42.0 4
1034 1 15.0 42.0 4
1033 1 15.0 42.0 4
1032 1 15.0 42.0 4
1030 1 15.0 42.0 4
1029 1 15.0 42.0 4
1028 1 15.0 42.0 4
1027 1 15.0 42.0 4
1026 1 15.0 42.0 4
1025 1 15.0 42.0 4
1024 1 15.0 42.0 4
1022 1 15.0 42.0 4
-1 0 10.0 45.0 D
5172 4 149.0 215.24855041503906 150 2147483647 151
0 0 10.0 45.0 D
1104 1 20.0 44.0 4
1103 1 20.0 44.0 4
1102 1 20.0 44.0 4
1101 1 20.0 44.0 4
1100 1 20.0 44.0 4
1099 1 20.0 44.0 4
1114 1 22.0 44.0 4
1113 1 22.0 44.0 4
1112 1 22.0 44.0 4
1111 1 22.0 44.0 4
1110 1 22.0 44.0 4
1109 1 22.0 44.0 4
1108 1 22.0 44.0 4
1106 1 22.0 44.0 4
1105 1 22.0 44.0 4
1264 1 33.0 38.0 4
1263 1 33.0 38.0 4
1262 1 33.0 38.0 4
1261 1 33.0 38.0 4
1260 1 33.0 38.0 4
1259 1 33.0 38.0 4
1258 1 33.0 38.0 4
1257 1 33.0 38.0 4
1256 1 33.0 38.0 4
1255 1 33.0 38.0 4
1254 1 33.0 38.0 4
1253 1 33.0 38.0 4
1252 1 33.0 38.0 4
409 1 86.0 41.0 4
408 1 86.0 41.0 4
407 1 86.0 41.0 4
406 1 86.0 41.0 4
405 1 86.0 41.0 4
404 1 86.0 41.0 4
403 1 86.0 41.0 4
402 1 86.0 41.0 4
401 1 86.0 41.0 4
400 1 86.0 41.0 4
399 1 86.0 41.0 4
398 1 86.0 41.0 4
397 1 86.0 41.0 4
396 1 86.0 41.0 4
395 1 86.0 41.0 4
394 1 86.0 41.0 4
393 1 86.0 41.0 4
392 1 86.0 41.0 4
512 1 92.0 42.0 4
511 1 92.0 42.0 4
510 1 92.0 42.0 4
508 1 92.0 42.0 4
506 1 92.0 42.0 4
505 1 92.0 42.0 4
504 1 92.0 42.0 4
503 1 92.0 42.0 4
530 1 94.0 42.0 4
529 1 94.0 42.0 4
528 1 94.0 42.0 4
527 1 94.0 42.0 4
526 1 94.0 42.0 4
525 1 94.0 42.0 4
524 1 94.0 42.0 4
523 1 94.0 42.0 4
522 1 94.0 42.0 4
557 1 96.0 42.0 4
556 1 96.0 42.0 4
555 1 96.0 42.0 4
554 1 96.0 42.0 4
553 1 96.0 42.0 4
374 1 84.0 9.0 4
373 1 84.0 9.0 4
340 1 82.0 7.0 4
338 1 82.0 7.0 4
337 1 82.0 7.0 4
315 1 79.0 5.0 4
314 1 79.0 5.0 4
313 1 79.0 5.0 4
291 1 78.0 9.0 4
290 1 78.0 9.0 4
289 1 78.0 9.0 4
288 1 78.0 9.0 4
287 1 78.0 9.0 4
286 1 78.0 9.0 4
285 1 78.0 9.0 4
284 1 78.0 9.0 4
283 1 78.0 9.0 4
282 1 78.0 9.0 4
281 1 78.0 9.0 4
280 1 78.0 9.0 4
279 1 78.0 9.0 4
329 1 79.0 11.0 4
328 1 79.0 11.0 4
327 1 79.0 11.0 4
325 1 79.0 11.0 4
324 1 79.0 11.0 4
323 1 79.0 11.0 4
322 1 79.0 11.0 4
321 1 79.0 11.0 4
319 1 79.0 11.0 4
318 1 79.0 11.0 4
317 1 79.0 11.0 4
316 1 79.0 11.0 4
259 1 76.0 10.0 4
258 1 76.0 10.0 4
257 1 76.0 10.0 4
256 1 76.0 10.0 4
265 1 76.0 13.0 4
264 1 76.0 13.0 4
263 1 76.0 13.0 4
262 1 76.0 13.0 4
261 1 76.0 13.0 4
1310 1 25.0 37.0 4
1309 1 25.0 37.0 4
1308 1 25.0 37.0 4
1307 1 25.0 37.0 4
1306 1 25.0 37.0 4
1305 1 25.0 37.0 4
1304 1 25.0 37.0 4
1303 1 25.0 37.0 4
1302 1 25.0 37.0 4
1301 1 25.0 37.0 4
1300 1 25.0 37.0 4
1299 1 25.0 37.0 4
1298 1 25.0 37.0 4
1074 1 21.0 39.0 4
1073 1 21.0 39.0 4
1071 1 21.0 39.0 4
1070 1 21.0 39.0 4
1069 1 21.0 39.0 4
1068 1 21.0 39.0 4
1066 1 21.0 39.0 4
1064 1 21.0 39.0 4
1062 1 21.0 39.0 4
1081 1 20.0 40.0 4
1080 1 20.0 40.0 4
1079 1 20.0 40.0 4
1078 1 20.0 40.0 4
1096 1 18.0 41.0 4
1095 1 18.0 41.0 4
1094 1 18.0 41.0 4
1092 1 18.0 41.0 4
1091 1 18.0 41.0 4
1090 1 18.0 41.0 4
1089 1 18.0 41.0 4
1088 1 18.0 41.0 4
1087 1 18.0 41.0 4
1086 1 18.0 41.0 4
1085 1 18.0 41.0 4
1083 1 18.0 41.0 4
1082 1 18.0 41.0 4
-1 0 10.0 45.0 D
5173 2 55.0 229.50222778320312 60 2147483647 57
0 0 10.0 45.0 D
1119 1 16.0 45.0 2
1118 1 16.0 45.0 2
1019 1 14.0 40.0 2
1051 1 18.0 40.0 2
1050 1 18.0 40.0 2
1048 1 18.0 40.0 2
1007 1 16.0 38.0 2
1006 1 16.0 38.0 2
1284 1 15.0 36.0 2
1281 1 15.0 36.0 2
232 1 24.0 36.0 2
230 1 24.0 36.0 2
227 1 24.0 36.0 2
463 1 89.0 43.0 2
459 1 89.0 43.0 2
457 1 89.0 43.0 2
509 1 92.0 42.0 2
507 1 92.0 42.0 2
350 1 90.0 15.0 2
348 1 90.0 15.0 2
347 1 90.0 15.0 2
346 1 90.0 15.0 2
344 1 90.0 15.0 2
343 1 90.0 15.0 2
342 1 90.0 15.0 2
372 1 84.0 9.0 2
387 1 85.0 8.0 2
386 1 85.0 8.0 2
385 1 85.0 8.0 2
384 1 85.0 8.0 2
390 1 87.0 7.0 2
389 1 87.0 7.0 2
388 1 87.0 7.0 2
383 1 87.0 5.0 2
382 1 87.0 5.0 2
361 1 84.0 3.0 2
359 1 84.0 3.0 2
370 1 84.0 5.0 2
367 1 84.0 5.0 2
365 1 84.0 5.0 2
363 1 84.0 5.0 2
362 1 84.0 5.0 2
341 1 82.0 7.0 2
339 1 82.0 7.0 2
266 1 76.0 13.0 2
1077 1 21.0 39.0 2
1076 1 21.0 39.0 2
1075 1 21.0 39.0 2
1072 1 21.0 39.0 2
1067 1 21.0 39.0 2
1065 1 21.0 39.0 2
1063 1 21.0 39.0 2
1097 1 18.0 41.0 2
1093 1 18.0 41.0 2
1084 1 18.0 41.0 2
-1 0 10.0 45.0 D
5179 4 187.0 204.03436279296875 200 2147483647 189
0 0 10.0 45.0 D
1115 1 16.0 45.0 4
1116 1 16.0 45.0 4
1117 1 16.0 45.0 4
1120 1 16.0 45.0 4
1121 1 16.0 45.0 4
1122 1 16.0 45.0 4
1123 1 16.0 45.0 4
1124 1 20.0 45.0 4
1128 1 20.0 45.0 4
1129 1 20.0 45.0 4
1130 1 20.0 45.0 4
1131 1 20.0 45.0 4
1133 1 20.0 45.0 4
1134 1 20.0 45.0 4
1322 1 25.0 52.0 4
1323 1 25.0 52.0 4
1324 1 25.0 52.0 4
1325 1 25.0 52.0 4
1326 1 25.0 52.0 4
1327 1 25.0 52.0 4
1328 1 25.0 52.0 4
1329 1 25.0 52.0 4
1331 1 25.0 52.0 4
1154 1 30.0 55.0 4
1155 1 30.0 55.0 4
1156 1 30.0 55.0 4
1157 1 30.0 55.0 4
1159 1 30.0 55.0 4
1160 1 30.0 55.0 4
1161 1 30.0 55.0 4
1162 1 30.0 55.0 4
1163 1 30.0 55.0 4
436 1 85.0 55.0 4
437 1 85.0 55.0 4
439 1 85.0 55.0 4
440 1 85.0 55.0 4
441 1 85.0 55.0 4
442 1 85.0 55.0 4
443 1 85.0 55.0 4
445 1 85.0 55.0 4
447 1 85.0 55.0 4
449 1 85.0 55.0 4
450 1 85.0 55.0 4
451 1 85.0 55.0 4
517 1 92.0 52.0 4
518 1 92.0 52.0 4
520 1 92.0 52.0 4
540 1 94.0 48.0 4
541 1 94.0 48.0 4
542 1 94.0 48.0 4
543 1 94.0 48.0 4
544 1 94.0 48.0 4
546 1 94.0 48.0 4
547 1 94.0 48.0 4
548 1 94.0 48.0 4
549 1 94.0 48.0 4
550 1 94.0 48.0 4
533 1 94.0 44.0 4
534 1 94.0 44.0 4
535 1 94.0 44.0 4
536 1 94.0 44.0 4
537 1 94.0 44.0 4
538 1 94.0 44.0 4
539 1 94.0 44.0 4
473 1 89.0 46.0 4
474 1 89.0 46.0 4
475 1 89.0 46.0 4
476 1 89.0 46.0 4
477 1 89.0 46.0 4
480 1 89.0 46.0 4
481 1 89.0 46.0 4
482 1 89.0 46.0 4
484 1 89.0 46.0 4
485 1 89.0 46.0 4
486 1 89.0 46.0 4
453 1 89.0 43.0 4
454 1 89.0 43.0 4
455 1 89.0 43.0 4
456 1 89.0 43.0 4
458 1 89.0 43.0 4
460 1 89.0 43.0 4
461 1 89.0 43.0 4
462 1 89.0 43.0 4
464 1 89.0 43.0 4
466 1 89.0 43.0 4
467 1 89.0 43.0 4
468 1 89.0 43.0 4
469 1 89.0 43.0 4
470 1 89.0 43.0 4
471 1 89.0 43.0 4
472 1 89.0 43.0 4
410 1 86.0 44.0 4
411 1 86.0 44.0 4
412 1 86.0 44.0 4
413 1 86.0 44.0 4
414 1 86.0 44.0 4
416 1 86.0 44.0 4
417 1 86.0 44.0 4
418 1 86.0 44.0 4
420 1 86.0 44.0 4
421 1 86.0 44.0 4
422 1 86.0 44.0 4
423 1 86.0 44.0 4
425 1 86.0 46.0 4
427 1 86.0 46.0 4
428 1 86.0 46.0 4
429 1 86.0 46.0 4
430 1 86.0 46.0 4
431 1 86.0 46.0 4
434 1 86.0 46.0 4
487 1 89.0 52.0 4
488 1 89.0 52.0 4
489 1 89.0 52.0 4
490 1 89.0 52.0 4
491 1 89.0 52.0 4
492 1 89.0 52.0 4
493 1 89.0 52.0 4
495 1 89.0 52.0 4
496 1 89.0 52.0 4
497 1 89.0 52.0 4
498 1 89.0 52.0 4
499 1 89.0 52.0 4
500 1 89.0 52.0 4
501 1 89.0 52.0 4
502 1 89.0 52.0 4
1265 1 30.0 50.0 4
1266 1 30.0 50.0 4
1267 1 30.0 50.0 4
1268 1 30.0 50.0 4
1269 1 30.0 50.0 4
1270 1 30.0 50.0 4
1271 1 30.0 50.0 4
1311 1 30.0 46.0 4
1312 1 30.0 46.0 4
1313 1 30.0 46.0 4
1314 1 30.0 46.0 4
1315 1 30.0 46.0 4
1316 1 30.0 46.0 4
1317 1 30.0 46.0 4
1318 1 30.0 46.0 4
1319 1 30.0 46.0 4
1320 1 30.0 46.0 4
1321 1 30.0 46.0 4
1135 1 25.0 45.0 4
1136 1 25.0 45.0 4
1137 1 25.0 45.0 4
1138 1 25.0 45.0 4
1139 1 25.0 45.0 4
1140 1 25.0 45.0 4
1141 1 25.0 45.0 4
1142 1 25.0 45.0 4
1143 1 25.0 45.0 4
1144 1 25.0 45.0 4
1145 1 25.0 45.0 4
1146 1 25.0 45.0 4
1147 1 25.0 45.0 4
1148 1 25.0 45.0 4
1149 1 25.0 45.0 4
1150 1 25.0 45.0 4
1151 1 25.0 45.0 4
1175 1 22.0 51.0 4
1178 1 22.0 51.0 4
1179 1 22.0 51.0 4
1180 1 22.0 51.0 4
1181 1 22.0 51.0 4
1164 1 20.0 50.0 4
1165 1 20.0 50.0 4
1166 1 20.0 50.0 4
1168 1 20.0 50.0 4
1169 1 20.0 50.0 4
1170 1 20.0 50.0 4
1172 1 20.0 50.0 4
1173 1 20.0 50.0 4
1174 1 20.0 50.0 4
1184 1 18.0 49.0 4
1186 1 18.0 49.0 4
1187 1 18.0 49.0 4
1188 1 18.0 49.0 4
1189 1 18.0 49.0 4
1192 1 16.0 48.0 4
1193 1 16.0 48.0 4
1194 1 16.0 48.0 4
1196 1 16.0 48.0 4
1197 1 16.0 48.0 4
1198 1 16.0 48.0 4
1200 1 16.0 48.0 4
1201 1 16.0 48.0 4
-1 0 10.0 45.0 D
5180 1 59.0 279.9276123046875 60 2147483647 61
0 0 10.0 45.0 D
615 1 85.0 85.0 1
616 1 85.0 85.0 1
625 1 85.0 85.0 1
628 1 85.0 85.0 1
630 1 85.0 85.0 1
634 1 85.0 85.0 1
639 1 85.0 85.0 1
653 1 87.0 87.0 1
657 1 87.0 87.0 1
658 1 87.0 87.0 1
679 1 90.0 90.0 1
680 1 90.0 90.0 1
681 1 90.0 90.0 1
682 1 90.0 90.0 1
683 1 90.0 90.0 1
684 1 90.0 90.0 1
685 1 90.0 90.0 1
686 1 90.0 90.0 1
687 1 90.0 90.0 1
688 1 90.0 90.0 1
689 1 90.0 90.0 1
690 1 90.0 90.0 1
715 1 93.0 89.0 1
716 1 93.0 89.0 1
717 1 93.0 89.0 1
718 1 93.0 89.0 1
719 1 93.0 89.0 1
720 1 93.0 89.0 1
721 1 93.0 89.0 1
722 1 93.0 89.0 1
723 1 93.0 89.0 1
724 1 93.0 89.0 1
725 1 93.0 89.0 1
726 1 93.0 89.0 1
727 1 93.0 89.0 1
728 1 93.0 89.0 1
729 1 93.0 89.0 1
730 1 93.0 89.0 1
435 1 86.0 46.0 1
433 1 86.0 46.0 1
432 1 86.0 46.0 1
426 1 86.0 46.0 1
424 1 86.0 46.0 1
29 1 25.0 3.0 1
5 1 25.0 1.0 1
18 1 25.0 1.0 1
19 1 25.0 1.0 1
33 1 31.0 5.0 1
42 1 31.0 5.0 1
51 1 32.0 5.0 1
178 1 36.0 3.0 1
181 1 36.0 3.0 1
187 1 36.0 3.0 1
122 1 35.0 5.0 1
106 1 34.0 6.0 1
55 1 31.0 7.0 1
61 1 31.0 7.0 1
965 1 10.0 35.0 1
974 1 10.0 40.0 1
-1 0 10.0 45.0 D
