File: p22 Num Depots: 1 Num Pick Up Points: 117 Num Trucks: 3Processing Time: 38 seconds
Total Demand = 1338.00| Total Distance = 2477.82| Total Travel Time = 1858.37| Total Cost = $1742.60|

Truck #5165 MaxCap: 160 Demand: 137.0 ROUTE:0 1046 1044 1278 1275 1273 1017 101 129 128 163 157 152 145 142 98 94 84 207 213 260 330 326 320 255 312 297 360 358 357 355 371 369 368 366 364 391 349 345 532 531 558 564 565 567 570 513 516 519 545 465 478 479 419 415 438 444 446 700 702 762 763 764 765 766 767 768 769 770 771 772 773 774 731 732 733 734 735 736 737 738 739 740 741 742 743 744 708 709 710 711 712 713 714 667 668 669 670 671 672 673 674 675 676 677 678 598 600 593 595 962 952 924 927 883 891 901 908 849 869 836 841 911 859 861 796 801 804 779 784 788 789 790 819 821 828 833 806 -1 
Truck #5166 MaxCap: 60 Demand: 59.0 ROUTE:0 1107 1098 1132 1127 1126 1125 452 448 494 521 515 514 483 552 551 561 560 559 582 581 580 579 578 577 576 575 574 573 572 571 569 568 566 563 562 761 760 759 758 757 756 755 754 753 752 751 750 749 748 747 746 745 697 696 695 694 693 692 691 -1 
Truck #5167 MaxCap: 100 Demand: 99.0 ROUTE:0 1211 1207 800 935 920 950 606 605 604 603 602 601 599 597 596 618 617 614 613 612 611 610 609 608 607 632 631 629 627 626 624 623 622 621 620 619 642 641 640 638 637 636 635 633 650 649 648 647 646 645 644 643 666 665 664 663 662 661 660 659 656 655 654 652 651 707 706 705 704 703 701 699 698 594 592 591 590 589 588 587 586 585 584 583 1158 1153 1152 1330 1177 1176 1171 1167 1190 1185 1183 1182 1199 1195 1191 -1 
Truck #5168 MaxCap: 160 Demand: 148.0 ROUTE:0 1220 791 782 778 813 834 832 831 830 829 827 826 825 824 823 822 820 909 907 906 905 904 903 902 900 899 898 897 896 895 894 893 892 890 889 888 887 886 885 884 882 881 880 879 878 877 876 875 852 944 961 960 959 958 957 956 955 954 953 219 209 254 250 249 242 240 302 336 335 334 333 332 331 356 354 353 352 351 381 380 379 378 377 376 375 299 298 296 295 294 293 292 275 272 202 198 86 151 165 154 153 173 171 183 132 103 70 58 35 30 28 25 24 23 22 21 20 17 16 15 14 13 12 11 10 9 8 7 6 4 3 2 1 988 984 1295 1293 1291 1000 999 995 1040 1039 1038 1037 1031 1023 971 -1 
Truck #5170 MaxCap: 200 Demand: 196.0 ROUTE:0 1045 1043 981 980 979 978 977 976 975 973 972 970 969 968 967 966 964 963 32 31 27 26 45 44 43 41 40 39 38 37 36 34 50 49 48 47 46 64 63 62 60 59 57 56 54 53 52 992 991 990 989 987 986 985 983 982 1338 1337 1336 1335 1334 1333 1332 1219 1218 1217 1216 1215 1214 1213 1212 1210 1209 1208 1206 1205 1204 1203 1202 863 862 860 858 857 856 855 914 913 912 910 803 802 799 798 797 795 794 793 792 942 941 940 939 938 937 936 934 933 932 931 930 929 928 926 925 923 922 921 919 918 917 916 915 951 949 948 947 946 945 943 854 853 851 850 848 847 846 845 844 843 842 874 873 872 871 870 868 867 866 865 864 840 839 838 837 835 787 786 785 783 781 780 777 776 775 818 817 816 815 814 812 811 810 809 808 807 805 1239 1238 1237 1236 1235 1234 1233 1232 1231 1230 1229 1228 1227 1226 1225 1224 1223 1222 1221 -1 
Truck #5171 MaxCap: 250 Demand: 249.0 ROUTE:0 1277 1276 1274 1272 1021 1020 1018 1016 1015 1014 1013 1012 1011 1010 1009 1008 1005 1004 1003 1286 1285 1283 1282 1280 1279 1002 1001 998 997 996 994 993 1297 1296 1294 1292 1290 1289 1288 1287 65 69 68 67 66 81 80 79 78 77 76 75 74 73 72 71 105 104 102 120 119 118 117 116 115 114 113 112 111 110 109 108 107 135 134 133 131 130 127 126 125 124 123 121 195 194 193 192 191 190 189 188 186 185 184 182 180 179 177 176 175 174 172 170 169 168 167 166 164 162 161 160 159 158 156 155 150 149 148 147 146 144 143 141 140 139 138 137 136 208 206 205 204 203 201 200 199 197 196 278 277 276 274 273 271 270 269 268 267 311 310 309 308 307 306 305 304 303 301 300 253 252 251 248 247 246 245 244 243 241 239 226 225 224 223 222 221 220 218 217 216 215 214 212 211 210 100 99 97 96 95 93 92 91 90 89 88 87 85 83 82 1251 1250 1249 1248 1247 1246 1245 1244 1243 1242 1241 1240 238 237 236 235 234 233 231 229 228 1061 1060 1059 1058 1057 1056 1055 1054 1053 1052 1049 1047 1042 1041 1036 1035 1034 1033 1032 1030 1029 1028 1027 1026 1025 1024 1022 -1 
Truck #5172 MaxCap: 150 Demand: 149.0 ROUTE:0 1104 1103 1102 1101 1100 1099 1114 1113 1112 1111 1110 1109 1108 1106 1105 1264 1263 1262 1261 1260 1259 1258 1257 1256 1255 1254 1253 1252 409 408 407 406 405 404 403 402 401 400 399 398 397 396 395 394 393 392 512 511 510 508 506 505 504 503 530 529 528 527 526 525 524 523 522 557 556 555 554 553 374 373 340 338 337 315 314 313 291 290 289 288 287 286 285 284 283 282 281 280 279 329 328 327 325 324 323 322 321 319 318 317 316 259 258 257 256 265 264 263 262 261 1310 1309 1308 1307 1306 1305 1304 1303 1302 1301 1300 1299 1298 1074 1073 1071 1070 1069 1068 1066 1064 1062 1081 1080 1079 1078 1096 1095 1094 1092 1091 1090 1089 1088 1087 1086 1085 1083 1082 -1 
Truck #5173 MaxCap: 60 Demand: 55.0 ROUTE:0 1119 1118 1019 1051 1050 1048 1007 1006 1284 1281 232 230 227 463 459 457 509 507 350 348 347 346 344 343 342 372 387 386 385 384 390 389 388 383 382 361 359 370 367 365 363 362 341 339 266 1077 1076 1075 1072 1067 1065 1063 1097 1093 1084 -1 
Truck #5179 MaxCap: 200 Demand: 187.0 ROUTE:0 1115 1116 1117 1120 1121 1122 1123 1124 1128 1129 1130 1131 1133 1134 1322 1323 1324 1325 1326 1327 1328 1329 1331 1154 1155 1156 1157 1159 1160 1161 1162 1163 436 437 439 440 441 442 443 445 447 449 450 451 517 518 520 540 541 542 543 544 546 547 548 549 550 533 534 535 536 537 538 539 473 474 475 476 477 480 481 482 484 485 486 453 454 455 456 458 460 461 462 464 466 467 468 469 470 471 472 410 411 412 413 414 416 417 418 420 421 422 423 425 427 428 429 430 431 434 487 488 489 490 491 492 493 495 496 497 498 499 500 501 502 1265 1266 1267 1268 1269 1270 1271 1311 1312 1313 1314 1315 1316 1317 1318 1319 1320 1321 1135 1136 1137 1138 1139 1140 1141 1142 1143 1144 1145 1146 1147 1148 1149 1150 1151 1175 1178 1179 1180 1181 1164 1165 1166 1168 1169 1170 1172 1173 1174 1184 1186 1187 1188 1189 1192 1193 1194 1196 1197 1198 1200 1201 -1 
Truck #5180 MaxCap: 60 Demand: 59.0 ROUTE:0 615 616 625 628 630 634 639 653 657 658 679 680 681 682 683 684 685 686 687 688 689 690 715 716 717 718 719 720 721 722 723 724 725 726 727 728 729 730 435 433 432 426 424 29 5 18 19 33 42 51 178 181 187 122 106 55 61 965 974 -1 


Inital Solution 0 changes  totQ=1338.00 totD=2871.78 $1980.21
Local One Opt 59 changes  totQ=1338.00 totD=2801.74 $1969.82
Local Two Opt 18 changes  totQ=1338.00 totD=2786.59 $1968.00
Local Three Opt 18 changes  totQ=1338.00 totD=2728.38 $1958.28
K-Two Forward 0 changes  totQ=1338.00 totD=2728.38 $1958.28
K-Two Reverse 0 changes  totQ=1338.00 totD=2728.38 $1958.28
K-Three Forward 0 changes  totQ=1338.00 totD=2728.38 $1958.28
K-Three Reverse 0 changes  totQ=1338.00 totD=2728.38 $1958.28
Exchange 01 9 changes  totQ=1338.00 totD=2729.61 $1956.40
Exchange 01 0 changes  totQ=1338.00 totD=2729.61 $1956.40
Exchange 11 0 changes  totQ=1338.00 totD=2729.61 $1956.40
Exchange 02 0 changes  totQ=1338.00 totD=2729.61 $1956.40
Exchange 20 0 changes  totQ=1338.00 totD=2729.61 $1956.40
Exchange 12 1 changes  totQ=1338.00 totD=2727.06 $1956.25
Exchange 21 0 changes  totQ=1338.00 totD=2727.06 $1956.25
Exchange 22 0 changes  totQ=1338.00 totD=2727.06 $1956.25
Combination 1 changes  totQ=1338.00 totD=2727.06 $1956.25
Reduction 1 changes  totQ=1338.00 totD=2451.33 $1787.95
Reallocation 1 changes  totQ=1338.00 totD=2477.82 $1742.60
Relax/Combine 0 changes  totQ=1338.00 totD=2477.82 $1742.60
Sharing 0 changes  totQ=1338.00 totD=2477.82 $1742.60
Relax/Share 0 changes  totQ=1338.00 totD=2477.82 $1742.60
