File: p23 Num Depots: 1 Num Pick Up Points: 96 Num Trucks: 4Processing Time: 38 seconds
Total Demand = 1730.00| Total Distance = 2062.06| Total Travel Time = 1546.55| Total Cost = $2076.61|

Truck #5212 MaxCap: 100 Demand: 99.0 ROUTE:0 207 198 196 345 350 347 337 334 333 322 624 622 612 719 716 713 712 688 683 677 669 658 639 634 631 605 593 576 571 564 552 544 533 532 523 522 879 872 859 855 865 862 861 786 782 798 794 774 999 997 990 987 985 1059 1071 1048 1043 1035 1026 1025 1022 1021 978 973 968 958 957 953 951 900 899 897 884 883 932 902 1419 1414 1411 1375 1374 1373 1372 1371 1410 1408 1405 1332 1329 1323 1306 1301 1277 1087 1082 1081 1169 1205 1203 -1 
Truck #5213 MaxCap: 160 Demand: 145.0 ROUTE:0 1602 1616 1591 1593 1598 1550 1446 1444 1441 1436 1432 1429 1425 1399 1397 1394 1390 1370 1369 1368 1367 1366 1365 1364 1363 1362 1361 1270 1269 1268 1267 1266 1265 1264 1263 1262 1261 1260 1259 1258 1257 1256 1255 1254 1253 1252 1251 1250 1249 1248 1247 1246 1245 1244 1243 1242 1241 1240 1239 1238 1237 1236 1235 1234 1233 1232 1231 1230 1229 1228 1227 1226 1225 1224 1223 1222 1221 1290 1289 1288 1287 1286 1285 1284 1283 1282 1281 1380 1379 1378 1377 1376 1455 1488 1508 1564 1628 1633 1639 1640 1656 1662 1674 1675 1679 1708 1710 10 18 19 22 29 76 89 121 162 163 164 170 172 174 176 178 211 214 215 217 264 268 270 272 275 282 283 286 287 288 294 233 242 248 309 501 505 509 -1 
Truck #5214 MaxCap: 60 Demand: 56.0 ROUTE:0 1619 1614 1611 1592 1585 1582 1580 1569 1566 1549 1497 1495 1507 1504 1501 1638 1637 1636 1635 1634 1632 1631 1630 1629 1627 1626 1625 1624 1623 1622 1621 1654 1653 1652 1651 1650 1649 1648 1647 1646 1645 1644 1643 1642 1641 1690 1689 1688 1687 1686 1685 1684 1683 1682 1681 1700 -1 
Truck #5215 MaxCap: 100 Demand: 78.0 ROUTE:0 1359 1358 1354 1352 1350 1347 1346 180 179 177 175 173 171 169 168 167 166 165 161 220 219 218 216 213 212 300 299 298 297 296 295 293 292 291 290 289 285 284 281 280 279 278 277 276 274 273 271 269 267 266 265 263 262 261 341 260 258 256 247 243 221 208 200 188 159 152 146 117 133 90 71 60 55 49 45 43 41 105 -1 
Truck #5216 MaxCap: 160 Demand: 159.0 ROUTE:0 770 764 734 758 755 754 752 749 748 742 723 1060 1052 1080 1079 1078 1077 1076 1075 1074 1073 1072 1070 1069 1068 1067 1066 1065 1064 1063 1062 1061 789 781 820 818 791 823 850 847 844 843 853 868 866 566 550 606 598 594 583 577 572 640 638 637 636 635 633 632 670 668 667 666 665 664 663 662 661 660 659 657 656 655 654 653 652 651 700 699 698 697 696 695 694 693 692 691 690 689 687 686 685 684 682 681 680 679 678 676 675 674 673 672 671 720 718 717 715 714 711 710 709 708 707 706 705 704 703 702 701 646 644 332 327 349 348 346 344 343 342 308 494 492 491 490 488 486 484 482 469 515 511 504 478 476 473 472 444 442 441 440 428 423 418 417 416 413 402 -1 
Truck #5217 MaxCap: 150 Demand: 149.0 ROUTE:0 1610 1609 1608 1607 1606 1605 1604 1603 1601 1560 1559 1558 1557 1556 1555 1554 1553 1552 1551 1548 1547 1546 1545 1544 1543 1542 1541 1540 1539 1538 1537 1536 1535 1534 1533 1532 1531 1480 1479 1478 1477 1476 1475 1474 1473 1472 1471 1470 1469 1468 1467 1466 1465 1464 1463 1462 1461 1459 1458 1457 1456 1454 1451 1500 1499 1498 1496 1494 1493 1492 1491 1490 1489 1487 1486 1485 1484 1483 1482 1481 1530 1529 1528 1527 1526 1525 1524 1523 1522 1521 1520 1519 1518 1517 1516 1515 1514 1513 1512 1511 1510 1509 1506 1505 1503 1502 1590 1589 1588 1587 1586 1584 1583 1581 1579 1578 1577 1576 1575 1574 1573 1572 1571 1570 1568 1567 1565 1563 1562 1561 1600 1599 1597 1596 1595 1594 1620 1618 1617 1615 1613 1612 1697 1696 1695 1694 1693 1692 1691 -1 
Truck #5218 MaxCap: 200 Demand: 199.0 ROUTE:0 70 69 68 67 66 65 64 63 62 61 50 48 47 46 44 42 110 109 108 107 106 104 103 102 101 100 99 98 97 96 95 94 93 92 91 130 129 128 127 126 125 124 123 122 120 119 118 116 115 114 113 112 111 150 149 148 147 145 144 143 142 141 160 158 157 156 155 154 153 151 240 239 238 237 236 235 234 232 231 230 229 228 227 226 225 224 223 222 140 139 138 137 136 135 134 132 131 88 87 86 85 84 83 82 81 80 79 78 77 75 74 73 72 59 58 57 56 54 53 52 51 40 39 38 37 36 35 34 33 32 31 30 28 27 26 25 24 23 21 20 17 16 15 14 13 12 11 1730 1729 1728 1727 1726 1725 1724 1723 1722 1721 1720 1719 1718 1717 1716 1715 1714 1713 1712 1711 1709 1707 1706 1705 1704 1703 1702 1701 1699 1698 9 8 7 6 5 4 3 2 1 1360 1357 1356 1355 1353 1351 1349 1348 1345 1344 1343 1342 1341 -1 
Truck #5219 MaxCap: 250 Demand: 249.0 ROUTE:0 380 379 378 377 376 375 374 373 372 371 370 369 368 367 366 365 364 363 362 361 400 399 398 397 396 395 394 393 392 391 390 389 388 387 386 385 384 383 382 381 410 409 408 407 406 405 404 403 401 470 468 467 466 465 464 463 462 461 500 499 498 497 496 495 493 489 487 485 483 481 520 519 518 517 516 514 513 512 210 209 206 205 204 203 202 201 199 197 195 194 193 192 191 190 189 187 186 185 184 183 182 181 259 257 255 254 253 252 251 250 249 246 245 244 241 320 319 318 317 316 315 314 313 312 311 310 307 306 305 304 303 302 301 340 339 338 336 335 331 330 329 328 326 325 324 323 321 650 649 648 647 645 643 642 641 630 629 628 627 626 625 623 621 620 619 618 617 616 615 614 613 611 590 589 588 587 586 585 584 582 581 580 579 578 575 574 573 510 508 507 506 503 502 480 479 477 475 474 471 460 459 458 457 456 455 454 453 452 451 450 449 448 447 446 445 443 439 438 437 436 435 434 433 432 431 430 429 427 426 425 424 422 421 420 419 415 414 412 411 360 359 358 357 356 355 354 353 352 351 -1 
Truck #5220 MaxCap: 150 Demand: 149.0 ROUTE:0 769 768 767 766 765 763 762 761 830 829 828 827 826 825 824 822 821 849 848 846 845 842 841 819 817 816 815 814 813 812 811 810 809 808 807 806 805 804 803 802 801 800 799 797 796 795 793 792 780 779 778 777 776 775 773 772 771 790 788 787 785 784 783 840 839 838 837 836 835 834 833 832 831 870 869 867 864 863 860 858 857 856 854 852 851 880 878 877 876 875 874 873 871 540 539 538 537 536 535 534 531 530 529 528 527 526 525 524 521 610 609 608 607 604 603 602 601 600 599 597 596 595 592 591 570 569 568 567 565 563 562 561 560 559 558 557 556 555 554 553 551 549 548 547 546 545 543 542 541 -1 
Truck #5221 MaxCap: 150 Demand: 149.0 ROUTE:0 1220 1219 1218 1217 1216 1215 1214 1213 1212 1211 1188 1187 1186 1184 1272 1271 1090 1089 1088 1084 1083 1168 1167 1166 1165 1164 1163 1162 1161 1210 1209 1208 1207 1206 1204 1202 1201 950 949 948 947 946 945 944 943 942 941 940 938 937 936 935 934 933 931 930 928 927 926 925 924 923 922 921 920 919 918 917 916 915 913 911 910 909 908 907 906 904 903 901 1020 1019 1018 1017 1016 1015 1014 1013 1012 1011 1010 1008 1006 1005 1003 1002 1001 1000 998 996 995 994 992 991 989 988 986 984 983 982 981 1058 1057 1056 1055 1054 1053 1051 730 729 728 727 726 725 724 722 721 740 739 738 737 736 735 733 732 731 760 759 757 756 753 751 750 747 746 745 744 743 741 -1 
Truck #5222 MaxCap: 60 Demand: 59.0 ROUTE:0 939 929 914 912 905 886 885 882 881 980 979 977 976 975 974 972 971 970 969 967 966 965 964 963 962 961 960 959 956 955 954 952 1050 1049 1047 1046 1045 1044 1042 1041 1040 1039 1038 1037 1036 1034 1033 1032 1031 1030 1029 1028 1027 1024 1023 1009 1007 1004 993 -1 
Truck #5223 MaxCap: 60 Demand: 59.0 ROUTE:0 1157 1146 1145 1141 1135 1130 1121 1114 1426 1424 1423 1422 1421 1409 1407 1406 1404 1403 1402 1401 1420 1418 1417 1416 1415 1413 1412 898 896 895 894 893 892 891 890 889 888 887 1170 1086 1085 1276 1339 1336 1321 1317 1299 1298 1291 1110 1109 1106 1100 1190 1189 1185 1183 1182 1181 -1 
Truck #5224 MaxCap: 150 Demand: 122.0 ROUTE:0 1200 1199 1198 1197 1196 1195 1194 1193 1192 1191 1180 1179 1178 1177 1176 1175 1174 1173 1172 1171 1108 1107 1105 1104 1103 1102 1101 1099 1098 1097 1096 1095 1094 1093 1092 1091 1280 1279 1278 1275 1274 1273 1340 1338 1337 1335 1334 1333 1331 1330 1328 1327 1326 1325 1324 1322 1320 1319 1318 1316 1315 1314 1313 1312 1311 1310 1309 1308 1307 1305 1304 1303 1302 1300 1297 1296 1295 1294 1293 1292 1160 1159 1158 1156 1155 1154 1153 1152 1151 1150 1149 1148 1147 1144 1143 1142 1140 1139 1138 1137 1136 1134 1133 1132 1131 1129 1128 1127 1126 1125 1124 1123 1122 1120 1119 1118 1117 1116 1115 1113 1112 1111 -1 
Truck #5225 MaxCap: 60 Demand: 58.0 ROUTE:0 1680 1678 1677 1676 1673 1672 1671 1670 1669 1668 1667 1666 1665 1664 1663 1661 1660 1659 1658 1657 1655 1460 1453 1452 1400 1398 1396 1395 1393 1392 1391 1389 1388 1387 1386 1385 1384 1383 1382 1381 1450 1449 1448 1447 1445 1443 1442 1440 1439 1438 1437 1435 1434 1433 1431 1430 1428 1427 -1 


Inital Solution 0 changes  totQ=1730.00 totD=2235.26 $2142.24
Local One Opt 39 changes  totQ=1730.00 totD=2168.94 $2132.58
Local Two Opt 14 changes  totQ=1730.00 totD=2152.72 $2131.34
Local Three Opt 26 changes  totQ=1730.00 totD=2115.98 $2127.10
K-Two Forward 0 changes  totQ=1730.00 totD=2115.98 $2127.10
K-Two Reverse 1 changes  totQ=1730.00 totD=2115.96 $2127.10
K-Three Forward 0 changes  totQ=1730.00 totD=2115.96 $2127.10
K-Three Reverse 0 changes  totQ=1730.00 totD=2115.96 $2127.10
Exchange 01 2 changes  totQ=1730.00 totD=2114.16 $2125.39
Exchange 01 0 changes  totQ=1730.00 totD=2114.16 $2125.39
Exchange 11 2 changes  totQ=1730.00 totD=2113.95 $2125.08
Exchange 02 0 changes  totQ=1730.00 totD=2113.95 $2125.08
Exchange 20 0 changes  totQ=1730.00 totD=2113.95 $2125.08
Exchange 12 0 changes  totQ=1730.00 totD=2113.95 $2125.08
Exchange 21 0 changes  totQ=1730.00 totD=2113.95 $2125.08
Exchange 22 0 changes  totQ=1730.00 totD=2113.95 $2125.08
Combination 0 changes  totQ=1730.00 totD=2113.95 $2125.08
Reduction 1 changes  totQ=1730.00 totD=2062.06 $2076.61
Reallocation 0 changes  totQ=1730.00 totD=2062.06 $2076.61
Relax/Combine 0 changes  totQ=1730.00 totD=2062.06 $2076.61
Sharing 0 changes  totQ=1730.00 totD=2062.06 $2076.61
Relax/Share 0 changes  totQ=1730.00 totD=2062.06 $2076.61
