1730
1 4 1 45.0 68.0 1
2 4 1 45.0 68.0 1
3 4 1 45.0 68.0 1
4 4 1 45.0 68.0 1
5 4 1 45.0 68.0 1
6 4 1 45.0 68.0 1
7 4 1 45.0 68.0 1
8 4 1 45.0 68.0 1
9 4 1 45.0 68.0 1
10 1 1 45.0 68.0 1
11 4 1 45.0 70.0 2
12 4 1 45.0 70.0 2
13 4 1 45.0 70.0 2
14 4 1 45.0 70.0 2
15 4 1 45.0 70.0 2
16 4 1 45.0 70.0 2
17 4 1 45.0 70.0 2
18 1 1 45.0 70.0 2
19 1 1 45.0 70.0 2
20 4 1 45.0 70.0 2
21 4 1 45.0 70.0 2
22 1 1 45.0 70.0 2
23 4 1 45.0 70.0 2
24 4 1 45.0 70.0 2
25 4 1 45.0 70.0 2
26 4 1 45.0 70.0 2
27 4 1 45.0 70.0 2
28 4 1 45.0 70.0 2
29 1 1 45.0 70.0 2
30 4 1 45.0 70.0 2
31 4 1 45.0 70.0 2
32 4 1 45.0 70.0 2
33 4 1 45.0 70.0 2
34 4 1 45.0 70.0 2
35 4 1 45.0 70.0 2
36 4 1 45.0 70.0 2
37 4 1 45.0 70.0 2
38 4 1 45.0 70.0 2
39 4 1 45.0 70.0 2
40 4 1 45.0 70.0 2
41 2 1 42.0 66.0 3
42 4 1 42.0 66.0 3
43 2 1 42.0 66.0 3
44 4 1 42.0 66.0 3
45 2 1 42.0 66.0 3
46 4 1 42.0 66.0 3
47 4 1 42.0 66.0 3
48 4 1 42.0 66.0 3
49 2 1 42.0 66.0 3
50 4 1 42.0 66.0 3
51 4 1 42.0 68.0 4
52 4 1 42.0 68.0 4
53 4 1 42.0 68.0 4
54 4 1 42.0 68.0 4
55 2 1 42.0 68.0 4
56 4 1 42.0 68.0 4
57 4 1 42.0 68.0 4
58 4 1 42.0 68.0 4
59 4 1 42.0 68.0 4
60 2 1 42.0 68.0 4
61 4 1 42.0 65.0 5
62 4 1 42.0 65.0 5
63 4 1 42.0 65.0 5
64 4 1 42.0 65.0 5
65 4 1 42.0 65.0 5
66 4 1 42.0 65.0 5
67 4 1 42.0 65.0 5
68 4 1 42.0 65.0 5
69 4 1 42.0 65.0 5
70 4 1 42.0 65.0 5
71 2 1 40.0 69.0 6
72 4 1 40.0 69.0 6
73 4 1 40.0 69.0 6
74 4 1 40.0 69.0 6
75 4 1 40.0 69.0 6
76 1 1 40.0 69.0 6
77 4 1 40.0 69.0 6
78 4 1 40.0 69.0 6
79 4 1 40.0 69.0 6
80 4 1 40.0 69.0 6
81 4 1 40.0 69.0 6
82 4 1 40.0 69.0 6
83 4 1 40.0 69.0 6
84 4 1 40.0 69.0 6
85 4 1 40.0 69.0 6
86 4 1 40.0 69.0 6
87 4 1 40.0 69.0 6
88 4 1 40.0 69.0 6
89 1 1 40.0 69.0 6
90 2 1 40.0 69.0 6
91 4 1 40.0 66.0 7
92 4 1 40.0 66.0 7
93 4 1 40.0 66.0 7
94 4 1 40.0 66.0 7
95 4 1 40.0 66.0 7
96 4 1 40.0 66.0 7
97 4 1 40.0 66.0 7
98 4 1 40.0 66.0 7
99 4 1 40.0 66.0 7
100 4 1 40.0 66.0 7
101 4 1 40.0 66.0 7
102 4 1 40.0 66.0 7
103 4 1 40.0 66.0 7
104 4 1 40.0 66.0 7
105 2 1 40.0 66.0 7
106 4 1 40.0 66.0 7
107 4 1 40.0 66.0 7
108 4 1 40.0 66.0 7
109 4 1 40.0 66.0 7
110 4 1 40.0 66.0 7
111 4 1 38.0 68.0 8
112 4 1 38.0 68.0 8
113 4 1 38.0 68.0 8
114 4 1 38.0 68.0 8
115 4 1 38.0 68.0 8
116 4 1 38.0 68.0 8
117 2 1 38.0 68.0 8
118 4 1 38.0 68.0 8
119 4 1 38.0 68.0 8
120 4 1 38.0 68.0 8
121 1 1 38.0 68.0 8
122 4 1 38.0 68.0 8
123 4 1 38.0 68.0 8
124 4 1 38.0 68.0 8
125 4 1 38.0 68.0 8
126 4 1 38.0 68.0 8
127 4 1 38.0 68.0 8
128 4 1 38.0 68.0 8
129 4 1 38.0 68.0 8
130 4 1 38.0 68.0 8
131 4 1 38.0 70.0 9
132 4 1 38.0 70.0 9
133 2 1 38.0 70.0 9
134 4 1 38.0 70.0 9
135 4 1 38.0 70.0 9
136 4 1 38.0 70.0 9
137 4 1 38.0 70.0 9
138 4 1 38.0 70.0 9
139 4 1 38.0 70.0 9
140 4 1 38.0 70.0 9
141 4 1 35.0 66.0 10
142 4 1 35.0 66.0 10
143 4 1 35.0 66.0 10
144 4 1 35.0 66.0 10
145 4 1 35.0 66.0 10
146 2 1 35.0 66.0 10
147 4 1 35.0 66.0 10
148 4 1 35.0 66.0 10
149 4 1 35.0 66.0 10
150 4 1 35.0 66.0 10
151 4 1 35.0 69.0 11
152 2 1 35.0 69.0 11
153 4 1 35.0 69.0 11
154 4 1 35.0 69.0 11
155 4 1 35.0 69.0 11
156 4 1 35.0 69.0 11
157 4 1 35.0 69.0 11
158 4 1 35.0 69.0 11
159 2 1 35.0 69.0 11
160 4 1 35.0 69.0 11
161 2 1 25.0 85.0 12
162 1 1 25.0 85.0 12
163 1 1 25.0 85.0 12
164 1 1 25.0 85.0 12
165 2 1 25.0 85.0 12
166 2 1 25.0 85.0 12
167 2 1 25.0 85.0 12
168 2 1 25.0 85.0 12
169 2 1 25.0 85.0 12
170 1 1 25.0 85.0 12
171 2 1 25.0 85.0 12
172 1 1 25.0 85.0 12
173 2 1 25.0 85.0 12
174 1 1 25.0 85.0 12
175 2 1 25.0 85.0 12
176 1 1 25.0 85.0 12
177 2 1 25.0 85.0 12
178 1 1 25.0 85.0 12
179 2 1 25.0 85.0 12
180 2 1 25.0 85.0 12
181 4 1 22.0 75.0 13
182 4 1 22.0 75.0 13
183 4 1 22.0 75.0 13
184 4 1 22.0 75.0 13
185 4 1 22.0 75.0 13
186 4 1 22.0 75.0 13
187 4 1 22.0 75.0 13
188 2 1 22.0 75.0 13
189 4 1 22.0 75.0 13
190 4 1 22.0 75.0 13
191 4 1 22.0 75.0 13
192 4 1 22.0 75.0 13
193 4 1 22.0 75.0 13
194 4 1 22.0 75.0 13
195 4 1 22.0 75.0 13
196 1 1 22.0 75.0 13
197 4 1 22.0 75.0 13
198 1 1 22.0 75.0 13
199 4 1 22.0 75.0 13
200 2 1 22.0 75.0 13
201 4 1 22.0 75.0 13
202 4 1 22.0 75.0 13
203 4 1 22.0 75.0 13
204 4 1 22.0 75.0 13
205 4 1 22.0 75.0 13
206 4 1 22.0 75.0 13
207 1 1 22.0 75.0 13
208 2 1 22.0 75.0 13
209 4 1 22.0 75.0 13
210 4 1 22.0 75.0 13
211 1 1 22.0 85.0 14
212 2 1 22.0 85.0 14
213 2 1 22.0 85.0 14
214 1 1 22.0 85.0 14
215 1 1 22.0 85.0 14
216 2 1 22.0 85.0 14
217 1 1 22.0 85.0 14
218 2 1 22.0 85.0 14
219 2 1 22.0 85.0 14
220 2 1 22.0 85.0 14
221 2 1 20.0 80.0 15
222 4 1 20.0 80.0 15
223 4 1 20.0 80.0 15
224 4 1 20.0 80.0 15
225 4 1 20.0 80.0 15
226 4 1 20.0 80.0 15
227 4 1 20.0 80.0 15
228 4 1 20.0 80.0 15
229 4 1 20.0 80.0 15
230 4 1 20.0 80.0 15
231 4 1 20.0 80.0 15
232 4 1 20.0 80.0 15
233 1 1 20.0 80.0 15
234 4 1 20.0 80.0 15
235 4 1 20.0 80.0 15
236 4 1 20.0 80.0 15
237 4 1 20.0 80.0 15
238 4 1 20.0 80.0 15
239 4 1 20.0 80.0 15
240 4 1 20.0 80.0 15
241 4 1 20.0 80.0 15
242 1 1 20.0 80.0 15
243 2 1 20.0 80.0 15
244 4 1 20.0 80.0 15
245 4 1 20.0 80.0 15
246 4 1 20.0 80.0 15
247 2 1 20.0 80.0 15
248 1 1 20.0 80.0 15
249 4 1 20.0 80.0 15
250 4 1 20.0 80.0 15
251 4 1 20.0 80.0 15
252 4 1 20.0 80.0 15
253 4 1 20.0 80.0 15
254 4 1 20.0 80.0 15
255 4 1 20.0 80.0 15
256 2 1 20.0 80.0 15
257 4 1 20.0 80.0 15
258 2 1 20.0 80.0 15
259 4 1 20.0 80.0 15
260 2 1 20.0 80.0 15
261 2 1 20.0 85.0 16
262 2 1 20.0 85.0 16
263 2 1 20.0 85.0 16
264 1 1 20.0 85.0 16
265 2 1 20.0 85.0 16
266 2 1 20.0 85.0 16
267 2 1 20.0 85.0 16
268 1 1 20.0 85.0 16
269 2 1 20.0 85.0 16
270 1 1 20.0 85.0 16
271 2 1 20.0 85.0 16
272 1 1 20.0 85.0 16
273 2 1 20.0 85.0 16
274 2 1 20.0 85.0 16
275 1 1 20.0 85.0 16
276 2 1 20.0 85.0 16
277 2 1 20.0 85.0 16
278 2 1 20.0 85.0 16
279 2 1 20.0 85.0 16
280 2 1 20.0 85.0 16
281 2 1 20.0 85.0 16
282 1 1 20.0 85.0 16
283 1 1 20.0 85.0 16
284 2 1 20.0 85.0 16
285 2 1 20.0 85.0 16
286 1 1 20.0 85.0 16
287 1 1 20.0 85.0 16
288 1 1 20.0 85.0 16
289 2 1 20.0 85.0 16
290 2 1 20.0 85.0 16
291 2 1 20.0 85.0 16
292 2 1 20.0 85.0 16
293 2 1 20.0 85.0 16
294 1 1 20.0 85.0 16
295 2 1 20.0 85.0 16
296 2 1 20.0 85.0 16
297 2 1 20.0 85.0 16
298 2 1 20.0 85.0 16
299 2 1 20.0 85.0 16
300 2 1 20.0 85.0 16
301 4 1 18.0 75.0 17
302 4 1 18.0 75.0 17
303 4 1 18.0 75.0 17
304 4 1 18.0 75.0 17
305 4 1 18.0 75.0 17
306 4 1 18.0 75.0 17
307 4 1 18.0 75.0 17
308 2 1 18.0 75.0 17
309 1 1 18.0 75.0 17
310 4 1 18.0 75.0 17
311 4 1 18.0 75.0 17
312 4 1 18.0 75.0 17
313 4 1 18.0 75.0 17
314 4 1 18.0 75.0 17
315 4 1 18.0 75.0 17
316 4 1 18.0 75.0 17
317 4 1 18.0 75.0 17
318 4 1 18.0 75.0 17
319 4 1 18.0 75.0 17
320 4 1 18.0 75.0 17
321 4 1 15.0 75.0 18
322 1 1 15.0 75.0 18
323 4 1 15.0 75.0 18
324 4 1 15.0 75.0 18
325 4 1 15.0 75.0 18
326 4 1 15.0 75.0 18
327 2 1 15.0 75.0 18
328 4 1 15.0 75.0 18
329 4 1 15.0 75.0 18
330 4 1 15.0 75.0 18
331 4 1 15.0 75.0 18
332 2 1 15.0 75.0 18
333 1 1 15.0 75.0 18
334 1 1 15.0 75.0 18
335 4 1 15.0 75.0 18
336 4 1 15.0 75.0 18
337 1 1 15.0 75.0 18
338 4 1 15.0 75.0 18
339 4 1 15.0 75.0 18
340 4 1 15.0 75.0 18
341 2 1 15.0 80.0 19
342 2 1 15.0 80.0 19
343 2 1 15.0 80.0 19
344 2 1 15.0 80.0 19
345 1 1 15.0 80.0 19
346 2 1 15.0 80.0 19
347 1 1 15.0 80.0 19
348 2 1 15.0 80.0 19
349 2 1 15.0 80.0 19
350 1 1 15.0 80.0 19
351 4 1 30.0 50.0 20
352 4 1 30.0 50.0 20
353 4 1 30.0 50.0 20
354 4 1 30.0 50.0 20
355 4 1 30.0 50.0 20
356 4 1 30.0 50.0 20
357 4 1 30.0 50.0 20
358 4 1 30.0 50.0 20
359 4 1 30.0 50.0 20
360 4 1 30.0 50.0 20
361 4 1 30.0 52.0 21
362 4 1 30.0 52.0 21
363 4 1 30.0 52.0 21
364 4 1 30.0 52.0 21
365 4 1 30.0 52.0 21
366 4 1 30.0 52.0 21
367 4 1 30.0 52.0 21
368 4 1 30.0 52.0 21
369 4 1 30.0 52.0 21
370 4 1 30.0 52.0 21
371 4 1 30.0 52.0 21
372 4 1 30.0 52.0 21
373 4 1 30.0 52.0 21
374 4 1 30.0 52.0 21
375 4 1 30.0 52.0 21
376 4 1 30.0 52.0 21
377 4 1 30.0 52.0 21
378 4 1 30.0 52.0 21
379 4 1 30.0 52.0 21
380 4 1 30.0 52.0 21
381 4 1 28.0 52.0 22
382 4 1 28.0 52.0 22
383 4 1 28.0 52.0 22
384 4 1 28.0 52.0 22
385 4 1 28.0 52.0 22
386 4 1 28.0 52.0 22
387 4 1 28.0 52.0 22
388 4 1 28.0 52.0 22
389 4 1 28.0 52.0 22
390 4 1 28.0 52.0 22
391 4 1 28.0 52.0 22
392 4 1 28.0 52.0 22
393 4 1 28.0 52.0 22
394 4 1 28.0 52.0 22
395 4 1 28.0 52.0 22
396 4 1 28.0 52.0 22
397 4 1 28.0 52.0 22
398 4 1 28.0 52.0 22
399 4 1 28.0 52.0 22
400 4 1 28.0 52.0 22
401 4 1 28.0 55.0 23
402 2 1 28.0 55.0 23
403 4 1 28.0 55.0 23
404 4 1 28.0 55.0 23
405 4 1 28.0 55.0 23
406 4 1 28.0 55.0 23
407 4 1 28.0 55.0 23
408 4 1 28.0 55.0 23
409 4 1 28.0 55.0 23
410 4 1 28.0 55.0 23
411 4 1 25.0 50.0 24
412 4 1 25.0 50.0 24
413 2 1 25.0 50.0 24
414 4 1 25.0 50.0 24
415 4 1 25.0 50.0 24
416 2 1 25.0 50.0 24
417 2 1 25.0 50.0 24
418 2 1 25.0 50.0 24
419 4 1 25.0 50.0 24
420 4 1 25.0 50.0 24
421 4 1 25.0 52.0 25
422 4 1 25.0 52.0 25
423 2 1 25.0 52.0 25
424 4 1 25.0 52.0 25
425 4 1 25.0 52.0 25
426 4 1 25.0 52.0 25
427 4 1 25.0 52.0 25
428 2 1 25.0 52.0 25
429 4 1 25.0 52.0 25
430 4 1 25.0 52.0 25
431 4 1 25.0 52.0 25
432 4 1 25.0 52.0 25
433 4 1 25.0 52.0 25
434 4 1 25.0 52.0 25
435 4 1 25.0 52.0 25
436 4 1 25.0 52.0 25
437 4 1 25.0 52.0 25
438 4 1 25.0 52.0 25
439 4 1 25.0 52.0 25
440 2 1 25.0 52.0 25
441 2 1 25.0 52.0 25
442 2 1 25.0 52.0 25
443 4 1 25.0 52.0 25
444 2 1 25.0 52.0 25
445 4 1 25.0 52.0 25
446 4 1 25.0 52.0 25
447 4 1 25.0 52.0 25
448 4 1 25.0 52.0 25
449 4 1 25.0 52.0 25
450 4 1 25.0 52.0 25
451 4 1 25.0 52.0 25
452 4 1 25.0 52.0 25
453 4 1 25.0 52.0 25
454 4 1 25.0 52.0 25
455 4 1 25.0 52.0 25
456 4 1 25.0 52.0 25
457 4 1 25.0 52.0 25
458 4 1 25.0 52.0 25
459 4 1 25.0 52.0 25
460 4 1 25.0 52.0 25
461 4 1 23.0 55.0 26
462 4 1 23.0 55.0 26
463 4 1 23.0 55.0 26
464 4 1 23.0 55.0 26
465 4 1 23.0 55.0 26
466 4 1 23.0 55.0 26
467 4 1 23.0 55.0 26
468 4 1 23.0 55.0 26
469 2 1 23.0 55.0 26
470 4 1 23.0 55.0 26
471 4 1 23.0 52.0 27
472 2 1 23.0 52.0 27
473 2 1 23.0 52.0 27
474 4 1 23.0 52.0 27
475 4 1 23.0 52.0 27
476 2 1 23.0 52.0 27
477 4 1 23.0 52.0 27
478 2 1 23.0 52.0 27
479 4 1 23.0 52.0 27
480 4 1 23.0 52.0 27
481 4 1 23.0 55.0 28
482 2 1 23.0 55.0 28
483 4 1 23.0 55.0 28
484 2 1 23.0 55.0 28
485 4 1 23.0 55.0 28
486 2 1 23.0 55.0 28
487 4 1 23.0 55.0 28
488 2 1 23.0 55.0 28
489 4 1 23.0 55.0 28
490 2 1 23.0 55.0 28
491 2 1 23.0 55.0 28
492 2 1 23.0 55.0 28
493 4 1 23.0 55.0 28
494 2 1 23.0 55.0 28
495 4 1 23.0 55.0 28
496 4 1 23.0 55.0 28
497 4 1 23.0 55.0 28
498 4 1 23.0 55.0 28
499 4 1 23.0 55.0 28
500 4 1 23.0 55.0 28
501 1 1 20.0 50.0 29
502 4 1 20.0 50.0 29
503 4 1 20.0 50.0 29
504 2 1 20.0 50.0 29
505 1 1 20.0 50.0 29
506 4 1 20.0 50.0 29
507 4 1 20.0 50.0 29
508 4 1 20.0 50.0 29
509 1 1 20.0 50.0 29
510 4 1 20.0 50.0 29
511 2 1 20.0 55.0 30
512 4 1 20.0 55.0 30
513 4 1 20.0 55.0 30
514 4 1 20.0 55.0 30
515 2 1 20.0 55.0 30
516 4 1 20.0 55.0 30
517 4 1 20.0 55.0 30
518 4 1 20.0 55.0 30
519 4 1 20.0 55.0 30
520 4 1 20.0 55.0 30
521 4 1 10.0 35.0 31
522 1 1 10.0 35.0 31
523 1 1 10.0 35.0 31
524 4 1 10.0 35.0 31
525 4 1 10.0 35.0 31
526 4 1 10.0 35.0 31
527 4 1 10.0 35.0 31
528 4 1 10.0 35.0 31
529 4 1 10.0 35.0 31
530 4 1 10.0 35.0 31
531 4 1 10.0 35.0 31
532 1 1 10.0 35.0 31
533 1 1 10.0 35.0 31
534 4 1 10.0 35.0 31
535 4 1 10.0 35.0 31
536 4 1 10.0 35.0 31
537 4 1 10.0 35.0 31
538 4 1 10.0 35.0 31
539 4 1 10.0 35.0 31
540 4 1 10.0 35.0 31
541 4 1 10.0 40.0 32
542 4 1 10.0 40.0 32
543 4 1 10.0 40.0 32
544 1 1 10.0 40.0 32
545 4 1 10.0 40.0 32
546 4 1 10.0 40.0 32
547 4 1 10.0 40.0 32
548 4 1 10.0 40.0 32
549 4 1 10.0 40.0 32
550 2 1 10.0 40.0 32
551 4 1 10.0 40.0 32
552 1 1 10.0 40.0 32
553 4 1 10.0 40.0 32
554 4 1 10.0 40.0 32
555 4 1 10.0 40.0 32
556 4 1 10.0 40.0 32
557 4 1 10.0 40.0 32
558 4 1 10.0 40.0 32
559 4 1 10.0 40.0 32
560 4 1 10.0 40.0 32
561 4 1 10.0 40.0 32
562 4 1 10.0 40.0 32
563 4 1 10.0 40.0 32
564 1 1 10.0 40.0 32
565 4 1 10.0 40.0 32
566 2 1 10.0 40.0 32
567 4 1 10.0 40.0 32
568 4 1 10.0 40.0 32
569 4 1 10.0 40.0 32
570 4 1 10.0 40.0 32
571 1 1 8.0 40.0 33
572 2 1 8.0 40.0 33
573 4 1 8.0 40.0 33
574 4 1 8.0 40.0 33
575 4 1 8.0 40.0 33
576 1 1 8.0 40.0 33
577 2 1 8.0 40.0 33
578 4 1 8.0 40.0 33
579 4 1 8.0 40.0 33
580 4 1 8.0 40.0 33
581 4 1 8.0 40.0 33
582 4 1 8.0 40.0 33
583 2 1 8.0 40.0 33
584 4 1 8.0 40.0 33
585 4 1 8.0 40.0 33
586 4 1 8.0 40.0 33
587 4 1 8.0 40.0 33
588 4 1 8.0 40.0 33
589 4 1 8.0 40.0 33
590 4 1 8.0 40.0 33
591 4 1 8.0 40.0 33
592 4 1 8.0 40.0 33
593 1 1 8.0 40.0 33
594 2 1 8.0 40.0 33
595 4 1 8.0 40.0 33
596 4 1 8.0 40.0 33
597 4 1 8.0 40.0 33
598 2 1 8.0 40.0 33
599 4 1 8.0 40.0 33
600 4 1 8.0 40.0 33
601 4 1 8.0 40.0 33
602 4 1 8.0 40.0 33
603 4 1 8.0 40.0 33
604 4 1 8.0 40.0 33
605 1 1 8.0 40.0 33
606 2 1 8.0 40.0 33
607 4 1 8.0 40.0 33
608 4 1 8.0 40.0 33
609 4 1 8.0 40.0 33
610 4 1 8.0 40.0 33
611 4 1 8.0 45.0 34
612 1 1 8.0 45.0 34
613 4 1 8.0 45.0 34
614 4 1 8.0 45.0 34
615 4 1 8.0 45.0 34
616 4 1 8.0 45.0 34
617 4 1 8.0 45.0 34
618 4 1 8.0 45.0 34
619 4 1 8.0 45.0 34
620 4 1 8.0 45.0 34
621 4 1 8.0 45.0 34
622 1 1 8.0 45.0 34
623 4 1 8.0 45.0 34
624 1 1 8.0 45.0 34
625 4 1 8.0 45.0 34
626 4 1 8.0 45.0 34
627 4 1 8.0 45.0 34
628 4 1 8.0 45.0 34
629 4 1 8.0 45.0 34
630 4 1 8.0 45.0 34
631 1 1 5.0 35.0 35
632 2 1 5.0 35.0 35
633 2 1 5.0 35.0 35
634 1 1 5.0 35.0 35
635 2 1 5.0 35.0 35
636 2 1 5.0 35.0 35
637 2 1 5.0 35.0 35
638 2 1 5.0 35.0 35
639 1 1 5.0 35.0 35
640 2 1 5.0 35.0 35
641 4 1 5.0 45.0 36
642 4 1 5.0 45.0 36
643 4 1 5.0 45.0 36
644 2 1 5.0 45.0 36
645 4 1 5.0 45.0 36
646 2 1 5.0 45.0 36
647 4 1 5.0 45.0 36
648 4 1 5.0 45.0 36
649 4 1 5.0 45.0 36
650 4 1 5.0 45.0 36
651 2 1 2.0 40.0 37
652 2 1 2.0 40.0 37
653 2 1 2.0 40.0 37
654 2 1 2.0 40.0 37
655 2 1 2.0 40.0 37
656 2 1 2.0 40.0 37
657 2 1 2.0 40.0 37
658 1 1 2.0 40.0 37
659 2 1 2.0 40.0 37
660 2 1 2.0 40.0 37
661 2 1 2.0 40.0 37
662 2 1 2.0 40.0 37
663 2 1 2.0 40.0 37
664 2 1 2.0 40.0 37
665 2 1 2.0 40.0 37
666 2 1 2.0 40.0 37
667 2 1 2.0 40.0 37
668 2 1 2.0 40.0 37
669 1 1 2.0 40.0 37
670 2 1 2.0 40.0 37
671 2 1 0.0 40.0 38
672 2 1 0.0 40.0 38
673 2 1 0.0 40.0 38
674 2 1 0.0 40.0 38
675 2 1 0.0 40.0 38
676 2 1 0.0 40.0 38
677 1 1 0.0 40.0 38
678 2 1 0.0 40.0 38
679 2 1 0.0 40.0 38
680 2 1 0.0 40.0 38
681 2 1 0.0 40.0 38
682 2 1 0.0 40.0 38
683 1 1 0.0 40.0 38
684 2 1 0.0 40.0 38
685 2 1 0.0 40.0 38
686 2 1 0.0 40.0 38
687 2 1 0.0 40.0 38
688 1 1 0.0 40.0 38
689 2 1 0.0 40.0 38
690 2 1 0.0 40.0 38
691 2 1 0.0 40.0 38
692 2 1 0.0 40.0 38
693 2 1 0.0 40.0 38
694 2 1 0.0 40.0 38
695 2 1 0.0 40.0 38
696 2 1 0.0 40.0 38
697 2 1 0.0 40.0 38
698 2 1 0.0 40.0 38
699 2 1 0.0 40.0 38
700 2 1 0.0 40.0 38
701 2 1 0.0 45.0 39
702 2 1 0.0 45.0 39
703 2 1 0.0 45.0 39
704 2 1 0.0 45.0 39
705 2 1 0.0 45.0 39
706 2 1 0.0 45.0 39
707 2 1 0.0 45.0 39
708 2 1 0.0 45.0 39
709 2 1 0.0 45.0 39
710 2 1 0.0 45.0 39
711 2 1 0.0 45.0 39
712 1 1 0.0 45.0 39
713 1 1 0.0 45.0 39
714 2 1 0.0 45.0 39
715 2 1 0.0 45.0 39
716 1 1 0.0 45.0 39
717 2 1 0.0 45.0 39
718 2 1 0.0 45.0 39
719 1 1 0.0 45.0 39
720 2 1 0.0 45.0 39
721 4 1 35.0 30.0 40
722 4 1 35.0 30.0 40
723 2 1 35.0 30.0 40
724 4 1 35.0 30.0 40
725 4 1 35.0 30.0 40
726 4 1 35.0 30.0 40
727 4 1 35.0 30.0 40
728 4 1 35.0 30.0 40
729 4 1 35.0 30.0 40
730 4 1 35.0 30.0 40
731 4 1 35.0 32.0 41
732 4 1 35.0 32.0 41
733 4 1 35.0 32.0 41
734 2 1 35.0 32.0 41
735 4 1 35.0 32.0 41
736 4 1 35.0 32.0 41
737 4 1 35.0 32.0 41
738 4 1 35.0 32.0 41
739 4 1 35.0 32.0 41
740 4 1 35.0 32.0 41
741 4 1 33.0 32.0 42
742 2 1 33.0 32.0 42
743 4 1 33.0 32.0 42
744 4 1 33.0 32.0 42
745 4 1 33.0 32.0 42
746 4 1 33.0 32.0 42
747 4 1 33.0 32.0 42
748 2 1 33.0 32.0 42
749 2 1 33.0 32.0 42
750 4 1 33.0 32.0 42
751 4 1 33.0 32.0 42
752 2 1 33.0 32.0 42
753 4 1 33.0 32.0 42
754 2 1 33.0 32.0 42
755 2 1 33.0 32.0 42
756 4 1 33.0 32.0 42
757 4 1 33.0 32.0 42
758 2 1 33.0 32.0 42
759 4 1 33.0 32.0 42
760 4 1 33.0 32.0 42
761 4 1 33.0 35.0 43
762 4 1 33.0 35.0 43
763 4 1 33.0 35.0 43
764 2 1 33.0 35.0 43
765 4 1 33.0 35.0 43
766 4 1 33.0 35.0 43
767 4 1 33.0 35.0 43
768 4 1 33.0 35.0 43
769 4 1 33.0 35.0 43
770 2 1 33.0 35.0 43
771 4 1 32.0 30.0 44
772 4 1 32.0 30.0 44
773 4 1 32.0 30.0 44
774 1 1 32.0 30.0 44
775 4 1 32.0 30.0 44
776 4 1 32.0 30.0 44
777 4 1 32.0 30.0 44
778 4 1 32.0 30.0 44
779 4 1 32.0 30.0 44
780 4 1 32.0 30.0 44
781 2 1 30.0 30.0 45
782 1 1 30.0 30.0 45
783 4 1 30.0 30.0 45
784 4 1 30.0 30.0 45
785 4 1 30.0 30.0 45
786 1 1 30.0 30.0 45
787 4 1 30.0 30.0 45
788 4 1 30.0 30.0 45
789 2 1 30.0 30.0 45
790 4 1 30.0 30.0 45
791 2 1 30.0 32.0 46
792 4 1 30.0 32.0 46
793 4 1 30.0 32.0 46
794 1 1 30.0 32.0 46
795 4 1 30.0 32.0 46
796 4 1 30.0 32.0 46
797 4 1 30.0 32.0 46
798 1 1 30.0 32.0 46
799 4 1 30.0 32.0 46
800 4 1 30.0 32.0 46
801 4 1 30.0 32.0 46
802 4 1 30.0 32.0 46
803 4 1 30.0 32.0 46
804 4 1 30.0 32.0 46
805 4 1 30.0 32.0 46
806 4 1 30.0 32.0 46
807 4 1 30.0 32.0 46
808 4 1 30.0 32.0 46
809 4 1 30.0 32.0 46
810 4 1 30.0 32.0 46
811 4 1 30.0 32.0 46
812 4 1 30.0 32.0 46
813 4 1 30.0 32.0 46
814 4 1 30.0 32.0 46
815 4 1 30.0 32.0 46
816 4 1 30.0 32.0 46
817 4 1 30.0 32.0 46
818 2 1 30.0 32.0 46
819 4 1 30.0 32.0 46
820 2 1 30.0 32.0 46
821 4 1 30.0 35.0 47
822 4 1 30.0 35.0 47
823 2 1 30.0 35.0 47
824 4 1 30.0 35.0 47
825 4 1 30.0 35.0 47
826 4 1 30.0 35.0 47
827 4 1 30.0 35.0 47
828 4 1 30.0 35.0 47
829 4 1 30.0 35.0 47
830 4 1 30.0 35.0 47
831 4 1 28.0 30.0 48
832 4 1 28.0 30.0 48
833 4 1 28.0 30.0 48
834 4 1 28.0 30.0 48
835 4 1 28.0 30.0 48
836 4 1 28.0 30.0 48
837 4 1 28.0 30.0 48
838 4 1 28.0 30.0 48
839 4 1 28.0 30.0 48
840 4 1 28.0 30.0 48
841 4 1 28.0 35.0 49
842 4 1 28.0 35.0 49
843 2 1 28.0 35.0 49
844 2 1 28.0 35.0 49
845 4 1 28.0 35.0 49
846 4 1 28.0 35.0 49
847 2 1 28.0 35.0 49
848 4 1 28.0 35.0 49
849 4 1 28.0 35.0 49
850 2 1 28.0 35.0 49
851 4 1 26.0 32.0 50
852 4 1 26.0 32.0 50
853 2 1 26.0 32.0 50
854 4 1 26.0 32.0 50
855 1 1 26.0 32.0 50
856 4 1 26.0 32.0 50
857 4 1 26.0 32.0 50
858 4 1 26.0 32.0 50
859 1 1 26.0 32.0 50
860 4 1 26.0 32.0 50
861 1 1 25.0 30.0 51
862 1 1 25.0 30.0 51
863 4 1 25.0 30.0 51
864 4 1 25.0 30.0 51
865 1 1 25.0 30.0 51
866 2 1 25.0 30.0 51
867 4 1 25.0 30.0 51
868 2 1 25.0 30.0 51
869 4 1 25.0 30.0 51
870 4 1 25.0 30.0 51
871 4 1 25.0 35.0 52
872 1 1 25.0 35.0 52
873 4 1 25.0 35.0 52
874 4 1 25.0 35.0 52
875 4 1 25.0 35.0 52
876 4 1 25.0 35.0 52
877 4 1 25.0 35.0 52
878 4 1 25.0 35.0 52
879 1 1 25.0 35.0 52
880 4 1 25.0 35.0 52
881 2 1 44.0 5.0 53
882 2 1 44.0 5.0 53
883 1 1 44.0 5.0 53
884 1 1 44.0 5.0 53
885 2 1 44.0 5.0 53
886 2 1 44.0 5.0 53
887 2 1 44.0 5.0 53
888 2 1 44.0 5.0 53
889 2 1 44.0 5.0 53
890 2 1 44.0 5.0 53
891 2 1 44.0 5.0 53
892 2 1 44.0 5.0 53
893 2 1 44.0 5.0 53
894 2 1 44.0 5.0 53
895 2 1 44.0 5.0 53
896 2 1 44.0 5.0 53
897 1 1 44.0 5.0 53
898 2 1 44.0 5.0 53
899 1 1 44.0 5.0 53
900 1 1 44.0 5.0 53
901 4 1 42.0 10.0 54
902 1 1 42.0 10.0 54
903 4 1 42.0 10.0 54
904 4 1 42.0 10.0 54
905 2 1 42.0 10.0 54
906 4 1 42.0 10.0 54
907 4 1 42.0 10.0 54
908 4 1 42.0 10.0 54
909 4 1 42.0 10.0 54
910 4 1 42.0 10.0 54
911 4 1 42.0 10.0 54
912 2 1 42.0 10.0 54
913 4 1 42.0 10.0 54
914 2 1 42.0 10.0 54
915 4 1 42.0 10.0 54
916 4 1 42.0 10.0 54
917 4 1 42.0 10.0 54
918 4 1 42.0 10.0 54
919 4 1 42.0 10.0 54
920 4 1 42.0 10.0 54
921 4 1 42.0 10.0 54
922 4 1 42.0 10.0 54
923 4 1 42.0 10.0 54
924 4 1 42.0 10.0 54
925 4 1 42.0 10.0 54
926 4 1 42.0 10.0 54
927 4 1 42.0 10.0 54
928 4 1 42.0 10.0 54
929 2 1 42.0 10.0 54
930 4 1 42.0 10.0 54
931 4 1 42.0 10.0 54
932 1 1 42.0 10.0 54
933 4 1 42.0 10.0 54
934 4 1 42.0 10.0 54
935 4 1 42.0 10.0 54
936 4 1 42.0 10.0 54
937 4 1 42.0 10.0 54
938 4 1 42.0 10.0 54
939 2 1 42.0 10.0 54
940 4 1 42.0 10.0 54
941 4 1 42.0 15.0 55
942 4 1 42.0 15.0 55
943 4 1 42.0 15.0 55
944 4 1 42.0 15.0 55
945 4 1 42.0 15.0 55
946 4 1 42.0 15.0 55
947 4 1 42.0 15.0 55
948 4 1 42.0 15.0 55
949 4 1 42.0 15.0 55
950 4 1 42.0 15.0 55
951 1 1 40.0 5.0 56
952 2 1 40.0 5.0 56
953 1 1 40.0 5.0 56
954 2 1 40.0 5.0 56
955 2 1 40.0 5.0 56
956 2 1 40.0 5.0 56
957 1 1 40.0 5.0 56
958 1 1 40.0 5.0 56
959 2 1 40.0 5.0 56
960 2 1 40.0 5.0 56
961 2 1 40.0 5.0 56
962 2 1 40.0 5.0 56
963 2 1 40.0 5.0 56
964 2 1 40.0 5.0 56
965 2 1 40.0 5.0 56
966 2 1 40.0 5.0 56
967 2 1 40.0 5.0 56
968 1 1 40.0 5.0 56
969 2 1 40.0 5.0 56
970 2 1 40.0 5.0 56
971 2 1 40.0 5.0 56
972 2 1 40.0 5.0 56
973 1 1 40.0 5.0 56
974 2 1 40.0 5.0 56
975 2 1 40.0 5.0 56
976 2 1 40.0 5.0 56
977 2 1 40.0 5.0 56
978 1 1 40.0 5.0 56
979 2 1 40.0 5.0 56
980 2 1 40.0 5.0 56
981 4 1 40.0 15.0 57
982 4 1 40.0 15.0 57
983 4 1 40.0 15.0 57
984 4 1 40.0 15.0 57
985 1 1 40.0 15.0 57
986 4 1 40.0 15.0 57
987 1 1 40.0 15.0 57
988 4 1 40.0 15.0 57
989 4 1 40.0 15.0 57
990 1 1 40.0 15.0 57
991 4 1 40.0 15.0 57
992 4 1 40.0 15.0 57
993 2 1 40.0 15.0 57
994 4 1 40.0 15.0 57
995 4 1 40.0 15.0 57
996 4 1 40.0 15.0 57
997 1 1 40.0 15.0 57
998 4 1 40.0 15.0 57
999 1 1 40.0 15.0 57
1000 4 1 40.0 15.0 57
1001 4 1 40.0 15.0 57
1002 4 1 40.0 15.0 57
1003 4 1 40.0 15.0 57
1004 2 1 40.0 15.0 57
1005 4 1 40.0 15.0 57
1006 4 1 40.0 15.0 57
1007 2 1 40.0 15.0 57
1008 4 1 40.0 15.0 57
1009 2 1 40.0 15.0 57
1010 4 1 40.0 15.0 57
1011 4 1 40.0 15.0 57
1012 4 1 40.0 15.0 57
1013 4 1 40.0 15.0 57
1014 4 1 40.0 15.0 57
1015 4 1 40.0 15.0 57
1016 4 1 40.0 15.0 57
1017 4 1 40.0 15.0 57
1018 4 1 40.0 15.0 57
1019 4 1 40.0 15.0 57
1020 4 1 40.0 15.0 57
1021 1 1 38.0 5.0 58
1022 1 1 38.0 5.0 58
1023 2 1 38.0 5.0 58
1024 2 1 38.0 5.0 58
1025 1 1 38.0 5.0 58
1026 1 1 38.0 5.0 58
1027 2 1 38.0 5.0 58
1028 2 1 38.0 5.0 58
1029 2 1 38.0 5.0 58
1030 2 1 38.0 5.0 58
1031 2 1 38.0 5.0 58
1032 2 1 38.0 5.0 58
1033 2 1 38.0 5.0 58
1034 2 1 38.0 5.0 58
1035 1 1 38.0 5.0 58
1036 2 1 38.0 5.0 58
1037 2 1 38.0 5.0 58
1038 2 1 38.0 5.0 58
1039 2 1 38.0 5.0 58
1040 2 1 38.0 5.0 58
1041 2 1 38.0 5.0 58
1042 2 1 38.0 5.0 58
1043 1 1 38.0 5.0 58
1044 2 1 38.0 5.0 58
1045 2 1 38.0 5.0 58
1046 2 1 38.0 5.0 58
1047 2 1 38.0 5.0 58
1048 1 1 38.0 5.0 58
1049 2 1 38.0 5.0 58
1050 2 1 38.0 5.0 58
1051 4 1 38.0 15.0 59
1052 2 1 38.0 15.0 59
1053 4 1 38.0 15.0 59
1054 4 1 38.0 15.0 59
1055 4 1 38.0 15.0 59
1056 4 1 38.0 15.0 59
1057 4 1 38.0 15.0 59
1058 4 1 38.0 15.0 59
1059 1 1 38.0 15.0 59
1060 2 1 38.0 15.0 59
1061 2 1 35.0 5.0 60
1062 2 1 35.0 5.0 60
1063 2 1 35.0 5.0 60
1064 2 1 35.0 5.0 60
1065 2 1 35.0 5.0 60
1066 2 1 35.0 5.0 60
1067 2 1 35.0 5.0 60
1068 2 1 35.0 5.0 60
1069 2 1 35.0 5.0 60
1070 2 1 35.0 5.0 60
1071 1 1 35.0 5.0 60
1072 2 1 35.0 5.0 60
1073 2 1 35.0 5.0 60
1074 2 1 35.0 5.0 60
1075 2 1 35.0 5.0 60
1076 2 1 35.0 5.0 60
1077 2 1 35.0 5.0 60
1078 2 1 35.0 5.0 60
1079 2 1 35.0 5.0 60
1080 2 1 35.0 5.0 60
1081 1 1 50.0 30.0 61
1082 1 1 50.0 30.0 61
1083 4 1 50.0 30.0 61
1084 4 1 50.0 30.0 61
1085 2 1 50.0 30.0 61
1086 2 1 50.0 30.0 61
1087 1 1 50.0 30.0 61
1088 4 1 50.0 30.0 61
1089 4 1 50.0 30.0 61
1090 4 1 50.0 30.0 61
1091 4 1 50.0 35.0 62
1092 4 1 50.0 35.0 62
1093 4 1 50.0 35.0 62
1094 4 1 50.0 35.0 62
1095 4 1 50.0 35.0 62
1096 4 1 50.0 35.0 62
1097 4 1 50.0 35.0 62
1098 4 1 50.0 35.0 62
1099 4 1 50.0 35.0 62
1100 2 1 50.0 35.0 62
1101 4 1 50.0 35.0 62
1102 4 1 50.0 35.0 62
1103 4 1 50.0 35.0 62
1104 4 1 50.0 35.0 62
1105 4 1 50.0 35.0 62
1106 2 1 50.0 35.0 62
1107 4 1 50.0 35.0 62
1108 4 1 50.0 35.0 62
1109 2 1 50.0 35.0 62
1110 2 1 50.0 35.0 62
1111 4 1 50.0 40.0 63
1112 4 1 50.0 40.0 63
1113 4 1 50.0 40.0 63
1114 2 1 50.0 40.0 63
1115 4 1 50.0 40.0 63
1116 4 1 50.0 40.0 63
1117 4 1 50.0 40.0 63
1118 4 1 50.0 40.0 63
1119 4 1 50.0 40.0 63
1120 4 1 50.0 40.0 63
1121 2 1 50.0 40.0 63
1122 4 1 50.0 40.0 63
1123 4 1 50.0 40.0 63
1124 4 1 50.0 40.0 63
1125 4 1 50.0 40.0 63
1126 4 1 50.0 40.0 63
1127 4 1 50.0 40.0 63
1128 4 1 50.0 40.0 63
1129 4 1 50.0 40.0 63
1130 2 1 50.0 40.0 63
1131 4 1 50.0 40.0 63
1132 4 1 50.0 40.0 63
1133 4 1 50.0 40.0 63
1134 4 1 50.0 40.0 63
1135 2 1 50.0 40.0 63
1136 4 1 50.0 40.0 63
1137 4 1 50.0 40.0 63
1138 4 1 50.0 40.0 63
1139 4 1 50.0 40.0 63
1140 4 1 50.0 40.0 63
1141 2 1 50.0 40.0 63
1142 4 1 50.0 40.0 63
1143 4 1 50.0 40.0 63
1144 4 1 50.0 40.0 63
1145 2 1 50.0 40.0 63
1146 2 1 50.0 40.0 63
1147 4 1 50.0 40.0 63
1148 4 1 50.0 40.0 63
1149 4 1 50.0 40.0 63
1150 4 1 50.0 40.0 63
1151 4 1 50.0 40.0 63
1152 4 1 50.0 40.0 63
1153 4 1 50.0 40.0 63
1154 4 1 50.0 40.0 63
1155 4 1 50.0 40.0 63
1156 4 1 50.0 40.0 63
1157 2 1 50.0 40.0 63
1158 4 1 50.0 40.0 63
1159 4 1 50.0 40.0 63
1160 4 1 50.0 40.0 63
1161 4 1 48.0 30.0 64
1162 4 1 48.0 30.0 64
1163 4 1 48.0 30.0 64
1164 4 1 48.0 30.0 64
1165 4 1 48.0 30.0 64
1166 4 1 48.0 30.0 64
1167 4 1 48.0 30.0 64
1168 4 1 48.0 30.0 64
1169 1 1 48.0 30.0 64
1170 2 1 48.0 30.0 64
1171 4 1 48.0 40.0 65
1172 4 1 48.0 40.0 65
1173 4 1 48.0 40.0 65
1174 4 1 48.0 40.0 65
1175 4 1 48.0 40.0 65
1176 4 1 48.0 40.0 65
1177 4 1 48.0 40.0 65
1178 4 1 48.0 40.0 65
1179 4 1 48.0 40.0 65
1180 4 1 48.0 40.0 65
1181 2 1 47.0 35.0 66
1182 2 1 47.0 35.0 66
1183 2 1 47.0 35.0 66
1184 4 1 47.0 35.0 66
1185 2 1 47.0 35.0 66
1186 4 1 47.0 35.0 66
1187 4 1 47.0 35.0 66
1188 4 1 47.0 35.0 66
1189 2 1 47.0 35.0 66
1190 2 1 47.0 35.0 66
1191 4 1 47.0 40.0 67
1192 4 1 47.0 40.0 67
1193 4 1 47.0 40.0 67
1194 4 1 47.0 40.0 67
1195 4 1 47.0 40.0 67
1196 4 1 47.0 40.0 67
1197 4 1 47.0 40.0 67
1198 4 1 47.0 40.0 67
1199 4 1 47.0 40.0 67
1200 4 1 47.0 40.0 67
1201 4 1 45.0 30.0 68
1202 4 1 45.0 30.0 68
1203 1 1 45.0 30.0 68
1204 4 1 45.0 30.0 68
1205 1 1 45.0 30.0 68
1206 4 1 45.0 30.0 68
1207 4 1 45.0 30.0 68
1208 4 1 45.0 30.0 68
1209 4 1 45.0 30.0 68
1210 4 1 45.0 30.0 68
1211 4 1 45.0 35.0 69
1212 4 1 45.0 35.0 69
1213 4 1 45.0 35.0 69
1214 4 1 45.0 35.0 69
1215 4 1 45.0 35.0 69
1216 4 1 45.0 35.0 69
1217 4 1 45.0 35.0 69
1218 4 1 45.0 35.0 69
1219 4 1 45.0 35.0 69
1220 4 1 45.0 35.0 69
1221 1 1 95.0 30.0 70
1222 1 1 95.0 30.0 70
1223 1 1 95.0 30.0 70
1224 1 1 95.0 30.0 70
1225 1 1 95.0 30.0 70
1226 1 1 95.0 30.0 70
1227 1 1 95.0 30.0 70
1228 1 1 95.0 30.0 70
1229 1 1 95.0 30.0 70
1230 1 1 95.0 30.0 70
1231 1 1 95.0 30.0 70
1232 1 1 95.0 30.0 70
1233 1 1 95.0 30.0 70
1234 1 1 95.0 30.0 70
1235 1 1 95.0 30.0 70
1236 1 1 95.0 30.0 70
1237 1 1 95.0 30.0 70
1238 1 1 95.0 30.0 70
1239 1 1 95.0 30.0 70
1240 1 1 95.0 30.0 70
1241 1 1 95.0 30.0 70
1242 1 1 95.0 30.0 70
1243 1 1 95.0 30.0 70
1244 1 1 95.0 30.0 70
1245 1 1 95.0 30.0 70
1246 1 1 95.0 30.0 70
1247 1 1 95.0 30.0 70
1248 1 1 95.0 30.0 70
1249 1 1 95.0 30.0 70
1250 1 1 95.0 30.0 70
1251 1 1 95.0 35.0 71
1252 1 1 95.0 35.0 71
1253 1 1 95.0 35.0 71
1254 1 1 95.0 35.0 71
1255 1 1 95.0 35.0 71
1256 1 1 95.0 35.0 71
1257 1 1 95.0 35.0 71
1258 1 1 95.0 35.0 71
1259 1 1 95.0 35.0 71
1260 1 1 95.0 35.0 71
1261 1 1 95.0 35.0 71
1262 1 1 95.0 35.0 71
1263 1 1 95.0 35.0 71
1264 1 1 95.0 35.0 71
1265 1 1 95.0 35.0 71
1266 1 1 95.0 35.0 71
1267 1 1 95.0 35.0 71
1268 1 1 95.0 35.0 71
1269 1 1 95.0 35.0 71
1270 1 1 95.0 35.0 71
1271 4 1 53.0 30.0 72
1272 4 1 53.0 30.0 72
1273 4 1 53.0 30.0 72
1274 4 1 53.0 30.0 72
1275 4 1 53.0 30.0 72
1276 2 1 53.0 30.0 72
1277 1 1 53.0 30.0 72
1278 4 1 53.0 30.0 72
1279 4 1 53.0 30.0 72
1280 4 1 53.0 30.0 72
1281 1 1 92.0 30.0 73
1282 1 1 92.0 30.0 73
1283 1 1 92.0 30.0 73
1284 1 1 92.0 30.0 73
1285 1 1 92.0 30.0 73
1286 1 1 92.0 30.0 73
1287 1 1 92.0 30.0 73
1288 1 1 92.0 30.0 73
1289 1 1 92.0 30.0 73
1290 1 1 92.0 30.0 73
1291 2 1 53.0 35.0 74
1292 4 1 53.0 35.0 74
1293 4 1 53.0 35.0 74
1294 4 1 53.0 35.0 74
1295 4 1 53.0 35.0 74
1296 4 1 53.0 35.0 74
1297 4 1 53.0 35.0 74
1298 2 1 53.0 35.0 74
1299 2 1 53.0 35.0 74
1300 4 1 53.0 35.0 74
1301 1 1 53.0 35.0 74
1302 4 1 53.0 35.0 74
1303 4 1 53.0 35.0 74
1304 4 1 53.0 35.0 74
1305 4 1 53.0 35.0 74
1306 1 1 53.0 35.0 74
1307 4 1 53.0 35.0 74
1308 4 1 53.0 35.0 74
1309 4 1 53.0 35.0 74
1310 4 1 53.0 35.0 74
1311 4 1 53.0 35.0 74
1312 4 1 53.0 35.0 74
1313 4 1 53.0 35.0 74
1314 4 1 53.0 35.0 74
1315 4 1 53.0 35.0 74
1316 4 1 53.0 35.0 74
1317 2 1 53.0 35.0 74
1318 4 1 53.0 35.0 74
1319 4 1 53.0 35.0 74
1320 4 1 53.0 35.0 74
1321 2 1 53.0 35.0 74
1322 4 1 53.0 35.0 74
1323 1 1 53.0 35.0 74
1324 4 1 53.0 35.0 74
1325 4 1 53.0 35.0 74
1326 4 1 53.0 35.0 74
1327 4 1 53.0 35.0 74
1328 4 1 53.0 35.0 74
1329 1 1 53.0 35.0 74
1330 4 1 53.0 35.0 74
1331 4 1 53.0 35.0 74
1332 1 1 53.0 35.0 74
1333 4 1 53.0 35.0 74
1334 4 1 53.0 35.0 74
1335 4 1 53.0 35.0 74
1336 2 1 53.0 35.0 74
1337 4 1 53.0 35.0 74
1338 4 1 53.0 35.0 74
1339 2 1 53.0 35.0 74
1340 4 1 53.0 35.0 74
1341 4 1 45.0 65.0 75
1342 4 1 45.0 65.0 75
1343 4 1 45.0 65.0 75
1344 4 1 45.0 65.0 75
1345 4 1 45.0 65.0 75
1346 2 1 45.0 65.0 75
1347 2 1 45.0 65.0 75
1348 4 1 45.0 65.0 75
1349 4 1 45.0 65.0 75
1350 2 1 45.0 65.0 75
1351 4 1 45.0 65.0 75
1352 2 1 45.0 65.0 75
1353 4 1 45.0 65.0 75
1354 2 1 45.0 65.0 75
1355 4 1 45.0 65.0 75
1356 4 1 45.0 65.0 75
1357 4 1 45.0 65.0 75
1358 2 1 45.0 65.0 75
1359 2 1 45.0 65.0 75
1360 4 1 45.0 65.0 75
1361 1 1 90.0 35.0 76
1362 1 1 90.0 35.0 76
1363 1 1 90.0 35.0 76
1364 1 1 90.0 35.0 76
1365 1 1 90.0 35.0 76
1366 1 1 90.0 35.0 76
1367 1 1 90.0 35.0 76
1368 1 1 90.0 35.0 76
1369 1 1 90.0 35.0 76
1370 1 1 90.0 35.0 76
1371 1 1 88.0 30.0 77
1372 1 1 88.0 30.0 77
1373 1 1 88.0 30.0 77
1374 1 1 88.0 30.0 77
1375 1 1 88.0 30.0 77
1376 1 1 88.0 30.0 77
1377 1 1 88.0 30.0 77
1378 1 1 88.0 30.0 77
1379 1 1 88.0 30.0 77
1380 1 1 88.0 30.0 77
1381 2 1 88.0 35.0 78
1382 2 1 88.0 35.0 78
1383 2 1 88.0 35.0 78
1384 2 1 88.0 35.0 78
1385 2 1 88.0 35.0 78
1386 2 1 88.0 35.0 78
1387 2 1 88.0 35.0 78
1388 2 1 88.0 35.0 78
1389 2 1 88.0 35.0 78
1390 1 1 88.0 35.0 78
1391 2 1 88.0 35.0 78
1392 2 1 88.0 35.0 78
1393 2 1 88.0 35.0 78
1394 1 1 88.0 35.0 78
1395 2 1 88.0 35.0 78
1396 2 1 88.0 35.0 78
1397 1 1 88.0 35.0 78
1398 2 1 88.0 35.0 78
1399 1 1 88.0 35.0 78
1400 2 1 88.0 35.0 78
1401 2 1 87.0 30.0 79
1402 2 1 87.0 30.0 79
1403 2 1 87.0 30.0 79
1404 2 1 87.0 30.0 79
1405 1 1 87.0 30.0 79
1406 2 1 87.0 30.0 79
1407 2 1 87.0 30.0 79
1408 1 1 87.0 30.0 79
1409 2 1 87.0 30.0 79
1410 1 1 87.0 30.0 79
1411 1 1 85.0 25.0 80
1412 2 1 85.0 25.0 80
1413 2 1 85.0 25.0 80
1414 1 1 85.0 25.0 80
1415 2 1 85.0 25.0 80
1416 2 1 85.0 25.0 80
1417 2 1 85.0 25.0 80
1418 2 1 85.0 25.0 80
1419 1 1 85.0 25.0 80
1420 2 1 85.0 25.0 80
1421 2 1 85.0 35.0 81
1422 2 1 85.0 35.0 81
1423 2 1 85.0 35.0 81
1424 2 1 85.0 35.0 81
1425 1 1 85.0 35.0 81
1426 2 1 85.0 35.0 81
1427 2 1 85.0 35.0 81
1428 2 1 85.0 35.0 81
1429 1 1 85.0 35.0 81
1430 2 1 85.0 35.0 81
1431 2 1 85.0 35.0 81
1432 1 1 85.0 35.0 81
1433 2 1 85.0 35.0 81
1434 2 1 85.0 35.0 81
1435 2 1 85.0 35.0 81
1436 1 1 85.0 35.0 81
1437 2 1 85.0 35.0 81
1438 2 1 85.0 35.0 81
1439 2 1 85.0 35.0 81
1440 2 1 85.0 35.0 81
1441 1 1 85.0 35.0 81
1442 2 1 85.0 35.0 81
1443 2 1 85.0 35.0 81
1444 1 1 85.0 35.0 81
1445 2 1 85.0 35.0 81
1446 1 1 85.0 35.0 81
1447 2 1 85.0 35.0 81
1448 2 1 85.0 35.0 81
1449 2 1 85.0 35.0 81
1450 2 1 85.0 35.0 81
1451 4 1 75.0 55.0 82
1452 2 1 75.0 55.0 82
1453 2 1 75.0 55.0 82
1454 4 1 75.0 55.0 82
1455 1 1 75.0 55.0 82
1456 4 1 75.0 55.0 82
1457 4 1 75.0 55.0 82
1458 4 1 75.0 55.0 82
1459 4 1 75.0 55.0 82
1460 2 1 75.0 55.0 82
1461 4 1 75.0 55.0 82
1462 4 1 75.0 55.0 82
1463 4 1 75.0 55.0 82
1464 4 1 75.0 55.0 82
1465 4 1 75.0 55.0 82
1466 4 1 75.0 55.0 82
1467 4 1 75.0 55.0 82
1468 4 1 75.0 55.0 82
1469 4 1 75.0 55.0 82
1470 4 1 75.0 55.0 82
1471 4 1 72.0 55.0 83
1472 4 1 72.0 55.0 83
1473 4 1 72.0 55.0 83
1474 4 1 72.0 55.0 83
1475 4 1 72.0 55.0 83
1476 4 1 72.0 55.0 83
1477 4 1 72.0 55.0 83
1478 4 1 72.0 55.0 83
1479 4 1 72.0 55.0 83
1480 4 1 72.0 55.0 83
1481 4 1 70.0 58.0 84
1482 4 1 70.0 58.0 84
1483 4 1 70.0 58.0 84
1484 4 1 70.0 58.0 84
1485 4 1 70.0 58.0 84
1486 4 1 70.0 58.0 84
1487 4 1 70.0 58.0 84
1488 1 1 70.0 58.0 84
1489 4 1 70.0 58.0 84
1490 4 1 70.0 58.0 84
1491 4 1 70.0 58.0 84
1492 4 1 70.0 58.0 84
1493 4 1 70.0 58.0 84
1494 4 1 70.0 58.0 84
1495 2 1 70.0 58.0 84
1496 4 1 70.0 58.0 84
1497 2 1 70.0 58.0 84
1498 4 1 70.0 58.0 84
1499 4 1 70.0 58.0 84
1500 4 1 70.0 58.0 84
1501 2 1 68.0 60.0 85
1502 4 1 68.0 60.0 85
1503 4 1 68.0 60.0 85
1504 2 1 68.0 60.0 85
1505 4 1 68.0 60.0 85
1506 4 1 68.0 60.0 85
1507 2 1 68.0 60.0 85
1508 1 1 68.0 60.0 85
1509 4 1 68.0 60.0 85
1510 4 1 68.0 60.0 85
1511 4 1 68.0 60.0 85
1512 4 1 68.0 60.0 85
1513 4 1 68.0 60.0 85
1514 4 1 68.0 60.0 85
1515 4 1 68.0 60.0 85
1516 4 1 68.0 60.0 85
1517 4 1 68.0 60.0 85
1518 4 1 68.0 60.0 85
1519 4 1 68.0 60.0 85
1520 4 1 68.0 60.0 85
1521 4 1 68.0 60.0 85
1522 4 1 68.0 60.0 85
1523 4 1 68.0 60.0 85
1524 4 1 68.0 60.0 85
1525 4 1 68.0 60.0 85
1526 4 1 68.0 60.0 85
1527 4 1 68.0 60.0 85
1528 4 1 68.0 60.0 85
1529 4 1 68.0 60.0 85
1530 4 1 68.0 60.0 85
1531 4 1 66.0 55.0 86
1532 4 1 66.0 55.0 86
1533 4 1 66.0 55.0 86
1534 4 1 66.0 55.0 86
1535 4 1 66.0 55.0 86
1536 4 1 66.0 55.0 86
1537 4 1 66.0 55.0 86
1538 4 1 66.0 55.0 86
1539 4 1 66.0 55.0 86
1540 4 1 66.0 55.0 86
1541 4 1 65.0 55.0 87
1542 4 1 65.0 55.0 87
1543 4 1 65.0 55.0 87
1544 4 1 65.0 55.0 87
1545 4 1 65.0 55.0 87
1546 4 1 65.0 55.0 87
1547 4 1 65.0 55.0 87
1548 4 1 65.0 55.0 87
1549 2 1 65.0 55.0 87
1550 1 1 65.0 55.0 87
1551 4 1 65.0 55.0 87
1552 4 1 65.0 55.0 87
1553 4 1 65.0 55.0 87
1554 4 1 65.0 55.0 87
1555 4 1 65.0 55.0 87
1556 4 1 65.0 55.0 87
1557 4 1 65.0 55.0 87
1558 4 1 65.0 55.0 87
1559 4 1 65.0 55.0 87
1560 4 1 65.0 55.0 87
1561 4 1 65.0 60.0 88
1562 4 1 65.0 60.0 88
1563 4 1 65.0 60.0 88
1564 1 1 65.0 60.0 88
1565 4 1 65.0 60.0 88
1566 2 1 65.0 60.0 88
1567 4 1 65.0 60.0 88
1568 4 1 65.0 60.0 88
1569 2 1 65.0 60.0 88
1570 4 1 65.0 60.0 88
1571 4 1 65.0 60.0 88
1572 4 1 65.0 60.0 88
1573 4 1 65.0 60.0 88
1574 4 1 65.0 60.0 88
1575 4 1 65.0 60.0 88
1576 4 1 65.0 60.0 88
1577 4 1 65.0 60.0 88
1578 4 1 65.0 60.0 88
1579 4 1 65.0 60.0 88
1580 2 1 65.0 60.0 88
1581 4 1 65.0 60.0 88
1582 2 1 65.0 60.0 88
1583 4 1 65.0 60.0 88
1584 4 1 65.0 60.0 88
1585 2 1 65.0 60.0 88
1586 4 1 65.0 60.0 88
1587 4 1 65.0 60.0 88
1588 4 1 65.0 60.0 88
1589 4 1 65.0 60.0 88
1590 4 1 65.0 60.0 88
1591 1 1 63.0 58.0 89
1592 2 1 63.0 58.0 89
1593 1 1 63.0 58.0 89
1594 4 1 63.0 58.0 89
1595 4 1 63.0 58.0 89
1596 4 1 63.0 58.0 89
1597 4 1 63.0 58.0 89
1598 1 1 63.0 58.0 89
1599 4 1 63.0 58.0 89
1600 4 1 63.0 58.0 89
1601 4 1 60.0 55.0 90
1602 1 1 60.0 55.0 90
1603 4 1 60.0 55.0 90
1604 4 1 60.0 55.0 90
1605 4 1 60.0 55.0 90
1606 4 1 60.0 55.0 90
1607 4 1 60.0 55.0 90
1608 4 1 60.0 55.0 90
1609 4 1 60.0 55.0 90
1610 4 1 60.0 55.0 90
1611 2 1 60.0 60.0 91
1612 4 1 60.0 60.0 91
1613 4 1 60.0 60.0 91
1614 2 1 60.0 60.0 91
1615 4 1 60.0 60.0 91
1616 1 1 60.0 60.0 91
1617 4 1 60.0 60.0 91
1618 4 1 60.0 60.0 91
1619 2 1 60.0 60.0 91
1620 4 1 60.0 60.0 91
1621 2 1 67.0 85.0 92
1622 2 1 67.0 85.0 92
1623 2 1 67.0 85.0 92
1624 2 1 67.0 85.0 92
1625 2 1 67.0 85.0 92
1626 2 1 67.0 85.0 92
1627 2 1 67.0 85.0 92
1628 1 1 67.0 85.0 92
1629 2 1 67.0 85.0 92
1630 2 1 67.0 85.0 92
1631 2 1 67.0 85.0 92
1632 2 1 67.0 85.0 92
1633 1 1 67.0 85.0 92
1634 2 1 67.0 85.0 92
1635 2 1 67.0 85.0 92
1636 2 1 67.0 85.0 92
1637 2 1 67.0 85.0 92
1638 2 1 67.0 85.0 92
1639 1 1 67.0 85.0 92
1640 1 1 67.0 85.0 92
1641 2 1 65.0 85.0 93
1642 2 1 65.0 85.0 93
1643 2 1 65.0 85.0 93
1644 2 1 65.0 85.0 93
1645 2 1 65.0 85.0 93
1646 2 1 65.0 85.0 93
1647 2 1 65.0 85.0 93
1648 2 1 65.0 85.0 93
1649 2 1 65.0 85.0 93
1650 2 1 65.0 85.0 93
1651 2 1 65.0 85.0 93
1652 2 1 65.0 85.0 93
1653 2 1 65.0 85.0 93
1654 2 1 65.0 85.0 93
1655 2 1 65.0 85.0 93
1656 1 1 65.0 85.0 93
1657 2 1 65.0 85.0 93
1658 2 1 65.0 85.0 93
1659 2 1 65.0 85.0 93
1660 2 1 65.0 85.0 93
1661 2 1 65.0 85.0 93
1662 1 1 65.0 85.0 93
1663 2 1 65.0 85.0 93
1664 2 1 65.0 85.0 93
1665 2 1 65.0 85.0 93
1666 2 1 65.0 85.0 93
1667 2 1 65.0 85.0 93
1668 2 1 65.0 85.0 93
1669 2 1 65.0 85.0 93
1670 2 1 65.0 85.0 93
1671 2 1 65.0 85.0 93
1672 2 1 65.0 85.0 93
1673 2 1 65.0 85.0 93
1674 1 1 65.0 85.0 93
1675 1 1 65.0 85.0 93
1676 2 1 65.0 85.0 93
1677 2 1 65.0 85.0 93
1678 2 1 65.0 85.0 93
1679 1 1 65.0 85.0 93
1680 2 1 65.0 85.0 93
1681 2 1 65.0 82.0 94
1682 2 1 65.0 82.0 94
1683 2 1 65.0 82.0 94
1684 2 1 65.0 82.0 94
1685 2 1 65.0 82.0 94
1686 2 1 65.0 82.0 94
1687 2 1 65.0 82.0 94
1688 2 1 65.0 82.0 94
1689 2 1 65.0 82.0 94
1690 2 1 65.0 82.0 94
1691 4 1 62.0 80.0 95
1692 4 1 62.0 80.0 95
1693 4 1 62.0 80.0 95
1694 4 1 62.0 80.0 95
1695 4 1 62.0 80.0 95
1696 4 1 62.0 80.0 95
1697 4 1 62.0 80.0 95
1698 4 1 62.0 80.0 95
1699 4 1 62.0 80.0 95
1700 2 1 62.0 80.0 95
1701 4 1 62.0 80.0 95
1702 4 1 62.0 80.0 95
1703 4 1 62.0 80.0 95
1704 4 1 62.0 80.0 95
1705 4 1 62.0 80.0 95
1706 4 1 62.0 80.0 95
1707 4 1 62.0 80.0 95
1708 1 1 62.0 80.0 95
1709 4 1 62.0 80.0 95
1710 1 1 62.0 80.0 95
1711 4 1 62.0 80.0 95
1712 4 1 62.0 80.0 95
1713 4 1 62.0 80.0 95
1714 4 1 62.0 80.0 95
1715 4 1 62.0 80.0 95
1716 4 1 62.0 80.0 95
1717 4 1 62.0 80.0 95
1718 4 1 62.0 80.0 95
1719 4 1 62.0 80.0 95
1720 4 1 62.0 80.0 95
1721 4 1 60.0 80.0 96
1722 4 1 60.0 80.0 96
1723 4 1 60.0 80.0 96
1724 4 1 60.0 80.0 96
1725 4 1 60.0 80.0 96
1726 4 1 60.0 80.0 96
1727 4 1 60.0 80.0 96
1728 4 1 60.0 80.0 96
1729 4 1 60.0 80.0 96
1730 4 1 60.0 80.0 96
