1
0 40.0 50.0 1730.0 2062.0634765625 14
5212 1 99.0 303.2815246582031 100 2147483647 101
0 0 40.0 50.0 D
207 1 22.0 75.0 1
198 1 22.0 75.0 1
196 1 22.0 75.0 1
345 1 15.0 80.0 1
350 1 15.0 80.0 1
347 1 15.0 80.0 1
337 1 15.0 75.0 1
334 1 15.0 75.0 1
333 1 15.0 75.0 1
322 1 15.0 75.0 1
624 1 8.0 45.0 1
622 1 8.0 45.0 1
612 1 8.0 45.0 1
719 1 0.0 45.0 1
716 1 0.0 45.0 1
713 1 0.0 45.0 1
712 1 0.0 45.0 1
688 1 0.0 40.0 1
683 1 0.0 40.0 1
677 1 0.0 40.0 1
669 1 2.0 40.0 1
658 1 2.0 40.0 1
639 1 5.0 35.0 1
634 1 5.0 35.0 1
631 1 5.0 35.0 1
605 1 8.0 40.0 1
593 1 8.0 40.0 1
576 1 8.0 40.0 1
571 1 8.0 40.0 1
564 1 10.0 40.0 1
552 1 10.0 40.0 1
544 1 10.0 40.0 1
533 1 10.0 35.0 1
532 1 10.0 35.0 1
523 1 10.0 35.0 1
522 1 10.0 35.0 1
879 1 25.0 35.0 1
872 1 25.0 35.0 1
859 1 26.0 32.0 1
855 1 26.0 32.0 1
865 1 25.0 30.0 1
862 1 25.0 30.0 1
861 1 25.0 30.0 1
786 1 30.0 30.0 1
782 1 30.0 30.0 1
798 1 30.0 32.0 1
794 1 30.0 32.0 1
774 1 32.0 30.0 1
999 1 40.0 15.0 1
997 1 40.0 15.0 1
990 1 40.0 15.0 1
987 1 40.0 15.0 1
985 1 40.0 15.0 1
1059 1 38.0 15.0 1
1071 1 35.0 5.0 1
1048 1 38.0 5.0 1
1043 1 38.0 5.0 1
1035 1 38.0 5.0 1
1026 1 38.0 5.0 1
1025 1 38.0 5.0 1
1022 1 38.0 5.0 1
1021 1 38.0 5.0 1
978 1 40.0 5.0 1
973 1 40.0 5.0 1
968 1 40.0 5.0 1
958 1 40.0 5.0 1
957 1 40.0 5.0 1
953 1 40.0 5.0 1
951 1 40.0 5.0 1
900 1 44.0 5.0 1
899 1 44.0 5.0 1
897 1 44.0 5.0 1
884 1 44.0 5.0 1
883 1 44.0 5.0 1
932 1 42.0 10.0 1
902 1 42.0 10.0 1
1419 1 85.0 25.0 1
1414 1 85.0 25.0 1
1411 1 85.0 25.0 1
1375 1 88.0 30.0 1
1374 1 88.0 30.0 1
1373 1 88.0 30.0 1
1372 1 88.0 30.0 1
1371 1 88.0 30.0 1
1410 1 87.0 30.0 1
1408 1 87.0 30.0 1
1405 1 87.0 30.0 1
1332 1 53.0 35.0 1
1329 1 53.0 35.0 1
1323 1 53.0 35.0 1
1306 1 53.0 35.0 1
1301 1 53.0 35.0 1
1277 1 53.0 30.0 1
1087 1 50.0 30.0 1
1082 1 50.0 30.0 1
1081 1 50.0 30.0 1
1169 1 48.0 30.0 1
1205 1 45.0 30.0 1
1203 1 45.0 30.0 1
-1 0 40.0 50.0 D
5213 1 145.0 267.86883544921875 160 2147483647 147
0 0 40.0 50.0 D
1602 1 60.0 55.0 1
1616 1 60.0 60.0 1
1591 1 63.0 58.0 1
1593 1 63.0 58.0 1
1598 1 63.0 58.0 1
1550 1 65.0 55.0 1
1446 1 85.0 35.0 1
1444 1 85.0 35.0 1
1441 1 85.0 35.0 1
1436 1 85.0 35.0 1
1432 1 85.0 35.0 1
1429 1 85.0 35.0 1
1425 1 85.0 35.0 1
1399 1 88.0 35.0 1
1397 1 88.0 35.0 1
1394 1 88.0 35.0 1
1390 1 88.0 35.0 1
1370 1 90.0 35.0 1
1369 1 90.0 35.0 1
1368 1 90.0 35.0 1
1367 1 90.0 35.0 1
1366 1 90.0 35.0 1
1365 1 90.0 35.0 1
1364 1 90.0 35.0 1
1363 1 90.0 35.0 1
1362 1 90.0 35.0 1
1361 1 90.0 35.0 1
1270 1 95.0 35.0 1
1269 1 95.0 35.0 1
1268 1 95.0 35.0 1
1267 1 95.0 35.0 1
1266 1 95.0 35.0 1
1265 1 95.0 35.0 1
1264 1 95.0 35.0 1
1263 1 95.0 35.0 1
1262 1 95.0 35.0 1
1261 1 95.0 35.0 1
1260 1 95.0 35.0 1
1259 1 95.0 35.0 1
1258 1 95.0 35.0 1
1257 1 95.0 35.0 1
1256 1 95.0 35.0 1
1255 1 95.0 35.0 1
1254 1 95.0 35.0 1
1253 1 95.0 35.0 1
1252 1 95.0 35.0 1
1251 1 95.0 35.0 1
1250 1 95.0 30.0 1
1249 1 95.0 30.0 1
1248 1 95.0 30.0 1
1247 1 95.0 30.0 1
1246 1 95.0 30.0 1
1245 1 95.0 30.0 1
1244 1 95.0 30.0 1
1243 1 95.0 30.0 1
1242 1 95.0 30.0 1
1241 1 95.0 30.0 1
1240 1 95.0 30.0 1
1239 1 95.0 30.0 1
1238 1 95.0 30.0 1
1237 1 95.0 30.0 1
1236 1 95.0 30.0 1
1235 1 95.0 30.0 1
1234 1 95.0 30.0 1
1233 1 95.0 30.0 1
1232 1 95.0 30.0 1
1231 1 95.0 30.0 1
1230 1 95.0 30.0 1
1229 1 95.0 30.0 1
1228 1 95.0 30.0 1
1227 1 95.0 30.0 1
1226 1 95.0 30.0 1
1225 1 95.0 30.0 1
1224 1 95.0 30.0 1
1223 1 95.0 30.0 1
1222 1 95.0 30.0 1
1221 1 95.0 30.0 1
1290 1 92.0 30.0 1
1289 1 92.0 30.0 1
1288 1 92.0 30.0 1
1287 1 92.0 30.0 1
1286 1 92.0 30.0 1
1285 1 92.0 30.0 1
1284 1 92.0 30.0 1
1283 1 92.0 30.0 1
1282 1 92.0 30.0 1
1281 1 92.0 30.0 1
1380 1 88.0 30.0 1
1379 1 88.0 30.0 1
1378 1 88.0 30.0 1
1377 1 88.0 30.0 1
1376 1 88.0 30.0 1
1455 1 75.0 55.0 1
1488 1 70.0 58.0 1
1508 1 68.0 60.0 1
1564 1 65.0 60.0 1
1628 1 67.0 85.0 1
1633 1 67.0 85.0 1
1639 1 67.0 85.0 1
1640 1 67.0 85.0 1
1656 1 65.0 85.0 1
1662 1 65.0 85.0 1
1674 1 65.0 85.0 1
1675 1 65.0 85.0 1
1679 1 65.0 85.0 1
1708 1 62.0 80.0 1
1710 1 62.0 80.0 1
10 1 45.0 68.0 1
18 1 45.0 70.0 1
19 1 45.0 70.0 1
22 1 45.0 70.0 1
29 1 45.0 70.0 1
76 1 40.0 69.0 1
89 1 40.0 69.0 1
121 1 38.0 68.0 1
162 1 25.0 85.0 1
163 1 25.0 85.0 1
164 1 25.0 85.0 1
170 1 25.0 85.0 1
172 1 25.0 85.0 1
174 1 25.0 85.0 1
176 1 25.0 85.0 1
178 1 25.0 85.0 1
211 1 22.0 85.0 1
214 1 22.0 85.0 1
215 1 22.0 85.0 1
217 1 22.0 85.0 1
264 1 20.0 85.0 1
268 1 20.0 85.0 1
270 1 20.0 85.0 1
272 1 20.0 85.0 1
275 1 20.0 85.0 1
282 1 20.0 85.0 1
283 1 20.0 85.0 1
286 1 20.0 85.0 1
287 1 20.0 85.0 1
288 1 20.0 85.0 1
294 1 20.0 85.0 1
233 1 20.0 80.0 1
242 1 20.0 80.0 1
248 1 20.0 80.0 1
309 1 18.0 75.0 1
501 1 20.0 50.0 1
505 1 20.0 50.0 1
509 1 20.0 50.0 1
-1 0 40.0 50.0 D
5214 2 56.0 113.28173828125 60 2147483647 58
0 0 40.0 50.0 D
1619 1 60.0 60.0 2
1614 1 60.0 60.0 2
1611 1 60.0 60.0 2
1592 1 63.0 58.0 2
1585 1 65.0 60.0 2
1582 1 65.0 60.0 2
1580 1 65.0 60.0 2
1569 1 65.0 60.0 2
1566 1 65.0 60.0 2
1549 1 65.0 55.0 2
1497 1 70.0 58.0 2
1495 1 70.0 58.0 2
1507 1 68.0 60.0 2
1504 1 68.0 60.0 2
1501 1 68.0 60.0 2
1638 1 67.0 85.0 2
1637 1 67.0 85.0 2
1636 1 67.0 85.0 2
1635 1 67.0 85.0 2
1634 1 67.0 85.0 2
1632 1 67.0 85.0 2
1631 1 67.0 85.0 2
1630 1 67.0 85.0 2
1629 1 67.0 85.0 2
1627 1 67.0 85.0 2
1626 1 67.0 85.0 2
1625 1 67.0 85.0 2
1624 1 67.0 85.0 2
1623 1 67.0 85.0 2
1622 1 67.0 85.0 2
1621 1 67.0 85.0 2
1654 1 65.0 85.0 2
1653 1 65.0 85.0 2
1652 1 65.0 85.0 2
1651 1 65.0 85.0 2
1650 1 65.0 85.0 2
1649 1 65.0 85.0 2
1648 1 65.0 85.0 2
1647 1 65.0 85.0 2
1646 1 65.0 85.0 2
1645 1 65.0 85.0 2
1644 1 65.0 85.0 2
1643 1 65.0 85.0 2
1642 1 65.0 85.0 2
1641 1 65.0 85.0 2
1690 1 65.0 82.0 2
1689 1 65.0 82.0 2
1688 1 65.0 82.0 2
1687 1 65.0 82.0 2
1686 1 65.0 82.0 2
1685 1 65.0 82.0 2
1684 1 65.0 82.0 2
1683 1 65.0 82.0 2
1682 1 65.0 82.0 2
1681 1 65.0 82.0 2
1700 1 62.0 80.0 2
-1 0 40.0 50.0 D
5215 2 78.0 113.94739532470703 100 2147483647 80
0 0 40.0 50.0 D
1359 1 45.0 65.0 2
1358 1 45.0 65.0 2
1354 1 45.0 65.0 2
1352 1 45.0 65.0 2
1350 1 45.0 65.0 2
1347 1 45.0 65.0 2
1346 1 45.0 65.0 2
180 1 25.0 85.0 2
179 1 25.0 85.0 2
177 1 25.0 85.0 2
175 1 25.0 85.0 2
173 1 25.0 85.0 2
171 1 25.0 85.0 2
169 1 25.0 85.0 2
168 1 25.0 85.0 2
167 1 25.0 85.0 2
166 1 25.0 85.0 2
165 1 25.0 85.0 2
161 1 25.0 85.0 2
220 1 22.0 85.0 2
219 1 22.0 85.0 2
218 1 22.0 85.0 2
216 1 22.0 85.0 2
213 1 22.0 85.0 2
212 1 22.0 85.0 2
300 1 20.0 85.0 2
299 1 20.0 85.0 2
298 1 20.0 85.0 2
297 1 20.0 85.0 2
296 1 20.0 85.0 2
295 1 20.0 85.0 2
293 1 20.0 85.0 2
292 1 20.0 85.0 2
291 1 20.0 85.0 2
290 1 20.0 85.0 2
289 1 20.0 85.0 2
285 1 20.0 85.0 2
284 1 20.0 85.0 2
281 1 20.0 85.0 2
280 1 20.0 85.0 2
279 1 20.0 85.0 2
278 1 20.0 85.0 2
277 1 20.0 85.0 2
276 1 20.0 85.0 2
274 1 20.0 85.0 2
273 1 20.0 85.0 2
271 1 20.0 85.0 2
269 1 20.0 85.0 2
267 1 20.0 85.0 2
266 1 20.0 85.0 2
265 1 20.0 85.0 2
263 1 20.0 85.0 2
262 1 20.0 85.0 2
261 1 20.0 85.0 2
341 1 15.0 80.0 2
260 1 20.0 80.0 2
258 1 20.0 80.0 2
256 1 20.0 80.0 2
247 1 20.0 80.0 2
243 1 20.0 80.0 2
221 1 20.0 80.0 2
208 1 22.0 75.0 2
200 1 22.0 75.0 2
188 1 22.0 75.0 2
159 1 35.0 69.0 2
152 1 35.0 69.0 2
146 1 35.0 66.0 2
117 1 38.0 68.0 2
133 1 38.0 70.0 2
90 1 40.0 69.0 2
71 1 40.0 69.0 2
60 1 42.0 68.0 2
55 1 42.0 68.0 2
49 1 42.0 66.0 2
45 1 42.0 66.0 2
43 1 42.0 66.0 2
41 1 42.0 66.0 2
105 1 40.0 66.0 2
-1 0 40.0 50.0 D
5216 2 159.0 230.25640869140625 160 2147483647 161
0 0 40.0 50.0 D
770 1 33.0 35.0 2
764 1 33.0 35.0 2
734 1 35.0 32.0 2
758 1 33.0 32.0 2
755 1 33.0 32.0 2
754 1 33.0 32.0 2
752 1 33.0 32.0 2
749 1 33.0 32.0 2
748 1 33.0 32.0 2
742 1 33.0 32.0 2
723 1 35.0 30.0 2
1060 1 38.0 15.0 2
1052 1 38.0 15.0 2
1080 1 35.0 5.0 2
1079 1 35.0 5.0 2
1078 1 35.0 5.0 2
1077 1 35.0 5.0 2
1076 1 35.0 5.0 2
1075 1 35.0 5.0 2
1074 1 35.0 5.0 2
1073 1 35.0 5.0 2
1072 1 35.0 5.0 2
1070 1 35.0 5.0 2
1069 1 35.0 5.0 2
1068 1 35.0 5.0 2
1067 1 35.0 5.0 2
1066 1 35.0 5.0 2
1065 1 35.0 5.0 2
1064 1 35.0 5.0 2
1063 1 35.0 5.0 2
1062 1 35.0 5.0 2
1061 1 35.0 5.0 2
789 1 30.0 30.0 2
781 1 30.0 30.0 2
820 1 30.0 32.0 2
818 1 30.0 32.0 2
791 1 30.0 32.0 2
823 1 30.0 35.0 2
850 1 28.0 35.0 2
847 1 28.0 35.0 2
844 1 28.0 35.0 2
843 1 28.0 35.0 2
853 1 26.0 32.0 2
868 1 25.0 30.0 2
866 1 25.0 30.0 2
566 1 10.0 40.0 2
550 1 10.0 40.0 2
606 1 8.0 40.0 2
598 1 8.0 40.0 2
594 1 8.0 40.0 2
583 1 8.0 40.0 2
577 1 8.0 40.0 2
572 1 8.0 40.0 2
640 1 5.0 35.0 2
638 1 5.0 35.0 2
637 1 5.0 35.0 2
636 1 5.0 35.0 2
635 1 5.0 35.0 2
633 1 5.0 35.0 2
632 1 5.0 35.0 2
670 1 2.0 40.0 2
668 1 2.0 40.0 2
667 1 2.0 40.0 2
666 1 2.0 40.0 2
665 1 2.0 40.0 2
664 1 2.0 40.0 2
663 1 2.0 40.0 2
662 1 2.0 40.0 2
661 1 2.0 40.0 2
660 1 2.0 40.0 2
659 1 2.0 40.0 2
657 1 2.0 40.0 2
656 1 2.0 40.0 2
655 1 2.0 40.0 2
654 1 2.0 40.0 2
653 1 2.0 40.0 2
652 1 2.0 40.0 2
651 1 2.0 40.0 2
700 1 0.0 40.0 2
699 1 0.0 40.0 2
698 1 0.0 40.0 2
697 1 0.0 40.0 2
696 1 0.0 40.0 2
695 1 0.0 40.0 2
694 1 0.0 40.0 2
693 1 0.0 40.0 2
692 1 0.0 40.0 2
691 1 0.0 40.0 2
690 1 0.0 40.0 2
689 1 0.0 40.0 2
687 1 0.0 40.0 2
686 1 0.0 40.0 2
685 1 0.0 40.0 2
684 1 0.0 40.0 2
682 1 0.0 40.0 2
681 1 0.0 40.0 2
680 1 0.0 40.0 2
679 1 0.0 40.0 2
678 1 0.0 40.0 2
676 1 0.0 40.0 2
675 1 0.0 40.0 2
674 1 0.0 40.0 2
673 1 0.0 40.0 2
672 1 0.0 40.0 2
671 1 0.0 40.0 2
720 1 0.0 45.0 2
718 1 0.0 45.0 2
717 1 0.0 45.0 2
715 1 0.0 45.0 2
714 1 0.0 45.0 2
711 1 0.0 45.0 2
710 1 0.0 45.0 2
709 1 0.0 45.0 2
708 1 0.0 45.0 2
707 1 0.0 45.0 2
706 1 0.0 45.0 2
705 1 0.0 45.0 2
704 1 0.0 45.0 2
703 1 0.0 45.0 2
702 1 0.0 45.0 2
701 1 0.0 45.0 2
646 1 5.0 45.0 2
644 1 5.0 45.0 2
332 1 15.0 75.0 2
327 1 15.0 75.0 2
349 1 15.0 80.0 2
348 1 15.0 80.0 2
346 1 15.0 80.0 2
344 1 15.0 80.0 2
343 1 15.0 80.0 2
342 1 15.0 80.0 2
308 1 18.0 75.0 2
494 1 23.0 55.0 2
492 1 23.0 55.0 2
491 1 23.0 55.0 2
490 1 23.0 55.0 2
488 1 23.0 55.0 2
486 1 23.0 55.0 2
484 1 23.0 55.0 2
482 1 23.0 55.0 2
469 1 23.0 55.0 2
515 1 20.0 55.0 2
511 1 20.0 55.0 2
504 1 20.0 50.0 2
478 1 23.0 52.0 2
476 1 23.0 52.0 2
473 1 23.0 52.0 2
472 1 23.0 52.0 2
444 1 25.0 52.0 2
442 1 25.0 52.0 2
441 1 25.0 52.0 2
440 1 25.0 52.0 2
428 1 25.0 52.0 2
423 1 25.0 52.0 2
418 1 25.0 50.0 2
417 1 25.0 50.0 2
416 1 25.0 50.0 2
413 1 25.0 50.0 2
402 1 28.0 55.0 2
-1 0 40.0 50.0 D
5217 4 149.0 111.01078796386719 150 2147483647 151
0 0 40.0 50.0 D
1610 1 60.0 55.0 4
1609 1 60.0 55.0 4
1608 1 60.0 55.0 4
1607 1 60.0 55.0 4
1606 1 60.0 55.0 4
1605 1 60.0 55.0 4
1604 1 60.0 55.0 4
1603 1 60.0 55.0 4
1601 1 60.0 55.0 4
1560 1 65.0 55.0 4
1559 1 65.0 55.0 4
1558 1 65.0 55.0 4
1557 1 65.0 55.0 4
1556 1 65.0 55.0 4
1555 1 65.0 55.0 4
1554 1 65.0 55.0 4
1553 1 65.0 55.0 4
1552 1 65.0 55.0 4
1551 1 65.0 55.0 4
1548 1 65.0 55.0 4
1547 1 65.0 55.0 4
1546 1 65.0 55.0 4
1545 1 65.0 55.0 4
1544 1 65.0 55.0 4
1543 1 65.0 55.0 4
1542 1 65.0 55.0 4
1541 1 65.0 55.0 4
1540 1 66.0 55.0 4
1539 1 66.0 55.0 4
1538 1 66.0 55.0 4
1537 1 66.0 55.0 4
1536 1 66.0 55.0 4
1535 1 66.0 55.0 4
1534 1 66.0 55.0 4
1533 1 66.0 55.0 4
1532 1 66.0 55.0 4
1531 1 66.0 55.0 4
1480 1 72.0 55.0 4
1479 1 72.0 55.0 4
1478 1 72.0 55.0 4
1477 1 72.0 55.0 4
1476 1 72.0 55.0 4
1475 1 72.0 55.0 4
1474 1 72.0 55.0 4
1473 1 72.0 55.0 4
1472 1 72.0 55.0 4
1471 1 72.0 55.0 4
1470 1 75.0 55.0 4
1469 1 75.0 55.0 4
1468 1 75.0 55.0 4
1467 1 75.0 55.0 4
1466 1 75.0 55.0 4
1465 1 75.0 55.0 4
1464 1 75.0 55.0 4
1463 1 75.0 55.0 4
1462 1 75.0 55.0 4
1461 1 75.0 55.0 4
1459 1 75.0 55.0 4
1458 1 75.0 55.0 4
1457 1 75.0 55.0 4
1456 1 75.0 55.0 4
1454 1 75.0 55.0 4
1451 1 75.0 55.0 4
1500 1 70.0 58.0 4
1499 1 70.0 58.0 4
1498 1 70.0 58.0 4
1496 1 70.0 58.0 4
1494 1 70.0 58.0 4
1493 1 70.0 58.0 4
1492 1 70.0 58.0 4
1491 1 70.0 58.0 4
1490 1 70.0 58.0 4
1489 1 70.0 58.0 4
1487 1 70.0 58.0 4
1486 1 70.0 58.0 4
1485 1 70.0 58.0 4
1484 1 70.0 58.0 4
1483 1 70.0 58.0 4
1482 1 70.0 58.0 4
1481 1 70.0 58.0 4
1530 1 68.0 60.0 4
1529 1 68.0 60.0 4
1528 1 68.0 60.0 4
1527 1 68.0 60.0 4
1526 1 68.0 60.0 4
1525 1 68.0 60.0 4
1524 1 68.0 60.0 4
1523 1 68.0 60.0 4
1522 1 68.0 60.0 4
1521 1 68.0 60.0 4
1520 1 68.0 60.0 4
1519 1 68.0 60.0 4
1518 1 68.0 60.0 4
1517 1 68.0 60.0 4
1516 1 68.0 60.0 4
1515 1 68.0 60.0 4
1514 1 68.0 60.0 4
1513 1 68.0 60.0 4
1512 1 68.0 60.0 4
1511 1 68.0 60.0 4
1510 1 68.0 60.0 4
1509 1 68.0 60.0 4
1506 1 68.0 60.0 4
1505 1 68.0 60.0 4
1503 1 68.0 60.0 4
1502 1 68.0 60.0 4
1590 1 65.0 60.0 4
1589 1 65.0 60.0 4
1588 1 65.0 60.0 4
1587 1 65.0 60.0 4
1586 1 65.0 60.0 4
1584 1 65.0 60.0 4
1583 1 65.0 60.0 4
1581 1 65.0 60.0 4
1579 1 65.0 60.0 4
1578 1 65.0 60.0 4
1577 1 65.0 60.0 4
1576 1 65.0 60.0 4
1575 1 65.0 60.0 4
1574 1 65.0 60.0 4
1573 1 65.0 60.0 4
1572 1 65.0 60.0 4
1571 1 65.0 60.0 4
1570 1 65.0 60.0 4
1568 1 65.0 60.0 4
1567 1 65.0 60.0 4
1565 1 65.0 60.0 4
1563 1 65.0 60.0 4
1562 1 65.0 60.0 4
1561 1 65.0 60.0 4
1600 1 63.0 58.0 4
1599 1 63.0 58.0 4
1597 1 63.0 58.0 4
1596 1 63.0 58.0 4
1595 1 63.0 58.0 4
1594 1 63.0 58.0 4
1620 1 60.0 60.0 4
1618 1 60.0 60.0 4
1617 1 60.0 60.0 4
1615 1 60.0 60.0 4
1613 1 60.0 60.0 4
1612 1 60.0 60.0 4
1697 1 62.0 80.0 4
1696 1 62.0 80.0 4
1695 1 62.0 80.0 4
1694 1 62.0 80.0 4
1693 1 62.0 80.0 4
1692 1 62.0 80.0 4
1691 1 62.0 80.0 4
-1 0 40.0 50.0 D
5218 4 199.0 134.48455810546875 200 2147483647 201
0 0 40.0 50.0 D
70 1 42.0 65.0 4
69 1 42.0 65.0 4
68 1 42.0 65.0 4
67 1 42.0 65.0 4
66 1 42.0 65.0 4
65 1 42.0 65.0 4
64 1 42.0 65.0 4
63 1 42.0 65.0 4
62 1 42.0 65.0 4
61 1 42.0 65.0 4
50 1 42.0 66.0 4
48 1 42.0 66.0 4
47 1 42.0 66.0 4
46 1 42.0 66.0 4
44 1 42.0 66.0 4
42 1 42.0 66.0 4
110 1 40.0 66.0 4
109 1 40.0 66.0 4
108 1 40.0 66.0 4
107 1 40.0 66.0 4
106 1 40.0 66.0 4
104 1 40.0 66.0 4
103 1 40.0 66.0 4
102 1 40.0 66.0 4
101 1 40.0 66.0 4
100 1 40.0 66.0 4
99 1 40.0 66.0 4
98 1 40.0 66.0 4
97 1 40.0 66.0 4
96 1 40.0 66.0 4
95 1 40.0 66.0 4
94 1 40.0 66.0 4
93 1 40.0 66.0 4
92 1 40.0 66.0 4
91 1 40.0 66.0 4
130 1 38.0 68.0 4
129 1 38.0 68.0 4
128 1 38.0 68.0 4
127 1 38.0 68.0 4
126 1 38.0 68.0 4
125 1 38.0 68.0 4
124 1 38.0 68.0 4
123 1 38.0 68.0 4
122 1 38.0 68.0 4
120 1 38.0 68.0 4
119 1 38.0 68.0 4
118 1 38.0 68.0 4
116 1 38.0 68.0 4
115 1 38.0 68.0 4
114 1 38.0 68.0 4
113 1 38.0 68.0 4
112 1 38.0 68.0 4
111 1 38.0 68.0 4
150 1 35.0 66.0 4
149 1 35.0 66.0 4
148 1 35.0 66.0 4
147 1 35.0 66.0 4
145 1 35.0 66.0 4
144 1 35.0 66.0 4
143 1 35.0 66.0 4
142 1 35.0 66.0 4
141 1 35.0 66.0 4
160 1 35.0 69.0 4
158 1 35.0 69.0 4
157 1 35.0 69.0 4
156 1 35.0 69.0 4
155 1 35.0 69.0 4
154 1 35.0 69.0 4
153 1 35.0 69.0 4
151 1 35.0 69.0 4
240 1 20.0 80.0 4
239 1 20.0 80.0 4
238 1 20.0 80.0 4
237 1 20.0 80.0 4
236 1 20.0 80.0 4
235 1 20.0 80.0 4
234 1 20.0 80.0 4
232 1 20.0 80.0 4
231 1 20.0 80.0 4
230 1 20.0 80.0 4
229 1 20.0 80.0 4
228 1 20.0 80.0 4
227 1 20.0 80.0 4
226 1 20.0 80.0 4
225 1 20.0 80.0 4
224 1 20.0 80.0 4
223 1 20.0 80.0 4
222 1 20.0 80.0 4
140 1 38.0 70.0 4
139 1 38.0 70.0 4
138 1 38.0 70.0 4
137 1 38.0 70.0 4
136 1 38.0 70.0 4
135 1 38.0 70.0 4
134 1 38.0 70.0 4
132 1 38.0 70.0 4
131 1 38.0 70.0 4
88 1 40.0 69.0 4
87 1 40.0 69.0 4
86 1 40.0 69.0 4
85 1 40.0 69.0 4
84 1 40.0 69.0 4
83 1 40.0 69.0 4
82 1 40.0 69.0 4
81 1 40.0 69.0 4
80 1 40.0 69.0 4
79 1 40.0 69.0 4
78 1 40.0 69.0 4
77 1 40.0 69.0 4
75 1 40.0 69.0 4
74 1 40.0 69.0 4
73 1 40.0 69.0 4
72 1 40.0 69.0 4
59 1 42.0 68.0 4
58 1 42.0 68.0 4
57 1 42.0 68.0 4
56 1 42.0 68.0 4
54 1 42.0 68.0 4
53 1 42.0 68.0 4
52 1 42.0 68.0 4
51 1 42.0 68.0 4
40 1 45.0 70.0 4
39 1 45.0 70.0 4
38 1 45.0 70.0 4
37 1 45.0 70.0 4
36 1 45.0 70.0 4
35 1 45.0 70.0 4
34 1 45.0 70.0 4
33 1 45.0 70.0 4
32 1 45.0 70.0 4
31 1 45.0 70.0 4
30 1 45.0 70.0 4
28 1 45.0 70.0 4
27 1 45.0 70.0 4
26 1 45.0 70.0 4
25 1 45.0 70.0 4
24 1 45.0 70.0 4
23 1 45.0 70.0 4
21 1 45.0 70.0 4
20 1 45.0 70.0 4
17 1 45.0 70.0 4
16 1 45.0 70.0 4
15 1 45.0 70.0 4
14 1 45.0 70.0 4
13 1 45.0 70.0 4
12 1 45.0 70.0 4
11 1 45.0 70.0 4
1730 1 60.0 80.0 4
1729 1 60.0 80.0 4
1728 1 60.0 80.0 4
1727 1 60.0 80.0 4
1726 1 60.0 80.0 4
1725 1 60.0 80.0 4
1724 1 60.0 80.0 4
1723 1 60.0 80.0 4
1722 1 60.0 80.0 4
1721 1 60.0 80.0 4
1720 1 62.0 80.0 4
1719 1 62.0 80.0 4
1718 1 62.0 80.0 4
1717 1 62.0 80.0 4
1716 1 62.0 80.0 4
1715 1 62.0 80.0 4
1714 1 62.0 80.0 4
1713 1 62.0 80.0 4
1712 1 62.0 80.0 4
1711 1 62.0 80.0 4
1709 1 62.0 80.0 4
1707 1 62.0 80.0 4
1706 1 62.0 80.0 4
1705 1 62.0 80.0 4
1704 1 62.0 80.0 4
1703 1 62.0 80.0 4
1702 1 62.0 80.0 4
1701 1 62.0 80.0 4
1699 1 62.0 80.0 4
1698 1 62.0 80.0 4
9 1 45.0 68.0 4
8 1 45.0 68.0 4
7 1 45.0 68.0 4
6 1 45.0 68.0 4
5 1 45.0 68.0 4
4 1 45.0 68.0 4
3 1 45.0 68.0 4
2 1 45.0 68.0 4
1 1 45.0 68.0 4
1360 1 45.0 65.0 4
1357 1 45.0 65.0 4
1356 1 45.0 65.0 4
1355 1 45.0 65.0 4
1353 1 45.0 65.0 4
1351 1 45.0 65.0 4
1349 1 45.0 65.0 4
1348 1 45.0 65.0 4
1345 1 45.0 65.0 4
1344 1 45.0 65.0 4
1343 1 45.0 65.0 4
1342 1 45.0 65.0 4
1341 1 45.0 65.0 4
-1 0 40.0 50.0 D
5219 4 249.0 134.91696166992188 250 2147483647 251
0 0 40.0 50.0 D
380 1 30.0 52.0 4
379 1 30.0 52.0 4
378 1 30.0 52.0 4
377 1 30.0 52.0 4
376 1 30.0 52.0 4
375 1 30.0 52.0 4
374 1 30.0 52.0 4
373 1 30.0 52.0 4
372 1 30.0 52.0 4
371 1 30.0 52.0 4
370 1 30.0 52.0 4
369 1 30.0 52.0 4
368 1 30.0 52.0 4
367 1 30.0 52.0 4
366 1 30.0 52.0 4
365 1 30.0 52.0 4
364 1 30.0 52.0 4
363 1 30.0 52.0 4
362 1 30.0 52.0 4
361 1 30.0 52.0 4
400 1 28.0 52.0 4
399 1 28.0 52.0 4
398 1 28.0 52.0 4
397 1 28.0 52.0 4
396 1 28.0 52.0 4
395 1 28.0 52.0 4
394 1 28.0 52.0 4
393 1 28.0 52.0 4
392 1 28.0 52.0 4
391 1 28.0 52.0 4
390 1 28.0 52.0 4
389 1 28.0 52.0 4
388 1 28.0 52.0 4
387 1 28.0 52.0 4
386 1 28.0 52.0 4
385 1 28.0 52.0 4
384 1 28.0 52.0 4
383 1 28.0 52.0 4
382 1 28.0 52.0 4
381 1 28.0 52.0 4
410 1 28.0 55.0 4
409 1 28.0 55.0 4
408 1 28.0 55.0 4
407 1 28.0 55.0 4
406 1 28.0 55.0 4
405 1 28.0 55.0 4
404 1 28.0 55.0 4
403 1 28.0 55.0 4
401 1 28.0 55.0 4
470 1 23.0 55.0 4
468 1 23.0 55.0 4
467 1 23.0 55.0 4
466 1 23.0 55.0 4
465 1 23.0 55.0 4
464 1 23.0 55.0 4
463 1 23.0 55.0 4
462 1 23.0 55.0 4
461 1 23.0 55.0 4
500 1 23.0 55.0 4
499 1 23.0 55.0 4
498 1 23.0 55.0 4
497 1 23.0 55.0 4
496 1 23.0 55.0 4
495 1 23.0 55.0 4
493 1 23.0 55.0 4
489 1 23.0 55.0 4
487 1 23.0 55.0 4
485 1 23.0 55.0 4
483 1 23.0 55.0 4
481 1 23.0 55.0 4
520 1 20.0 55.0 4
519 1 20.0 55.0 4
518 1 20.0 55.0 4
517 1 20.0 55.0 4
516 1 20.0 55.0 4
514 1 20.0 55.0 4
513 1 20.0 55.0 4
512 1 20.0 55.0 4
210 1 22.0 75.0 4
209 1 22.0 75.0 4
206 1 22.0 75.0 4
205 1 22.0 75.0 4
204 1 22.0 75.0 4
203 1 22.0 75.0 4
202 1 22.0 75.0 4
201 1 22.0 75.0 4
199 1 22.0 75.0 4
197 1 22.0 75.0 4
195 1 22.0 75.0 4
194 1 22.0 75.0 4
193 1 22.0 75.0 4
192 1 22.0 75.0 4
191 1 22.0 75.0 4
190 1 22.0 75.0 4
189 1 22.0 75.0 4
187 1 22.0 75.0 4
186 1 22.0 75.0 4
185 1 22.0 75.0 4
184 1 22.0 75.0 4
183 1 22.0 75.0 4
182 1 22.0 75.0 4
181 1 22.0 75.0 4
259 1 20.0 80.0 4
257 1 20.0 80.0 4
255 1 20.0 80.0 4
254 1 20.0 80.0 4
253 1 20.0 80.0 4
252 1 20.0 80.0 4
251 1 20.0 80.0 4
250 1 20.0 80.0 4
249 1 20.0 80.0 4
246 1 20.0 80.0 4
245 1 20.0 80.0 4
244 1 20.0 80.0 4
241 1 20.0 80.0 4
320 1 18.0 75.0 4
319 1 18.0 75.0 4
318 1 18.0 75.0 4
317 1 18.0 75.0 4
316 1 18.0 75.0 4
315 1 18.0 75.0 4
314 1 18.0 75.0 4
313 1 18.0 75.0 4
312 1 18.0 75.0 4
311 1 18.0 75.0 4
310 1 18.0 75.0 4
307 1 18.0 75.0 4
306 1 18.0 75.0 4
305 1 18.0 75.0 4
304 1 18.0 75.0 4
303 1 18.0 75.0 4
302 1 18.0 75.0 4
301 1 18.0 75.0 4
340 1 15.0 75.0 4
339 1 15.0 75.0 4
338 1 15.0 75.0 4
336 1 15.0 75.0 4
335 1 15.0 75.0 4
331 1 15.0 75.0 4
330 1 15.0 75.0 4
329 1 15.0 75.0 4
328 1 15.0 75.0 4
326 1 15.0 75.0 4
325 1 15.0 75.0 4
324 1 15.0 75.0 4
323 1 15.0 75.0 4
321 1 15.0 75.0 4
650 1 5.0 45.0 4
649 1 5.0 45.0 4
648 1 5.0 45.0 4
647 1 5.0 45.0 4
645 1 5.0 45.0 4
643 1 5.0 45.0 4
642 1 5.0 45.0 4
641 1 5.0 45.0 4
630 1 8.0 45.0 4
629 1 8.0 45.0 4
628 1 8.0 45.0 4
627 1 8.0 45.0 4
626 1 8.0 45.0 4
625 1 8.0 45.0 4
623 1 8.0 45.0 4
621 1 8.0 45.0 4
620 1 8.0 45.0 4
619 1 8.0 45.0 4
618 1 8.0 45.0 4
617 1 8.0 45.0 4
616 1 8.0 45.0 4
615 1 8.0 45.0 4
614 1 8.0 45.0 4
613 1 8.0 45.0 4
611 1 8.0 45.0 4
590 1 8.0 40.0 4
589 1 8.0 40.0 4
588 1 8.0 40.0 4
587 1 8.0 40.0 4
586 1 8.0 40.0 4
585 1 8.0 40.0 4
584 1 8.0 40.0 4
582 1 8.0 40.0 4
581 1 8.0 40.0 4
580 1 8.0 40.0 4
579 1 8.0 40.0 4
578 1 8.0 40.0 4
575 1 8.0 40.0 4
574 1 8.0 40.0 4
573 1 8.0 40.0 4
510 1 20.0 50.0 4
508 1 20.0 50.0 4
507 1 20.0 50.0 4
506 1 20.0 50.0 4
503 1 20.0 50.0 4
502 1 20.0 50.0 4
480 1 23.0 52.0 4
479 1 23.0 52.0 4
477 1 23.0 52.0 4
475 1 23.0 52.0 4
474 1 23.0 52.0 4
471 1 23.0 52.0 4
460 1 25.0 52.0 4
459 1 25.0 52.0 4
458 1 25.0 52.0 4
457 1 25.0 52.0 4
456 1 25.0 52.0 4
455 1 25.0 52.0 4
454 1 25.0 52.0 4
453 1 25.0 52.0 4
452 1 25.0 52.0 4
451 1 25.0 52.0 4
450 1 25.0 52.0 4
449 1 25.0 52.0 4
448 1 25.0 52.0 4
447 1 25.0 52.0 4
446 1 25.0 52.0 4
445 1 25.0 52.0 4
443 1 25.0 52.0 4
439 1 25.0 52.0 4
438 1 25.0 52.0 4
437 1 25.0 52.0 4
436 1 25.0 52.0 4
435 1 25.0 52.0 4
434 1 25.0 52.0 4
433 1 25.0 52.0 4
432 1 25.0 52.0 4
431 1 25.0 52.0 4
430 1 25.0 52.0 4
429 1 25.0 52.0 4
427 1 25.0 52.0 4
426 1 25.0 52.0 4
425 1 25.0 52.0 4
424 1 25.0 52.0 4
422 1 25.0 52.0 4
421 1 25.0 52.0 4
420 1 25.0 50.0 4
419 1 25.0 50.0 4
415 1 25.0 50.0 4
414 1 25.0 50.0 4
412 1 25.0 50.0 4
411 1 25.0 50.0 4
360 1 30.0 50.0 4
359 1 30.0 50.0 4
358 1 30.0 50.0 4
357 1 30.0 50.0 4
356 1 30.0 50.0 4
355 1 30.0 50.0 4
354 1 30.0 50.0 4
353 1 30.0 50.0 4
352 1 30.0 50.0 4
351 1 30.0 50.0 4
-1 0 40.0 50.0 D
5220 4 149.0 94.3932113647461 150 2147483647 151
0 0 40.0 50.0 D
769 1 33.0 35.0 4
768 1 33.0 35.0 4
767 1 33.0 35.0 4
766 1 33.0 35.0 4
765 1 33.0 35.0 4
763 1 33.0 35.0 4
762 1 33.0 35.0 4
761 1 33.0 35.0 4
830 1 30.0 35.0 4
829 1 30.0 35.0 4
828 1 30.0 35.0 4
827 1 30.0 35.0 4
826 1 30.0 35.0 4
825 1 30.0 35.0 4
824 1 30.0 35.0 4
822 1 30.0 35.0 4
821 1 30.0 35.0 4
849 1 28.0 35.0 4
848 1 28.0 35.0 4
846 1 28.0 35.0 4
845 1 28.0 35.0 4
842 1 28.0 35.0 4
841 1 28.0 35.0 4
819 1 30.0 32.0 4
817 1 30.0 32.0 4
816 1 30.0 32.0 4
815 1 30.0 32.0 4
814 1 30.0 32.0 4
813 1 30.0 32.0 4
812 1 30.0 32.0 4
811 1 30.0 32.0 4
810 1 30.0 32.0 4
809 1 30.0 32.0 4
808 1 30.0 32.0 4
807 1 30.0 32.0 4
806 1 30.0 32.0 4
805 1 30.0 32.0 4
804 1 30.0 32.0 4
803 1 30.0 32.0 4
802 1 30.0 32.0 4
801 1 30.0 32.0 4
800 1 30.0 32.0 4
799 1 30.0 32.0 4
797 1 30.0 32.0 4
796 1 30.0 32.0 4
795 1 30.0 32.0 4
793 1 30.0 32.0 4
792 1 30.0 32.0 4
780 1 32.0 30.0 4
779 1 32.0 30.0 4
778 1 32.0 30.0 4
777 1 32.0 30.0 4
776 1 32.0 30.0 4
775 1 32.0 30.0 4
773 1 32.0 30.0 4
772 1 32.0 30.0 4
771 1 32.0 30.0 4
790 1 30.0 30.0 4
788 1 30.0 30.0 4
787 1 30.0 30.0 4
785 1 30.0 30.0 4
784 1 30.0 30.0 4
783 1 30.0 30.0 4
840 1 28.0 30.0 4
839 1 28.0 30.0 4
838 1 28.0 30.0 4
837 1 28.0 30.0 4
836 1 28.0 30.0 4
835 1 28.0 30.0 4
834 1 28.0 30.0 4
833 1 28.0 30.0 4
832 1 28.0 30.0 4
831 1 28.0 30.0 4
870 1 25.0 30.0 4
869 1 25.0 30.0 4
867 1 25.0 30.0 4
864 1 25.0 30.0 4
863 1 25.0 30.0 4
860 1 26.0 32.0 4
858 1 26.0 32.0 4
857 1 26.0 32.0 4
856 1 26.0 32.0 4
854 1 26.0 32.0 4
852 1 26.0 32.0 4
851 1 26.0 32.0 4
880 1 25.0 35.0 4
878 1 25.0 35.0 4
877 1 25.0 35.0 4
876 1 25.0 35.0 4
875 1 25.0 35.0 4
874 1 25.0 35.0 4
873 1 25.0 35.0 4
871 1 25.0 35.0 4
540 1 10.0 35.0 4
539 1 10.0 35.0 4
538 1 10.0 35.0 4
537 1 10.0 35.0 4
536 1 10.0 35.0 4
535 1 10.0 35.0 4
534 1 10.0 35.0 4
531 1 10.0 35.0 4
530 1 10.0 35.0 4
529 1 10.0 35.0 4
528 1 10.0 35.0 4
527 1 10.0 35.0 4
526 1 10.0 35.0 4
525 1 10.0 35.0 4
524 1 10.0 35.0 4
521 1 10.0 35.0 4
610 1 8.0 40.0 4
609 1 8.0 40.0 4
608 1 8.0 40.0 4
607 1 8.0 40.0 4
604 1 8.0 40.0 4
603 1 8.0 40.0 4
602 1 8.0 40.0 4
601 1 8.0 40.0 4
600 1 8.0 40.0 4
599 1 8.0 40.0 4
597 1 8.0 40.0 4
596 1 8.0 40.0 4
595 1 8.0 40.0 4
592 1 8.0 40.0 4
591 1 8.0 40.0 4
570 1 10.0 40.0 4
569 1 10.0 40.0 4
568 1 10.0 40.0 4
567 1 10.0 40.0 4
565 1 10.0 40.0 4
563 1 10.0 40.0 4
562 1 10.0 40.0 4
561 1 10.0 40.0 4
560 1 10.0 40.0 4
559 1 10.0 40.0 4
558 1 10.0 40.0 4
557 1 10.0 40.0 4
556 1 10.0 40.0 4
555 1 10.0 40.0 4
554 1 10.0 40.0 4
553 1 10.0 40.0 4
551 1 10.0 40.0 4
549 1 10.0 40.0 4
548 1 10.0 40.0 4
547 1 10.0 40.0 4
546 1 10.0 40.0 4
545 1 10.0 40.0 4
543 1 10.0 40.0 4
542 1 10.0 40.0 4
541 1 10.0 40.0 4
-1 0 40.0 50.0 D
5221 4 149.0 99.91413116455078 150 2147483647 151
0 0 40.0 50.0 D
1220 1 45.0 35.0 4
1219 1 45.0 35.0 4
1218 1 45.0 35.0 4
1217 1 45.0 35.0 4
1216 1 45.0 35.0 4
1215 1 45.0 35.0 4
1214 1 45.0 35.0 4
1213 1 45.0 35.0 4
1212 1 45.0 35.0 4
1211 1 45.0 35.0 4
1188 1 47.0 35.0 4
1187 1 47.0 35.0 4
1186 1 47.0 35.0 4
1184 1 47.0 35.0 4
1272 1 53.0 30.0 4
1271 1 53.0 30.0 4
1090 1 50.0 30.0 4
1089 1 50.0 30.0 4
1088 1 50.0 30.0 4
1084 1 50.0 30.0 4
1083 1 50.0 30.0 4
1168 1 48.0 30.0 4
1167 1 48.0 30.0 4
1166 1 48.0 30.0 4
1165 1 48.0 30.0 4
1164 1 48.0 30.0 4
1163 1 48.0 30.0 4
1162 1 48.0 30.0 4
1161 1 48.0 30.0 4
1210 1 45.0 30.0 4
1209 1 45.0 30.0 4
1208 1 45.0 30.0 4
1207 1 45.0 30.0 4
1206 1 45.0 30.0 4
1204 1 45.0 30.0 4
1202 1 45.0 30.0 4
1201 1 45.0 30.0 4
950 1 42.0 15.0 4
949 1 42.0 15.0 4
948 1 42.0 15.0 4
947 1 42.0 15.0 4
946 1 42.0 15.0 4
945 1 42.0 15.0 4
944 1 42.0 15.0 4
943 1 42.0 15.0 4
942 1 42.0 15.0 4
941 1 42.0 15.0 4
940 1 42.0 10.0 4
938 1 42.0 10.0 4
937 1 42.0 10.0 4
936 1 42.0 10.0 4
935 1 42.0 10.0 4
934 1 42.0 10.0 4
933 1 42.0 10.0 4
931 1 42.0 10.0 4
930 1 42.0 10.0 4
928 1 42.0 10.0 4
927 1 42.0 10.0 4
926 1 42.0 10.0 4
925 1 42.0 10.0 4
924 1 42.0 10.0 4
923 1 42.0 10.0 4
922 1 42.0 10.0 4
921 1 42.0 10.0 4
920 1 42.0 10.0 4
919 1 42.0 10.0 4
918 1 42.0 10.0 4
917 1 42.0 10.0 4
916 1 42.0 10.0 4
915 1 42.0 10.0 4
913 1 42.0 10.0 4
911 1 42.0 10.0 4
910 1 42.0 10.0 4
909 1 42.0 10.0 4
908 1 42.0 10.0 4
907 1 42.0 10.0 4
906 1 42.0 10.0 4
904 1 42.0 10.0 4
903 1 42.0 10.0 4
901 1 42.0 10.0 4
1020 1 40.0 15.0 4
1019 1 40.0 15.0 4
1018 1 40.0 15.0 4
1017 1 40.0 15.0 4
1016 1 40.0 15.0 4
1015 1 40.0 15.0 4
1014 1 40.0 15.0 4
1013 1 40.0 15.0 4
1012 1 40.0 15.0 4
1011 1 40.0 15.0 4
1010 1 40.0 15.0 4
1008 1 40.0 15.0 4
1006 1 40.0 15.0 4
1005 1 40.0 15.0 4
1003 1 40.0 15.0 4
1002 1 40.0 15.0 4
1001 1 40.0 15.0 4
1000 1 40.0 15.0 4
998 1 40.0 15.0 4
996 1 40.0 15.0 4
995 1 40.0 15.0 4
994 1 40.0 15.0 4
992 1 40.0 15.0 4
991 1 40.0 15.0 4
989 1 40.0 15.0 4
988 1 40.0 15.0 4
986 1 40.0 15.0 4
984 1 40.0 15.0 4
983 1 40.0 15.0 4
982 1 40.0 15.0 4
981 1 40.0 15.0 4
1058 1 38.0 15.0 4
1057 1 38.0 15.0 4
1056 1 38.0 15.0 4
1055 1 38.0 15.0 4
1054 1 38.0 15.0 4
1053 1 38.0 15.0 4
1051 1 38.0 15.0 4
730 1 35.0 30.0 4
729 1 35.0 30.0 4
728 1 35.0 30.0 4
727 1 35.0 30.0 4
726 1 35.0 30.0 4
725 1 35.0 30.0 4
724 1 35.0 30.0 4
722 1 35.0 30.0 4
721 1 35.0 30.0 4
740 1 35.0 32.0 4
739 1 35.0 32.0 4
738 1 35.0 32.0 4
737 1 35.0 32.0 4
736 1 35.0 32.0 4
735 1 35.0 32.0 4
733 1 35.0 32.0 4
732 1 35.0 32.0 4
731 1 35.0 32.0 4
760 1 33.0 32.0 4
759 1 33.0 32.0 4
757 1 33.0 32.0 4
756 1 33.0 32.0 4
753 1 33.0 32.0 4
751 1 33.0 32.0 4
750 1 33.0 32.0 4
747 1 33.0 32.0 4
746 1 33.0 32.0 4
745 1 33.0 32.0 4
744 1 33.0 32.0 4
743 1 33.0 32.0 4
741 1 33.0 32.0 4
-1 0 40.0 50.0 D
5222 2 59.0 96.6331787109375 60 2147483647 61
0 0 40.0 50.0 D
939 1 42.0 10.0 2
929 1 42.0 10.0 2
914 1 42.0 10.0 2
912 1 42.0 10.0 2
905 1 42.0 10.0 2
886 1 44.0 5.0 2
885 1 44.0 5.0 2
882 1 44.0 5.0 2
881 1 44.0 5.0 2
980 1 40.0 5.0 2
979 1 40.0 5.0 2
977 1 40.0 5.0 2
976 1 40.0 5.0 2
975 1 40.0 5.0 2
974 1 40.0 5.0 2
972 1 40.0 5.0 2
971 1 40.0 5.0 2
970 1 40.0 5.0 2
969 1 40.0 5.0 2
967 1 40.0 5.0 2
966 1 40.0 5.0 2
965 1 40.0 5.0 2
964 1 40.0 5.0 2
963 1 40.0 5.0 2
962 1 40.0 5.0 2
961 1 40.0 5.0 2
960 1 40.0 5.0 2
959 1 40.0 5.0 2
956 1 40.0 5.0 2
955 1 40.0 5.0 2
954 1 40.0 5.0 2
952 1 40.0 5.0 2
1050 1 38.0 5.0 2
1049 1 38.0 5.0 2
1047 1 38.0 5.0 2
1046 1 38.0 5.0 2
1045 1 38.0 5.0 2
1044 1 38.0 5.0 2
1042 1 38.0 5.0 2
1041 1 38.0 5.0 2
1040 1 38.0 5.0 2
1039 1 38.0 5.0 2
1038 1 38.0 5.0 2
1037 1 38.0 5.0 2
1036 1 38.0 5.0 2
1034 1 38.0 5.0 2
1033 1 38.0 5.0 2
1032 1 38.0 5.0 2
1031 1 38.0 5.0 2
1030 1 38.0 5.0 2
1029 1 38.0 5.0 2
1028 1 38.0 5.0 2
1027 1 38.0 5.0 2
1024 1 38.0 5.0 2
1023 1 38.0 5.0 2
1009 1 40.0 15.0 2
1007 1 40.0 15.0 2
1004 1 40.0 15.0 2
993 1 40.0 15.0 2
-1 0 40.0 50.0 D
5223 2 59.0 163.7567138671875 60 2147483647 61
0 0 40.0 50.0 D
1157 1 50.0 40.0 2
1146 1 50.0 40.0 2
1145 1 50.0 40.0 2
1141 1 50.0 40.0 2
1135 1 50.0 40.0 2
1130 1 50.0 40.0 2
1121 1 50.0 40.0 2
1114 1 50.0 40.0 2
1426 1 85.0 35.0 2
1424 1 85.0 35.0 2
1423 1 85.0 35.0 2
1422 1 85.0 35.0 2
1421 1 85.0 35.0 2
1409 1 87.0 30.0 2
1407 1 87.0 30.0 2
1406 1 87.0 30.0 2
1404 1 87.0 30.0 2
1403 1 87.0 30.0 2
1402 1 87.0 30.0 2
1401 1 87.0 30.0 2
1420 1 85.0 25.0 2
1418 1 85.0 25.0 2
1417 1 85.0 25.0 2
1416 1 85.0 25.0 2
1415 1 85.0 25.0 2
1413 1 85.0 25.0 2
1412 1 85.0 25.0 2
898 1 44.0 5.0 2
896 1 44.0 5.0 2
895 1 44.0 5.0 2
894 1 44.0 5.0 2
893 1 44.0 5.0 2
892 1 44.0 5.0 2
891 1 44.0 5.0 2
890 1 44.0 5.0 2
889 1 44.0 5.0 2
888 1 44.0 5.0 2
887 1 44.0 5.0 2
1170 1 48.0 30.0 2
1086 1 50.0 30.0 2
1085 1 50.0 30.0 2
1276 1 53.0 30.0 2
1339 1 53.0 35.0 2
1336 1 53.0 35.0 2
1321 1 53.0 35.0 2
1317 1 53.0 35.0 2
1299 1 53.0 35.0 2
1298 1 53.0 35.0 2
1291 1 53.0 35.0 2
1110 1 50.0 35.0 2
1109 1 50.0 35.0 2
1106 1 50.0 35.0 2
1100 1 50.0 35.0 2
1190 1 47.0 35.0 2
1189 1 47.0 35.0 2
1185 1 47.0 35.0 2
1183 1 47.0 35.0 2
1182 1 47.0 35.0 2
1181 1 47.0 35.0 2
-1 0 40.0 50.0 D
5224 4 122.0 49.39575958251953 150 2147483647 124
0 0 40.0 50.0 D
1200 1 47.0 40.0 4
1199 1 47.0 40.0 4
1198 1 47.0 40.0 4
1197 1 47.0 40.0 4
1196 1 47.0 40.0 4
1195 1 47.0 40.0 4
1194 1 47.0 40.0 4
1193 1 47.0 40.0 4
1192 1 47.0 40.0 4
1191 1 47.0 40.0 4
1180 1 48.0 40.0 4
1179 1 48.0 40.0 4
1178 1 48.0 40.0 4
1177 1 48.0 40.0 4
1176 1 48.0 40.0 4
1175 1 48.0 40.0 4
1174 1 48.0 40.0 4
1173 1 48.0 40.0 4
1172 1 48.0 40.0 4
1171 1 48.0 40.0 4
1108 1 50.0 35.0 4
1107 1 50.0 35.0 4
1105 1 50.0 35.0 4
1104 1 50.0 35.0 4
1103 1 50.0 35.0 4
1102 1 50.0 35.0 4
1101 1 50.0 35.0 4
1099 1 50.0 35.0 4
1098 1 50.0 35.0 4
1097 1 50.0 35.0 4
1096 1 50.0 35.0 4
1095 1 50.0 35.0 4
1094 1 50.0 35.0 4
1093 1 50.0 35.0 4
1092 1 50.0 35.0 4
1091 1 50.0 35.0 4
1280 1 53.0 30.0 4
1279 1 53.0 30.0 4
1278 1 53.0 30.0 4
1275 1 53.0 30.0 4
1274 1 53.0 30.0 4
1273 1 53.0 30.0 4
1340 1 53.0 35.0 4
1338 1 53.0 35.0 4
1337 1 53.0 35.0 4
1335 1 53.0 35.0 4
1334 1 53.0 35.0 4
1333 1 53.0 35.0 4
1331 1 53.0 35.0 4
1330 1 53.0 35.0 4
1328 1 53.0 35.0 4
1327 1 53.0 35.0 4
1326 1 53.0 35.0 4
1325 1 53.0 35.0 4
1324 1 53.0 35.0 4
1322 1 53.0 35.0 4
1320 1 53.0 35.0 4
1319 1 53.0 35.0 4
1318 1 53.0 35.0 4
1316 1 53.0 35.0 4
1315 1 53.0 35.0 4
1314 1 53.0 35.0 4
1313 1 53.0 35.0 4
1312 1 53.0 35.0 4
1311 1 53.0 35.0 4
1310 1 53.0 35.0 4
1309 1 53.0 35.0 4
1308 1 53.0 35.0 4
1307 1 53.0 35.0 4
1305 1 53.0 35.0 4
1304 1 53.0 35.0 4
1303 1 53.0 35.0 4
1302 1 53.0 35.0 4
1300 1 53.0 35.0 4
1297 1 53.0 35.0 4
1296 1 53.0 35.0 4
1295 1 53.0 35.0 4
1294 1 53.0 35.0 4
1293 1 53.0 35.0 4
1292 1 53.0 35.0 4
1160 1 50.0 40.0 4
1159 1 50.0 40.0 4
1158 1 50.0 40.0 4
1156 1 50.0 40.0 4
1155 1 50.0 40.0 4
1154 1 50.0 40.0 4
1153 1 50.0 40.0 4
1152 1 50.0 40.0 4
1151 1 50.0 40.0 4
1150 1 50.0 40.0 4
1149 1 50.0 40.0 4
1148 1 50.0 40.0 4
1147 1 50.0 40.0 4
1144 1 50.0 40.0 4
1143 1 50.0 40.0 4
1142 1 50.0 40.0 4
1140 1 50.0 40.0 4
1139 1 50.0 40.0 4
1138 1 50.0 40.0 4
1137 1 50.0 40.0 4
1136 1 50.0 40.0 4
1134 1 50.0 40.0 4
1133 1 50.0 40.0 4
1132 1 50.0 40.0 4
1131 1 50.0 40.0 4
1129 1 50.0 40.0 4
1128 1 50.0 40.0 4
1127 1 50.0 40.0 4
1126 1 50.0 40.0 4
1125 1 50.0 40.0 4
1124 1 50.0 40.0 4
1123 1 50.0 40.0 4
1122 1 50.0 40.0 4
1120 1 50.0 40.0 4
1119 1 50.0 40.0 4
1118 1 50.0 40.0 4
1117 1 50.0 40.0 4
1116 1 50.0 40.0 4
1115 1 50.0 40.0 4
1113 1 50.0 40.0 4
1112 1 50.0 40.0 4
1111 1 50.0 40.0 4
-1 0 40.0 50.0 D
5225 2 58.0 148.9222869873047 60 2147483647 60
0 0 40.0 50.0 D
1680 1 65.0 85.0 2
1678 1 65.0 85.0 2
1677 1 65.0 85.0 2
1676 1 65.0 85.0 2
1673 1 65.0 85.0 2
1672 1 65.0 85.0 2
1671 1 65.0 85.0 2
1670 1 65.0 85.0 2
1669 1 65.0 85.0 2
1668 1 65.0 85.0 2
1667 1 65.0 85.0 2
1666 1 65.0 85.0 2
1665 1 65.0 85.0 2
1664 1 65.0 85.0 2
1663 1 65.0 85.0 2
1661 1 65.0 85.0 2
1660 1 65.0 85.0 2
1659 1 65.0 85.0 2
1658 1 65.0 85.0 2
1657 1 65.0 85.0 2
1655 1 65.0 85.0 2
1460 1 75.0 55.0 2
1453 1 75.0 55.0 2
1452 1 75.0 55.0 2
1400 1 88.0 35.0 2
1398 1 88.0 35.0 2
1396 1 88.0 35.0 2
1395 1 88.0 35.0 2
1393 1 88.0 35.0 2
1392 1 88.0 35.0 2
1391 1 88.0 35.0 2
1389 1 88.0 35.0 2
1388 1 88.0 35.0 2
1387 1 88.0 35.0 2
1386 1 88.0 35.0 2
1385 1 88.0 35.0 2
1384 1 88.0 35.0 2
1383 1 88.0 35.0 2
1382 1 88.0 35.0 2
1381 1 88.0 35.0 2
1450 1 85.0 35.0 2
1449 1 85.0 35.0 2
1448 1 85.0 35.0 2
1447 1 85.0 35.0 2
1445 1 85.0 35.0 2
1443 1 85.0 35.0 2
1442 1 85.0 35.0 2
1440 1 85.0 35.0 2
1439 1 85.0 35.0 2
1438 1 85.0 35.0 2
1437 1 85.0 35.0 2
1435 1 85.0 35.0 2
1434 1 85.0 35.0 2
1433 1 85.0 35.0 2
1431 1 85.0 35.0 2
1430 1 85.0 35.0 2
1428 1 85.0 35.0 2
1427 1 85.0 35.0 2
-1 0 40.0 50.0 D
