1
0 23.627 3.963 572.0 3372.678955078125 17
1 1 19.0 81.2563247680664 20 500 21
0 0 23.627 3.963 D
187 1 30.359 7.294 1
185 1 30.359 7.294 1
184 1 30.359 7.294 1
360 1 53.424 18.237 1
359 1 53.424 18.237 1
358 1 53.424 18.237 1
357 1 53.424 18.237 1
356 1 53.424 18.237 1
354 1 53.424 18.237 1
337 1 61.279 12.836 1
335 1 61.279 12.836 1
334 1 61.279 12.836 1
333 1 61.279 12.836 1
331 1 61.279 12.836 1
330 1 61.279 12.836 1
329 1 61.279 12.836 1
327 1 61.279 12.836 1
325 1 61.279 12.836 1
324 1 61.279 12.836 1
-1 0 23.627 3.963 D
2 1 39.0 110.63270568847656 40 500 41
0 0 23.627 3.963 D
386 1 49.591 25.275 1
384 1 49.591 25.275 1
383 1 49.591 25.275 1
382 1 49.591 25.275 1
23 1 71.106 31.165 1
22 1 71.106 31.165 1
21 1 71.106 31.165 1
20 1 71.106 31.165 1
19 1 71.106 31.165 1
18 1 71.106 31.165 1
17 1 71.106 31.165 1
16 1 71.106 31.165 1
15 1 71.106 31.165 1
14 1 71.106 31.165 1
13 1 71.106 31.165 1
12 1 71.106 31.165 1
10 1 71.106 31.165 1
9 1 71.106 31.165 1
8 1 71.106 31.165 1
7 1 71.106 31.165 1
4 1 71.106 31.165 1
3 1 71.106 31.165 1
2 1 71.106 31.165 1
205 1 30.359 7.294 1
204 1 30.359 7.294 1
203 1 30.359 7.294 1
202 1 30.359 7.294 1
200 1 30.359 7.294 1
199 1 30.359 7.294 1
198 1 30.359 7.294 1
197 1 30.359 7.294 1
196 1 30.359 7.294 1
195 1 30.359 7.294 1
194 1 30.359 7.294 1
193 1 30.359 7.294 1
191 1 30.359 7.294 1
190 1 30.359 7.294 1
189 1 30.359 7.294 1
188 1 30.359 7.294 1
-1 0 23.627 3.963 D
3 1 59.0 236.49313354492188 60 500 61
0 0 23.627 3.963 D
103 1 34.906 20.526 1
99 1 34.906 20.526 1
98 1 34.906 20.526 1
97 1 34.906 20.526 1
95 1 34.906 20.526 1
94 1 34.906 20.526 1
93 1 34.906 20.526 1
92 1 34.906 20.526 1
91 1 34.906 20.526 1
90 1 34.906 20.526 1
88 1 34.906 20.526 1
394 1 49.591 25.275 1
393 1 49.591 25.275 1
392 1 49.591 25.275 1
391 1 49.591 25.275 1
390 1 49.591 25.275 1
389 1 49.591 25.275 1
388 1 49.591 25.275 1
387 1 49.591 25.275 1
63 1 45.837 32.874 1
62 1 45.837 32.874 1
61 1 45.837 32.874 1
59 1 45.837 32.874 1
58 1 45.837 32.874 1
57 1 45.837 32.874 1
55 1 45.837 32.874 1
136 1 38.629 42.084 1
134 1 38.629 42.084 1
132 1 38.629 42.084 1
131 1 38.629 42.084 1
130 1 38.629 42.084 1
129 1 38.629 42.084 1
128 1 38.629 42.084 1
127 1 38.629 42.084 1
126 1 38.629 42.084 1
125 1 38.629 42.084 1
168 1 72.937 62.488 1
167 1 72.937 62.488 1
162 1 72.937 62.488 1
161 1 72.937 62.488 1
160 1 72.937 62.488 1
157 1 72.937 62.488 1
572 1 32.025 84.741 1
571 1 32.025 84.741 1
570 1 32.025 84.741 1
140 1 7.281 63.531 1
139 1 7.281 63.531 1
274 1 14.374 37.646 1
273 1 14.374 37.646 1
272 1 14.374 37.646 1
271 1 14.374 37.646 1
268 1 14.374 37.646 1
267 1 14.374 37.646 1
266 1 14.374 37.646 1
265 1 14.374 37.646 1
264 1 14.374 37.646 1
262 1 14.374 37.646 1
261 1 14.374 37.646 1
260 1 14.374 37.646 1
-1 0 23.627 3.963 D
5 2 79.0 299.43597412109375 80 500 81
0 0 23.627 3.963 D
38 1 15.039 4.95 2
36 1 15.039 4.95 2
35 1 15.039 4.95 2
34 1 15.039 4.95 2
33 1 15.039 4.95 2
31 1 15.039 4.95 2
437 1 4.742 -6.696 2
436 1 4.742 -6.696 2
435 1 4.742 -6.696 2
434 1 4.742 -6.696 2
433 1 4.742 -6.696 2
432 1 4.742 -6.696 2
430 1 4.742 -6.696 2
429 1 4.742 -6.696 2
494 1 11.401 -19.183 2
493 1 11.401 -19.183 2
492 1 11.401 -19.183 2
491 1 11.401 -19.183 2
490 1 11.401 -19.183 2
489 1 11.401 -19.183 2
488 1 11.401 -19.183 2
487 1 11.401 -19.183 2
486 1 11.401 -19.183 2
485 1 11.401 -19.183 2
484 1 11.401 -19.183 2
483 1 11.401 -19.183 2
482 1 11.401 -19.183 2
481 1 11.401 -19.183 2
306 1 11.102 -28.54 2
305 1 11.102 -28.54 2
403 1 8.051 -30.695 2
401 1 8.051 -30.695 2
400 1 8.051 -30.695 2
399 1 8.051 -30.695 2
250 1 -5.945 -51.447 2
249 1 -5.945 -51.447 2
248 1 -5.945 -51.447 2
247 1 -5.945 -51.447 2
246 1 -5.945 -51.447 2
245 1 -5.945 -51.447 2
244 1 -5.945 -51.447 2
243 1 -5.945 -51.447 2
240 1 -5.945 -51.447 2
239 1 -5.945 -51.447 2
238 1 -5.945 -51.447 2
237 1 -5.945 -51.447 2
236 1 -5.945 -51.447 2
235 1 -5.945 -51.447 2
232 1 -5.945 -51.447 2
230 1 -5.945 -51.447 2
229 1 -5.945 -51.447 2
275 1 -39.008 -38.196 2
176 1 -22.791 9.644 2
175 1 -22.791 9.644 2
173 1 -22.791 9.644 2
171 1 -22.791 9.644 2
169 1 -22.791 9.644 2
83 1 -27.783 44.08 2
74 1 -27.783 44.08 2
72 1 -27.783 44.08 2
69 1 -27.783 44.08 2
68 1 -27.783 44.08 2
66 1 -27.783 44.08 2
142 1 7.281 63.531 2
141 1 7.281 63.531 2
137 1 7.281 63.531 2
226 1 12.366 50.69 2
224 1 12.366 50.69 2
223 1 12.366 50.69 2
222 1 12.366 50.69 2
220 1 12.366 50.69 2
219 1 12.366 50.69 2
218 1 12.366 50.69 2
217 1 12.366 50.69 2
270 1 14.374 37.646 2
269 1 14.374 37.646 2
263 1 14.374 37.646 2
259 1 14.374 37.646 2
258 1 14.374 37.646 2
-1 0 23.627 3.963 D
6 2 66.0 489.9744873046875 120 500 68
0 0 23.627 3.963 D
186 1 30.359 7.294 2
192 1 30.359 7.294 2
201 1 30.359 7.294 2
206 1 30.359 7.294 2
207 1 30.359 7.294 2
96 1 34.906 20.526 2
100 1 34.906 20.526 2
104 1 34.906 20.526 2
213 1 12.366 50.69 2
214 1 12.366 50.69 2
215 1 12.366 50.69 2
124 1 38.629 42.084 2
133 1 38.629 42.084 2
135 1 38.629 42.084 2
158 1 72.937 62.488 2
165 1 72.937 62.488 2
1 1 71.106 31.165 2
5 1 71.106 31.165 2
6 1 71.106 31.165 2
11 1 71.106 31.165 2
56 1 45.837 32.874 2
385 1 49.591 25.275 2
395 1 49.591 25.275 2
396 1 49.591 25.275 2
355 1 53.424 18.237 2
338 1 61.279 12.836 2
336 1 61.279 12.836 2
332 1 61.279 12.836 2
328 1 61.279 12.836 2
326 1 61.279 12.836 2
520 1 72.046 15.271 2
519 1 72.046 15.271 2
518 1 72.046 15.271 2
517 1 72.046 15.271 2
516 1 72.046 15.271 2
515 1 72.046 15.271 2
514 1 72.046 15.271 2
513 1 72.046 15.271 2
512 1 72.046 15.271 2
298 1 12.036 -95.831 2
299 1 12.036 -95.831 2
300 1 12.036 -95.831 2
301 1 12.036 -95.831 2
302 1 12.036 -95.831 2
24 1 0.549 -73.682 2
106 1 24.31 -7.532 2
108 1 24.31 -7.532 2
110 1 24.31 -7.532 2
112 1 24.31 -7.532 2
120 1 24.31 -7.532 2
122 1 24.31 -7.532 2
350 1 28.094 -10.779 2
343 1 28.094 -10.779 2
428 1 46.057 -4.413 2
427 1 46.057 -4.413 2
426 1 46.057 -4.413 2
425 1 46.057 -4.413 2
424 1 46.057 -4.413 2
423 1 46.057 -4.413 2
422 1 46.057 -4.413 2
421 1 46.057 -4.413 2
420 1 46.057 -4.413 2
419 1 46.057 -4.413 2
417 1 46.057 -4.413 2
415 1 46.057 -4.413 2
414 1 46.057 -4.413 2
-1 0 23.627 3.963 D
8 4 99.0 486.49603271484375 100 500 101
0 0 23.627 3.963 D
418 1 46.057 -4.413 4
416 1 46.057 -4.413 4
315 1 21.722 -11.42 4
314 1 21.722 -11.42 4
311 1 21.722 -11.42 4
310 1 21.722 -11.42 4
381 1 23.126 -24.481 4
380 1 23.126 -24.481 4
379 1 23.126 -24.481 4
378 1 23.126 -24.481 4
376 1 23.126 -24.481 4
375 1 23.126 -24.481 4
374 1 23.126 -24.481 4
373 1 23.126 -24.481 4
372 1 23.126 -24.481 4
367 1 23.126 -24.481 4
366 1 23.126 -24.481 4
365 1 23.126 -24.481 4
364 1 23.126 -24.481 4
363 1 23.126 -24.481 4
362 1 23.126 -24.481 4
361 1 23.126 -24.481 4
476 1 27.637 -44.818 4
475 1 27.637 -44.818 4
474 1 27.637 -44.818 4
473 1 27.637 -44.818 4
472 1 27.637 -44.818 4
471 1 27.637 -44.818 4
470 1 27.637 -44.818 4
469 1 27.637 -44.818 4
468 1 27.637 -44.818 4
467 1 27.637 -44.818 4
466 1 27.637 -44.818 4
465 1 27.637 -44.818 4
446 1 3.766 -49.152 4
445 1 3.766 -49.152 4
444 1 3.766 -49.152 4
442 1 3.766 -49.152 4
242 1 -5.945 -51.447 4
241 1 -5.945 -51.447 4
234 1 -5.945 -51.447 4
233 1 -5.945 -51.447 4
231 1 -5.945 -51.447 4
323 1 -30.06 -57.104 4
208 1 -4.987 -34.198 4
209 1 -4.987 -34.198 4
211 1 -4.987 -34.198 4
212 1 -4.987 -34.198 4
174 1 -22.791 9.644 4
179 1 -22.791 9.644 4
180 1 -22.791 9.644 4
183 1 -22.791 9.644 4
84 1 -27.783 44.08 4
151 1 4.15 59.003 4
138 1 7.281 63.531 4
543 1 12.384 86.682 4
544 1 12.384 86.682 4
545 1 12.384 86.682 4
546 1 12.384 86.682 4
547 1 12.384 86.682 4
548 1 12.384 86.682 4
549 1 12.384 86.682 4
216 1 12.366 50.69 4
221 1 12.366 50.69 4
225 1 12.366 50.69 4
227 1 12.366 50.69 4
228 1 12.366 50.69 4
102 1 34.906 20.526 4
431 1 4.742 -6.696 4
321 1 21.722 -11.42 4
319 1 21.722 -11.42 4
318 1 21.722 -11.42 4
317 1 21.722 -11.42 4
316 1 21.722 -11.42 4
542 1 26.416 -8.6 4
541 1 26.416 -8.6 4
540 1 26.416 -8.6 4
539 1 26.416 -8.6 4
538 1 26.416 -8.6 4
537 1 26.416 -8.6 4
536 1 26.416 -8.6 4
535 1 26.416 -8.6 4
534 1 26.416 -8.6 4
533 1 26.416 -8.6 4
532 1 26.416 -8.6 4
531 1 26.416 -8.6 4
530 1 26.416 -8.6 4
529 1 26.416 -8.6 4
528 1 26.416 -8.6 4
527 1 26.416 -8.6 4
526 1 26.416 -8.6 4
525 1 26.416 -8.6 4
524 1 26.416 -8.6 4
523 1 26.416 -8.6 4
522 1 26.416 -8.6 4
521 1 26.416 -8.6 4
40 1 15.039 4.95 4
46 1 15.039 4.95 4
51 1 15.039 4.95 4
-1 0 23.627 3.963 D
9 4 27.0 167.2504119873047 160 500 29
0 0 23.627 3.963 D
550 1 76.721 32.355 4
551 1 76.721 32.355 4
552 1 76.721 32.355 4
553 1 76.721 32.355 4
554 1 76.721 32.355 4
555 1 76.721 32.355 4
556 1 76.721 32.355 4
557 1 76.721 32.355 4
558 1 76.721 32.355 4
559 1 76.721 32.355 4
560 1 76.721 32.355 4
561 1 76.721 32.355 4
562 1 76.721 32.355 4
563 1 76.721 32.355 4
564 1 76.721 32.355 4
565 1 76.721 32.355 4
566 1 76.721 32.355 4
567 1 76.721 32.355 4
568 1 76.721 32.355 4
569 1 76.721 32.355 4
159 1 72.937 62.488 4
163 1 72.937 62.488 4
164 1 72.937 62.488 4
166 1 72.937 62.488 4
60 1 45.837 32.874 4
89 1 34.906 20.526 4
101 1 34.906 20.526 4
-1 0 23.627 3.963 D
12 8 31.0 330.7986145019531 160 500 33
0 0 23.627 3.963 D
454 1 38.556 26.898 8
453 1 38.556 26.898 8
452 1 38.556 26.898 8
451 1 38.556 26.898 8
450 1 38.556 26.898 8
449 1 38.556 26.898 8
448 1 38.556 26.898 8
447 1 38.556 26.898 8
254 1 5.792 27.319 8
210 1 -4.987 -34.198 8
438 1 -61.401 -81.763 8
443 1 3.766 -49.152 8
377 1 23.126 -24.481 8
371 1 23.126 -24.481 8
370 1 23.126 -24.481 8
369 1 23.126 -24.481 8
368 1 23.126 -24.481 8
295 1 20.477 -23.016 8
291 1 20.477 -23.016 8
290 1 20.477 -23.016 8
286 1 20.477 -23.016 8
283 1 20.477 -23.016 8
282 1 20.477 -23.016 8
279 1 20.477 -23.016 8
278 1 20.477 -23.016 8
277 1 20.477 -23.016 8
322 1 21.722 -11.42 8
320 1 21.722 -11.42 8
313 1 21.722 -11.42 8
312 1 21.722 -11.42 8
309 1 21.722 -11.42 8
-1 0 23.627 3.963 D
13 1 19.0 119.49796295166016 20 500 21
0 0 23.627 3.963 D
257 1 5.792 27.319 1
256 1 5.792 27.319 1
255 1 5.792 27.319 1
253 1 5.792 27.319 1
252 1 5.792 27.319 1
251 1 5.792 27.319 1
156 1 4.15 59.003 1
155 1 4.15 59.003 1
154 1 4.15 59.003 1
153 1 4.15 59.003 1
152 1 4.15 59.003 1
150 1 4.15 59.003 1
149 1 4.15 59.003 1
148 1 4.15 59.003 1
147 1 4.15 59.003 1
146 1 4.15 59.003 1
145 1 4.15 59.003 1
144 1 4.15 59.003 1
143 1 4.15 59.003 1
-1 0 23.627 3.963 D
14 1 19.0 147.80795288085938 20 500 21
0 0 23.627 3.963 D
441 1 -21.79 33.777 1
87 1 -27.783 44.08 1
86 1 -27.783 44.08 1
85 1 -27.783 44.08 1
82 1 -27.783 44.08 1
81 1 -27.783 44.08 1
80 1 -27.783 44.08 1
79 1 -27.783 44.08 1
78 1 -27.783 44.08 1
77 1 -27.783 44.08 1
76 1 -27.783 44.08 1
75 1 -27.783 44.08 1
73 1 -27.783 44.08 1
71 1 -27.783 44.08 1
70 1 -27.783 44.08 1
67 1 -27.783 44.08 1
65 1 -27.783 44.08 1
64 1 -27.783 44.08 1
170 1 -22.791 9.644 1
-1 0 23.627 3.963 D
15 1 19.0 93.52899169921875 20 500 21
0 0 23.627 3.963 D
53 1 15.039 4.95 1
52 1 15.039 4.95 1
50 1 15.039 4.95 1
49 1 15.039 4.95 1
48 1 15.039 4.95 1
47 1 15.039 4.95 1
45 1 15.039 4.95 1
44 1 15.039 4.95 1
43 1 15.039 4.95 1
42 1 15.039 4.95 1
41 1 15.039 4.95 1
39 1 15.039 4.95 1
37 1 15.039 4.95 1
32 1 15.039 4.95 1
182 1 -22.791 9.644 1
181 1 -22.791 9.644 1
178 1 -22.791 9.644 1
177 1 -22.791 9.644 1
172 1 -22.791 9.644 1
-1 0 23.627 3.963 D
16 1 19.0 257.91314697265625 20 500 21
0 0 23.627 3.963 D
54 1 15.039 4.95 1
511 1 -11.151 7.269 1
510 1 -11.151 7.269 1
509 1 -11.151 7.269 1
508 1 -11.151 7.269 1
507 1 -11.151 7.269 1
506 1 -11.151 7.269 1
505 1 -11.151 7.269 1
504 1 -11.151 7.269 1
503 1 -11.151 7.269 1
502 1 -11.151 7.269 1
501 1 -11.151 7.269 1
500 1 -11.151 7.269 1
499 1 -11.151 7.269 1
498 1 -11.151 7.269 1
497 1 -11.151 7.269 1
496 1 -11.151 7.269 1
495 1 -11.151 7.269 1
439 1 -61.401 -81.763 1
-1 0 23.627 3.963 D
17 1 14.0 76.56529998779297 20 500 16
0 0 23.627 3.963 D
413 1 8.051 -30.695 1
412 1 8.051 -30.695 1
411 1 8.051 -30.695 1
410 1 8.051 -30.695 1
409 1 8.051 -30.695 1
408 1 8.051 -30.695 1
407 1 8.051 -30.695 1
406 1 8.051 -30.695 1
405 1 8.051 -30.695 1
404 1 8.051 -30.695 1
402 1 8.051 -30.695 1
307 1 11.102 -28.54 1
304 1 11.102 -28.54 1
303 1 11.102 -28.54 1
-1 0 23.627 3.963 D
18 1 19.0 163.18499755859375 20 500 21
0 0 23.627 3.963 D
293 1 20.477 -23.016 1
292 1 20.477 -23.016 1
289 1 20.477 -23.016 1
288 1 20.477 -23.016 1
287 1 20.477 -23.016 1
285 1 20.477 -23.016 1
284 1 20.477 -23.016 1
281 1 20.477 -23.016 1
280 1 20.477 -23.016 1
276 1 20.477 -23.016 1
398 1 18.158 -36.597 1
397 1 18.158 -36.597 1
30 1 0.549 -73.682 1
29 1 0.549 -73.682 1
28 1 0.549 -73.682 1
27 1 0.549 -73.682 1
26 1 0.549 -73.682 1
25 1 0.549 -73.682 1
308 1 11.102 -28.54 1
-1 0 23.627 3.963 D
19 1 18.0 258.0045166015625 20 500 20
0 0 23.627 3.963 D
480 1 6.873 -17.578 1
479 1 6.873 -17.578 1
478 1 6.873 -17.578 1
477 1 6.873 -17.578 1
440 1 -61.401 -81.763 1
464 1 19.128 -43.781 1
463 1 19.128 -43.781 1
462 1 19.128 -43.781 1
461 1 19.128 -43.781 1
460 1 19.128 -43.781 1
459 1 19.128 -43.781 1
458 1 19.128 -43.781 1
457 1 19.128 -43.781 1
456 1 19.128 -43.781 1
455 1 19.128 -43.781 1
297 1 20.477 -23.016 1
296 1 20.477 -23.016 1
294 1 20.477 -23.016 1
-1 0 23.627 3.963 D
20 1 13.0 23.030546188354492 20 500 15
0 0 23.627 3.963 D
114 1 24.31 -7.532 1
113 1 24.31 -7.532 1
111 1 24.31 -7.532 1
109 1 24.31 -7.532 1
107 1 24.31 -7.532 1
105 1 24.31 -7.532 1
123 1 24.31 -7.532 1
121 1 24.31 -7.532 1
119 1 24.31 -7.532 1
118 1 24.31 -7.532 1
117 1 24.31 -7.532 1
116 1 24.31 -7.532 1
115 1 24.31 -7.532 1
-1 0 23.627 3.963 D
21 1 13.0 30.80783462524414 20 500 15
0 0 23.627 3.963 D
352 1 28.094 -10.779 1
351 1 28.094 -10.779 1
349 1 28.094 -10.779 1
348 1 28.094 -10.779 1
347 1 28.094 -10.779 1
346 1 28.094 -10.779 1
345 1 28.094 -10.779 1
344 1 28.094 -10.779 1
342 1 28.094 -10.779 1
341 1 28.094 -10.779 1
340 1 28.094 -10.779 1
339 1 28.094 -10.779 1
353 1 28.094 -10.779 1
-1 0 23.627 3.963 D
