572
1 2 1 71.106 31.165 1
2 1 1 71.106 31.165 1
3 1 1 71.106 31.165 1
4 1 1 71.106 31.165 1
5 2 1 71.106 31.165 1
6 2 1 71.106 31.165 1
7 1 1 71.106 31.165 1
8 1 1 71.106 31.165 1
9 1 1 71.106 31.165 1
10 1 1 71.106 31.165 1
11 2 1 71.106 31.165 1
12 1 1 71.106 31.165 1
13 1 1 71.106 31.165 1
14 1 1 71.106 31.165 1
15 1 1 71.106 31.165 1
16 1 1 71.106 31.165 1
17 1 1 71.106 31.165 1
18 1 1 71.106 31.165 1
19 1 1 71.106 31.165 1
20 1 1 71.106 31.165 1
21 1 1 71.106 31.165 1
22 1 1 71.106 31.165 1
23 1 1 71.106 31.165 1
24 2 1 0.549 -73.682 2
25 1 1 0.549 -73.682 2
26 1 1 0.549 -73.682 2
27 1 1 0.549 -73.682 2
28 1 1 0.549 -73.682 2
29 1 1 0.549 -73.682 2
30 1 1 0.549 -73.682 2
31 2 1 15.039 4.95 3
32 1 1 15.039 4.95 3
33 2 1 15.039 4.95 3
34 2 1 15.039 4.95 3
35 2 1 15.039 4.95 3
36 2 1 15.039 4.95 3
37 1 1 15.039 4.95 3
38 2 1 15.039 4.95 3
39 1 1 15.039 4.95 3
40 4 1 15.039 4.95 3
41 1 1 15.039 4.95 3
42 1 1 15.039 4.95 3
43 1 1 15.039 4.95 3
44 1 1 15.039 4.95 3
45 1 1 15.039 4.95 3
46 4 1 15.039 4.95 3
47 1 1 15.039 4.95 3
48 1 1 15.039 4.95 3
49 1 1 15.039 4.95 3
50 1 1 15.039 4.95 3
51 4 1 15.039 4.95 3
52 1 1 15.039 4.95 3
53 1 1 15.039 4.95 3
54 1 1 15.039 4.95 3
55 1 1 45.837 32.874 4
56 2 1 45.837 32.874 4
57 1 1 45.837 32.874 4
58 1 1 45.837 32.874 4
59 1 1 45.837 32.874 4
60 4 1 45.837 32.874 4
61 1 1 45.837 32.874 4
62 1 1 45.837 32.874 4
63 1 1 45.837 32.874 4
64 1 1 -27.783 44.08 5
65 1 1 -27.783 44.08 5
66 2 1 -27.783 44.08 5
67 1 1 -27.783 44.08 5
68 2 1 -27.783 44.08 5
69 2 1 -27.783 44.08 5
70 1 1 -27.783 44.08 5
71 1 1 -27.783 44.08 5
72 2 1 -27.783 44.08 5
73 1 1 -27.783 44.08 5
74 2 1 -27.783 44.08 5
75 1 1 -27.783 44.08 5
76 1 1 -27.783 44.08 5
77 1 1 -27.783 44.08 5
78 1 1 -27.783 44.08 5
79 1 1 -27.783 44.08 5
80 1 1 -27.783 44.08 5
81 1 1 -27.783 44.08 5
82 1 1 -27.783 44.08 5
83 2 1 -27.783 44.08 5
84 4 1 -27.783 44.08 5
85 1 1 -27.783 44.08 5
86 1 1 -27.783 44.08 5
87 1 1 -27.783 44.08 5
88 1 1 34.906 20.526 6
89 4 1 34.906 20.526 6
90 1 1 34.906 20.526 6
91 1 1 34.906 20.526 6
92 1 1 34.906 20.526 6
93 1 1 34.906 20.526 6
94 1 1 34.906 20.526 6
95 1 1 34.906 20.526 6
96 2 1 34.906 20.526 6
97 1 1 34.906 20.526 6
98 1 1 34.906 20.526 6
99 1 1 34.906 20.526 6
100 2 1 34.906 20.526 6
101 4 1 34.906 20.526 6
102 4 1 34.906 20.526 6
103 1 1 34.906 20.526 6
104 2 1 34.906 20.526 6
105 1 1 24.31 -7.532 7
106 2 1 24.31 -7.532 7
107 1 1 24.31 -7.532 7
108 2 1 24.31 -7.532 7
109 1 1 24.31 -7.532 7
110 2 1 24.31 -7.532 7
111 1 1 24.31 -7.532 7
112 2 1 24.31 -7.532 7
113 1 1 24.31 -7.532 7
114 1 1 24.31 -7.532 7
115 1 1 24.31 -7.532 7
116 1 1 24.31 -7.532 7
117 1 1 24.31 -7.532 7
118 1 1 24.31 -7.532 7
119 1 1 24.31 -7.532 7
120 2 1 24.31 -7.532 7
121 1 1 24.31 -7.532 7
122 2 1 24.31 -7.532 7
123 1 1 24.31 -7.532 7
124 2 1 38.629 42.084 8
125 1 1 38.629 42.084 8
126 1 1 38.629 42.084 8
127 1 1 38.629 42.084 8
128 1 1 38.629 42.084 8
129 1 1 38.629 42.084 8
130 1 1 38.629 42.084 8
131 1 1 38.629 42.084 8
132 1 1 38.629 42.084 8
133 2 1 38.629 42.084 8
134 1 1 38.629 42.084 8
135 2 1 38.629 42.084 8
136 1 1 38.629 42.084 8
137 2 1 7.281 63.531 9
138 4 1 7.281 63.531 9
139 1 1 7.281 63.531 9
140 1 1 7.281 63.531 9
141 2 1 7.281 63.531 9
142 2 1 7.281 63.531 9
143 1 1 4.15 59.003 10
144 1 1 4.15 59.003 10
145 1 1 4.15 59.003 10
146 1 1 4.15 59.003 10
147 1 1 4.15 59.003 10
148 1 1 4.15 59.003 10
149 1 1 4.15 59.003 10
150 1 1 4.15 59.003 10
151 4 1 4.15 59.003 10
152 1 1 4.15 59.003 10
153 1 1 4.15 59.003 10
154 1 1 4.15 59.003 10
155 1 1 4.15 59.003 10
156 1 1 4.15 59.003 10
157 1 1 72.937 62.488 11
158 2 1 72.937 62.488 11
159 4 1 72.937 62.488 11
160 1 1 72.937 62.488 11
161 1 1 72.937 62.488 11
162 1 1 72.937 62.488 11
163 4 1 72.937 62.488 11
164 4 1 72.937 62.488 11
165 2 1 72.937 62.488 11
166 4 1 72.937 62.488 11
167 1 1 72.937 62.488 11
168 1 1 72.937 62.488 11
169 2 1 -22.791 9.644 12
170 1 1 -22.791 9.644 12
171 2 1 -22.791 9.644 12
172 1 1 -22.791 9.644 12
173 2 1 -22.791 9.644 12
174 4 1 -22.791 9.644 12
175 2 1 -22.791 9.644 12
176 2 1 -22.791 9.644 12
177 1 1 -22.791 9.644 12
178 1 1 -22.791 9.644 12
179 4 1 -22.791 9.644 12
180 4 1 -22.791 9.644 12
181 1 1 -22.791 9.644 12
182 1 1 -22.791 9.644 12
183 4 1 -22.791 9.644 12
184 1 1 30.359 7.294 13
185 1 1 30.359 7.294 13
186 2 1 30.359 7.294 13
187 1 1 30.359 7.294 13
188 1 1 30.359 7.294 13
189 1 1 30.359 7.294 13
190 1 1 30.359 7.294 13
191 1 1 30.359 7.294 13
192 2 1 30.359 7.294 13
193 1 1 30.359 7.294 13
194 1 1 30.359 7.294 13
195 1 1 30.359 7.294 13
196 1 1 30.359 7.294 13
197 1 1 30.359 7.294 13
198 1 1 30.359 7.294 13
199 1 1 30.359 7.294 13
200 1 1 30.359 7.294 13
201 2 1 30.359 7.294 13
202 1 1 30.359 7.294 13
203 1 1 30.359 7.294 13
204 1 1 30.359 7.294 13
205 1 1 30.359 7.294 13
206 2 1 30.359 7.294 13
207 2 1 30.359 7.294 13
208 4 1 -4.987 -34.198 14
209 4 1 -4.987 -34.198 14
210 8 1 -4.987 -34.198 14
211 4 1 -4.987 -34.198 14
212 4 1 -4.987 -34.198 14
213 2 1 12.366 50.69 15
214 2 1 12.366 50.69 15
215 2 1 12.366 50.69 15
216 4 1 12.366 50.69 15
217 2 1 12.366 50.69 15
218 2 1 12.366 50.69 15
219 2 1 12.366 50.69 15
220 2 1 12.366 50.69 15
221 4 1 12.366 50.69 15
222 2 1 12.366 50.69 15
223 2 1 12.366 50.69 15
224 2 1 12.366 50.69 15
225 4 1 12.366 50.69 15
226 2 1 12.366 50.69 15
227 4 1 12.366 50.69 15
228 4 1 12.366 50.69 15
229 2 1 -5.945 -51.447 16
230 2 1 -5.945 -51.447 16
231 4 1 -5.945 -51.447 16
232 2 1 -5.945 -51.447 16
233 4 1 -5.945 -51.447 16
234 4 1 -5.945 -51.447 16
235 2 1 -5.945 -51.447 16
236 2 1 -5.945 -51.447 16
237 2 1 -5.945 -51.447 16
238 2 1 -5.945 -51.447 16
239 2 1 -5.945 -51.447 16
240 2 1 -5.945 -51.447 16
241 4 1 -5.945 -51.447 16
242 4 1 -5.945 -51.447 16
243 2 1 -5.945 -51.447 16
244 2 1 -5.945 -51.447 16
245 2 1 -5.945 -51.447 16
246 2 1 -5.945 -51.447 16
247 2 1 -5.945 -51.447 16
248 2 1 -5.945 -51.447 16
249 2 1 -5.945 -51.447 16
250 2 1 -5.945 -51.447 16
251 1 1 5.792 27.319 17
252 1 1 5.792 27.319 17
253 1 1 5.792 27.319 17
254 8 1 5.792 27.319 17
255 1 1 5.792 27.319 17
256 1 1 5.792 27.319 17
257 1 1 5.792 27.319 17
258 2 1 14.374 37.646 18
259 2 1 14.374 37.646 18
260 1 1 14.374 37.646 18
261 1 1 14.374 37.646 18
262 1 1 14.374 37.646 18
263 2 1 14.374 37.646 18
264 1 1 14.374 37.646 18
265 1 1 14.374 37.646 18
266 1 1 14.374 37.646 18
267 1 1 14.374 37.646 18
268 1 1 14.374 37.646 18
269 2 1 14.374 37.646 18
270 2 1 14.374 37.646 18
271 1 1 14.374 37.646 18
272 1 1 14.374 37.646 18
273 1 1 14.374 37.646 18
274 1 1 14.374 37.646 18
275 2 1 -39.008 -38.196 19
276 1 1 20.477 -23.016 20
277 8 1 20.477 -23.016 20
278 8 1 20.477 -23.016 20
279 8 1 20.477 -23.016 20
280 1 1 20.477 -23.016 20
281 1 1 20.477 -23.016 20
282 8 1 20.477 -23.016 20
283 8 1 20.477 -23.016 20
284 1 1 20.477 -23.016 20
285 1 1 20.477 -23.016 20
286 8 1 20.477 -23.016 20
287 1 1 20.477 -23.016 20
288 1 1 20.477 -23.016 20
289 1 1 20.477 -23.016 20
290 8 1 20.477 -23.016 20
291 8 1 20.477 -23.016 20
292 1 1 20.477 -23.016 20
293 1 1 20.477 -23.016 20
294 1 1 20.477 -23.016 20
295 8 1 20.477 -23.016 20
296 1 1 20.477 -23.016 20
297 1 1 20.477 -23.016 20
298 2 1 12.036 -95.831 21
299 2 1 12.036 -95.831 21
300 2 1 12.036 -95.831 21
301 2 1 12.036 -95.831 21
302 2 1 12.036 -95.831 21
303 1 1 11.102 -28.54 22
304 1 1 11.102 -28.54 22
305 2 1 11.102 -28.54 22
306 2 1 11.102 -28.54 22
307 1 1 11.102 -28.54 22
308 1 1 11.102 -28.54 22
309 8 1 21.722 -11.42 23
310 4 1 21.722 -11.42 23
311 4 1 21.722 -11.42 23
312 8 1 21.722 -11.42 23
313 8 1 21.722 -11.42 23
314 4 1 21.722 -11.42 23
315 4 1 21.722 -11.42 23
316 4 1 21.722 -11.42 23
317 4 1 21.722 -11.42 23
318 4 1 21.722 -11.42 23
319 4 1 21.722 -11.42 23
320 8 1 21.722 -11.42 23
321 4 1 21.722 -11.42 23
322 8 1 21.722 -11.42 23
323 4 1 -30.06 -57.104 24
324 1 1 61.279 12.836 25
325 1 1 61.279 12.836 25
326 2 1 61.279 12.836 25
327 1 1 61.279 12.836 25
328 2 1 61.279 12.836 25
329 1 1 61.279 12.836 25
330 1 1 61.279 12.836 25
331 1 1 61.279 12.836 25
332 2 1 61.279 12.836 25
333 1 1 61.279 12.836 25
334 1 1 61.279 12.836 25
335 1 1 61.279 12.836 25
336 2 1 61.279 12.836 25
337 1 1 61.279 12.836 25
338 2 1 61.279 12.836 25
339 1 1 28.094 -10.779 26
340 1 1 28.094 -10.779 26
341 1 1 28.094 -10.779 26
342 1 1 28.094 -10.779 26
343 2 1 28.094 -10.779 26
344 1 1 28.094 -10.779 26
345 1 1 28.094 -10.779 26
346 1 1 28.094 -10.779 26
347 1 1 28.094 -10.779 26
348 1 1 28.094 -10.779 26
349 1 1 28.094 -10.779 26
350 2 1 28.094 -10.779 26
351 1 1 28.094 -10.779 26
352 1 1 28.094 -10.779 26
353 1 1 28.094 -10.779 26
354 1 1 53.424 18.237 27
355 2 1 53.424 18.237 27
356 1 1 53.424 18.237 27
357 1 1 53.424 18.237 27
358 1 1 53.424 18.237 27
359 1 1 53.424 18.237 27
360 1 1 53.424 18.237 27
361 4 1 23.126 -24.481 28
362 4 1 23.126 -24.481 28
363 4 1 23.126 -24.481 28
364 4 1 23.126 -24.481 28
365 4 1 23.126 -24.481 28
366 4 1 23.126 -24.481 28
367 4 1 23.126 -24.481 28
368 8 1 23.126 -24.481 28
369 8 1 23.126 -24.481 28
370 8 1 23.126 -24.481 28
371 8 1 23.126 -24.481 28
372 4 1 23.126 -24.481 28
373 4 1 23.126 -24.481 28
374 4 1 23.126 -24.481 28
375 4 1 23.126 -24.481 28
376 4 1 23.126 -24.481 28
377 8 1 23.126 -24.481 28
378 4 1 23.126 -24.481 28
379 4 1 23.126 -24.481 28
380 4 1 23.126 -24.481 28
381 4 1 23.126 -24.481 28
382 1 1 49.591 25.275 29
383 1 1 49.591 25.275 29
384 1 1 49.591 25.275 29
385 2 1 49.591 25.275 29
386 1 1 49.591 25.275 29
387 1 1 49.591 25.275 29
388 1 1 49.591 25.275 29
389 1 1 49.591 25.275 29
390 1 1 49.591 25.275 29
391 1 1 49.591 25.275 29
392 1 1 49.591 25.275 29
393 1 1 49.591 25.275 29
394 1 1 49.591 25.275 29
395 2 1 49.591 25.275 29
396 2 1 49.591 25.275 29
397 1 1 18.158 -36.597 30
398 1 1 18.158 -36.597 30
399 2 1 8.051 -30.695 31
400 2 1 8.051 -30.695 31
401 2 1 8.051 -30.695 31
402 1 1 8.051 -30.695 31
403 2 1 8.051 -30.695 31
404 1 1 8.051 -30.695 31
405 1 1 8.051 -30.695 31
406 1 1 8.051 -30.695 31
407 1 1 8.051 -30.695 31
408 1 1 8.051 -30.695 31
409 1 1 8.051 -30.695 31
410 1 1 8.051 -30.695 31
411 1 1 8.051 -30.695 31
412 1 1 8.051 -30.695 31
413 1 1 8.051 -30.695 31
414 2 1 46.057 -4.413 32
415 2 1 46.057 -4.413 32
416 4 1 46.057 -4.413 32
417 2 1 46.057 -4.413 32
418 4 1 46.057 -4.413 32
419 2 1 46.057 -4.413 32
420 2 1 46.057 -4.413 32
421 2 1 46.057 -4.413 32
422 2 1 46.057 -4.413 32
423 2 1 46.057 -4.413 32
424 2 1 46.057 -4.413 32
425 2 1 46.057 -4.413 32
426 2 1 46.057 -4.413 32
427 2 1 46.057 -4.413 32
428 2 1 46.057 -4.413 32
429 2 1 4.742 -6.696 33
430 2 1 4.742 -6.696 33
431 4 1 4.742 -6.696 33
432 2 1 4.742 -6.696 33
433 2 1 4.742 -6.696 33
434 2 1 4.742 -6.696 33
435 2 1 4.742 -6.696 33
436 2 1 4.742 -6.696 33
437 2 1 4.742 -6.696 33
438 8 1 -61.401 -81.763 34
439 1 1 -61.401 -81.763 34
440 1 1 -61.401 -81.763 34
441 1 1 -21.79 33.777 35
442 4 1 3.766 -49.152 36
443 8 1 3.766 -49.152 36
444 4 1 3.766 -49.152 36
445 4 1 3.766 -49.152 36
446 4 1 3.766 -49.152 36
447 8 1 38.556 26.898 37
448 8 1 38.556 26.898 37
449 8 1 38.556 26.898 37
450 8 1 38.556 26.898 37
451 8 1 38.556 26.898 37
452 8 1 38.556 26.898 37
453 8 1 38.556 26.898 37
454 8 1 38.556 26.898 37
455 1 1 19.128 -43.781 38
456 1 1 19.128 -43.781 38
457 1 1 19.128 -43.781 38
458 1 1 19.128 -43.781 38
459 1 1 19.128 -43.781 38
460 1 1 19.128 -43.781 38
461 1 1 19.128 -43.781 38
462 1 1 19.128 -43.781 38
463 1 1 19.128 -43.781 38
464 1 1 19.128 -43.781 38
465 4 1 27.637 -44.818 39
466 4 1 27.637 -44.818 39
467 4 1 27.637 -44.818 39
468 4 1 27.637 -44.818 39
469 4 1 27.637 -44.818 39
470 4 1 27.637 -44.818 39
471 4 1 27.637 -44.818 39
472 4 1 27.637 -44.818 39
473 4 1 27.637 -44.818 39
474 4 1 27.637 -44.818 39
475 4 1 27.637 -44.818 39
476 4 1 27.637 -44.818 39
477 1 1 6.873 -17.578 40
478 1 1 6.873 -17.578 40
479 1 1 6.873 -17.578 40
480 1 1 6.873 -17.578 40
481 2 1 11.401 -19.183 41
482 2 1 11.401 -19.183 41
483 2 1 11.401 -19.183 41
484 2 1 11.401 -19.183 41
485 2 1 11.401 -19.183 41
486 2 1 11.401 -19.183 41
487 2 1 11.401 -19.183 41
488 2 1 11.401 -19.183 41
489 2 1 11.401 -19.183 41
490 2 1 11.401 -19.183 41
491 2 1 11.401 -19.183 41
492 2 1 11.401 -19.183 41
493 2 1 11.401 -19.183 41
494 2 1 11.401 -19.183 41
495 1 1 -11.151 7.269 42
496 1 1 -11.151 7.269 42
497 1 1 -11.151 7.269 42
498 1 1 -11.151 7.269 42
499 1 1 -11.151 7.269 42
500 1 1 -11.151 7.269 42
501 1 1 -11.151 7.269 42
502 1 1 -11.151 7.269 42
503 1 1 -11.151 7.269 42
504 1 1 -11.151 7.269 42
505 1 1 -11.151 7.269 42
506 1 1 -11.151 7.269 42
507 1 1 -11.151 7.269 42
508 1 1 -11.151 7.269 42
509 1 1 -11.151 7.269 42
510 1 1 -11.151 7.269 42
511 1 1 -11.151 7.269 42
512 2 1 72.046 15.271 43
513 2 1 72.046 15.271 43
514 2 1 72.046 15.271 43
515 2 1 72.046 15.271 43
516 2 1 72.046 15.271 43
517 2 1 72.046 15.271 43
518 2 1 72.046 15.271 43
519 2 1 72.046 15.271 43
520 2 1 72.046 15.271 43
521 4 1 26.416 -8.6 44
522 4 1 26.416 -8.6 44
523 4 1 26.416 -8.6 44
524 4 1 26.416 -8.6 44
525 4 1 26.416 -8.6 44
526 4 1 26.416 -8.6 44
527 4 1 26.416 -8.6 44
528 4 1 26.416 -8.6 44
529 4 1 26.416 -8.6 44
530 4 1 26.416 -8.6 44
531 4 1 26.416 -8.6 44
532 4 1 26.416 -8.6 44
533 4 1 26.416 -8.6 44
534 4 1 26.416 -8.6 44
535 4 1 26.416 -8.6 44
536 4 1 26.416 -8.6 44
537 4 1 26.416 -8.6 44
538 4 1 26.416 -8.6 44
539 4 1 26.416 -8.6 44
540 4 1 26.416 -8.6 44
541 4 1 26.416 -8.6 44
542 4 1 26.416 -8.6 44
543 4 1 12.384 86.682 45
544 4 1 12.384 86.682 45
545 4 1 12.384 86.682 45
546 4 1 12.384 86.682 45
547 4 1 12.384 86.682 45
548 4 1 12.384 86.682 45
549 4 1 12.384 86.682 45
550 4 1 76.721 32.355 46
551 4 1 76.721 32.355 46
552 4 1 76.721 32.355 46
553 4 1 76.721 32.355 46
554 4 1 76.721 32.355 46
555 4 1 76.721 32.355 46
556 4 1 76.721 32.355 46
557 4 1 76.721 32.355 46
558 4 1 76.721 32.355 46
559 4 1 76.721 32.355 46
560 4 1 76.721 32.355 46
561 4 1 76.721 32.355 46
562 4 1 76.721 32.355 46
563 4 1 76.721 32.355 46
564 4 1 76.721 32.355 46
565 4 1 76.721 32.355 46
566 4 1 76.721 32.355 46
567 4 1 76.721 32.355 46
568 4 1 76.721 32.355 46
569 4 1 76.721 32.355 46
570 1 1 32.025 84.741 47
571 1 1 32.025 84.741 47
572 1 1 32.025 84.741 47
