File: pr02 Num Depots: 1 Num Pick Up Points: 94 Num Trucks: 2Processing Time: 26 seconds
Total Demand = 1260.00| Total Distance = 7091.85| Total Travel Time = 5318.89| Total Cost = $1949.69|

Truck #149 MaxCap: 20 Demand: 19.0 ROUTE:0 573 572 571 570 567 566 565 881 880 879 878 877 876 875 874 873 871 870 868 -1 
Truck #150 MaxCap: 40 Demand: 39.0 ROUTE:0 595 594 593 248 245 244 393 392 391 390 388 387 386 385 384 383 382 381 380 379 378 376 374 372 371 370 369 581 580 579 578 577 576 575 574 438 437 436 435 -1 
Truck #151 MaxCap: 60 Demand: 59.0 ROUTE:0 229 228 226 225 224 222 221 220 219 218 215 212 211 209 867 866 865 864 863 862 861 860 857 856 855 854 853 851 850 849 847 846 652 651 650 648 745 743 742 740 739 737 736 735 734 733 598 597 596 61 60 59 58 57 56 55 53 52 51 -1 
Truck #152 MaxCap: 40 Demand: 39.0 ROUTE:0 1026 1025 1024 1023 1022 1021 1020 1019 1018 1017 1016 1015 1014 1013 1012 1011 1010 936 935 934 933 932 931 929 928 927 926 925 418 417 416 415 414 413 966 249 247 569 568 -1 
Truck #153 MaxCap: 80 Demand: 74.0 ROUTE:0 31 88 86 84 40 120 118 117 924 923 922 921 920 919 917 916 914 912 911 910 909 908 907 906 905 904 902 663 657 649 859 858 852 848 230 223 217 214 213 980 979 978 977 976 975 974 973 972 971 970 969 968 967 748 747 746 368 367 366 365 364 363 361 360 359 357 356 355 1032 1031 1030 1029 1028 1027 -1 
Truck #154 MaxCap: 120 Demand: 110.0 ROUTE:0 834 828 826 820 186 182 178 497 493 491 490 487 486 485 411 410 409 408 407 406 405 404 403 402 401 400 396 395 394 162 160 266 259 250 621 618 616 614 607 784 783 781 780 779 689 688 686 684 683 682 681 680 679 678 676 675 674 672 671 670 669 668 667 458 456 450 446 441 440 484 483 482 481 480 479 478 477 476 475 474 473 472 471 470 468 467 464 462 460 23 19 18 16 4 1103 1102 1101 1100 1099 1098 1097 1096 1095 1094 1093 1092 1091 1090 1089 1088 -1 
Truck #155 MaxCap: 60 Demand: 59.0 ROUTE:0 362 358 1159 1158 1157 1156 1155 1154 1153 1152 1151 1150 1149 1148 1147 1146 1145 1144 1143 1142 1141 1140 592 591 590 589 585 1250 1249 1248 1247 1246 1245 1244 1243 1242 1241 1240 1239 1238 1237 1236 1235 1234 1233 1232 1231 1230 1229 1228 1227 54 246 930 1084 1083 1082 1081 1080 -1 
Truck #156 MaxCap: 100 Demand: 99.0 ROUTE:0 412 399 398 397 496 495 494 492 489 488 584 583 582 188 600 1139 1138 1137 1136 1135 1134 1133 1132 1131 1130 1129 1128 1127 1126 1125 1124 1123 687 685 677 673 666 469 466 465 463 461 66 433 431 430 427 426 425 424 423 422 421 150 148 137 134 353 352 351 350 349 348 347 346 345 344 343 342 341 340 339 338 337 918 915 913 903 116 47 45 42 227 216 210 1163 1162 1161 1160 845 844 843 842 841 840 839 838 33 28 -1 
Truck #157 MaxCap: 160 Demand: 76.0 ROUTE:0 1009 1008 1007 1006 1005 1004 1003 1002 1001 1000 999 154 257 603 602 601 809 806 719 632 630 629 628 627 626 624 623 622 130 97 207 203 194 298 286 270 519 508 504 1226 1225 1224 1223 1222 1221 1220 1219 1218 1217 1216 1215 1214 1213 1212 1211 1210 1209 1208 1207 1206 1205 1204 1087 1086 1085 232 543 542 541 540 539 538 537 536 535 534 -1 
Truck #159 MaxCap: 100 Demand: 91.0 ROUTE:0 946 947 948 949 950 951 952 953 954 955 956 957 958 959 960 961 962 963 964 965 302 305 306 309 311 314 1251 1252 1253 1254 1255 1256 1257 1258 1259 1260 869 872 882 708 761 757 756 753 728 726 724 723 998 997 996 995 994 993 992 991 990 989 988 987 986 985 984 983 982 981 524 631 625 1079 1078 1077 1076 1075 1074 1073 1072 1071 1070 1069 1068 1067 1066 1065 1064 1063 1062 1061 1060 604 599 -1 
Truck #160 MaxCap: 160 Demand: 20.0 ROUTE:0 434 373 375 377 389 732 738 741 744 586 587 588 636 354 557 558 560 428 429 432 -1 
Truck #161 MaxCap: 20 Demand: 19.0 ROUTE:0 635 634 633 548 547 546 545 544 665 664 662 661 660 659 658 656 655 654 653 -1 
Truck #162 MaxCap: 20 Demand: 19.0 ROUTE:0 300 564 563 562 561 559 556 555 554 553 552 551 550 549 32 30 29 27 26 -1 
Truck #163 MaxCap: 20 Demand: 19.0 ROUTE:0 87 85 83 82 81 318 317 316 315 313 312 310 308 307 304 303 301 35 34 -1 
Truck #164 MaxCap: 20 Demand: 19.0 ROUTE:0 1113 1112 1111 1110 1109 1108 1107 1106 1105 1104 48 46 44 43 41 39 38 37 36 -1 
Truck #165 MaxCap: 20 Demand: 19.0 ROUTE:0 113 112 111 110 109 108 107 106 105 104 126 125 124 123 122 121 119 115 114 -1 
Truck #166 MaxCap: 20 Demand: 19.0 ROUTE:0 939 938 937 149 147 146 144 143 141 140 139 138 136 133 1118 1117 1116 1115 1114 -1 
Truck #167 MaxCap: 20 Demand: 19.0 ROUTE:0 1170 1169 1168 1167 1166 1165 1164 69 68 67 65 64 63 62 945 944 943 942 941 -1 
Truck #168 MaxCap: 20 Demand: 19.0 ROUTE:0 7 6 5 3 2 1 1183 1182 1181 1180 1179 1178 1177 1176 1175 1174 1173 1172 1171 -1 
Truck #169 MaxCap: 20 Demand: 19.0 ROUTE:0 445 444 443 442 439 25 24 22 21 20 17 15 14 13 12 11 10 9 8 -1 
Truck #170 MaxCap: 20 Demand: 19.0 ROUTE:0 251 189 187 185 184 183 181 180 179 459 457 455 454 453 452 451 449 448 447 -1 
Truck #171 MaxCap: 20 Demand: 19.0 ROUTE:0 157 156 155 153 152 151 267 265 264 263 262 261 260 258 256 255 254 253 252 -1 
Truck #172 MaxCap: 20 Demand: 19.0 ROUTE:0 605 647 646 645 644 643 642 641 640 639 638 637 166 165 164 163 161 159 158 -1 
Truck #173 MaxCap: 20 Demand: 19.0 ROUTE:0 175 174 173 172 170 169 168 167 620 619 617 615 613 612 611 610 609 608 606 -1 
Truck #174 MaxCap: 20 Demand: 19.0 ROUTE:0 1120 1119 798 793 792 791 790 789 787 786 785 782 778 777 776 775 774 177 176 -1 
Truck #175 MaxCap: 40 Demand: 35.0 ROUTE:0 241 240 234 95 93 90 89 331 330 420 419 691 690 296 282 206 195 894 892 132 131 77 76 75 74 70 99 98 499 498 797 796 795 794 788 -1 
Truck #176 MaxCap: 20 Demand: 19.0 ROUTE:0 1040 1039 1038 1037 1036 1035 1034 533 532 531 530 529 528 527 526 525 523 1122 1121 -1 
Truck #177 MaxCap: 20 Demand: 19.0 ROUTE:0 91 503 502 501 500 129 128 127 1050 1049 1048 1047 1046 1045 1044 1043 1042 1041 103 -1 
Truck #178 MaxCap: 20 Demand: 19.0 ROUTE:0 96 80 79 78 73 72 71 102 101 100 243 242 239 238 237 236 235 233 231 -1 
Truck #179 MaxCap: 20 Demand: 19.0 ROUTE:0 887 886 885 884 883 901 900 899 898 897 896 895 893 891 890 889 888 94 92 -1 
Truck #180 MaxCap: 20 Demand: 19.0 ROUTE:0 704 703 702 336 335 334 333 332 329 328 327 326 325 324 323 322 321 320 319 -1 
Truck #181 MaxCap: 20 Demand: 19.0 ROUTE:0 822 821 819 818 817 816 815 814 716 715 714 713 712 711 710 709 707 706 705 -1 
Truck #182 MaxCap: 20 Demand: 19.0 ROUTE:0 198 197 196 193 192 191 190 837 836 835 833 832 831 830 829 827 825 824 823 -1 
Truck #183 MaxCap: 20 Demand: 17.0 ROUTE:0 1059 1058 1057 1056 1055 1054 1053 1052 1051 208 205 204 202 201 200 199 299 -1 
Truck #184 MaxCap: 20 Demand: 17.0 ROUTE:0 766 765 764 763 762 760 759 758 755 754 752 751 750 749 805 804 802 -1 
Truck #185 MaxCap: 40 Demand: 39.0 ROUTE:0 50 49 280 278 272 701 700 699 698 697 696 695 694 693 692 803 801 800 799 1203 1202 1201 1200 1199 1198 1197 1196 1195 1194 1193 1192 1191 1190 1189 1188 1187 1186 1185 1184 -1 
Truck #186 MaxCap: 20 Demand: 18.0 ROUTE:0 297 295 294 293 292 291 290 289 288 287 285 284 283 281 279 277 276 275 -1 
Truck #187 MaxCap: 20 Demand: 18.0 ROUTE:0 274 273 271 269 268 731 730 729 727 725 722 773 772 771 770 769 768 767 -1 
Truck #188 MaxCap: 40 Demand: 32.0 ROUTE:0 940 145 142 135 1033 721 720 718 717 813 812 811 810 808 807 171 506 505 522 521 520 518 517 516 515 514 513 512 511 510 509 507 -1 


Inital Solution 0 changes  totQ=1260.00 totD=7118.90 $1844.57
Local One Opt 26 changes  totQ=1260.00 totD=6939.46 $1829.91
Local Two Opt 13 changes  totQ=1260.00 totD=6905.67 $1825.71
Local Three Opt 4 changes  totQ=1260.00 totD=6881.19 $1823.60
K-Two Forward 0 changes  totQ=1260.00 totD=6881.19 $1823.60
K-Two Reverse 0 changes  totQ=1260.00 totD=6881.19 $1823.60
K-Three Forward 1 changes  totQ=1260.00 totD=6869.50 $1822.43
K-Three Reverse 0 changes  totQ=1260.00 totD=6869.50 $1822.43
Exchange 01 10 changes  totQ=1260.00 totD=7056.71 $1813.04
Exchange 01 0 changes  totQ=1260.00 totD=7056.71 $1813.04
Exchange 11 3 changes  totQ=1260.00 totD=7034.86 $1812.60
Exchange 02 0 changes  totQ=1260.00 totD=7034.86 $1812.60
Exchange 20 0 changes  totQ=1260.00 totD=7034.86 $1812.60
Exchange 12 3 changes  totQ=1260.00 totD=7005.55 $1809.45
Exchange 21 0 changes  totQ=1260.00 totD=7005.55 $1809.45
Exchange 22 0 changes  totQ=1260.00 totD=7005.55 $1809.45
Combination 0 changes  totQ=1260.00 totD=7005.55 $1809.45
Reduction 1 changes  totQ=1260.00 totD=7091.85 $1949.69
Reallocation 0 changes  totQ=1260.00 totD=7091.85 $1949.69
Relax/Combine 0 changes  totQ=1260.00 totD=7091.85 $1949.69
Sharing 0 changes  totQ=1260.00 totD=7091.85 $1949.69
Relax/Share 0 changes  totQ=1260.00 totD=7091.85 $1949.69
