1260
1 1 1 -16.412 5.396 1
2 1 1 -16.412 5.396 1
3 1 1 -16.412 5.396 1
4 2 1 -16.412 5.396 1
5 1 1 -16.412 5.396 1
6 1 1 -16.412 5.396 1
7 1 1 -16.412 5.396 1
8 1 1 -16.412 5.396 1
9 1 1 -16.412 5.396 1
10 1 1 -16.412 5.396 1
11 1 1 -16.412 5.396 1
12 1 1 -16.412 5.396 1
13 1 1 -16.412 5.396 1
14 1 1 -16.412 5.396 1
15 1 1 -16.412 5.396 1
16 2 1 -16.412 5.396 1
17 1 1 -16.412 5.396 1
18 2 1 -16.412 5.396 1
19 2 1 -16.412 5.396 1
20 1 1 -16.412 5.396 1
21 1 1 -16.412 5.396 1
22 1 1 -16.412 5.396 1
23 2 1 -16.412 5.396 1
24 1 1 -16.412 5.396 1
25 1 1 -16.412 5.396 1
26 1 1 20.19 8.527 2
27 1 1 20.19 8.527 2
28 4 1 20.19 8.527 2
29 1 1 20.19 8.527 2
30 1 1 20.19 8.527 2
31 2 1 20.19 8.527 2
32 1 1 20.19 8.527 2
33 4 1 20.19 8.527 2
34 1 1 12.085 36.42 3
35 1 1 12.085 36.42 3
36 1 1 12.085 36.42 3
37 1 1 12.085 36.42 3
38 1 1 12.085 36.42 3
39 1 1 12.085 36.42 3
40 2 1 12.085 36.42 3
41 1 1 12.085 36.42 3
42 4 1 12.085 36.42 3
43 1 1 12.085 36.42 3
44 1 1 12.085 36.42 3
45 4 1 12.085 36.42 3
46 1 1 12.085 36.42 3
47 4 1 12.085 36.42 3
48 1 1 12.085 36.42 3
49 2 1 51.642 37.671 4
50 2 1 51.642 37.671 4
51 1 1 51.642 37.671 4
52 1 1 51.642 37.671 4
53 1 1 51.642 37.671 4
54 4 1 51.642 37.671 4
55 1 1 51.642 37.671 4
56 1 1 51.642 37.671 4
57 1 1 51.642 37.671 4
58 1 1 51.642 37.671 4
59 1 1 51.642 37.671 4
60 1 1 51.642 37.671 4
61 1 1 51.642 37.671 4
62 1 1 -24.896 27.045 5
63 1 1 -24.896 27.045 5
64 1 1 -24.896 27.045 5
65 1 1 -24.896 27.045 5
66 4 1 -24.896 27.045 5
67 1 1 -24.896 27.045 5
68 1 1 -24.896 27.045 5
69 1 1 -24.896 27.045 5
70 2 1 58.136 -70.673 6
71 1 1 58.136 -70.673 6
72 1 1 58.136 -70.673 6
73 1 1 58.136 -70.673 6
74 2 1 58.136 -70.673 6
75 2 1 58.136 -70.673 6
76 2 1 58.136 -70.673 6
77 2 1 58.136 -70.673 6
78 1 1 58.136 -70.673 6
79 1 1 58.136 -70.673 6
80 1 1 58.136 -70.673 6
81 1 1 16.418 28.979 7
82 1 1 16.418 28.979 7
83 1 1 16.418 28.979 7
84 2 1 16.418 28.979 7
85 1 1 16.418 28.979 7
86 2 1 16.418 28.979 7
87 1 1 16.418 28.979 7
88 2 1 16.418 28.979 7
89 2 1 55.542 -46.954 8
90 2 1 55.542 -46.954 8
91 1 1 55.542 -46.954 8
92 1 1 55.542 -46.954 8
93 2 1 55.542 -46.954 8
94 1 1 55.542 -46.954 8
95 2 1 55.542 -46.954 8
96 1 1 52.472 -61.682 9
97 4 1 52.472 -61.682 9
98 2 1 52.472 -61.682 9
99 2 1 52.472 -61.682 9
100 1 1 52.472 -61.682 9
101 1 1 52.472 -61.682 9
102 1 1 52.472 -61.682 9
103 1 1 23.572 -26.721 10
104 1 1 5.792 50.482 11
105 1 1 5.792 50.482 11
106 1 1 5.792 50.482 11
107 1 1 5.792 50.482 11
108 1 1 5.792 50.482 11
109 1 1 5.792 50.482 11
110 1 1 5.792 50.482 11
111 1 1 5.792 50.482 11
112 1 1 5.792 50.482 11
113 1 1 5.792 50.482 11
114 1 1 5.792 50.482 11
115 1 1 5.792 50.482 11
116 4 1 5.792 50.482 11
117 2 1 5.792 50.482 11
118 2 1 5.792 50.482 11
119 1 1 5.792 50.482 11
120 2 1 5.792 50.482 11
121 1 1 5.792 50.482 11
122 1 1 5.792 50.482 11
123 1 1 5.792 50.482 11
124 1 1 5.792 50.482 11
125 1 1 5.792 50.482 11
126 1 1 5.792 50.482 11
127 1 1 46.429 -99.872 12
128 1 1 46.429 -99.872 12
129 1 1 46.429 -99.872 12
130 4 1 46.429 -99.872 12
131 2 1 46.429 -99.872 12
132 2 1 46.429 -99.872 12
133 1 1 -35.999 77.466 13
134 4 1 -35.999 77.466 13
135 2 1 -35.999 77.466 13
136 1 1 -35.999 77.466 13
137 4 1 -35.999 77.466 13
138 1 1 -35.999 77.466 13
139 1 1 -35.999 77.466 13
140 1 1 -35.999 77.466 13
141 1 1 -35.999 77.466 13
142 2 1 -35.999 77.466 13
143 1 1 -35.999 77.466 13
144 1 1 -35.999 77.466 13
145 2 1 -35.999 77.466 13
146 1 1 -35.999 77.466 13
147 1 1 -35.999 77.466 13
148 4 1 -35.999 77.466 13
149 1 1 -35.999 77.466 13
150 4 1 -35.999 77.466 13
151 1 1 4.822 -23.743 14
152 1 1 4.822 -23.743 14
153 1 1 4.822 -23.743 14
154 4 1 4.822 -23.743 14
155 1 1 4.822 -23.743 14
156 1 1 4.822 -23.743 14
157 1 1 4.822 -23.743 14
158 1 1 4.822 -23.743 14
159 1 1 4.822 -23.743 14
160 2 1 4.822 -23.743 14
161 1 1 4.822 -23.743 14
162 2 1 4.822 -23.743 14
163 1 1 4.822 -23.743 14
164 1 1 4.822 -23.743 14
165 1 1 4.822 -23.743 14
166 1 1 4.822 -23.743 14
167 1 1 5.042 -41.986 15
168 1 1 5.042 -41.986 15
169 1 1 5.042 -41.986 15
170 1 1 5.042 -41.986 15
171 2 1 5.042 -41.986 15
172 1 1 5.042 -41.986 15
173 1 1 5.042 -41.986 15
174 1 1 5.042 -41.986 15
175 1 1 5.042 -41.986 15
176 1 1 5.042 -41.986 15
177 1 1 5.042 -41.986 15
178 2 1 -5.896 -9.009 16
179 1 1 -5.896 -9.009 16
180 1 1 -5.896 -9.009 16
181 1 1 -5.896 -9.009 16
182 2 1 -5.896 -9.009 16
183 1 1 -5.896 -9.009 16
184 1 1 -5.896 -9.009 16
185 1 1 -5.896 -9.009 16
186 2 1 -5.896 -9.009 16
187 1 1 -5.896 -9.009 16
188 4 1 -5.896 -9.009 16
189 1 1 -5.896 -9.009 16
190 1 1 89.52 -47.461 17
191 1 1 89.52 -47.461 17
192 1 1 89.52 -47.461 17
193 1 1 89.52 -47.461 17
194 4 1 89.52 -47.461 17
195 2 1 89.52 -47.461 17
196 1 1 89.52 -47.461 17
197 1 1 89.52 -47.461 17
198 1 1 89.52 -47.461 17
199 1 1 89.52 -47.461 17
200 1 1 89.52 -47.461 17
201 1 1 89.52 -47.461 17
202 1 1 89.52 -47.461 17
203 4 1 89.52 -47.461 17
204 1 1 89.52 -47.461 17
205 1 1 89.52 -47.461 17
206 2 1 89.52 -47.461 17
207 4 1 89.52 -47.461 17
208 1 1 89.52 -47.461 17
209 1 1 24.176 42.108 18
210 4 1 24.176 42.108 18
211 1 1 24.176 42.108 18
212 1 1 24.176 42.108 18
213 2 1 24.176 42.108 18
214 2 1 24.176 42.108 18
215 1 1 24.176 42.108 18
216 4 1 24.176 42.108 18
217 2 1 24.176 42.108 18
218 1 1 24.176 42.108 18
219 1 1 24.176 42.108 18
220 1 1 24.176 42.108 18
221 1 1 24.176 42.108 18
222 1 1 24.176 42.108 18
223 2 1 24.176 42.108 18
224 1 1 24.176 42.108 18
225 1 1 24.176 42.108 18
226 1 1 24.176 42.108 18
227 4 1 24.176 42.108 18
228 1 1 24.176 42.108 18
229 1 1 24.176 42.108 18
230 2 1 24.176 42.108 18
231 1 1 41.675 -35.04 19
232 4 1 41.675 -35.04 19
233 1 1 41.675 -35.04 19
234 2 1 41.675 -35.04 19
235 1 1 41.675 -35.04 19
236 1 1 41.675 -35.04 19
237 1 1 41.675 -35.04 19
238 1 1 41.675 -35.04 19
239 1 1 41.675 -35.04 19
240 2 1 41.675 -35.04 19
241 2 1 41.675 -35.04 19
242 1 1 41.675 -35.04 19
243 1 1 41.675 -35.04 19
244 1 1 76.843 31.683 20
245 1 1 76.843 31.683 20
246 4 1 76.843 31.683 20
247 2 1 76.843 31.683 20
248 1 1 76.843 31.683 20
249 2 1 76.843 31.683 20
250 2 1 3.949 -24.646 21
251 1 1 3.949 -24.646 21
252 1 1 3.949 -24.646 21
253 1 1 3.949 -24.646 21
254 1 1 3.949 -24.646 21
255 1 1 3.949 -24.646 21
256 1 1 3.949 -24.646 21
257 4 1 3.949 -24.646 21
258 1 1 3.949 -24.646 21
259 2 1 3.949 -24.646 21
260 1 1 3.949 -24.646 21
261 1 1 3.949 -24.646 21
262 1 1 3.949 -24.646 21
263 1 1 3.949 -24.646 21
264 1 1 3.949 -24.646 21
265 1 1 3.949 -24.646 21
266 2 1 3.949 -24.646 21
267 1 1 3.949 -24.646 21
268 1 1 77.942 -10.742 22
269 1 1 77.942 -10.742 22
270 4 1 77.942 -10.742 22
271 1 1 77.942 -10.742 22
272 2 1 77.942 -10.742 22
273 1 1 77.942 -10.742 22
274 1 1 77.942 -10.742 22
275 1 1 77.942 -10.742 22
276 1 1 77.942 -10.742 22
277 1 1 77.942 -10.742 22
278 2 1 77.942 -10.742 22
279 1 1 77.942 -10.742 22
280 2 1 77.942 -10.742 22
281 1 1 77.942 -10.742 22
282 2 1 78.876 -26.44 23
283 1 1 78.876 -26.44 23
284 1 1 78.876 -26.44 23
285 1 1 78.876 -26.44 23
286 4 1 78.876 -26.44 23
287 1 1 78.876 -26.44 23
288 1 1 78.876 -26.44 23
289 1 1 78.876 -26.44 23
290 1 1 78.876 -26.44 23
291 1 1 78.876 -26.44 23
292 1 1 78.876 -26.44 23
293 1 1 78.876 -26.44 23
294 1 1 78.876 -26.44 23
295 1 1 78.876 -26.44 23
296 2 1 78.876 -26.44 23
297 1 1 78.876 -26.44 23
298 4 1 78.876 -26.44 23
299 1 1 44.397 -15.332 24
300 1 1 15.961 36.847 25
301 1 1 15.961 36.847 25
302 8 1 15.961 36.847 25
303 1 1 15.961 36.847 25
304 1 1 15.961 36.847 25
305 8 1 15.961 36.847 25
306 8 1 15.961 36.847 25
307 1 1 15.961 36.847 25
308 1 1 15.961 36.847 25
309 8 1 15.961 36.847 25
310 1 1 15.961 36.847 25
311 8 1 15.961 36.847 25
312 1 1 15.961 36.847 25
313 1 1 15.961 36.847 25
314 8 1 15.961 36.847 25
315 1 1 15.961 36.847 25
316 1 1 15.961 36.847 25
317 1 1 15.961 36.847 25
318 1 1 15.961 36.847 25
319 1 1 69.397 -54.626 26
320 1 1 69.397 -54.626 26
321 1 1 69.397 -54.626 26
322 1 1 69.397 -54.626 26
323 1 1 69.397 -54.626 26
324 1 1 69.397 -54.626 26
325 1 1 69.397 -54.626 26
326 1 1 69.397 -54.626 26
327 1 1 69.397 -54.626 26
328 1 1 69.397 -54.626 26
329 1 1 69.397 -54.626 26
330 2 1 69.397 -54.626 26
331 2 1 69.397 -54.626 26
332 1 1 69.397 -54.626 26
333 1 1 69.397 -54.626 26
334 1 1 69.397 -54.626 26
335 1 1 69.397 -54.626 26
336 1 1 69.397 -54.626 26
337 4 1 14.874 83.002 27
338 4 1 14.874 83.002 27
339 4 1 14.874 83.002 27
340 4 1 14.874 83.002 27
341 4 1 14.874 83.002 27
342 4 1 14.874 83.002 27
343 4 1 14.874 83.002 27
344 4 1 14.874 83.002 27
345 4 1 14.874 83.002 27
346 4 1 14.874 83.002 27
347 4 1 14.874 83.002 27
348 4 1 14.874 83.002 27
349 4 1 14.874 83.002 27
350 4 1 14.874 83.002 27
351 4 1 14.874 83.002 27
352 4 1 14.874 83.002 27
353 4 1 14.874 83.002 27
354 8 1 14.874 83.002 27
355 2 1 30.078 24.78 28
356 2 1 30.078 24.78 28
357 2 1 30.078 24.78 28
358 4 1 30.078 24.78 28
359 2 1 30.078 24.78 28
360 2 1 30.078 24.78 28
361 2 1 30.078 24.78 28
362 4 1 30.078 24.78 28
363 2 1 30.078 24.78 28
364 2 1 30.078 24.78 28
365 2 1 30.078 24.78 28
366 2 1 30.078 24.78 28
367 2 1 30.078 24.78 28
368 2 1 30.078 24.78 28
369 1 1 83.313 10.638 29
370 1 1 83.313 10.638 29
371 1 1 83.313 10.638 29
372 1 1 83.313 10.638 29
373 8 1 83.313 10.638 29
374 1 1 83.313 10.638 29
375 8 1 83.313 10.638 29
376 1 1 83.313 10.638 29
377 8 1 83.313 10.638 29
378 1 1 83.313 10.638 29
379 1 1 83.313 10.638 29
380 1 1 83.313 10.638 29
381 1 1 83.313 10.638 29
382 1 1 83.313 10.638 29
383 1 1 83.313 10.638 29
384 1 1 83.313 10.638 29
385 1 1 83.313 10.638 29
386 1 1 83.313 10.638 29
387 1 1 83.313 10.638 29
388 1 1 83.313 10.638 29
389 8 1 83.313 10.638 29
390 1 1 83.313 10.638 29
391 1 1 83.313 10.638 29
392 1 1 83.313 10.638 29
393 1 1 83.313 10.638 29
394 2 1 5.786 -2.856 30
395 2 1 5.786 -2.856 30
396 2 1 5.786 -2.856 30
397 4 1 5.786 -2.856 30
398 4 1 5.786 -2.856 30
399 4 1 5.786 -2.856 30
400 2 1 5.786 -2.856 30
401 2 1 5.786 -2.856 30
402 2 1 5.786 -2.856 30
403 2 1 5.786 -2.856 30
404 2 1 5.786 -2.856 30
405 2 1 5.786 -2.856 30
406 2 1 5.786 -2.856 30
407 2 1 5.786 -2.856 30
408 2 1 5.786 -2.856 30
409 2 1 5.786 -2.856 30
410 2 1 5.786 -2.856 30
411 2 1 5.786 -2.856 30
412 4 1 5.786 -2.856 30
413 2 1 62.177 22.217 31
414 2 1 62.177 22.217 31
415 2 1 62.177 22.217 31
416 2 1 62.177 22.217 31
417 2 1 62.177 22.217 31
418 2 1 62.177 22.217 31
419 2 1 65.588 -41.077 32
420 2 1 65.588 -41.077 32
421 4 1 -10.004 51.379 33
422 4 1 -10.004 51.379 33
423 4 1 -10.004 51.379 33
424 4 1 -10.004 51.379 33
425 4 1 -10.004 51.379 33
426 4 1 -10.004 51.379 33
427 4 1 -10.004 51.379 33
428 8 1 -10.004 51.379 33
429 8 1 -10.004 51.379 33
430 4 1 -10.004 51.379 33
431 4 1 -10.004 51.379 33
432 8 1 -10.004 51.379 33
433 4 1 -10.004 51.379 33
434 8 1 63.391 8.636 34
435 1 1 63.391 8.636 34
436 1 1 63.391 8.636 34
437 1 1 63.391 8.636 34
438 1 1 63.391 8.636 34
439 1 1 -5.695 1.202 35
440 2 1 -5.695 1.202 35
441 2 1 -5.695 1.202 35
442 1 1 -5.695 1.202 35
443 1 1 -5.695 1.202 35
444 1 1 -5.695 1.202 35
445 1 1 -5.695 1.202 35
446 2 1 -5.695 1.202 35
447 1 1 -5.695 1.202 35
448 1 1 -5.695 1.202 35
449 1 1 -5.695 1.202 35
450 2 1 -5.695 1.202 35
451 1 1 -5.695 1.202 35
452 1 1 -5.695 1.202 35
453 1 1 -5.695 1.202 35
454 1 1 -5.695 1.202 35
455 1 1 -5.695 1.202 35
456 2 1 -5.695 1.202 35
457 1 1 -5.695 1.202 35
458 2 1 -5.695 1.202 35
459 1 1 -5.695 1.202 35
460 2 1 -8.167 4.395 36
461 4 1 -8.167 4.395 36
462 2 1 -8.167 4.395 36
463 4 1 -8.167 4.395 36
464 2 1 -8.167 4.395 36
465 4 1 -8.167 4.395 36
466 4 1 -8.167 4.395 36
467 2 1 -8.167 4.395 36
468 2 1 -8.167 4.395 36
469 4 1 -8.167 4.395 36
470 2 1 -8.167 4.395 36
471 2 1 -8.167 4.395 36
472 2 1 -8.167 4.395 36
473 2 1 -8.167 4.395 36
474 2 1 -8.167 4.395 36
475 2 1 -8.167 4.395 36
476 2 1 -8.167 4.395 36
477 2 1 -8.167 4.395 36
478 2 1 -8.167 4.395 36
479 2 1 -8.167 4.395 36
480 2 1 -8.167 4.395 36
481 2 1 -8.167 4.395 36
482 2 1 -8.167 4.395 36
483 2 1 -8.167 4.395 36
484 2 1 -8.167 4.395 36
485 2 1 3.253 -4.755 37
486 2 1 3.253 -4.755 37
487 2 1 3.253 -4.755 37
488 4 1 3.253 -4.755 37
489 4 1 3.253 -4.755 37
490 2 1 3.253 -4.755 37
491 2 1 3.253 -4.755 37
492 4 1 3.253 -4.755 37
493 2 1 3.253 -4.755 37
494 4 1 3.253 -4.755 37
495 4 1 3.253 -4.755 37
496 4 1 3.253 -4.755 37
497 2 1 3.253 -4.755 37
498 2 1 46.057 -63.452 38
499 2 1 46.057 -63.452 38
500 1 1 46.057 -63.452 38
501 1 1 46.057 -63.452 38
502 1 1 46.057 -63.452 38
503 1 1 46.057 -63.452 38
504 4 1 63.416 -5.261 39
505 2 1 63.416 -5.261 39
506 2 1 63.416 -5.261 39
507 2 1 63.416 -5.261 39
508 4 1 63.416 -5.261 39
509 2 1 63.416 -5.261 39
510 2 1 63.416 -5.261 39
511 2 1 63.416 -5.261 39
512 2 1 63.416 -5.261 39
513 2 1 63.416 -5.261 39
514 2 1 63.416 -5.261 39
515 2 1 63.416 -5.261 39
516 2 1 63.416 -5.261 39
517 2 1 63.416 -5.261 39
518 2 1 63.416 -5.261 39
519 4 1 63.416 -5.261 39
520 2 1 63.416 -5.261 39
521 2 1 63.416 -5.261 39
522 2 1 63.416 -5.261 39
523 1 1 13.092 -36.743 40
524 8 1 13.092 -36.743 40
525 1 1 13.092 -36.743 40
526 1 1 13.092 -36.743 40
527 1 1 13.092 -36.743 40
528 1 1 13.092 -36.743 40
529 1 1 13.092 -36.743 40
530 1 1 13.092 -36.743 40
531 1 1 13.092 -36.743 40
532 1 1 13.092 -36.743 40
533 1 1 13.092 -36.743 40
534 4 1 23.669 -26.154 41
535 4 1 23.669 -26.154 41
536 4 1 23.669 -26.154 41
537 4 1 23.669 -26.154 41
538 4 1 23.669 -26.154 41
539 4 1 23.669 -26.154 41
540 4 1 23.669 -26.154 41
541 4 1 23.669 -26.154 41
542 4 1 23.669 -26.154 41
543 4 1 23.669 -26.154 41
544 1 1 9.027 90.192 42
545 1 1 9.027 90.192 42
546 1 1 9.027 90.192 42
547 1 1 9.027 90.192 42
548 1 1 9.027 90.192 42
549 1 1 9.027 90.192 42
550 1 1 9.027 90.192 42
551 1 1 9.027 90.192 42
552 1 1 9.027 90.192 42
553 1 1 9.027 90.192 42
554 1 1 9.027 90.192 42
555 1 1 9.027 90.192 42
556 1 1 9.027 90.192 42
557 8 1 9.027 90.192 42
558 8 1 9.027 90.192 42
559 1 1 9.027 90.192 42
560 8 1 9.027 90.192 42
561 1 1 9.027 90.192 42
562 1 1 9.027 90.192 42
563 1 1 9.027 90.192 42
564 1 1 9.027 90.192 42
565 1 1 76.624 6.805 43
566 1 1 76.624 6.805 43
567 1 1 76.624 6.805 43
568 2 1 76.624 6.805 43
569 2 1 76.624 6.805 43
570 1 1 76.624 6.805 43
571 1 1 76.624 6.805 43
572 1 1 76.624 6.805 43
573 1 1 76.624 6.805 43
574 1 1 76.624 6.805 43
575 1 1 76.624 6.805 43
576 1 1 76.624 6.805 43
577 1 1 76.624 6.805 43
578 1 1 76.624 6.805 43
579 1 1 76.624 6.805 43
580 1 1 76.624 6.805 43
581 1 1 76.624 6.805 43
582 4 1 -1.208 -8.875 44
583 4 1 -1.208 -8.875 44
584 4 1 -1.208 -8.875 44
585 4 1 37.042 60.815 45
586 8 1 37.042 60.815 45
587 8 1 37.042 60.815 45
588 8 1 37.042 60.815 45
589 4 1 37.042 60.815 45
590 4 1 37.042 60.815 45
591 4 1 37.042 60.815 45
592 4 1 37.042 60.815 45
593 1 1 65.265 37.909 46
594 1 1 65.265 37.909 46
595 1 1 65.265 37.909 46
596 1 1 65.265 37.909 46
597 1 1 65.265 37.909 46
598 1 1 65.265 37.909 46
599 8 1 -10.12 -15.631 47
600 4 1 -10.12 -15.631 47
601 4 1 -10.12 -15.631 47
602 4 1 -10.12 -15.631 47
603 4 1 -10.12 -15.631 47
604 8 1 -10.12 -15.631 47
605 1 1 9.68 -28.711 48
606 1 1 9.68 -28.711 48
607 2 1 9.68 -28.711 48
608 1 1 9.68 -28.711 48
609 1 1 9.68 -28.711 48
610 1 1 9.68 -28.711 48
611 1 1 9.68 -28.711 48
612 1 1 9.68 -28.711 48
613 1 1 9.68 -28.711 48
614 2 1 9.68 -28.711 48
615 1 1 9.68 -28.711 48
616 2 1 9.68 -28.711 48
617 1 1 9.68 -28.711 48
618 2 1 9.68 -28.711 48
619 1 1 9.68 -28.711 48
620 1 1 9.68 -28.711 48
621 2 1 9.68 -28.711 48
622 4 1 7.55 -56.458 49
623 4 1 7.55 -56.458 49
624 4 1 7.55 -56.458 49
625 8 1 7.55 -56.458 49
626 4 1 7.55 -56.458 49
627 4 1 7.55 -56.458 49
628 4 1 7.55 -56.458 49
629 4 1 7.55 -56.458 49
630 4 1 7.55 -56.458 49
631 8 1 7.55 -56.458 49
632 4 1 7.55 -56.458 49
633 1 1 14.795 62.445 50
634 1 1 14.795 62.445 50
635 1 1 14.795 62.445 50
636 8 1 14.795 62.445 50
637 1 1 7.269 -24.066 51
638 1 1 7.269 -24.066 51
639 1 1 7.269 -24.066 51
640 1 1 7.269 -24.066 51
641 1 1 7.269 -24.066 51
642 1 1 7.269 -24.066 51
643 1 1 7.269 -24.066 51
644 1 1 7.269 -24.066 51
645 1 1 7.269 -24.066 51
646 1 1 7.269 -24.066 51
647 1 1 7.269 -24.066 51
648 1 1 21.49 50.092 52
649 2 1 21.49 50.092 52
650 1 1 21.49 50.092 52
651 1 1 21.49 50.092 52
652 1 1 21.49 50.092 52
653 1 1 21.49 50.092 52
654 1 1 21.49 50.092 52
655 1 1 21.49 50.092 52
656 1 1 21.49 50.092 52
657 2 1 21.49 50.092 52
658 1 1 21.49 50.092 52
659 1 1 21.49 50.092 52
660 1 1 21.49 50.092 52
661 1 1 21.49 50.092 52
662 1 1 21.49 50.092 52
663 2 1 21.49 50.092 52
664 1 1 21.49 50.092 52
665 1 1 21.49 50.092 52
666 4 1 -17.242 -6.396 53
667 2 1 -17.242 -6.396 53
668 2 1 -17.242 -6.396 53
669 2 1 -17.242 -6.396 53
670 2 1 -17.242 -6.396 53
671 2 1 -17.242 -6.396 53
672 2 1 -17.242 -6.396 53
673 4 1 -17.242 -6.396 53
674 2 1 -17.242 -6.396 53
675 2 1 -17.242 -6.396 53
676 2 1 -17.242 -6.396 53
677 4 1 -17.242 -6.396 53
678 2 1 -17.242 -6.396 53
679 2 1 -17.242 -6.396 53
680 2 1 -17.242 -6.396 53
681 2 1 -17.242 -6.396 53
682 2 1 -17.242 -6.396 53
683 2 1 -17.242 -6.396 53
684 2 1 -17.242 -6.396 53
685 4 1 -17.242 -6.396 53
686 2 1 -17.242 -6.396 53
687 4 1 -17.242 -6.396 53
688 2 1 -17.242 -6.396 53
689 2 1 -17.242 -6.396 53
690 2 1 65.985 -14.948 54
691 2 1 65.985 -14.948 54
692 2 1 65.985 -14.948 54
693 2 1 65.985 -14.948 54
694 2 1 65.985 -14.948 54
695 2 1 65.985 -14.948 54
696 2 1 65.985 -14.948 54
697 2 1 65.985 -14.948 54
698 2 1 65.985 -14.948 54
699 2 1 65.985 -14.948 54
700 2 1 65.985 -14.948 54
701 2 1 65.985 -14.948 54
702 1 1 49.139 -25.116 55
703 1 1 49.139 -25.116 55
704 1 1 49.139 -25.116 55
705 1 1 49.139 -25.116 55
706 1 1 49.139 -25.116 55
707 1 1 49.139 -25.116 55
708 8 1 49.139 -25.116 55
709 1 1 49.139 -25.116 55
710 1 1 49.139 -25.116 55
711 1 1 49.139 -25.116 55
712 1 1 49.139 -25.116 55
713 1 1 49.139 -25.116 55
714 1 1 49.139 -25.116 55
715 1 1 49.139 -25.116 55
716 1 1 49.139 -25.116 55
717 2 1 -19.012 -76.208 56
718 2 1 -19.012 -76.208 56
719 4 1 -19.012 -76.208 56
720 2 1 -19.012 -76.208 56
721 2 1 -19.012 -76.208 56
722 1 1 96.301 -6.873 57
723 8 1 96.301 -6.873 57
724 8 1 96.301 -6.873 57
725 1 1 96.301 -6.873 57
726 8 1 96.301 -6.873 57
727 1 1 96.301 -6.873 57
728 8 1 96.301 -6.873 57
729 1 1 96.301 -6.873 57
730 1 1 96.301 -6.873 57
731 1 1 96.301 -6.873 57
732 8 1 66.113 68.481 58
733 1 1 66.113 68.481 58
734 1 1 66.113 68.481 58
735 1 1 66.113 68.481 58
736 1 1 66.113 68.481 58
737 1 1 66.113 68.481 58
738 8 1 66.113 68.481 58
739 1 1 66.113 68.481 58
740 1 1 66.113 68.481 58
741 8 1 66.113 68.481 58
742 1 1 66.113 68.481 58
743 1 1 66.113 68.481 58
744 8 1 66.113 68.481 58
745 1 1 66.113 68.481 58
746 2 1 30.048 27.02 59
747 2 1 30.048 27.02 59
748 2 1 30.048 27.02 59
749 1 1 72.052 -6.567 60
750 1 1 72.052 -6.567 60
751 1 1 72.052 -6.567 60
752 1 1 72.052 -6.567 60
753 8 1 72.052 -6.567 60
754 1 1 72.052 -6.567 60
755 1 1 72.052 -6.567 60
756 8 1 72.052 -6.567 60
757 8 1 72.052 -6.567 60
758 1 1 72.052 -6.567 60
759 1 1 72.052 -6.567 60
760 1 1 72.052 -6.567 60
761 8 1 72.052 -6.567 60
762 1 1 72.052 -6.567 60
763 1 1 72.052 -6.567 60
764 1 1 72.052 -6.567 60
765 1 1 72.052 -6.567 60
766 1 1 72.052 -6.567 60
767 1 1 72.052 -6.567 60
768 1 1 72.052 -6.567 60
769 1 1 72.052 -6.567 60
770 1 1 72.052 -6.567 60
771 1 1 72.052 -6.567 60
772 1 1 72.052 -6.567 60
773 1 1 72.052 -6.567 60
774 1 1 7.55 -39.832 61
775 1 1 7.55 -39.832 61
776 1 1 7.55 -39.832 61
777 1 1 7.55 -39.832 61
778 1 1 7.55 -39.832 61
779 2 1 7.55 -39.832 61
780 2 1 7.55 -39.832 61
781 2 1 7.55 -39.832 61
782 1 1 7.55 -39.832 61
783 2 1 7.55 -39.832 61
784 2 1 7.55 -39.832 61
785 1 1 7.55 -39.832 61
786 1 1 7.55 -39.832 61
787 1 1 7.55 -39.832 61
788 2 1 7.55 -39.832 61
789 1 1 7.55 -39.832 61
790 1 1 7.55 -39.832 61
791 1 1 7.55 -39.832 61
792 1 1 7.55 -39.832 61
793 1 1 7.55 -39.832 61
794 2 1 7.55 -39.832 61
795 2 1 7.55 -39.832 61
796 2 1 7.55 -39.832 61
797 2 1 7.55 -39.832 61
798 1 1 7.55 -39.832 61
799 2 1 53.082 -10.693 62
800 2 1 53.082 -10.693 62
801 2 1 53.082 -10.693 62
802 1 1 53.082 -10.693 62
803 2 1 53.082 -10.693 62
804 1 1 53.082 -10.693 62
805 1 1 53.082 -10.693 62
806 4 1 -25.073 -58.185 63
807 2 1 -25.073 -58.185 63
808 2 1 -25.073 -58.185 63
809 4 1 -25.073 -58.185 63
810 2 1 -25.073 -58.185 63
811 2 1 -25.073 -58.185 63
812 2 1 -25.073 -58.185 63
813 2 1 -25.073 -58.185 63
814 1 1 36.761 -14.014 64
815 1 1 36.761 -14.014 64
816 1 1 36.761 -14.014 64
817 1 1 36.761 -14.014 64
818 1 1 36.761 -14.014 64
819 1 1 36.761 -14.014 64
820 2 1 36.761 -14.014 64
821 1 1 36.761 -14.014 64
822 1 1 36.761 -14.014 64
823 1 1 36.761 -14.014 64
824 1 1 36.761 -14.014 64
825 1 1 36.761 -14.014 64
826 2 1 36.761 -14.014 64
827 1 1 36.761 -14.014 64
828 2 1 36.761 -14.014 64
829 1 1 36.761 -14.014 64
830 1 1 36.761 -14.014 64
831 1 1 36.761 -14.014 64
832 1 1 36.761 -14.014 64
833 1 1 36.761 -14.014 64
834 2 1 36.761 -14.014 64
835 1 1 36.761 -14.014 64
836 1 1 36.761 -14.014 64
837 1 1 36.761 -14.014 64
838 4 1 19.366 30.005 65
839 4 1 19.366 30.005 65
840 4 1 19.366 30.005 65
841 4 1 19.366 30.005 65
842 4 1 19.366 30.005 65
843 4 1 19.366 30.005 65
844 4 1 19.366 30.005 65
845 4 1 19.366 30.005 65
846 1 1 23.315 44.336 66
847 1 1 23.315 44.336 66
848 2 1 23.315 44.336 66
849 1 1 23.315 44.336 66
850 1 1 23.315 44.336 66
851 1 1 23.315 44.336 66
852 2 1 23.315 44.336 66
853 1 1 23.315 44.336 66
854 1 1 23.315 44.336 66
855 1 1 23.315 44.336 66
856 1 1 23.315 44.336 66
857 1 1 23.315 44.336 66
858 2 1 23.315 44.336 66
859 2 1 23.315 44.336 66
860 1 1 23.315 44.336 66
861 1 1 23.315 44.336 66
862 1 1 23.315 44.336 66
863 1 1 23.315 44.336 66
864 1 1 23.315 44.336 66
865 1 1 23.315 44.336 66
866 1 1 23.315 44.336 66
867 1 1 23.315 44.336 66
868 1 1 36.548 -2.161 67
869 8 1 36.548 -2.161 67
870 1 1 36.548 -2.161 67
871 1 1 36.548 -2.161 67
872 8 1 36.548 -2.161 67
873 1 1 36.548 -2.161 67
874 1 1 36.548 -2.161 67
875 1 1 36.548 -2.161 67
876 1 1 36.548 -2.161 67
877 1 1 36.548 -2.161 67
878 1 1 36.548 -2.161 67
879 1 1 36.548 -2.161 67
880 1 1 36.548 -2.161 67
881 1 1 36.548 -2.161 67
882 8 1 36.548 -2.161 67
883 1 1 81.311 -73.871 68
884 1 1 81.311 -73.871 68
885 1 1 81.311 -73.871 68
886 1 1 81.311 -73.871 68
887 1 1 81.311 -73.871 68
888 1 1 87.25 -86.615 69
889 1 1 87.25 -86.615 69
890 1 1 87.25 -86.615 69
891 1 1 87.25 -86.615 69
892 2 1 87.25 -86.615 69
893 1 1 87.25 -86.615 69
894 2 1 87.25 -86.615 69
895 1 1 87.25 -86.615 69
896 1 1 87.25 -86.615 69
897 1 1 87.25 -86.615 69
898 1 1 87.25 -86.615 69
899 1 1 87.25 -86.615 69
900 1 1 87.25 -86.615 69
901 1 1 87.25 -86.615 69
902 2 1 17.725 73.309 70
903 4 1 17.725 73.309 70
904 2 1 17.725 73.309 70
905 2 1 17.725 73.309 70
906 2 1 17.725 73.309 70
907 2 1 17.725 73.309 70
908 2 1 17.725 73.309 70
909 2 1 17.725 73.309 70
910 2 1 17.725 73.309 70
911 2 1 17.725 73.309 70
912 2 1 17.725 73.309 70
913 4 1 17.725 73.309 70
914 2 1 17.725 73.309 70
915 4 1 17.725 73.309 70
916 2 1 17.725 73.309 70
917 2 1 17.725 73.309 70
918 4 1 17.725 73.309 70
919 2 1 17.725 73.309 70
920 2 1 17.725 73.309 70
921 2 1 17.725 73.309 70
922 2 1 17.725 73.309 70
923 2 1 17.725 73.309 70
924 2 1 17.725 73.309 70
925 2 1 57.953 17.877 71
926 2 1 57.953 17.877 71
927 2 1 57.953 17.877 71
928 2 1 57.953 17.877 71
929 2 1 57.953 17.877 71
930 4 1 57.953 17.877 71
931 2 1 57.953 17.877 71
932 2 1 57.953 17.877 71
933 2 1 57.953 17.877 71
934 2 1 57.953 17.877 71
935 2 1 57.953 17.877 71
936 2 1 57.953 17.877 71
937 1 1 -8.344 38.257 72
938 1 1 -8.344 38.257 72
939 1 1 -8.344 38.257 72
940 2 1 -8.344 38.257 72
941 1 1 -8.344 38.257 72
942 1 1 -8.344 38.257 72
943 1 1 -8.344 38.257 72
944 1 1 -8.344 38.257 72
945 1 1 -8.344 38.257 72
946 8 1 10.443 47.455 73
947 8 1 10.443 47.455 73
948 8 1 10.443 47.455 73
949 8 1 10.443 47.455 73
950 8 1 10.443 47.455 73
951 8 1 10.443 47.455 73
952 8 1 10.443 47.455 73
953 8 1 10.443 47.455 73
954 8 1 10.443 47.455 73
955 8 1 10.443 47.455 73
956 8 1 10.443 47.455 73
957 8 1 10.443 47.455 73
958 8 1 10.443 47.455 73
959 8 1 10.443 47.455 73
960 8 1 10.443 47.455 73
961 8 1 10.443 47.455 73
962 8 1 10.443 47.455 73
963 8 1 10.443 47.455 73
964 8 1 10.443 47.455 73
965 8 1 10.443 47.455 73
966 2 1 71.143 44.336 74
967 2 1 39.014 35.083 75
968 2 1 39.014 35.083 75
969 2 1 39.014 35.083 75
970 2 1 39.014 35.083 75
971 2 1 39.014 35.083 75
972 2 1 39.014 35.083 75
973 2 1 39.014 35.083 75
974 2 1 39.014 35.083 75
975 2 1 39.014 35.083 75
976 2 1 39.014 35.083 75
977 2 1 39.014 35.083 75
978 2 1 39.014 35.083 75
979 2 1 39.014 35.083 75
980 2 1 39.014 35.083 75
981 8 1 62.701 -59.564 76
982 8 1 62.701 -59.564 76
983 8 1 62.701 -59.564 76
984 8 1 62.701 -59.564 76
985 8 1 62.701 -59.564 76
986 8 1 62.701 -59.564 76
987 8 1 62.701 -59.564 76
988 8 1 62.701 -59.564 76
989 8 1 62.701 -59.564 76
990 8 1 62.701 -59.564 76
991 8 1 62.701 -59.564 76
992 8 1 62.701 -59.564 76
993 8 1 62.701 -59.564 76
994 8 1 62.701 -59.564 76
995 8 1 62.701 -59.564 76
996 8 1 62.701 -59.564 76
997 8 1 62.701 -59.564 76
998 8 1 62.701 -59.564 76
999 4 1 18.237 -8.545 77
1000 4 1 18.237 -8.545 77
1001 4 1 18.237 -8.545 77
1002 4 1 18.237 -8.545 77
1003 4 1 18.237 -8.545 77
1004 4 1 18.237 -8.545 77
1005 4 1 18.237 -8.545 77
1006 4 1 18.237 -8.545 77
1007 4 1 18.237 -8.545 77
1008 4 1 18.237 -8.545 77
1009 4 1 18.237 -8.545 77
1010 2 1 34.857 14.148 78
1011 2 1 34.857 14.148 78
1012 2 1 34.857 14.148 78
1013 2 1 34.857 14.148 78
1014 2 1 34.857 14.148 78
1015 2 1 34.857 14.148 78
1016 2 1 34.857 14.148 78
1017 2 1 34.857 14.148 78
1018 2 1 34.857 14.148 78
1019 2 1 34.857 14.148 78
1020 2 1 34.857 14.148 78
1021 2 1 34.857 14.148 78
1022 2 1 34.857 14.148 78
1023 2 1 34.857 14.148 78
1024 2 1 34.857 14.148 78
1025 2 1 34.857 14.148 78
1026 2 1 34.857 14.148 78
1027 2 1 34.857 14.148 78
1028 2 1 34.857 14.148 78
1029 2 1 34.857 14.148 78
1030 2 1 34.857 14.148 78
1031 2 1 34.857 14.148 78
1032 2 1 34.857 14.148 78
1033 2 1 -91.144 -76.55 79
1034 1 1 15.46 -76.562 80
1035 1 1 15.46 -76.562 80
1036 1 1 15.46 -76.562 80
1037 1 1 15.46 -76.562 80
1038 1 1 15.46 -76.562 80
1039 1 1 15.46 -76.562 80
1040 1 1 15.46 -76.562 80
1041 1 1 15.46 -76.562 80
1042 1 1 15.46 -76.562 80
1043 1 1 15.46 -76.562 80
1044 1 1 15.46 -76.562 80
1045 1 1 15.46 -76.562 80
1046 1 1 15.46 -76.562 80
1047 1 1 15.46 -76.562 80
1048 1 1 15.46 -76.562 80
1049 1 1 15.46 -76.562 80
1050 1 1 15.46 -76.562 80
1051 1 1 74.957 -24.28 81
1052 1 1 74.957 -24.28 81
1053 1 1 74.957 -24.28 81
1054 1 1 74.957 -24.28 81
1055 1 1 74.957 -24.28 81
1056 1 1 74.957 -24.28 81
1057 1 1 74.957 -24.28 81
1058 1 1 74.957 -24.28 81
1059 1 1 74.957 -24.28 81
1060 8 1 -62.354 -39.624 82
1061 8 1 -62.354 -39.624 82
1062 8 1 -62.354 -39.624 82
1063 8 1 -62.354 -39.624 82
1064 8 1 -62.354 -39.624 82
1065 8 1 -62.354 -39.624 82
1066 8 1 -62.354 -39.624 82
1067 8 1 -62.354 -39.624 82
1068 8 1 -62.354 -39.624 82
1069 8 1 -62.354 -39.624 82
1070 8 1 -62.354 -39.624 82
1071 8 1 -62.354 -39.624 82
1072 8 1 -62.354 -39.624 82
1073 8 1 -62.354 -39.624 82
1074 8 1 -62.354 -39.624 82
1075 8 1 -62.354 -39.624 82
1076 8 1 -62.354 -39.624 82
1077 8 1 -62.354 -39.624 82
1078 8 1 -62.354 -39.624 82
1079 8 1 -62.354 -39.624 82
1080 4 1 30.884 4.156 83
1081 4 1 30.884 4.156 83
1082 4 1 30.884 4.156 83
1083 4 1 30.884 4.156 83
1084 4 1 30.884 4.156 83
1085 4 1 45.197 -28.235 84
1086 4 1 45.197 -28.235 84
1087 4 1 45.197 -28.235 84
1088 2 1 0.262 9.045 85
1089 2 1 0.262 9.045 85
1090 2 1 0.262 9.045 85
1091 2 1 0.262 9.045 85
1092 2 1 0.262 9.045 85
1093 2 1 0.262 9.045 85
1094 2 1 0.262 9.045 85
1095 2 1 0.262 9.045 85
1096 2 1 0.262 9.045 85
1097 2 1 0.262 9.045 85
1098 2 1 0.262 9.045 85
1099 2 1 0.262 9.045 85
1100 2 1 0.262 9.045 85
1101 2 1 0.262 9.045 85
1102 2 1 0.262 9.045 85
1103 2 1 0.262 9.045 85
1104 1 1 -2.85 31.848 86
1105 1 1 -2.85 31.848 86
1106 1 1 -2.85 31.848 86
1107 1 1 -2.85 31.848 86
1108 1 1 -2.85 31.848 86
1109 1 1 -2.85 31.848 86
1110 1 1 -2.85 31.848 86
1111 1 1 -2.85 31.848 86
1112 1 1 -2.85 31.848 86
1113 1 1 -2.85 31.848 86
1114 1 1 -2.85 31.848 86
1115 1 1 -2.85 31.848 86
1116 1 1 -2.85 31.848 86
1117 1 1 -2.85 31.848 86
1118 1 1 -2.85 31.848 86
1119 1 1 14.685 -22.229 87
1120 1 1 14.685 -22.229 87
1121 1 1 14.685 -22.229 87
1122 1 1 14.685 -22.229 87
1123 4 1 -39.49 -20.728 88
1124 4 1 -39.49 -20.728 88
1125 4 1 -39.49 -20.728 88
1126 4 1 -39.49 -20.728 88
1127 4 1 -39.49 -20.728 88
1128 4 1 -39.49 -20.728 88
1129 4 1 -39.49 -20.728 88
1130 4 1 -39.49 -20.728 88
1131 4 1 -39.49 -20.728 88
1132 4 1 -39.49 -20.728 88
1133 4 1 -39.49 -20.728 88
1134 4 1 -39.49 -20.728 88
1135 4 1 -39.49 -20.728 88
1136 4 1 -39.49 -20.728 88
1137 4 1 -39.49 -20.728 88
1138 4 1 -39.49 -20.728 88
1139 4 1 -39.49 -20.728 88
1140 4 1 26.331 30.322 89
1141 4 1 26.331 30.322 89
1142 4 1 26.331 30.322 89
1143 4 1 26.331 30.322 89
1144 4 1 26.331 30.322 89
1145 4 1 26.331 30.322 89
1146 4 1 26.331 30.322 89
1147 4 1 26.331 30.322 89
1148 4 1 26.331 30.322 89
1149 4 1 26.331 30.322 89
1150 4 1 26.331 30.322 89
1151 4 1 26.331 30.322 89
1152 4 1 26.331 30.322 89
1153 4 1 26.331 30.322 89
1154 4 1 26.331 30.322 89
1155 4 1 26.331 30.322 89
1156 4 1 26.331 30.322 89
1157 4 1 26.331 30.322 89
1158 4 1 26.331 30.322 89
1159 4 1 26.331 30.322 89
1160 4 1 26.331 30.322 89
1161 4 1 26.331 30.322 89
1162 4 1 26.331 30.322 89
1163 4 1 26.331 30.322 89
1164 1 1 -23.291 24.756 90
1165 1 1 -23.291 24.756 90
1166 1 1 -23.291 24.756 90
1167 1 1 -23.291 24.756 90
1168 1 1 -23.291 24.756 90
1169 1 1 -23.291 24.756 90
1170 1 1 -23.291 24.756 90
1171 1 1 -23.291 24.756 90
1172 1 1 -23.291 24.756 90
1173 1 1 -23.291 24.756 90
1174 1 1 -23.291 24.756 90
1175 1 1 -23.291 24.756 90
1176 1 1 -23.291 24.756 90
1177 1 1 -23.291 24.756 90
1178 1 1 -23.291 24.756 90
1179 1 1 -23.291 24.756 90
1180 1 1 -23.291 24.756 90
1181 1 1 -23.291 24.756 90
1182 1 1 -23.291 24.756 90
1183 1 1 -23.291 24.756 90
1184 2 1 35.669 -5.322 91
1185 2 1 35.669 -5.322 91
1186 2 1 35.669 -5.322 91
1187 2 1 35.669 -5.322 91
1188 2 1 35.669 -5.322 91
1189 2 1 35.669 -5.322 91
1190 2 1 35.669 -5.322 91
1191 2 1 35.669 -5.322 91
1192 2 1 35.669 -5.322 91
1193 2 1 35.669 -5.322 91
1194 2 1 35.669 -5.322 91
1195 2 1 35.669 -5.322 91
1196 2 1 35.669 -5.322 91
1197 2 1 35.669 -5.322 91
1198 2 1 35.669 -5.322 91
1199 2 1 35.669 -5.322 91
1200 2 1 35.669 -5.322 91
1201 2 1 35.669 -5.322 91
1202 2 1 35.669 -5.322 91
1203 2 1 35.669 -5.322 91
1204 4 1 56.512 -32.996 92
1205 4 1 56.512 -32.996 92
1206 4 1 56.512 -32.996 92
1207 4 1 56.512 -32.996 92
1208 4 1 56.512 -32.996 92
1209 4 1 56.512 -32.996 92
1210 4 1 56.512 -32.996 92
1211 4 1 56.512 -32.996 92
1212 4 1 56.512 -32.996 92
1213 4 1 56.512 -32.996 92
1214 4 1 56.512 -32.996 92
1215 4 1 56.512 -32.996 92
1216 4 1 56.512 -32.996 92
1217 4 1 56.512 -32.996 92
1218 4 1 56.512 -32.996 92
1219 4 1 56.512 -32.996 92
1220 4 1 56.512 -32.996 92
1221 4 1 56.512 -32.996 92
1222 4 1 56.512 -32.996 92
1223 4 1 56.512 -32.996 92
1224 4 1 56.512 -32.996 92
1225 4 1 56.512 -32.996 92
1226 4 1 56.512 -32.996 92
1227 4 1 54.388 56.714 93
1228 4 1 54.388 56.714 93
1229 4 1 54.388 56.714 93
1230 4 1 54.388 56.714 93
1231 4 1 54.388 56.714 93
1232 4 1 54.388 56.714 93
1233 4 1 54.388 56.714 93
1234 4 1 54.388 56.714 93
1235 4 1 54.388 56.714 93
1236 4 1 54.388 56.714 93
1237 4 1 54.388 56.714 93
1238 4 1 54.388 56.714 93
1239 4 1 54.388 56.714 93
1240 4 1 54.388 56.714 93
1241 4 1 54.388 56.714 93
1242 4 1 54.388 56.714 93
1243 4 1 54.388 56.714 93
1244 4 1 54.388 56.714 93
1245 4 1 54.388 56.714 93
1246 4 1 54.388 56.714 93
1247 4 1 54.388 56.714 93
1248 4 1 54.388 56.714 93
1249 4 1 54.388 56.714 93
1250 4 1 54.388 56.714 93
1251 8 1 25.116 8.917 94
1252 8 1 25.116 8.917 94
1253 8 1 25.116 8.917 94
1254 8 1 25.116 8.917 94
1255 8 1 25.116 8.917 94
1256 8 1 25.116 8.917 94
1257 8 1 25.116 8.917 94
1258 8 1 25.116 8.917 94
1259 8 1 25.116 8.917 94
1260 8 1 25.116 8.917 94
