1
0 21.666 -2.195 1260.0 7091.84814453125 39
149 1 19.0 111.63880920410156 20 500 21
0 0 21.666 -2.195 D
573 1 76.624 6.805 1
572 1 76.624 6.805 1
571 1 76.624 6.805 1
570 1 76.624 6.805 1
567 1 76.624 6.805 1
566 1 76.624 6.805 1
565 1 76.624 6.805 1
881 1 36.548 -2.161 1
880 1 36.548 -2.161 1
879 1 36.548 -2.161 1
878 1 36.548 -2.161 1
877 1 36.548 -2.161 1
876 1 36.548 -2.161 1
875 1 36.548 -2.161 1
874 1 36.548 -2.161 1
873 1 36.548 -2.161 1
871 1 36.548 -2.161 1
870 1 36.548 -2.161 1
868 1 36.548 -2.161 1
-1 0 21.666 -2.195 D
150 1 39.0 158.57778930664062 40 500 41
0 0 21.666 -2.195 D
595 1 65.265 37.909 1
594 1 65.265 37.909 1
593 1 65.265 37.909 1
248 1 76.843 31.683 1
245 1 76.843 31.683 1
244 1 76.843 31.683 1
393 1 83.313 10.638 1
392 1 83.313 10.638 1
391 1 83.313 10.638 1
390 1 83.313 10.638 1
388 1 83.313 10.638 1
387 1 83.313 10.638 1
386 1 83.313 10.638 1
385 1 83.313 10.638 1
384 1 83.313 10.638 1
383 1 83.313 10.638 1
382 1 83.313 10.638 1
381 1 83.313 10.638 1
380 1 83.313 10.638 1
379 1 83.313 10.638 1
378 1 83.313 10.638 1
376 1 83.313 10.638 1
374 1 83.313 10.638 1
372 1 83.313 10.638 1
371 1 83.313 10.638 1
370 1 83.313 10.638 1
369 1 83.313 10.638 1
581 1 76.624 6.805 1
580 1 76.624 6.805 1
579 1 76.624 6.805 1
578 1 76.624 6.805 1
577 1 76.624 6.805 1
576 1 76.624 6.805 1
575 1 76.624 6.805 1
574 1 76.624 6.805 1
438 1 63.391 8.636 1
437 1 63.391 8.636 1
436 1 63.391 8.636 1
435 1 63.391 8.636 1
-1 0 21.666 -2.195 D
151 1 59.0 195.1518096923828 60 500 61
0 0 21.666 -2.195 D
229 1 24.176 42.108 1
228 1 24.176 42.108 1
226 1 24.176 42.108 1
225 1 24.176 42.108 1
224 1 24.176 42.108 1
222 1 24.176 42.108 1
221 1 24.176 42.108 1
220 1 24.176 42.108 1
219 1 24.176 42.108 1
218 1 24.176 42.108 1
215 1 24.176 42.108 1
212 1 24.176 42.108 1
211 1 24.176 42.108 1
209 1 24.176 42.108 1
867 1 23.315 44.336 1
866 1 23.315 44.336 1
865 1 23.315 44.336 1
864 1 23.315 44.336 1
863 1 23.315 44.336 1
862 1 23.315 44.336 1
861 1 23.315 44.336 1
860 1 23.315 44.336 1
857 1 23.315 44.336 1
856 1 23.315 44.336 1
855 1 23.315 44.336 1
854 1 23.315 44.336 1
853 1 23.315 44.336 1
851 1 23.315 44.336 1
850 1 23.315 44.336 1
849 1 23.315 44.336 1
847 1 23.315 44.336 1
846 1 23.315 44.336 1
652 1 21.49 50.092 1
651 1 21.49 50.092 1
650 1 21.49 50.092 1
648 1 21.49 50.092 1
745 1 66.113 68.481 1
743 1 66.113 68.481 1
742 1 66.113 68.481 1
740 1 66.113 68.481 1
739 1 66.113 68.481 1
737 1 66.113 68.481 1
736 1 66.113 68.481 1
735 1 66.113 68.481 1
734 1 66.113 68.481 1
733 1 66.113 68.481 1
598 1 65.265 37.909 1
597 1 65.265 37.909 1
596 1 65.265 37.909 1
61 1 51.642 37.671 1
60 1 51.642 37.671 1
59 1 51.642 37.671 1
58 1 51.642 37.671 1
57 1 51.642 37.671 1
56 1 51.642 37.671 1
55 1 51.642 37.671 1
53 1 51.642 37.671 1
52 1 51.642 37.671 1
51 1 51.642 37.671 1
-1 0 21.666 -2.195 D
152 2 39.0 168.76736450195312 40 500 41
0 0 21.666 -2.195 D
1026 1 34.857 14.148 2
1025 1 34.857 14.148 2
1024 1 34.857 14.148 2
1023 1 34.857 14.148 2
1022 1 34.857 14.148 2
1021 1 34.857 14.148 2
1020 1 34.857 14.148 2
1019 1 34.857 14.148 2
1018 1 34.857 14.148 2
1017 1 34.857 14.148 2
1016 1 34.857 14.148 2
1015 1 34.857 14.148 2
1014 1 34.857 14.148 2
1013 1 34.857 14.148 2
1012 1 34.857 14.148 2
1011 1 34.857 14.148 2
1010 1 34.857 14.148 2
936 1 57.953 17.877 2
935 1 57.953 17.877 2
934 1 57.953 17.877 2
933 1 57.953 17.877 2
932 1 57.953 17.877 2
931 1 57.953 17.877 2
929 1 57.953 17.877 2
928 1 57.953 17.877 2
927 1 57.953 17.877 2
926 1 57.953 17.877 2
925 1 57.953 17.877 2
418 1 62.177 22.217 2
417 1 62.177 22.217 2
416 1 62.177 22.217 2
415 1 62.177 22.217 2
414 1 62.177 22.217 2
413 1 62.177 22.217 2
966 1 71.143 44.336 2
249 1 76.843 31.683 2
247 1 76.843 31.683 2
569 1 76.624 6.805 2
568 1 76.624 6.805 2
-1 0 21.666 -2.195 D
153 2 74.0 176.7161102294922 80 500 76
0 0 21.666 -2.195 D
31 1 20.19 8.527 2
88 1 16.418 28.979 2
86 1 16.418 28.979 2
84 1 16.418 28.979 2
40 1 12.085 36.42 2
120 1 5.792 50.482 2
118 1 5.792 50.482 2
117 1 5.792 50.482 2
924 1 17.725 73.309 2
923 1 17.725 73.309 2
922 1 17.725 73.309 2
921 1 17.725 73.309 2
920 1 17.725 73.309 2
919 1 17.725 73.309 2
917 1 17.725 73.309 2
916 1 17.725 73.309 2
914 1 17.725 73.309 2
912 1 17.725 73.309 2
911 1 17.725 73.309 2
910 1 17.725 73.309 2
909 1 17.725 73.309 2
908 1 17.725 73.309 2
907 1 17.725 73.309 2
906 1 17.725 73.309 2
905 1 17.725 73.309 2
904 1 17.725 73.309 2
902 1 17.725 73.309 2
663 1 21.49 50.092 2
657 1 21.49 50.092 2
649 1 21.49 50.092 2
859 1 23.315 44.336 2
858 1 23.315 44.336 2
852 1 23.315 44.336 2
848 1 23.315 44.336 2
230 1 24.176 42.108 2
223 1 24.176 42.108 2
217 1 24.176 42.108 2
214 1 24.176 42.108 2
213 1 24.176 42.108 2
980 1 39.014 35.083 2
979 1 39.014 35.083 2
978 1 39.014 35.083 2
977 1 39.014 35.083 2
976 1 39.014 35.083 2
975 1 39.014 35.083 2
974 1 39.014 35.083 2
973 1 39.014 35.083 2
972 1 39.014 35.083 2
971 1 39.014 35.083 2
970 1 39.014 35.083 2
969 1 39.014 35.083 2
968 1 39.014 35.083 2
967 1 39.014 35.083 2
748 1 30.048 27.02 2
747 1 30.048 27.02 2
746 1 30.048 27.02 2
368 1 30.078 24.78 2
367 1 30.078 24.78 2
366 1 30.078 24.78 2
365 1 30.078 24.78 2
364 1 30.078 24.78 2
363 1 30.078 24.78 2
361 1 30.078 24.78 2
360 1 30.078 24.78 2
359 1 30.078 24.78 2
357 1 30.078 24.78 2
356 1 30.078 24.78 2
355 1 30.078 24.78 2
1032 1 34.857 14.148 2
1031 1 34.857 14.148 2
1030 1 34.857 14.148 2
1029 1 34.857 14.148 2
1028 1 34.857 14.148 2
1027 1 34.857 14.148 2
-1 0 21.666 -2.195 D
154 2 110.0 224.9264373779297 120 500 112
0 0 21.666 -2.195 D
834 1 36.761 -14.014 2
828 1 36.761 -14.014 2
826 1 36.761 -14.014 2
820 1 36.761 -14.014 2
186 1 -5.896 -9.009 2
182 1 -5.896 -9.009 2
178 1 -5.896 -9.009 2
497 1 3.253 -4.755 2
493 1 3.253 -4.755 2
491 1 3.253 -4.755 2
490 1 3.253 -4.755 2
487 1 3.253 -4.755 2
486 1 3.253 -4.755 2
485 1 3.253 -4.755 2
411 1 5.786 -2.856 2
410 1 5.786 -2.856 2
409 1 5.786 -2.856 2
408 1 5.786 -2.856 2
407 1 5.786 -2.856 2
406 1 5.786 -2.856 2
405 1 5.786 -2.856 2
404 1 5.786 -2.856 2
403 1 5.786 -2.856 2
402 1 5.786 -2.856 2
401 1 5.786 -2.856 2
400 1 5.786 -2.856 2
396 1 5.786 -2.856 2
395 1 5.786 -2.856 2
394 1 5.786 -2.856 2
162 1 4.822 -23.743 2
160 1 4.822 -23.743 2
266 1 3.949 -24.646 2
259 1 3.949 -24.646 2
250 1 3.949 -24.646 2
621 1 9.68 -28.711 2
618 1 9.68 -28.711 2
616 1 9.68 -28.711 2
614 1 9.68 -28.711 2
607 1 9.68 -28.711 2
784 1 7.55 -39.832 2
783 1 7.55 -39.832 2
781 1 7.55 -39.832 2
780 1 7.55 -39.832 2
779 1 7.55 -39.832 2
689 1 -17.242 -6.396 2
688 1 -17.242 -6.396 2
686 1 -17.242 -6.396 2
684 1 -17.242 -6.396 2
683 1 -17.242 -6.396 2
682 1 -17.242 -6.396 2
681 1 -17.242 -6.396 2
680 1 -17.242 -6.396 2
679 1 -17.242 -6.396 2
678 1 -17.242 -6.396 2
676 1 -17.242 -6.396 2
675 1 -17.242 -6.396 2
674 1 -17.242 -6.396 2
672 1 -17.242 -6.396 2
671 1 -17.242 -6.396 2
670 1 -17.242 -6.396 2
669 1 -17.242 -6.396 2
668 1 -17.242 -6.396 2
667 1 -17.242 -6.396 2
458 1 -5.695 1.202 2
456 1 -5.695 1.202 2
450 1 -5.695 1.202 2
446 1 -5.695 1.202 2
441 1 -5.695 1.202 2
440 1 -5.695 1.202 2
484 1 -8.167 4.395 2
483 1 -8.167 4.395 2
482 1 -8.167 4.395 2
481 1 -8.167 4.395 2
480 1 -8.167 4.395 2
479 1 -8.167 4.395 2
478 1 -8.167 4.395 2
477 1 -8.167 4.395 2
476 1 -8.167 4.395 2
475 1 -8.167 4.395 2
474 1 -8.167 4.395 2
473 1 -8.167 4.395 2
472 1 -8.167 4.395 2
471 1 -8.167 4.395 2
470 1 -8.167 4.395 2
468 1 -8.167 4.395 2
467 1 -8.167 4.395 2
464 1 -8.167 4.395 2
462 1 -8.167 4.395 2
460 1 -8.167 4.395 2
23 1 -16.412 5.396 2
19 1 -16.412 5.396 2
18 1 -16.412 5.396 2
16 1 -16.412 5.396 2
4 1 -16.412 5.396 2
1103 1 0.262 9.045 2
1102 1 0.262 9.045 2
1101 1 0.262 9.045 2
1100 1 0.262 9.045 2
1099 1 0.262 9.045 2
1098 1 0.262 9.045 2
1097 1 0.262 9.045 2
1096 1 0.262 9.045 2
1095 1 0.262 9.045 2
1094 1 0.262 9.045 2
1093 1 0.262 9.045 2
1092 1 0.262 9.045 2
1091 1 0.262 9.045 2
1090 1 0.262 9.045 2
1089 1 0.262 9.045 2
1088 1 0.262 9.045 2
-1 0 21.666 -2.195 D
155 4 59.0 195.17164611816406 60 500 61
0 0 21.666 -2.195 D
362 1 30.078 24.78 4
358 1 30.078 24.78 4
1159 1 26.331 30.322 4
1158 1 26.331 30.322 4
1157 1 26.331 30.322 4
1156 1 26.331 30.322 4
1155 1 26.331 30.322 4
1154 1 26.331 30.322 4
1153 1 26.331 30.322 4
1152 1 26.331 30.322 4
1151 1 26.331 30.322 4
1150 1 26.331 30.322 4
1149 1 26.331 30.322 4
1148 1 26.331 30.322 4
1147 1 26.331 30.322 4
1146 1 26.331 30.322 4
1145 1 26.331 30.322 4
1144 1 26.331 30.322 4
1143 1 26.331 30.322 4
1142 1 26.331 30.322 4
1141 1 26.331 30.322 4
1140 1 26.331 30.322 4
592 1 37.042 60.815 4
591 1 37.042 60.815 4
590 1 37.042 60.815 4
589 1 37.042 60.815 4
585 1 37.042 60.815 4
1250 1 54.388 56.714 4
1249 1 54.388 56.714 4
1248 1 54.388 56.714 4
1247 1 54.388 56.714 4
1246 1 54.388 56.714 4
1245 1 54.388 56.714 4
1244 1 54.388 56.714 4
1243 1 54.388 56.714 4
1242 1 54.388 56.714 4
1241 1 54.388 56.714 4
1240 1 54.388 56.714 4
1239 1 54.388 56.714 4
1238 1 54.388 56.714 4
1237 1 54.388 56.714 4
1236 1 54.388 56.714 4
1235 1 54.388 56.714 4
1234 1 54.388 56.714 4
1233 1 54.388 56.714 4
1232 1 54.388 56.714 4
1231 1 54.388 56.714 4
1230 1 54.388 56.714 4
1229 1 54.388 56.714 4
1228 1 54.388 56.714 4
1227 1 54.388 56.714 4
54 1 51.642 37.671 4
246 1 76.843 31.683 4
930 1 57.953 17.877 4
1084 1 30.884 4.156 4
1083 1 30.884 4.156 4
1082 1 30.884 4.156 4
1081 1 30.884 4.156 4
1080 1 30.884 4.156 4
-1 0 21.666 -2.195 D
156 4 99.0 368.6380310058594 100 500 101
0 0 21.666 -2.195 D
412 1 5.786 -2.856 4
399 1 5.786 -2.856 4
398 1 5.786 -2.856 4
397 1 5.786 -2.856 4
496 1 3.253 -4.755 4
495 1 3.253 -4.755 4
494 1 3.253 -4.755 4
492 1 3.253 -4.755 4
489 1 3.253 -4.755 4
488 1 3.253 -4.755 4
584 1 -1.208 -8.875 4
583 1 -1.208 -8.875 4
582 1 -1.208 -8.875 4
188 1 -5.896 -9.009 4
600 1 -10.12 -15.631 4
1139 1 -39.49 -20.728 4
1138 1 -39.49 -20.728 4
1137 1 -39.49 -20.728 4
1136 1 -39.49 -20.728 4
1135 1 -39.49 -20.728 4
1134 1 -39.49 -20.728 4
1133 1 -39.49 -20.728 4
1132 1 -39.49 -20.728 4
1131 1 -39.49 -20.728 4
1130 1 -39.49 -20.728 4
1129 1 -39.49 -20.728 4
1128 1 -39.49 -20.728 4
1127 1 -39.49 -20.728 4
1126 1 -39.49 -20.728 4
1125 1 -39.49 -20.728 4
1124 1 -39.49 -20.728 4
1123 1 -39.49 -20.728 4
687 1 -17.242 -6.396 4
685 1 -17.242 -6.396 4
677 1 -17.242 -6.396 4
673 1 -17.242 -6.396 4
666 1 -17.242 -6.396 4
469 1 -8.167 4.395 4
466 1 -8.167 4.395 4
465 1 -8.167 4.395 4
463 1 -8.167 4.395 4
461 1 -8.167 4.395 4
66 1 -24.896 27.045 4
433 1 -10.004 51.379 4
431 1 -10.004 51.379 4
430 1 -10.004 51.379 4
427 1 -10.004 51.379 4
426 1 -10.004 51.379 4
425 1 -10.004 51.379 4
424 1 -10.004 51.379 4
423 1 -10.004 51.379 4
422 1 -10.004 51.379 4
421 1 -10.004 51.379 4
150 1 -35.999 77.466 4
148 1 -35.999 77.466 4
137 1 -35.999 77.466 4
134 1 -35.999 77.466 4
353 1 14.874 83.002 4
352 1 14.874 83.002 4
351 1 14.874 83.002 4
350 1 14.874 83.002 4
349 1 14.874 83.002 4
348 1 14.874 83.002 4
347 1 14.874 83.002 4
346 1 14.874 83.002 4
345 1 14.874 83.002 4
344 1 14.874 83.002 4
343 1 14.874 83.002 4
342 1 14.874 83.002 4
341 1 14.874 83.002 4
340 1 14.874 83.002 4
339 1 14.874 83.002 4
338 1 14.874 83.002 4
337 1 14.874 83.002 4
918 1 17.725 73.309 4
915 1 17.725 73.309 4
913 1 17.725 73.309 4
903 1 17.725 73.309 4
116 1 5.792 50.482 4
47 1 12.085 36.42 4
45 1 12.085 36.42 4
42 1 12.085 36.42 4
227 1 24.176 42.108 4
216 1 24.176 42.108 4
210 1 24.176 42.108 4
1163 1 26.331 30.322 4
1162 1 26.331 30.322 4
1161 1 26.331 30.322 4
1160 1 26.331 30.322 4
845 1 19.366 30.005 4
844 1 19.366 30.005 4
843 1 19.366 30.005 4
842 1 19.366 30.005 4
841 1 19.366 30.005 4
840 1 19.366 30.005 4
839 1 19.366 30.005 4
838 1 19.366 30.005 4
33 1 20.19 8.527 4
28 1 20.19 8.527 4
-1 0 21.666 -2.195 D
157 4 76.0 426.75543212890625 160 500 78
0 0 21.666 -2.195 D
1009 1 18.237 -8.545 4
1008 1 18.237 -8.545 4
1007 1 18.237 -8.545 4
1006 1 18.237 -8.545 4
1005 1 18.237 -8.545 4
1004 1 18.237 -8.545 4
1003 1 18.237 -8.545 4
1002 1 18.237 -8.545 4
1001 1 18.237 -8.545 4
1000 1 18.237 -8.545 4
999 1 18.237 -8.545 4
154 1 4.822 -23.743 4
257 1 3.949 -24.646 4
603 1 -10.12 -15.631 4
602 1 -10.12 -15.631 4
601 1 -10.12 -15.631 4
809 1 -25.073 -58.185 4
806 1 -25.073 -58.185 4
719 1 -19.012 -76.208 4
632 1 7.55 -56.458 4
630 1 7.55 -56.458 4
629 1 7.55 -56.458 4
628 1 7.55 -56.458 4
627 1 7.55 -56.458 4
626 1 7.55 -56.458 4
624 1 7.55 -56.458 4
623 1 7.55 -56.458 4
622 1 7.55 -56.458 4
130 1 46.429 -99.872 4
97 1 52.472 -61.682 4
207 1 89.52 -47.461 4
203 1 89.52 -47.461 4
194 1 89.52 -47.461 4
298 1 78.876 -26.44 4
286 1 78.876 -26.44 4
270 1 77.942 -10.742 4
519 1 63.416 -5.261 4
508 1 63.416 -5.261 4
504 1 63.416 -5.261 4
1226 1 56.512 -32.996 4
1225 1 56.512 -32.996 4
1224 1 56.512 -32.996 4
1223 1 56.512 -32.996 4
1222 1 56.512 -32.996 4
1221 1 56.512 -32.996 4
1220 1 56.512 -32.996 4
1219 1 56.512 -32.996 4
1218 1 56.512 -32.996 4
1217 1 56.512 -32.996 4
1216 1 56.512 -32.996 4
1215 1 56.512 -32.996 4
1214 1 56.512 -32.996 4
1213 1 56.512 -32.996 4
1212 1 56.512 -32.996 4
1211 1 56.512 -32.996 4
1210 1 56.512 -32.996 4
1209 1 56.512 -32.996 4
1208 1 56.512 -32.996 4
1207 1 56.512 -32.996 4
1206 1 56.512 -32.996 4
1205 1 56.512 -32.996 4
1204 1 56.512 -32.996 4
1087 1 45.197 -28.235 4
1086 1 45.197 -28.235 4
1085 1 45.197 -28.235 4
232 1 41.675 -35.04 4
543 1 23.669 -26.154 4
542 1 23.669 -26.154 4
541 1 23.669 -26.154 4
540 1 23.669 -26.154 4
539 1 23.669 -26.154 4
538 1 23.669 -26.154 4
537 1 23.669 -26.154 4
536 1 23.669 -26.154 4
535 1 23.669 -26.154 4
534 1 23.669 -26.154 4
-1 0 21.666 -2.195 D
159 8 91.0 489.5536193847656 100 500 93
0 0 21.666 -2.195 D
946 1 10.443 47.455 8
947 1 10.443 47.455 8
948 1 10.443 47.455 8
949 1 10.443 47.455 8
950 1 10.443 47.455 8
951 1 10.443 47.455 8
952 1 10.443 47.455 8
953 1 10.443 47.455 8
954 1 10.443 47.455 8
955 1 10.443 47.455 8
956 1 10.443 47.455 8
957 1 10.443 47.455 8
958 1 10.443 47.455 8
959 1 10.443 47.455 8
960 1 10.443 47.455 8
961 1 10.443 47.455 8
962 1 10.443 47.455 8
963 1 10.443 47.455 8
964 1 10.443 47.455 8
965 1 10.443 47.455 8
302 1 15.961 36.847 8
305 1 15.961 36.847 8
306 1 15.961 36.847 8
309 1 15.961 36.847 8
311 1 15.961 36.847 8
314 1 15.961 36.847 8
1251 1 25.116 8.917 8
1252 1 25.116 8.917 8
1253 1 25.116 8.917 8
1254 1 25.116 8.917 8
1255 1 25.116 8.917 8
1256 1 25.116 8.917 8
1257 1 25.116 8.917 8
1258 1 25.116 8.917 8
1259 1 25.116 8.917 8
1260 1 25.116 8.917 8
869 1 36.548 -2.161 8
872 1 36.548 -2.161 8
882 1 36.548 -2.161 8
708 1 49.139 -25.116 8
761 1 72.052 -6.567 8
757 1 72.052 -6.567 8
756 1 72.052 -6.567 8
753 1 72.052 -6.567 8
728 1 96.301 -6.873 8
726 1 96.301 -6.873 8
724 1 96.301 -6.873 8
723 1 96.301 -6.873 8
998 1 62.701 -59.564 8
997 1 62.701 -59.564 8
996 1 62.701 -59.564 8
995 1 62.701 -59.564 8
994 1 62.701 -59.564 8
993 1 62.701 -59.564 8
992 1 62.701 -59.564 8
991 1 62.701 -59.564 8
990 1 62.701 -59.564 8
989 1 62.701 -59.564 8
988 1 62.701 -59.564 8
987 1 62.701 -59.564 8
986 1 62.701 -59.564 8
985 1 62.701 -59.564 8
984 1 62.701 -59.564 8
983 1 62.701 -59.564 8
982 1 62.701 -59.564 8
981 1 62.701 -59.564 8
524 1 13.092 -36.743 8
631 1 7.55 -56.458 8
625 1 7.55 -56.458 8
1079 1 -62.354 -39.624 8
1078 1 -62.354 -39.624 8
1077 1 -62.354 -39.624 8
1076 1 -62.354 -39.624 8
1075 1 -62.354 -39.624 8
1074 1 -62.354 -39.624 8
1073 1 -62.354 -39.624 8
1072 1 -62.354 -39.624 8
1071 1 -62.354 -39.624 8
1070 1 -62.354 -39.624 8
1069 1 -62.354 -39.624 8
1068 1 -62.354 -39.624 8
1067 1 -62.354 -39.624 8
1066 1 -62.354 -39.624 8
1065 1 -62.354 -39.624 8
1064 1 -62.354 -39.624 8
1063 1 -62.354 -39.624 8
1062 1 -62.354 -39.624 8
1061 1 -62.354 -39.624 8
1060 1 -62.354 -39.624 8
604 1 -10.12 -15.631 8
599 1 -10.12 -15.631 8
-1 0 21.666 -2.195 D
160 8 20.0 311.13458251953125 160 500 22
0 0 21.666 -2.195 D
434 1 63.391 8.636 8
373 1 83.313 10.638 8
375 1 83.313 10.638 8
377 1 83.313 10.638 8
389 1 83.313 10.638 8
732 1 66.113 68.481 8
738 1 66.113 68.481 8
741 1 66.113 68.481 8
744 1 66.113 68.481 8
586 1 37.042 60.815 8
587 1 37.042 60.815 8
588 1 37.042 60.815 8
636 1 14.795 62.445 8
354 1 14.874 83.002 8
557 1 9.027 90.192 8
558 1 9.027 90.192 8
560 1 9.027 90.192 8
428 1 -10.004 51.379 8
429 1 -10.004 51.379 8
432 1 -10.004 51.379 8
-1 0 21.666 -2.195 D
161 1 19.0 187.62371826171875 20 500 21
0 0 21.666 -2.195 D
635 1 14.795 62.445 1
634 1 14.795 62.445 1
633 1 14.795 62.445 1
548 1 9.027 90.192 1
547 1 9.027 90.192 1
546 1 9.027 90.192 1
545 1 9.027 90.192 1
544 1 9.027 90.192 1
665 1 21.49 50.092 1
664 1 21.49 50.092 1
662 1 21.49 50.092 1
661 1 21.49 50.092 1
660 1 21.49 50.092 1
659 1 21.49 50.092 1
658 1 21.49 50.092 1
656 1 21.49 50.092 1
655 1 21.49 50.092 1
654 1 21.49 50.092 1
653 1 21.49 50.092 1
-1 0 21.666 -2.195 D
162 1 19.0 186.4979248046875 20 500 21
0 0 21.666 -2.195 D
300 1 15.961 36.847 1
564 1 9.027 90.192 1
563 1 9.027 90.192 1
562 1 9.027 90.192 1
561 1 9.027 90.192 1
559 1 9.027 90.192 1
556 1 9.027 90.192 1
555 1 9.027 90.192 1
554 1 9.027 90.192 1
553 1 9.027 90.192 1
552 1 9.027 90.192 1
551 1 9.027 90.192 1
550 1 9.027 90.192 1
549 1 9.027 90.192 1
32 1 20.19 8.527 1
30 1 20.19 8.527 1
29 1 20.19 8.527 1
27 1 20.19 8.527 1
26 1 20.19 8.527 1
-1 0 21.666 -2.195 D
163 1 19.0 83.17920684814453 20 500 21
0 0 21.666 -2.195 D
87 1 16.418 28.979 1
85 1 16.418 28.979 1
83 1 16.418 28.979 1
82 1 16.418 28.979 1
81 1 16.418 28.979 1
318 1 15.961 36.847 1
317 1 15.961 36.847 1
316 1 15.961 36.847 1
315 1 15.961 36.847 1
313 1 15.961 36.847 1
312 1 15.961 36.847 1
310 1 15.961 36.847 1
308 1 15.961 36.847 1
307 1 15.961 36.847 1
304 1 15.961 36.847 1
303 1 15.961 36.847 1
301 1 15.961 36.847 1
35 1 12.085 36.42 1
34 1 12.085 36.42 1
-1 0 21.666 -2.195 D
164 1 19.0 97.35685729980469 20 500 21
0 0 21.666 -2.195 D
1113 1 -2.85 31.848 1
1112 1 -2.85 31.848 1
1111 1 -2.85 31.848 1
1110 1 -2.85 31.848 1
1109 1 -2.85 31.848 1
1108 1 -2.85 31.848 1
1107 1 -2.85 31.848 1
1106 1 -2.85 31.848 1
1105 1 -2.85 31.848 1
1104 1 -2.85 31.848 1
48 1 12.085 36.42 1
46 1 12.085 36.42 1
44 1 12.085 36.42 1
43 1 12.085 36.42 1
41 1 12.085 36.42 1
39 1 12.085 36.42 1
38 1 12.085 36.42 1
37 1 12.085 36.42 1
36 1 12.085 36.42 1
-1 0 21.666 -2.195 D
165 1 19.0 110.03363037109375 20 500 21
0 0 21.666 -2.195 D
113 1 5.792 50.482 1
112 1 5.792 50.482 1
111 1 5.792 50.482 1
110 1 5.792 50.482 1
109 1 5.792 50.482 1
108 1 5.792 50.482 1
107 1 5.792 50.482 1
106 1 5.792 50.482 1
105 1 5.792 50.482 1
104 1 5.792 50.482 1
126 1 5.792 50.482 1
125 1 5.792 50.482 1
124 1 5.792 50.482 1
123 1 5.792 50.482 1
122 1 5.792 50.482 1
121 1 5.792 50.482 1
119 1 5.792 50.482 1
115 1 5.792 50.482 1
114 1 5.792 50.482 1
-1 0 21.666 -2.195 D
166 1 19.0 196.69107055664062 20 500 21
0 0 21.666 -2.195 D
939 1 -8.344 38.257 1
938 1 -8.344 38.257 1
937 1 -8.344 38.257 1
149 1 -35.999 77.466 1
147 1 -35.999 77.466 1
146 1 -35.999 77.466 1
144 1 -35.999 77.466 1
143 1 -35.999 77.466 1
141 1 -35.999 77.466 1
140 1 -35.999 77.466 1
139 1 -35.999 77.466 1
138 1 -35.999 77.466 1
136 1 -35.999 77.466 1
133 1 -35.999 77.466 1
1118 1 -2.85 31.848 1
1117 1 -2.85 31.848 1
1116 1 -2.85 31.848 1
1115 1 -2.85 31.848 1
1114 1 -2.85 31.848 1
-1 0 21.666 -2.195 D
167 1 19.0 125.57234191894531 20 500 21
0 0 21.666 -2.195 D
1170 1 -23.291 24.756 1
1169 1 -23.291 24.756 1
1168 1 -23.291 24.756 1
1167 1 -23.291 24.756 1
1166 1 -23.291 24.756 1
1165 1 -23.291 24.756 1
1164 1 -23.291 24.756 1
69 1 -24.896 27.045 1
68 1 -24.896 27.045 1
67 1 -24.896 27.045 1
65 1 -24.896 27.045 1
64 1 -24.896 27.045 1
63 1 -24.896 27.045 1
62 1 -24.896 27.045 1
945 1 -8.344 38.257 1
944 1 -8.344 38.257 1
943 1 -8.344 38.257 1
942 1 -8.344 38.257 1
941 1 -8.344 38.257 1
-1 0 21.666 -2.195 D
168 1 19.0 111.7895736694336 20 500 21
0 0 21.666 -2.195 D
7 1 -16.412 5.396 1
6 1 -16.412 5.396 1
5 1 -16.412 5.396 1
3 1 -16.412 5.396 1
2 1 -16.412 5.396 1
1 1 -16.412 5.396 1
1183 1 -23.291 24.756 1
1182 1 -23.291 24.756 1
1181 1 -23.291 24.756 1
1180 1 -23.291 24.756 1
1179 1 -23.291 24.756 1
1178 1 -23.291 24.756 1
1177 1 -23.291 24.756 1
1176 1 -23.291 24.756 1
1175 1 -23.291 24.756 1
1174 1 -23.291 24.756 1
1173 1 -23.291 24.756 1
1172 1 -23.291 24.756 1
1171 1 -23.291 24.756 1
-1 0 21.666 -2.195 D
169 1 19.0 77.90676879882812 20 500 21
0 0 21.666 -2.195 D
445 1 -5.695 1.202 1
444 1 -5.695 1.202 1
443 1 -5.695 1.202 1
442 1 -5.695 1.202 1
439 1 -5.695 1.202 1
25 1 -16.412 5.396 1
24 1 -16.412 5.396 1
22 1 -16.412 5.396 1
21 1 -16.412 5.396 1
20 1 -16.412 5.396 1
17 1 -16.412 5.396 1
15 1 -16.412 5.396 1
14 1 -16.412 5.396 1
13 1 -16.412 5.396 1
12 1 -16.412 5.396 1
11 1 -16.412 5.396 1
10 1 -16.412 5.396 1
9 1 -16.412 5.396 1
8 1 -16.412 5.396 1
-1 0 21.666 -2.195 D
170 1 19.0 84.86178588867188 20 500 21
0 0 21.666 -2.195 D
251 1 3.949 -24.646 1
189 1 -5.896 -9.009 1
187 1 -5.896 -9.009 1
185 1 -5.896 -9.009 1
184 1 -5.896 -9.009 1
183 1 -5.896 -9.009 1
181 1 -5.896 -9.009 1
180 1 -5.896 -9.009 1
179 1 -5.896 -9.009 1
459 1 -5.695 1.202 1
457 1 -5.695 1.202 1
455 1 -5.695 1.202 1
454 1 -5.695 1.202 1
453 1 -5.695 1.202 1
452 1 -5.695 1.202 1
451 1 -5.695 1.202 1
449 1 -5.695 1.202 1
448 1 -5.695 1.202 1
447 1 -5.695 1.202 1
-1 0 21.666 -2.195 D
171 1 19.0 57.205902099609375 20 500 21
0 0 21.666 -2.195 D
157 1 4.822 -23.743 1
156 1 4.822 -23.743 1
155 1 4.822 -23.743 1
153 1 4.822 -23.743 1
152 1 4.822 -23.743 1
151 1 4.822 -23.743 1
267 1 3.949 -24.646 1
265 1 3.949 -24.646 1
264 1 3.949 -24.646 1
263 1 3.949 -24.646 1
262 1 3.949 -24.646 1
261 1 3.949 -24.646 1
260 1 3.949 -24.646 1
258 1 3.949 -24.646 1
256 1 3.949 -24.646 1
255 1 3.949 -24.646 1
254 1 3.949 -24.646 1
253 1 3.949 -24.646 1
252 1 3.949 -24.646 1
-1 0 21.666 -2.195 D
172 1 19.0 64.15110778808594 20 500 21
0 0 21.666 -2.195 D
605 1 9.68 -28.711 1
647 1 7.269 -24.066 1
646 1 7.269 -24.066 1
645 1 7.269 -24.066 1
644 1 7.269 -24.066 1
643 1 7.269 -24.066 1
642 1 7.269 -24.066 1
641 1 7.269 -24.066 1
640 1 7.269 -24.066 1
639 1 7.269 -24.066 1
638 1 7.269 -24.066 1
637 1 7.269 -24.066 1
166 1 4.822 -23.743 1
165 1 4.822 -23.743 1
164 1 4.822 -23.743 1
163 1 4.822 -23.743 1
161 1 4.822 -23.743 1
159 1 4.822 -23.743 1
158 1 4.822 -23.743 1
-1 0 21.666 -2.195 D
173 1 19.0 86.28508758544922 20 500 21
0 0 21.666 -2.195 D
175 1 5.042 -41.986 1
174 1 5.042 -41.986 1
173 1 5.042 -41.986 1
172 1 5.042 -41.986 1
170 1 5.042 -41.986 1
169 1 5.042 -41.986 1
168 1 5.042 -41.986 1
167 1 5.042 -41.986 1
620 1 9.68 -28.711 1
619 1 9.68 -28.711 1
617 1 9.68 -28.711 1
615 1 9.68 -28.711 1
613 1 9.68 -28.711 1
612 1 9.68 -28.711 1
611 1 9.68 -28.711 1
610 1 9.68 -28.711 1
609 1 9.68 -28.711 1
608 1 9.68 -28.711 1
606 1 9.68 -28.711 1
-1 0 21.666 -2.195 D
174 1 19.0 86.63954162597656 20 500 21
0 0 21.666 -2.195 D
1120 1 14.685 -22.229 1
1119 1 14.685 -22.229 1
798 1 7.55 -39.832 1
793 1 7.55 -39.832 1
792 1 7.55 -39.832 1
791 1 7.55 -39.832 1
790 1 7.55 -39.832 1
789 1 7.55 -39.832 1
787 1 7.55 -39.832 1
786 1 7.55 -39.832 1
785 1 7.55 -39.832 1
782 1 7.55 -39.832 1
778 1 7.55 -39.832 1
777 1 7.55 -39.832 1
776 1 7.55 -39.832 1
775 1 7.55 -39.832 1
774 1 7.55 -39.832 1
177 1 5.042 -41.986 1
176 1 5.042 -41.986 1
-1 0 21.666 -2.195 D
175 2 35.0 369.86749267578125 40 500 37
0 0 21.666 -2.195 D
241 1 41.675 -35.04 2
240 1 41.675 -35.04 2
234 1 41.675 -35.04 2
95 1 55.542 -46.954 2
93 1 55.542 -46.954 2
90 1 55.542 -46.954 2
89 1 55.542 -46.954 2
331 1 69.397 -54.626 2
330 1 69.397 -54.626 2
420 1 65.588 -41.077 2
419 1 65.588 -41.077 2
691 1 65.985 -14.948 2
690 1 65.985 -14.948 2
296 1 78.876 -26.44 2
282 1 78.876 -26.44 2
206 1 89.52 -47.461 2
195 1 89.52 -47.461 2
894 1 87.25 -86.615 2
892 1 87.25 -86.615 2
132 1 46.429 -99.872 2
131 1 46.429 -99.872 2
77 1 58.136 -70.673 2
76 1 58.136 -70.673 2
75 1 58.136 -70.673 2
74 1 58.136 -70.673 2
70 1 58.136 -70.673 2
99 1 52.472 -61.682 2
98 1 52.472 -61.682 2
499 1 46.057 -63.452 2
498 1 46.057 -63.452 2
797 1 7.55 -39.832 2
796 1 7.55 -39.832 2
795 1 7.55 -39.832 2
794 1 7.55 -39.832 2
788 1 7.55 -39.832 2
-1 0 21.666 -2.195 D
176 1 19.0 150.33145141601562 20 500 21
0 0 21.666 -2.195 D
1040 1 15.46 -76.562 1
1039 1 15.46 -76.562 1
1038 1 15.46 -76.562 1
1037 1 15.46 -76.562 1
1036 1 15.46 -76.562 1
1035 1 15.46 -76.562 1
1034 1 15.46 -76.562 1
533 1 13.092 -36.743 1
532 1 13.092 -36.743 1
531 1 13.092 -36.743 1
530 1 13.092 -36.743 1
529 1 13.092 -36.743 1
528 1 13.092 -36.743 1
527 1 13.092 -36.743 1
526 1 13.092 -36.743 1
525 1 13.092 -36.743 1
523 1 13.092 -36.743 1
1122 1 14.685 -22.229 1
1121 1 14.685 -22.229 1
-1 0 21.666 -2.195 D
177 1 19.0 225.44349670410156 20 500 21
0 0 21.666 -2.195 D
91 1 55.542 -46.954 1
503 1 46.057 -63.452 1
502 1 46.057 -63.452 1
501 1 46.057 -63.452 1
500 1 46.057 -63.452 1
129 1 46.429 -99.872 1
128 1 46.429 -99.872 1
127 1 46.429 -99.872 1
1050 1 15.46 -76.562 1
1049 1 15.46 -76.562 1
1048 1 15.46 -76.562 1
1047 1 15.46 -76.562 1
1046 1 15.46 -76.562 1
1045 1 15.46 -76.562 1
1044 1 15.46 -76.562 1
1043 1 15.46 -76.562 1
1042 1 15.46 -76.562 1
1041 1 15.46 -76.562 1
103 1 23.572 -26.721 1
-1 0 21.666 -2.195 D
178 1 19.0 155.4495086669922 20 500 21
0 0 21.666 -2.195 D
96 1 52.472 -61.682 1
80 1 58.136 -70.673 1
79 1 58.136 -70.673 1
78 1 58.136 -70.673 1
73 1 58.136 -70.673 1
72 1 58.136 -70.673 1
71 1 58.136 -70.673 1
102 1 52.472 -61.682 1
101 1 52.472 -61.682 1
100 1 52.472 -61.682 1
243 1 41.675 -35.04 1
242 1 41.675 -35.04 1
239 1 41.675 -35.04 1
238 1 41.675 -35.04 1
237 1 41.675 -35.04 1
236 1 41.675 -35.04 1
235 1 41.675 -35.04 1
233 1 41.675 -35.04 1
231 1 41.675 -35.04 1
-1 0 21.666 -2.195 D
179 1 19.0 214.21795654296875 20 500 21
0 0 21.666 -2.195 D
887 1 81.311 -73.871 1
886 1 81.311 -73.871 1
885 1 81.311 -73.871 1
884 1 81.311 -73.871 1
883 1 81.311 -73.871 1
901 1 87.25 -86.615 1
900 1 87.25 -86.615 1
899 1 87.25 -86.615 1
898 1 87.25 -86.615 1
897 1 87.25 -86.615 1
896 1 87.25 -86.615 1
895 1 87.25 -86.615 1
893 1 87.25 -86.615 1
891 1 87.25 -86.615 1
890 1 87.25 -86.615 1
889 1 87.25 -86.615 1
888 1 87.25 -86.615 1
94 1 55.542 -46.954 1
92 1 55.542 -46.954 1
-1 0 21.666 -2.195 D
180 1 19.0 142.47640991210938 20 500 21
0 0 21.666 -2.195 D
704 1 49.139 -25.116 1
703 1 49.139 -25.116 1
702 1 49.139 -25.116 1
336 1 69.397 -54.626 1
335 1 69.397 -54.626 1
334 1 69.397 -54.626 1
333 1 69.397 -54.626 1
332 1 69.397 -54.626 1
329 1 69.397 -54.626 1
328 1 69.397 -54.626 1
327 1 69.397 -54.626 1
326 1 69.397 -54.626 1
325 1 69.397 -54.626 1
324 1 69.397 -54.626 1
323 1 69.397 -54.626 1
322 1 69.397 -54.626 1
321 1 69.397 -54.626 1
320 1 69.397 -54.626 1
319 1 69.397 -54.626 1
-1 0 21.666 -2.195 D
181 1 19.0 71.57791137695312 20 500 21
0 0 21.666 -2.195 D
822 1 36.761 -14.014 1
821 1 36.761 -14.014 1
819 1 36.761 -14.014 1
818 1 36.761 -14.014 1
817 1 36.761 -14.014 1
816 1 36.761 -14.014 1
815 1 36.761 -14.014 1
814 1 36.761 -14.014 1
716 1 49.139 -25.116 1
715 1 49.139 -25.116 1
714 1 49.139 -25.116 1
713 1 49.139 -25.116 1
712 1 49.139 -25.116 1
711 1 49.139 -25.116 1
710 1 49.139 -25.116 1
709 1 49.139 -25.116 1
707 1 49.139 -25.116 1
706 1 49.139 -25.116 1
705 1 49.139 -25.116 1
-1 0 21.666 -2.195 D
182 1 19.0 163.20623779296875 20 500 21
0 0 21.666 -2.195 D
198 1 89.52 -47.461 1
197 1 89.52 -47.461 1
196 1 89.52 -47.461 1
193 1 89.52 -47.461 1
192 1 89.52 -47.461 1
191 1 89.52 -47.461 1
190 1 89.52 -47.461 1
837 1 36.761 -14.014 1
836 1 36.761 -14.014 1
835 1 36.761 -14.014 1
833 1 36.761 -14.014 1
832 1 36.761 -14.014 1
831 1 36.761 -14.014 1
830 1 36.761 -14.014 1
829 1 36.761 -14.014 1
827 1 36.761 -14.014 1
825 1 36.761 -14.014 1
824 1 36.761 -14.014 1
823 1 36.761 -14.014 1
-1 0 21.666 -2.195 D
183 1 17.0 166.70880126953125 20 500 19
0 0 21.666 -2.195 D
1059 1 74.957 -24.28 1
1058 1 74.957 -24.28 1
1057 1 74.957 -24.28 1
1056 1 74.957 -24.28 1
1055 1 74.957 -24.28 1
1054 1 74.957 -24.28 1
1053 1 74.957 -24.28 1
1052 1 74.957 -24.28 1
1051 1 74.957 -24.28 1
208 1 89.52 -47.461 1
205 1 89.52 -47.461 1
204 1 89.52 -47.461 1
202 1 89.52 -47.461 1
201 1 89.52 -47.461 1
200 1 89.52 -47.461 1
199 1 89.52 -47.461 1
299 1 44.397 -15.332 1
-1 0 21.666 -2.195 D
184 1 17.0 102.53390502929688 20 500 19
0 0 21.666 -2.195 D
766 1 72.052 -6.567 1
765 1 72.052 -6.567 1
764 1 72.052 -6.567 1
763 1 72.052 -6.567 1
762 1 72.052 -6.567 1
760 1 72.052 -6.567 1
759 1 72.052 -6.567 1
758 1 72.052 -6.567 1
755 1 72.052 -6.567 1
754 1 72.052 -6.567 1
752 1 72.052 -6.567 1
751 1 72.052 -6.567 1
750 1 72.052 -6.567 1
749 1 72.052 -6.567 1
805 1 53.082 -10.693 1
804 1 53.082 -10.693 1
802 1 53.082 -10.693 1
-1 0 21.666 -2.195 D
185 2 39.0 163.8059844970703 40 500 41
0 0 21.666 -2.195 D
50 1 51.642 37.671 2
49 1 51.642 37.671 2
280 1 77.942 -10.742 2
278 1 77.942 -10.742 2
272 1 77.942 -10.742 2
701 1 65.985 -14.948 2
700 1 65.985 -14.948 2
699 1 65.985 -14.948 2
698 1 65.985 -14.948 2
697 1 65.985 -14.948 2
696 1 65.985 -14.948 2
695 1 65.985 -14.948 2
694 1 65.985 -14.948 2
693 1 65.985 -14.948 2
692 1 65.985 -14.948 2
803 1 53.082 -10.693 2
801 1 53.082 -10.693 2
800 1 53.082 -10.693 2
799 1 53.082 -10.693 2
1203 1 35.669 -5.322 2
1202 1 35.669 -5.322 2
1201 1 35.669 -5.322 2
1200 1 35.669 -5.322 2
1199 1 35.669 -5.322 2
1198 1 35.669 -5.322 2
1197 1 35.669 -5.322 2
1196 1 35.669 -5.322 2
1195 1 35.669 -5.322 2
1194 1 35.669 -5.322 2
1193 1 35.669 -5.322 2
1192 1 35.669 -5.322 2
1191 1 35.669 -5.322 2
1190 1 35.669 -5.322 2
1189 1 35.669 -5.322 2
1188 1 35.669 -5.322 2
1187 1 35.669 -5.322 2
1186 1 35.669 -5.322 2
1185 1 35.669 -5.322 2
1184 1 35.669 -5.322 2
-1 0 21.666 -2.195 D
186 1 18.0 134.782470703125 20 500 20
0 0 21.666 -2.195 D
297 1 78.876 -26.44 1
295 1 78.876 -26.44 1
294 1 78.876 -26.44 1
293 1 78.876 -26.44 1
292 1 78.876 -26.44 1
291 1 78.876 -26.44 1
290 1 78.876 -26.44 1
289 1 78.876 -26.44 1
288 1 78.876 -26.44 1
287 1 78.876 -26.44 1
285 1 78.876 -26.44 1
284 1 78.876 -26.44 1
283 1 78.876 -26.44 1
281 1 77.942 -10.742 1
279 1 77.942 -10.742 1
277 1 77.942 -10.742 1
276 1 77.942 -10.742 1
275 1 77.942 -10.742 1
-1 0 21.666 -2.195 D
187 1 18.0 150.50985717773438 20 500 20
0 0 21.666 -2.195 D
274 1 77.942 -10.742 1
273 1 77.942 -10.742 1
271 1 77.942 -10.742 1
269 1 77.942 -10.742 1
268 1 77.942 -10.742 1
731 1 96.301 -6.873 1
730 1 96.301 -6.873 1
729 1 96.301 -6.873 1
727 1 96.301 -6.873 1
725 1 96.301 -6.873 1
722 1 96.301 -6.873 1
773 1 72.052 -6.567 1
772 1 72.052 -6.567 1
771 1 72.052 -6.567 1
770 1 72.052 -6.567 1
769 1 72.052 -6.567 1
768 1 72.052 -6.567 1
767 1 72.052 -6.567 1
-1 0 21.666 -2.195 D
188 2 32.0 498.110595703125 40 500 34
0 0 21.666 -2.195 D
940 1 -8.344 38.257 2
145 1 -35.999 77.466 2
142 1 -35.999 77.466 2
135 1 -35.999 77.466 2
1033 1 -91.144 -76.55 2
721 1 -19.012 -76.208 2
720 1 -19.012 -76.208 2
718 1 -19.012 -76.208 2
717 1 -19.012 -76.208 2
813 1 -25.073 -58.185 2
812 1 -25.073 -58.185 2
811 1 -25.073 -58.185 2
810 1 -25.073 -58.185 2
808 1 -25.073 -58.185 2
807 1 -25.073 -58.185 2
171 1 5.042 -41.986 2
506 1 63.416 -5.261 2
505 1 63.416 -5.261 2
522 1 63.416 -5.261 2
521 1 63.416 -5.261 2
520 1 63.416 -5.261 2
518 1 63.416 -5.261 2
517 1 63.416 -5.261 2
516 1 63.416 -5.261 2
515 1 63.416 -5.261 2
514 1 63.416 -5.261 2
513 1 63.416 -5.261 2
512 1 63.416 -5.261 2
511 1 63.416 -5.261 2
510 1 63.416 -5.261 2
509 1 63.416 -5.261 2
507 1 63.416 -5.261 2
-1 0 21.666 -2.195 D
