1
0 -7.089 2.402 1763.0 8141.3125 50
933 1 19.0 41.72011184692383 20 500 21
0 0 -7.089 2.402 D
527 1 13.739 3.558 1
526 1 13.739 3.558 1
525 1 13.739 3.558 1
524 1 13.739 3.558 1
523 1 13.739 3.558 1
522 1 13.739 3.558 1
521 1 13.739 3.558 1
520 1 13.739 3.558 1
519 1 13.739 3.558 1
518 1 13.739 3.558 1
517 1 13.739 3.558 1
516 1 13.739 3.558 1
515 1 13.739 3.558 1
514 1 13.739 3.558 1
513 1 13.739 3.558 1
512 1 13.739 3.558 1
511 1 13.739 3.558 1
510 1 13.739 3.558 1
509 1 13.739 3.558 1
-1 0 -7.089 2.402 D
934 1 37.0 137.76194763183594 40 500 39
0 0 -7.089 2.402 D
532 1 13.739 3.558 1
531 1 13.739 3.558 1
530 1 13.739 3.558 1
529 1 13.739 3.558 1
528 1 13.739 3.558 1
254 1 16.241 13.153 1
253 1 16.241 13.153 1
251 1 16.241 13.153 1
250 1 16.241 13.153 1
249 1 16.241 13.153 1
248 1 16.241 13.153 1
953 1 36.841 44.153 1
951 1 36.841 44.153 1
949 1 36.841 44.153 1
946 1 36.841 44.153 1
945 1 36.841 44.153 1
944 1 36.841 44.153 1
943 1 36.841 44.153 1
942 1 36.841 44.153 1
940 1 36.841 44.153 1
939 1 36.841 44.153 1
938 1 36.841 44.153 1
937 1 36.841 44.153 1
936 1 36.841 44.153 1
935 1 36.841 44.153 1
934 1 36.841 44.153 1
933 1 36.841 44.153 1
197 1 18.091 44.049 1
48 1 19.244 35.107 1
47 1 19.244 35.107 1
166 1 18.054 33.295 1
165 1 18.054 33.295 1
163 1 18.054 33.295 1
162 1 18.054 33.295 1
161 1 18.054 33.295 1
160 1 18.054 33.295 1
159 1 18.054 33.295 1
-1 0 -7.089 2.402 D
935 1 45.0 99.62834167480469 60 500 47
0 0 -7.089 2.402 D
1341 1 6.653 28.217 1
1340 1 6.653 28.217 1
1339 1 6.653 28.217 1
1338 1 6.653 28.217 1
1337 1 6.653 28.217 1
1336 1 6.653 28.217 1
1335 1 6.653 28.217 1
303 1 10.559 32.007 1
302 1 10.559 32.007 1
300 1 10.559 32.007 1
299 1 10.559 32.007 1
297 1 10.559 32.007 1
296 1 10.559 32.007 1
294 1 10.559 32.007 1
220 1 18.091 44.049 1
218 1 18.091 44.049 1
217 1 18.091 44.049 1
215 1 18.091 44.049 1
214 1 18.091 44.049 1
213 1 18.091 44.049 1
211 1 18.091 44.049 1
210 1 18.091 44.049 1
209 1 18.091 44.049 1
208 1 18.091 44.049 1
207 1 18.091 44.049 1
206 1 18.091 44.049 1
205 1 18.091 44.049 1
204 1 18.091 44.049 1
203 1 18.091 44.049 1
202 1 18.091 44.049 1
200 1 18.091 44.049 1
199 1 18.091 44.049 1
198 1 18.091 44.049 1
825 1 6.305 36.768 1
824 1 6.305 36.768 1
823 1 6.305 36.768 1
822 1 6.305 36.768 1
821 1 6.305 36.768 1
820 1 6.305 36.768 1
819 1 6.305 36.768 1
817 1 6.305 36.768 1
816 1 6.305 36.768 1
815 1 6.305 36.768 1
814 1 6.305 36.768 1
813 1 6.305 36.768 1
-1 0 -7.089 2.402 D
936 2 39.0 217.1752166748047 40 500 41
0 0 -7.089 2.402 D
1690 1 3.174 23.828 2
1689 1 3.174 23.828 2
1688 1 3.174 23.828 2
1687 1 3.174 23.828 2
1686 1 3.174 23.828 2
1685 1 3.174 23.828 2
1684 1 3.174 23.828 2
1683 1 3.174 23.828 2
1682 1 3.174 23.828 2
1681 1 3.174 23.828 2
1680 1 3.174 23.828 2
1679 1 3.174 23.828 2
298 1 10.559 32.007 2
295 1 10.559 32.007 2
164 1 18.054 33.295 2
46 1 19.244 35.107 2
201 1 18.091 44.049 2
196 1 18.091 44.049 2
681 1 8.411 49.017 2
680 1 8.411 49.017 2
850 1 18.665 87.811 2
928 1 27.344 70.087 2
952 1 36.841 44.153 2
950 1 36.841 44.153 2
948 1 36.841 44.153 2
947 1 36.841 44.153 2
941 1 36.841 44.153 2
1409 1 29.395 25.305 2
252 1 16.241 13.153 2
812 1 1.935 11.261 2
811 1 1.935 11.261 2
810 1 1.935 11.261 2
809 1 1.935 11.261 2
806 1 1.935 11.261 2
804 1 1.935 11.261 2
803 1 1.935 11.261 2
802 1 1.935 11.261 2
801 1 1.935 11.261 2
799 1 1.935 11.261 2
-1 0 -7.089 2.402 D
937 2 79.0 247.9027557373047 80 500 81
0 0 -7.089 2.402 D
1408 1 -19.501 29.968 2
1407 1 -19.501 29.968 2
1406 1 -19.501 29.968 2
1405 1 -19.501 29.968 2
1404 1 -19.501 29.968 2
1403 1 -19.501 29.968 2
1402 1 -19.501 29.968 2
1401 1 -19.501 29.968 2
1400 1 -19.501 29.968 2
1399 1 -19.501 29.968 2
1398 1 -19.501 29.968 2
120 1 -19.269 34.711 2
119 1 -19.269 34.711 2
114 1 -19.269 34.711 2
111 1 -19.269 34.711 2
103 1 -19.269 34.711 2
1691 1 -33.099 55.963 2
158 1 -35.919 80.383 2
156 1 -35.919 80.383 2
153 1 -35.919 80.383 2
146 1 -35.919 80.383 2
864 1 18.665 87.811 2
863 1 18.665 87.811 2
862 1 18.665 87.811 2
861 1 18.665 87.811 2
860 1 18.665 87.811 2
859 1 18.665 87.811 2
858 1 18.665 87.811 2
857 1 18.665 87.811 2
856 1 18.665 87.811 2
855 1 18.665 87.811 2
854 1 18.665 87.811 2
852 1 18.665 87.811 2
851 1 18.665 87.811 2
1322 1 -5.103 69.318 2
1321 1 -5.103 69.318 2
1320 1 -5.103 69.318 2
1319 1 -5.103 69.318 2
1317 1 -5.103 69.318 2
1316 1 -5.103 69.318 2
1315 1 -5.103 69.318 2
1314 1 -5.103 69.318 2
1313 1 -5.103 69.318 2
1312 1 -5.103 69.318 2
1311 1 -5.103 69.318 2
1310 1 -5.103 69.318 2
1309 1 -5.103 69.318 2
1308 1 -5.103 69.318 2
1306 1 -5.103 69.318 2
1305 1 -5.103 69.318 2
1304 1 -5.103 69.318 2
1303 1 -5.103 69.318 2
18 1 -6.049 41.125 2
17 1 -6.049 41.125 2
11 1 -6.049 41.125 2
286 1 -2.185 33.929 2
283 1 -2.185 33.929 2
280 1 -2.185 33.929 2
268 1 -2.185 33.929 2
257 1 -10.193 32.214 2
1131 1 -6.189 20.813 2
1129 1 -6.189 20.813 2
1128 1 -6.189 20.813 2
1127 1 -6.189 20.813 2
1126 1 -6.189 20.813 2
1125 1 -6.189 20.813 2
1124 1 -6.189 20.813 2
1123 1 -6.189 20.813 2
1122 1 -6.189 20.813 2
402 1 -2.686 18.994 2
401 1 -2.686 18.994 2
592 1 -2.765 17.938 2
591 1 -2.765 17.938 2
590 1 -2.765 17.938 2
589 1 -2.765 17.938 2
587 1 -2.765 17.938 2
586 1 -2.765 17.938 2
585 1 -2.765 17.938 2
584 1 -2.765 17.938 2
-1 0 -7.089 2.402 D
938 2 119.0 248.20712280273438 120 500 121
0 0 -7.089 2.402 D
746 1 -14.001 8.032 2
744 1 -14.001 8.032 2
743 1 -14.001 8.032 2
742 1 -14.001 8.032 2
741 1 -14.001 8.032 2
740 1 -14.001 8.032 2
739 1 -14.001 8.032 2
1678 1 -17.493 18.634 2
1677 1 -17.493 18.634 2
1676 1 -17.493 18.634 2
1675 1 -17.493 18.634 2
1674 1 -17.493 18.634 2
1673 1 -17.493 18.634 2
1672 1 -17.493 18.634 2
1671 1 -17.493 18.634 2
1670 1 -17.493 18.634 2
1669 1 -17.493 18.634 2
1668 1 -17.493 18.634 2
1667 1 -17.493 18.634 2
1666 1 -17.493 18.634 2
1665 1 -17.493 18.634 2
1664 1 -17.493 18.634 2
1195 1 -28.955 15.491 2
1232 1 -30.872 20.654 2
1231 1 -30.872 20.654 2
1230 1 -30.872 20.654 2
1228 1 -30.872 20.654 2
1227 1 -30.872 20.654 2
1226 1 -30.872 20.654 2
1225 1 -30.872 20.654 2
1224 1 -30.872 20.654 2
1221 1 -30.872 20.654 2
1708 1 -33.099 55.963 2
1707 1 -33.099 55.963 2
1706 1 -33.099 55.963 2
1705 1 -33.099 55.963 2
1704 1 -33.099 55.963 2
1703 1 -33.099 55.963 2
1702 1 -33.099 55.963 2
1701 1 -33.099 55.963 2
1700 1 -33.099 55.963 2
1699 1 -33.099 55.963 2
1698 1 -33.099 55.963 2
1697 1 -33.099 55.963 2
1696 1 -33.099 55.963 2
1695 1 -33.099 55.963 2
1694 1 -33.099 55.963 2
1693 1 -33.099 55.963 2
1692 1 -33.099 55.963 2
913 1 -41.852 17.31 2
911 1 -41.852 17.31 2
908 1 -41.852 17.31 2
906 1 -41.852 17.31 2
905 1 -41.852 17.31 2
902 1 -41.852 17.31 2
901 1 -41.852 17.31 2
709 1 -54.492 17.676 2
703 1 -54.492 17.676 2
700 1 -54.492 17.676 2
305 1 -75.11 4.51 2
1286 1 -70.544 -16.187 2
1285 1 -70.544 -16.187 2
1284 1 -70.544 -16.187 2
1283 1 -70.544 -16.187 2
1282 1 -70.544 -16.187 2
1281 1 -70.544 -16.187 2
1280 1 -70.544 -16.187 2
1279 1 -70.544 -16.187 2
1278 1 -70.544 -16.187 2
1277 1 -70.544 -16.187 2
1276 1 -70.544 -16.187 2
1275 1 -70.544 -16.187 2
361 1 -59.222 -12.811 2
360 1 -59.222 -12.811 2
1193 1 -42.633 -6.836 2
1192 1 -42.633 -6.836 2
1191 1 -42.633 -6.836 2
1190 1 -42.633 -6.836 2
1189 1 -42.633 -6.836 2
1188 1 -42.633 -6.836 2
1187 1 -42.633 -6.836 2
1186 1 -42.633 -6.836 2
1185 1 -42.633 -6.836 2
1184 1 -42.633 -6.836 2
1183 1 -42.633 -6.836 2
1182 1 -42.633 -6.836 2
1181 1 -42.633 -6.836 2
1180 1 -42.633 -6.836 2
1179 1 -42.633 -6.836 2
1178 1 -42.633 -6.836 2
428 1 -38.22 -5.066 2
424 1 -38.22 -5.066 2
380 1 -32.751 2.216 2
375 1 -32.751 2.216 2
1019 1 -35.638 6.61 2
1018 1 -35.638 6.61 2
1017 1 -35.638 6.61 2
1016 1 -35.638 6.61 2
1015 1 -35.638 6.61 2
1014 1 -35.638 6.61 2
1011 1 -35.638 6.61 2
1010 1 -35.638 6.61 2
1009 1 -35.638 6.61 2
1008 1 -35.638 6.61 2
1723 1 -33.899 6.366 2
1722 1 -33.899 6.366 2
1721 1 -33.899 6.366 2
1720 1 -33.899 6.366 2
1719 1 -33.899 6.366 2
1718 1 -33.899 6.366 2
1717 1 -33.899 6.366 2
1716 1 -33.899 6.366 2
1715 1 -33.899 6.366 2
1714 1 -33.899 6.366 2
1713 1 -33.899 6.366 2
1712 1 -33.899 6.366 2
1711 1 -33.899 6.366 2
1710 1 -33.899 6.366 2
1709 1 -33.899 6.366 2
-1 0 -7.089 2.402 D
939 4 59.0 419.1247863769531 60 500 61
0 0 -7.089 2.402 D
1763 1 -72.772 44.043 4
1762 1 -72.772 44.043 4
1761 1 -72.772 44.043 4
1760 1 -72.772 44.043 4
1759 1 -72.772 44.043 4
1758 1 -72.772 44.043 4
1757 1 -72.772 44.043 4
1756 1 -72.772 44.043 4
1755 1 -72.772 44.043 4
1754 1 -72.772 44.043 4
783 1 -54.37 20.74 4
588 1 -2.765 17.938 4
1130 1 -6.189 20.813 4
282 1 -2.185 33.929 4
276 1 -2.185 33.929 4
265 1 -2.185 33.929 4
12 1 -6.049 41.125 4
659 1 12.476 56.097 4
656 1 12.476 56.097 4
655 1 12.476 56.097 4
654 1 12.476 56.097 4
653 1 12.476 56.097 4
650 1 12.476 56.097 4
649 1 12.476 56.097 4
648 1 12.476 56.097 4
645 1 12.476 56.097 4
644 1 12.476 56.097 4
643 1 12.476 56.097 4
640 1 12.476 56.097 4
638 1 12.476 56.097 4
637 1 12.476 56.097 4
636 1 12.476 56.097 4
1318 1 -5.103 69.318 4
1307 1 -5.103 69.318 4
786 1 -7.458 74.432 4
784 1 -7.458 74.432 4
853 1 18.665 87.811 4
917 1 56.519 58.289 4
916 1 56.519 58.289 4
915 1 56.519 58.289 4
183 1 19.763 45.642 4
219 1 18.091 44.049 4
216 1 18.091 44.049 4
212 1 18.091 44.049 4
167 1 18.054 33.295 4
49 1 19.244 35.107 4
45 1 19.244 35.107 4
301 1 10.559 32.007 4
1020 1 2.142 27.856 4
479 1 6.647 15.558 4
478 1 6.647 15.558 4
476 1 6.647 15.558 4
474 1 6.647 15.558 4
808 1 1.935 11.261 4
807 1 1.935 11.261 4
805 1 1.935 11.261 4
800 1 1.935 11.261 4
798 1 1.935 11.261 4
797 1 1.935 11.261 4
-1 0 -7.089 2.402 D
940 4 99.0 260.99908447265625 100 500 101
0 0 -7.089 2.402 D
745 1 -14.001 8.032 4
1155 1 -19.482 13.544 4
1153 1 -19.482 13.544 4
1152 1 -19.482 13.544 4
1151 1 -19.482 13.544 4
1150 1 -19.482 13.544 4
1149 1 -19.482 13.544 4
1148 1 -19.482 13.544 4
1147 1 -19.482 13.544 4
1146 1 -19.482 13.544 4
1144 1 -19.482 13.544 4
1234 1 -30.872 20.654 4
1233 1 -30.872 20.654 4
1229 1 -30.872 20.654 4
1223 1 -30.872 20.654 4
1222 1 -30.872 20.654 4
1219 1 -33.429 29.492 4
1218 1 -33.429 29.492 4
1217 1 -33.429 29.492 4
1216 1 -33.429 29.492 4
1120 1 -31.714 40.07 4
1119 1 -31.714 40.07 4
1118 1 -31.714 40.07 4
1117 1 -31.714 40.07 4
1116 1 -31.714 40.07 4
1113 1 -31.714 40.07 4
1112 1 -31.714 40.07 4
1111 1 -31.714 40.07 4
1110 1 -31.714 40.07 4
1109 1 -31.714 40.07 4
1108 1 -31.714 40.07 4
1106 1 -31.714 40.07 4
1104 1 -31.714 40.07 4
1103 1 -31.714 40.07 4
1753 1 -72.772 44.043 4
1752 1 -72.772 44.043 4
1751 1 -72.772 44.043 4
1750 1 -72.772 44.043 4
1749 1 -72.772 44.043 4
1748 1 -72.772 44.043 4
1034 1 -31.451 72.369 4
1033 1 -31.451 72.369 4
1032 1 -31.451 72.369 4
1031 1 -31.451 72.369 4
1030 1 -31.451 72.369 4
1028 1 -31.451 72.369 4
1027 1 -31.451 72.369 4
1002 1 -27.887 64.532 4
1001 1 -27.887 64.532 4
1000 1 -27.887 64.532 4
999 1 -27.887 64.532 4
998 1 -27.887 64.532 4
997 1 -27.887 64.532 4
996 1 -27.887 64.532 4
995 1 -27.887 64.532 4
994 1 -27.887 64.532 4
993 1 -27.887 64.532 4
992 1 -27.887 64.532 4
991 1 -27.887 64.532 4
989 1 -27.887 64.532 4
987 1 -27.887 64.532 4
986 1 -27.887 64.532 4
985 1 -27.887 64.532 4
983 1 -27.887 64.532 4
982 1 -27.887 64.532 4
981 1 -27.887 64.532 4
980 1 -27.887 64.532 4
796 1 -7.458 74.432 4
794 1 -7.458 74.432 4
793 1 -7.458 74.432 4
792 1 -7.458 74.432 4
791 1 -7.458 74.432 4
790 1 -7.458 74.432 4
789 1 -7.458 74.432 4
788 1 -7.458 74.432 4
787 1 -7.458 74.432 4
44 1 -20.337 52.478 4
42 1 -20.337 52.478 4
41 1 -20.337 52.478 4
483 1 -12.555 39.6 4
482 1 -12.555 39.6 4
109 1 -19.269 34.711 4
106 1 -19.269 34.711 4
264 1 -10.193 32.214 4
1215 1 -9.161 29.657 4
1213 1 -9.161 29.657 4
1212 1 -9.161 29.657 4
1211 1 -9.161 29.657 4
1210 1 -9.161 29.657 4
1209 1 -9.161 29.657 4
1208 1 -9.161 29.657 4
1207 1 -9.161 29.657 4
1206 1 -9.161 29.657 4
1205 1 -9.161 29.657 4
1204 1 -9.161 29.657 4
1202 1 -9.161 29.657 4
1199 1 -9.161 29.657 4
1198 1 -9.161 29.657 4
1197 1 -9.161 29.657 4
-1 0 -7.089 2.402 D
941 4 154.0 294.42205810546875 160 500 156
0 0 -7.089 2.402 D
1396 1 -5.389 12.592 4
1395 1 -5.389 12.592 4
1394 1 -5.389 12.592 4
1393 1 -5.389 12.592 4
1392 1 -5.389 12.592 4
1391 1 -5.389 12.592 4
1390 1 -5.389 12.592 4
1389 1 -5.389 12.592 4
1388 1 -5.389 12.592 4
1387 1 -5.389 12.592 4
1386 1 -5.389 12.592 4
1194 1 -28.955 15.491 4
635 1 -31.421 11.328 4
634 1 -31.421 11.328 4
633 1 -31.421 11.328 4
632 1 -31.421 11.328 4
630 1 -31.421 11.328 4
629 1 -31.421 11.328 4
628 1 -31.421 11.328 4
626 1 -31.421 11.328 4
625 1 -31.421 11.328 4
624 1 -31.421 11.328 4
623 1 -31.421 11.328 4
1013 1 -35.638 6.61 4
1012 1 -35.638 6.61 4
1747 1 -38.715 3.235 4
1746 1 -38.715 3.235 4
1745 1 -38.715 3.235 4
1744 1 -38.715 3.235 4
1743 1 -38.715 3.235 4
1742 1 -38.715 3.235 4
1289 1 -70.544 -16.187 4
1288 1 -70.544 -16.187 4
1274 1 -70.544 -16.187 4
1176 1 -69.745 -22.491 4
1169 1 -69.745 -22.491 4
1167 1 -69.745 -22.491 4
368 1 -59.222 -12.811 4
363 1 -59.222 -12.811 4
169 1 -52.368 -18.463 4
979 1 -45.312 -19.739 4
978 1 -45.312 -19.739 4
977 1 -45.312 -19.739 4
976 1 -45.312 -19.739 4
975 1 -45.312 -19.739 4
420 1 -48.499 -23.7 4
412 1 -48.499 -23.7 4
411 1 -48.499 -23.7 4
410 1 -48.499 -23.7 4
404 1 -48.499 -23.7 4
24 1 -48.553 -29.407 4
190 1 -51.55 -30.908 4
926 1 -43.036 -41.541 4
925 1 -43.036 -41.541 4
924 1 -43.036 -41.541 4
923 1 -43.036 -41.541 4
922 1 -43.036 -41.541 4
921 1 -43.036 -41.541 4
920 1 -43.036 -41.541 4
918 1 -43.036 -41.541 4
883 1 -36.78 -23.633 4
877 1 -36.78 -23.633 4
865 1 -36.78 -23.633 4
128 1 -39.374 -10.303 4
1177 1 -42.633 -6.836 4
1101 1 -40.582 -3.308 4
1007 1 -38.354 -4.034 4
1006 1 -38.354 -4.034 4
1005 1 -38.354 -4.034 4
1003 1 -38.354 -4.034 4
1598 1 -16.583 -23.328 4
1597 1 -16.583 -23.328 4
1596 1 -16.583 -23.328 4
1595 1 -16.583 -23.328 4
1594 1 -16.583 -23.328 4
1593 1 -16.583 -23.328 4
1502 1 3.857 -30.408 4
1501 1 3.857 -30.408 4
1500 1 3.857 -30.408 4
1499 1 3.857 -30.408 4
1498 1 3.857 -30.408 4
1497 1 3.857 -30.408 4
1496 1 3.857 -30.408 4
1495 1 3.857 -30.408 4
1494 1 3.857 -30.408 4
1493 1 3.857 -30.408 4
1492 1 3.857 -30.408 4
1491 1 3.857 -30.408 4
1490 1 3.857 -30.408 4
1489 1 3.857 -30.408 4
1488 1 3.857 -30.408 4
1054 1 2.655 -25.14 4
1052 1 2.655 -25.14 4
1051 1 2.655 -25.14 4
1050 1 2.655 -25.14 4
1048 1 2.655 -25.14 4
1047 1 2.655 -25.14 4
1046 1 2.655 -25.14 4
1045 1 2.655 -25.14 4
1044 1 2.655 -25.14 4
1043 1 2.655 -25.14 4
1042 1 2.655 -25.14 4
1041 1 2.655 -25.14 4
1039 1 2.655 -25.14 4
1038 1 2.655 -25.14 4
1037 1 2.655 -25.14 4
1036 1 2.655 -25.14 4
1035 1 2.655 -25.14 4
1553 1 7.013 -20.862 4
1552 1 7.013 -20.862 4
1551 1 7.013 -20.862 4
1550 1 7.013 -20.862 4
1549 1 7.013 -20.862 4
1548 1 7.013 -20.862 4
1547 1 7.013 -20.862 4
1546 1 7.013 -20.862 4
1545 1 7.013 -20.862 4
1544 1 7.013 -20.862 4
121 1 -5.286 -20.105 4
1487 1 -7.611 -15.79 4
1486 1 -7.611 -15.79 4
1485 1 -7.611 -15.79 4
1484 1 -7.611 -15.79 4
1483 1 -7.611 -15.79 4
1482 1 -7.611 -15.79 4
1481 1 -7.611 -15.79 4
1480 1 -7.611 -15.79 4
1479 1 -7.611 -15.79 4
1478 1 -7.611 -15.79 4
1477 1 -7.611 -15.79 4
1476 1 -7.611 -15.79 4
1475 1 -7.611 -15.79 4
1474 1 -7.611 -15.79 4
1473 1 -7.611 -15.79 4
1472 1 -7.611 -15.79 4
1471 1 -7.611 -15.79 4
1470 1 -7.611 -15.79 4
1469 1 -7.611 -15.79 4
1468 1 -7.611 -15.79 4
561 1 -8.771 -15.558 4
560 1 -8.771 -15.558 4
559 1 -8.771 -15.558 4
558 1 -8.771 -15.558 4
556 1 -8.771 -15.558 4
555 1 -8.771 -15.558 4
554 1 -8.771 -15.558 4
553 1 -8.771 -15.558 4
552 1 -8.771 -15.558 4
551 1 -8.771 -15.558 4
550 1 -8.771 -15.558 4
549 1 -8.771 -15.558 4
548 1 -8.771 -15.558 4
547 1 -8.771 -15.558 4
583 1 -9.778 -4.926 4
-1 0 -7.089 2.402 D
943 8 99.0 460.51214599609375 100 500 101
0 0 -7.089 2.402 D
557 1 -8.771 -15.558 8
1143 1 -32.379 -7.91 8
1137 1 -32.379 -7.91 8
1004 1 -38.354 -4.034 8
1627 1 -47.882 1.428 8
1626 1 -47.882 1.428 8
1625 1 -47.882 1.428 8
1624 1 -47.882 1.428 8
1623 1 -47.882 1.428 8
1622 1 -47.882 1.428 8
1621 1 -47.882 1.428 8
1620 1 -47.882 1.428 8
1378 1 -44.019 -13.092 8
1377 1 -44.019 -13.092 8
1376 1 -44.019 -13.092 8
1093 1 -48.7 -17.981 8
1087 1 -48.7 -17.981 8
1085 1 -48.7 -17.981 8
974 1 -45.312 -19.739 8
973 1 -45.312 -19.739 8
919 1 -43.036 -41.541 8
1582 1 -87.775 -40.82 8
1581 1 -87.775 -40.82 8
1580 1 -87.775 -40.82 8
1579 1 -87.775 -40.82 8
1578 1 -87.775 -40.82 8
1577 1 -87.775 -40.82 8
1576 1 -87.775 -40.82 8
1575 1 -87.775 -40.82 8
1574 1 -87.775 -40.82 8
1573 1 -87.775 -40.82 8
1572 1 -87.775 -40.82 8
1571 1 -87.775 -40.82 8
1570 1 -87.775 -40.82 8
1569 1 -87.775 -40.82 8
1568 1 -87.775 -40.82 8
1567 1 -87.775 -40.82 8
1566 1 -87.775 -40.82 8
1565 1 -87.775 -40.82 8
576 1 -61.951 14.111 8
571 1 -61.951 14.111 8
565 1 -61.951 14.111 8
1444 1 -58.398 16.467 8
1443 1 -58.398 16.467 8
1442 1 -58.398 16.467 8
1441 1 -58.398 16.467 8
1440 1 -58.398 16.467 8
1439 1 -58.398 16.467 8
1438 1 -58.398 16.467 8
1437 1 -58.398 16.467 8
1436 1 -58.398 16.467 8
1435 1 -58.398 16.467 8
1434 1 -58.398 16.467 8
1433 1 -58.398 16.467 8
1432 1 -58.398 16.467 8
1431 1 -58.398 16.467 8
1430 1 -58.398 16.467 8
1429 1 -58.398 16.467 8
1428 1 -58.398 16.467 8
1427 1 -58.398 16.467 8
1426 1 -58.398 16.467 8
606 1 -51.91 26.892 8
1064 1 -53.595 28.552 8
1057 1 -53.595 28.552 8
1250 1 -66.943 81.207 8
1246 1 -66.943 81.207 8
1243 1 -66.943 81.207 8
1242 1 -66.943 81.207 8
1241 1 -66.943 81.207 8
1237 1 -66.943 81.207 8
1029 1 -31.451 72.369 8
990 1 -27.887 64.532 8
988 1 -27.887 64.532 8
984 1 -27.887 64.532 8
1299 1 -31.909 48.224 8
1121 1 -31.714 40.07 8
1115 1 -31.714 40.07 8
1114 1 -31.714 40.07 8
1107 1 -31.714 40.07 8
1105 1 -31.714 40.07 8
1102 1 -31.714 40.07 8
1540 1 -12.549 41.449 8
1541 1 -12.549 41.449 8
1542 1 -12.549 41.449 8
1543 1 -12.549 41.449 8
484 1 -12.555 39.6 8
1196 1 -9.161 29.657 8
1200 1 -9.161 29.657 8
1201 1 -9.161 29.657 8
1203 1 -9.161 29.657 8
1214 1 -9.161 29.657 8
1220 1 -33.429 29.492 8
848 1 -30.548 14.087 8
846 1 -30.548 14.087 8
631 1 -31.421 11.328 8
627 1 -31.421 11.328 8
622 1 -31.421 11.328 8
1154 1 -19.482 13.544 8
1145 1 -19.482 13.544 8
-1 0 -7.089 2.402 D
944 8 115.0 412.71734619140625 160 500 117
0 0 -7.089 2.402 D
1525 1 -12.549 41.449 8
1526 1 -12.549 41.449 8
1527 1 -12.549 41.449 8
1528 1 -12.549 41.449 8
1529 1 -12.549 41.449 8
1530 1 -12.549 41.449 8
1531 1 -12.549 41.449 8
1532 1 -12.549 41.449 8
1533 1 -12.549 41.449 8
1534 1 -12.549 41.449 8
1535 1 -12.549 41.449 8
1536 1 -12.549 41.449 8
1537 1 -12.549 41.449 8
1538 1 -12.549 41.449 8
1539 1 -12.549 41.449 8
785 1 -7.458 74.432 8
795 1 -7.458 74.432 8
639 1 12.476 56.097 8
641 1 12.476 56.097 8
642 1 12.476 56.097 8
646 1 12.476 56.097 8
647 1 12.476 56.097 8
651 1 12.476 56.097 8
652 1 12.476 56.097 8
657 1 12.476 56.097 8
658 1 12.476 56.097 8
1724 1 1.312 50.458 8
1725 1 1.312 50.458 8
1726 1 1.312 50.458 8
1727 1 1.312 50.458 8
1728 1 1.312 50.458 8
1729 1 1.312 50.458 8
1730 1 1.312 50.458 8
1731 1 1.312 50.458 8
1732 1 1.312 50.458 8
1733 1 1.312 50.458 8
1734 1 1.312 50.458 8
1735 1 1.312 50.458 8
1736 1 1.312 50.458 8
1737 1 1.312 50.458 8
1738 1 1.312 50.458 8
1739 1 1.312 50.458 8
1740 1 1.312 50.458 8
1741 1 1.312 50.458 8
818 1 6.305 36.768 8
475 1 6.647 15.558 8
477 1 6.647 15.558 8
480 1 6.647 15.558 8
481 1 6.647 15.558 8
1607 1 -2.637 0.049 8
1606 1 -2.637 0.049 8
1605 1 -2.637 0.049 8
1604 1 -2.637 0.049 8
1603 1 -2.637 0.049 8
1602 1 -2.637 0.049 8
1601 1 -2.637 0.049 8
1600 1 -2.637 0.049 8
1599 1 -2.637 0.049 8
1619 1 -2.637 0.049 8
1618 1 -2.637 0.049 8
1617 1 -2.637 0.049 8
1616 1 -2.637 0.049 8
1615 1 -2.637 0.049 8
1614 1 -2.637 0.049 8
1613 1 -2.637 0.049 8
1612 1 -2.637 0.049 8
1611 1 -2.637 0.049 8
1610 1 -2.637 0.049 8
1609 1 -2.637 0.049 8
1608 1 -2.637 0.049 8
508 1 13.739 3.558 8
782 1 21.094 -11.499 8
775 1 21.094 -11.499 8
773 1 21.094 -11.499 8
761 1 21.094 -11.499 8
503 1 23.071 -22.437 8
502 1 23.071 -22.437 8
500 1 23.071 -22.437 8
495 1 23.071 -22.437 8
494 1 23.071 -22.437 8
492 1 23.071 -22.437 8
485 1 23.071 -22.437 8
891 1 35.87 -19.482 8
1160 1 41.785 -2.728 8
1158 1 41.785 -2.728 8
760 1 74.286 -16.187 8
750 1 74.286 -16.187 8
460 1 31.72 -36.578 8
459 1 31.72 -36.578 8
458 1 31.72 -36.578 8
453 1 31.72 -36.578 8
449 1 31.72 -36.578 8
447 1 31.72 -36.578 8
445 1 31.72 -36.578 8
1375 1 20.63 -56.732 8
1374 1 20.63 -56.732 8
1373 1 20.63 -56.732 8
1372 1 20.63 -56.732 8
1371 1 20.63 -56.732 8
1370 1 20.63 -56.732 8
1369 1 20.63 -56.732 8
1368 1 20.63 -56.732 8
1367 1 20.63 -56.732 8
1366 1 20.63 -56.732 8
1365 1 20.63 -56.732 8
1364 1 20.63 -56.732 8
1363 1 20.63 -56.732 8
1362 1 20.63 -56.732 8
1361 1 20.63 -56.732 8
1360 1 20.63 -56.732 8
1359 1 20.63 -56.732 8
1358 1 20.63 -56.732 8
1053 1 2.655 -25.14 8
1049 1 2.655 -25.14 8
1040 1 2.655 -25.14 8
-1 0 -7.089 2.402 D
945 1 19.0 99.46753692626953 20 500 21
0 0 -7.089 2.402 D
285 1 -2.185 33.929 1
284 1 -2.185 33.929 1
281 1 -2.185 33.929 1
279 1 -2.185 33.929 1
278 1 -2.185 33.929 1
277 1 -2.185 33.929 1
275 1 -2.185 33.929 1
274 1 -2.185 33.929 1
273 1 -2.185 33.929 1
272 1 -2.185 33.929 1
271 1 -2.185 33.929 1
270 1 -2.185 33.929 1
269 1 -2.185 33.929 1
267 1 -2.185 33.929 1
266 1 -2.185 33.929 1
679 1 8.411 49.017 1
678 1 8.411 49.017 1
677 1 8.411 49.017 1
676 1 8.411 49.017 1
-1 0 -7.089 2.402 D
946 1 19.0 113.8292007446289 20 500 21
0 0 -7.089 2.402 D
263 1 -10.193 32.214 1
262 1 -10.193 32.214 1
261 1 -10.193 32.214 1
260 1 -10.193 32.214 1
259 1 -10.193 32.214 1
258 1 -10.193 32.214 1
256 1 -10.193 32.214 1
255 1 -10.193 32.214 1
43 1 -20.337 52.478 1
1078 1 -7.745 50.72 1
1077 1 -7.745 50.72 1
16 1 -6.049 41.125 1
15 1 -6.049 41.125 1
14 1 -6.049 41.125 1
13 1 -6.049 41.125 1
10 1 -6.049 41.125 1
9 1 -6.049 41.125 1
8 1 -6.049 41.125 1
7 1 -6.049 41.125 1
-1 0 -7.089 2.402 D
947 1 19.0 166.28054809570312 20 500 21
0 0 -7.089 2.402 D
113 1 -19.269 34.711 1
112 1 -19.269 34.711 1
110 1 -19.269 34.711 1
108 1 -19.269 34.711 1
107 1 -19.269 34.711 1
105 1 -19.269 34.711 1
104 1 -19.269 34.711 1
157 1 -35.919 80.383 1
155 1 -35.919 80.383 1
154 1 -35.919 80.383 1
152 1 -35.919 80.383 1
151 1 -35.919 80.383 1
150 1 -35.919 80.383 1
149 1 -35.919 80.383 1
148 1 -35.919 80.383 1
147 1 -35.919 80.383 1
145 1 -35.919 80.383 1
144 1 -35.919 80.383 1
143 1 -35.919 80.383 1
-1 0 -7.089 2.402 D
948 1 19.0 137.10816955566406 20 500 21
0 0 -7.089 2.402 D
1301 1 -31.909 48.224 1
1300 1 -31.909 48.224 1
1298 1 -31.909 48.224 1
1297 1 -31.909 48.224 1
1296 1 -31.909 48.224 1
1295 1 -31.909 48.224 1
1294 1 -31.909 48.224 1
1293 1 -31.909 48.224 1
1292 1 -31.909 48.224 1
1291 1 -31.909 48.224 1
1383 1 -33.423 65.1 1
1382 1 -33.423 65.1 1
1381 1 -33.423 65.1 1
1380 1 -33.423 65.1 1
1379 1 -33.423 65.1 1
118 1 -19.269 34.711 1
117 1 -19.269 34.711 1
116 1 -19.269 34.711 1
115 1 -19.269 34.711 1
-1 0 -7.089 2.402 D
949 1 19.0 203.578369140625 20 500 21
0 0 -7.089 2.402 D
1590 1 -47.156 30.554 1
1589 1 -47.156 30.554 1
1588 1 -47.156 30.554 1
1587 1 -47.156 30.554 1
1586 1 -47.156 30.554 1
1585 1 -47.156 30.554 1
1584 1 -47.156 30.554 1
1583 1 -47.156 30.554 1
1249 1 -66.943 81.207 1
1248 1 -66.943 81.207 1
1247 1 -66.943 81.207 1
1245 1 -66.943 81.207 1
1244 1 -66.943 81.207 1
1240 1 -66.943 81.207 1
1239 1 -66.943 81.207 1
1238 1 -66.943 81.207 1
1236 1 -66.943 81.207 1
1235 1 -66.943 81.207 1
1302 1 -31.909 48.224 1
-1 0 -7.089 2.402 D
950 1 19.0 109.06523132324219 20 500 21
0 0 -7.089 2.402 D
1073 1 -53.595 28.552 1
1072 1 -53.595 28.552 1
1071 1 -53.595 28.552 1
1070 1 -53.595 28.552 1
1069 1 -53.595 28.552 1
1068 1 -53.595 28.552 1
1067 1 -53.595 28.552 1
1066 1 -53.595 28.552 1
1065 1 -53.595 28.552 1
1063 1 -53.595 28.552 1
1062 1 -53.595 28.552 1
1061 1 -53.595 28.552 1
1060 1 -53.595 28.552 1
1059 1 -53.595 28.552 1
1058 1 -53.595 28.552 1
1056 1 -53.595 28.552 1
1055 1 -53.595 28.552 1
1592 1 -47.156 30.554 1
1591 1 -47.156 30.554 1
-1 0 -7.089 2.402 D
951 1 19.0 107.50016784667969 20 500 21
0 0 -7.089 2.402 D
849 1 -30.548 14.087 1
847 1 -30.548 14.087 1
1076 1 -53.595 28.552 1
1075 1 -53.595 28.552 1
1074 1 -53.595 28.552 1
612 1 -51.91 26.892 1
611 1 -51.91 26.892 1
610 1 -51.91 26.892 1
609 1 -51.91 26.892 1
608 1 -51.91 26.892 1
607 1 -51.91 26.892 1
605 1 -51.91 26.892 1
903 1 -41.852 17.31 1
900 1 -41.852 17.31 1
899 1 -41.852 17.31 1
898 1 -41.852 17.31 1
897 1 -41.852 17.31 1
896 1 -41.852 17.31 1
895 1 -41.852 17.31 1
-1 0 -7.089 2.402 D
952 1 19.0 100.2730941772461 20 500 21
0 0 -7.089 2.402 D
713 1 -54.492 17.676 1
712 1 -54.492 17.676 1
711 1 -54.492 17.676 1
710 1 -54.492 17.676 1
708 1 -54.492 17.676 1
707 1 -54.492 17.676 1
706 1 -54.492 17.676 1
705 1 -54.492 17.676 1
704 1 -54.492 17.676 1
702 1 -54.492 17.676 1
701 1 -54.492 17.676 1
699 1 -54.492 17.676 1
698 1 -54.492 17.676 1
914 1 -41.852 17.31 1
912 1 -41.852 17.31 1
910 1 -41.852 17.31 1
909 1 -41.852 17.31 1
907 1 -41.852 17.31 1
904 1 -41.852 17.31 1
-1 0 -7.089 2.402 D
953 1 19.0 142.44313049316406 20 500 21
0 0 -7.089 2.402 D
372 1 -32.751 2.216 1
304 1 -75.11 4.51 1
578 1 -61.951 14.111 1
577 1 -61.951 14.111 1
575 1 -61.951 14.111 1
574 1 -61.951 14.111 1
573 1 -61.951 14.111 1
572 1 -61.951 14.111 1
570 1 -61.951 14.111 1
569 1 -61.951 14.111 1
568 1 -61.951 14.111 1
567 1 -61.951 14.111 1
566 1 -61.951 14.111 1
564 1 -61.951 14.111 1
563 1 -61.951 14.111 1
562 1 -61.951 14.111 1
716 1 -54.492 17.676 1
715 1 -54.492 17.676 1
714 1 -54.492 17.676 1
-1 0 -7.089 2.402 D
954 1 19.0 52.57240295410156 20 500 21
0 0 -7.089 2.402 D
1662 1 -21.313 -1.727 1
1661 1 -21.313 -1.727 1
1660 1 -21.313 -1.727 1
1659 1 -21.313 -1.727 1
1658 1 -21.313 -1.727 1
1657 1 -21.313 -1.727 1
1656 1 -21.313 -1.727 1
1655 1 -21.313 -1.727 1
1654 1 -21.313 -1.727 1
1653 1 -21.313 -1.727 1
1652 1 -21.313 -1.727 1
1651 1 -21.313 -1.727 1
1650 1 -21.313 -1.727 1
379 1 -32.751 2.216 1
378 1 -32.751 2.216 1
377 1 -32.751 2.216 1
376 1 -32.751 2.216 1
374 1 -32.751 2.216 1
373 1 -32.751 2.216 1
-1 0 -7.089 2.402 D
955 1 19.0 64.0284423828125 20 500 21
0 0 -7.089 2.402 D
438 1 -38.22 -5.066 1
437 1 -38.22 -5.066 1
436 1 -38.22 -5.066 1
435 1 -38.22 -5.066 1
434 1 -38.22 -5.066 1
433 1 -38.22 -5.066 1
432 1 -38.22 -5.066 1
431 1 -38.22 -5.066 1
430 1 -38.22 -5.066 1
429 1 -38.22 -5.066 1
427 1 -38.22 -5.066 1
426 1 -38.22 -5.066 1
425 1 -38.22 -5.066 1
444 1 -38.22 -5.066 1
443 1 -38.22 -5.066 1
442 1 -38.22 -5.066 1
441 1 -38.22 -5.066 1
440 1 -38.22 -5.066 1
439 1 -38.22 -5.066 1
-1 0 -7.089 2.402 D
956 1 19.0 117.75885772705078 20 500 21
0 0 -7.089 2.402 D
966 1 -63.348 -14.856 1
964 1 -63.348 -14.856 1
963 1 -63.348 -14.856 1
962 1 -63.348 -14.856 1
961 1 -63.348 -14.856 1
958 1 -63.348 -14.856 1
956 1 -63.348 -14.856 1
371 1 -59.222 -12.811 1
370 1 -59.222 -12.811 1
369 1 -59.222 -12.811 1
367 1 -59.222 -12.811 1
366 1 -59.222 -12.811 1
365 1 -59.222 -12.811 1
364 1 -59.222 -12.811 1
362 1 -59.222 -12.811 1
359 1 -59.222 -12.811 1
358 1 -59.222 -12.811 1
357 1 -59.222 -12.811 1
1663 1 -21.313 -1.727 1
-1 0 -7.089 2.402 D
957 2 39.0 153.32518005371094 40 500 41
0 0 -7.089 2.402 D
419 1 -48.499 -23.7 2
418 1 -48.499 -23.7 2
417 1 -48.499 -23.7 2
416 1 -48.499 -23.7 2
415 1 -48.499 -23.7 2
414 1 -48.499 -23.7 2
413 1 -48.499 -23.7 2
409 1 -48.499 -23.7 2
408 1 -48.499 -23.7 2
407 1 -48.499 -23.7 2
406 1 -48.499 -23.7 2
405 1 -48.499 -23.7 2
403 1 -48.499 -23.7 2
23 1 -48.553 -29.407 2
20 1 -48.553 -29.407 2
192 1 -51.55 -30.908 2
1175 1 -69.745 -22.491 2
1174 1 -69.745 -22.491 2
1173 1 -69.745 -22.491 2
1172 1 -69.745 -22.491 2
1171 1 -69.745 -22.491 2
1170 1 -69.745 -22.491 2
1168 1 -69.745 -22.491 2
1166 1 -69.745 -22.491 2
1290 1 -70.544 -16.187 2
1287 1 -70.544 -16.187 2
972 1 -63.348 -14.856 2
965 1 -63.348 -14.856 2
960 1 -63.348 -14.856 2
959 1 -63.348 -14.856 2
957 1 -63.348 -14.856 2
955 1 -63.348 -14.856 2
954 1 -63.348 -14.856 2
182 1 -52.368 -18.463 2
179 1 -52.368 -18.463 2
129 1 -39.374 -10.303 2
836 1 -31.317 -7.172 2
835 1 -31.317 -7.172 2
834 1 -31.317 -7.172 2
-1 0 -7.089 2.402 D
958 1 19.0 117.9440689086914 20 500 21
0 0 -7.089 2.402 D
840 1 -31.317 -7.172 1
839 1 -31.317 -7.172 1
838 1 -31.317 -7.172 1
837 1 -31.317 -7.172 1
833 1 -31.317 -7.172 1
832 1 -31.317 -7.172 1
831 1 -31.317 -7.172 1
830 1 -31.317 -7.172 1
829 1 -31.317 -7.172 1
828 1 -31.317 -7.172 1
827 1 -31.317 -7.172 1
826 1 -31.317 -7.172 1
127 1 -39.374 -10.303 1
126 1 -39.374 -10.303 1
971 1 -63.348 -14.856 1
970 1 -63.348 -14.856 1
969 1 -63.348 -14.856 1
968 1 -63.348 -14.856 1
967 1 -63.348 -14.856 1
-1 0 -7.089 2.402 D
959 1 19.0 99.80311584472656 20 500 21
0 0 -7.089 2.402 D
172 1 -52.368 -18.463 1
171 1 -52.368 -18.463 1
170 1 -52.368 -18.463 1
168 1 -52.368 -18.463 1
1142 1 -32.379 -7.91 1
1141 1 -32.379 -7.91 1
1140 1 -32.379 -7.91 1
1139 1 -32.379 -7.91 1
1138 1 -32.379 -7.91 1
1136 1 -32.379 -7.91 1
1135 1 -32.379 -7.91 1
1134 1 -32.379 -7.91 1
1133 1 -32.379 -7.91 1
1132 1 -32.379 -7.91 1
845 1 -31.317 -7.172 1
844 1 -31.317 -7.172 1
843 1 -31.317 -7.172 1
842 1 -31.317 -7.172 1
841 1 -31.317 -7.172 1
-1 0 -7.089 2.402 D
960 1 19.0 120.35169982910156 20 500 21
0 0 -7.089 2.402 D
195 1 -51.55 -30.908 1
194 1 -51.55 -30.908 1
193 1 -51.55 -30.908 1
191 1 -51.55 -30.908 1
189 1 -51.55 -30.908 1
188 1 -51.55 -30.908 1
187 1 -51.55 -30.908 1
186 1 -51.55 -30.908 1
22 1 -48.553 -29.407 1
21 1 -48.553 -29.407 1
19 1 -48.553 -29.407 1
181 1 -52.368 -18.463 1
180 1 -52.368 -18.463 1
178 1 -52.368 -18.463 1
177 1 -52.368 -18.463 1
176 1 -52.368 -18.463 1
175 1 -52.368 -18.463 1
174 1 -52.368 -18.463 1
173 1 -52.368 -18.463 1
-1 0 -7.089 2.402 D
961 1 19.0 92.67021179199219 20 500 21
0 0 -7.089 2.402 D
1091 1 -48.7 -17.981 1
1090 1 -48.7 -17.981 1
1089 1 -48.7 -17.981 1
1088 1 -48.7 -17.981 1
1086 1 -48.7 -17.981 1
1084 1 -48.7 -17.981 1
1083 1 -48.7 -17.981 1
1082 1 -48.7 -17.981 1
1081 1 -48.7 -17.981 1
1080 1 -48.7 -17.981 1
1079 1 -48.7 -17.981 1
1100 1 -48.7 -17.981 1
1099 1 -48.7 -17.981 1
1098 1 -48.7 -17.981 1
1097 1 -48.7 -17.981 1
1096 1 -48.7 -17.981 1
1095 1 -48.7 -17.981 1
1094 1 -48.7 -17.981 1
1092 1 -48.7 -17.981 1
-1 0 -7.089 2.402 D
962 1 19.0 104.5199966430664 20 500 21
0 0 -7.089 2.402 D
40 1 -48.553 -29.407 1
39 1 -48.553 -29.407 1
38 1 -48.553 -29.407 1
37 1 -48.553 -29.407 1
36 1 -48.553 -29.407 1
35 1 -48.553 -29.407 1
34 1 -48.553 -29.407 1
33 1 -48.553 -29.407 1
32 1 -48.553 -29.407 1
31 1 -48.553 -29.407 1
30 1 -48.553 -29.407 1
29 1 -48.553 -29.407 1
28 1 -48.553 -29.407 1
27 1 -48.553 -29.407 1
26 1 -48.553 -29.407 1
25 1 -48.553 -29.407 1
310 1 -17.352 -5.609 1
309 1 -17.352 -5.609 1
307 1 -17.352 -5.609 1
-1 0 -7.089 2.402 D
963 2 39.0 187.29092407226562 40 500 41
0 0 -7.089 2.402 D
582 1 -9.778 -4.926 2
581 1 -9.778 -4.926 2
580 1 -9.778 -4.926 2
579 1 -9.778 -4.926 2
123 1 -5.286 -20.105 2
1272 1 -14.404 -33.954 2
1269 1 -14.404 -33.954 2
1264 1 -14.404 -33.954 2
1254 1 -14.404 -33.954 2
72 1 -16.956 -39.697 2
65 1 -12.189 -45.801 2
59 1 -12.189 -45.801 2
54 1 -12.189 -45.801 2
665 1 2.399 -71.582 2
81 1 -24.176 -51.526 2
888 1 -36.78 -23.633 2
887 1 -36.78 -23.633 2
886 1 -36.78 -23.633 2
885 1 -36.78 -23.633 2
884 1 -36.78 -23.633 2
882 1 -36.78 -23.633 2
881 1 -36.78 -23.633 2
880 1 -36.78 -23.633 2
879 1 -36.78 -23.633 2
878 1 -36.78 -23.633 2
876 1 -36.78 -23.633 2
875 1 -36.78 -23.633 2
874 1 -36.78 -23.633 2
873 1 -36.78 -23.633 2
872 1 -36.78 -23.633 2
871 1 -36.78 -23.633 2
870 1 -36.78 -23.633 2
869 1 -36.78 -23.633 2
868 1 -36.78 -23.633 2
867 1 -36.78 -23.633 2
866 1 -36.78 -23.633 2
317 1 -17.352 -5.609 2
312 1 -17.352 -5.609 2
308 1 -17.352 -5.609 2
-1 0 -7.089 2.402 D
964 1 19.0 257.7993469238281 20 500 21
0 0 -7.089 2.402 D
70 1 -16.956 -39.697 1
69 1 -16.956 -39.697 1
68 1 -16.956 -39.697 1
67 1 -16.956 -39.697 1
66 1 -16.956 -39.697 1
80 1 -24.176 -51.526 1
79 1 -24.176 -51.526 1
78 1 -24.176 -51.526 1
77 1 -24.176 -51.526 1
76 1 -24.176 -51.526 1
75 1 -24.176 -51.526 1
423 1 -86.798 -93.707 1
422 1 -86.798 -93.707 1
318 1 -17.352 -5.609 1
316 1 -17.352 -5.609 1
315 1 -17.352 -5.609 1
314 1 -17.352 -5.609 1
313 1 -17.352 -5.609 1
311 1 -17.352 -5.609 1
-1 0 -7.089 2.402 D
965 1 19.0 132.95443725585938 20 500 21
0 0 -7.089 2.402 D
227 1 -14.38 -62.408 1
226 1 -14.38 -62.408 1
225 1 -14.38 -62.408 1
224 1 -14.38 -62.408 1
223 1 -14.38 -62.408 1
222 1 -14.38 -62.408 1
221 1 -14.38 -62.408 1
60 1 -12.189 -45.801 1
58 1 -12.189 -45.801 1
57 1 -12.189 -45.801 1
56 1 -12.189 -45.801 1
55 1 -12.189 -45.801 1
53 1 -12.189 -45.801 1
52 1 -12.189 -45.801 1
51 1 -12.189 -45.801 1
50 1 -12.189 -45.801 1
74 1 -16.956 -39.697 1
73 1 -16.956 -39.697 1
71 1 -16.956 -39.697 1
-1 0 -7.089 2.402 D
966 1 19.0 74.1692123413086 20 500 21
0 0 -7.089 2.402 D
1268 1 -14.404 -33.954 1
1267 1 -14.404 -33.954 1
1266 1 -14.404 -33.954 1
1265 1 -14.404 -33.954 1
1263 1 -14.404 -33.954 1
1262 1 -14.404 -33.954 1
1261 1 -14.404 -33.954 1
1260 1 -14.404 -33.954 1
1259 1 -14.404 -33.954 1
1258 1 -14.404 -33.954 1
1257 1 -14.404 -33.954 1
1256 1 -14.404 -33.954 1
1255 1 -14.404 -33.954 1
1253 1 -14.404 -33.954 1
1252 1 -14.404 -33.954 1
1251 1 -14.404 -33.954 1
1273 1 -14.404 -33.954 1
1271 1 -14.404 -33.954 1
1270 1 -14.404 -33.954 1
-1 0 -7.089 2.402 D
967 1 19.0 167.52725219726562 20 500 21
0 0 -7.089 2.402 D
421 1 -6.616 -13.336 1
125 1 -5.286 -20.105 1
124 1 -5.286 -20.105 1
122 1 -5.286 -20.105 1
64 1 -12.189 -45.801 1
63 1 -12.189 -45.801 1
62 1 -12.189 -45.801 1
61 1 -12.189 -45.801 1
666 1 2.399 -71.582 1
664 1 2.399 -71.582 1
663 1 2.399 -71.582 1
662 1 2.399 -71.582 1
661 1 2.399 -71.582 1
660 1 2.399 -71.582 1
389 1 16.962 -66.901 1
387 1 16.962 -66.901 1
386 1 16.962 -66.901 1
385 1 16.962 -66.901 1
383 1 16.962 -66.901 1
-1 0 -7.089 2.402 D
968 4 55.0 123.21235656738281 60 500 57
0 0 -7.089 2.402 D
1357 1 7.343 -15.204 4
1356 1 7.343 -15.204 4
1355 1 7.343 -15.204 4
1354 1 7.343 -15.204 4
1353 1 7.343 -15.204 4
1352 1 7.343 -15.204 4
1351 1 7.343 -15.204 4
1350 1 7.343 -15.204 4
1349 1 7.343 -15.204 4
1348 1 7.343 -15.204 4
1347 1 7.343 -15.204 4
1346 1 7.343 -15.204 4
1345 1 7.343 -15.204 4
1344 1 7.343 -15.204 4
1343 1 7.343 -15.204 4
1342 1 7.343 -15.204 4
287 1 9.674 -17.505 4
1564 1 7.013 -20.862 4
1563 1 7.013 -20.862 4
1562 1 7.013 -20.862 4
1561 1 7.013 -20.862 4
1560 1 7.013 -20.862 4
1559 1 7.013 -20.862 4
1558 1 7.013 -20.862 4
1557 1 7.013 -20.862 4
1556 1 7.013 -20.862 4
1555 1 7.013 -20.862 4
1554 1 7.013 -20.862 4
894 1 35.87 -19.482 4
893 1 35.87 -19.482 4
892 1 35.87 -19.482 4
890 1 35.87 -19.482 4
889 1 35.87 -19.482 4
97 1 30.023 -14.74 4
507 1 23.071 -22.437 4
506 1 23.071 -22.437 4
505 1 23.071 -22.437 4
504 1 23.071 -22.437 4
501 1 23.071 -22.437 4
499 1 23.071 -22.437 4
498 1 23.071 -22.437 4
497 1 23.071 -22.437 4
496 1 23.071 -22.437 4
493 1 23.071 -22.437 4
491 1 23.071 -22.437 4
490 1 23.071 -22.437 4
489 1 23.071 -22.437 4
488 1 23.071 -22.437 4
487 1 23.071 -22.437 4
486 1 23.071 -22.437 4
3 1 18.884 -16.04 4
687 1 21.472 -8.655 4
686 1 21.472 -8.655 4
685 1 21.472 -8.655 4
354 1 14.093 -5.896 4
-1 0 -7.089 2.402 D
969 2 39.0 162.23562622070312 40 500 41
0 0 -7.089 2.402 D
232 1 1.77 -5.847 2
230 1 1.77 -5.847 2
1397 1 11.322 -13.574 2
1385 1 15.833 -14.282 2
1384 1 15.833 -14.282 2
1453 1 17.218 -12.415 2
1452 1 17.218 -12.415 2
1451 1 17.218 -12.415 2
1450 1 17.218 -12.415 2
1449 1 17.218 -12.415 2
1448 1 17.218 -12.415 2
1447 1 17.218 -12.415 2
1446 1 17.218 -12.415 2
1445 1 17.218 -12.415 2
2 1 18.884 -16.04 2
396 1 16.962 -66.901 2
391 1 16.962 -66.901 2
384 1 16.962 -66.901 2
1425 1 14.484 -49.243 2
1424 1 14.484 -49.243 2
1423 1 14.484 -49.243 2
1422 1 14.484 -49.243 2
1421 1 14.484 -49.243 2
1420 1 14.484 -49.243 2
1419 1 14.484 -49.243 2
1418 1 14.484 -49.243 2
1417 1 14.484 -49.243 2
1416 1 14.484 -49.243 2
1415 1 14.484 -49.243 2
1414 1 14.484 -49.243 2
1413 1 14.484 -49.243 2
1412 1 14.484 -49.243 2
1411 1 14.484 -49.243 2
1410 1 14.484 -49.243 2
603 1 14.478 -41.65 2
600 1 14.478 -41.65 2
594 1 14.478 -41.65 2
291 1 9.674 -17.505 2
288 1 9.674 -17.505 2
-1 0 -7.089 2.402 D
970 1 19.0 229.462158203125 20 500 21
0 0 -7.089 2.402 D
320 1 41.479 -57.941 1
319 1 41.479 -57.941 1
621 1 38.116 -98.456 1
620 1 38.116 -98.456 1
619 1 38.116 -98.456 1
618 1 38.116 -98.456 1
617 1 38.116 -98.456 1
616 1 38.116 -98.456 1
615 1 38.116 -98.456 1
614 1 38.116 -98.456 1
613 1 38.116 -98.456 1
399 1 16.962 -66.901 1
398 1 16.962 -66.901 1
397 1 16.962 -66.901 1
395 1 16.962 -66.901 1
394 1 16.962 -66.901 1
393 1 16.962 -66.901 1
392 1 16.962 -66.901 1
390 1 16.962 -66.901 1
-1 0 -7.089 2.402 D
971 1 19.0 102.14418029785156 20 500 21
0 0 -7.089 2.402 D
140 1 15.625 -36.688 1
139 1 15.625 -36.688 1
138 1 15.625 -36.688 1
137 1 15.625 -36.688 1
136 1 15.625 -36.688 1
135 1 15.625 -36.688 1
134 1 15.625 -36.688 1
133 1 15.625 -36.688 1
131 1 15.625 -36.688 1
130 1 15.625 -36.688 1
1324 1 17.822 -40.405 1
1323 1 17.822 -40.405 1
604 1 14.478 -41.65 1
602 1 14.478 -41.65 1
601 1 14.478 -41.65 1
599 1 14.478 -41.65 1
598 1 14.478 -41.65 1
597 1 14.478 -41.65 1
596 1 14.478 -41.65 1
-1 0 -7.089 2.402 D
972 1 19.0 103.99564361572266 20 500 21
0 0 -7.089 2.402 D
233 1 1.77 -5.847 1
231 1 1.77 -5.847 1
229 1 1.77 -5.847 1
595 1 14.478 -41.65 1
593 1 14.478 -41.65 1
1334 1 17.822 -40.405 1
1333 1 17.822 -40.405 1
1332 1 17.822 -40.405 1
1331 1 17.822 -40.405 1
1330 1 17.822 -40.405 1
1329 1 17.822 -40.405 1
1328 1 17.822 -40.405 1
1327 1 17.822 -40.405 1
1326 1 17.822 -40.405 1
1325 1 17.822 -40.405 1
293 1 9.674 -17.505 1
292 1 9.674 -17.505 1
290 1 9.674 -17.505 1
289 1 9.674 -17.505 1
-1 0 -7.089 2.402 D
973 1 19.0 111.07894134521484 20 500 21
0 0 -7.089 2.402 D
450 1 31.72 -36.578 1
448 1 31.72 -36.578 1
446 1 31.72 -36.578 1
469 1 31.72 -36.578 1
468 1 31.72 -36.578 1
467 1 31.72 -36.578 1
466 1 31.72 -36.578 1
465 1 31.72 -36.578 1
464 1 31.72 -36.578 1
463 1 31.72 -36.578 1
462 1 31.72 -36.578 1
461 1 31.72 -36.578 1
457 1 31.72 -36.578 1
456 1 31.72 -36.578 1
455 1 31.72 -36.578 1
454 1 31.72 -36.578 1
452 1 31.72 -36.578 1
451 1 31.72 -36.578 1
1 1 18.884 -16.04 1
-1 0 -7.089 2.402 D
974 1 19.0 64.66625213623047 20 500 21
0 0 -7.089 2.402 D
1518 1 18.207 -12.823 1
1517 1 18.207 -12.823 1
1516 1 18.207 -12.823 1
1515 1 18.207 -12.823 1
1514 1 18.207 -12.823 1
1513 1 18.207 -12.823 1
1512 1 18.207 -12.823 1
1511 1 18.207 -12.823 1
1510 1 18.207 -12.823 1
1509 1 18.207 -12.823 1
1508 1 18.207 -12.823 1
1507 1 18.207 -12.823 1
1506 1 18.207 -12.823 1
1505 1 18.207 -12.823 1
1504 1 18.207 -12.823 1
1503 1 18.207 -12.823 1
6 1 18.884 -16.04 1
5 1 18.884 -16.04 1
4 1 18.884 -16.04 1
-1 0 -7.089 2.402 D
975 2 39.0 186.84085083007812 40 500 41
0 0 -7.089 2.402 D
1024 1 6.61 -2.216 2
1023 1 6.61 -2.216 2
355 1 14.093 -5.896 2
697 1 21.472 -8.655 2
696 1 21.472 -8.655 2
695 1 21.472 -8.655 2
694 1 21.472 -8.655 2
693 1 21.472 -8.655 2
692 1 21.472 -8.655 2
691 1 21.472 -8.655 2
690 1 21.472 -8.655 2
689 1 21.472 -8.655 2
688 1 21.472 -8.655 2
684 1 21.472 -8.655 2
683 1 21.472 -8.655 2
682 1 21.472 -8.655 2
337 1 27.118 -5.255 2
336 1 27.118 -5.255 2
545 1 70.734 -43.695 2
542 1 70.734 -43.695 2
536 1 70.734 -43.695 2
93 1 30.023 -14.74 2
92 1 30.023 -14.74 2
83 1 30.023 -14.74 2
82 1 30.023 -14.74 2
1467 1 17.218 -12.415 2
1466 1 17.218 -12.415 2
1465 1 17.218 -12.415 2
1464 1 17.218 -12.415 2
1463 1 17.218 -12.415 2
1462 1 17.218 -12.415 2
1461 1 17.218 -12.415 2
1460 1 17.218 -12.415 2
1459 1 17.218 -12.415 2
1458 1 17.218 -12.415 2
1457 1 17.218 -12.415 2
1456 1 17.218 -12.415 2
1455 1 17.218 -12.415 2
1454 1 17.218 -12.415 2
-1 0 -7.089 2.402 D
976 1 19.0 181.04354858398438 20 500 21
0 0 -7.089 2.402 D
763 1 21.094 -11.499 1
762 1 21.094 -11.499 1
546 1 70.734 -43.695 1
544 1 70.734 -43.695 1
543 1 70.734 -43.695 1
541 1 70.734 -43.695 1
540 1 70.734 -43.695 1
539 1 70.734 -43.695 1
538 1 70.734 -43.695 1
537 1 70.734 -43.695 1
535 1 70.734 -43.695 1
534 1 70.734 -43.695 1
533 1 70.734 -43.695 1
1524 1 18.207 -12.823 1
1523 1 18.207 -12.823 1
1522 1 18.207 -12.823 1
1521 1 18.207 -12.823 1
1520 1 18.207 -12.823 1
1519 1 18.207 -12.823 1
-1 0 -7.089 2.402 D
977 1 19.0 81.80351257324219 20 500 21
0 0 -7.089 2.402 D
86 1 30.023 -14.74 1
85 1 30.023 -14.74 1
84 1 30.023 -14.74 1
781 1 21.094 -11.499 1
780 1 21.094 -11.499 1
779 1 21.094 -11.499 1
778 1 21.094 -11.499 1
777 1 21.094 -11.499 1
776 1 21.094 -11.499 1
774 1 21.094 -11.499 1
772 1 21.094 -11.499 1
771 1 21.094 -11.499 1
770 1 21.094 -11.499 1
769 1 21.094 -11.499 1
768 1 21.094 -11.499 1
767 1 21.094 -11.499 1
766 1 21.094 -11.499 1
765 1 21.094 -11.499 1
764 1 21.094 -11.499 1
-1 0 -7.089 2.402 D
978 1 19.0 81.89540100097656 20 500 21
0 0 -7.089 2.402 D
1026 1 6.61 -2.216 1
1025 1 6.61 -2.216 1
1022 1 6.61 -2.216 1
1021 1 6.61 -2.216 1
356 1 14.093 -5.896 1
353 1 14.093 -5.896 1
102 1 30.023 -14.74 1
101 1 30.023 -14.74 1
100 1 30.023 -14.74 1
99 1 30.023 -14.74 1
98 1 30.023 -14.74 1
96 1 30.023 -14.74 1
95 1 30.023 -14.74 1
94 1 30.023 -14.74 1
91 1 30.023 -14.74 1
90 1 30.023 -14.74 1
89 1 30.023 -14.74 1
88 1 30.023 -14.74 1
87 1 30.023 -14.74 1
-1 0 -7.089 2.402 D
979 4 52.0 351.2250061035156 60 500 54
0 0 -7.089 2.402 D
306 1 -17.352 -5.609 4
142 1 15.625 -36.688 4
141 1 15.625 -36.688 4
132 1 15.625 -36.688 4
400 1 16.962 -66.901 4
388 1 16.962 -66.901 4
382 1 16.962 -66.901 4
381 1 16.962 -66.901 4
228 1 -14.38 -62.408 4
737 1 14.374 -0.012 4
733 1 14.374 -0.012 4
730 1 14.374 -0.012 4
717 1 14.374 -0.012 4
349 1 27.118 -5.255 4
342 1 27.118 -5.255 4
335 1 27.118 -5.255 4
329 1 40.948 -8.057 4
241 1 63.995 -11.792 4
759 1 74.286 -16.187 4
758 1 74.286 -16.187 4
757 1 74.286 -16.187 4
756 1 74.286 -16.187 4
755 1 74.286 -16.187 4
754 1 74.286 -16.187 4
753 1 74.286 -16.187 4
752 1 74.286 -16.187 4
751 1 74.286 -16.187 4
749 1 74.286 -16.187 4
748 1 74.286 -16.187 4
747 1 74.286 -16.187 4
1649 1 75.342 -28.101 4
1648 1 75.342 -28.101 4
1647 1 75.342 -28.101 4
1646 1 75.342 -28.101 4
1645 1 75.342 -28.101 4
1644 1 75.342 -28.101 4
1643 1 75.342 -28.101 4
1642 1 75.342 -28.101 4
1641 1 75.342 -28.101 4
1640 1 75.342 -28.101 4
1639 1 75.342 -28.101 4
1638 1 75.342 -28.101 4
1637 1 75.342 -28.101 4
1636 1 75.342 -28.101 4
1635 1 75.342 -28.101 4
1634 1 75.342 -28.101 4
1633 1 75.342 -28.101 4
1632 1 75.342 -28.101 4
1631 1 75.342 -28.101 4
1630 1 75.342 -28.101 4
1629 1 75.342 -28.101 4
1628 1 75.342 -28.101 4
-1 0 -7.089 2.402 D
980 1 19.0 98.32693481445312 20 500 21
0 0 -7.089 2.402 D
328 1 40.948 -8.057 1
327 1 40.948 -8.057 1
326 1 40.948 -8.057 1
325 1 40.948 -8.057 1
324 1 40.948 -8.057 1
323 1 40.948 -8.057 1
352 1 27.118 -5.255 1
351 1 27.118 -5.255 1
350 1 27.118 -5.255 1
348 1 27.118 -5.255 1
347 1 27.118 -5.255 1
346 1 27.118 -5.255 1
345 1 27.118 -5.255 1
344 1 27.118 -5.255 1
343 1 27.118 -5.255 1
340 1 27.118 -5.255 1
339 1 27.118 -5.255 1
334 1 27.118 -5.255 1
333 1 27.118 -5.255 1
-1 0 -7.089 2.402 D
981 2 29.0 145.37298583984375 40 500 31
0 0 -7.089 2.402 D
738 1 14.374 -0.012 2
736 1 14.374 -0.012 2
735 1 14.374 -0.012 2
734 1 14.374 -0.012 2
732 1 14.374 -0.012 2
731 1 14.374 -0.012 2
729 1 14.374 -0.012 2
728 1 14.374 -0.012 2
727 1 14.374 -0.012 2
726 1 14.374 -0.012 2
725 1 14.374 -0.012 2
724 1 14.374 -0.012 2
723 1 14.374 -0.012 2
722 1 14.374 -0.012 2
721 1 14.374 -0.012 2
720 1 14.374 -0.012 2
719 1 14.374 -0.012 2
718 1 14.374 -0.012 2
470 1 32.361 -1.74 2
247 1 63.995 -11.792 2
245 1 63.995 -11.792 2
243 1 63.995 -11.792 2
239 1 63.995 -11.792 2
236 1 63.995 -11.792 2
235 1 63.995 -11.792 2
322 1 40.948 -8.057 2
321 1 40.948 -8.057 2
341 1 27.118 -5.255 2
338 1 27.118 -5.255 2
-1 0 -7.089 2.402 D
982 1 19.0 145.6409454345703 20 500 21
0 0 -7.089 2.402 D
473 1 32.361 -1.74 1
472 1 32.361 -1.74 1
471 1 32.361 -1.74 1
1163 1 41.785 -2.728 1
1162 1 41.785 -2.728 1
1161 1 41.785 -2.728 1
1159 1 41.785 -2.728 1
1157 1 41.785 -2.728 1
1156 1 41.785 -2.728 1
246 1 63.995 -11.792 1
244 1 63.995 -11.792 1
242 1 63.995 -11.792 1
240 1 63.995 -11.792 1
238 1 63.995 -11.792 1
237 1 63.995 -11.792 1
234 1 63.995 -11.792 1
332 1 40.948 -8.057 1
331 1 40.948 -8.057 1
330 1 40.948 -8.057 1
-1 0 -7.089 2.402 D
983 1 18.0 209.93670654296875 20 500 20
0 0 -7.089 2.402 D
675 1 8.411 49.017 1
674 1 8.411 49.017 1
673 1 8.411 49.017 1
672 1 8.411 49.017 1
671 1 8.411 49.017 1
670 1 8.411 49.017 1
669 1 8.411 49.017 1
668 1 8.411 49.017 1
667 1 8.411 49.017 1
185 1 19.763 45.642 1
184 1 19.763 45.642 1
932 1 27.344 70.087 1
931 1 27.344 70.087 1
930 1 27.344 70.087 1
929 1 27.344 70.087 1
927 1 27.344 70.087 1
1165 1 41.785 -2.728 1
1164 1 41.785 -2.728 1
-1 0 -7.089 2.402 D
