1763
1 1 1 18.884 -16.04 1
2 2 1 18.884 -16.04 1
3 4 1 18.884 -16.04 1
4 1 1 18.884 -16.04 1
5 1 1 18.884 -16.04 1
6 1 1 18.884 -16.04 1
7 1 1 -6.049 41.125 2
8 1 1 -6.049 41.125 2
9 1 1 -6.049 41.125 2
10 1 1 -6.049 41.125 2
11 2 1 -6.049 41.125 2
12 4 1 -6.049 41.125 2
13 1 1 -6.049 41.125 2
14 1 1 -6.049 41.125 2
15 1 1 -6.049 41.125 2
16 1 1 -6.049 41.125 2
17 2 1 -6.049 41.125 2
18 2 1 -6.049 41.125 2
19 1 1 -48.553 -29.407 3
20 2 1 -48.553 -29.407 3
21 1 1 -48.553 -29.407 3
22 1 1 -48.553 -29.407 3
23 2 1 -48.553 -29.407 3
24 4 1 -48.553 -29.407 3
25 1 1 -48.553 -29.407 3
26 1 1 -48.553 -29.407 3
27 1 1 -48.553 -29.407 3
28 1 1 -48.553 -29.407 3
29 1 1 -48.553 -29.407 3
30 1 1 -48.553 -29.407 3
31 1 1 -48.553 -29.407 3
32 1 1 -48.553 -29.407 3
33 1 1 -48.553 -29.407 3
34 1 1 -48.553 -29.407 3
35 1 1 -48.553 -29.407 3
36 1 1 -48.553 -29.407 3
37 1 1 -48.553 -29.407 3
38 1 1 -48.553 -29.407 3
39 1 1 -48.553 -29.407 3
40 1 1 -48.553 -29.407 3
41 4 1 -20.337 52.478 4
42 4 1 -20.337 52.478 4
43 1 1 -20.337 52.478 4
44 4 1 -20.337 52.478 4
45 4 1 19.244 35.107 5
46 2 1 19.244 35.107 5
47 1 1 19.244 35.107 5
48 1 1 19.244 35.107 5
49 4 1 19.244 35.107 5
50 1 1 -12.189 -45.801 6
51 1 1 -12.189 -45.801 6
52 1 1 -12.189 -45.801 6
53 1 1 -12.189 -45.801 6
54 2 1 -12.189 -45.801 6
55 1 1 -12.189 -45.801 6
56 1 1 -12.189 -45.801 6
57 1 1 -12.189 -45.801 6
58 1 1 -12.189 -45.801 6
59 2 1 -12.189 -45.801 6
60 1 1 -12.189 -45.801 6
61 1 1 -12.189 -45.801 6
62 1 1 -12.189 -45.801 6
63 1 1 -12.189 -45.801 6
64 1 1 -12.189 -45.801 6
65 2 1 -12.189 -45.801 6
66 1 1 -16.956 -39.697 7
67 1 1 -16.956 -39.697 7
68 1 1 -16.956 -39.697 7
69 1 1 -16.956 -39.697 7
70 1 1 -16.956 -39.697 7
71 1 1 -16.956 -39.697 7
72 2 1 -16.956 -39.697 7
73 1 1 -16.956 -39.697 7
74 1 1 -16.956 -39.697 7
75 1 1 -24.176 -51.526 8
76 1 1 -24.176 -51.526 8
77 1 1 -24.176 -51.526 8
78 1 1 -24.176 -51.526 8
79 1 1 -24.176 -51.526 8
80 1 1 -24.176 -51.526 8
81 2 1 -24.176 -51.526 8
82 2 1 30.023 -14.74 9
83 2 1 30.023 -14.74 9
84 1 1 30.023 -14.74 9
85 1 1 30.023 -14.74 9
86 1 1 30.023 -14.74 9
87 1 1 30.023 -14.74 9
88 1 1 30.023 -14.74 9
89 1 1 30.023 -14.74 9
90 1 1 30.023 -14.74 9
91 1 1 30.023 -14.74 9
92 2 1 30.023 -14.74 9
93 2 1 30.023 -14.74 9
94 1 1 30.023 -14.74 9
95 1 1 30.023 -14.74 9
96 1 1 30.023 -14.74 9
97 4 1 30.023 -14.74 9
98 1 1 30.023 -14.74 9
99 1 1 30.023 -14.74 9
100 1 1 30.023 -14.74 9
101 1 1 30.023 -14.74 9
102 1 1 30.023 -14.74 9
103 2 1 -19.269 34.711 10
104 1 1 -19.269 34.711 10
105 1 1 -19.269 34.711 10
106 4 1 -19.269 34.711 10
107 1 1 -19.269 34.711 10
108 1 1 -19.269 34.711 10
109 4 1 -19.269 34.711 10
110 1 1 -19.269 34.711 10
111 2 1 -19.269 34.711 10
112 1 1 -19.269 34.711 10
113 1 1 -19.269 34.711 10
114 2 1 -19.269 34.711 10
115 1 1 -19.269 34.711 10
116 1 1 -19.269 34.711 10
117 1 1 -19.269 34.711 10
118 1 1 -19.269 34.711 10
119 2 1 -19.269 34.711 10
120 2 1 -19.269 34.711 10
121 4 1 -5.286 -20.105 11
122 1 1 -5.286 -20.105 11
123 2 1 -5.286 -20.105 11
124 1 1 -5.286 -20.105 11
125 1 1 -5.286 -20.105 11
126 1 1 -39.374 -10.303 12
127 1 1 -39.374 -10.303 12
128 4 1 -39.374 -10.303 12
129 2 1 -39.374 -10.303 12
130 1 1 15.625 -36.688 13
131 1 1 15.625 -36.688 13
132 4 1 15.625 -36.688 13
133 1 1 15.625 -36.688 13
134 1 1 15.625 -36.688 13
135 1 1 15.625 -36.688 13
136 1 1 15.625 -36.688 13
137 1 1 15.625 -36.688 13
138 1 1 15.625 -36.688 13
139 1 1 15.625 -36.688 13
140 1 1 15.625 -36.688 13
141 4 1 15.625 -36.688 13
142 4 1 15.625 -36.688 13
143 1 1 -35.919 80.383 14
144 1 1 -35.919 80.383 14
145 1 1 -35.919 80.383 14
146 2 1 -35.919 80.383 14
147 1 1 -35.919 80.383 14
148 1 1 -35.919 80.383 14
149 1 1 -35.919 80.383 14
150 1 1 -35.919 80.383 14
151 1 1 -35.919 80.383 14
152 1 1 -35.919 80.383 14
153 2 1 -35.919 80.383 14
154 1 1 -35.919 80.383 14
155 1 1 -35.919 80.383 14
156 2 1 -35.919 80.383 14
157 1 1 -35.919 80.383 14
158 2 1 -35.919 80.383 14
159 1 1 18.054 33.295 15
160 1 1 18.054 33.295 15
161 1 1 18.054 33.295 15
162 1 1 18.054 33.295 15
163 1 1 18.054 33.295 15
164 2 1 18.054 33.295 15
165 1 1 18.054 33.295 15
166 1 1 18.054 33.295 15
167 4 1 18.054 33.295 15
168 1 1 -52.368 -18.463 16
169 4 1 -52.368 -18.463 16
170 1 1 -52.368 -18.463 16
171 1 1 -52.368 -18.463 16
172 1 1 -52.368 -18.463 16
173 1 1 -52.368 -18.463 16
174 1 1 -52.368 -18.463 16
175 1 1 -52.368 -18.463 16
176 1 1 -52.368 -18.463 16
177 1 1 -52.368 -18.463 16
178 1 1 -52.368 -18.463 16
179 2 1 -52.368 -18.463 16
180 1 1 -52.368 -18.463 16
181 1 1 -52.368 -18.463 16
182 2 1 -52.368 -18.463 16
183 4 1 19.763 45.642 17
184 1 1 19.763 45.642 17
185 1 1 19.763 45.642 17
186 1 1 -51.55 -30.908 18
187 1 1 -51.55 -30.908 18
188 1 1 -51.55 -30.908 18
189 1 1 -51.55 -30.908 18
190 4 1 -51.55 -30.908 18
191 1 1 -51.55 -30.908 18
192 2 1 -51.55 -30.908 18
193 1 1 -51.55 -30.908 18
194 1 1 -51.55 -30.908 18
195 1 1 -51.55 -30.908 18
196 2 1 18.091 44.049 19
197 1 1 18.091 44.049 19
198 1 1 18.091 44.049 19
199 1 1 18.091 44.049 19
200 1 1 18.091 44.049 19
201 2 1 18.091 44.049 19
202 1 1 18.091 44.049 19
203 1 1 18.091 44.049 19
204 1 1 18.091 44.049 19
205 1 1 18.091 44.049 19
206 1 1 18.091 44.049 19
207 1 1 18.091 44.049 19
208 1 1 18.091 44.049 19
209 1 1 18.091 44.049 19
210 1 1 18.091 44.049 19
211 1 1 18.091 44.049 19
212 4 1 18.091 44.049 19
213 1 1 18.091 44.049 19
214 1 1 18.091 44.049 19
215 1 1 18.091 44.049 19
216 4 1 18.091 44.049 19
217 1 1 18.091 44.049 19
218 1 1 18.091 44.049 19
219 4 1 18.091 44.049 19
220 1 1 18.091 44.049 19
221 1 1 -14.38 -62.408 20
222 1 1 -14.38 -62.408 20
223 1 1 -14.38 -62.408 20
224 1 1 -14.38 -62.408 20
225 1 1 -14.38 -62.408 20
226 1 1 -14.38 -62.408 20
227 1 1 -14.38 -62.408 20
228 4 1 -14.38 -62.408 20
229 1 1 1.77 -5.847 21
230 2 1 1.77 -5.847 21
231 1 1 1.77 -5.847 21
232 2 1 1.77 -5.847 21
233 1 1 1.77 -5.847 21
234 1 1 63.995 -11.792 22
235 2 1 63.995 -11.792 22
236 2 1 63.995 -11.792 22
237 1 1 63.995 -11.792 22
238 1 1 63.995 -11.792 22
239 2 1 63.995 -11.792 22
240 1 1 63.995 -11.792 22
241 4 1 63.995 -11.792 22
242 1 1 63.995 -11.792 22
243 2 1 63.995 -11.792 22
244 1 1 63.995 -11.792 22
245 2 1 63.995 -11.792 22
246 1 1 63.995 -11.792 22
247 2 1 63.995 -11.792 22
248 1 1 16.241 13.153 23
249 1 1 16.241 13.153 23
250 1 1 16.241 13.153 23
251 1 1 16.241 13.153 23
252 2 1 16.241 13.153 23
253 1 1 16.241 13.153 23
254 1 1 16.241 13.153 23
255 1 1 -10.193 32.214 24
256 1 1 -10.193 32.214 24
257 2 1 -10.193 32.214 24
258 1 1 -10.193 32.214 24
259 1 1 -10.193 32.214 24
260 1 1 -10.193 32.214 24
261 1 1 -10.193 32.214 24
262 1 1 -10.193 32.214 24
263 1 1 -10.193 32.214 24
264 4 1 -10.193 32.214 24
265 4 1 -2.185 33.929 25
266 1 1 -2.185 33.929 25
267 1 1 -2.185 33.929 25
268 2 1 -2.185 33.929 25
269 1 1 -2.185 33.929 25
270 1 1 -2.185 33.929 25
271 1 1 -2.185 33.929 25
272 1 1 -2.185 33.929 25
273 1 1 -2.185 33.929 25
274 1 1 -2.185 33.929 25
275 1 1 -2.185 33.929 25
276 4 1 -2.185 33.929 25
277 1 1 -2.185 33.929 25
278 1 1 -2.185 33.929 25
279 1 1 -2.185 33.929 25
280 2 1 -2.185 33.929 25
281 1 1 -2.185 33.929 25
282 4 1 -2.185 33.929 25
283 2 1 -2.185 33.929 25
284 1 1 -2.185 33.929 25
285 1 1 -2.185 33.929 25
286 2 1 -2.185 33.929 25
287 4 1 9.674 -17.505 26
288 2 1 9.674 -17.505 26
289 1 1 9.674 -17.505 26
290 1 1 9.674 -17.505 26
291 2 1 9.674 -17.505 26
292 1 1 9.674 -17.505 26
293 1 1 9.674 -17.505 26
294 1 1 10.559 32.007 27
295 2 1 10.559 32.007 27
296 1 1 10.559 32.007 27
297 1 1 10.559 32.007 27
298 2 1 10.559 32.007 27
299 1 1 10.559 32.007 27
300 1 1 10.559 32.007 27
301 4 1 10.559 32.007 27
302 1 1 10.559 32.007 27
303 1 1 10.559 32.007 27
304 1 1 -75.11 4.51 28
305 2 1 -75.11 4.51 28
306 4 1 -17.352 -5.609 29
307 1 1 -17.352 -5.609 29
308 2 1 -17.352 -5.609 29
309 1 1 -17.352 -5.609 29
310 1 1 -17.352 -5.609 29
311 1 1 -17.352 -5.609 29
312 2 1 -17.352 -5.609 29
313 1 1 -17.352 -5.609 29
314 1 1 -17.352 -5.609 29
315 1 1 -17.352 -5.609 29
316 1 1 -17.352 -5.609 29
317 2 1 -17.352 -5.609 29
318 1 1 -17.352 -5.609 29
319 1 1 41.479 -57.941 30
320 1 1 41.479 -57.941 30
321 2 1 40.948 -8.057 31
322 2 1 40.948 -8.057 31
323 1 1 40.948 -8.057 31
324 1 1 40.948 -8.057 31
325 1 1 40.948 -8.057 31
326 1 1 40.948 -8.057 31
327 1 1 40.948 -8.057 31
328 1 1 40.948 -8.057 31
329 4 1 40.948 -8.057 31
330 1 1 40.948 -8.057 31
331 1 1 40.948 -8.057 31
332 1 1 40.948 -8.057 31
333 1 1 27.118 -5.255 32
334 1 1 27.118 -5.255 32
335 4 1 27.118 -5.255 32
336 2 1 27.118 -5.255 32
337 2 1 27.118 -5.255 32
338 2 1 27.118 -5.255 32
339 1 1 27.118 -5.255 32
340 1 1 27.118 -5.255 32
341 2 1 27.118 -5.255 32
342 4 1 27.118 -5.255 32
343 1 1 27.118 -5.255 32
344 1 1 27.118 -5.255 32
345 1 1 27.118 -5.255 32
346 1 1 27.118 -5.255 32
347 1 1 27.118 -5.255 32
348 1 1 27.118 -5.255 32
349 4 1 27.118 -5.255 32
350 1 1 27.118 -5.255 32
351 1 1 27.118 -5.255 32
352 1 1 27.118 -5.255 32
353 1 1 14.093 -5.896 33
354 4 1 14.093 -5.896 33
355 2 1 14.093 -5.896 33
356 1 1 14.093 -5.896 33
357 1 1 -59.222 -12.811 34
358 1 1 -59.222 -12.811 34
359 1 1 -59.222 -12.811 34
360 2 1 -59.222 -12.811 34
361 2 1 -59.222 -12.811 34
362 1 1 -59.222 -12.811 34
363 4 1 -59.222 -12.811 34
364 1 1 -59.222 -12.811 34
365 1 1 -59.222 -12.811 34
366 1 1 -59.222 -12.811 34
367 1 1 -59.222 -12.811 34
368 4 1 -59.222 -12.811 34
369 1 1 -59.222 -12.811 34
370 1 1 -59.222 -12.811 34
371 1 1 -59.222 -12.811 34
372 1 1 -32.751 2.216 35
373 1 1 -32.751 2.216 35
374 1 1 -32.751 2.216 35
375 2 1 -32.751 2.216 35
376 1 1 -32.751 2.216 35
377 1 1 -32.751 2.216 35
378 1 1 -32.751 2.216 35
379 1 1 -32.751 2.216 35
380 2 1 -32.751 2.216 35
381 4 1 16.962 -66.901 36
382 4 1 16.962 -66.901 36
383 1 1 16.962 -66.901 36
384 2 1 16.962 -66.901 36
385 1 1 16.962 -66.901 36
386 1 1 16.962 -66.901 36
387 1 1 16.962 -66.901 36
388 4 1 16.962 -66.901 36
389 1 1 16.962 -66.901 36
390 1 1 16.962 -66.901 36
391 2 1 16.962 -66.901 36
392 1 1 16.962 -66.901 36
393 1 1 16.962 -66.901 36
394 1 1 16.962 -66.901 36
395 1 1 16.962 -66.901 36
396 2 1 16.962 -66.901 36
397 1 1 16.962 -66.901 36
398 1 1 16.962 -66.901 36
399 1 1 16.962 -66.901 36
400 4 1 16.962 -66.901 36
401 2 1 -2.686 18.994 37
402 2 1 -2.686 18.994 37
403 2 1 -48.499 -23.7 38
404 4 1 -48.499 -23.7 38
405 2 1 -48.499 -23.7 38
406 2 1 -48.499 -23.7 38
407 2 1 -48.499 -23.7 38
408 2 1 -48.499 -23.7 38
409 2 1 -48.499 -23.7 38
410 4 1 -48.499 -23.7 38
411 4 1 -48.499 -23.7 38
412 4 1 -48.499 -23.7 38
413 2 1 -48.499 -23.7 38
414 2 1 -48.499 -23.7 38
415 2 1 -48.499 -23.7 38
416 2 1 -48.499 -23.7 38
417 2 1 -48.499 -23.7 38
418 2 1 -48.499 -23.7 38
419 2 1 -48.499 -23.7 38
420 4 1 -48.499 -23.7 38
421 1 1 -6.616 -13.336 39
422 1 1 -86.798 -93.707 40
423 1 1 -86.798 -93.707 40
424 2 1 -38.22 -5.066 41
425 1 1 -38.22 -5.066 41
426 1 1 -38.22 -5.066 41
427 1 1 -38.22 -5.066 41
428 2 1 -38.22 -5.066 41
429 1 1 -38.22 -5.066 41
430 1 1 -38.22 -5.066 41
431 1 1 -38.22 -5.066 41
432 1 1 -38.22 -5.066 41
433 1 1 -38.22 -5.066 41
434 1 1 -38.22 -5.066 41
435 1 1 -38.22 -5.066 41
436 1 1 -38.22 -5.066 41
437 1 1 -38.22 -5.066 41
438 1 1 -38.22 -5.066 41
439 1 1 -38.22 -5.066 41
440 1 1 -38.22 -5.066 41
441 1 1 -38.22 -5.066 41
442 1 1 -38.22 -5.066 41
443 1 1 -38.22 -5.066 41
444 1 1 -38.22 -5.066 41
445 8 1 31.72 -36.578 42
446 1 1 31.72 -36.578 42
447 8 1 31.72 -36.578 42
448 1 1 31.72 -36.578 42
449 8 1 31.72 -36.578 42
450 1 1 31.72 -36.578 42
451 1 1 31.72 -36.578 42
452 1 1 31.72 -36.578 42
453 8 1 31.72 -36.578 42
454 1 1 31.72 -36.578 42
455 1 1 31.72 -36.578 42
456 1 1 31.72 -36.578 42
457 1 1 31.72 -36.578 42
458 8 1 31.72 -36.578 42
459 8 1 31.72 -36.578 42
460 8 1 31.72 -36.578 42
461 1 1 31.72 -36.578 42
462 1 1 31.72 -36.578 42
463 1 1 31.72 -36.578 42
464 1 1 31.72 -36.578 42
465 1 1 31.72 -36.578 42
466 1 1 31.72 -36.578 42
467 1 1 31.72 -36.578 42
468 1 1 31.72 -36.578 42
469 1 1 31.72 -36.578 42
470 2 1 32.361 -1.74 43
471 1 1 32.361 -1.74 43
472 1 1 32.361 -1.74 43
473 1 1 32.361 -1.74 43
474 4 1 6.647 15.558 44
475 8 1 6.647 15.558 44
476 4 1 6.647 15.558 44
477 8 1 6.647 15.558 44
478 4 1 6.647 15.558 44
479 4 1 6.647 15.558 44
480 8 1 6.647 15.558 44
481 8 1 6.647 15.558 44
482 4 1 -12.555 39.6 45
483 4 1 -12.555 39.6 45
484 8 1 -12.555 39.6 45
485 8 1 23.071 -22.437 46
486 4 1 23.071 -22.437 46
487 4 1 23.071 -22.437 46
488 4 1 23.071 -22.437 46
489 4 1 23.071 -22.437 46
490 4 1 23.071 -22.437 46
491 4 1 23.071 -22.437 46
492 8 1 23.071 -22.437 46
493 4 1 23.071 -22.437 46
494 8 1 23.071 -22.437 46
495 8 1 23.071 -22.437 46
496 4 1 23.071 -22.437 46
497 4 1 23.071 -22.437 46
498 4 1 23.071 -22.437 46
499 4 1 23.071 -22.437 46
500 8 1 23.071 -22.437 46
501 4 1 23.071 -22.437 46
502 8 1 23.071 -22.437 46
503 8 1 23.071 -22.437 46
504 4 1 23.071 -22.437 46
505 4 1 23.071 -22.437 46
506 4 1 23.071 -22.437 46
507 4 1 23.071 -22.437 46
508 8 1 13.739 3.558 47
509 1 1 13.739 3.558 47
510 1 1 13.739 3.558 47
511 1 1 13.739 3.558 47
512 1 1 13.739 3.558 47
513 1 1 13.739 3.558 47
514 1 1 13.739 3.558 47
515 1 1 13.739 3.558 47
516 1 1 13.739 3.558 47
517 1 1 13.739 3.558 47
518 1 1 13.739 3.558 47
519 1 1 13.739 3.558 47
520 1 1 13.739 3.558 47
521 1 1 13.739 3.558 47
522 1 1 13.739 3.558 47
523 1 1 13.739 3.558 47
524 1 1 13.739 3.558 47
525 1 1 13.739 3.558 47
526 1 1 13.739 3.558 47
527 1 1 13.739 3.558 47
528 1 1 13.739 3.558 47
529 1 1 13.739 3.558 47
530 1 1 13.739 3.558 47
531 1 1 13.739 3.558 47
532 1 1 13.739 3.558 47
533 1 1 70.734 -43.695 48
534 1 1 70.734 -43.695 48
535 1 1 70.734 -43.695 48
536 2 1 70.734 -43.695 48
537 1 1 70.734 -43.695 48
538 1 1 70.734 -43.695 48
539 1 1 70.734 -43.695 48
540 1 1 70.734 -43.695 48
541 1 1 70.734 -43.695 48
542 2 1 70.734 -43.695 48
543 1 1 70.734 -43.695 48
544 1 1 70.734 -43.695 48
545 2 1 70.734 -43.695 48
546 1 1 70.734 -43.695 48
547 4 1 -8.771 -15.558 49
548 4 1 -8.771 -15.558 49
549 4 1 -8.771 -15.558 49
550 4 1 -8.771 -15.558 49
551 4 1 -8.771 -15.558 49
552 4 1 -8.771 -15.558 49
553 4 1 -8.771 -15.558 49
554 4 1 -8.771 -15.558 49
555 4 1 -8.771 -15.558 49
556 4 1 -8.771 -15.558 49
557 8 1 -8.771 -15.558 49
558 4 1 -8.771 -15.558 49
559 4 1 -8.771 -15.558 49
560 4 1 -8.771 -15.558 49
561 4 1 -8.771 -15.558 49
562 1 1 -61.951 14.111 50
563 1 1 -61.951 14.111 50
564 1 1 -61.951 14.111 50
565 8 1 -61.951 14.111 50
566 1 1 -61.951 14.111 50
567 1 1 -61.951 14.111 50
568 1 1 -61.951 14.111 50
569 1 1 -61.951 14.111 50
570 1 1 -61.951 14.111 50
571 8 1 -61.951 14.111 50
572 1 1 -61.951 14.111 50
573 1 1 -61.951 14.111 50
574 1 1 -61.951 14.111 50
575 1 1 -61.951 14.111 50
576 8 1 -61.951 14.111 50
577 1 1 -61.951 14.111 50
578 1 1 -61.951 14.111 50
579 2 1 -9.778 -4.926 51
580 2 1 -9.778 -4.926 51
581 2 1 -9.778 -4.926 51
582 2 1 -9.778 -4.926 51
583 4 1 -9.778 -4.926 51
584 2 1 -2.765 17.938 52
585 2 1 -2.765 17.938 52
586 2 1 -2.765 17.938 52
587 2 1 -2.765 17.938 52
588 4 1 -2.765 17.938 52
589 2 1 -2.765 17.938 52
590 2 1 -2.765 17.938 52
591 2 1 -2.765 17.938 52
592 2 1 -2.765 17.938 52
593 1 1 14.478 -41.65 53
594 2 1 14.478 -41.65 53
595 1 1 14.478 -41.65 53
596 1 1 14.478 -41.65 53
597 1 1 14.478 -41.65 53
598 1 1 14.478 -41.65 53
599 1 1 14.478 -41.65 53
600 2 1 14.478 -41.65 53
601 1 1 14.478 -41.65 53
602 1 1 14.478 -41.65 53
603 2 1 14.478 -41.65 53
604 1 1 14.478 -41.65 53
605 1 1 -51.91 26.892 54
606 8 1 -51.91 26.892 54
607 1 1 -51.91 26.892 54
608 1 1 -51.91 26.892 54
609 1 1 -51.91 26.892 54
610 1 1 -51.91 26.892 54
611 1 1 -51.91 26.892 54
612 1 1 -51.91 26.892 54
613 1 1 38.116 -98.456 55
614 1 1 38.116 -98.456 55
615 1 1 38.116 -98.456 55
616 1 1 38.116 -98.456 55
617 1 1 38.116 -98.456 55
618 1 1 38.116 -98.456 55
619 1 1 38.116 -98.456 55
620 1 1 38.116 -98.456 55
621 1 1 38.116 -98.456 55
622 8 1 -31.421 11.328 56
623 4 1 -31.421 11.328 56
624 4 1 -31.421 11.328 56
625 4 1 -31.421 11.328 56
626 4 1 -31.421 11.328 56
627 8 1 -31.421 11.328 56
628 4 1 -31.421 11.328 56
629 4 1 -31.421 11.328 56
630 4 1 -31.421 11.328 56
631 8 1 -31.421 11.328 56
632 4 1 -31.421 11.328 56
633 4 1 -31.421 11.328 56
634 4 1 -31.421 11.328 56
635 4 1 -31.421 11.328 56
636 4 1 12.476 56.097 57
637 4 1 12.476 56.097 57
638 4 1 12.476 56.097 57
639 8 1 12.476 56.097 57
640 4 1 12.476 56.097 57
641 8 1 12.476 56.097 57
642 8 1 12.476 56.097 57
643 4 1 12.476 56.097 57
644 4 1 12.476 56.097 57
645 4 1 12.476 56.097 57
646 8 1 12.476 56.097 57
647 8 1 12.476 56.097 57
648 4 1 12.476 56.097 57
649 4 1 12.476 56.097 57
650 4 1 12.476 56.097 57
651 8 1 12.476 56.097 57
652 8 1 12.476 56.097 57
653 4 1 12.476 56.097 57
654 4 1 12.476 56.097 57
655 4 1 12.476 56.097 57
656 4 1 12.476 56.097 57
657 8 1 12.476 56.097 57
658 8 1 12.476 56.097 57
659 4 1 12.476 56.097 57
660 1 1 2.399 -71.582 58
661 1 1 2.399 -71.582 58
662 1 1 2.399 -71.582 58
663 1 1 2.399 -71.582 58
664 1 1 2.399 -71.582 58
665 2 1 2.399 -71.582 58
666 1 1 2.399 -71.582 58
667 1 1 8.411 49.017 59
668 1 1 8.411 49.017 59
669 1 1 8.411 49.017 59
670 1 1 8.411 49.017 59
671 1 1 8.411 49.017 59
672 1 1 8.411 49.017 59
673 1 1 8.411 49.017 59
674 1 1 8.411 49.017 59
675 1 1 8.411 49.017 59
676 1 1 8.411 49.017 59
677 1 1 8.411 49.017 59
678 1 1 8.411 49.017 59
679 1 1 8.411 49.017 59
680 2 1 8.411 49.017 59
681 2 1 8.411 49.017 59
682 2 1 21.472 -8.655 60
683 2 1 21.472 -8.655 60
684 2 1 21.472 -8.655 60
685 4 1 21.472 -8.655 60
686 4 1 21.472 -8.655 60
687 4 1 21.472 -8.655 60
688 2 1 21.472 -8.655 60
689 2 1 21.472 -8.655 60
690 2 1 21.472 -8.655 60
691 2 1 21.472 -8.655 60
692 2 1 21.472 -8.655 60
693 2 1 21.472 -8.655 60
694 2 1 21.472 -8.655 60
695 2 1 21.472 -8.655 60
696 2 1 21.472 -8.655 60
697 2 1 21.472 -8.655 60
698 1 1 -54.492 17.676 61
699 1 1 -54.492 17.676 61
700 2 1 -54.492 17.676 61
701 1 1 -54.492 17.676 61
702 1 1 -54.492 17.676 61
703 2 1 -54.492 17.676 61
704 1 1 -54.492 17.676 61
705 1 1 -54.492 17.676 61
706 1 1 -54.492 17.676 61
707 1 1 -54.492 17.676 61
708 1 1 -54.492 17.676 61
709 2 1 -54.492 17.676 61
710 1 1 -54.492 17.676 61
711 1 1 -54.492 17.676 61
712 1 1 -54.492 17.676 61
713 1 1 -54.492 17.676 61
714 1 1 -54.492 17.676 61
715 1 1 -54.492 17.676 61
716 1 1 -54.492 17.676 61
717 4 1 14.374 -0.012 62
718 2 1 14.374 -0.012 62
719 2 1 14.374 -0.012 62
720 2 1 14.374 -0.012 62
721 2 1 14.374 -0.012 62
722 2 1 14.374 -0.012 62
723 2 1 14.374 -0.012 62
724 2 1 14.374 -0.012 62
725 2 1 14.374 -0.012 62
726 2 1 14.374 -0.012 62
727 2 1 14.374 -0.012 62
728 2 1 14.374 -0.012 62
729 2 1 14.374 -0.012 62
730 4 1 14.374 -0.012 62
731 2 1 14.374 -0.012 62
732 2 1 14.374 -0.012 62
733 4 1 14.374 -0.012 62
734 2 1 14.374 -0.012 62
735 2 1 14.374 -0.012 62
736 2 1 14.374 -0.012 62
737 4 1 14.374 -0.012 62
738 2 1 14.374 -0.012 62
739 2 1 -14.001 8.032 63
740 2 1 -14.001 8.032 63
741 2 1 -14.001 8.032 63
742 2 1 -14.001 8.032 63
743 2 1 -14.001 8.032 63
744 2 1 -14.001 8.032 63
745 4 1 -14.001 8.032 63
746 2 1 -14.001 8.032 63
747 4 1 74.286 -16.187 64
748 4 1 74.286 -16.187 64
749 4 1 74.286 -16.187 64
750 8 1 74.286 -16.187 64
751 4 1 74.286 -16.187 64
752 4 1 74.286 -16.187 64
753 4 1 74.286 -16.187 64
754 4 1 74.286 -16.187 64
755 4 1 74.286 -16.187 64
756 4 1 74.286 -16.187 64
757 4 1 74.286 -16.187 64
758 4 1 74.286 -16.187 64
759 4 1 74.286 -16.187 64
760 8 1 74.286 -16.187 64
761 8 1 21.094 -11.499 65
762 1 1 21.094 -11.499 65
763 1 1 21.094 -11.499 65
764 1 1 21.094 -11.499 65
765 1 1 21.094 -11.499 65
766 1 1 21.094 -11.499 65
767 1 1 21.094 -11.499 65
768 1 1 21.094 -11.499 65
769 1 1 21.094 -11.499 65
770 1 1 21.094 -11.499 65
771 1 1 21.094 -11.499 65
772 1 1 21.094 -11.499 65
773 8 1 21.094 -11.499 65
774 1 1 21.094 -11.499 65
775 8 1 21.094 -11.499 65
776 1 1 21.094 -11.499 65
777 1 1 21.094 -11.499 65
778 1 1 21.094 -11.499 65
779 1 1 21.094 -11.499 65
780 1 1 21.094 -11.499 65
781 1 1 21.094 -11.499 65
782 8 1 21.094 -11.499 65
783 4 1 -54.37 20.74 66
784 4 1 -7.458 74.432 67
785 8 1 -7.458 74.432 67
786 4 1 -7.458 74.432 67
787 4 1 -7.458 74.432 67
788 4 1 -7.458 74.432 67
789 4 1 -7.458 74.432 67
790 4 1 -7.458 74.432 67
791 4 1 -7.458 74.432 67
792 4 1 -7.458 74.432 67
793 4 1 -7.458 74.432 67
794 4 1 -7.458 74.432 67
795 8 1 -7.458 74.432 67
796 4 1 -7.458 74.432 67
797 4 1 1.935 11.261 68
798 4 1 1.935 11.261 68
799 2 1 1.935 11.261 68
800 4 1 1.935 11.261 68
801 2 1 1.935 11.261 68
802 2 1 1.935 11.261 68
803 2 1 1.935 11.261 68
804 2 1 1.935 11.261 68
805 4 1 1.935 11.261 68
806 2 1 1.935 11.261 68
807 4 1 1.935 11.261 68
808 4 1 1.935 11.261 68
809 2 1 1.935 11.261 68
810 2 1 1.935 11.261 68
811 2 1 1.935 11.261 68
812 2 1 1.935 11.261 68
813 1 1 6.305 36.768 69
814 1 1 6.305 36.768 69
815 1 1 6.305 36.768 69
816 1 1 6.305 36.768 69
817 1 1 6.305 36.768 69
818 8 1 6.305 36.768 69
819 1 1 6.305 36.768 69
820 1 1 6.305 36.768 69
821 1 1 6.305 36.768 69
822 1 1 6.305 36.768 69
823 1 1 6.305 36.768 69
824 1 1 6.305 36.768 69
825 1 1 6.305 36.768 69
826 1 1 -31.317 -7.172 70
827 1 1 -31.317 -7.172 70
828 1 1 -31.317 -7.172 70
829 1 1 -31.317 -7.172 70
830 1 1 -31.317 -7.172 70
831 1 1 -31.317 -7.172 70
832 1 1 -31.317 -7.172 70
833 1 1 -31.317 -7.172 70
834 2 1 -31.317 -7.172 70
835 2 1 -31.317 -7.172 70
836 2 1 -31.317 -7.172 70
837 1 1 -31.317 -7.172 70
838 1 1 -31.317 -7.172 70
839 1 1 -31.317 -7.172 70
840 1 1 -31.317 -7.172 70
841 1 1 -31.317 -7.172 70
842 1 1 -31.317 -7.172 70
843 1 1 -31.317 -7.172 70
844 1 1 -31.317 -7.172 70
845 1 1 -31.317 -7.172 70
846 8 1 -30.548 14.087 71
847 1 1 -30.548 14.087 71
848 8 1 -30.548 14.087 71
849 1 1 -30.548 14.087 71
850 2 1 18.665 87.811 72
851 2 1 18.665 87.811 72
852 2 1 18.665 87.811 72
853 4 1 18.665 87.811 72
854 2 1 18.665 87.811 72
855 2 1 18.665 87.811 72
856 2 1 18.665 87.811 72
857 2 1 18.665 87.811 72
858 2 1 18.665 87.811 72
859 2 1 18.665 87.811 72
860 2 1 18.665 87.811 72
861 2 1 18.665 87.811 72
862 2 1 18.665 87.811 72
863 2 1 18.665 87.811 72
864 2 1 18.665 87.811 72
865 4 1 -36.78 -23.633 73
866 2 1 -36.78 -23.633 73
867 2 1 -36.78 -23.633 73
868 2 1 -36.78 -23.633 73
869 2 1 -36.78 -23.633 73
870 2 1 -36.78 -23.633 73
871 2 1 -36.78 -23.633 73
872 2 1 -36.78 -23.633 73
873 2 1 -36.78 -23.633 73
874 2 1 -36.78 -23.633 73
875 2 1 -36.78 -23.633 73
876 2 1 -36.78 -23.633 73
877 4 1 -36.78 -23.633 73
878 2 1 -36.78 -23.633 73
879 2 1 -36.78 -23.633 73
880 2 1 -36.78 -23.633 73
881 2 1 -36.78 -23.633 73
882 2 1 -36.78 -23.633 73
883 4 1 -36.78 -23.633 73
884 2 1 -36.78 -23.633 73
885 2 1 -36.78 -23.633 73
886 2 1 -36.78 -23.633 73
887 2 1 -36.78 -23.633 73
888 2 1 -36.78 -23.633 73
889 4 1 35.87 -19.482 74
890 4 1 35.87 -19.482 74
891 8 1 35.87 -19.482 74
892 4 1 35.87 -19.482 74
893 4 1 35.87 -19.482 74
894 4 1 35.87 -19.482 74
895 1 1 -41.852 17.31 75
896 1 1 -41.852 17.31 75
897 1 1 -41.852 17.31 75
898 1 1 -41.852 17.31 75
899 1 1 -41.852 17.31 75
900 1 1 -41.852 17.31 75
901 2 1 -41.852 17.31 75
902 2 1 -41.852 17.31 75
903 1 1 -41.852 17.31 75
904 1 1 -41.852 17.31 75
905 2 1 -41.852 17.31 75
906 2 1 -41.852 17.31 75
907 1 1 -41.852 17.31 75
908 2 1 -41.852 17.31 75
909 1 1 -41.852 17.31 75
910 1 1 -41.852 17.31 75
911 2 1 -41.852 17.31 75
912 1 1 -41.852 17.31 75
913 2 1 -41.852 17.31 75
914 1 1 -41.852 17.31 75
915 4 1 56.519 58.289 76
916 4 1 56.519 58.289 76
917 4 1 56.519 58.289 76
918 4 1 -43.036 -41.541 77
919 8 1 -43.036 -41.541 77
920 4 1 -43.036 -41.541 77
921 4 1 -43.036 -41.541 77
922 4 1 -43.036 -41.541 77
923 4 1 -43.036 -41.541 77
924 4 1 -43.036 -41.541 77
925 4 1 -43.036 -41.541 77
926 4 1 -43.036 -41.541 77
927 1 1 27.344 70.087 78
928 2 1 27.344 70.087 78
929 1 1 27.344 70.087 78
930 1 1 27.344 70.087 78
931 1 1 27.344 70.087 78
932 1 1 27.344 70.087 78
933 1 1 36.841 44.153 79
934 1 1 36.841 44.153 79
935 1 1 36.841 44.153 79
936 1 1 36.841 44.153 79
937 1 1 36.841 44.153 79
938 1 1 36.841 44.153 79
939 1 1 36.841 44.153 79
940 1 1 36.841 44.153 79
941 2 1 36.841 44.153 79
942 1 1 36.841 44.153 79
943 1 1 36.841 44.153 79
944 1 1 36.841 44.153 79
945 1 1 36.841 44.153 79
946 1 1 36.841 44.153 79
947 2 1 36.841 44.153 79
948 2 1 36.841 44.153 79
949 1 1 36.841 44.153 79
950 2 1 36.841 44.153 79
951 1 1 36.841 44.153 79
952 2 1 36.841 44.153 79
953 1 1 36.841 44.153 79
954 2 1 -63.348 -14.856 80
955 2 1 -63.348 -14.856 80
956 1 1 -63.348 -14.856 80
957 2 1 -63.348 -14.856 80
958 1 1 -63.348 -14.856 80
959 2 1 -63.348 -14.856 80
960 2 1 -63.348 -14.856 80
961 1 1 -63.348 -14.856 80
962 1 1 -63.348 -14.856 80
963 1 1 -63.348 -14.856 80
964 1 1 -63.348 -14.856 80
965 2 1 -63.348 -14.856 80
966 1 1 -63.348 -14.856 80
967 1 1 -63.348 -14.856 80
968 1 1 -63.348 -14.856 80
969 1 1 -63.348 -14.856 80
970 1 1 -63.348 -14.856 80
971 1 1 -63.348 -14.856 80
972 2 1 -63.348 -14.856 80
973 8 1 -45.312 -19.739 81
974 8 1 -45.312 -19.739 81
975 4 1 -45.312 -19.739 81
976 4 1 -45.312 -19.739 81
977 4 1 -45.312 -19.739 81
978 4 1 -45.312 -19.739 81
979 4 1 -45.312 -19.739 81
980 4 1 -27.887 64.532 82
981 4 1 -27.887 64.532 82
982 4 1 -27.887 64.532 82
983 4 1 -27.887 64.532 82
984 8 1 -27.887 64.532 82
985 4 1 -27.887 64.532 82
986 4 1 -27.887 64.532 82
987 4 1 -27.887 64.532 82
988 8 1 -27.887 64.532 82
989 4 1 -27.887 64.532 82
990 8 1 -27.887 64.532 82
991 4 1 -27.887 64.532 82
992 4 1 -27.887 64.532 82
993 4 1 -27.887 64.532 82
994 4 1 -27.887 64.532 82
995 4 1 -27.887 64.532 82
996 4 1 -27.887 64.532 82
997 4 1 -27.887 64.532 82
998 4 1 -27.887 64.532 82
999 4 1 -27.887 64.532 82
1000 4 1 -27.887 64.532 82
1001 4 1 -27.887 64.532 82
1002 4 1 -27.887 64.532 82
1003 4 1 -38.354 -4.034 83
1004 8 1 -38.354 -4.034 83
1005 4 1 -38.354 -4.034 83
1006 4 1 -38.354 -4.034 83
1007 4 1 -38.354 -4.034 83
1008 2 1 -35.638 6.61 84
1009 2 1 -35.638 6.61 84
1010 2 1 -35.638 6.61 84
1011 2 1 -35.638 6.61 84
1012 4 1 -35.638 6.61 84
1013 4 1 -35.638 6.61 84
1014 2 1 -35.638 6.61 84
1015 2 1 -35.638 6.61 84
1016 2 1 -35.638 6.61 84
1017 2 1 -35.638 6.61 84
1018 2 1 -35.638 6.61 84
1019 2 1 -35.638 6.61 84
1020 4 1 2.142 27.856 85
1021 1 1 6.61 -2.216 86
1022 1 1 6.61 -2.216 86
1023 2 1 6.61 -2.216 86
1024 2 1 6.61 -2.216 86
1025 1 1 6.61 -2.216 86
1026 1 1 6.61 -2.216 86
1027 4 1 -31.451 72.369 87
1028 4 1 -31.451 72.369 87
1029 8 1 -31.451 72.369 87
1030 4 1 -31.451 72.369 87
1031 4 1 -31.451 72.369 87
1032 4 1 -31.451 72.369 87
1033 4 1 -31.451 72.369 87
1034 4 1 -31.451 72.369 87
1035 4 1 2.655 -25.14 88
1036 4 1 2.655 -25.14 88
1037 4 1 2.655 -25.14 88
1038 4 1 2.655 -25.14 88
1039 4 1 2.655 -25.14 88
1040 8 1 2.655 -25.14 88
1041 4 1 2.655 -25.14 88
1042 4 1 2.655 -25.14 88
1043 4 1 2.655 -25.14 88
1044 4 1 2.655 -25.14 88
1045 4 1 2.655 -25.14 88
1046 4 1 2.655 -25.14 88
1047 4 1 2.655 -25.14 88
1048 4 1 2.655 -25.14 88
1049 8 1 2.655 -25.14 88
1050 4 1 2.655 -25.14 88
1051 4 1 2.655 -25.14 88
1052 4 1 2.655 -25.14 88
1053 8 1 2.655 -25.14 88
1054 4 1 2.655 -25.14 88
1055 1 1 -53.595 28.552 89
1056 1 1 -53.595 28.552 89
1057 8 1 -53.595 28.552 89
1058 1 1 -53.595 28.552 89
1059 1 1 -53.595 28.552 89
1060 1 1 -53.595 28.552 89
1061 1 1 -53.595 28.552 89
1062 1 1 -53.595 28.552 89
1063 1 1 -53.595 28.552 89
1064 8 1 -53.595 28.552 89
1065 1 1 -53.595 28.552 89
1066 1 1 -53.595 28.552 89
1067 1 1 -53.595 28.552 89
1068 1 1 -53.595 28.552 89
1069 1 1 -53.595 28.552 89
1070 1 1 -53.595 28.552 89
1071 1 1 -53.595 28.552 89
1072 1 1 -53.595 28.552 89
1073 1 1 -53.595 28.552 89
1074 1 1 -53.595 28.552 89
1075 1 1 -53.595 28.552 89
1076 1 1 -53.595 28.552 89
1077 1 1 -7.745 50.72 90
1078 1 1 -7.745 50.72 90
1079 1 1 -48.7 -17.981 91
1080 1 1 -48.7 -17.981 91
1081 1 1 -48.7 -17.981 91
1082 1 1 -48.7 -17.981 91
1083 1 1 -48.7 -17.981 91
1084 1 1 -48.7 -17.981 91
1085 8 1 -48.7 -17.981 91
1086 1 1 -48.7 -17.981 91
1087 8 1 -48.7 -17.981 91
1088 1 1 -48.7 -17.981 91
1089 1 1 -48.7 -17.981 91
1090 1 1 -48.7 -17.981 91
1091 1 1 -48.7 -17.981 91
1092 1 1 -48.7 -17.981 91
1093 8 1 -48.7 -17.981 91
1094 1 1 -48.7 -17.981 91
1095 1 1 -48.7 -17.981 91
1096 1 1 -48.7 -17.981 91
1097 1 1 -48.7 -17.981 91
1098 1 1 -48.7 -17.981 91
1099 1 1 -48.7 -17.981 91
1100 1 1 -48.7 -17.981 91
1101 4 1 -40.582 -3.308 92
1102 8 1 -31.714 40.07 93
1103 4 1 -31.714 40.07 93
1104 4 1 -31.714 40.07 93
1105 8 1 -31.714 40.07 93
1106 4 1 -31.714 40.07 93
1107 8 1 -31.714 40.07 93
1108 4 1 -31.714 40.07 93
1109 4 1 -31.714 40.07 93
1110 4 1 -31.714 40.07 93
1111 4 1 -31.714 40.07 93
1112 4 1 -31.714 40.07 93
1113 4 1 -31.714 40.07 93
1114 8 1 -31.714 40.07 93
1115 8 1 -31.714 40.07 93
1116 4 1 -31.714 40.07 93
1117 4 1 -31.714 40.07 93
1118 4 1 -31.714 40.07 93
1119 4 1 -31.714 40.07 93
1120 4 1 -31.714 40.07 93
1121 8 1 -31.714 40.07 93
1122 2 1 -6.189 20.813 94
1123 2 1 -6.189 20.813 94
1124 2 1 -6.189 20.813 94
1125 2 1 -6.189 20.813 94
1126 2 1 -6.189 20.813 94
1127 2 1 -6.189 20.813 94
1128 2 1 -6.189 20.813 94
1129 2 1 -6.189 20.813 94
1130 4 1 -6.189 20.813 94
1131 2 1 -6.189 20.813 94
1132 1 1 -32.379 -7.91 95
1133 1 1 -32.379 -7.91 95
1134 1 1 -32.379 -7.91 95
1135 1 1 -32.379 -7.91 95
1136 1 1 -32.379 -7.91 95
1137 8 1 -32.379 -7.91 95
1138 1 1 -32.379 -7.91 95
1139 1 1 -32.379 -7.91 95
1140 1 1 -32.379 -7.91 95
1141 1 1 -32.379 -7.91 95
1142 1 1 -32.379 -7.91 95
1143 8 1 -32.379 -7.91 95
1144 4 1 -19.482 13.544 96
1145 8 1 -19.482 13.544 96
1146 4 1 -19.482 13.544 96
1147 4 1 -19.482 13.544 96
1148 4 1 -19.482 13.544 96
1149 4 1 -19.482 13.544 96
1150 4 1 -19.482 13.544 96
1151 4 1 -19.482 13.544 96
1152 4 1 -19.482 13.544 96
1153 4 1 -19.482 13.544 96
1154 8 1 -19.482 13.544 96
1155 4 1 -19.482 13.544 96
1156 1 1 41.785 -2.728 97
1157 1 1 41.785 -2.728 97
1158 8 1 41.785 -2.728 97
1159 1 1 41.785 -2.728 97
1160 8 1 41.785 -2.728 97
1161 1 1 41.785 -2.728 97
1162 1 1 41.785 -2.728 97
1163 1 1 41.785 -2.728 97
1164 1 1 41.785 -2.728 97
1165 1 1 41.785 -2.728 97
1166 2 1 -69.745 -22.491 98
1167 4 1 -69.745 -22.491 98
1168 2 1 -69.745 -22.491 98
1169 4 1 -69.745 -22.491 98
1170 2 1 -69.745 -22.491 98
1171 2 1 -69.745 -22.491 98
1172 2 1 -69.745 -22.491 98
1173 2 1 -69.745 -22.491 98
1174 2 1 -69.745 -22.491 98
1175 2 1 -69.745 -22.491 98
1176 4 1 -69.745 -22.491 98
1177 4 1 -42.633 -6.836 99
1178 2 1 -42.633 -6.836 99
1179 2 1 -42.633 -6.836 99
1180 2 1 -42.633 -6.836 99
1181 2 1 -42.633 -6.836 99
1182 2 1 -42.633 -6.836 99
1183 2 1 -42.633 -6.836 99
1184 2 1 -42.633 -6.836 99
1185 2 1 -42.633 -6.836 99
1186 2 1 -42.633 -6.836 99
1187 2 1 -42.633 -6.836 99
1188 2 1 -42.633 -6.836 99
1189 2 1 -42.633 -6.836 99
1190 2 1 -42.633 -6.836 99
1191 2 1 -42.633 -6.836 99
1192 2 1 -42.633 -6.836 99
1193 2 1 -42.633 -6.836 99
1194 4 1 -28.955 15.491 100
1195 2 1 -28.955 15.491 100
1196 8 1 -9.161 29.657 101
1197 4 1 -9.161 29.657 101
1198 4 1 -9.161 29.657 101
1199 4 1 -9.161 29.657 101
1200 8 1 -9.161 29.657 101
1201 8 1 -9.161 29.657 101
1202 4 1 -9.161 29.657 101
1203 8 1 -9.161 29.657 101
1204 4 1 -9.161 29.657 101
1205 4 1 -9.161 29.657 101
1206 4 1 -9.161 29.657 101
1207 4 1 -9.161 29.657 101
1208 4 1 -9.161 29.657 101
1209 4 1 -9.161 29.657 101
1210 4 1 -9.161 29.657 101
1211 4 1 -9.161 29.657 101
1212 4 1 -9.161 29.657 101
1213 4 1 -9.161 29.657 101
1214 8 1 -9.161 29.657 101
1215 4 1 -9.161 29.657 101
1216 4 1 -33.429 29.492 102
1217 4 1 -33.429 29.492 102
1218 4 1 -33.429 29.492 102
1219 4 1 -33.429 29.492 102
1220 8 1 -33.429 29.492 102
1221 2 1 -30.872 20.654 103
1222 4 1 -30.872 20.654 103
1223 4 1 -30.872 20.654 103
1224 2 1 -30.872 20.654 103
1225 2 1 -30.872 20.654 103
1226 2 1 -30.872 20.654 103
1227 2 1 -30.872 20.654 103
1228 2 1 -30.872 20.654 103
1229 4 1 -30.872 20.654 103
1230 2 1 -30.872 20.654 103
1231 2 1 -30.872 20.654 103
1232 2 1 -30.872 20.654 103
1233 4 1 -30.872 20.654 103
1234 4 1 -30.872 20.654 103
1235 1 1 -66.943 81.207 104
1236 1 1 -66.943 81.207 104
1237 8 1 -66.943 81.207 104
1238 1 1 -66.943 81.207 104
1239 1 1 -66.943 81.207 104
1240 1 1 -66.943 81.207 104
1241 8 1 -66.943 81.207 104
1242 8 1 -66.943 81.207 104
1243 8 1 -66.943 81.207 104
1244 1 1 -66.943 81.207 104
1245 1 1 -66.943 81.207 104
1246 8 1 -66.943 81.207 104
1247 1 1 -66.943 81.207 104
1248 1 1 -66.943 81.207 104
1249 1 1 -66.943 81.207 104
1250 8 1 -66.943 81.207 104
1251 1 1 -14.404 -33.954 105
1252 1 1 -14.404 -33.954 105
1253 1 1 -14.404 -33.954 105
1254 2 1 -14.404 -33.954 105
1255 1 1 -14.404 -33.954 105
1256 1 1 -14.404 -33.954 105
1257 1 1 -14.404 -33.954 105
1258 1 1 -14.404 -33.954 105
1259 1 1 -14.404 -33.954 105
1260 1 1 -14.404 -33.954 105
1261 1 1 -14.404 -33.954 105
1262 1 1 -14.404 -33.954 105
1263 1 1 -14.404 -33.954 105
1264 2 1 -14.404 -33.954 105
1265 1 1 -14.404 -33.954 105
1266 1 1 -14.404 -33.954 105
1267 1 1 -14.404 -33.954 105
1268 1 1 -14.404 -33.954 105
1269 2 1 -14.404 -33.954 105
1270 1 1 -14.404 -33.954 105
1271 1 1 -14.404 -33.954 105
1272 2 1 -14.404 -33.954 105
1273 1 1 -14.404 -33.954 105
1274 4 1 -70.544 -16.187 106
1275 2 1 -70.544 -16.187 106
1276 2 1 -70.544 -16.187 106
1277 2 1 -70.544 -16.187 106
1278 2 1 -70.544 -16.187 106
1279 2 1 -70.544 -16.187 106
1280 2 1 -70.544 -16.187 106
1281 2 1 -70.544 -16.187 106
1282 2 1 -70.544 -16.187 106
1283 2 1 -70.544 -16.187 106
1284 2 1 -70.544 -16.187 106
1285 2 1 -70.544 -16.187 106
1286 2 1 -70.544 -16.187 106
1287 2 1 -70.544 -16.187 106
1288 4 1 -70.544 -16.187 106
1289 4 1 -70.544 -16.187 106
1290 2 1 -70.544 -16.187 106
1291 1 1 -31.909 48.224 107
1292 1 1 -31.909 48.224 107
1293 1 1 -31.909 48.224 107
1294 1 1 -31.909 48.224 107
1295 1 1 -31.909 48.224 107
1296 1 1 -31.909 48.224 107
1297 1 1 -31.909 48.224 107
1298 1 1 -31.909 48.224 107
1299 8 1 -31.909 48.224 107
1300 1 1 -31.909 48.224 107
1301 1 1 -31.909 48.224 107
1302 1 1 -31.909 48.224 107
1303 2 1 -5.103 69.318 108
1304 2 1 -5.103 69.318 108
1305 2 1 -5.103 69.318 108
1306 2 1 -5.103 69.318 108
1307 4 1 -5.103 69.318 108
1308 2 1 -5.103 69.318 108
1309 2 1 -5.103 69.318 108
1310 2 1 -5.103 69.318 108
1311 2 1 -5.103 69.318 108
1312 2 1 -5.103 69.318 108
1313 2 1 -5.103 69.318 108
1314 2 1 -5.103 69.318 108
1315 2 1 -5.103 69.318 108
1316 2 1 -5.103 69.318 108
1317 2 1 -5.103 69.318 108
1318 4 1 -5.103 69.318 108
1319 2 1 -5.103 69.318 108
1320 2 1 -5.103 69.318 108
1321 2 1 -5.103 69.318 108
1322 2 1 -5.103 69.318 108
1323 1 1 17.822 -40.405 109
1324 1 1 17.822 -40.405 109
1325 1 1 17.822 -40.405 109
1326 1 1 17.822 -40.405 109
1327 1 1 17.822 -40.405 109
1328 1 1 17.822 -40.405 109
1329 1 1 17.822 -40.405 109
1330 1 1 17.822 -40.405 109
1331 1 1 17.822 -40.405 109
1332 1 1 17.822 -40.405 109
1333 1 1 17.822 -40.405 109
1334 1 1 17.822 -40.405 109
1335 1 1 6.653 28.217 110
1336 1 1 6.653 28.217 110
1337 1 1 6.653 28.217 110
1338 1 1 6.653 28.217 110
1339 1 1 6.653 28.217 110
1340 1 1 6.653 28.217 110
1341 1 1 6.653 28.217 110
1342 4 1 7.343 -15.204 111
1343 4 1 7.343 -15.204 111
1344 4 1 7.343 -15.204 111
1345 4 1 7.343 -15.204 111
1346 4 1 7.343 -15.204 111
1347 4 1 7.343 -15.204 111
1348 4 1 7.343 -15.204 111
1349 4 1 7.343 -15.204 111
1350 4 1 7.343 -15.204 111
1351 4 1 7.343 -15.204 111
1352 4 1 7.343 -15.204 111
1353 4 1 7.343 -15.204 111
1354 4 1 7.343 -15.204 111
1355 4 1 7.343 -15.204 111
1356 4 1 7.343 -15.204 111
1357 4 1 7.343 -15.204 111
1358 8 1 20.63 -56.732 112
1359 8 1 20.63 -56.732 112
1360 8 1 20.63 -56.732 112
1361 8 1 20.63 -56.732 112
1362 8 1 20.63 -56.732 112
1363 8 1 20.63 -56.732 112
1364 8 1 20.63 -56.732 112
1365 8 1 20.63 -56.732 112
1366 8 1 20.63 -56.732 112
1367 8 1 20.63 -56.732 112
1368 8 1 20.63 -56.732 112
1369 8 1 20.63 -56.732 112
1370 8 1 20.63 -56.732 112
1371 8 1 20.63 -56.732 112
1372 8 1 20.63 -56.732 112
1373 8 1 20.63 -56.732 112
1374 8 1 20.63 -56.732 112
1375 8 1 20.63 -56.732 112
1376 8 1 -44.019 -13.092 113
1377 8 1 -44.019 -13.092 113
1378 8 1 -44.019 -13.092 113
1379 1 1 -33.423 65.1 114
1380 1 1 -33.423 65.1 114
1381 1 1 -33.423 65.1 114
1382 1 1 -33.423 65.1 114
1383 1 1 -33.423 65.1 114
1384 2 1 15.833 -14.282 115
1385 2 1 15.833 -14.282 115
1386 4 1 -5.389 12.592 116
1387 4 1 -5.389 12.592 116
1388 4 1 -5.389 12.592 116
1389 4 1 -5.389 12.592 116
1390 4 1 -5.389 12.592 116
1391 4 1 -5.389 12.592 116
1392 4 1 -5.389 12.592 116
1393 4 1 -5.389 12.592 116
1394 4 1 -5.389 12.592 116
1395 4 1 -5.389 12.592 116
1396 4 1 -5.389 12.592 116
1397 2 1 11.322 -13.574 117
1398 2 1 -19.501 29.968 118
1399 2 1 -19.501 29.968 118
1400 2 1 -19.501 29.968 118
1401 2 1 -19.501 29.968 118
1402 2 1 -19.501 29.968 118
1403 2 1 -19.501 29.968 118
1404 2 1 -19.501 29.968 118
1405 2 1 -19.501 29.968 118
1406 2 1 -19.501 29.968 118
1407 2 1 -19.501 29.968 118
1408 2 1 -19.501 29.968 118
1409 2 1 29.395 25.305 119
1410 2 1 14.484 -49.243 120
1411 2 1 14.484 -49.243 120
1412 2 1 14.484 -49.243 120
1413 2 1 14.484 -49.243 120
1414 2 1 14.484 -49.243 120
1415 2 1 14.484 -49.243 120
1416 2 1 14.484 -49.243 120
1417 2 1 14.484 -49.243 120
1418 2 1 14.484 -49.243 120
1419 2 1 14.484 -49.243 120
1420 2 1 14.484 -49.243 120
1421 2 1 14.484 -49.243 120
1422 2 1 14.484 -49.243 120
1423 2 1 14.484 -49.243 120
1424 2 1 14.484 -49.243 120
1425 2 1 14.484 -49.243 120
1426 8 1 -58.398 16.467 121
1427 8 1 -58.398 16.467 121
1428 8 1 -58.398 16.467 121
1429 8 1 -58.398 16.467 121
1430 8 1 -58.398 16.467 121
1431 8 1 -58.398 16.467 121
1432 8 1 -58.398 16.467 121
1433 8 1 -58.398 16.467 121
1434 8 1 -58.398 16.467 121
1435 8 1 -58.398 16.467 121
1436 8 1 -58.398 16.467 121
1437 8 1 -58.398 16.467 121
1438 8 1 -58.398 16.467 121
1439 8 1 -58.398 16.467 121
1440 8 1 -58.398 16.467 121
1441 8 1 -58.398 16.467 121
1442 8 1 -58.398 16.467 121
1443 8 1 -58.398 16.467 121
1444 8 1 -58.398 16.467 121
1445 2 1 17.218 -12.415 122
1446 2 1 17.218 -12.415 122
1447 2 1 17.218 -12.415 122
1448 2 1 17.218 -12.415 122
1449 2 1 17.218 -12.415 122
1450 2 1 17.218 -12.415 122
1451 2 1 17.218 -12.415 122
1452 2 1 17.218 -12.415 122
1453 2 1 17.218 -12.415 122
1454 2 1 17.218 -12.415 122
1455 2 1 17.218 -12.415 122
1456 2 1 17.218 -12.415 122
1457 2 1 17.218 -12.415 122
1458 2 1 17.218 -12.415 122
1459 2 1 17.218 -12.415 122
1460 2 1 17.218 -12.415 122
1461 2 1 17.218 -12.415 122
1462 2 1 17.218 -12.415 122
1463 2 1 17.218 -12.415 122
1464 2 1 17.218 -12.415 122
1465 2 1 17.218 -12.415 122
1466 2 1 17.218 -12.415 122
1467 2 1 17.218 -12.415 122
1468 4 1 -7.611 -15.79 123
1469 4 1 -7.611 -15.79 123
1470 4 1 -7.611 -15.79 123
1471 4 1 -7.611 -15.79 123
1472 4 1 -7.611 -15.79 123
1473 4 1 -7.611 -15.79 123
1474 4 1 -7.611 -15.79 123
1475 4 1 -7.611 -15.79 123
1476 4 1 -7.611 -15.79 123
1477 4 1 -7.611 -15.79 123
1478 4 1 -7.611 -15.79 123
1479 4 1 -7.611 -15.79 123
1480 4 1 -7.611 -15.79 123
1481 4 1 -7.611 -15.79 123
1482 4 1 -7.611 -15.79 123
1483 4 1 -7.611 -15.79 123
1484 4 1 -7.611 -15.79 123
1485 4 1 -7.611 -15.79 123
1486 4 1 -7.611 -15.79 123
1487 4 1 -7.611 -15.79 123
1488 4 1 3.857 -30.408 124
1489 4 1 3.857 -30.408 124
1490 4 1 3.857 -30.408 124
1491 4 1 3.857 -30.408 124
1492 4 1 3.857 -30.408 124
1493 4 1 3.857 -30.408 124
1494 4 1 3.857 -30.408 124
1495 4 1 3.857 -30.408 124
1496 4 1 3.857 -30.408 124
1497 4 1 3.857 -30.408 124
1498 4 1 3.857 -30.408 124
1499 4 1 3.857 -30.408 124
1500 4 1 3.857 -30.408 124
1501 4 1 3.857 -30.408 124
1502 4 1 3.857 -30.408 124
1503 1 1 18.207 -12.823 125
1504 1 1 18.207 -12.823 125
1505 1 1 18.207 -12.823 125
1506 1 1 18.207 -12.823 125
1507 1 1 18.207 -12.823 125
1508 1 1 18.207 -12.823 125
1509 1 1 18.207 -12.823 125
1510 1 1 18.207 -12.823 125
1511 1 1 18.207 -12.823 125
1512 1 1 18.207 -12.823 125
1513 1 1 18.207 -12.823 125
1514 1 1 18.207 -12.823 125
1515 1 1 18.207 -12.823 125
1516 1 1 18.207 -12.823 125
1517 1 1 18.207 -12.823 125
1518 1 1 18.207 -12.823 125
1519 1 1 18.207 -12.823 125
1520 1 1 18.207 -12.823 125
1521 1 1 18.207 -12.823 125
1522 1 1 18.207 -12.823 125
1523 1 1 18.207 -12.823 125
1524 1 1 18.207 -12.823 125
1525 8 1 -12.549 41.449 126
1526 8 1 -12.549 41.449 126
1527 8 1 -12.549 41.449 126
1528 8 1 -12.549 41.449 126
1529 8 1 -12.549 41.449 126
1530 8 1 -12.549 41.449 126
1531 8 1 -12.549 41.449 126
1532 8 1 -12.549 41.449 126
1533 8 1 -12.549 41.449 126
1534 8 1 -12.549 41.449 126
1535 8 1 -12.549 41.449 126
1536 8 1 -12.549 41.449 126
1537 8 1 -12.549 41.449 126
1538 8 1 -12.549 41.449 126
1539 8 1 -12.549 41.449 126
1540 8 1 -12.549 41.449 126
1541 8 1 -12.549 41.449 126
1542 8 1 -12.549 41.449 126
1543 8 1 -12.549 41.449 126
1544 4 1 7.013 -20.862 127
1545 4 1 7.013 -20.862 127
1546 4 1 7.013 -20.862 127
1547 4 1 7.013 -20.862 127
1548 4 1 7.013 -20.862 127
1549 4 1 7.013 -20.862 127
1550 4 1 7.013 -20.862 127
1551 4 1 7.013 -20.862 127
1552 4 1 7.013 -20.862 127
1553 4 1 7.013 -20.862 127
1554 4 1 7.013 -20.862 127
1555 4 1 7.013 -20.862 127
1556 4 1 7.013 -20.862 127
1557 4 1 7.013 -20.862 127
1558 4 1 7.013 -20.862 127
1559 4 1 7.013 -20.862 127
1560 4 1 7.013 -20.862 127
1561 4 1 7.013 -20.862 127
1562 4 1 7.013 -20.862 127
1563 4 1 7.013 -20.862 127
1564 4 1 7.013 -20.862 127
1565 8 1 -87.775 -40.82 128
1566 8 1 -87.775 -40.82 128
1567 8 1 -87.775 -40.82 128
1568 8 1 -87.775 -40.82 128
1569 8 1 -87.775 -40.82 128
1570 8 1 -87.775 -40.82 128
1571 8 1 -87.775 -40.82 128
1572 8 1 -87.775 -40.82 128
1573 8 1 -87.775 -40.82 128
1574 8 1 -87.775 -40.82 128
1575 8 1 -87.775 -40.82 128
1576 8 1 -87.775 -40.82 128
1577 8 1 -87.775 -40.82 128
1578 8 1 -87.775 -40.82 128
1579 8 1 -87.775 -40.82 128
1580 8 1 -87.775 -40.82 128
1581 8 1 -87.775 -40.82 128
1582 8 1 -87.775 -40.82 128
1583 1 1 -47.156 30.554 129
1584 1 1 -47.156 30.554 129
1585 1 1 -47.156 30.554 129
1586 1 1 -47.156 30.554 129
1587 1 1 -47.156 30.554 129
1588 1 1 -47.156 30.554 129
1589 1 1 -47.156 30.554 129
1590 1 1 -47.156 30.554 129
1591 1 1 -47.156 30.554 129
1592 1 1 -47.156 30.554 129
1593 4 1 -16.583 -23.328 130
1594 4 1 -16.583 -23.328 130
1595 4 1 -16.583 -23.328 130
1596 4 1 -16.583 -23.328 130
1597 4 1 -16.583 -23.328 130
1598 4 1 -16.583 -23.328 130
1599 8 1 -2.637 0.049 131
1600 8 1 -2.637 0.049 131
1601 8 1 -2.637 0.049 131
1602 8 1 -2.637 0.049 131
1603 8 1 -2.637 0.049 131
1604 8 1 -2.637 0.049 131
1605 8 1 -2.637 0.049 131
1606 8 1 -2.637 0.049 131
1607 8 1 -2.637 0.049 131
1608 8 1 -2.637 0.049 131
1609 8 1 -2.637 0.049 131
1610 8 1 -2.637 0.049 131
1611 8 1 -2.637 0.049 131
1612 8 1 -2.637 0.049 131
1613 8 1 -2.637 0.049 131
1614 8 1 -2.637 0.049 131
1615 8 1 -2.637 0.049 131
1616 8 1 -2.637 0.049 131
1617 8 1 -2.637 0.049 131
1618 8 1 -2.637 0.049 131
1619 8 1 -2.637 0.049 131
1620 8 1 -47.882 1.428 132
1621 8 1 -47.882 1.428 132
1622 8 1 -47.882 1.428 132
1623 8 1 -47.882 1.428 132
1624 8 1 -47.882 1.428 132
1625 8 1 -47.882 1.428 132
1626 8 1 -47.882 1.428 132
1627 8 1 -47.882 1.428 132
1628 4 1 75.342 -28.101 133
1629 4 1 75.342 -28.101 133
1630 4 1 75.342 -28.101 133
1631 4 1 75.342 -28.101 133
1632 4 1 75.342 -28.101 133
1633 4 1 75.342 -28.101 133
1634 4 1 75.342 -28.101 133
1635 4 1 75.342 -28.101 133
1636 4 1 75.342 -28.101 133
1637 4 1 75.342 -28.101 133
1638 4 1 75.342 -28.101 133
1639 4 1 75.342 -28.101 133
1640 4 1 75.342 -28.101 133
1641 4 1 75.342 -28.101 133
1642 4 1 75.342 -28.101 133
1643 4 1 75.342 -28.101 133
1644 4 1 75.342 -28.101 133
1645 4 1 75.342 -28.101 133
1646 4 1 75.342 -28.101 133
1647 4 1 75.342 -28.101 133
1648 4 1 75.342 -28.101 133
1649 4 1 75.342 -28.101 133
1650 1 1 -21.313 -1.727 134
1651 1 1 -21.313 -1.727 134
1652 1 1 -21.313 -1.727 134
1653 1 1 -21.313 -1.727 134
1654 1 1 -21.313 -1.727 134
1655 1 1 -21.313 -1.727 134
1656 1 1 -21.313 -1.727 134
1657 1 1 -21.313 -1.727 134
1658 1 1 -21.313 -1.727 134
1659 1 1 -21.313 -1.727 134
1660 1 1 -21.313 -1.727 134
1661 1 1 -21.313 -1.727 134
1662 1 1 -21.313 -1.727 134
1663 1 1 -21.313 -1.727 134
1664 2 1 -17.493 18.634 135
1665 2 1 -17.493 18.634 135
1666 2 1 -17.493 18.634 135
1667 2 1 -17.493 18.634 135
1668 2 1 -17.493 18.634 135
1669 2 1 -17.493 18.634 135
1670 2 1 -17.493 18.634 135
1671 2 1 -17.493 18.634 135
1672 2 1 -17.493 18.634 135
1673 2 1 -17.493 18.634 135
1674 2 1 -17.493 18.634 135
1675 2 1 -17.493 18.634 135
1676 2 1 -17.493 18.634 135
1677 2 1 -17.493 18.634 135
1678 2 1 -17.493 18.634 135
1679 2 1 3.174 23.828 136
1680 2 1 3.174 23.828 136
1681 2 1 3.174 23.828 136
1682 2 1 3.174 23.828 136
1683 2 1 3.174 23.828 136
1684 2 1 3.174 23.828 136
1685 2 1 3.174 23.828 136
1686 2 1 3.174 23.828 136
1687 2 1 3.174 23.828 136
1688 2 1 3.174 23.828 136
1689 2 1 3.174 23.828 136
1690 2 1 3.174 23.828 136
1691 2 1 -33.099 55.963 137
1692 2 1 -33.099 55.963 137
1693 2 1 -33.099 55.963 137
1694 2 1 -33.099 55.963 137
1695 2 1 -33.099 55.963 137
1696 2 1 -33.099 55.963 137
1697 2 1 -33.099 55.963 137
1698 2 1 -33.099 55.963 137
1699 2 1 -33.099 55.963 137
1700 2 1 -33.099 55.963 137
1701 2 1 -33.099 55.963 137
1702 2 1 -33.099 55.963 137
1703 2 1 -33.099 55.963 137
1704 2 1 -33.099 55.963 137
1705 2 1 -33.099 55.963 137
1706 2 1 -33.099 55.963 137
1707 2 1 -33.099 55.963 137
1708 2 1 -33.099 55.963 137
1709 2 1 -33.899 6.366 138
1710 2 1 -33.899 6.366 138
1711 2 1 -33.899 6.366 138
1712 2 1 -33.899 6.366 138
1713 2 1 -33.899 6.366 138
1714 2 1 -33.899 6.366 138
1715 2 1 -33.899 6.366 138
1716 2 1 -33.899 6.366 138
1717 2 1 -33.899 6.366 138
1718 2 1 -33.899 6.366 138
1719 2 1 -33.899 6.366 138
1720 2 1 -33.899 6.366 138
1721 2 1 -33.899 6.366 138
1722 2 1 -33.899 6.366 138
1723 2 1 -33.899 6.366 138
1724 8 1 1.312 50.458 139
1725 8 1 1.312 50.458 139
1726 8 1 1.312 50.458 139
1727 8 1 1.312 50.458 139
1728 8 1 1.312 50.458 139
1729 8 1 1.312 50.458 139
1730 8 1 1.312 50.458 139
1731 8 1 1.312 50.458 139
1732 8 1 1.312 50.458 139
1733 8 1 1.312 50.458 139
1734 8 1 1.312 50.458 139
1735 8 1 1.312 50.458 139
1736 8 1 1.312 50.458 139
1737 8 1 1.312 50.458 139
1738 8 1 1.312 50.458 139
1739 8 1 1.312 50.458 139
1740 8 1 1.312 50.458 139
1741 8 1 1.312 50.458 139
1742 4 1 -38.715 3.235 140
1743 4 1 -38.715 3.235 140
1744 4 1 -38.715 3.235 140
1745 4 1 -38.715 3.235 140
1746 4 1 -38.715 3.235 140
1747 4 1 -38.715 3.235 140
1748 4 1 -72.772 44.043 141
1749 4 1 -72.772 44.043 141
1750 4 1 -72.772 44.043 141
1751 4 1 -72.772 44.043 141
1752 4 1 -72.772 44.043 141
1753 4 1 -72.772 44.043 141
1754 4 1 -72.772 44.043 141
1755 4 1 -72.772 44.043 141
1756 4 1 -72.772 44.043 141
1757 4 1 -72.772 44.043 141
1758 4 1 -72.772 44.043 141
1759 4 1 -72.772 44.043 141
1760 4 1 -72.772 44.043 141
1761 4 1 -72.772 44.043 141
1762 4 1 -72.772 44.043 141
1763 4 1 -72.772 44.043 141
