File: pr03 Num Depots: 1 Num Pick Up Points: 141 Num Trucks: 3Processing Time: 46 seconds
Total Demand = 1763.00| Total Distance = 8141.31| Total Travel Time = 6105.98| Total Cost = $2322.77|

Truck #933 MaxCap: 20 Demand: 19.0 ROUTE:0 527 526 525 524 523 522 521 520 519 518 517 516 515 514 513 512 511 510 509 -1 
Truck #934 MaxCap: 40 Demand: 37.0 ROUTE:0 532 531 530 529 528 254 253 251 250 249 248 953 951 949 946 945 944 943 942 940 939 938 937 936 935 934 933 197 48 47 166 165 163 162 161 160 159 -1 
Truck #935 MaxCap: 60 Demand: 45.0 ROUTE:0 1341 1340 1339 1338 1337 1336 1335 303 302 300 299 297 296 294 220 218 217 215 214 213 211 210 209 208 207 206 205 204 203 202 200 199 198 825 824 823 822 821 820 819 817 816 815 814 813 -1 
Truck #936 MaxCap: 40 Demand: 39.0 ROUTE:0 1690 1689 1688 1687 1686 1685 1684 1683 1682 1681 1680 1679 298 295 164 46 201 196 681 680 850 928 952 950 948 947 941 1409 252 812 811 810 809 806 804 803 802 801 799 -1 
Truck #937 MaxCap: 80 Demand: 79.0 ROUTE:0 1408 1407 1406 1405 1404 1403 1402 1401 1400 1399 1398 120 119 114 111 103 1691 158 156 153 146 864 863 862 861 860 859 858 857 856 855 854 852 851 1322 1321 1320 1319 1317 1316 1315 1314 1313 1312 1311 1310 1309 1308 1306 1305 1304 1303 18 17 11 286 283 280 268 257 1131 1129 1128 1127 1126 1125 1124 1123 1122 402 401 592 591 590 589 587 586 585 584 -1 
Truck #938 MaxCap: 120 Demand: 119.0 ROUTE:0 746 744 743 742 741 740 739 1678 1677 1676 1675 1674 1673 1672 1671 1670 1669 1668 1667 1666 1665 1664 1195 1232 1231 1230 1228 1227 1226 1225 1224 1221 1708 1707 1706 1705 1704 1703 1702 1701 1700 1699 1698 1697 1696 1695 1694 1693 1692 913 911 908 906 905 902 901 709 703 700 305 1286 1285 1284 1283 1282 1281 1280 1279 1278 1277 1276 1275 361 360 1193 1192 1191 1190 1189 1188 1187 1186 1185 1184 1183 1182 1181 1180 1179 1178 428 424 380 375 1019 1018 1017 1016 1015 1014 1011 1010 1009 1008 1723 1722 1721 1720 1719 1718 1717 1716 1715 1714 1713 1712 1711 1710 1709 -1 
Truck #939 MaxCap: 60 Demand: 59.0 ROUTE:0 1763 1762 1761 1760 1759 1758 1757 1756 1755 1754 783 588 1130 282 276 265 12 659 656 655 654 653 650 649 648 645 644 643 640 638 637 636 1318 1307 786 784 853 917 916 915 183 219 216 212 167 49 45 301 1020 479 478 476 474 808 807 805 800 798 797 -1 
Truck #940 MaxCap: 100 Demand: 99.0 ROUTE:0 745 1155 1153 1152 1151 1150 1149 1148 1147 1146 1144 1234 1233 1229 1223 1222 1219 1218 1217 1216 1120 1119 1118 1117 1116 1113 1112 1111 1110 1109 1108 1106 1104 1103 1753 1752 1751 1750 1749 1748 1034 1033 1032 1031 1030 1028 1027 1002 1001 1000 999 998 997 996 995 994 993 992 991 989 987 986 985 983 982 981 980 796 794 793 792 791 790 789 788 787 44 42 41 483 482 109 106 264 1215 1213 1212 1211 1210 1209 1208 1207 1206 1205 1204 1202 1199 1198 1197 -1 
Truck #941 MaxCap: 160 Demand: 154.0 ROUTE:0 1396 1395 1394 1393 1392 1391 1390 1389 1388 1387 1386 1194 635 634 633 632 630 629 628 626 625 624 623 1013 1012 1747 1746 1745 1744 1743 1742 1289 1288 1274 1176 1169 1167 368 363 169 979 978 977 976 975 420 412 411 410 404 24 190 926 925 924 923 922 921 920 918 883 877 865 128 1177 1101 1007 1006 1005 1003 1598 1597 1596 1595 1594 1593 1502 1501 1500 1499 1498 1497 1496 1495 1494 1493 1492 1491 1490 1489 1488 1054 1052 1051 1050 1048 1047 1046 1045 1044 1043 1042 1041 1039 1038 1037 1036 1035 1553 1552 1551 1550 1549 1548 1547 1546 1545 1544 121 1487 1486 1485 1484 1483 1482 1481 1480 1479 1478 1477 1476 1475 1474 1473 1472 1471 1470 1469 1468 561 560 559 558 556 555 554 553 552 551 550 549 548 547 583 -1 
Truck #943 MaxCap: 100 Demand: 99.0 ROUTE:0 557 1143 1137 1004 1627 1626 1625 1624 1623 1622 1621 1620 1378 1377 1376 1093 1087 1085 974 973 919 1582 1581 1580 1579 1578 1577 1576 1575 1574 1573 1572 1571 1570 1569 1568 1567 1566 1565 576 571 565 1444 1443 1442 1441 1440 1439 1438 1437 1436 1435 1434 1433 1432 1431 1430 1429 1428 1427 1426 606 1064 1057 1250 1246 1243 1242 1241 1237 1029 990 988 984 1299 1121 1115 1114 1107 1105 1102 1540 1541 1542 1543 484 1196 1200 1201 1203 1214 1220 848 846 631 627 622 1154 1145 -1 
Truck #944 MaxCap: 160 Demand: 115.0 ROUTE:0 1525 1526 1527 1528 1529 1530 1531 1532 1533 1534 1535 1536 1537 1538 1539 785 795 639 641 642 646 647 651 652 657 658 1724 1725 1726 1727 1728 1729 1730 1731 1732 1733 1734 1735 1736 1737 1738 1739 1740 1741 818 475 477 480 481 1607 1606 1605 1604 1603 1602 1601 1600 1599 1619 1618 1617 1616 1615 1614 1613 1612 1611 1610 1609 1608 508 782 775 773 761 503 502 500 495 494 492 485 891 1160 1158 760 750 460 459 458 453 449 447 445 1375 1374 1373 1372 1371 1370 1369 1368 1367 1366 1365 1364 1363 1362 1361 1360 1359 1358 1053 1049 1040 -1 
Truck #945 MaxCap: 20 Demand: 19.0 ROUTE:0 285 284 281 279 278 277 275 274 273 272 271 270 269 267 266 679 678 677 676 -1 
Truck #946 MaxCap: 20 Demand: 19.0 ROUTE:0 263 262 261 260 259 258 256 255 43 1078 1077 16 15 14 13 10 9 8 7 -1 
Truck #947 MaxCap: 20 Demand: 19.0 ROUTE:0 113 112 110 108 107 105 104 157 155 154 152 151 150 149 148 147 145 144 143 -1 
Truck #948 MaxCap: 20 Demand: 19.0 ROUTE:0 1301 1300 1298 1297 1296 1295 1294 1293 1292 1291 1383 1382 1381 1380 1379 118 117 116 115 -1 
Truck #949 MaxCap: 20 Demand: 19.0 ROUTE:0 1590 1589 1588 1587 1586 1585 1584 1583 1249 1248 1247 1245 1244 1240 1239 1238 1236 1235 1302 -1 
Truck #950 MaxCap: 20 Demand: 19.0 ROUTE:0 1073 1072 1071 1070 1069 1068 1067 1066 1065 1063 1062 1061 1060 1059 1058 1056 1055 1592 1591 -1 
Truck #951 MaxCap: 20 Demand: 19.0 ROUTE:0 849 847 1076 1075 1074 612 611 610 609 608 607 605 903 900 899 898 897 896 895 -1 
Truck #952 MaxCap: 20 Demand: 19.0 ROUTE:0 713 712 711 710 708 707 706 705 704 702 701 699 698 914 912 910 909 907 904 -1 
Truck #953 MaxCap: 20 Demand: 19.0 ROUTE:0 372 304 578 577 575 574 573 572 570 569 568 567 566 564 563 562 716 715 714 -1 
Truck #954 MaxCap: 20 Demand: 19.0 ROUTE:0 1662 1661 1660 1659 1658 1657 1656 1655 1654 1653 1652 1651 1650 379 378 377 376 374 373 -1 
Truck #955 MaxCap: 20 Demand: 19.0 ROUTE:0 438 437 436 435 434 433 432 431 430 429 427 426 425 444 443 442 441 440 439 -1 
Truck #956 MaxCap: 20 Demand: 19.0 ROUTE:0 966 964 963 962 961 958 956 371 370 369 367 366 365 364 362 359 358 357 1663 -1 
Truck #957 MaxCap: 40 Demand: 39.0 ROUTE:0 419 418 417 416 415 414 413 409 408 407 406 405 403 23 20 192 1175 1174 1173 1172 1171 1170 1168 1166 1290 1287 972 965 960 959 957 955 954 182 179 129 836 835 834 -1 
Truck #958 MaxCap: 20 Demand: 19.0 ROUTE:0 840 839 838 837 833 832 831 830 829 828 827 826 127 126 971 970 969 968 967 -1 
Truck #959 MaxCap: 20 Demand: 19.0 ROUTE:0 172 171 170 168 1142 1141 1140 1139 1138 1136 1135 1134 1133 1132 845 844 843 842 841 -1 
Truck #960 MaxCap: 20 Demand: 19.0 ROUTE:0 195 194 193 191 189 188 187 186 22 21 19 181 180 178 177 176 175 174 173 -1 
Truck #961 MaxCap: 20 Demand: 19.0 ROUTE:0 1091 1090 1089 1088 1086 1084 1083 1082 1081 1080 1079 1100 1099 1098 1097 1096 1095 1094 1092 -1 
Truck #962 MaxCap: 20 Demand: 19.0 ROUTE:0 40 39 38 37 36 35 34 33 32 31 30 29 28 27 26 25 310 309 307 -1 
Truck #963 MaxCap: 40 Demand: 39.0 ROUTE:0 582 581 580 579 123 1272 1269 1264 1254 72 65 59 54 665 81 888 887 886 885 884 882 881 880 879 878 876 875 874 873 872 871 870 869 868 867 866 317 312 308 -1 
Truck #964 MaxCap: 20 Demand: 19.0 ROUTE:0 70 69 68 67 66 80 79 78 77 76 75 423 422 318 316 315 314 313 311 -1 
Truck #965 MaxCap: 20 Demand: 19.0 ROUTE:0 227 226 225 224 223 222 221 60 58 57 56 55 53 52 51 50 74 73 71 -1 
Truck #966 MaxCap: 20 Demand: 19.0 ROUTE:0 1268 1267 1266 1265 1263 1262 1261 1260 1259 1258 1257 1256 1255 1253 1252 1251 1273 1271 1270 -1 
Truck #967 MaxCap: 20 Demand: 19.0 ROUTE:0 421 125 124 122 64 63 62 61 666 664 663 662 661 660 389 387 386 385 383 -1 
Truck #968 MaxCap: 60 Demand: 55.0 ROUTE:0 1357 1356 1355 1354 1353 1352 1351 1350 1349 1348 1347 1346 1345 1344 1343 1342 287 1564 1563 1562 1561 1560 1559 1558 1557 1556 1555 1554 894 893 892 890 889 97 507 506 505 504 501 499 498 497 496 493 491 490 489 488 487 486 3 687 686 685 354 -1 
Truck #969 MaxCap: 40 Demand: 39.0 ROUTE:0 232 230 1397 1385 1384 1453 1452 1451 1450 1449 1448 1447 1446 1445 2 396 391 384 1425 1424 1423 1422 1421 1420 1419 1418 1417 1416 1415 1414 1413 1412 1411 1410 603 600 594 291 288 -1 
Truck #970 MaxCap: 20 Demand: 19.0 ROUTE:0 320 319 621 620 619 618 617 616 615 614 613 399 398 397 395 394 393 392 390 -1 
Truck #971 MaxCap: 20 Demand: 19.0 ROUTE:0 140 139 138 137 136 135 134 133 131 130 1324 1323 604 602 601 599 598 597 596 -1 
Truck #972 MaxCap: 20 Demand: 19.0 ROUTE:0 233 231 229 595 593 1334 1333 1332 1331 1330 1329 1328 1327 1326 1325 293 292 290 289 -1 
Truck #973 MaxCap: 20 Demand: 19.0 ROUTE:0 450 448 446 469 468 467 466 465 464 463 462 461 457 456 455 454 452 451 1 -1 
Truck #974 MaxCap: 20 Demand: 19.0 ROUTE:0 1518 1517 1516 1515 1514 1513 1512 1511 1510 1509 1508 1507 1506 1505 1504 1503 6 5 4 -1 
Truck #975 MaxCap: 40 Demand: 39.0 ROUTE:0 1024 1023 355 697 696 695 694 693 692 691 690 689 688 684 683 682 337 336 545 542 536 93 92 83 82 1467 1466 1465 1464 1463 1462 1461 1460 1459 1458 1457 1456 1455 1454 -1 
Truck #976 MaxCap: 20 Demand: 19.0 ROUTE:0 763 762 546 544 543 541 540 539 538 537 535 534 533 1524 1523 1522 1521 1520 1519 -1 
Truck #977 MaxCap: 20 Demand: 19.0 ROUTE:0 86 85 84 781 780 779 778 777 776 774 772 771 770 769 768 767 766 765 764 -1 
Truck #978 MaxCap: 20 Demand: 19.0 ROUTE:0 1026 1025 1022 1021 356 353 102 101 100 99 98 96 95 94 91 90 89 88 87 -1 
Truck #979 MaxCap: 60 Demand: 52.0 ROUTE:0 306 142 141 132 400 388 382 381 228 737 733 730 717 349 342 335 329 241 759 758 757 756 755 754 753 752 751 749 748 747 1649 1648 1647 1646 1645 1644 1643 1642 1641 1640 1639 1638 1637 1636 1635 1634 1633 1632 1631 1630 1629 1628 -1 
Truck #980 MaxCap: 20 Demand: 19.0 ROUTE:0 328 327 326 325 324 323 352 351 350 348 347 346 345 344 343 340 339 334 333 -1 
Truck #981 MaxCap: 40 Demand: 29.0 ROUTE:0 738 736 735 734 732 731 729 728 727 726 725 724 723 722 721 720 719 718 470 247 245 243 239 236 235 322 321 341 338 -1 
Truck #982 MaxCap: 20 Demand: 19.0 ROUTE:0 473 472 471 1163 1162 1161 1159 1157 1156 246 244 242 240 238 237 234 332 331 330 -1 
Truck #983 MaxCap: 20 Demand: 18.0 ROUTE:0 675 674 673 672 671 670 669 668 667 185 184 932 931 930 929 927 1165 1164 -1 


Inital Solution 0 changes  totQ=1763.00 totD=8287.94 $2400.36
Local One Opt 48 changes  totQ=1763.00 totD=8092.07 $2379.78
Local Two Opt 10 changes  totQ=1763.00 totD=8084.15 $2379.32
Local Three Opt 4 changes  totQ=1763.00 totD=8069.37 $2377.54
K-Two Forward 0 changes  totQ=1763.00 totD=8069.37 $2377.54
K-Two Reverse 0 changes  totQ=1763.00 totD=8069.37 $2377.54
K-Three Forward 0 changes  totQ=1763.00 totD=8069.37 $2377.54
K-Three Reverse 0 changes  totQ=1763.00 totD=8069.37 $2377.54
Exchange 01 12 changes  totQ=1763.00 totD=8139.34 $2369.53
Exchange 01 0 changes  totQ=1763.00 totD=8139.34 $2369.53
Exchange 11 4 changes  totQ=1763.00 totD=8079.67 $2367.96
Exchange 02 0 changes  totQ=1763.00 totD=8079.67 $2367.96
Exchange 20 0 changes  totQ=1763.00 totD=8079.67 $2367.96
Exchange 12 3 changes  totQ=1763.00 totD=8142.65 $2365.48
Exchange 21 0 changes  totQ=1763.00 totD=8142.65 $2365.48
Exchange 22 0 changes  totQ=1763.00 totD=8142.65 $2365.48
Combination 0 changes  totQ=1763.00 totD=8142.65 $2365.48
Reduction 1 changes  totQ=1763.00 totD=8141.31 $2322.77
Reallocation 0 changes  totQ=1763.00 totD=8141.31 $2322.77
Relax/Combine 0 changes  totQ=1763.00 totD=8141.31 $2322.77
Sharing 0 changes  totQ=1763.00 totD=8141.31 $2322.77
Relax/Share 0 changes  totQ=1763.00 totD=8141.31 $2322.77
