1
0 -17.863 9.258 2432.0 12766.1904296875 75
2184 1 17.0 163.94944763183594 20 500 19
0 0 -17.863 9.258 D
1441 1 24.487 70.093 1
1438 1 24.487 70.093 1
1437 1 24.487 70.093 1
1436 1 24.487 70.093 1
1435 1 24.487 70.093 1
1433 1 24.487 70.093 1
1432 1 24.487 70.093 1
2403 1 19.69 57.098 1
2402 1 19.69 57.098 1
2401 1 19.69 57.098 1
2400 1 19.69 57.098 1
2399 1 19.69 57.098 1
799 1 24.67 28.107 1
798 1 24.67 28.107 1
797 1 24.67 28.107 1
796 1 24.67 28.107 1
1688 1 -8.313 12.677 1
-1 0 -17.863 9.258 D
2185 1 38.0 118.46049499511719 40 500 40
0 0 -17.863 9.258 D
332 1 31.183 40.344 1
331 1 31.183 40.344 1
330 1 31.183 40.344 1
328 1 31.183 40.344 1
327 1 31.183 40.344 1
326 1 31.183 40.344 1
325 1 31.183 40.344 1
322 1 31.183 40.344 1
321 1 31.183 40.344 1
320 1 31.183 40.344 1
318 1 31.183 40.344 1
317 1 31.183 40.344 1
316 1 31.183 40.344 1
315 1 31.183 40.344 1
314 1 31.183 40.344 1
313 1 31.183 40.344 1
312 1 31.183 40.344 1
311 1 31.183 40.344 1
310 1 31.183 40.344 1
309 1 31.183 40.344 1
816 1 24.67 28.107 1
815 1 24.67 28.107 1
814 1 24.67 28.107 1
812 1 24.67 28.107 1
811 1 24.67 28.107 1
810 1 24.67 28.107 1
809 1 24.67 28.107 1
808 1 24.67 28.107 1
807 1 24.67 28.107 1
806 1 24.67 28.107 1
805 1 24.67 28.107 1
804 1 24.67 28.107 1
803 1 24.67 28.107 1
802 1 24.67 28.107 1
801 1 24.67 28.107 1
800 1 24.67 28.107 1
150 1 -5.786 14.954 1
650 1 -11.493 12.109 1
-1 0 -17.863 9.258 D
2186 1 58.0 134.70663452148438 60 500 60
0 0 -17.863 9.258 D
1332 1 -12.622 16.211 1
1329 1 -12.622 16.211 1
1328 1 -12.622 16.211 1
281 1 7.117 14.441 1
280 1 7.117 14.441 1
279 1 7.117 14.441 1
277 1 7.117 14.441 1
275 1 7.117 14.441 1
274 1 7.117 14.441 1
271 1 7.117 14.441 1
270 1 7.117 14.441 1
268 1 7.117 14.441 1
267 1 7.117 14.441 1
2398 1 19.69 57.098 1
2397 1 19.69 57.098 1
2396 1 19.69 57.098 1
2395 1 19.69 57.098 1
2394 1 19.69 57.098 1
2393 1 19.69 57.098 1
2392 1 19.69 57.098 1
2391 1 19.69 57.098 1
2390 1 19.69 57.098 1
2389 1 19.69 57.098 1
2388 1 19.69 57.098 1
2387 1 19.69 57.098 1
2386 1 19.69 57.098 1
1584 1 18.195 50.83 1
1583 1 18.195 50.83 1
1581 1 18.195 50.83 1
1580 1 18.195 50.83 1
1579 1 18.195 50.83 1
1578 1 18.195 50.83 1
1577 1 18.195 50.83 1
1576 1 18.195 50.83 1
1574 1 18.195 50.83 1
1573 1 18.195 50.83 1
1572 1 18.195 50.83 1
1571 1 18.195 50.83 1
1570 1 18.195 50.83 1
1569 1 18.195 50.83 1
1568 1 18.195 50.83 1
1567 1 18.195 50.83 1
548 1 9.131 37.061 1
547 1 9.131 37.061 1
545 1 9.131 37.061 1
709 1 0.757 27.405 1
708 1 0.757 27.405 1
707 1 0.757 27.405 1
706 1 0.757 27.405 1
705 1 0.757 27.405 1
704 1 0.757 27.405 1
703 1 0.757 27.405 1
702 1 0.757 27.405 1
700 1 0.757 27.405 1
699 1 0.757 27.405 1
698 1 0.757 27.405 1
697 1 0.757 27.405 1
696 1 0.757 27.405 1
-1 0 -17.863 9.258 D
2187 2 36.0 166.151611328125 40 500 38
0 0 -17.863 9.258 D
1821 1 2.325 11.346 2
1820 1 2.325 11.346 2
1819 1 2.325 11.346 2
1818 1 2.325 11.346 2
1817 1 2.325 11.346 2
1816 1 2.325 11.346 2
1815 1 2.325 11.346 2
1814 1 2.325 11.346 2
1813 1 2.325 11.346 2
1810 1 2.325 11.346 2
1809 1 2.325 11.346 2
1807 1 2.325 11.346 2
278 1 7.117 14.441 2
276 1 7.117 14.441 2
273 1 7.117 14.441 2
269 1 7.117 14.441 2
1103 1 51.373 14.001 2
1102 1 51.373 14.001 2
1101 1 51.373 14.001 2
1100 1 51.373 14.001 2
1099 1 51.373 14.001 2
1098 1 51.373 14.001 2
1097 1 51.373 14.001 2
1096 1 51.373 14.001 2
1095 1 51.373 14.001 2
1094 1 51.373 14.001 2
1093 1 51.373 14.001 2
1130 1 49.377 25.946 2
1129 1 49.377 25.946 2
1127 1 49.377 25.946 2
323 1 31.183 40.344 2
817 1 24.67 28.107 2
813 1 24.67 28.107 2
2385 1 -0.72 18.884 2
2384 1 -0.72 18.884 2
649 1 -11.493 12.109 2
-1 0 -17.863 9.258 D
2188 2 76.0 272.4958801269531 80 500 78
0 0 -17.863 9.258 D
598 1 -16.132 20.935 2
595 1 -16.132 20.935 2
1799 1 -15.192 29.132 2
1797 1 -15.192 29.132 2
1795 1 -15.192 29.132 2
1794 1 -15.192 29.132 2
18 1 -10.516 26.233 2
3 1 -1.41 38.47 2
2 1 -1.41 38.47 2
546 1 9.131 37.061 2
544 1 9.131 37.061 2
1067 1 34.76 58.545 2
1066 1 34.76 58.545 2
1065 1 34.76 58.545 2
1064 1 34.76 58.545 2
1063 1 34.76 58.545 2
1062 1 34.76 58.545 2
1061 1 34.76 58.545 2
1060 1 34.76 58.545 2
1059 1 34.76 58.545 2
1058 1 34.76 58.545 2
1057 1 34.76 58.545 2
1056 1 34.76 58.545 2
1055 1 34.76 58.545 2
1442 1 24.487 70.093 2
1440 1 24.487 70.093 2
1439 1 24.487 70.093 2
1434 1 24.487 70.093 2
1914 1 23.328 72.046 2
1910 1 23.328 72.046 2
1907 1 23.328 72.046 2
1904 1 23.328 72.046 2
198 1 6.342 81.238 2
195 1 6.342 81.238 2
194 1 6.342 81.238 2
33 1 -28.339 59.308 2
30 1 -28.339 59.308 2
834 1 -37.097 70.959 2
833 1 -37.097 70.959 2
832 1 -37.097 70.959 2
830 1 -37.097 70.959 2
829 1 -37.097 70.959 2
828 1 -37.097 70.959 2
827 1 -37.097 70.959 2
826 1 -37.097 70.959 2
824 1 -37.097 70.959 2
2028 1 -40.717 70.312 2
2027 1 -40.717 70.312 2
2026 1 -40.717 70.312 2
2025 1 -40.717 70.312 2
2024 1 -40.717 70.312 2
2023 1 -40.717 70.312 2
2022 1 -40.717 70.312 2
2021 1 -40.717 70.312 2
525 1 -47.919 73.254 2
522 1 -47.919 73.254 2
513 1 -47.919 73.254 2
510 1 -47.919 73.254 2
52 1 -40.582 51.685 2
43 1 -40.582 51.685 2
42 1 -40.582 51.685 2
39 1 -40.582 51.685 2
2253 1 -35.339 42.651 2
2252 1 -35.339 42.651 2
2251 1 -35.339 42.651 2
2250 1 -35.339 42.651 2
2249 1 -35.339 42.651 2
422 1 -26.807 42.059 2
75 1 -31.183 40.466 2
73 1 -31.183 40.466 2
59 1 -31.183 40.466 2
602 1 -33.234 36.536 2
575 1 -27.838 32.208 2
563 1 -27.838 32.208 2
307 1 -24.402 29.694 2
304 1 -24.402 29.694 2
-1 0 -17.863 9.258 D
2189 2 91.0 226.24630737304688 120 500 93
0 0 -17.863 9.258 D
109 1 -21.381 -10.602 2
103 1 -21.381 -10.602 2
131 1 -22.058 -8.765 2
127 1 -22.058 -8.765 2
126 1 -22.058 -8.765 2
122 1 -22.058 -8.765 2
1851 1 -26.471 -30.414 2
1849 1 -26.471 -30.414 2
1848 1 -26.471 -30.414 2
1847 1 -26.471 -30.414 2
1844 1 -26.471 -30.414 2
1843 1 -26.471 -30.414 2
1379 1 -21.411 -39.404 2
1378 1 -21.411 -39.404 2
1377 1 -21.411 -39.404 2
416 1 -35.657 -24.512 2
407 1 -35.657 -24.512 2
404 1 -35.657 -24.512 2
399 1 -35.657 -24.512 2
921 1 -45.929 -8.801 2
920 1 -45.929 -8.801 2
919 1 -45.929 -8.801 2
918 1 -45.929 -8.801 2
916 1 -45.929 -8.801 2
914 1 -45.929 -8.801 2
913 1 -45.929 -8.801 2
912 1 -45.929 -8.801 2
911 1 -45.929 -8.801 2
909 1 -45.929 -8.801 2
908 1 -45.929 -8.801 2
907 1 -45.929 -8.801 2
906 1 -45.929 -8.801 2
905 1 -45.929 -8.801 2
904 1 -45.929 -8.801 2
903 1 -45.929 -8.801 2
902 1 -45.929 -8.801 2
901 1 -45.929 -8.801 2
900 1 -45.929 -8.801 2
899 1 -45.929 -8.801 2
898 1 -45.929 -8.801 2
897 1 -45.929 -8.801 2
505 1 -38.544 19.873 2
503 1 -38.544 19.873 2
500 1 -38.544 19.873 2
496 1 -38.544 19.873 2
493 1 -38.544 19.873 2
488 1 -38.544 19.873 2
485 1 -38.544 19.873 2
954 1 -44.592 18.787 2
941 1 -44.592 18.787 2
473 1 -47.821 30.426 2
471 1 -47.821 30.426 2
466 1 -47.821 30.426 2
178 1 -53.668 33.014 2
580 1 -50.439 41.803 2
578 1 -50.439 41.803 2
614 1 -33.234 36.536 2
607 1 -33.234 36.536 2
606 1 -33.234 36.536 2
1259 1 -36.047 27.246 2
1258 1 -36.047 27.246 2
1257 1 -36.047 27.246 2
1256 1 -36.047 27.246 2
1255 1 -36.047 27.246 2
1254 1 -36.047 27.246 2
17 1 -32.855 20.105 2
13 1 -32.855 20.105 2
1866 1 -28.442 24.884 2
1865 1 -28.442 24.884 2
1864 1 -28.442 24.884 2
1861 1 -28.442 24.884 2
1860 1 -28.442 24.884 2
1859 1 -28.442 24.884 2
1791 1 -25.36 18.481 2
1781 1 -25.36 18.481 2
1776 1 -25.36 18.481 2
1775 1 -25.36 18.481 2
1431 1 -25.787 7.117 2
1430 1 -25.787 7.117 2
1428 1 -25.787 7.117 2
1427 1 -25.787 7.117 2
1422 1 -25.787 7.117 2
1421 1 -25.787 7.117 2
2383 1 -24.011 7.373 2
2382 1 -24.011 7.373 2
2381 1 -24.011 7.373 2
2380 1 -24.011 7.373 2
1370 1 -18.195 9.235 2
1364 1 -18.195 9.235 2
1360 1 -18.195 9.235 2
1355 1 -18.195 9.235 2
-1 0 -17.863 9.258 D
2190 4 59.0 315.0399169921875 60 500 61
0 0 -17.863 9.258 D
1812 1 2.325 11.346 4
1811 1 2.325 11.346 4
1808 1 2.325 11.346 4
272 1 7.117 14.441 4
1092 1 51.373 14.001 4
1128 1 49.377 25.946 4
333 1 31.183 40.344 4
329 1 31.183 40.344 4
324 1 31.183 40.344 4
319 1 31.183 40.344 4
94 1 62.915 78.546 4
92 1 62.915 78.546 4
79 1 62.915 78.546 4
2343 1 5.652 92.957 4
1188 1 -19.629 61.621 4
1187 1 -19.629 61.621 4
1186 1 -19.629 61.621 4
1185 1 -19.629 61.621 4
2266 1 -23.273 58.026 4
2265 1 -23.273 58.026 4
2264 1 -23.273 58.026 4
2263 1 -23.273 58.026 4
2262 1 -23.273 58.026 4
1224 1 -19.092 56.018 4
1223 1 -19.092 56.018 4
1222 1 -19.092 56.018 4
1220 1 -19.092 56.018 4
1219 1 -19.092 56.018 4
1218 1 -19.092 56.018 4
1216 1 -19.092 56.018 4
1215 1 -19.092 56.018 4
1214 1 -19.092 56.018 4
1213 1 -19.092 56.018 4
1212 1 -19.092 56.018 4
1211 1 -19.092 56.018 4
1210 1 -19.092 56.018 4
1209 1 -19.092 56.018 4
1208 1 -19.092 56.018 4
1207 1 -19.092 56.018 4
1206 1 -19.092 56.018 4
1305 1 -10.748 32.288 4
1304 1 -10.748 32.288 4
1303 1 -10.748 32.288 4
1301 1 -10.748 32.288 4
1298 1 -10.748 32.288 4
1297 1 -10.748 32.288 4
1296 1 -10.748 32.288 4
1295 1 -10.748 32.288 4
1293 1 -10.748 32.288 4
1292 1 -10.748 32.288 4
1291 1 -10.748 32.288 4
1290 1 -10.748 32.288 4
1289 1 -10.748 32.288 4
1288 1 -10.748 32.288 4
1287 1 -10.748 32.288 4
1286 1 -10.748 32.288 4
1284 1 -10.748 32.288 4
25 1 -10.516 26.233 4
600 1 -16.132 20.935 4
-1 0 -17.863 9.258 D
2191 4 99.0 227.20355224609375 100 500 101
0 0 -17.863 9.258 D
1944 1 -21.326 14.978 4
1943 1 -21.326 14.978 4
1942 1 -21.326 14.978 4
1941 1 -21.326 14.978 4
1940 1 -21.326 14.978 4
1863 1 -28.442 24.884 4
1862 1 -28.442 24.884 4
1141 1 -37.646 26.044 4
1140 1 -37.646 26.044 4
1139 1 -37.646 26.044 4
1138 1 -37.646 26.044 4
1137 1 -37.646 26.044 4
1135 1 -37.646 26.044 4
1134 1 -37.646 26.044 4
1132 1 -37.646 26.044 4
1131 1 -37.646 26.044 4
615 1 -33.234 36.536 4
608 1 -33.234 36.536 4
1621 1 -32.214 37.982 4
1619 1 -32.214 37.982 4
1618 1 -32.214 37.982 4
1617 1 -32.214 37.982 4
1615 1 -32.214 37.982 4
1614 1 -32.214 37.982 4
1613 1 -32.214 37.982 4
1612 1 -32.214 37.982 4
1609 1 -32.214 37.982 4
1608 1 -32.214 37.982 4
71 1 -31.183 40.466 4
69 1 -31.183 40.466 4
62 1 -31.183 40.466 4
49 1 -40.582 51.685 4
2203 1 -41.351 45.343 4
2202 1 -41.351 45.343 4
2201 1 -41.351 45.343 4
2200 1 -41.351 45.343 4
2199 1 -41.351 45.343 4
2198 1 -41.351 45.343 4
2197 1 -41.351 45.343 4
2196 1 -41.351 45.343 4
2195 1 -41.351 45.343 4
2194 1 -41.351 45.343 4
2193 1 -41.351 45.343 4
2192 1 -41.351 45.343 4
2191 1 -41.351 45.343 4
2190 1 -41.351 45.343 4
2189 1 -41.351 45.343 4
2188 1 -41.351 45.343 4
2187 1 -41.351 45.343 4
2186 1 -41.351 45.343 4
2185 1 -41.351 45.343 4
2184 1 -41.351 45.343 4
2183 1 -41.351 45.343 4
2182 1 -41.351 45.343 4
587 1 -50.439 41.803 4
1858 1 -54.053 43.549 4
1857 1 -54.053 43.549 4
1855 1 -54.053 43.549 4
1854 1 -54.053 43.549 4
1853 1 -54.053 43.549 4
1852 1 -54.053 43.549 4
1041 1 -74.377 76.648 4
1039 1 -74.377 76.648 4
1037 1 -74.377 76.648 4
1036 1 -74.377 76.648 4
1035 1 -74.377 76.648 4
1034 1 -74.377 76.648 4
1033 1 -74.377 76.648 4
1032 1 -74.377 76.648 4
1031 1 -74.377 76.648 4
1030 1 -74.377 76.648 4
1029 1 -74.377 76.648 4
1028 1 -74.377 76.648 4
1027 1 -74.377 76.648 4
1025 1 -74.377 76.648 4
1023 1 -74.377 76.648 4
1022 1 -74.377 76.648 4
529 1 -47.919 73.254 4
517 1 -47.919 73.254 4
514 1 -47.919 73.254 4
512 1 -47.919 73.254 4
831 1 -37.097 70.959 4
825 1 -37.097 70.959 4
35 1 -28.339 59.308 4
2268 1 -23.273 58.026 4
2267 1 -23.273 58.026 4
1698 1 -25.183 52.484 4
1697 1 -25.183 52.484 4
1696 1 -25.183 52.484 4
1695 1 -25.183 52.484 4
1694 1 -25.183 52.484 4
1693 1 -25.183 52.484 4
1690 1 -25.183 52.484 4
1689 1 -25.183 52.484 4
438 1 -26.807 42.059 4
435 1 -26.807 42.059 4
425 1 -26.807 42.059 4
561 1 -27.838 32.208 4
299 1 -24.402 29.694 4
-1 0 -17.863 9.258 D
2192 4 157.0 310.9819641113281 160 500 159
0 0 -17.863 9.258 D
1541 1 -21.234 -1.752 4
1540 1 -21.234 -1.752 4
1539 1 -21.234 -1.752 4
1752 1 -36.7 0.629 4
1751 1 -36.7 0.629 4
1750 1 -36.7 0.629 4
1749 1 -36.7 0.629 4
1748 1 -36.7 0.629 4
1747 1 -36.7 0.629 4
1746 1 -36.7 0.629 4
256 1 -39.502 6.25 4
917 1 -45.929 -8.801 4
915 1 -45.929 -8.801 4
910 1 -45.929 -8.801 4
1606 1 -38.171 -14.099 4
1605 1 -38.171 -14.099 4
1604 1 -38.171 -14.099 4
1603 1 -38.171 -14.099 4
1602 1 -38.171 -14.099 4
1601 1 -38.171 -14.099 4
1599 1 -38.171 -14.099 4
1598 1 -38.171 -14.099 4
1597 1 -38.171 -14.099 4
1596 1 -38.171 -14.099 4
1595 1 -38.171 -14.099 4
1594 1 -38.171 -14.099 4
1593 1 -38.171 -14.099 4
1592 1 -38.171 -14.099 4
1590 1 -38.171 -14.099 4
1589 1 -38.171 -14.099 4
1588 1 -38.171 -14.099 4
1587 1 -38.171 -14.099 4
1586 1 -38.171 -14.099 4
1585 1 -38.171 -14.099 4
745 1 -33.997 -20.868 4
744 1 -33.997 -20.868 4
743 1 -33.997 -20.868 4
741 1 -33.997 -20.868 4
740 1 -33.997 -20.868 4
739 1 -33.997 -20.868 4
737 1 -33.997 -20.868 4
736 1 -33.997 -20.868 4
1761 1 -33.002 -60.052 4
1759 1 -33.002 -60.052 4
1757 1 -33.002 -60.052 4
1472 1 -50.641 -59.888 4
1471 1 -50.641 -59.888 4
1468 1 -50.641 -59.888 4
1467 1 -50.641 -59.888 4
1465 1 -50.641 -59.888 4
1464 1 -50.641 -59.888 4
1463 1 -50.641 -59.888 4
1461 1 -50.641 -59.888 4
1459 1 -50.641 -59.888 4
1458 1 -50.641 -59.888 4
1457 1 -50.641 -59.888 4
1456 1 -50.641 -59.888 4
2134 1 -81.72 -27.301 4
2133 1 -81.72 -27.301 4
2132 1 -81.72 -27.301 4
2131 1 -81.72 -27.301 4
2130 1 -81.72 -27.301 4
2129 1 -81.72 -27.301 4
2128 1 -81.72 -27.301 4
2127 1 -81.72 -27.301 4
2126 1 -81.72 -27.301 4
2125 1 -81.72 -27.301 4
2124 1 -81.72 -27.301 4
2123 1 -81.72 -27.301 4
2122 1 -81.72 -27.301 4
2121 1 -81.72 -27.301 4
2237 1 -74.829 -22.644 4
2236 1 -74.829 -22.644 4
2235 1 -74.829 -22.644 4
2234 1 -74.829 -22.644 4
2233 1 -74.829 -22.644 4
2232 1 -74.829 -22.644 4
2231 1 -74.829 -22.644 4
2230 1 -74.829 -22.644 4
2229 1 -74.829 -22.644 4
2228 1 -74.829 -22.644 4
1184 1 -67.859 -9.814 4
1183 1 -67.859 -9.814 4
1181 1 -67.859 -9.814 4
1180 1 -67.859 -9.814 4
1179 1 -67.859 -9.814 4
1178 1 -67.859 -9.814 4
1177 1 -67.859 -9.814 4
1176 1 -67.859 -9.814 4
1175 1 -67.859 -9.814 4
1174 1 -67.859 -9.814 4
1173 1 -67.859 -9.814 4
1171 1 -67.859 -9.814 4
1170 1 -67.859 -9.814 4
1168 1 -67.859 -9.814 4
1167 1 -67.859 -9.814 4
1166 1 -67.859 -9.814 4
1165 1 -67.859 -9.814 4
1164 1 -67.859 -9.814 4
1163 1 -67.859 -9.814 4
1162 1 -67.859 -9.814 4
1161 1 -67.859 -9.814 4
2414 1 -55.389 18.152 4
2413 1 -55.389 18.152 4
2412 1 -55.389 18.152 4
2411 1 -55.389 18.152 4
2410 1 -55.389 18.152 4
2409 1 -55.389 18.152 4
2408 1 -55.389 18.152 4
2407 1 -55.389 18.152 4
896 1 -69.287 41.223 4
895 1 -69.287 41.223 4
894 1 -69.287 41.223 4
893 1 -69.287 41.223 4
892 1 -69.287 41.223 4
891 1 -69.287 41.223 4
890 1 -69.287 41.223 4
889 1 -69.287 41.223 4
888 1 -69.287 41.223 4
887 1 -69.287 41.223 4
886 1 -69.287 41.223 4
885 1 -69.287 41.223 4
884 1 -69.287 41.223 4
883 1 -69.287 41.223 4
882 1 -69.287 41.223 4
881 1 -69.287 41.223 4
880 1 -69.287 41.223 4
879 1 -69.287 41.223 4
878 1 -69.287 41.223 4
877 1 -69.287 41.223 4
185 1 -53.668 33.014 4
173 1 -53.668 33.014 4
172 1 -53.668 33.014 4
463 1 -47.821 30.426 4
456 1 -47.821 30.426 4
1021 1 -47.87 30.127 4
1017 1 -47.87 30.127 4
1016 1 -47.87 30.127 4
1015 1 -47.87 30.127 4
1014 1 -47.87 30.127 4
1013 1 -47.87 30.127 4
1012 1 -47.87 30.127 4
1011 1 -47.87 30.127 4
1154 1 -37.646 26.044 4
1153 1 -37.646 26.044 4
1152 1 -37.646 26.044 4
1151 1 -37.646 26.044 4
1150 1 -37.646 26.044 4
1149 1 -37.646 26.044 4
1148 1 -37.646 26.044 4
1147 1 -37.646 26.044 4
1146 1 -37.646 26.044 4
1145 1 -37.646 26.044 4
1144 1 -37.646 26.044 4
1143 1 -37.646 26.044 4
1142 1 -37.646 26.044 4
12 1 -32.855 20.105 4
-1 0 -17.863 9.258 D
2193 8 58.0 213.31723022460938 60 500 60
0 0 -17.863 9.258 D
1302 1 -10.748 32.288 8
1300 1 -10.748 32.288 8
1299 1 -10.748 32.288 8
1294 1 -10.748 32.288 8
1285 1 -10.748 32.288 8
2301 1 -30.005 50.018 8
2300 1 -30.005 50.018 8
2299 1 -30.005 50.018 8
2298 1 -30.005 50.018 8
2297 1 -30.005 50.018 8
2296 1 -30.005 50.018 8
1692 1 -25.183 52.484 8
1691 1 -25.183 52.484 8
1221 1 -19.092 56.018 8
1217 1 -19.092 56.018 8
1642 1 6.964 83.862 8
1637 1 6.964 83.862 8
1625 1 6.964 83.862 8
2020 1 12.152 95.117 8
2019 1 12.152 95.117 8
2018 1 12.152 95.117 8
2017 1 12.152 95.117 8
2016 1 12.152 95.117 8
2015 1 12.152 95.117 8
2014 1 12.152 95.117 8
2013 1 12.152 95.117 8
2012 1 12.152 95.117 8
1582 1 18.195 50.83 8
1575 1 18.195 50.83 8
711 1 0.757 27.405 8
710 1 0.757 27.405 8
701 1 0.757 27.405 8
2367 1 -0.049 26.697 8
2366 1 -0.049 26.697 8
2365 1 -0.049 26.697 8
2364 1 -0.049 26.697 8
2363 1 -0.049 26.697 8
2362 1 -0.049 26.697 8
2361 1 -0.049 26.697 8
2360 1 -0.049 26.697 8
2359 1 -0.049 26.697 8
2358 1 -0.049 26.697 8
2357 1 -0.049 26.697 8
2356 1 -0.049 26.697 8
2355 1 -0.049 26.697 8
2354 1 -0.049 26.697 8
2353 1 -0.049 26.697 8
2352 1 -0.049 26.697 8
2351 1 -0.049 26.697 8
2350 1 -0.049 26.697 8
2349 1 -0.049 26.697 8
2348 1 -0.049 26.697 8
2347 1 -0.049 26.697 8
2346 1 -0.049 26.697 8
2345 1 -0.049 26.697 8
2344 1 -0.049 26.697 8
1331 1 -12.622 16.211 8
1330 1 -12.622 16.211 8
-1 0 -17.863 9.258 D
2194 8 97.0 441.69781494140625 100 500 99
0 0 -17.863 9.258 D
1470 1 -50.641 -59.888 8
1469 1 -50.641 -59.888 8
1466 1 -50.641 -59.888 8
1462 1 -50.641 -59.888 8
1460 1 -50.641 -59.888 8
1455 1 -50.641 -59.888 8
1745 1 -36.7 0.629 8
1744 1 -36.7 0.629 8
1182 1 -67.859 -9.814 8
1172 1 -67.859 -9.814 8
1169 1 -67.859 -9.814 8
1404 1 -43.756 30.029 8
1403 1 -43.756 30.029 8
1402 1 -43.756 30.029 8
1399 1 -43.756 30.029 8
1020 1 -47.87 30.127 8
1019 1 -47.87 30.127 8
1018 1 -47.87 30.127 8
2324 1 -49.64 30.554 8
2323 1 -49.64 30.554 8
2322 1 -49.64 30.554 8
2321 1 -49.64 30.554 8
2320 1 -49.64 30.554 8
2319 1 -49.64 30.554 8
2318 1 -49.64 30.554 8
2317 1 -49.64 30.554 8
2316 1 -49.64 30.554 8
2315 1 -49.64 30.554 8
2314 1 -49.64 30.554 8
2313 1 -49.64 30.554 8
2312 1 -49.64 30.554 8
2311 1 -49.64 30.554 8
1856 1 -54.053 43.549 8
1398 1 -64.417 43.829 8
1391 1 -64.417 43.829 8
1386 1 -64.417 43.829 8
679 1 -71.765 44.427 8
674 1 -71.765 44.427 8
685 1 -98.322 39.105 8
2310 1 -82.294 54.059 8
2309 1 -82.294 54.059 8
1040 1 -74.377 76.648 8
1038 1 -74.377 76.648 8
1026 1 -74.377 76.648 8
1024 1 -74.377 76.648 8
2279 1 -50.159 56.805 8
2278 1 -50.159 56.805 8
2277 1 -50.159 56.805 8
2276 1 -50.159 56.805 8
2275 1 -50.159 56.805 8
2274 1 -50.159 56.805 8
2273 1 -50.159 56.805 8
2272 1 -50.159 56.805 8
2271 1 -50.159 56.805 8
2270 1 -50.159 56.805 8
2269 1 -50.159 56.805 8
1565 1 -46.417 49.591 8
1561 1 -46.417 49.591 8
1555 1 -46.417 49.591 8
1551 1 -46.417 49.591 8
1543 1 -46.417 49.591 8
2432 1 -41.986 43.701 8
2431 1 -41.986 43.701 8
2430 1 -41.986 43.701 8
2429 1 -41.986 43.701 8
2428 1 -41.986 43.701 8
2427 1 -41.986 43.701 8
2426 1 -41.986 43.701 8
2425 1 -41.986 43.701 8
2424 1 -41.986 43.701 8
2423 1 -41.986 43.701 8
2422 1 -41.986 43.701 8
2421 1 -41.986 43.701 8
2420 1 -41.986 43.701 8
2419 1 -41.986 43.701 8
2418 1 -41.986 43.701 8
2417 1 -41.986 43.701 8
2416 1 -41.986 43.701 8
2415 1 -41.986 43.701 8
1383 1 -37.433 43.152 8
2308 1 -30.005 50.018 8
2307 1 -30.005 50.018 8
2306 1 -30.005 50.018 8
2305 1 -30.005 50.018 8
2304 1 -30.005 50.018 8
2303 1 -30.005 50.018 8
2302 1 -30.005 50.018 8
1620 1 -32.214 37.982 8
1616 1 -32.214 37.982 8
1611 1 -32.214 37.982 8
1610 1 -32.214 37.982 8
1607 1 -32.214 37.982 8
1282 1 -37.366 30.859 8
1279 1 -37.366 30.859 8
1274 1 -37.366 30.859 8
1136 1 -37.646 26.044 8
1133 1 -37.646 26.044 8
-1 0 -17.863 9.258 D
2195 8 111.0 273.3800964355469 160 500 113
0 0 -17.863 9.258 D
962 1 -28.937 6.421 8
961 1 -28.937 6.421 8
1660 1 -26.19 6.647 8
1658 1 -26.19 6.647 8
1657 1 -26.19 6.647 8
1649 1 -26.19 6.647 8
1648 1 -26.19 6.647 8
1646 1 -26.19 6.647 8
742 1 -33.997 -20.868 8
738 1 -33.997 -20.868 8
2011 1 -28.918 -9.113 8
2010 1 -28.918 -9.113 8
2009 1 -28.918 -9.113 8
2008 1 -28.918 -9.113 8
2007 1 -28.918 -9.113 8
2006 1 -28.918 -9.113 8
2005 1 -28.918 -9.113 8
2004 1 -28.918 -9.113 8
2003 1 -28.918 -9.113 8
2002 1 -28.918 -9.113 8
2001 1 -28.918 -9.113 8
2000 1 -28.918 -9.113 8
1999 1 -28.918 -9.113 8
1998 1 -28.918 -9.113 8
1997 1 -28.918 -9.113 8
1996 1 -28.918 -9.113 8
1995 1 -28.918 -9.113 8
1994 1 -28.918 -9.113 8
1993 1 -28.918 -9.113 8
1992 1 -28.918 -9.113 8
1991 1 -28.918 -9.113 8
1198 1 -7.611 -27.032 8
1190 1 -7.611 -27.032 8
1495 1 18.976 -40.289 8
1479 1 18.976 -40.289 8
1478 1 18.976 -40.289 8
1473 1 18.976 -40.289 8
990 1 23.676 -63.177 8
984 1 23.676 -63.177 8
981 1 23.676 -63.177 8
978 1 23.676 -63.177 8
976 1 23.676 -63.177 8
1523 1 43.085 -29.81 8
1522 1 43.085 -29.81 8
1520 1 43.085 -29.81 8
1518 1 43.085 -29.81 8
1990 1 39.185 -41.602 8
1989 1 39.185 -41.602 8
1988 1 39.185 -41.602 8
1987 1 39.185 -41.602 8
1986 1 39.185 -41.602 8
1985 1 39.185 -41.602 8
1984 1 39.185 -41.602 8
1983 1 39.185 -41.602 8
1982 1 39.185 -41.602 8
1981 1 39.185 -41.602 8
1980 1 39.185 -41.602 8
1979 1 39.185 -41.602 8
1978 1 39.185 -41.602 8
1977 1 39.185 -41.602 8
1976 1 39.185 -41.602 8
1975 1 39.185 -41.602 8
1091 1 31.061 -38.373 8
1086 1 31.061 -38.373 8
1071 1 31.061 -38.373 8
1350 1 31.042 -33.923 8
1345 1 31.042 -33.923 8
1342 1 31.042 -33.923 8
1339 1 31.042 -33.923 8
1336 1 31.042 -33.923 8
1335 1 31.042 -33.923 8
1334 1 31.042 -33.923 8
2181 1 19.409 -20.288 8
2180 1 19.409 -20.288 8
2179 1 19.409 -20.288 8
2178 1 19.409 -20.288 8
2177 1 19.409 -20.288 8
2176 1 19.409 -20.288 8
2175 1 19.409 -20.288 8
2174 1 19.409 -20.288 8
2173 1 19.409 -20.288 8
2172 1 19.409 -20.288 8
2171 1 19.409 -20.288 8
2170 1 19.409 -20.288 8
2169 1 19.409 -20.288 8
2168 1 19.409 -20.288 8
2167 1 19.409 -20.288 8
2166 1 19.409 -20.288 8
2165 1 19.409 -20.288 8
2164 1 19.409 -20.288 8
2163 1 19.409 -20.288 8
850 1 11.005 -19.946 8
842 1 11.005 -19.946 8
840 1 11.005 -19.946 8
835 1 11.005 -19.946 8
1868 1 1.501 -14.636 8
1052 1 -8.374 -13.135 8
1050 1 -8.374 -13.135 8
1049 1 -8.374 -13.135 8
1046 1 -8.374 -13.135 8
1043 1 -8.374 -13.135 8
2379 1 -7.196 -8.972 8
2378 1 -7.196 -8.972 8
2377 1 -7.196 -8.972 8
2376 1 -7.196 -8.972 8
2375 1 -7.196 -8.972 8
2374 1 -7.196 -8.972 8
2373 1 -7.196 -8.972 8
2372 1 -7.196 -8.972 8
2371 1 -7.196 -8.972 8
2370 1 -7.196 -8.972 8
-1 0 -17.863 9.258 D
2196 1 19.0 221.63385009765625 20 500 21
0 0 -17.863 9.258 D
99 1 62.915 78.546 1
98 1 62.915 78.546 1
97 1 62.915 78.546 1
96 1 62.915 78.546 1
95 1 62.915 78.546 1
91 1 62.915 78.546 1
90 1 62.915 78.546 1
87 1 62.915 78.546 1
86 1 62.915 78.546 1
85 1 62.915 78.546 1
84 1 62.915 78.546 1
83 1 62.915 78.546 1
82 1 62.915 78.546 1
80 1 62.915 78.546 1
77 1 62.915 78.546 1
1899 1 23.328 72.046 1
1898 1 23.328 72.046 1
1897 1 23.328 72.046 1
1896 1 23.328 72.046 1
-1 0 -17.863 9.258 D
2197 1 19.0 150.5486297607422 20 500 21
0 0 -17.863 9.258 D
23 1 -10.516 26.233 1
22 1 -10.516 26.233 1
21 1 -10.516 26.233 1
20 1 -10.516 26.233 1
19 1 -10.516 26.233 1
1 1 -1.41 38.47 1
1916 1 23.328 72.046 1
1915 1 23.328 72.046 1
1913 1 23.328 72.046 1
1912 1 23.328 72.046 1
1911 1 23.328 72.046 1
1909 1 23.328 72.046 1
1908 1 23.328 72.046 1
1906 1 23.328 72.046 1
1905 1 23.328 72.046 1
1903 1 23.328 72.046 1
1902 1 23.328 72.046 1
1901 1 23.328 72.046 1
1900 1 23.328 72.046 1
-1 0 -17.863 9.258 D
2198 1 19.0 36.99705505371094 20 500 21
0 0 -17.863 9.258 D
2221 1 -15.015 16.29 1
2220 1 -15.015 16.29 1
2219 1 -15.015 16.29 1
2218 1 -15.015 16.29 1
2217 1 -15.015 16.29 1
2216 1 -15.015 16.29 1
2215 1 -15.015 16.29 1
2214 1 -15.015 16.29 1
2213 1 -15.015 16.29 1
2212 1 -15.015 16.29 1
2211 1 -15.015 16.29 1
2210 1 -15.015 16.29 1
2209 1 -15.015 16.29 1
2208 1 -15.015 16.29 1
2207 1 -15.015 16.29 1
2206 1 -15.015 16.29 1
2205 1 -15.015 16.29 1
2204 1 -15.015 16.29 1
24 1 -10.516 26.233 1
-1 0 -17.863 9.258 D
2199 1 19.0 157.27943420410156 20 500 21
0 0 -17.863 9.258 D
1626 1 6.964 83.862 1
1624 1 6.964 83.862 1
1623 1 6.964 83.862 1
1622 1 6.964 83.862 1
197 1 6.342 81.238 1
196 1 6.342 81.238 1
193 1 6.342 81.238 1
192 1 6.342 81.238 1
191 1 6.342 81.238 1
190 1 6.342 81.238 1
189 1 6.342 81.238 1
188 1 6.342 81.238 1
187 1 6.342 81.238 1
2227 1 -15.015 16.29 1
2226 1 -15.015 16.29 1
2225 1 -15.015 16.29 1
2224 1 -15.015 16.29 1
2223 1 -15.015 16.29 1
2222 1 -15.015 16.29 1
-1 0 -17.863 9.258 D
2200 1 19.0 157.46273803710938 20 500 21
0 0 -17.863 9.258 D
601 1 -16.132 20.935 1
599 1 -16.132 20.935 1
597 1 -16.132 20.935 1
596 1 -16.132 20.935 1
594 1 -16.132 20.935 1
1641 1 6.964 83.862 1
1640 1 6.964 83.862 1
1639 1 6.964 83.862 1
1638 1 6.964 83.862 1
1636 1 6.964 83.862 1
1635 1 6.964 83.862 1
1634 1 6.964 83.862 1
1633 1 6.964 83.862 1
1632 1 6.964 83.862 1
1631 1 6.964 83.862 1
1630 1 6.964 83.862 1
1629 1 6.964 83.862 1
1628 1 6.964 83.862 1
1627 1 6.964 83.862 1
-1 0 -17.863 9.258 D
2201 1 19.0 132.10191345214844 20 500 21
0 0 -17.863 9.258 D
1939 1 -17.218 12.891 1
1806 1 -15.192 29.132 1
1805 1 -15.192 29.132 1
1804 1 -15.192 29.132 1
1803 1 -15.192 29.132 1
1802 1 -15.192 29.132 1
1801 1 -15.192 29.132 1
1800 1 -15.192 29.132 1
1798 1 -15.192 29.132 1
1796 1 -15.192 29.132 1
2085 1 -17.279 50.616 1
2084 1 -17.279 50.616 1
2083 1 -17.279 50.616 1
2082 1 -17.279 50.616 1
2081 1 -17.279 50.616 1
396 1 -17.273 72.626 1
395 1 -17.273 72.626 1
27 1 -28.339 59.308 1
26 1 -28.339 59.308 1
-1 0 -17.863 9.258 D
2202 1 19.0 102.45005798339844 20 500 21
0 0 -17.863 9.258 D
432 1 -26.807 42.059 1
431 1 -26.807 42.059 1
430 1 -26.807 42.059 1
429 1 -26.807 42.059 1
428 1 -26.807 42.059 1
427 1 -26.807 42.059 1
426 1 -26.807 42.059 1
424 1 -26.807 42.059 1
423 1 -26.807 42.059 1
421 1 -26.807 42.059 1
420 1 -26.807 42.059 1
38 1 -28.339 59.308 1
37 1 -28.339 59.308 1
36 1 -28.339 59.308 1
34 1 -28.339 59.308 1
32 1 -28.339 59.308 1
31 1 -28.339 59.308 1
29 1 -28.339 59.308 1
28 1 -28.339 59.308 1
-1 0 -17.863 9.258 D
2203 1 19.0 72.64203643798828 20 500 21
0 0 -17.863 9.258 D
306 1 -24.402 29.694 1
305 1 -24.402 29.694 1
303 1 -24.402 29.694 1
302 1 -24.402 29.694 1
301 1 -24.402 29.694 1
300 1 -24.402 29.694 1
443 1 -26.807 42.059 1
442 1 -26.807 42.059 1
441 1 -26.807 42.059 1
440 1 -26.807 42.059 1
439 1 -26.807 42.059 1
437 1 -26.807 42.059 1
436 1 -26.807 42.059 1
434 1 -26.807 42.059 1
433 1 -26.807 42.059 1
64 1 -31.183 40.466 1
63 1 -31.183 40.466 1
61 1 -31.183 40.466 1
60 1 -31.183 40.466 1
-1 0 -17.863 9.258 D
2204 1 19.0 67.86552429199219 20 500 21
0 0 -17.863 9.258 D
573 1 -27.838 32.208 1
572 1 -27.838 32.208 1
571 1 -27.838 32.208 1
570 1 -27.838 32.208 1
569 1 -27.838 32.208 1
568 1 -27.838 32.208 1
567 1 -27.838 32.208 1
566 1 -27.838 32.208 1
565 1 -27.838 32.208 1
564 1 -27.838 32.208 1
562 1 -27.838 32.208 1
76 1 -31.183 40.466 1
74 1 -31.183 40.466 1
72 1 -31.183 40.466 1
70 1 -31.183 40.466 1
68 1 -31.183 40.466 1
67 1 -31.183 40.466 1
66 1 -31.183 40.466 1
65 1 -31.183 40.466 1
-1 0 -17.863 9.258 D
2205 1 19.0 141.62860107421875 20 500 21
0 0 -17.863 9.258 D
40 1 -40.582 51.685 1
530 1 -47.919 73.254 1
528 1 -47.919 73.254 1
527 1 -47.919 73.254 1
526 1 -47.919 73.254 1
524 1 -47.919 73.254 1
523 1 -47.919 73.254 1
521 1 -47.919 73.254 1
520 1 -47.919 73.254 1
519 1 -47.919 73.254 1
518 1 -47.919 73.254 1
516 1 -47.919 73.254 1
515 1 -47.919 73.254 1
511 1 -47.919 73.254 1
509 1 -47.919 73.254 1
508 1 -47.919 73.254 1
577 1 -27.838 32.208 1
576 1 -27.838 32.208 1
574 1 -27.838 32.208 1
-1 0 -17.863 9.258 D
2206 1 19.0 96.27462768554688 20 500 21
0 0 -17.863 9.258 D
610 1 -33.234 36.536 1
609 1 -33.234 36.536 1
605 1 -33.234 36.536 1
604 1 -33.234 36.536 1
603 1 -33.234 36.536 1
58 1 -40.582 51.685 1
57 1 -40.582 51.685 1
56 1 -40.582 51.685 1
55 1 -40.582 51.685 1
54 1 -40.582 51.685 1
53 1 -40.582 51.685 1
51 1 -40.582 51.685 1
50 1 -40.582 51.685 1
48 1 -40.582 51.685 1
47 1 -40.582 51.685 1
46 1 -40.582 51.685 1
45 1 -40.582 51.685 1
44 1 -40.582 51.685 1
41 1 -40.582 51.685 1
-1 0 -17.863 9.258 D
2207 1 19.0 99.61727142333984 20 500 21
0 0 -17.863 9.258 D
617 1 -33.234 36.536 1
616 1 -33.234 36.536 1
613 1 -33.234 36.536 1
612 1 -33.234 36.536 1
611 1 -33.234 36.536 1
1384 1 -37.433 43.152 1
1382 1 -37.433 43.152 1
1381 1 -37.433 43.152 1
1554 1 -46.417 49.591 1
1553 1 -46.417 49.591 1
1552 1 -46.417 49.591 1
1550 1 -46.417 49.591 1
1549 1 -46.417 49.591 1
1548 1 -46.417 49.591 1
1547 1 -46.417 49.591 1
1546 1 -46.417 49.591 1
1545 1 -46.417 49.591 1
1544 1 -46.417 49.591 1
1542 1 -46.417 49.591 1
-1 0 -17.863 9.258 D
2208 1 19.0 99.32421875 20 500 21
0 0 -17.863 9.258 D
1283 1 -37.366 30.859 1
1281 1 -37.366 30.859 1
1280 1 -37.366 30.859 1
1278 1 -37.366 30.859 1
1277 1 -37.366 30.859 1
1276 1 -37.366 30.859 1
1275 1 -37.366 30.859 1
1273 1 -37.366 30.859 1
1272 1 -37.366 30.859 1
1271 1 -37.366 30.859 1
1566 1 -46.417 49.591 1
1564 1 -46.417 49.591 1
1563 1 -46.417 49.591 1
1562 1 -46.417 49.591 1
1560 1 -46.417 49.591 1
1559 1 -46.417 49.591 1
1558 1 -46.417 49.591 1
1557 1 -46.417 49.591 1
1556 1 -46.417 49.591 1
-1 0 -17.863 9.258 D
2209 1 19.0 31.18465805053711 20 500 21
0 0 -17.863 9.258 D
1785 1 -25.36 18.481 1
1784 1 -25.36 18.481 1
1783 1 -25.36 18.481 1
1782 1 -25.36 18.481 1
1780 1 -25.36 18.481 1
1779 1 -25.36 18.481 1
1778 1 -25.36 18.481 1
1777 1 -25.36 18.481 1
1774 1 -25.36 18.481 1
1773 1 -25.36 18.481 1
507 1 -27.972 15.851 1
506 1 -27.972 15.851 1
1793 1 -25.36 18.481 1
1792 1 -25.36 18.481 1
1790 1 -25.36 18.481 1
1789 1 -25.36 18.481 1
1788 1 -25.36 18.481 1
1787 1 -25.36 18.481 1
1786 1 -25.36 18.481 1
-1 0 -17.863 9.258 D
2210 1 19.0 145.13429260253906 20 500 21
0 0 -17.863 9.258 D
1884 1 -80.255 39.062 1
1883 1 -80.255 39.062 1
1879 1 -80.255 39.062 1
1878 1 -80.255 39.062 1
1877 1 -80.255 39.062 1
1876 1 -80.255 39.062 1
1875 1 -80.255 39.062 1
1874 1 -80.255 39.062 1
1873 1 -80.255 39.062 1
1872 1 -80.255 39.062 1
1871 1 -80.255 39.062 1
1870 1 -80.255 39.062 1
1869 1 -80.255 39.062 1
588 1 -50.439 41.803 1
586 1 -50.439 41.803 1
585 1 -50.439 41.803 1
584 1 -50.439 41.803 1
583 1 -50.439 41.803 1
582 1 -50.439 41.803 1
-1 0 -17.863 9.258 D
2211 1 19.0 116.05708312988281 20 500 21
0 0 -17.863 9.258 D
16 1 -32.855 20.105 1
15 1 -32.855 20.105 1
14 1 -32.855 20.105 1
459 1 -47.821 30.426 1
458 1 -47.821 30.426 1
457 1 -47.821 30.426 1
1397 1 -64.417 43.829 1
1396 1 -64.417 43.829 1
1395 1 -64.417 43.829 1
1394 1 -64.417 43.829 1
1393 1 -64.417 43.829 1
1392 1 -64.417 43.829 1
1390 1 -64.417 43.829 1
1389 1 -64.417 43.829 1
1388 1 -64.417 43.829 1
1387 1 -64.417 43.829 1
1385 1 -64.417 43.829 1
1410 1 -43.756 30.029 1
1409 1 -43.756 30.029 1
-1 0 -17.863 9.258 D
2212 1 19.0 86.04522705078125 20 500 21
0 0 -17.863 9.258 D
180 1 -53.668 33.014 1
179 1 -53.668 33.014 1
177 1 -53.668 33.014 1
176 1 -53.668 33.014 1
175 1 -53.668 33.014 1
174 1 -53.668 33.014 1
476 1 -47.821 30.426 1
475 1 -47.821 30.426 1
474 1 -47.821 30.426 1
472 1 -47.821 30.426 1
470 1 -47.821 30.426 1
469 1 -47.821 30.426 1
468 1 -47.821 30.426 1
467 1 -47.821 30.426 1
465 1 -47.821 30.426 1
464 1 -47.821 30.426 1
462 1 -47.821 30.426 1
461 1 -47.821 30.426 1
460 1 -47.821 30.426 1
-1 0 -17.863 9.258 D
2213 1 19.0 128.7249755859375 20 500 21
0 0 -17.863 9.258 D
670 1 -71.765 44.427 1
669 1 -71.765 44.427 1
668 1 -71.765 44.427 1
667 1 -71.765 44.427 1
666 1 -71.765 44.427 1
665 1 -71.765 44.427 1
664 1 -71.765 44.427 1
663 1 -71.765 44.427 1
662 1 -71.765 44.427 1
661 1 -71.765 44.427 1
660 1 -71.765 44.427 1
659 1 -71.765 44.427 1
658 1 -71.765 44.427 1
657 1 -71.765 44.427 1
186 1 -53.668 33.014 1
184 1 -53.668 33.014 1
183 1 -53.668 33.014 1
182 1 -53.668 33.014 1
181 1 -53.668 33.014 1
-1 0 -17.863 9.258 D
2214 1 19.0 132.09066772460938 20 500 21
0 0 -17.863 9.258 D
581 1 -50.439 41.803 1
579 1 -50.439 41.803 1
681 1 -71.765 44.427 1
680 1 -71.765 44.427 1
678 1 -71.765 44.427 1
677 1 -71.765 44.427 1
676 1 -71.765 44.427 1
675 1 -71.765 44.427 1
673 1 -71.765 44.427 1
672 1 -71.765 44.427 1
671 1 -71.765 44.427 1
495 1 -38.544 19.873 1
494 1 -38.544 19.873 1
492 1 -38.544 19.873 1
491 1 -38.544 19.873 1
490 1 -38.544 19.873 1
489 1 -38.544 19.873 1
487 1 -38.544 19.873 1
486 1 -38.544 19.873 1
-1 0 -17.863 9.258 D
2215 1 19.0 69.96983337402344 20 500 21
0 0 -17.863 9.258 D
1110 1 -44.47 30.817 1
1109 1 -44.47 30.817 1
1108 1 -44.47 30.817 1
1107 1 -44.47 30.817 1
1106 1 -44.47 30.817 1
1105 1 -44.47 30.817 1
1104 1 -44.47 30.817 1
1408 1 -43.756 30.029 1
1407 1 -43.756 30.029 1
1406 1 -43.756 30.029 1
1405 1 -43.756 30.029 1
1401 1 -43.756 30.029 1
1400 1 -43.756 30.029 1
504 1 -38.544 19.873 1
502 1 -38.544 19.873 1
501 1 -38.544 19.873 1
499 1 -38.544 19.873 1
498 1 -38.544 19.873 1
497 1 -38.544 19.873 1
-1 0 -17.863 9.258 D
2216 1 19.0 138.4619140625 20 500 21
0 0 -17.863 9.258 D
2074 1 -70.093 32.147 1
2073 1 -70.093 32.147 1
2072 1 -70.093 32.147 1
2071 1 -70.093 32.147 1
2070 1 -70.093 32.147 1
2069 1 -70.093 32.147 1
2068 1 -70.093 32.147 1
2067 1 -70.093 32.147 1
2066 1 -70.093 32.147 1
2065 1 -70.093 32.147 1
2064 1 -70.093 32.147 1
2063 1 -70.093 32.147 1
2062 1 -70.093 32.147 1
2061 1 -70.093 32.147 1
2060 1 -70.093 32.147 1
2059 1 -70.093 32.147 1
1887 1 -80.255 39.062 1
1886 1 -80.255 39.062 1
1885 1 -80.255 39.062 1
-1 0 -17.863 9.258 D
2217 1 19.0 197.0250701904297 20 500 21
0 0 -17.863 9.258 D
1327 1 -71.057 -17.004 1
1326 1 -71.057 -17.004 1
1325 1 -71.057 -17.004 1
1322 1 -71.057 -17.004 1
1321 1 -71.057 -17.004 1
1320 1 -71.057 -17.004 1
1319 1 -71.057 -17.004 1
823 1 -89.88 39.508 1
822 1 -89.88 39.508 1
821 1 -89.88 39.508 1
820 1 -89.88 39.508 1
819 1 -89.88 39.508 1
818 1 -89.88 39.508 1
2080 1 -70.093 32.147 1
2079 1 -70.093 32.147 1
2078 1 -70.093 32.147 1
2077 1 -70.093 32.147 1
2076 1 -70.093 32.147 1
2075 1 -70.093 32.147 1
-1 0 -17.863 9.258 D
2218 1 19.0 81.55233001708984 20 500 21
0 0 -17.863 9.258 D
1721 1 -34.674 -8.313 1
956 1 -44.592 18.787 1
955 1 -44.592 18.787 1
953 1 -44.592 18.787 1
952 1 -44.592 18.787 1
951 1 -44.592 18.787 1
950 1 -44.592 18.787 1
949 1 -44.592 18.787 1
948 1 -44.592 18.787 1
947 1 -44.592 18.787 1
946 1 -44.592 18.787 1
945 1 -44.592 18.787 1
944 1 -44.592 18.787 1
943 1 -44.592 18.787 1
942 1 -44.592 18.787 1
940 1 -44.592 18.787 1
939 1 -44.592 18.787 1
938 1 -44.592 18.787 1
937 1 -44.592 18.787 1
-1 0 -17.863 9.258 D
2219 1 19.0 150.54364013671875 20 500 21
0 0 -17.863 9.258 D
2286 1 -41.974 16.254 1
2285 1 -41.974 16.254 1
2284 1 -41.974 16.254 1
2283 1 -41.974 16.254 1
2282 1 -41.974 16.254 1
2281 1 -41.974 16.254 1
2280 1 -41.974 16.254 1
2293 1 -77.063 28.723 1
2292 1 -77.063 28.723 1
2291 1 -77.063 28.723 1
2290 1 -77.063 28.723 1
2289 1 -77.063 28.723 1
2288 1 -77.063 28.723 1
2287 1 -77.063 28.723 1
394 1 -85.785 29.449 1
393 1 -85.785 29.449 1
651 1 -67.175 5.92 1
219 1 -49.341 7.861 1
218 1 -49.341 7.861 1
-1 0 -17.863 9.258 D
2220 1 19.0 98.9468994140625 20 500 21
0 0 -17.863 9.258 D
264 1 -39.502 6.25 1
262 1 -39.502 6.25 1
261 1 -39.502 6.25 1
259 1 -39.502 6.25 1
258 1 -39.502 6.25 1
255 1 -39.502 6.25 1
254 1 -39.502 6.25 1
252 1 -39.502 6.25 1
251 1 -39.502 6.25 1
250 1 -39.502 6.25 1
249 1 -39.502 6.25 1
248 1 -39.502 6.25 1
247 1 -39.502 6.25 1
246 1 -39.502 6.25 1
656 1 -67.175 5.92 1
655 1 -67.175 5.92 1
654 1 -67.175 5.92 1
653 1 -67.175 5.92 1
652 1 -67.175 5.92 1
-1 0 -17.863 9.258 D
2221 1 19.0 0.6655892133712769 20 500 21
0 0 -17.863 9.258 D
1368 1 -18.195 9.235 1
1367 1 -18.195 9.235 1
1366 1 -18.195 9.235 1
1365 1 -18.195 9.235 1
1363 1 -18.195 9.235 1
1362 1 -18.195 9.235 1
1361 1 -18.195 9.235 1
1359 1 -18.195 9.235 1
1358 1 -18.195 9.235 1
1357 1 -18.195 9.235 1
1356 1 -18.195 9.235 1
1354 1 -18.195 9.235 1
1353 1 -18.195 9.235 1
1352 1 -18.195 9.235 1
1374 1 -18.195 9.235 1
1373 1 -18.195 9.235 1
1372 1 -18.195 9.235 1
1371 1 -18.195 9.235 1
1369 1 -18.195 9.235 1
-1 0 -17.863 9.258 D
2222 1 19.0 50.24755859375 20 500 21
0 0 -17.863 9.258 D
266 1 -39.502 6.25 1
265 1 -39.502 6.25 1
1160 1 -42.578 5.573 1
1159 1 -42.578 5.573 1
1158 1 -42.578 5.573 1
1157 1 -42.578 5.573 1
1156 1 -42.578 5.573 1
1155 1 -42.578 5.573 1
960 1 -28.937 6.421 1
959 1 -28.937 6.421 1
958 1 -28.937 6.421 1
957 1 -28.937 6.421 1
1644 1 -26.19 6.647 1
1643 1 -26.19 6.647 1
1429 1 -25.787 7.117 1
1426 1 -25.787 7.117 1
1425 1 -25.787 7.117 1
1424 1 -25.787 7.117 1
1423 1 -25.787 7.117 1
-1 0 -17.863 9.258 D
2223 1 19.0 173.6417236328125 20 500 21
0 0 -17.863 9.258 D
689 1 -98.322 39.105 1
688 1 -98.322 39.105 1
687 1 -98.322 39.105 1
686 1 -98.322 39.105 1
684 1 -98.322 39.105 1
683 1 -98.322 39.105 1
682 1 -98.322 39.105 1
690 1 -98.322 39.105 1
1661 1 -26.19 6.647 1
1659 1 -26.19 6.647 1
1656 1 -26.19 6.647 1
1655 1 -26.19 6.647 1
1654 1 -26.19 6.647 1
1653 1 -26.19 6.647 1
1652 1 -26.19 6.647 1
1651 1 -26.19 6.647 1
1650 1 -26.19 6.647 1
1647 1 -26.19 6.647 1
1645 1 -26.19 6.647 1
-1 0 -17.863 9.258 D
2224 1 19.0 101.336669921875 20 500 21
0 0 -17.863 9.258 D
998 1 -37.421 -35.944 1
997 1 -37.421 -35.944 1
1743 1 -34.674 -8.313 1
1741 1 -34.674 -8.313 1
1740 1 -34.674 -8.313 1
1738 1 -34.674 -8.313 1
1737 1 -34.674 -8.313 1
1736 1 -34.674 -8.313 1
1735 1 -34.674 -8.313 1
1734 1 -34.674 -8.313 1
1733 1 -34.674 -8.313 1
1731 1 -34.674 -8.313 1
1729 1 -34.674 -8.313 1
1728 1 -34.674 -8.313 1
1727 1 -34.674 -8.313 1
1725 1 -34.674 -8.313 1
1724 1 -34.674 -8.313 1
1723 1 -34.674 -8.313 1
1722 1 -34.674 -8.313 1
-1 0 -17.863 9.258 D
2225 1 19.0 76.34236907958984 20 500 21
0 0 -17.863 9.258 D
398 1 -35.657 -24.512 1
397 1 -35.657 -24.512 1
419 1 -35.657 -24.512 1
418 1 -35.657 -24.512 1
417 1 -35.657 -24.512 1
415 1 -35.657 -24.512 1
414 1 -35.657 -24.512 1
413 1 -35.657 -24.512 1
412 1 -35.657 -24.512 1
411 1 -35.657 -24.512 1
410 1 -35.657 -24.512 1
409 1 -35.657 -24.512 1
408 1 -35.657 -24.512 1
406 1 -35.657 -24.512 1
405 1 -35.657 -24.512 1
403 1 -35.657 -24.512 1
402 1 -35.657 -24.512 1
401 1 -35.657 -24.512 1
400 1 -35.657 -24.512 1
-1 0 -17.863 9.258 D
2226 1 19.0 192.85696411132812 20 500 21
0 0 -17.863 9.258 D
559 1 -4.053 -78.888 1
558 1 -4.053 -78.888 1
557 1 -4.053 -78.888 1
556 1 -4.053 -78.888 1
555 1 -4.053 -78.888 1
554 1 -4.053 -78.888 1
551 1 -4.053 -78.888 1
550 1 -4.053 -78.888 1
549 1 -4.053 -78.888 1
1010 1 -37.421 -35.944 1
1008 1 -37.421 -35.944 1
1007 1 -37.421 -35.944 1
1006 1 -37.421 -35.944 1
1005 1 -37.421 -35.944 1
1004 1 -37.421 -35.944 1
1002 1 -37.421 -35.944 1
1001 1 -37.421 -35.944 1
1000 1 -37.421 -35.944 1
999 1 -37.421 -35.944 1
-1 0 -17.863 9.258 D
2227 1 19.0 40.92510223388672 20 500 21
0 0 -17.863 9.258 D
132 1 -22.058 -8.765 1
130 1 -22.058 -8.765 1
129 1 -22.058 -8.765 1
128 1 -22.058 -8.765 1
125 1 -22.058 -8.765 1
124 1 -22.058 -8.765 1
123 1 -22.058 -8.765 1
114 1 -21.381 -10.602 1
113 1 -21.381 -10.602 1
111 1 -21.381 -10.602 1
110 1 -21.381 -10.602 1
108 1 -21.381 -10.602 1
107 1 -21.381 -10.602 1
106 1 -21.381 -10.602 1
105 1 -21.381 -10.602 1
104 1 -21.381 -10.602 1
102 1 -21.381 -10.602 1
101 1 -21.381 -10.602 1
134 1 -22.058 -8.765 1
-1 0 -17.863 9.258 D
2228 4 59.0 260.3146057128906 60 500 61
0 0 -17.863 9.258 D
646 1 -19.342 1.129 4
118 1 -21.381 -10.602 4
112 1 -21.381 -10.602 4
1850 1 -26.471 -30.414 4
1846 1 -26.471 -30.414 4
1845 1 -26.471 -30.414 4
1380 1 -21.411 -39.404 4
1376 1 -21.411 -39.404 4
1375 1 -21.411 -39.404 4
593 1 -17.767 -49.957 4
1772 1 -33.002 -60.052 4
1771 1 -33.002 -60.052 4
1767 1 -33.002 -60.052 4
1762 1 -33.002 -60.052 4
536 1 -13.141 -96.667 4
718 1 8.38 -80.713 4
712 1 8.38 -80.713 4
974 1 23.676 -63.177 4
973 1 23.676 -63.177 4
1126 1 20.258 -59.399 4
388 1 10.797 -53.784 4
386 1 10.797 -53.784 4
374 1 10.797 -53.784 4
373 1 10.797 -53.784 4
372 1 10.797 -53.784 4
1205 1 -7.611 -27.032 4
1204 1 -7.611 -27.032 4
1203 1 -7.611 -27.032 4
1202 1 -7.611 -27.032 4
1201 1 -7.611 -27.032 4
1200 1 -7.611 -27.032 4
1199 1 -7.611 -27.032 4
1197 1 -7.611 -27.032 4
1196 1 -7.611 -27.032 4
1195 1 -7.611 -27.032 4
1194 1 -7.611 -27.032 4
1193 1 -7.611 -27.032 4
1192 1 -7.611 -27.032 4
1191 1 -7.611 -27.032 4
1189 1 -7.611 -27.032 4
2248 1 -4.803 -19.629 4
2247 1 -4.803 -19.629 4
2246 1 -4.803 -19.629 4
2245 1 -4.803 -19.629 4
2244 1 -4.803 -19.629 4
2243 1 -4.803 -19.629 4
2242 1 -4.803 -19.629 4
2241 1 -4.803 -19.629 4
2240 1 -4.803 -19.629 4
2239 1 -4.803 -19.629 4
2238 1 -4.803 -19.629 4
1054 1 -8.374 -13.135 4
1053 1 -8.374 -13.135 4
1051 1 -8.374 -13.135 4
1048 1 -8.374 -13.135 4
1047 1 -8.374 -13.135 4
1045 1 -8.374 -13.135 4
1044 1 -8.374 -13.135 4
1042 1 -8.374 -13.135 4
-1 0 -17.863 9.258 D
2229 1 19.0 212.65847778320312 20 500 21
0 0 -17.863 9.258 D
543 1 -13.141 -96.667 1
542 1 -13.141 -96.667 1
541 1 -13.141 -96.667 1
540 1 -13.141 -96.667 1
539 1 -13.141 -96.667 1
538 1 -13.141 -96.667 1
537 1 -13.141 -96.667 1
535 1 -13.141 -96.667 1
534 1 -13.141 -96.667 1
532 1 -13.141 -96.667 1
531 1 -13.141 -96.667 1
591 1 -17.767 -49.957 1
590 1 -17.767 -49.957 1
589 1 -17.767 -49.957 1
120 1 -21.381 -10.602 1
119 1 -21.381 -10.602 1
117 1 -21.381 -10.602 1
116 1 -21.381 -10.602 1
115 1 -21.381 -10.602 1
-1 0 -17.863 9.258 D
2230 2 39.0 236.67733764648438 40 500 41
0 0 -17.863 9.258 D
168 1 -6.671 -36.298 2
167 1 -6.671 -36.298 2
165 1 -6.671 -36.298 2
160 1 -6.671 -36.298 2
159 1 -6.671 -36.298 2
158 1 -6.671 -36.298 2
157 1 -6.671 -36.298 2
156 1 -6.671 -36.298 2
389 1 10.797 -53.784 2
384 1 10.797 -53.784 2
382 1 10.797 -53.784 2
381 1 10.797 -53.784 2
876 1 10.309 -65.625 2
874 1 10.309 -65.625 2
872 1 10.309 -65.625 2
868 1 10.309 -65.625 2
867 1 10.309 -65.625 2
855 1 10.309 -65.625 2
729 1 8.38 -80.713 2
728 1 8.38 -80.713 2
727 1 8.38 -80.713 2
726 1 8.38 -80.713 2
725 1 8.38 -80.713 2
724 1 8.38 -80.713 2
723 1 8.38 -80.713 2
722 1 8.38 -80.713 2
721 1 8.38 -80.713 2
720 1 8.38 -80.713 2
719 1 8.38 -80.713 2
717 1 8.38 -80.713 2
716 1 8.38 -80.713 2
715 1 8.38 -80.713 2
714 1 8.38 -80.713 2
713 1 8.38 -80.713 2
533 1 -13.141 -96.667 2
560 1 -4.053 -78.888 2
553 1 -4.053 -78.888 2
552 1 -4.053 -78.888 2
592 1 -17.767 -49.957 2
-1 0 -17.863 9.258 D
2231 1 19.0 42.18474578857422 20 500 21
0 0 -17.863 9.258 D
648 1 -19.342 1.129 1
647 1 -19.342 1.129 1
645 1 -19.342 1.129 1
644 1 -19.342 1.129 1
642 1 -19.342 1.129 1
641 1 -19.342 1.129 1
640 1 -19.342 1.129 1
2107 1 -15.594 -11.432 1
2106 1 -15.594 -11.432 1
2105 1 -15.594 -11.432 1
2104 1 -15.594 -11.432 1
2103 1 -15.594 -11.432 1
2102 1 -15.594 -11.432 1
2101 1 -15.594 -11.432 1
2100 1 -15.594 -11.432 1
2099 1 -15.594 -11.432 1
2098 1 -15.594 -11.432 1
2097 1 -15.594 -11.432 1
2096 1 -15.594 -11.432 1
-1 0 -17.863 9.258 D
2232 1 19.0 141.552490234375 20 500 21
0 0 -17.863 9.258 D
2295 1 -34.705 -49.426 1
2294 1 -34.705 -49.426 1
171 1 -6.671 -36.298 1
170 1 -6.671 -36.298 1
169 1 -6.671 -36.298 1
166 1 -6.671 -36.298 1
164 1 -6.671 -36.298 1
163 1 -6.671 -36.298 1
162 1 -6.671 -36.298 1
161 1 -6.671 -36.298 1
155 1 -6.671 -36.298 1
154 1 -6.671 -36.298 1
153 1 -6.671 -36.298 1
152 1 -6.671 -36.298 1
151 1 -6.671 -36.298 1
1313 1 -3.943 -35.229 1
1311 1 -3.943 -35.229 1
1310 1 -3.943 -35.229 1
1309 1 -3.943 -35.229 1
-1 0 -17.863 9.258 D
2233 1 19.0 160.1923370361328 20 500 21
0 0 -17.863 9.258 D
869 1 10.309 -65.625 1
866 1 10.309 -65.625 1
865 1 10.309 -65.625 1
864 1 10.309 -65.625 1
863 1 10.309 -65.625 1
862 1 10.309 -65.625 1
861 1 10.309 -65.625 1
860 1 10.309 -65.625 1
859 1 10.309 -65.625 1
858 1 10.309 -65.625 1
857 1 10.309 -65.625 1
856 1 10.309 -65.625 1
854 1 10.309 -65.625 1
853 1 10.309 -65.625 1
852 1 10.309 -65.625 1
1317 1 -3.943 -35.229 1
1316 1 -3.943 -35.229 1
1315 1 -3.943 -35.229 1
1314 1 -3.943 -35.229 1
-1 0 -17.863 9.258 D
2234 1 19.0 209.61883544921875 20 500 21
0 0 -17.863 9.258 D
392 1 10.797 -53.784 1
390 1 10.797 -53.784 1
387 1 10.797 -53.784 1
385 1 10.797 -53.784 1
383 1 10.797 -53.784 1
380 1 10.797 -53.784 1
379 1 10.797 -53.784 1
378 1 10.797 -53.784 1
377 1 10.797 -53.784 1
376 1 10.797 -53.784 1
375 1 10.797 -53.784 1
371 1 10.797 -53.784 1
2406 1 24.768 -86.151 1
2405 1 24.768 -86.151 1
2404 1 24.768 -86.151 1
875 1 10.309 -65.625 1
873 1 10.309 -65.625 1
871 1 10.309 -65.625 1
870 1 10.309 -65.625 1
-1 0 -17.863 9.258 D
2235 2 39.0 141.95040893554688 40 500 41
0 0 -17.863 9.258 D
1510 1 3.485 -18.616 2
1509 1 3.485 -18.616 2
1508 1 3.485 -18.616 2
1506 1 3.485 -18.616 2
1505 1 3.485 -18.616 2
1504 1 3.485 -18.616 2
1503 1 3.485 -18.616 2
10 1 2.948 -20.251 2
1966 1 5.548 -24.408 2
1965 1 5.548 -24.408 2
1964 1 5.548 -24.408 2
1963 1 5.548 -24.408 2
1962 1 5.548 -24.408 2
1961 1 5.548 -24.408 2
1960 1 5.548 -24.408 2
1959 1 5.548 -24.408 2
1958 1 5.548 -24.408 2
1957 1 5.548 -24.408 2
1956 1 5.548 -24.408 2
1955 1 5.548 -24.408 2
1954 1 5.548 -24.408 2
1953 1 5.548 -24.408 2
1952 1 5.548 -24.408 2
1951 1 5.548 -24.408 2
1950 1 5.548 -24.408 2
1949 1 5.548 -24.408 2
1948 1 5.548 -24.408 2
1947 1 5.548 -24.408 2
1946 1 5.548 -24.408 2
1945 1 5.548 -24.408 2
480 1 10.547 -31.482 2
479 1 10.547 -31.482 2
391 1 10.797 -53.784 2
767 1 0.513 -30.981 2
763 1 0.513 -30.981 2
762 1 0.513 -30.981 2
761 1 0.513 -30.981 2
759 1 0.513 -30.981 2
757 1 0.513 -30.981 2
-1 0 -17.863 9.258 D
2236 1 19.0 159.56227111816406 20 500 21
0 0 -17.863 9.258 D
2368 1 26.868 -55.914 1
769 1 0.513 -30.981 1
768 1 0.513 -30.981 1
766 1 0.513 -30.981 1
765 1 0.513 -30.981 1
764 1 0.513 -30.981 1
760 1 0.513 -30.981 1
758 1 0.513 -30.981 1
756 1 0.513 -30.981 1
755 1 0.513 -30.981 1
754 1 0.513 -30.981 1
753 1 0.513 -30.981 1
752 1 0.513 -30.981 1
751 1 0.513 -30.981 1
750 1 0.513 -30.981 1
749 1 0.513 -30.981 1
748 1 0.513 -30.981 1
747 1 0.513 -30.981 1
746 1 0.513 -30.981 1
-1 0 -17.863 9.258 D
2237 4 59.0 178.10623168945312 60 500 61
0 0 -17.863 9.258 D
133 1 -22.058 -8.765 4
121 1 -22.058 -8.765 4
1270 1 7.928 -33.582 4
1269 1 7.928 -33.582 4
1268 1 7.928 -33.582 4
1267 1 7.928 -33.582 4
1266 1 7.928 -33.582 4
1265 1 7.928 -33.582 4
1264 1 7.928 -33.582 4
1263 1 7.928 -33.582 4
1262 1 7.928 -33.582 4
1260 1 7.928 -33.582 4
996 1 23.676 -63.177 4
995 1 23.676 -63.177 4
994 1 23.676 -63.177 4
993 1 23.676 -63.177 4
992 1 23.676 -63.177 4
991 1 23.676 -63.177 4
989 1 23.676 -63.177 4
988 1 23.676 -63.177 4
987 1 23.676 -63.177 4
986 1 23.676 -63.177 4
985 1 23.676 -63.177 4
983 1 23.676 -63.177 4
982 1 23.676 -63.177 4
980 1 23.676 -63.177 4
979 1 23.676 -63.177 4
977 1 23.676 -63.177 4
975 1 23.676 -63.177 4
1494 1 18.976 -40.289 4
1493 1 18.976 -40.289 4
1492 1 18.976 -40.289 4
1491 1 18.976 -40.289 4
1490 1 18.976 -40.289 4
1489 1 18.976 -40.289 4
1488 1 18.976 -40.289 4
1487 1 18.976 -40.289 4
1486 1 18.976 -40.289 4
1485 1 18.976 -40.289 4
1484 1 18.976 -40.289 4
1483 1 18.976 -40.289 4
1482 1 18.976 -40.289 4
1481 1 18.976 -40.289 4
1480 1 18.976 -40.289 4
1477 1 18.976 -40.289 4
1476 1 18.976 -40.289 4
1475 1 18.976 -40.289 4
1474 1 18.976 -40.289 4
1973 1 16.333 -32.629 4
1972 1 16.333 -32.629 4
1971 1 16.333 -32.629 4
1970 1 16.333 -32.629 4
1969 1 16.333 -32.629 4
1968 1 16.333 -32.629 4
1967 1 16.333 -32.629 4
482 1 10.547 -31.482 4
1515 1 3.485 -18.616 4
1511 1 3.485 -18.616 4
1507 1 3.485 -18.616 4
-1 0 -17.863 9.258 D
2238 1 19.0 214.8700408935547 20 500 21
0 0 -17.863 9.258 D
11 1 2.948 -20.251 1
9 1 2.948 -20.251 1
7 1 2.948 -20.251 1
6 1 2.948 -20.251 1
5 1 2.948 -20.251 1
484 1 10.547 -31.482 1
483 1 10.547 -31.482 1
481 1 10.547 -31.482 1
478 1 10.547 -31.482 1
477 1 10.547 -31.482 1
2369 1 26.868 -55.914 1
735 1 51.917 -71.155 1
734 1 51.917 -71.155 1
732 1 51.917 -71.155 1
731 1 51.917 -71.155 1
730 1 51.917 -71.155 1
1113 1 40.186 -57.477 1
1112 1 40.186 -57.477 1
1867 1 1.501 -14.636 1
-1 0 -17.863 9.258 D
2239 2 39.0 249.8882293701172 40 500 41
0 0 -17.863 9.258 D
1514 1 3.485 -18.616 2
1513 1 3.485 -18.616 2
1512 1 3.485 -18.616 2
244 1 12.341 -23.999 2
239 1 12.341 -23.999 2
233 1 12.341 -23.999 2
225 1 12.341 -23.999 2
200 1 17.767 -31.0 2
363 1 28.534 -43.945 2
361 1 28.534 -43.945 2
355 1 28.534 -43.945 2
352 1 28.534 -43.945 2
2162 1 35.76 -50.83 2
2161 1 35.76 -50.83 2
2160 1 35.76 -50.83 2
2159 1 35.76 -50.83 2
2158 1 35.76 -50.83 2
2157 1 35.76 -50.83 2
2156 1 35.76 -50.83 2
2155 1 35.76 -50.83 2
2154 1 35.76 -50.83 2
2153 1 35.76 -50.83 2
2152 1 35.76 -50.83 2
2151 1 35.76 -50.83 2
1117 1 40.186 -57.477 2
1111 1 40.186 -57.477 2
733 1 51.917 -71.155 2
1236 1 69.287 -77.911 2
1227 1 69.287 -77.911 2
1836 1 48.303 -47.656 2
1835 1 48.303 -47.656 2
1834 1 48.303 -47.656 2
1831 1 48.303 -47.656 2
1830 1 48.303 -47.656 2
1829 1 48.303 -47.656 2
1828 1 48.303 -47.656 2
1827 1 48.303 -47.656 2
1826 1 48.303 -47.656 2
1825 1 48.303 -47.656 2
-1 0 -17.863 9.258 D
2240 4 59.0 264.03289794921875 60 500 61
0 0 -17.863 9.258 D
8 1 2.948 -20.251 4
4 1 2.948 -20.251 4
242 1 12.341 -23.999 4
229 1 12.341 -23.999 4
222 1 12.341 -23.999 4
1974 1 16.333 -32.629 4
215 1 17.767 -31.0 4
208 1 17.767 -31.0 4
202 1 17.767 -31.0 4
201 1 17.767 -31.0 4
1351 1 31.042 -33.923 4
1349 1 31.042 -33.923 4
1348 1 31.042 -33.923 4
1347 1 31.042 -33.923 4
1346 1 31.042 -33.923 4
1344 1 31.042 -33.923 4
1343 1 31.042 -33.923 4
1341 1 31.042 -33.923 4
1340 1 31.042 -33.923 4
1338 1 31.042 -33.923 4
1337 1 31.042 -33.923 4
1333 1 31.042 -33.923 4
637 1 42.529 -41.534 4
634 1 42.529 -41.534 4
1833 1 48.303 -47.656 4
1832 1 48.303 -47.656 4
1824 1 48.303 -47.656 4
1823 1 48.303 -47.656 4
1253 1 66.772 -51.709 4
1250 1 66.772 -51.709 4
965 1 89.532 -53.479 4
964 1 89.532 -53.479 4
963 1 89.532 -53.479 4
139 1 41.406 -32.452 4
137 1 41.406 -32.452 4
1664 1 33.972 -24.603 4
1663 1 33.972 -24.603 4
1662 1 33.972 -24.603 4
2261 1 18.707 -24.5 4
2260 1 18.707 -24.5 4
2259 1 18.707 -24.5 4
2258 1 18.707 -24.5 4
2257 1 18.707 -24.5 4
2256 1 18.707 -24.5 4
2255 1 18.707 -24.5 4
2254 1 18.707 -24.5 4
851 1 11.005 -19.946 4
849 1 11.005 -19.946 4
848 1 11.005 -19.946 4
847 1 11.005 -19.946 4
846 1 11.005 -19.946 4
845 1 11.005 -19.946 4
844 1 11.005 -19.946 4
843 1 11.005 -19.946 4
841 1 11.005 -19.946 4
839 1 11.005 -19.946 4
838 1 11.005 -19.946 4
837 1 11.005 -19.946 4
836 1 11.005 -19.946 4
-1 0 -17.863 9.258 D
2241 1 19.0 183.47988891601562 20 500 21
0 0 -17.863 9.258 D
638 1 42.529 -41.534 1
636 1 42.529 -41.534 1
635 1 42.529 -41.534 1
633 1 42.529 -41.534 1
631 1 42.529 -41.534 1
630 1 42.529 -41.534 1
629 1 42.529 -41.534 1
628 1 42.529 -41.534 1
626 1 42.529 -41.534 1
625 1 42.529 -41.534 1
624 1 42.529 -41.534 1
623 1 42.529 -41.534 1
622 1 42.529 -41.534 1
621 1 42.529 -41.534 1
620 1 42.529 -41.534 1
1116 1 40.186 -57.477 1
1115 1 40.186 -57.477 1
1114 1 40.186 -57.477 1
199 1 17.767 -31.0 1
-1 0 -17.863 9.258 D
2242 1 19.0 107.5437240600586 20 500 21
0 0 -17.863 9.258 D
230 1 12.341 -23.999 1
228 1 12.341 -23.999 1
227 1 12.341 -23.999 1
226 1 12.341 -23.999 1
224 1 12.341 -23.999 1
223 1 12.341 -23.999 1
221 1 12.341 -23.999 1
216 1 17.767 -31.0 1
214 1 17.767 -31.0 1
213 1 17.767 -31.0 1
212 1 17.767 -31.0 1
211 1 17.767 -31.0 1
210 1 17.767 -31.0 1
209 1 17.767 -31.0 1
207 1 17.767 -31.0 1
206 1 17.767 -31.0 1
205 1 17.767 -31.0 1
204 1 17.767 -31.0 1
203 1 17.767 -31.0 1
-1 0 -17.863 9.258 D
2243 1 19.0 98.20907592773438 20 500 21
0 0 -17.863 9.258 D
1706 1 15.729 -26.508 1
1705 1 15.729 -26.508 1
1704 1 15.729 -26.508 1
1703 1 15.729 -26.508 1
1702 1 15.729 -26.508 1
1701 1 15.729 -26.508 1
1700 1 15.729 -26.508 1
1699 1 15.729 -26.508 1
245 1 12.341 -23.999 1
243 1 12.341 -23.999 1
241 1 12.341 -23.999 1
240 1 12.341 -23.999 1
238 1 12.341 -23.999 1
237 1 12.341 -23.999 1
236 1 12.341 -23.999 1
235 1 12.341 -23.999 1
234 1 12.341 -23.999 1
232 1 12.341 -23.999 1
231 1 12.341 -23.999 1
-1 0 -17.863 9.258 D
2244 1 19.0 246.56402587890625 20 500 21
0 0 -17.863 9.258 D
1234 1 69.287 -77.911 1
1233 1 69.287 -77.911 1
1232 1 69.287 -77.911 1
1231 1 69.287 -77.911 1
1230 1 69.287 -77.911 1
1229 1 69.287 -77.911 1
1228 1 69.287 -77.911 1
1226 1 69.287 -77.911 1
1225 1 69.287 -77.911 1
1720 1 15.729 -26.508 1
1719 1 15.729 -26.508 1
1718 1 15.729 -26.508 1
1717 1 15.729 -26.508 1
1716 1 15.729 -26.508 1
1715 1 15.729 -26.508 1
1714 1 15.729 -26.508 1
1713 1 15.729 -26.508 1
1712 1 15.729 -26.508 1
1707 1 15.729 -26.508 1
-1 0 -17.863 9.258 D
2245 1 19.0 153.761962890625 20 500 21
0 0 -17.863 9.258 D
351 1 27.069 -17.627 1
772 1 22.046 -13.397 1
771 1 22.046 -13.397 1
770 1 22.046 -13.397 1
1085 1 31.061 -38.373 1
1084 1 31.061 -38.373 1
1083 1 31.061 -38.373 1
1082 1 31.061 -38.373 1
1081 1 31.061 -38.373 1
1080 1 31.061 -38.373 1
1079 1 31.061 -38.373 1
1078 1 31.061 -38.373 1
1077 1 31.061 -38.373 1
1076 1 31.061 -38.373 1
1075 1 31.061 -38.373 1
1074 1 31.061 -38.373 1
1073 1 31.061 -38.373 1
1072 1 31.061 -38.373 1
1070 1 31.061 -38.373 1
-1 0 -17.863 9.258 D
2246 1 19.0 144.99114990234375 20 500 21
0 0 -17.863 9.258 D
370 1 28.534 -43.945 1
369 1 28.534 -43.945 1
368 1 28.534 -43.945 1
367 1 28.534 -43.945 1
366 1 28.534 -43.945 1
365 1 28.534 -43.945 1
364 1 28.534 -43.945 1
362 1 28.534 -43.945 1
360 1 28.534 -43.945 1
359 1 28.534 -43.945 1
358 1 28.534 -43.945 1
357 1 28.534 -43.945 1
356 1 28.534 -43.945 1
354 1 28.534 -43.945 1
353 1 28.534 -43.945 1
1090 1 31.061 -38.373 1
1089 1 31.061 -38.373 1
1088 1 31.061 -38.373 1
1087 1 31.061 -38.373 1
-1 0 -17.863 9.258 D
2247 2 39.0 213.42860412597656 40 500 41
0 0 -17.863 9.258 D
1528 1 26.807 -26.422 2
1527 1 26.807 -26.422 2
632 1 42.529 -41.534 2
627 1 42.529 -41.534 2
619 1 42.529 -41.534 2
618 1 42.529 -41.534 2
1842 1 48.303 -47.656 2
1841 1 48.303 -47.656 2
1840 1 48.303 -47.656 2
1839 1 48.303 -47.656 2
1838 1 48.303 -47.656 2
1837 1 48.303 -47.656 2
1252 1 66.772 -51.709 2
1251 1 66.772 -51.709 2
1249 1 66.772 -51.709 2
1248 1 66.772 -51.709 2
1247 1 66.772 -51.709 2
1246 1 66.772 -51.709 2
1245 1 66.772 -51.709 2
1244 1 66.772 -51.709 2
1243 1 66.772 -51.709 2
1242 1 66.772 -51.709 2
1241 1 66.772 -51.709 2
1240 1 66.772 -51.709 2
2113 1 60.101 -38.263 2
2112 1 60.101 -38.263 2
2111 1 60.101 -38.263 2
2110 1 60.101 -38.263 2
2109 1 60.101 -38.263 2
2108 1 60.101 -38.263 2
141 1 41.406 -32.452 2
140 1 41.406 -32.452 2
135 1 41.406 -32.452 2
789 1 28.656 -22.156 2
788 1 28.656 -22.156 2
787 1 28.656 -22.156 2
784 1 28.656 -22.156 2
1069 1 1.813 -4.907 2
1068 1 1.813 -4.907 2
-1 0 -17.863 9.258 D
2248 1 19.0 262.74481201171875 20 500 21
0 0 -17.863 9.258 D
1453 1 60.449 -30.676 1
1452 1 60.449 -30.676 1
1451 1 60.449 -30.676 1
1449 1 60.449 -30.676 1
1447 1 60.449 -30.676 1
1446 1 60.449 -30.676 1
1445 1 60.449 -30.676 1
1443 1 60.449 -30.676 1
1239 1 69.287 -77.911 1
1238 1 69.287 -77.911 1
1237 1 69.287 -77.911 1
1235 1 69.287 -77.911 1
639 1 42.529 -41.534 1
145 1 41.406 -32.452 1
144 1 41.406 -32.452 1
143 1 41.406 -32.452 1
142 1 41.406 -32.452 1
138 1 41.406 -32.452 1
136 1 41.406 -32.452 1
-1 0 -17.863 9.258 D
2249 1 19.0 144.9949951171875 20 500 21
0 0 -17.863 9.258 D
791 1 28.656 -22.156 1
790 1 28.656 -22.156 1
786 1 28.656 -22.156 1
785 1 28.656 -22.156 1
783 1 28.656 -22.156 1
782 1 28.656 -22.156 1
781 1 28.656 -22.156 1
780 1 28.656 -22.156 1
779 1 28.656 -22.156 1
778 1 28.656 -22.156 1
777 1 28.656 -22.156 1
776 1 28.656 -22.156 1
775 1 28.656 -22.156 1
774 1 28.656 -22.156 1
773 1 28.656 -22.156 1
149 1 41.406 -32.452 1
148 1 41.406 -32.452 1
147 1 41.406 -32.452 1
146 1 41.406 -32.452 1
-1 0 -17.863 9.258 D
2250 1 19.0 144.9500732421875 20 500 21
0 0 -17.863 9.258 D
350 1 27.069 -17.627 1
348 1 27.069 -17.627 1
347 1 27.069 -17.627 1
341 1 27.069 -17.627 1
340 1 27.069 -17.627 1
339 1 27.069 -17.627 1
337 1 27.069 -17.627 1
336 1 27.069 -17.627 1
335 1 27.069 -17.627 1
334 1 27.069 -17.627 1
1524 1 43.085 -29.81 1
1521 1 43.085 -29.81 1
1519 1 43.085 -29.81 1
1517 1 43.085 -29.81 1
1516 1 43.085 -29.81 1
795 1 28.656 -22.156 1
794 1 28.656 -22.156 1
793 1 28.656 -22.156 1
792 1 28.656 -22.156 1
-1 0 -17.863 9.258 D
2251 2 39.0 186.9864959716797 40 500 41
0 0 -17.863 9.258 D
284 1 19.897 -9.216 2
283 1 19.897 -9.216 2
282 1 19.897 -9.216 2
1938 1 23.895 -12.463 2
1937 1 23.895 -12.463 2
1936 1 23.895 -12.463 2
1935 1 23.895 -12.463 2
1934 1 23.895 -12.463 2
1933 1 23.895 -12.463 2
1932 1 23.895 -12.463 2
1931 1 23.895 -12.463 2
1930 1 23.895 -12.463 2
1929 1 23.895 -12.463 2
1928 1 23.895 -12.463 2
1926 1 23.895 -12.463 2
1925 1 23.895 -12.463 2
1924 1 23.895 -12.463 2
1923 1 23.895 -12.463 2
1922 1 23.895 -12.463 2
1921 1 23.895 -12.463 2
1919 1 23.895 -12.463 2
1918 1 23.895 -12.463 2
1917 1 23.895 -12.463 2
1122 1 27.374 -14.917 2
1450 1 60.449 -30.676 2
1448 1 60.449 -30.676 2
1444 1 60.449 -30.676 2
2120 1 60.101 -38.263 2
2119 1 60.101 -38.263 2
2118 1 60.101 -38.263 2
2117 1 60.101 -38.263 2
2116 1 60.101 -38.263 2
2115 1 60.101 -38.263 2
2114 1 60.101 -38.263 2
349 1 27.069 -17.627 2
346 1 27.069 -17.627 2
345 1 27.069 -17.627 2
342 1 27.069 -17.627 2
338 1 27.069 -17.627 2
-1 0 -17.863 9.258 D
2252 1 19.0 119.98099517822266 20 500 21
0 0 -17.863 9.258 D
1538 1 26.807 -26.422 1
1537 1 26.807 -26.422 1
1536 1 26.807 -26.422 1
1535 1 26.807 -26.422 1
1534 1 26.807 -26.422 1
1533 1 26.807 -26.422 1
1532 1 26.807 -26.422 1
1531 1 26.807 -26.422 1
1530 1 26.807 -26.422 1
1529 1 26.807 -26.422 1
1526 1 26.807 -26.422 1
1525 1 26.807 -26.422 1
1125 1 27.374 -14.917 1
1124 1 27.374 -14.917 1
1123 1 27.374 -14.917 1
1121 1 27.374 -14.917 1
1120 1 27.374 -14.917 1
1119 1 27.374 -14.917 1
1118 1 27.374 -14.917 1
-1 0 -17.863 9.258 D
2253 4 58.0 271.21307373046875 60 500 60
0 0 -17.863 9.258 D
344 1 27.069 -17.627 4
343 1 27.069 -17.627 4
1927 1 23.895 -12.463 4
1920 1 23.895 -12.463 4
308 1 26.147 -12.207 4
1895 1 33.313 -9.253 4
1894 1 33.313 -9.253 4
1892 1 33.313 -9.253 4
1891 1 33.313 -9.253 4
1890 1 33.313 -9.253 4
1889 1 33.313 -9.253 4
1888 1 33.313 -9.253 4
972 1 89.532 -53.479 4
971 1 89.532 -53.479 4
968 1 89.532 -53.479 4
967 1 89.532 -53.479 4
966 1 89.532 -53.479 4
1687 1 52.417 -18.445 4
1685 1 52.417 -18.445 4
1684 1 52.417 -18.445 4
1683 1 52.417 -18.445 4
1682 1 52.417 -18.445 4
1681 1 52.417 -18.445 4
1679 1 52.417 -18.445 4
1678 1 52.417 -18.445 4
1677 1 52.417 -18.445 4
1675 1 52.417 -18.445 4
1673 1 52.417 -18.445 4
1672 1 52.417 -18.445 4
1671 1 52.417 -18.445 4
1670 1 52.417 -18.445 4
1669 1 52.417 -18.445 4
1668 1 52.417 -18.445 4
1667 1 52.417 -18.445 4
1666 1 52.417 -18.445 4
1665 1 52.417 -18.445 4
931 1 36.548 1.031 4
924 1 36.548 1.031 4
2046 1 27.655 3.101 4
2045 1 27.655 3.101 4
2044 1 27.655 3.101 4
2043 1 27.655 3.101 4
2042 1 27.655 3.101 4
2041 1 27.655 3.101 4
2040 1 27.655 3.101 4
2039 1 27.655 3.101 4
2038 1 27.655 3.101 4
2037 1 27.655 3.101 4
2036 1 27.655 3.101 4
2035 1 27.655 3.101 4
2034 1 27.655 3.101 4
2033 1 27.655 3.101 4
2032 1 27.655 3.101 4
2031 1 27.655 3.101 4
2030 1 27.655 3.101 4
2029 1 27.655 3.101 4
450 1 19.434 4.73 4
449 1 19.434 4.73 4
-1 0 -17.863 9.258 D
2254 8 59.0 497.88739013671875 60 500 61
0 0 -17.863 9.258 D
693 1 85.083 16.327 8
1893 1 33.313 -9.253 8
1686 1 52.417 -18.445 8
1680 1 52.417 -18.445 8
1676 1 52.417 -18.445 8
1674 1 52.417 -18.445 8
2150 1 98.914 -31.921 8
2149 1 98.914 -31.921 8
2148 1 98.914 -31.921 8
2147 1 98.914 -31.921 8
2146 1 98.914 -31.921 8
2145 1 98.914 -31.921 8
2144 1 98.914 -31.921 8
2143 1 98.914 -31.921 8
2142 1 98.914 -31.921 8
2141 1 98.914 -31.921 8
2140 1 98.914 -31.921 8
2139 1 98.914 -31.921 8
2138 1 98.914 -31.921 8
2137 1 98.914 -31.921 8
2136 1 98.914 -31.921 8
2135 1 98.914 -31.921 8
970 1 89.532 -53.479 8
969 1 89.532 -53.479 8
2342 1 91.473 -89.404 8
2341 1 91.473 -89.404 8
2340 1 91.473 -89.404 8
2339 1 91.473 -89.404 8
2338 1 91.473 -89.404 8
2337 1 91.473 -89.404 8
2336 1 91.473 -89.404 8
2335 1 91.473 -89.404 8
2334 1 91.473 -89.404 8
2095 1 38.818 -17.389 8
2094 1 38.818 -17.389 8
2093 1 38.818 -17.389 8
2092 1 38.818 -17.389 8
2091 1 38.818 -17.389 8
2090 1 38.818 -17.389 8
2089 1 38.818 -17.389 8
2088 1 38.818 -17.389 8
2087 1 38.818 -17.389 8
2086 1 38.818 -17.389 8
1711 1 15.729 -26.508 8
1710 1 15.729 -26.508 8
1709 1 15.729 -26.508 8
1708 1 15.729 -26.508 8
1261 1 7.928 -33.582 8
1312 1 -3.943 -35.229 8
1308 1 -3.943 -35.229 8
1307 1 -3.943 -35.229 8
1306 1 -3.943 -35.229 8
1600 1 -38.171 -14.099 8
1591 1 -38.171 -14.099 8
1742 1 -34.674 -8.313 8
1739 1 -34.674 -8.313 8
1732 1 -34.674 -8.313 8
1730 1 -34.674 -8.313 8
1726 1 -34.674 -8.313 8
-1 0 -17.863 9.258 D
2255 1 19.0 182.06326293945312 20 500 21
0 0 -17.863 9.258 D
1822 1 17.615 -2.563 1
297 1 19.897 -9.216 1
296 1 19.897 -9.216 1
293 1 19.897 -9.216 1
292 1 19.897 -9.216 1
291 1 19.897 -9.216 1
290 1 19.897 -9.216 1
289 1 19.897 -9.216 1
288 1 19.897 -9.216 1
286 1 19.897 -9.216 1
285 1 19.897 -9.216 1
1454 1 60.449 -30.676 1
455 1 19.434 4.73 1
454 1 19.434 4.73 1
453 1 19.434 4.73 1
452 1 19.434 4.73 1
451 1 19.434 4.73 1
446 1 19.434 4.73 1
444 1 19.434 4.73 1
-1 0 -17.863 9.258 D
2256 2 38.0 292.26348876953125 40 500 40
0 0 -17.863 9.258 D
263 1 -39.502 6.25 2
260 1 -39.502 6.25 2
257 1 -39.502 6.25 2
253 1 -39.502 6.25 2
220 1 -49.341 7.861 2
217 1 -49.341 7.861 2
1324 1 -71.057 -17.004 2
1323 1 -71.057 -17.004 2
1318 1 -71.057 -17.004 2
1882 1 -80.255 39.062 2
1881 1 -80.255 39.062 2
1880 1 -80.255 39.062 2
2058 1 18.616 -3.699 2
2057 1 18.616 -3.699 2
2056 1 18.616 -3.699 2
2055 1 18.616 -3.699 2
2054 1 18.616 -3.699 2
2053 1 18.616 -3.699 2
2052 1 18.616 -3.699 2
2051 1 18.616 -3.699 2
2050 1 18.616 -3.699 2
2049 1 18.616 -3.699 2
2048 1 18.616 -3.699 2
2047 1 18.616 -3.699 2
298 1 19.897 -9.216 2
295 1 19.897 -9.216 2
294 1 19.897 -9.216 2
287 1 19.897 -9.216 2
2333 1 26.434 -4.578 2
2332 1 26.434 -4.578 2
2331 1 26.434 -4.578 2
2330 1 26.434 -4.578 2
2329 1 26.434 -4.578 2
2328 1 26.434 -4.578 2
2327 1 26.434 -4.578 2
2326 1 26.434 -4.578 2
2325 1 26.434 -4.578 2
445 1 19.434 4.73 2
-1 0 -17.863 9.258 D
2257 2 39.0 422.198974609375 40 500 41
0 0 -17.863 9.258 D
643 1 -19.342 1.129 2
1009 1 -37.421 -35.944 2
1003 1 -37.421 -35.944 2
1770 1 -33.002 -60.052 2
1769 1 -33.002 -60.052 2
1768 1 -33.002 -60.052 2
1766 1 -33.002 -60.052 2
1765 1 -33.002 -60.052 2
1764 1 -33.002 -60.052 2
1763 1 -33.002 -60.052 2
1760 1 -33.002 -60.052 2
1758 1 -33.002 -60.052 2
1756 1 -33.002 -60.052 2
1755 1 -33.002 -60.052 2
1754 1 -33.002 -60.052 2
1753 1 -33.002 -60.052 2
448 1 19.434 4.73 2
447 1 19.434 4.73 2
936 1 36.548 1.031 2
935 1 36.548 1.031 2
934 1 36.548 1.031 2
933 1 36.548 1.031 2
932 1 36.548 1.031 2
930 1 36.548 1.031 2
929 1 36.548 1.031 2
928 1 36.548 1.031 2
927 1 36.548 1.031 2
926 1 36.548 1.031 2
925 1 36.548 1.031 2
923 1 36.548 1.031 2
922 1 36.548 1.031 2
88 1 62.915 78.546 2
81 1 62.915 78.546 2
78 1 62.915 78.546 2
100 1 62.915 78.546 2
93 1 62.915 78.546 2
89 1 62.915 78.546 2
1411 1 74.457 6.378 2
1501 1 -0.104 8.582 2
-1 0 -17.863 9.258 D
2258 1 19.0 210.11044311523438 20 500 21
0 0 -17.863 9.258 D
695 1 85.083 16.327 1
694 1 85.083 16.327 1
692 1 85.083 16.327 1
691 1 85.083 16.327 1
1420 1 74.457 6.378 1
1419 1 74.457 6.378 1
1418 1 74.457 6.378 1
1417 1 74.457 6.378 1
1416 1 74.457 6.378 1
1415 1 74.457 6.378 1
1414 1 74.457 6.378 1
1413 1 74.457 6.378 1
1412 1 74.457 6.378 1
1502 1 -0.104 8.582 1
1500 1 -0.104 8.582 1
1499 1 -0.104 8.582 1
1498 1 -0.104 8.582 1
1497 1 -0.104 8.582 1
1496 1 -0.104 8.582 1
-1 0 -17.863 9.258 D
