2432
1 1 1 -1.41 38.47 1
2 2 1 -1.41 38.47 1
3 2 1 -1.41 38.47 1
4 4 1 2.948 -20.251 2
5 1 1 2.948 -20.251 2
6 1 1 2.948 -20.251 2
7 1 1 2.948 -20.251 2
8 4 1 2.948 -20.251 2
9 1 1 2.948 -20.251 2
10 2 1 2.948 -20.251 2
11 1 1 2.948 -20.251 2
12 4 1 -32.855 20.105 3
13 2 1 -32.855 20.105 3
14 1 1 -32.855 20.105 3
15 1 1 -32.855 20.105 3
16 1 1 -32.855 20.105 3
17 2 1 -32.855 20.105 3
18 2 1 -10.516 26.233 4
19 1 1 -10.516 26.233 4
20 1 1 -10.516 26.233 4
21 1 1 -10.516 26.233 4
22 1 1 -10.516 26.233 4
23 1 1 -10.516 26.233 4
24 1 1 -10.516 26.233 4
25 4 1 -10.516 26.233 4
26 1 1 -28.339 59.308 5
27 1 1 -28.339 59.308 5
28 1 1 -28.339 59.308 5
29 1 1 -28.339 59.308 5
30 2 1 -28.339 59.308 5
31 1 1 -28.339 59.308 5
32 1 1 -28.339 59.308 5
33 2 1 -28.339 59.308 5
34 1 1 -28.339 59.308 5
35 4 1 -28.339 59.308 5
36 1 1 -28.339 59.308 5
37 1 1 -28.339 59.308 5
38 1 1 -28.339 59.308 5
39 2 1 -40.582 51.685 6
40 1 1 -40.582 51.685 6
41 1 1 -40.582 51.685 6
42 2 1 -40.582 51.685 6
43 2 1 -40.582 51.685 6
44 1 1 -40.582 51.685 6
45 1 1 -40.582 51.685 6
46 1 1 -40.582 51.685 6
47 1 1 -40.582 51.685 6
48 1 1 -40.582 51.685 6
49 4 1 -40.582 51.685 6
50 1 1 -40.582 51.685 6
51 1 1 -40.582 51.685 6
52 2 1 -40.582 51.685 6
53 1 1 -40.582 51.685 6
54 1 1 -40.582 51.685 6
55 1 1 -40.582 51.685 6
56 1 1 -40.582 51.685 6
57 1 1 -40.582 51.685 6
58 1 1 -40.582 51.685 6
59 2 1 -31.183 40.466 7
60 1 1 -31.183 40.466 7
61 1 1 -31.183 40.466 7
62 4 1 -31.183 40.466 7
63 1 1 -31.183 40.466 7
64 1 1 -31.183 40.466 7
65 1 1 -31.183 40.466 7
66 1 1 -31.183 40.466 7
67 1 1 -31.183 40.466 7
68 1 1 -31.183 40.466 7
69 4 1 -31.183 40.466 7
70 1 1 -31.183 40.466 7
71 4 1 -31.183 40.466 7
72 1 1 -31.183 40.466 7
73 2 1 -31.183 40.466 7
74 1 1 -31.183 40.466 7
75 2 1 -31.183 40.466 7
76 1 1 -31.183 40.466 7
77 1 1 62.915 78.546 8
78 2 1 62.915 78.546 8
79 4 1 62.915 78.546 8
80 1 1 62.915 78.546 8
81 2 1 62.915 78.546 8
82 1 1 62.915 78.546 8
83 1 1 62.915 78.546 8
84 1 1 62.915 78.546 8
85 1 1 62.915 78.546 8
86 1 1 62.915 78.546 8
87 1 1 62.915 78.546 8
88 2 1 62.915 78.546 8
89 2 1 62.915 78.546 8
90 1 1 62.915 78.546 8
91 1 1 62.915 78.546 8
92 4 1 62.915 78.546 8
93 2 1 62.915 78.546 8
94 4 1 62.915 78.546 8
95 1 1 62.915 78.546 8
96 1 1 62.915 78.546 8
97 1 1 62.915 78.546 8
98 1 1 62.915 78.546 8
99 1 1 62.915 78.546 8
100 2 1 62.915 78.546 8
101 1 1 -21.381 -10.602 9
102 1 1 -21.381 -10.602 9
103 2 1 -21.381 -10.602 9
104 1 1 -21.381 -10.602 9
105 1 1 -21.381 -10.602 9
106 1 1 -21.381 -10.602 9
107 1 1 -21.381 -10.602 9
108 1 1 -21.381 -10.602 9
109 2 1 -21.381 -10.602 9
110 1 1 -21.381 -10.602 9
111 1 1 -21.381 -10.602 9
112 4 1 -21.381 -10.602 9
113 1 1 -21.381 -10.602 9
114 1 1 -21.381 -10.602 9
115 1 1 -21.381 -10.602 9
116 1 1 -21.381 -10.602 9
117 1 1 -21.381 -10.602 9
118 4 1 -21.381 -10.602 9
119 1 1 -21.381 -10.602 9
120 1 1 -21.381 -10.602 9
121 4 1 -22.058 -8.765 10
122 2 1 -22.058 -8.765 10
123 1 1 -22.058 -8.765 10
124 1 1 -22.058 -8.765 10
125 1 1 -22.058 -8.765 10
126 2 1 -22.058 -8.765 10
127 2 1 -22.058 -8.765 10
128 1 1 -22.058 -8.765 10
129 1 1 -22.058 -8.765 10
130 1 1 -22.058 -8.765 10
131 2 1 -22.058 -8.765 10
132 1 1 -22.058 -8.765 10
133 4 1 -22.058 -8.765 10
134 1 1 -22.058 -8.765 10
135 2 1 41.406 -32.452 11
136 1 1 41.406 -32.452 11
137 4 1 41.406 -32.452 11
138 1 1 41.406 -32.452 11
139 4 1 41.406 -32.452 11
140 2 1 41.406 -32.452 11
141 2 1 41.406 -32.452 11
142 1 1 41.406 -32.452 11
143 1 1 41.406 -32.452 11
144 1 1 41.406 -32.452 11
145 1 1 41.406 -32.452 11
146 1 1 41.406 -32.452 11
147 1 1 41.406 -32.452 11
148 1 1 41.406 -32.452 11
149 1 1 41.406 -32.452 11
150 1 1 -5.786 14.954 12
151 1 1 -6.671 -36.298 13
152 1 1 -6.671 -36.298 13
153 1 1 -6.671 -36.298 13
154 1 1 -6.671 -36.298 13
155 1 1 -6.671 -36.298 13
156 2 1 -6.671 -36.298 13
157 2 1 -6.671 -36.298 13
158 2 1 -6.671 -36.298 13
159 2 1 -6.671 -36.298 13
160 2 1 -6.671 -36.298 13
161 1 1 -6.671 -36.298 13
162 1 1 -6.671 -36.298 13
163 1 1 -6.671 -36.298 13
164 1 1 -6.671 -36.298 13
165 2 1 -6.671 -36.298 13
166 1 1 -6.671 -36.298 13
167 2 1 -6.671 -36.298 13
168 2 1 -6.671 -36.298 13
169 1 1 -6.671 -36.298 13
170 1 1 -6.671 -36.298 13
171 1 1 -6.671 -36.298 13
172 4 1 -53.668 33.014 14
173 4 1 -53.668 33.014 14
174 1 1 -53.668 33.014 14
175 1 1 -53.668 33.014 14
176 1 1 -53.668 33.014 14
177 1 1 -53.668 33.014 14
178 2 1 -53.668 33.014 14
179 1 1 -53.668 33.014 14
180 1 1 -53.668 33.014 14
181 1 1 -53.668 33.014 14
182 1 1 -53.668 33.014 14
183 1 1 -53.668 33.014 14
184 1 1 -53.668 33.014 14
185 4 1 -53.668 33.014 14
186 1 1 -53.668 33.014 14
187 1 1 6.342 81.238 15
188 1 1 6.342 81.238 15
189 1 1 6.342 81.238 15
190 1 1 6.342 81.238 15
191 1 1 6.342 81.238 15
192 1 1 6.342 81.238 15
193 1 1 6.342 81.238 15
194 2 1 6.342 81.238 15
195 2 1 6.342 81.238 15
196 1 1 6.342 81.238 15
197 1 1 6.342 81.238 15
198 2 1 6.342 81.238 15
199 1 1 17.767 -31.0 16
200 2 1 17.767 -31.0 16
201 4 1 17.767 -31.0 16
202 4 1 17.767 -31.0 16
203 1 1 17.767 -31.0 16
204 1 1 17.767 -31.0 16
205 1 1 17.767 -31.0 16
206 1 1 17.767 -31.0 16
207 1 1 17.767 -31.0 16
208 4 1 17.767 -31.0 16
209 1 1 17.767 -31.0 16
210 1 1 17.767 -31.0 16
211 1 1 17.767 -31.0 16
212 1 1 17.767 -31.0 16
213 1 1 17.767 -31.0 16
214 1 1 17.767 -31.0 16
215 4 1 17.767 -31.0 16
216 1 1 17.767 -31.0 16
217 2 1 -49.341 7.861 17
218 1 1 -49.341 7.861 17
219 1 1 -49.341 7.861 17
220 2 1 -49.341 7.861 17
221 1 1 12.341 -23.999 18
222 4 1 12.341 -23.999 18
223 1 1 12.341 -23.999 18
224 1 1 12.341 -23.999 18
225 2 1 12.341 -23.999 18
226 1 1 12.341 -23.999 18
227 1 1 12.341 -23.999 18
228 1 1 12.341 -23.999 18
229 4 1 12.341 -23.999 18
230 1 1 12.341 -23.999 18
231 1 1 12.341 -23.999 18
232 1 1 12.341 -23.999 18
233 2 1 12.341 -23.999 18
234 1 1 12.341 -23.999 18
235 1 1 12.341 -23.999 18
236 1 1 12.341 -23.999 18
237 1 1 12.341 -23.999 18
238 1 1 12.341 -23.999 18
239 2 1 12.341 -23.999 18
240 1 1 12.341 -23.999 18
241 1 1 12.341 -23.999 18
242 4 1 12.341 -23.999 18
243 1 1 12.341 -23.999 18
244 2 1 12.341 -23.999 18
245 1 1 12.341 -23.999 18
246 1 1 -39.502 6.25 19
247 1 1 -39.502 6.25 19
248 1 1 -39.502 6.25 19
249 1 1 -39.502 6.25 19
250 1 1 -39.502 6.25 19
251 1 1 -39.502 6.25 19
252 1 1 -39.502 6.25 19
253 2 1 -39.502 6.25 19
254 1 1 -39.502 6.25 19
255 1 1 -39.502 6.25 19
256 4 1 -39.502 6.25 19
257 2 1 -39.502 6.25 19
258 1 1 -39.502 6.25 19
259 1 1 -39.502 6.25 19
260 2 1 -39.502 6.25 19
261 1 1 -39.502 6.25 19
262 1 1 -39.502 6.25 19
263 2 1 -39.502 6.25 19
264 1 1 -39.502 6.25 19
265 1 1 -39.502 6.25 19
266 1 1 -39.502 6.25 19
267 1 1 7.117 14.441 20
268 1 1 7.117 14.441 20
269 2 1 7.117 14.441 20
270 1 1 7.117 14.441 20
271 1 1 7.117 14.441 20
272 4 1 7.117 14.441 20
273 2 1 7.117 14.441 20
274 1 1 7.117 14.441 20
275 1 1 7.117 14.441 20
276 2 1 7.117 14.441 20
277 1 1 7.117 14.441 20
278 2 1 7.117 14.441 20
279 1 1 7.117 14.441 20
280 1 1 7.117 14.441 20
281 1 1 7.117 14.441 20
282 2 1 19.897 -9.216 21
283 2 1 19.897 -9.216 21
284 2 1 19.897 -9.216 21
285 1 1 19.897 -9.216 21
286 1 1 19.897 -9.216 21
287 2 1 19.897 -9.216 21
288 1 1 19.897 -9.216 21
289 1 1 19.897 -9.216 21
290 1 1 19.897 -9.216 21
291 1 1 19.897 -9.216 21
292 1 1 19.897 -9.216 21
293 1 1 19.897 -9.216 21
294 2 1 19.897 -9.216 21
295 2 1 19.897 -9.216 21
296 1 1 19.897 -9.216 21
297 1 1 19.897 -9.216 21
298 2 1 19.897 -9.216 21
299 4 1 -24.402 29.694 22
300 1 1 -24.402 29.694 22
301 1 1 -24.402 29.694 22
302 1 1 -24.402 29.694 22
303 1 1 -24.402 29.694 22
304 2 1 -24.402 29.694 22
305 1 1 -24.402 29.694 22
306 1 1 -24.402 29.694 22
307 2 1 -24.402 29.694 22
308 4 1 26.147 -12.207 23
309 1 1 31.183 40.344 24
310 1 1 31.183 40.344 24
311 1 1 31.183 40.344 24
312 1 1 31.183 40.344 24
313 1 1 31.183 40.344 24
314 1 1 31.183 40.344 24
315 1 1 31.183 40.344 24
316 1 1 31.183 40.344 24
317 1 1 31.183 40.344 24
318 1 1 31.183 40.344 24
319 4 1 31.183 40.344 24
320 1 1 31.183 40.344 24
321 1 1 31.183 40.344 24
322 1 1 31.183 40.344 24
323 2 1 31.183 40.344 24
324 4 1 31.183 40.344 24
325 1 1 31.183 40.344 24
326 1 1 31.183 40.344 24
327 1 1 31.183 40.344 24
328 1 1 31.183 40.344 24
329 4 1 31.183 40.344 24
330 1 1 31.183 40.344 24
331 1 1 31.183 40.344 24
332 1 1 31.183 40.344 24
333 4 1 31.183 40.344 24
334 1 1 27.069 -17.627 25
335 1 1 27.069 -17.627 25
336 1 1 27.069 -17.627 25
337 1 1 27.069 -17.627 25
338 2 1 27.069 -17.627 25
339 1 1 27.069 -17.627 25
340 1 1 27.069 -17.627 25
341 1 1 27.069 -17.627 25
342 2 1 27.069 -17.627 25
343 4 1 27.069 -17.627 25
344 4 1 27.069 -17.627 25
345 2 1 27.069 -17.627 25
346 2 1 27.069 -17.627 25
347 1 1 27.069 -17.627 25
348 1 1 27.069 -17.627 25
349 2 1 27.069 -17.627 25
350 1 1 27.069 -17.627 25
351 1 1 27.069 -17.627 25
352 2 1 28.534 -43.945 26
353 1 1 28.534 -43.945 26
354 1 1 28.534 -43.945 26
355 2 1 28.534 -43.945 26
356 1 1 28.534 -43.945 26
357 1 1 28.534 -43.945 26
358 1 1 28.534 -43.945 26
359 1 1 28.534 -43.945 26
360 1 1 28.534 -43.945 26
361 2 1 28.534 -43.945 26
362 1 1 28.534 -43.945 26
363 2 1 28.534 -43.945 26
364 1 1 28.534 -43.945 26
365 1 1 28.534 -43.945 26
366 1 1 28.534 -43.945 26
367 1 1 28.534 -43.945 26
368 1 1 28.534 -43.945 26
369 1 1 28.534 -43.945 26
370 1 1 28.534 -43.945 26
371 1 1 10.797 -53.784 27
372 4 1 10.797 -53.784 27
373 4 1 10.797 -53.784 27
374 4 1 10.797 -53.784 27
375 1 1 10.797 -53.784 27
376 1 1 10.797 -53.784 27
377 1 1 10.797 -53.784 27
378 1 1 10.797 -53.784 27
379 1 1 10.797 -53.784 27
380 1 1 10.797 -53.784 27
381 2 1 10.797 -53.784 27
382 2 1 10.797 -53.784 27
383 1 1 10.797 -53.784 27
384 2 1 10.797 -53.784 27
385 1 1 10.797 -53.784 27
386 4 1 10.797 -53.784 27
387 1 1 10.797 -53.784 27
388 4 1 10.797 -53.784 27
389 2 1 10.797 -53.784 27
390 1 1 10.797 -53.784 27
391 2 1 10.797 -53.784 27
392 1 1 10.797 -53.784 27
393 1 1 -85.785 29.449 28
394 1 1 -85.785 29.449 28
395 1 1 -17.273 72.626 29
396 1 1 -17.273 72.626 29
397 1 1 -35.657 -24.512 30
398 1 1 -35.657 -24.512 30
399 2 1 -35.657 -24.512 30
400 1 1 -35.657 -24.512 30
401 1 1 -35.657 -24.512 30
402 1 1 -35.657 -24.512 30
403 1 1 -35.657 -24.512 30
404 2 1 -35.657 -24.512 30
405 1 1 -35.657 -24.512 30
406 1 1 -35.657 -24.512 30
407 2 1 -35.657 -24.512 30
408 1 1 -35.657 -24.512 30
409 1 1 -35.657 -24.512 30
410 1 1 -35.657 -24.512 30
411 1 1 -35.657 -24.512 30
412 1 1 -35.657 -24.512 30
413 1 1 -35.657 -24.512 30
414 1 1 -35.657 -24.512 30
415 1 1 -35.657 -24.512 30
416 2 1 -35.657 -24.512 30
417 1 1 -35.657 -24.512 30
418 1 1 -35.657 -24.512 30
419 1 1 -35.657 -24.512 30
420 1 1 -26.807 42.059 31
421 1 1 -26.807 42.059 31
422 2 1 -26.807 42.059 31
423 1 1 -26.807 42.059 31
424 1 1 -26.807 42.059 31
425 4 1 -26.807 42.059 31
426 1 1 -26.807 42.059 31
427 1 1 -26.807 42.059 31
428 1 1 -26.807 42.059 31
429 1 1 -26.807 42.059 31
430 1 1 -26.807 42.059 31
431 1 1 -26.807 42.059 31
432 1 1 -26.807 42.059 31
433 1 1 -26.807 42.059 31
434 1 1 -26.807 42.059 31
435 4 1 -26.807 42.059 31
436 1 1 -26.807 42.059 31
437 1 1 -26.807 42.059 31
438 4 1 -26.807 42.059 31
439 1 1 -26.807 42.059 31
440 1 1 -26.807 42.059 31
441 1 1 -26.807 42.059 31
442 1 1 -26.807 42.059 31
443 1 1 -26.807 42.059 31
444 1 1 19.434 4.73 32
445 2 1 19.434 4.73 32
446 1 1 19.434 4.73 32
447 2 1 19.434 4.73 32
448 2 1 19.434 4.73 32
449 4 1 19.434 4.73 32
450 4 1 19.434 4.73 32
451 1 1 19.434 4.73 32
452 1 1 19.434 4.73 32
453 1 1 19.434 4.73 32
454 1 1 19.434 4.73 32
455 1 1 19.434 4.73 32
456 4 1 -47.821 30.426 33
457 1 1 -47.821 30.426 33
458 1 1 -47.821 30.426 33
459 1 1 -47.821 30.426 33
460 1 1 -47.821 30.426 33
461 1 1 -47.821 30.426 33
462 1 1 -47.821 30.426 33
463 4 1 -47.821 30.426 33
464 1 1 -47.821 30.426 33
465 1 1 -47.821 30.426 33
466 2 1 -47.821 30.426 33
467 1 1 -47.821 30.426 33
468 1 1 -47.821 30.426 33
469 1 1 -47.821 30.426 33
470 1 1 -47.821 30.426 33
471 2 1 -47.821 30.426 33
472 1 1 -47.821 30.426 33
473 2 1 -47.821 30.426 33
474 1 1 -47.821 30.426 33
475 1 1 -47.821 30.426 33
476 1 1 -47.821 30.426 33
477 1 1 10.547 -31.482 34
478 1 1 10.547 -31.482 34
479 2 1 10.547 -31.482 34
480 2 1 10.547 -31.482 34
481 1 1 10.547 -31.482 34
482 4 1 10.547 -31.482 34
483 1 1 10.547 -31.482 34
484 1 1 10.547 -31.482 34
485 2 1 -38.544 19.873 35
486 1 1 -38.544 19.873 35
487 1 1 -38.544 19.873 35
488 2 1 -38.544 19.873 35
489 1 1 -38.544 19.873 35
490 1 1 -38.544 19.873 35
491 1 1 -38.544 19.873 35
492 1 1 -38.544 19.873 35
493 2 1 -38.544 19.873 35
494 1 1 -38.544 19.873 35
495 1 1 -38.544 19.873 35
496 2 1 -38.544 19.873 35
497 1 1 -38.544 19.873 35
498 1 1 -38.544 19.873 35
499 1 1 -38.544 19.873 35
500 2 1 -38.544 19.873 35
501 1 1 -38.544 19.873 35
502 1 1 -38.544 19.873 35
503 2 1 -38.544 19.873 35
504 1 1 -38.544 19.873 35
505 2 1 -38.544 19.873 35
506 1 1 -27.972 15.851 36
507 1 1 -27.972 15.851 36
508 1 1 -47.919 73.254 37
509 1 1 -47.919 73.254 37
510 2 1 -47.919 73.254 37
511 1 1 -47.919 73.254 37
512 4 1 -47.919 73.254 37
513 2 1 -47.919 73.254 37
514 4 1 -47.919 73.254 37
515 1 1 -47.919 73.254 37
516 1 1 -47.919 73.254 37
517 4 1 -47.919 73.254 37
518 1 1 -47.919 73.254 37
519 1 1 -47.919 73.254 37
520 1 1 -47.919 73.254 37
521 1 1 -47.919 73.254 37
522 2 1 -47.919 73.254 37
523 1 1 -47.919 73.254 37
524 1 1 -47.919 73.254 37
525 2 1 -47.919 73.254 37
526 1 1 -47.919 73.254 37
527 1 1 -47.919 73.254 37
528 1 1 -47.919 73.254 37
529 4 1 -47.919 73.254 37
530 1 1 -47.919 73.254 37
531 1 1 -13.141 -96.667 38
532 1 1 -13.141 -96.667 38
533 2 1 -13.141 -96.667 38
534 1 1 -13.141 -96.667 38
535 1 1 -13.141 -96.667 38
536 4 1 -13.141 -96.667 38
537 1 1 -13.141 -96.667 38
538 1 1 -13.141 -96.667 38
539 1 1 -13.141 -96.667 38
540 1 1 -13.141 -96.667 38
541 1 1 -13.141 -96.667 38
542 1 1 -13.141 -96.667 38
543 1 1 -13.141 -96.667 38
544 2 1 9.131 37.061 39
545 1 1 9.131 37.061 39
546 2 1 9.131 37.061 39
547 1 1 9.131 37.061 39
548 1 1 9.131 37.061 39
549 1 1 -4.053 -78.888 40
550 1 1 -4.053 -78.888 40
551 1 1 -4.053 -78.888 40
552 2 1 -4.053 -78.888 40
553 2 1 -4.053 -78.888 40
554 1 1 -4.053 -78.888 40
555 1 1 -4.053 -78.888 40
556 1 1 -4.053 -78.888 40
557 1 1 -4.053 -78.888 40
558 1 1 -4.053 -78.888 40
559 1 1 -4.053 -78.888 40
560 2 1 -4.053 -78.888 40
561 4 1 -27.838 32.208 41
562 1 1 -27.838 32.208 41
563 2 1 -27.838 32.208 41
564 1 1 -27.838 32.208 41
565 1 1 -27.838 32.208 41
566 1 1 -27.838 32.208 41
567 1 1 -27.838 32.208 41
568 1 1 -27.838 32.208 41
569 1 1 -27.838 32.208 41
570 1 1 -27.838 32.208 41
571 1 1 -27.838 32.208 41
572 1 1 -27.838 32.208 41
573 1 1 -27.838 32.208 41
574 1 1 -27.838 32.208 41
575 2 1 -27.838 32.208 41
576 1 1 -27.838 32.208 41
577 1 1 -27.838 32.208 41
578 2 1 -50.439 41.803 42
579 1 1 -50.439 41.803 42
580 2 1 -50.439 41.803 42
581 1 1 -50.439 41.803 42
582 1 1 -50.439 41.803 42
583 1 1 -50.439 41.803 42
584 1 1 -50.439 41.803 42
585 1 1 -50.439 41.803 42
586 1 1 -50.439 41.803 42
587 4 1 -50.439 41.803 42
588 1 1 -50.439 41.803 42
589 1 1 -17.767 -49.957 43
590 1 1 -17.767 -49.957 43
591 1 1 -17.767 -49.957 43
592 2 1 -17.767 -49.957 43
593 4 1 -17.767 -49.957 43
594 1 1 -16.132 20.935 44
595 2 1 -16.132 20.935 44
596 1 1 -16.132 20.935 44
597 1 1 -16.132 20.935 44
598 2 1 -16.132 20.935 44
599 1 1 -16.132 20.935 44
600 4 1 -16.132 20.935 44
601 1 1 -16.132 20.935 44
602 2 1 -33.234 36.536 45
603 1 1 -33.234 36.536 45
604 1 1 -33.234 36.536 45
605 1 1 -33.234 36.536 45
606 2 1 -33.234 36.536 45
607 2 1 -33.234 36.536 45
608 4 1 -33.234 36.536 45
609 1 1 -33.234 36.536 45
610 1 1 -33.234 36.536 45
611 1 1 -33.234 36.536 45
612 1 1 -33.234 36.536 45
613 1 1 -33.234 36.536 45
614 2 1 -33.234 36.536 45
615 4 1 -33.234 36.536 45
616 1 1 -33.234 36.536 45
617 1 1 -33.234 36.536 45
618 2 1 42.529 -41.534 46
619 2 1 42.529 -41.534 46
620 1 1 42.529 -41.534 46
621 1 1 42.529 -41.534 46
622 1 1 42.529 -41.534 46
623 1 1 42.529 -41.534 46
624 1 1 42.529 -41.534 46
625 1 1 42.529 -41.534 46
626 1 1 42.529 -41.534 46
627 2 1 42.529 -41.534 46
628 1 1 42.529 -41.534 46
629 1 1 42.529 -41.534 46
630 1 1 42.529 -41.534 46
631 1 1 42.529 -41.534 46
632 2 1 42.529 -41.534 46
633 1 1 42.529 -41.534 46
634 4 1 42.529 -41.534 46
635 1 1 42.529 -41.534 46
636 1 1 42.529 -41.534 46
637 4 1 42.529 -41.534 46
638 1 1 42.529 -41.534 46
639 1 1 42.529 -41.534 46
640 1 1 -19.342 1.129 47
641 1 1 -19.342 1.129 47
642 1 1 -19.342 1.129 47
643 2 1 -19.342 1.129 47
644 1 1 -19.342 1.129 47
645 1 1 -19.342 1.129 47
646 4 1 -19.342 1.129 47
647 1 1 -19.342 1.129 47
648 1 1 -19.342 1.129 47
649 2 1 -11.493 12.109 48
650 1 1 -11.493 12.109 48
651 1 1 -67.175 5.92 49
652 1 1 -67.175 5.92 49
653 1 1 -67.175 5.92 49
654 1 1 -67.175 5.92 49
655 1 1 -67.175 5.92 49
656 1 1 -67.175 5.92 49
657 1 1 -71.765 44.427 50
658 1 1 -71.765 44.427 50
659 1 1 -71.765 44.427 50
660 1 1 -71.765 44.427 50
661 1 1 -71.765 44.427 50
662 1 1 -71.765 44.427 50
663 1 1 -71.765 44.427 50
664 1 1 -71.765 44.427 50
665 1 1 -71.765 44.427 50
666 1 1 -71.765 44.427 50
667 1 1 -71.765 44.427 50
668 1 1 -71.765 44.427 50
669 1 1 -71.765 44.427 50
670 1 1 -71.765 44.427 50
671 1 1 -71.765 44.427 50
672 1 1 -71.765 44.427 50
673 1 1 -71.765 44.427 50
674 8 1 -71.765 44.427 50
675 1 1 -71.765 44.427 50
676 1 1 -71.765 44.427 50
677 1 1 -71.765 44.427 50
678 1 1 -71.765 44.427 50
679 8 1 -71.765 44.427 50
680 1 1 -71.765 44.427 50
681 1 1 -71.765 44.427 50
682 1 1 -98.322 39.105 51
683 1 1 -98.322 39.105 51
684 1 1 -98.322 39.105 51
685 8 1 -98.322 39.105 51
686 1 1 -98.322 39.105 51
687 1 1 -98.322 39.105 51
688 1 1 -98.322 39.105 51
689 1 1 -98.322 39.105 51
690 1 1 -98.322 39.105 51
691 1 1 85.083 16.327 52
692 1 1 85.083 16.327 52
693 8 1 85.083 16.327 52
694 1 1 85.083 16.327 52
695 1 1 85.083 16.327 52
696 1 1 0.757 27.405 53
697 1 1 0.757 27.405 53
698 1 1 0.757 27.405 53
699 1 1 0.757 27.405 53
700 1 1 0.757 27.405 53
701 8 1 0.757 27.405 53
702 1 1 0.757 27.405 53
703 1 1 0.757 27.405 53
704 1 1 0.757 27.405 53
705 1 1 0.757 27.405 53
706 1 1 0.757 27.405 53
707 1 1 0.757 27.405 53
708 1 1 0.757 27.405 53
709 1 1 0.757 27.405 53
710 8 1 0.757 27.405 53
711 8 1 0.757 27.405 53
712 4 1 8.38 -80.713 54
713 2 1 8.38 -80.713 54
714 2 1 8.38 -80.713 54
715 2 1 8.38 -80.713 54
716 2 1 8.38 -80.713 54
717 2 1 8.38 -80.713 54
718 4 1 8.38 -80.713 54
719 2 1 8.38 -80.713 54
720 2 1 8.38 -80.713 54
721 2 1 8.38 -80.713 54
722 2 1 8.38 -80.713 54
723 2 1 8.38 -80.713 54
724 2 1 8.38 -80.713 54
725 2 1 8.38 -80.713 54
726 2 1 8.38 -80.713 54
727 2 1 8.38 -80.713 54
728 2 1 8.38 -80.713 54
729 2 1 8.38 -80.713 54
730 1 1 51.917 -71.155 55
731 1 1 51.917 -71.155 55
732 1 1 51.917 -71.155 55
733 2 1 51.917 -71.155 55
734 1 1 51.917 -71.155 55
735 1 1 51.917 -71.155 55
736 4 1 -33.997 -20.868 56
737 4 1 -33.997 -20.868 56
738 8 1 -33.997 -20.868 56
739 4 1 -33.997 -20.868 56
740 4 1 -33.997 -20.868 56
741 4 1 -33.997 -20.868 56
742 8 1 -33.997 -20.868 56
743 4 1 -33.997 -20.868 56
744 4 1 -33.997 -20.868 56
745 4 1 -33.997 -20.868 56
746 1 1 0.513 -30.981 57
747 1 1 0.513 -30.981 57
748 1 1 0.513 -30.981 57
749 1 1 0.513 -30.981 57
750 1 1 0.513 -30.981 57
751 1 1 0.513 -30.981 57
752 1 1 0.513 -30.981 57
753 1 1 0.513 -30.981 57
754 1 1 0.513 -30.981 57
755 1 1 0.513 -30.981 57
756 1 1 0.513 -30.981 57
757 2 1 0.513 -30.981 57
758 1 1 0.513 -30.981 57
759 2 1 0.513 -30.981 57
760 1 1 0.513 -30.981 57
761 2 1 0.513 -30.981 57
762 2 1 0.513 -30.981 57
763 2 1 0.513 -30.981 57
764 1 1 0.513 -30.981 57
765 1 1 0.513 -30.981 57
766 1 1 0.513 -30.981 57
767 2 1 0.513 -30.981 57
768 1 1 0.513 -30.981 57
769 1 1 0.513 -30.981 57
770 1 1 22.046 -13.397 58
771 1 1 22.046 -13.397 58
772 1 1 22.046 -13.397 58
773 1 1 28.656 -22.156 59
774 1 1 28.656 -22.156 59
775 1 1 28.656 -22.156 59
776 1 1 28.656 -22.156 59
777 1 1 28.656 -22.156 59
778 1 1 28.656 -22.156 59
779 1 1 28.656 -22.156 59
780 1 1 28.656 -22.156 59
781 1 1 28.656 -22.156 59
782 1 1 28.656 -22.156 59
783 1 1 28.656 -22.156 59
784 2 1 28.656 -22.156 59
785 1 1 28.656 -22.156 59
786 1 1 28.656 -22.156 59
787 2 1 28.656 -22.156 59
788 2 1 28.656 -22.156 59
789 2 1 28.656 -22.156 59
790 1 1 28.656 -22.156 59
791 1 1 28.656 -22.156 59
792 1 1 28.656 -22.156 59
793 1 1 28.656 -22.156 59
794 1 1 28.656 -22.156 59
795 1 1 28.656 -22.156 59
796 1 1 24.67 28.107 60
797 1 1 24.67 28.107 60
798 1 1 24.67 28.107 60
799 1 1 24.67 28.107 60
800 1 1 24.67 28.107 60
801 1 1 24.67 28.107 60
802 1 1 24.67 28.107 60
803 1 1 24.67 28.107 60
804 1 1 24.67 28.107 60
805 1 1 24.67 28.107 60
806 1 1 24.67 28.107 60
807 1 1 24.67 28.107 60
808 1 1 24.67 28.107 60
809 1 1 24.67 28.107 60
810 1 1 24.67 28.107 60
811 1 1 24.67 28.107 60
812 1 1 24.67 28.107 60
813 2 1 24.67 28.107 60
814 1 1 24.67 28.107 60
815 1 1 24.67 28.107 60
816 1 1 24.67 28.107 60
817 2 1 24.67 28.107 60
818 1 1 -89.88 39.508 61
819 1 1 -89.88 39.508 61
820 1 1 -89.88 39.508 61
821 1 1 -89.88 39.508 61
822 1 1 -89.88 39.508 61
823 1 1 -89.88 39.508 61
824 2 1 -37.097 70.959 62
825 4 1 -37.097 70.959 62
826 2 1 -37.097 70.959 62
827 2 1 -37.097 70.959 62
828 2 1 -37.097 70.959 62
829 2 1 -37.097 70.959 62
830 2 1 -37.097 70.959 62
831 4 1 -37.097 70.959 62
832 2 1 -37.097 70.959 62
833 2 1 -37.097 70.959 62
834 2 1 -37.097 70.959 62
835 8 1 11.005 -19.946 63
836 4 1 11.005 -19.946 63
837 4 1 11.005 -19.946 63
838 4 1 11.005 -19.946 63
839 4 1 11.005 -19.946 63
840 8 1 11.005 -19.946 63
841 4 1 11.005 -19.946 63
842 8 1 11.005 -19.946 63
843 4 1 11.005 -19.946 63
844 4 1 11.005 -19.946 63
845 4 1 11.005 -19.946 63
846 4 1 11.005 -19.946 63
847 4 1 11.005 -19.946 63
848 4 1 11.005 -19.946 63
849 4 1 11.005 -19.946 63
850 8 1 11.005 -19.946 63
851 4 1 11.005 -19.946 63
852 1 1 10.309 -65.625 64
853 1 1 10.309 -65.625 64
854 1 1 10.309 -65.625 64
855 2 1 10.309 -65.625 64
856 1 1 10.309 -65.625 64
857 1 1 10.309 -65.625 64
858 1 1 10.309 -65.625 64
859 1 1 10.309 -65.625 64
860 1 1 10.309 -65.625 64
861 1 1 10.309 -65.625 64
862 1 1 10.309 -65.625 64
863 1 1 10.309 -65.625 64
864 1 1 10.309 -65.625 64
865 1 1 10.309 -65.625 64
866 1 1 10.309 -65.625 64
867 2 1 10.309 -65.625 64
868 2 1 10.309 -65.625 64
869 1 1 10.309 -65.625 64
870 1 1 10.309 -65.625 64
871 1 1 10.309 -65.625 64
872 2 1 10.309 -65.625 64
873 1 1 10.309 -65.625 64
874 2 1 10.309 -65.625 64
875 1 1 10.309 -65.625 64
876 2 1 10.309 -65.625 64
877 4 1 -69.287 41.223 65
878 4 1 -69.287 41.223 65
879 4 1 -69.287 41.223 65
880 4 1 -69.287 41.223 65
881 4 1 -69.287 41.223 65
882 4 1 -69.287 41.223 65
883 4 1 -69.287 41.223 65
884 4 1 -69.287 41.223 65
885 4 1 -69.287 41.223 65
886 4 1 -69.287 41.223 65
887 4 1 -69.287 41.223 65
888 4 1 -69.287 41.223 65
889 4 1 -69.287 41.223 65
890 4 1 -69.287 41.223 65
891 4 1 -69.287 41.223 65
892 4 1 -69.287 41.223 65
893 4 1 -69.287 41.223 65
894 4 1 -69.287 41.223 65
895 4 1 -69.287 41.223 65
896 4 1 -69.287 41.223 65
897 2 1 -45.929 -8.801 66
898 2 1 -45.929 -8.801 66
899 2 1 -45.929 -8.801 66
900 2 1 -45.929 -8.801 66
901 2 1 -45.929 -8.801 66
902 2 1 -45.929 -8.801 66
903 2 1 -45.929 -8.801 66
904 2 1 -45.929 -8.801 66
905 2 1 -45.929 -8.801 66
906 2 1 -45.929 -8.801 66
907 2 1 -45.929 -8.801 66
908 2 1 -45.929 -8.801 66
909 2 1 -45.929 -8.801 66
910 4 1 -45.929 -8.801 66
911 2 1 -45.929 -8.801 66
912 2 1 -45.929 -8.801 66
913 2 1 -45.929 -8.801 66
914 2 1 -45.929 -8.801 66
915 4 1 -45.929 -8.801 66
916 2 1 -45.929 -8.801 66
917 4 1 -45.929 -8.801 66
918 2 1 -45.929 -8.801 66
919 2 1 -45.929 -8.801 66
920 2 1 -45.929 -8.801 66
921 2 1 -45.929 -8.801 66
922 2 1 36.548 1.031 67
923 2 1 36.548 1.031 67
924 4 1 36.548 1.031 67
925 2 1 36.548 1.031 67
926 2 1 36.548 1.031 67
927 2 1 36.548 1.031 67
928 2 1 36.548 1.031 67
929 2 1 36.548 1.031 67
930 2 1 36.548 1.031 67
931 4 1 36.548 1.031 67
932 2 1 36.548 1.031 67
933 2 1 36.548 1.031 67
934 2 1 36.548 1.031 67
935 2 1 36.548 1.031 67
936 2 1 36.548 1.031 67
937 1 1 -44.592 18.787 68
938 1 1 -44.592 18.787 68
939 1 1 -44.592 18.787 68
940 1 1 -44.592 18.787 68
941 2 1 -44.592 18.787 68
942 1 1 -44.592 18.787 68
943 1 1 -44.592 18.787 68
944 1 1 -44.592 18.787 68
945 1 1 -44.592 18.787 68
946 1 1 -44.592 18.787 68
947 1 1 -44.592 18.787 68
948 1 1 -44.592 18.787 68
949 1 1 -44.592 18.787 68
950 1 1 -44.592 18.787 68
951 1 1 -44.592 18.787 68
952 1 1 -44.592 18.787 68
953 1 1 -44.592 18.787 68
954 2 1 -44.592 18.787 68
955 1 1 -44.592 18.787 68
956 1 1 -44.592 18.787 68
957 1 1 -28.937 6.421 69
958 1 1 -28.937 6.421 69
959 1 1 -28.937 6.421 69
960 1 1 -28.937 6.421 69
961 8 1 -28.937 6.421 69
962 8 1 -28.937 6.421 69
963 4 1 89.532 -53.479 70
964 4 1 89.532 -53.479 70
965 4 1 89.532 -53.479 70
966 4 1 89.532 -53.479 70
967 4 1 89.532 -53.479 70
968 4 1 89.532 -53.479 70
969 8 1 89.532 -53.479 70
970 8 1 89.532 -53.479 70
971 4 1 89.532 -53.479 70
972 4 1 89.532 -53.479 70
973 4 1 23.676 -63.177 71
974 4 1 23.676 -63.177 71
975 4 1 23.676 -63.177 71
976 8 1 23.676 -63.177 71
977 4 1 23.676 -63.177 71
978 8 1 23.676 -63.177 71
979 4 1 23.676 -63.177 71
980 4 1 23.676 -63.177 71
981 8 1 23.676 -63.177 71
982 4 1 23.676 -63.177 71
983 4 1 23.676 -63.177 71
984 8 1 23.676 -63.177 71
985 4 1 23.676 -63.177 71
986 4 1 23.676 -63.177 71
987 4 1 23.676 -63.177 71
988 4 1 23.676 -63.177 71
989 4 1 23.676 -63.177 71
990 8 1 23.676 -63.177 71
991 4 1 23.676 -63.177 71
992 4 1 23.676 -63.177 71
993 4 1 23.676 -63.177 71
994 4 1 23.676 -63.177 71
995 4 1 23.676 -63.177 71
996 4 1 23.676 -63.177 71
997 1 1 -37.421 -35.944 72
998 1 1 -37.421 -35.944 72
999 1 1 -37.421 -35.944 72
1000 1 1 -37.421 -35.944 72
1001 1 1 -37.421 -35.944 72
1002 1 1 -37.421 -35.944 72
1003 2 1 -37.421 -35.944 72
1004 1 1 -37.421 -35.944 72
1005 1 1 -37.421 -35.944 72
1006 1 1 -37.421 -35.944 72
1007 1 1 -37.421 -35.944 72
1008 1 1 -37.421 -35.944 72
1009 2 1 -37.421 -35.944 72
1010 1 1 -37.421 -35.944 72
1011 4 1 -47.87 30.127 73
1012 4 1 -47.87 30.127 73
1013 4 1 -47.87 30.127 73
1014 4 1 -47.87 30.127 73
1015 4 1 -47.87 30.127 73
1016 4 1 -47.87 30.127 73
1017 4 1 -47.87 30.127 73
1018 8 1 -47.87 30.127 73
1019 8 1 -47.87 30.127 73
1020 8 1 -47.87 30.127 73
1021 4 1 -47.87 30.127 73
1022 4 1 -74.377 76.648 74
1023 4 1 -74.377 76.648 74
1024 8 1 -74.377 76.648 74
1025 4 1 -74.377 76.648 74
1026 8 1 -74.377 76.648 74
1027 4 1 -74.377 76.648 74
1028 4 1 -74.377 76.648 74
1029 4 1 -74.377 76.648 74
1030 4 1 -74.377 76.648 74
1031 4 1 -74.377 76.648 74
1032 4 1 -74.377 76.648 74
1033 4 1 -74.377 76.648 74
1034 4 1 -74.377 76.648 74
1035 4 1 -74.377 76.648 74
1036 4 1 -74.377 76.648 74
1037 4 1 -74.377 76.648 74
1038 8 1 -74.377 76.648 74
1039 4 1 -74.377 76.648 74
1040 8 1 -74.377 76.648 74
1041 4 1 -74.377 76.648 74
1042 4 1 -8.374 -13.135 75
1043 8 1 -8.374 -13.135 75
1044 4 1 -8.374 -13.135 75
1045 4 1 -8.374 -13.135 75
1046 8 1 -8.374 -13.135 75
1047 4 1 -8.374 -13.135 75
1048 4 1 -8.374 -13.135 75
1049 8 1 -8.374 -13.135 75
1050 8 1 -8.374 -13.135 75
1051 4 1 -8.374 -13.135 75
1052 8 1 -8.374 -13.135 75
1053 4 1 -8.374 -13.135 75
1054 4 1 -8.374 -13.135 75
1055 2 1 34.76 58.545 76
1056 2 1 34.76 58.545 76
1057 2 1 34.76 58.545 76
1058 2 1 34.76 58.545 76
1059 2 1 34.76 58.545 76
1060 2 1 34.76 58.545 76
1061 2 1 34.76 58.545 76
1062 2 1 34.76 58.545 76
1063 2 1 34.76 58.545 76
1064 2 1 34.76 58.545 76
1065 2 1 34.76 58.545 76
1066 2 1 34.76 58.545 76
1067 2 1 34.76 58.545 76
1068 2 1 1.813 -4.907 77
1069 2 1 1.813 -4.907 77
1070 1 1 31.061 -38.373 78
1071 8 1 31.061 -38.373 78
1072 1 1 31.061 -38.373 78
1073 1 1 31.061 -38.373 78
1074 1 1 31.061 -38.373 78
1075 1 1 31.061 -38.373 78
1076 1 1 31.061 -38.373 78
1077 1 1 31.061 -38.373 78
1078 1 1 31.061 -38.373 78
1079 1 1 31.061 -38.373 78
1080 1 1 31.061 -38.373 78
1081 1 1 31.061 -38.373 78
1082 1 1 31.061 -38.373 78
1083 1 1 31.061 -38.373 78
1084 1 1 31.061 -38.373 78
1085 1 1 31.061 -38.373 78
1086 8 1 31.061 -38.373 78
1087 1 1 31.061 -38.373 78
1088 1 1 31.061 -38.373 78
1089 1 1 31.061 -38.373 78
1090 1 1 31.061 -38.373 78
1091 8 1 31.061 -38.373 78
1092 4 1 51.373 14.001 79
1093 2 1 51.373 14.001 79
1094 2 1 51.373 14.001 79
1095 2 1 51.373 14.001 79
1096 2 1 51.373 14.001 79
1097 2 1 51.373 14.001 79
1098 2 1 51.373 14.001 79
1099 2 1 51.373 14.001 79
1100 2 1 51.373 14.001 79
1101 2 1 51.373 14.001 79
1102 2 1 51.373 14.001 79
1103 2 1 51.373 14.001 79
1104 1 1 -44.47 30.817 80
1105 1 1 -44.47 30.817 80
1106 1 1 -44.47 30.817 80
1107 1 1 -44.47 30.817 80
1108 1 1 -44.47 30.817 80
1109 1 1 -44.47 30.817 80
1110 1 1 -44.47 30.817 80
1111 2 1 40.186 -57.477 81
1112 1 1 40.186 -57.477 81
1113 1 1 40.186 -57.477 81
1114 1 1 40.186 -57.477 81
1115 1 1 40.186 -57.477 81
1116 1 1 40.186 -57.477 81
1117 2 1 40.186 -57.477 81
1118 1 1 27.374 -14.917 82
1119 1 1 27.374 -14.917 82
1120 1 1 27.374 -14.917 82
1121 1 1 27.374 -14.917 82
1122 2 1 27.374 -14.917 82
1123 1 1 27.374 -14.917 82
1124 1 1 27.374 -14.917 82
1125 1 1 27.374 -14.917 82
1126 4 1 20.258 -59.399 83
1127 2 1 49.377 25.946 84
1128 4 1 49.377 25.946 84
1129 2 1 49.377 25.946 84
1130 2 1 49.377 25.946 84
1131 4 1 -37.646 26.044 85
1132 4 1 -37.646 26.044 85
1133 8 1 -37.646 26.044 85
1134 4 1 -37.646 26.044 85
1135 4 1 -37.646 26.044 85
1136 8 1 -37.646 26.044 85
1137 4 1 -37.646 26.044 85
1138 4 1 -37.646 26.044 85
1139 4 1 -37.646 26.044 85
1140 4 1 -37.646 26.044 85
1141 4 1 -37.646 26.044 85
1142 4 1 -37.646 26.044 85
1143 4 1 -37.646 26.044 85
1144 4 1 -37.646 26.044 85
1145 4 1 -37.646 26.044 85
1146 4 1 -37.646 26.044 85
1147 4 1 -37.646 26.044 85
1148 4 1 -37.646 26.044 85
1149 4 1 -37.646 26.044 85
1150 4 1 -37.646 26.044 85
1151 4 1 -37.646 26.044 85
1152 4 1 -37.646 26.044 85
1153 4 1 -37.646 26.044 85
1154 4 1 -37.646 26.044 85
1155 1 1 -42.578 5.573 86
1156 1 1 -42.578 5.573 86
1157 1 1 -42.578 5.573 86
1158 1 1 -42.578 5.573 86
1159 1 1 -42.578 5.573 86
1160 1 1 -42.578 5.573 86
1161 4 1 -67.859 -9.814 87
1162 4 1 -67.859 -9.814 87
1163 4 1 -67.859 -9.814 87
1164 4 1 -67.859 -9.814 87
1165 4 1 -67.859 -9.814 87
1166 4 1 -67.859 -9.814 87
1167 4 1 -67.859 -9.814 87
1168 4 1 -67.859 -9.814 87
1169 8 1 -67.859 -9.814 87
1170 4 1 -67.859 -9.814 87
1171 4 1 -67.859 -9.814 87
1172 8 1 -67.859 -9.814 87
1173 4 1 -67.859 -9.814 87
1174 4 1 -67.859 -9.814 87
1175 4 1 -67.859 -9.814 87
1176 4 1 -67.859 -9.814 87
1177 4 1 -67.859 -9.814 87
1178 4 1 -67.859 -9.814 87
1179 4 1 -67.859 -9.814 87
1180 4 1 -67.859 -9.814 87
1181 4 1 -67.859 -9.814 87
1182 8 1 -67.859 -9.814 87
1183 4 1 -67.859 -9.814 87
1184 4 1 -67.859 -9.814 87
1185 4 1 -19.629 61.621 88
1186 4 1 -19.629 61.621 88
1187 4 1 -19.629 61.621 88
1188 4 1 -19.629 61.621 88
1189 4 1 -7.611 -27.032 89
1190 8 1 -7.611 -27.032 89
1191 4 1 -7.611 -27.032 89
1192 4 1 -7.611 -27.032 89
1193 4 1 -7.611 -27.032 89
1194 4 1 -7.611 -27.032 89
1195 4 1 -7.611 -27.032 89
1196 4 1 -7.611 -27.032 89
1197 4 1 -7.611 -27.032 89
1198 8 1 -7.611 -27.032 89
1199 4 1 -7.611 -27.032 89
1200 4 1 -7.611 -27.032 89
1201 4 1 -7.611 -27.032 89
1202 4 1 -7.611 -27.032 89
1203 4 1 -7.611 -27.032 89
1204 4 1 -7.611 -27.032 89
1205 4 1 -7.611 -27.032 89
1206 4 1 -19.092 56.018 90
1207 4 1 -19.092 56.018 90
1208 4 1 -19.092 56.018 90
1209 4 1 -19.092 56.018 90
1210 4 1 -19.092 56.018 90
1211 4 1 -19.092 56.018 90
1212 4 1 -19.092 56.018 90
1213 4 1 -19.092 56.018 90
1214 4 1 -19.092 56.018 90
1215 4 1 -19.092 56.018 90
1216 4 1 -19.092 56.018 90
1217 8 1 -19.092 56.018 90
1218 4 1 -19.092 56.018 90
1219 4 1 -19.092 56.018 90
1220 4 1 -19.092 56.018 90
1221 8 1 -19.092 56.018 90
1222 4 1 -19.092 56.018 90
1223 4 1 -19.092 56.018 90
1224 4 1 -19.092 56.018 90
1225 1 1 69.287 -77.911 91
1226 1 1 69.287 -77.911 91
1227 2 1 69.287 -77.911 91
1228 1 1 69.287 -77.911 91
1229 1 1 69.287 -77.911 91
1230 1 1 69.287 -77.911 91
1231 1 1 69.287 -77.911 91
1232 1 1 69.287 -77.911 91
1233 1 1 69.287 -77.911 91
1234 1 1 69.287 -77.911 91
1235 1 1 69.287 -77.911 91
1236 2 1 69.287 -77.911 91
1237 1 1 69.287 -77.911 91
1238 1 1 69.287 -77.911 91
1239 1 1 69.287 -77.911 91
1240 2 1 66.772 -51.709 92
1241 2 1 66.772 -51.709 92
1242 2 1 66.772 -51.709 92
1243 2 1 66.772 -51.709 92
1244 2 1 66.772 -51.709 92
1245 2 1 66.772 -51.709 92
1246 2 1 66.772 -51.709 92
1247 2 1 66.772 -51.709 92
1248 2 1 66.772 -51.709 92
1249 2 1 66.772 -51.709 92
1250 4 1 66.772 -51.709 92
1251 2 1 66.772 -51.709 92
1252 2 1 66.772 -51.709 92
1253 4 1 66.772 -51.709 92
1254 2 1 -36.047 27.246 93
1255 2 1 -36.047 27.246 93
1256 2 1 -36.047 27.246 93
1257 2 1 -36.047 27.246 93
1258 2 1 -36.047 27.246 93
1259 2 1 -36.047 27.246 93
1260 4 1 7.928 -33.582 94
1261 8 1 7.928 -33.582 94
1262 4 1 7.928 -33.582 94
1263 4 1 7.928 -33.582 94
1264 4 1 7.928 -33.582 94
1265 4 1 7.928 -33.582 94
1266 4 1 7.928 -33.582 94
1267 4 1 7.928 -33.582 94
1268 4 1 7.928 -33.582 94
1269 4 1 7.928 -33.582 94
1270 4 1 7.928 -33.582 94
1271 1 1 -37.366 30.859 95
1272 1 1 -37.366 30.859 95
1273 1 1 -37.366 30.859 95
1274 8 1 -37.366 30.859 95
1275 1 1 -37.366 30.859 95
1276 1 1 -37.366 30.859 95
1277 1 1 -37.366 30.859 95
1278 1 1 -37.366 30.859 95
1279 8 1 -37.366 30.859 95
1280 1 1 -37.366 30.859 95
1281 1 1 -37.366 30.859 95
1282 8 1 -37.366 30.859 95
1283 1 1 -37.366 30.859 95
1284 4 1 -10.748 32.288 96
1285 8 1 -10.748 32.288 96
1286 4 1 -10.748 32.288 96
1287 4 1 -10.748 32.288 96
1288 4 1 -10.748 32.288 96
1289 4 1 -10.748 32.288 96
1290 4 1 -10.748 32.288 96
1291 4 1 -10.748 32.288 96
1292 4 1 -10.748 32.288 96
1293 4 1 -10.748 32.288 96
1294 8 1 -10.748 32.288 96
1295 4 1 -10.748 32.288 96
1296 4 1 -10.748 32.288 96
1297 4 1 -10.748 32.288 96
1298 4 1 -10.748 32.288 96
1299 8 1 -10.748 32.288 96
1300 8 1 -10.748 32.288 96
1301 4 1 -10.748 32.288 96
1302 8 1 -10.748 32.288 96
1303 4 1 -10.748 32.288 96
1304 4 1 -10.748 32.288 96
1305 4 1 -10.748 32.288 96
1306 8 1 -3.943 -35.229 97
1307 8 1 -3.943 -35.229 97
1308 8 1 -3.943 -35.229 97
1309 1 1 -3.943 -35.229 97
1310 1 1 -3.943 -35.229 97
1311 1 1 -3.943 -35.229 97
1312 8 1 -3.943 -35.229 97
1313 1 1 -3.943 -35.229 97
1314 1 1 -3.943 -35.229 97
1315 1 1 -3.943 -35.229 97
1316 1 1 -3.943 -35.229 97
1317 1 1 -3.943 -35.229 97
1318 2 1 -71.057 -17.004 98
1319 1 1 -71.057 -17.004 98
1320 1 1 -71.057 -17.004 98
1321 1 1 -71.057 -17.004 98
1322 1 1 -71.057 -17.004 98
1323 2 1 -71.057 -17.004 98
1324 2 1 -71.057 -17.004 98
1325 1 1 -71.057 -17.004 98
1326 1 1 -71.057 -17.004 98
1327 1 1 -71.057 -17.004 98
1328 1 1 -12.622 16.211 99
1329 1 1 -12.622 16.211 99
1330 8 1 -12.622 16.211 99
1331 8 1 -12.622 16.211 99
1332 1 1 -12.622 16.211 99
1333 4 1 31.042 -33.923 100
1334 8 1 31.042 -33.923 100
1335 8 1 31.042 -33.923 100
1336 8 1 31.042 -33.923 100
1337 4 1 31.042 -33.923 100
1338 4 1 31.042 -33.923 100
1339 8 1 31.042 -33.923 100
1340 4 1 31.042 -33.923 100
1341 4 1 31.042 -33.923 100
1342 8 1 31.042 -33.923 100
1343 4 1 31.042 -33.923 100
1344 4 1 31.042 -33.923 100
1345 8 1 31.042 -33.923 100
1346 4 1 31.042 -33.923 100
1347 4 1 31.042 -33.923 100
1348 4 1 31.042 -33.923 100
1349 4 1 31.042 -33.923 100
1350 8 1 31.042 -33.923 100
1351 4 1 31.042 -33.923 100
1352 1 1 -18.195 9.235 101
1353 1 1 -18.195 9.235 101
1354 1 1 -18.195 9.235 101
1355 2 1 -18.195 9.235 101
1356 1 1 -18.195 9.235 101
1357 1 1 -18.195 9.235 101
1358 1 1 -18.195 9.235 101
1359 1 1 -18.195 9.235 101
1360 2 1 -18.195 9.235 101
1361 1 1 -18.195 9.235 101
1362 1 1 -18.195 9.235 101
1363 1 1 -18.195 9.235 101
1364 2 1 -18.195 9.235 101
1365 1 1 -18.195 9.235 101
1366 1 1 -18.195 9.235 101
1367 1 1 -18.195 9.235 101
1368 1 1 -18.195 9.235 101
1369 1 1 -18.195 9.235 101
1370 2 1 -18.195 9.235 101
1371 1 1 -18.195 9.235 101
1372 1 1 -18.195 9.235 101
1373 1 1 -18.195 9.235 101
1374 1 1 -18.195 9.235 101
1375 4 1 -21.411 -39.404 102
1376 4 1 -21.411 -39.404 102
1377 2 1 -21.411 -39.404 102
1378 2 1 -21.411 -39.404 102
1379 2 1 -21.411 -39.404 102
1380 4 1 -21.411 -39.404 102
1381 1 1 -37.433 43.152 103
1382 1 1 -37.433 43.152 103
1383 8 1 -37.433 43.152 103
1384 1 1 -37.433 43.152 103
1385 1 1 -64.417 43.829 104
1386 8 1 -64.417 43.829 104
1387 1 1 -64.417 43.829 104
1388 1 1 -64.417 43.829 104
1389 1 1 -64.417 43.829 104
1390 1 1 -64.417 43.829 104
1391 8 1 -64.417 43.829 104
1392 1 1 -64.417 43.829 104
1393 1 1 -64.417 43.829 104
1394 1 1 -64.417 43.829 104
1395 1 1 -64.417 43.829 104
1396 1 1 -64.417 43.829 104
1397 1 1 -64.417 43.829 104
1398 8 1 -64.417 43.829 104
1399 8 1 -43.756 30.029 105
1400 1 1 -43.756 30.029 105
1401 1 1 -43.756 30.029 105
1402 8 1 -43.756 30.029 105
1403 8 1 -43.756 30.029 105
1404 8 1 -43.756 30.029 105
1405 1 1 -43.756 30.029 105
1406 1 1 -43.756 30.029 105
1407 1 1 -43.756 30.029 105
1408 1 1 -43.756 30.029 105
1409 1 1 -43.756 30.029 105
1410 1 1 -43.756 30.029 105
1411 2 1 74.457 6.378 106
1412 1 1 74.457 6.378 106
1413 1 1 74.457 6.378 106
1414 1 1 74.457 6.378 106
1415 1 1 74.457 6.378 106
1416 1 1 74.457 6.378 106
1417 1 1 74.457 6.378 106
1418 1 1 74.457 6.378 106
1419 1 1 74.457 6.378 106
1420 1 1 74.457 6.378 106
1421 2 1 -25.787 7.117 107
1422 2 1 -25.787 7.117 107
1423 1 1 -25.787 7.117 107
1424 1 1 -25.787 7.117 107
1425 1 1 -25.787 7.117 107
1426 1 1 -25.787 7.117 107
1427 2 1 -25.787 7.117 107
1428 2 1 -25.787 7.117 107
1429 1 1 -25.787 7.117 107
1430 2 1 -25.787 7.117 107
1431 2 1 -25.787 7.117 107
1432 1 1 24.487 70.093 108
1433 1 1 24.487 70.093 108
1434 2 1 24.487 70.093 108
1435 1 1 24.487 70.093 108
1436 1 1 24.487 70.093 108
1437 1 1 24.487 70.093 108
1438 1 1 24.487 70.093 108
1439 2 1 24.487 70.093 108
1440 2 1 24.487 70.093 108
1441 1 1 24.487 70.093 108
1442 2 1 24.487 70.093 108
1443 1 1 60.449 -30.676 109
1444 2 1 60.449 -30.676 109
1445 1 1 60.449 -30.676 109
1446 1 1 60.449 -30.676 109
1447 1 1 60.449 -30.676 109
1448 2 1 60.449 -30.676 109
1449 1 1 60.449 -30.676 109
1450 2 1 60.449 -30.676 109
1451 1 1 60.449 -30.676 109
1452 1 1 60.449 -30.676 109
1453 1 1 60.449 -30.676 109
1454 1 1 60.449 -30.676 109
1455 8 1 -50.641 -59.888 110
1456 4 1 -50.641 -59.888 110
1457 4 1 -50.641 -59.888 110
1458 4 1 -50.641 -59.888 110
1459 4 1 -50.641 -59.888 110
1460 8 1 -50.641 -59.888 110
1461 4 1 -50.641 -59.888 110
1462 8 1 -50.641 -59.888 110
1463 4 1 -50.641 -59.888 110
1464 4 1 -50.641 -59.888 110
1465 4 1 -50.641 -59.888 110
1466 8 1 -50.641 -59.888 110
1467 4 1 -50.641 -59.888 110
1468 4 1 -50.641 -59.888 110
1469 8 1 -50.641 -59.888 110
1470 8 1 -50.641 -59.888 110
1471 4 1 -50.641 -59.888 110
1472 4 1 -50.641 -59.888 110
1473 8 1 18.976 -40.289 111
1474 4 1 18.976 -40.289 111
1475 4 1 18.976 -40.289 111
1476 4 1 18.976 -40.289 111
1477 4 1 18.976 -40.289 111
1478 8 1 18.976 -40.289 111
1479 8 1 18.976 -40.289 111
1480 4 1 18.976 -40.289 111
1481 4 1 18.976 -40.289 111
1482 4 1 18.976 -40.289 111
1483 4 1 18.976 -40.289 111
1484 4 1 18.976 -40.289 111
1485 4 1 18.976 -40.289 111
1486 4 1 18.976 -40.289 111
1487 4 1 18.976 -40.289 111
1488 4 1 18.976 -40.289 111
1489 4 1 18.976 -40.289 111
1490 4 1 18.976 -40.289 111
1491 4 1 18.976 -40.289 111
1492 4 1 18.976 -40.289 111
1493 4 1 18.976 -40.289 111
1494 4 1 18.976 -40.289 111
1495 8 1 18.976 -40.289 111
1496 1 1 -0.104 8.582 112
1497 1 1 -0.104 8.582 112
1498 1 1 -0.104 8.582 112
1499 1 1 -0.104 8.582 112
1500 1 1 -0.104 8.582 112
1501 2 1 -0.104 8.582 112
1502 1 1 -0.104 8.582 112
1503 2 1 3.485 -18.616 113
1504 2 1 3.485 -18.616 113
1505 2 1 3.485 -18.616 113
1506 2 1 3.485 -18.616 113
1507 4 1 3.485 -18.616 113
1508 2 1 3.485 -18.616 113
1509 2 1 3.485 -18.616 113
1510 2 1 3.485 -18.616 113
1511 4 1 3.485 -18.616 113
1512 2 1 3.485 -18.616 113
1513 2 1 3.485 -18.616 113
1514 2 1 3.485 -18.616 113
1515 4 1 3.485 -18.616 113
1516 1 1 43.085 -29.81 114
1517 1 1 43.085 -29.81 114
1518 8 1 43.085 -29.81 114
1519 1 1 43.085 -29.81 114
1520 8 1 43.085 -29.81 114
1521 1 1 43.085 -29.81 114
1522 8 1 43.085 -29.81 114
1523 8 1 43.085 -29.81 114
1524 1 1 43.085 -29.81 114
1525 1 1 26.807 -26.422 115
1526 1 1 26.807 -26.422 115
1527 2 1 26.807 -26.422 115
1528 2 1 26.807 -26.422 115
1529 1 1 26.807 -26.422 115
1530 1 1 26.807 -26.422 115
1531 1 1 26.807 -26.422 115
1532 1 1 26.807 -26.422 115
1533 1 1 26.807 -26.422 115
1534 1 1 26.807 -26.422 115
1535 1 1 26.807 -26.422 115
1536 1 1 26.807 -26.422 115
1537 1 1 26.807 -26.422 115
1538 1 1 26.807 -26.422 115
1539 4 1 -21.234 -1.752 116
1540 4 1 -21.234 -1.752 116
1541 4 1 -21.234 -1.752 116
1542 1 1 -46.417 49.591 117
1543 8 1 -46.417 49.591 117
1544 1 1 -46.417 49.591 117
1545 1 1 -46.417 49.591 117
1546 1 1 -46.417 49.591 117
1547 1 1 -46.417 49.591 117
1548 1 1 -46.417 49.591 117
1549 1 1 -46.417 49.591 117
1550 1 1 -46.417 49.591 117
1551 8 1 -46.417 49.591 117
1552 1 1 -46.417 49.591 117
1553 1 1 -46.417 49.591 117
1554 1 1 -46.417 49.591 117
1555 8 1 -46.417 49.591 117
1556 1 1 -46.417 49.591 117
1557 1 1 -46.417 49.591 117
1558 1 1 -46.417 49.591 117
1559 1 1 -46.417 49.591 117
1560 1 1 -46.417 49.591 117
1561 8 1 -46.417 49.591 117
1562 1 1 -46.417 49.591 117
1563 1 1 -46.417 49.591 117
1564 1 1 -46.417 49.591 117
1565 8 1 -46.417 49.591 117
1566 1 1 -46.417 49.591 117
1567 1 1 18.195 50.83 118
1568 1 1 18.195 50.83 118
1569 1 1 18.195 50.83 118
1570 1 1 18.195 50.83 118
1571 1 1 18.195 50.83 118
1572 1 1 18.195 50.83 118
1573 1 1 18.195 50.83 118
1574 1 1 18.195 50.83 118
1575 8 1 18.195 50.83 118
1576 1 1 18.195 50.83 118
1577 1 1 18.195 50.83 118
1578 1 1 18.195 50.83 118
1579 1 1 18.195 50.83 118
1580 1 1 18.195 50.83 118
1581 1 1 18.195 50.83 118
1582 8 1 18.195 50.83 118
1583 1 1 18.195 50.83 118
1584 1 1 18.195 50.83 118
1585 4 1 -38.171 -14.099 119
1586 4 1 -38.171 -14.099 119
1587 4 1 -38.171 -14.099 119
1588 4 1 -38.171 -14.099 119
1589 4 1 -38.171 -14.099 119
1590 4 1 -38.171 -14.099 119
1591 8 1 -38.171 -14.099 119
1592 4 1 -38.171 -14.099 119
1593 4 1 -38.171 -14.099 119
1594 4 1 -38.171 -14.099 119
1595 4 1 -38.171 -14.099 119
1596 4 1 -38.171 -14.099 119
1597 4 1 -38.171 -14.099 119
1598 4 1 -38.171 -14.099 119
1599 4 1 -38.171 -14.099 119
1600 8 1 -38.171 -14.099 119
1601 4 1 -38.171 -14.099 119
1602 4 1 -38.171 -14.099 119
1603 4 1 -38.171 -14.099 119
1604 4 1 -38.171 -14.099 119
1605 4 1 -38.171 -14.099 119
1606 4 1 -38.171 -14.099 119
1607 8 1 -32.214 37.982 120
1608 4 1 -32.214 37.982 120
1609 4 1 -32.214 37.982 120
1610 8 1 -32.214 37.982 120
1611 8 1 -32.214 37.982 120
1612 4 1 -32.214 37.982 120
1613 4 1 -32.214 37.982 120
1614 4 1 -32.214 37.982 120
1615 4 1 -32.214 37.982 120
1616 8 1 -32.214 37.982 120
1617 4 1 -32.214 37.982 120
1618 4 1 -32.214 37.982 120
1619 4 1 -32.214 37.982 120
1620 8 1 -32.214 37.982 120
1621 4 1 -32.214 37.982 120
1622 1 1 6.964 83.862 121
1623 1 1 6.964 83.862 121
1624 1 1 6.964 83.862 121
1625 8 1 6.964 83.862 121
1626 1 1 6.964 83.862 121
1627 1 1 6.964 83.862 121
1628 1 1 6.964 83.862 121
1629 1 1 6.964 83.862 121
1630 1 1 6.964 83.862 121
1631 1 1 6.964 83.862 121
1632 1 1 6.964 83.862 121
1633 1 1 6.964 83.862 121
1634 1 1 6.964 83.862 121
1635 1 1 6.964 83.862 121
1636 1 1 6.964 83.862 121
1637 8 1 6.964 83.862 121
1638 1 1 6.964 83.862 121
1639 1 1 6.964 83.862 121
1640 1 1 6.964 83.862 121
1641 1 1 6.964 83.862 121
1642 8 1 6.964 83.862 121
1643 1 1 -26.19 6.647 122
1644 1 1 -26.19 6.647 122
1645 1 1 -26.19 6.647 122
1646 8 1 -26.19 6.647 122
1647 1 1 -26.19 6.647 122
1648 8 1 -26.19 6.647 122
1649 8 1 -26.19 6.647 122
1650 1 1 -26.19 6.647 122
1651 1 1 -26.19 6.647 122
1652 1 1 -26.19 6.647 122
1653 1 1 -26.19 6.647 122
1654 1 1 -26.19 6.647 122
1655 1 1 -26.19 6.647 122
1656 1 1 -26.19 6.647 122
1657 8 1 -26.19 6.647 122
1658 8 1 -26.19 6.647 122
1659 1 1 -26.19 6.647 122
1660 8 1 -26.19 6.647 122
1661 1 1 -26.19 6.647 122
1662 4 1 33.972 -24.603 123
1663 4 1 33.972 -24.603 123
1664 4 1 33.972 -24.603 123
1665 4 1 52.417 -18.445 124
1666 4 1 52.417 -18.445 124
1667 4 1 52.417 -18.445 124
1668 4 1 52.417 -18.445 124
1669 4 1 52.417 -18.445 124
1670 4 1 52.417 -18.445 124
1671 4 1 52.417 -18.445 124
1672 4 1 52.417 -18.445 124
1673 4 1 52.417 -18.445 124
1674 8 1 52.417 -18.445 124
1675 4 1 52.417 -18.445 124
1676 8 1 52.417 -18.445 124
1677 4 1 52.417 -18.445 124
1678 4 1 52.417 -18.445 124
1679 4 1 52.417 -18.445 124
1680 8 1 52.417 -18.445 124
1681 4 1 52.417 -18.445 124
1682 4 1 52.417 -18.445 124
1683 4 1 52.417 -18.445 124
1684 4 1 52.417 -18.445 124
1685 4 1 52.417 -18.445 124
1686 8 1 52.417 -18.445 124
1687 4 1 52.417 -18.445 124
1688 1 1 -8.313 12.677 125
1689 4 1 -25.183 52.484 126
1690 4 1 -25.183 52.484 126
1691 8 1 -25.183 52.484 126
1692 8 1 -25.183 52.484 126
1693 4 1 -25.183 52.484 126
1694 4 1 -25.183 52.484 126
1695 4 1 -25.183 52.484 126
1696 4 1 -25.183 52.484 126
1697 4 1 -25.183 52.484 126
1698 4 1 -25.183 52.484 126
1699 1 1 15.729 -26.508 127
1700 1 1 15.729 -26.508 127
1701 1 1 15.729 -26.508 127
1702 1 1 15.729 -26.508 127
1703 1 1 15.729 -26.508 127
1704 1 1 15.729 -26.508 127
1705 1 1 15.729 -26.508 127
1706 1 1 15.729 -26.508 127
1707 1 1 15.729 -26.508 127
1708 8 1 15.729 -26.508 127
1709 8 1 15.729 -26.508 127
1710 8 1 15.729 -26.508 127
1711 8 1 15.729 -26.508 127
1712 1 1 15.729 -26.508 127
1713 1 1 15.729 -26.508 127
1714 1 1 15.729 -26.508 127
1715 1 1 15.729 -26.508 127
1716 1 1 15.729 -26.508 127
1717 1 1 15.729 -26.508 127
1718 1 1 15.729 -26.508 127
1719 1 1 15.729 -26.508 127
1720 1 1 15.729 -26.508 127
1721 1 1 -34.674 -8.313 128
1722 1 1 -34.674 -8.313 128
1723 1 1 -34.674 -8.313 128
1724 1 1 -34.674 -8.313 128
1725 1 1 -34.674 -8.313 128
1726 8 1 -34.674 -8.313 128
1727 1 1 -34.674 -8.313 128
1728 1 1 -34.674 -8.313 128
1729 1 1 -34.674 -8.313 128
1730 8 1 -34.674 -8.313 128
1731 1 1 -34.674 -8.313 128
1732 8 1 -34.674 -8.313 128
1733 1 1 -34.674 -8.313 128
1734 1 1 -34.674 -8.313 128
1735 1 1 -34.674 -8.313 128
1736 1 1 -34.674 -8.313 128
1737 1 1 -34.674 -8.313 128
1738 1 1 -34.674 -8.313 128
1739 8 1 -34.674 -8.313 128
1740 1 1 -34.674 -8.313 128
1741 1 1 -34.674 -8.313 128
1742 8 1 -34.674 -8.313 128
1743 1 1 -34.674 -8.313 128
1744 8 1 -36.7 0.629 129
1745 8 1 -36.7 0.629 129
1746 4 1 -36.7 0.629 129
1747 4 1 -36.7 0.629 129
1748 4 1 -36.7 0.629 129
1749 4 1 -36.7 0.629 129
1750 4 1 -36.7 0.629 129
1751 4 1 -36.7 0.629 129
1752 4 1 -36.7 0.629 129
1753 2 1 -33.002 -60.052 130
1754 2 1 -33.002 -60.052 130
1755 2 1 -33.002 -60.052 130
1756 2 1 -33.002 -60.052 130
1757 4 1 -33.002 -60.052 130
1758 2 1 -33.002 -60.052 130
1759 4 1 -33.002 -60.052 130
1760 2 1 -33.002 -60.052 130
1761 4 1 -33.002 -60.052 130
1762 4 1 -33.002 -60.052 130
1763 2 1 -33.002 -60.052 130
1764 2 1 -33.002 -60.052 130
1765 2 1 -33.002 -60.052 130
1766 2 1 -33.002 -60.052 130
1767 4 1 -33.002 -60.052 130
1768 2 1 -33.002 -60.052 130
1769 2 1 -33.002 -60.052 130
1770 2 1 -33.002 -60.052 130
1771 4 1 -33.002 -60.052 130
1772 4 1 -33.002 -60.052 130
1773 1 1 -25.36 18.481 131
1774 1 1 -25.36 18.481 131
1775 2 1 -25.36 18.481 131
1776 2 1 -25.36 18.481 131
1777 1 1 -25.36 18.481 131
1778 1 1 -25.36 18.481 131
1779 1 1 -25.36 18.481 131
1780 1 1 -25.36 18.481 131
1781 2 1 -25.36 18.481 131
1782 1 1 -25.36 18.481 131
1783 1 1 -25.36 18.481 131
1784 1 1 -25.36 18.481 131
1785 1 1 -25.36 18.481 131
1786 1 1 -25.36 18.481 131
1787 1 1 -25.36 18.481 131
1788 1 1 -25.36 18.481 131
1789 1 1 -25.36 18.481 131
1790 1 1 -25.36 18.481 131
1791 2 1 -25.36 18.481 131
1792 1 1 -25.36 18.481 131
1793 1 1 -25.36 18.481 131
1794 2 1 -15.192 29.132 132
1795 2 1 -15.192 29.132 132
1796 1 1 -15.192 29.132 132
1797 2 1 -15.192 29.132 132
1798 1 1 -15.192 29.132 132
1799 2 1 -15.192 29.132 132
1800 1 1 -15.192 29.132 132
1801 1 1 -15.192 29.132 132
1802 1 1 -15.192 29.132 132
1803 1 1 -15.192 29.132 132
1804 1 1 -15.192 29.132 132
1805 1 1 -15.192 29.132 132
1806 1 1 -15.192 29.132 132
1807 2 1 2.325 11.346 133
1808 4 1 2.325 11.346 133
1809 2 1 2.325 11.346 133
1810 2 1 2.325 11.346 133
1811 4 1 2.325 11.346 133
1812 4 1 2.325 11.346 133
1813 2 1 2.325 11.346 133
1814 2 1 2.325 11.346 133
1815 2 1 2.325 11.346 133
1816 2 1 2.325 11.346 133
1817 2 1 2.325 11.346 133
1818 2 1 2.325 11.346 133
1819 2 1 2.325 11.346 133
1820 2 1 2.325 11.346 133
1821 2 1 2.325 11.346 133
1822 1 1 17.615 -2.563 134
1823 4 1 48.303 -47.656 135
1824 4 1 48.303 -47.656 135
1825 2 1 48.303 -47.656 135
1826 2 1 48.303 -47.656 135
1827 2 1 48.303 -47.656 135
1828 2 1 48.303 -47.656 135
1829 2 1 48.303 -47.656 135
1830 2 1 48.303 -47.656 135
1831 2 1 48.303 -47.656 135
1832 4 1 48.303 -47.656 135
1833 4 1 48.303 -47.656 135
1834 2 1 48.303 -47.656 135
1835 2 1 48.303 -47.656 135
1836 2 1 48.303 -47.656 135
1837 2 1 48.303 -47.656 135
1838 2 1 48.303 -47.656 135
1839 2 1 48.303 -47.656 135
1840 2 1 48.303 -47.656 135
1841 2 1 48.303 -47.656 135
1842 2 1 48.303 -47.656 135
1843 2 1 -26.471 -30.414 136
1844 2 1 -26.471 -30.414 136
1845 4 1 -26.471 -30.414 136
1846 4 1 -26.471 -30.414 136
1847 2 1 -26.471 -30.414 136
1848 2 1 -26.471 -30.414 136
1849 2 1 -26.471 -30.414 136
1850 4 1 -26.471 -30.414 136
1851 2 1 -26.471 -30.414 136
1852 4 1 -54.053 43.549 137
1853 4 1 -54.053 43.549 137
1854 4 1 -54.053 43.549 137
1855 4 1 -54.053 43.549 137
1856 8 1 -54.053 43.549 137
1857 4 1 -54.053 43.549 137
1858 4 1 -54.053 43.549 137
1859 2 1 -28.442 24.884 138
1860 2 1 -28.442 24.884 138
1861 2 1 -28.442 24.884 138
1862 4 1 -28.442 24.884 138
1863 4 1 -28.442 24.884 138
1864 2 1 -28.442 24.884 138
1865 2 1 -28.442 24.884 138
1866 2 1 -28.442 24.884 138
1867 1 1 1.501 -14.636 139
1868 8 1 1.501 -14.636 139
1869 1 1 -80.255 39.062 140
1870 1 1 -80.255 39.062 140
1871 1 1 -80.255 39.062 140
1872 1 1 -80.255 39.062 140
1873 1 1 -80.255 39.062 140
1874 1 1 -80.255 39.062 140
1875 1 1 -80.255 39.062 140
1876 1 1 -80.255 39.062 140
1877 1 1 -80.255 39.062 140
1878 1 1 -80.255 39.062 140
1879 1 1 -80.255 39.062 140
1880 2 1 -80.255 39.062 140
1881 2 1 -80.255 39.062 140
1882 2 1 -80.255 39.062 140
1883 1 1 -80.255 39.062 140
1884 1 1 -80.255 39.062 140
1885 1 1 -80.255 39.062 140
1886 1 1 -80.255 39.062 140
1887 1 1 -80.255 39.062 140
1888 4 1 33.313 -9.253 141
1889 4 1 33.313 -9.253 141
1890 4 1 33.313 -9.253 141
1891 4 1 33.313 -9.253 141
1892 4 1 33.313 -9.253 141
1893 8 1 33.313 -9.253 141
1894 4 1 33.313 -9.253 141
1895 4 1 33.313 -9.253 141
1896 1 1 23.328 72.046 142
1897 1 1 23.328 72.046 142
1898 1 1 23.328 72.046 142
1899 1 1 23.328 72.046 142
1900 1 1 23.328 72.046 142
1901 1 1 23.328 72.046 142
1902 1 1 23.328 72.046 142
1903 1 1 23.328 72.046 142
1904 2 1 23.328 72.046 142
1905 1 1 23.328 72.046 142
1906 1 1 23.328 72.046 142
1907 2 1 23.328 72.046 142
1908 1 1 23.328 72.046 142
1909 1 1 23.328 72.046 142
1910 2 1 23.328 72.046 142
1911 1 1 23.328 72.046 142
1912 1 1 23.328 72.046 142
1913 1 1 23.328 72.046 142
1914 2 1 23.328 72.046 142
1915 1 1 23.328 72.046 142
1916 1 1 23.328 72.046 142
1917 2 1 23.895 -12.463 143
1918 2 1 23.895 -12.463 143
1919 2 1 23.895 -12.463 143
1920 4 1 23.895 -12.463 143
1921 2 1 23.895 -12.463 143
1922 2 1 23.895 -12.463 143
1923 2 1 23.895 -12.463 143
1924 2 1 23.895 -12.463 143
1925 2 1 23.895 -12.463 143
1926 2 1 23.895 -12.463 143
1927 4 1 23.895 -12.463 143
1928 2 1 23.895 -12.463 143
1929 2 1 23.895 -12.463 143
1930 2 1 23.895 -12.463 143
1931 2 1 23.895 -12.463 143
1932 2 1 23.895 -12.463 143
1933 2 1 23.895 -12.463 143
1934 2 1 23.895 -12.463 143
1935 2 1 23.895 -12.463 143
1936 2 1 23.895 -12.463 143
1937 2 1 23.895 -12.463 143
1938 2 1 23.895 -12.463 143
1939 1 1 -17.218 12.891 144
1940 4 1 -21.326 14.978 145
1941 4 1 -21.326 14.978 145
1942 4 1 -21.326 14.978 145
1943 4 1 -21.326 14.978 145
1944 4 1 -21.326 14.978 145
1945 2 1 5.548 -24.408 146
1946 2 1 5.548 -24.408 146
1947 2 1 5.548 -24.408 146
1948 2 1 5.548 -24.408 146
1949 2 1 5.548 -24.408 146
1950 2 1 5.548 -24.408 146
1951 2 1 5.548 -24.408 146
1952 2 1 5.548 -24.408 146
1953 2 1 5.548 -24.408 146
1954 2 1 5.548 -24.408 146
1955 2 1 5.548 -24.408 146
1956 2 1 5.548 -24.408 146
1957 2 1 5.548 -24.408 146
1958 2 1 5.548 -24.408 146
1959 2 1 5.548 -24.408 146
1960 2 1 5.548 -24.408 146
1961 2 1 5.548 -24.408 146
1962 2 1 5.548 -24.408 146
1963 2 1 5.548 -24.408 146
1964 2 1 5.548 -24.408 146
1965 2 1 5.548 -24.408 146
1966 2 1 5.548 -24.408 146
1967 4 1 16.333 -32.629 147
1968 4 1 16.333 -32.629 147
1969 4 1 16.333 -32.629 147
1970 4 1 16.333 -32.629 147
1971 4 1 16.333 -32.629 147
1972 4 1 16.333 -32.629 147
1973 4 1 16.333 -32.629 147
1974 4 1 16.333 -32.629 147
1975 8 1 39.185 -41.602 148
1976 8 1 39.185 -41.602 148
1977 8 1 39.185 -41.602 148
1978 8 1 39.185 -41.602 148
1979 8 1 39.185 -41.602 148
1980 8 1 39.185 -41.602 148
1981 8 1 39.185 -41.602 148
1982 8 1 39.185 -41.602 148
1983 8 1 39.185 -41.602 148
1984 8 1 39.185 -41.602 148
1985 8 1 39.185 -41.602 148
1986 8 1 39.185 -41.602 148
1987 8 1 39.185 -41.602 148
1988 8 1 39.185 -41.602 148
1989 8 1 39.185 -41.602 148
1990 8 1 39.185 -41.602 148
1991 8 1 -28.918 -9.113 149
1992 8 1 -28.918 -9.113 149
1993 8 1 -28.918 -9.113 149
1994 8 1 -28.918 -9.113 149
1995 8 1 -28.918 -9.113 149
1996 8 1 -28.918 -9.113 149
1997 8 1 -28.918 -9.113 149
1998 8 1 -28.918 -9.113 149
1999 8 1 -28.918 -9.113 149
2000 8 1 -28.918 -9.113 149
2001 8 1 -28.918 -9.113 149
2002 8 1 -28.918 -9.113 149
2003 8 1 -28.918 -9.113 149
2004 8 1 -28.918 -9.113 149
2005 8 1 -28.918 -9.113 149
2006 8 1 -28.918 -9.113 149
2007 8 1 -28.918 -9.113 149
2008 8 1 -28.918 -9.113 149
2009 8 1 -28.918 -9.113 149
2010 8 1 -28.918 -9.113 149
2011 8 1 -28.918 -9.113 149
2012 8 1 12.152 95.117 150
2013 8 1 12.152 95.117 150
2014 8 1 12.152 95.117 150
2015 8 1 12.152 95.117 150
2016 8 1 12.152 95.117 150
2017 8 1 12.152 95.117 150
2018 8 1 12.152 95.117 150
2019 8 1 12.152 95.117 150
2020 8 1 12.152 95.117 150
2021 2 1 -40.717 70.312 151
2022 2 1 -40.717 70.312 151
2023 2 1 -40.717 70.312 151
2024 2 1 -40.717 70.312 151
2025 2 1 -40.717 70.312 151
2026 2 1 -40.717 70.312 151
2027 2 1 -40.717 70.312 151
2028 2 1 -40.717 70.312 151
2029 4 1 27.655 3.101 152
2030 4 1 27.655 3.101 152
2031 4 1 27.655 3.101 152
2032 4 1 27.655 3.101 152
2033 4 1 27.655 3.101 152
2034 4 1 27.655 3.101 152
2035 4 1 27.655 3.101 152
2036 4 1 27.655 3.101 152
2037 4 1 27.655 3.101 152
2038 4 1 27.655 3.101 152
2039 4 1 27.655 3.101 152
2040 4 1 27.655 3.101 152
2041 4 1 27.655 3.101 152
2042 4 1 27.655 3.101 152
2043 4 1 27.655 3.101 152
2044 4 1 27.655 3.101 152
2045 4 1 27.655 3.101 152
2046 4 1 27.655 3.101 152
2047 2 1 18.616 -3.699 153
2048 2 1 18.616 -3.699 153
2049 2 1 18.616 -3.699 153
2050 2 1 18.616 -3.699 153
2051 2 1 18.616 -3.699 153
2052 2 1 18.616 -3.699 153
2053 2 1 18.616 -3.699 153
2054 2 1 18.616 -3.699 153
2055 2 1 18.616 -3.699 153
2056 2 1 18.616 -3.699 153
2057 2 1 18.616 -3.699 153
2058 2 1 18.616 -3.699 153
2059 1 1 -70.093 32.147 154
2060 1 1 -70.093 32.147 154
2061 1 1 -70.093 32.147 154
2062 1 1 -70.093 32.147 154
2063 1 1 -70.093 32.147 154
2064 1 1 -70.093 32.147 154
2065 1 1 -70.093 32.147 154
2066 1 1 -70.093 32.147 154
2067 1 1 -70.093 32.147 154
2068 1 1 -70.093 32.147 154
2069 1 1 -70.093 32.147 154
2070 1 1 -70.093 32.147 154
2071 1 1 -70.093 32.147 154
2072 1 1 -70.093 32.147 154
2073 1 1 -70.093 32.147 154
2074 1 1 -70.093 32.147 154
2075 1 1 -70.093 32.147 154
2076 1 1 -70.093 32.147 154
2077 1 1 -70.093 32.147 154
2078 1 1 -70.093 32.147 154
2079 1 1 -70.093 32.147 154
2080 1 1 -70.093 32.147 154
2081 1 1 -17.279 50.616 155
2082 1 1 -17.279 50.616 155
2083 1 1 -17.279 50.616 155
2084 1 1 -17.279 50.616 155
2085 1 1 -17.279 50.616 155
2086 8 1 38.818 -17.389 156
2087 8 1 38.818 -17.389 156
2088 8 1 38.818 -17.389 156
2089 8 1 38.818 -17.389 156
2090 8 1 38.818 -17.389 156
2091 8 1 38.818 -17.389 156
2092 8 1 38.818 -17.389 156
2093 8 1 38.818 -17.389 156
2094 8 1 38.818 -17.389 156
2095 8 1 38.818 -17.389 156
2096 1 1 -15.594 -11.432 157
2097 1 1 -15.594 -11.432 157
2098 1 1 -15.594 -11.432 157
2099 1 1 -15.594 -11.432 157
2100 1 1 -15.594 -11.432 157
2101 1 1 -15.594 -11.432 157
2102 1 1 -15.594 -11.432 157
2103 1 1 -15.594 -11.432 157
2104 1 1 -15.594 -11.432 157
2105 1 1 -15.594 -11.432 157
2106 1 1 -15.594 -11.432 157
2107 1 1 -15.594 -11.432 157
2108 2 1 60.101 -38.263 158
2109 2 1 60.101 -38.263 158
2110 2 1 60.101 -38.263 158
2111 2 1 60.101 -38.263 158
2112 2 1 60.101 -38.263 158
2113 2 1 60.101 -38.263 158
2114 2 1 60.101 -38.263 158
2115 2 1 60.101 -38.263 158
2116 2 1 60.101 -38.263 158
2117 2 1 60.101 -38.263 158
2118 2 1 60.101 -38.263 158
2119 2 1 60.101 -38.263 158
2120 2 1 60.101 -38.263 158
2121 4 1 -81.72 -27.301 159
2122 4 1 -81.72 -27.301 159
2123 4 1 -81.72 -27.301 159
2124 4 1 -81.72 -27.301 159
2125 4 1 -81.72 -27.301 159
2126 4 1 -81.72 -27.301 159
2127 4 1 -81.72 -27.301 159
2128 4 1 -81.72 -27.301 159
2129 4 1 -81.72 -27.301 159
2130 4 1 -81.72 -27.301 159
2131 4 1 -81.72 -27.301 159
2132 4 1 -81.72 -27.301 159
2133 4 1 -81.72 -27.301 159
2134 4 1 -81.72 -27.301 159
2135 8 1 98.914 -31.921 160
2136 8 1 98.914 -31.921 160
2137 8 1 98.914 -31.921 160
2138 8 1 98.914 -31.921 160
2139 8 1 98.914 -31.921 160
2140 8 1 98.914 -31.921 160
2141 8 1 98.914 -31.921 160
2142 8 1 98.914 -31.921 160
2143 8 1 98.914 -31.921 160
2144 8 1 98.914 -31.921 160
2145 8 1 98.914 -31.921 160
2146 8 1 98.914 -31.921 160
2147 8 1 98.914 -31.921 160
2148 8 1 98.914 -31.921 160
2149 8 1 98.914 -31.921 160
2150 8 1 98.914 -31.921 160
2151 2 1 35.76 -50.83 161
2152 2 1 35.76 -50.83 161
2153 2 1 35.76 -50.83 161
2154 2 1 35.76 -50.83 161
2155 2 1 35.76 -50.83 161
2156 2 1 35.76 -50.83 161
2157 2 1 35.76 -50.83 161
2158 2 1 35.76 -50.83 161
2159 2 1 35.76 -50.83 161
2160 2 1 35.76 -50.83 161
2161 2 1 35.76 -50.83 161
2162 2 1 35.76 -50.83 161
2163 8 1 19.409 -20.288 162
2164 8 1 19.409 -20.288 162
2165 8 1 19.409 -20.288 162
2166 8 1 19.409 -20.288 162
2167 8 1 19.409 -20.288 162
2168 8 1 19.409 -20.288 162
2169 8 1 19.409 -20.288 162
2170 8 1 19.409 -20.288 162
2171 8 1 19.409 -20.288 162
2172 8 1 19.409 -20.288 162
2173 8 1 19.409 -20.288 162
2174 8 1 19.409 -20.288 162
2175 8 1 19.409 -20.288 162
2176 8 1 19.409 -20.288 162
2177 8 1 19.409 -20.288 162
2178 8 1 19.409 -20.288 162
2179 8 1 19.409 -20.288 162
2180 8 1 19.409 -20.288 162
2181 8 1 19.409 -20.288 162
2182 4 1 -41.351 45.343 163
2183 4 1 -41.351 45.343 163
2184 4 1 -41.351 45.343 163
2185 4 1 -41.351 45.343 163
2186 4 1 -41.351 45.343 163
2187 4 1 -41.351 45.343 163
2188 4 1 -41.351 45.343 163
2189 4 1 -41.351 45.343 163
2190 4 1 -41.351 45.343 163
2191 4 1 -41.351 45.343 163
2192 4 1 -41.351 45.343 163
2193 4 1 -41.351 45.343 163
2194 4 1 -41.351 45.343 163
2195 4 1 -41.351 45.343 163
2196 4 1 -41.351 45.343 163
2197 4 1 -41.351 45.343 163
2198 4 1 -41.351 45.343 163
2199 4 1 -41.351 45.343 163
2200 4 1 -41.351 45.343 163
2201 4 1 -41.351 45.343 163
2202 4 1 -41.351 45.343 163
2203 4 1 -41.351 45.343 163
2204 1 1 -15.015 16.29 164
2205 1 1 -15.015 16.29 164
2206 1 1 -15.015 16.29 164
2207 1 1 -15.015 16.29 164
2208 1 1 -15.015 16.29 164
2209 1 1 -15.015 16.29 164
2210 1 1 -15.015 16.29 164
2211 1 1 -15.015 16.29 164
2212 1 1 -15.015 16.29 164
2213 1 1 -15.015 16.29 164
2214 1 1 -15.015 16.29 164
2215 1 1 -15.015 16.29 164
2216 1 1 -15.015 16.29 164
2217 1 1 -15.015 16.29 164
2218 1 1 -15.015 16.29 164
2219 1 1 -15.015 16.29 164
2220 1 1 -15.015 16.29 164
2221 1 1 -15.015 16.29 164
2222 1 1 -15.015 16.29 164
2223 1 1 -15.015 16.29 164
2224 1 1 -15.015 16.29 164
2225 1 1 -15.015 16.29 164
2226 1 1 -15.015 16.29 164
2227 1 1 -15.015 16.29 164
2228 4 1 -74.829 -22.644 165
2229 4 1 -74.829 -22.644 165
2230 4 1 -74.829 -22.644 165
2231 4 1 -74.829 -22.644 165
2232 4 1 -74.829 -22.644 165
2233 4 1 -74.829 -22.644 165
2234 4 1 -74.829 -22.644 165
2235 4 1 -74.829 -22.644 165
2236 4 1 -74.829 -22.644 165
2237 4 1 -74.829 -22.644 165
2238 4 1 -4.803 -19.629 166
2239 4 1 -4.803 -19.629 166
2240 4 1 -4.803 -19.629 166
2241 4 1 -4.803 -19.629 166
2242 4 1 -4.803 -19.629 166
2243 4 1 -4.803 -19.629 166
2244 4 1 -4.803 -19.629 166
2245 4 1 -4.803 -19.629 166
2246 4 1 -4.803 -19.629 166
2247 4 1 -4.803 -19.629 166
2248 4 1 -4.803 -19.629 166
2249 2 1 -35.339 42.651 167
2250 2 1 -35.339 42.651 167
2251 2 1 -35.339 42.651 167
2252 2 1 -35.339 42.651 167
2253 2 1 -35.339 42.651 167
2254 4 1 18.707 -24.5 168
2255 4 1 18.707 -24.5 168
2256 4 1 18.707 -24.5 168
2257 4 1 18.707 -24.5 168
2258 4 1 18.707 -24.5 168
2259 4 1 18.707 -24.5 168
2260 4 1 18.707 -24.5 168
2261 4 1 18.707 -24.5 168
2262 4 1 -23.273 58.026 169
2263 4 1 -23.273 58.026 169
2264 4 1 -23.273 58.026 169
2265 4 1 -23.273 58.026 169
2266 4 1 -23.273 58.026 169
2267 4 1 -23.273 58.026 169
2268 4 1 -23.273 58.026 169
2269 8 1 -50.159 56.805 170
2270 8 1 -50.159 56.805 170
2271 8 1 -50.159 56.805 170
2272 8 1 -50.159 56.805 170
2273 8 1 -50.159 56.805 170
2274 8 1 -50.159 56.805 170
2275 8 1 -50.159 56.805 170
2276 8 1 -50.159 56.805 170
2277 8 1 -50.159 56.805 170
2278 8 1 -50.159 56.805 170
2279 8 1 -50.159 56.805 170
2280 1 1 -41.974 16.254 171
2281 1 1 -41.974 16.254 171
2282 1 1 -41.974 16.254 171
2283 1 1 -41.974 16.254 171
2284 1 1 -41.974 16.254 171
2285 1 1 -41.974 16.254 171
2286 1 1 -41.974 16.254 171
2287 1 1 -77.063 28.723 172
2288 1 1 -77.063 28.723 172
2289 1 1 -77.063 28.723 172
2290 1 1 -77.063 28.723 172
2291 1 1 -77.063 28.723 172
2292 1 1 -77.063 28.723 172
2293 1 1 -77.063 28.723 172
2294 1 1 -34.705 -49.426 173
2295 1 1 -34.705 -49.426 173
2296 8 1 -30.005 50.018 174
2297 8 1 -30.005 50.018 174
2298 8 1 -30.005 50.018 174
2299 8 1 -30.005 50.018 174
2300 8 1 -30.005 50.018 174
2301 8 1 -30.005 50.018 174
2302 8 1 -30.005 50.018 174
2303 8 1 -30.005 50.018 174
2304 8 1 -30.005 50.018 174
2305 8 1 -30.005 50.018 174
2306 8 1 -30.005 50.018 174
2307 8 1 -30.005 50.018 174
2308 8 1 -30.005 50.018 174
2309 8 1 -82.294 54.059 175
2310 8 1 -82.294 54.059 175
2311 8 1 -49.64 30.554 176
2312 8 1 -49.64 30.554 176
2313 8 1 -49.64 30.554 176
2314 8 1 -49.64 30.554 176
2315 8 1 -49.64 30.554 176
2316 8 1 -49.64 30.554 176
2317 8 1 -49.64 30.554 176
2318 8 1 -49.64 30.554 176
2319 8 1 -49.64 30.554 176
2320 8 1 -49.64 30.554 176
2321 8 1 -49.64 30.554 176
2322 8 1 -49.64 30.554 176
2323 8 1 -49.64 30.554 176
2324 8 1 -49.64 30.554 176
2325 2 1 26.434 -4.578 177
2326 2 1 26.434 -4.578 177
2327 2 1 26.434 -4.578 177
2328 2 1 26.434 -4.578 177
2329 2 1 26.434 -4.578 177
2330 2 1 26.434 -4.578 177
2331 2 1 26.434 -4.578 177
2332 2 1 26.434 -4.578 177
2333 2 1 26.434 -4.578 177
2334 8 1 91.473 -89.404 178
2335 8 1 91.473 -89.404 178
2336 8 1 91.473 -89.404 178
2337 8 1 91.473 -89.404 178
2338 8 1 91.473 -89.404 178
2339 8 1 91.473 -89.404 178
2340 8 1 91.473 -89.404 178
2341 8 1 91.473 -89.404 178
2342 8 1 91.473 -89.404 178
2343 4 1 5.652 92.957 179
2344 8 1 -0.049 26.697 180
2345 8 1 -0.049 26.697 180
2346 8 1 -0.049 26.697 180
2347 8 1 -0.049 26.697 180
2348 8 1 -0.049 26.697 180
2349 8 1 -0.049 26.697 180
2350 8 1 -0.049 26.697 180
2351 8 1 -0.049 26.697 180
2352 8 1 -0.049 26.697 180
2353 8 1 -0.049 26.697 180
2354 8 1 -0.049 26.697 180
2355 8 1 -0.049 26.697 180
2356 8 1 -0.049 26.697 180
2357 8 1 -0.049 26.697 180
2358 8 1 -0.049 26.697 180
2359 8 1 -0.049 26.697 180
2360 8 1 -0.049 26.697 180
2361 8 1 -0.049 26.697 180
2362 8 1 -0.049 26.697 180
2363 8 1 -0.049 26.697 180
2364 8 1 -0.049 26.697 180
2365 8 1 -0.049 26.697 180
2366 8 1 -0.049 26.697 180
2367 8 1 -0.049 26.697 180
2368 1 1 26.868 -55.914 181
2369 1 1 26.868 -55.914 181
2370 8 1 -7.196 -8.972 182
2371 8 1 -7.196 -8.972 182
2372 8 1 -7.196 -8.972 182
2373 8 1 -7.196 -8.972 182
2374 8 1 -7.196 -8.972 182
2375 8 1 -7.196 -8.972 182
2376 8 1 -7.196 -8.972 182
2377 8 1 -7.196 -8.972 182
2378 8 1 -7.196 -8.972 182
2379 8 1 -7.196 -8.972 182
2380 2 1 -24.011 7.373 183
2381 2 1 -24.011 7.373 183
2382 2 1 -24.011 7.373 183
2383 2 1 -24.011 7.373 183
2384 2 1 -0.72 18.884 184
2385 2 1 -0.72 18.884 184
2386 1 1 19.69 57.098 185
2387 1 1 19.69 57.098 185
2388 1 1 19.69 57.098 185
2389 1 1 19.69 57.098 185
2390 1 1 19.69 57.098 185
2391 1 1 19.69 57.098 185
2392 1 1 19.69 57.098 185
2393 1 1 19.69 57.098 185
2394 1 1 19.69 57.098 185
2395 1 1 19.69 57.098 185
2396 1 1 19.69 57.098 185
2397 1 1 19.69 57.098 185
2398 1 1 19.69 57.098 185
2399 1 1 19.69 57.098 185
2400 1 1 19.69 57.098 185
2401 1 1 19.69 57.098 185
2402 1 1 19.69 57.098 185
2403 1 1 19.69 57.098 185
2404 1 1 24.768 -86.151 186
2405 1 1 24.768 -86.151 186
2406 1 1 24.768 -86.151 186
2407 4 1 -55.389 18.152 187
2408 4 1 -55.389 18.152 187
2409 4 1 -55.389 18.152 187
2410 4 1 -55.389 18.152 187
2411 4 1 -55.389 18.152 187
2412 4 1 -55.389 18.152 187
2413 4 1 -55.389 18.152 187
2414 4 1 -55.389 18.152 187
2415 8 1 -41.986 43.701 188
2416 8 1 -41.986 43.701 188
2417 8 1 -41.986 43.701 188
2418 8 1 -41.986 43.701 188
2419 8 1 -41.986 43.701 188
2420 8 1 -41.986 43.701 188
2421 8 1 -41.986 43.701 188
2422 8 1 -41.986 43.701 188
2423 8 1 -41.986 43.701 188
2424 8 1 -41.986 43.701 188
2425 8 1 -41.986 43.701 188
2426 8 1 -41.986 43.701 188
2427 8 1 -41.986 43.701 188
2428 8 1 -41.986 43.701 188
2429 8 1 -41.986 43.701 188
2430 8 1 -41.986 43.701 188
2431 8 1 -41.986 43.701 188
2432 8 1 -41.986 43.701 188
