File: pr04 Num Depots: 1 Num Pick Up Points: 188 Num Trucks: 4Processing Time: 160 seconds
Total Demand = 2432.00| Total Distance = 12766.19| Total Travel Time = 9574.64| Total Cost = $3155.57|

Truck #2184 MaxCap: 20 Demand: 17.0 ROUTE:0 1441 1438 1437 1436 1435 1433 1432 2403 2402 2401 2400 2399 799 798 797 796 1688 -1 
Truck #2185 MaxCap: 40 Demand: 38.0 ROUTE:0 332 331 330 328 327 326 325 322 321 320 318 317 316 315 314 313 312 311 310 309 816 815 814 812 811 810 809 808 807 806 805 804 803 802 801 800 150 650 -1 
Truck #2186 MaxCap: 60 Demand: 58.0 ROUTE:0 1332 1329 1328 281 280 279 277 275 274 271 270 268 267 2398 2397 2396 2395 2394 2393 2392 2391 2390 2389 2388 2387 2386 1584 1583 1581 1580 1579 1578 1577 1576 1574 1573 1572 1571 1570 1569 1568 1567 548 547 545 709 708 707 706 705 704 703 702 700 699 698 697 696 -1 
Truck #2187 MaxCap: 40 Demand: 36.0 ROUTE:0 1821 1820 1819 1818 1817 1816 1815 1814 1813 1810 1809 1807 278 276 273 269 1103 1102 1101 1100 1099 1098 1097 1096 1095 1094 1093 1130 1129 1127 323 817 813 2385 2384 649 -1 
Truck #2188 MaxCap: 80 Demand: 76.0 ROUTE:0 598 595 1799 1797 1795 1794 18 3 2 546 544 1067 1066 1065 1064 1063 1062 1061 1060 1059 1058 1057 1056 1055 1442 1440 1439 1434 1914 1910 1907 1904 198 195 194 33 30 834 833 832 830 829 828 827 826 824 2028 2027 2026 2025 2024 2023 2022 2021 525 522 513 510 52 43 42 39 2253 2252 2251 2250 2249 422 75 73 59 602 575 563 307 304 -1 
Truck #2189 MaxCap: 120 Demand: 91.0 ROUTE:0 109 103 131 127 126 122 1851 1849 1848 1847 1844 1843 1379 1378 1377 416 407 404 399 921 920 919 918 916 914 913 912 911 909 908 907 906 905 904 903 902 901 900 899 898 897 505 503 500 496 493 488 485 954 941 473 471 466 178 580 578 614 607 606 1259 1258 1257 1256 1255 1254 17 13 1866 1865 1864 1861 1860 1859 1791 1781 1776 1775 1431 1430 1428 1427 1422 1421 2383 2382 2381 2380 1370 1364 1360 1355 -1 
Truck #2190 MaxCap: 60 Demand: 59.0 ROUTE:0 1812 1811 1808 272 1092 1128 333 329 324 319 94 92 79 2343 1188 1187 1186 1185 2266 2265 2264 2263 2262 1224 1223 1222 1220 1219 1218 1216 1215 1214 1213 1212 1211 1210 1209 1208 1207 1206 1305 1304 1303 1301 1298 1297 1296 1295 1293 1292 1291 1290 1289 1288 1287 1286 1284 25 600 -1 
Truck #2191 MaxCap: 100 Demand: 99.0 ROUTE:0 1944 1943 1942 1941 1940 1863 1862 1141 1140 1139 1138 1137 1135 1134 1132 1131 615 608 1621 1619 1618 1617 1615 1614 1613 1612 1609 1608 71 69 62 49 2203 2202 2201 2200 2199 2198 2197 2196 2195 2194 2193 2192 2191 2190 2189 2188 2187 2186 2185 2184 2183 2182 587 1858 1857 1855 1854 1853 1852 1041 1039 1037 1036 1035 1034 1033 1032 1031 1030 1029 1028 1027 1025 1023 1022 529 517 514 512 831 825 35 2268 2267 1698 1697 1696 1695 1694 1693 1690 1689 438 435 425 561 299 -1 
Truck #2192 MaxCap: 160 Demand: 157.0 ROUTE:0 1541 1540 1539 1752 1751 1750 1749 1748 1747 1746 256 917 915 910 1606 1605 1604 1603 1602 1601 1599 1598 1597 1596 1595 1594 1593 1592 1590 1589 1588 1587 1586 1585 745 744 743 741 740 739 737 736 1761 1759 1757 1472 1471 1468 1467 1465 1464 1463 1461 1459 1458 1457 1456 2134 2133 2132 2131 2130 2129 2128 2127 2126 2125 2124 2123 2122 2121 2237 2236 2235 2234 2233 2232 2231 2230 2229 2228 1184 1183 1181 1180 1179 1178 1177 1176 1175 1174 1173 1171 1170 1168 1167 1166 1165 1164 1163 1162 1161 2414 2413 2412 2411 2410 2409 2408 2407 896 895 894 893 892 891 890 889 888 887 886 885 884 883 882 881 880 879 878 877 185 173 172 463 456 1021 1017 1016 1015 1014 1013 1012 1011 1154 1153 1152 1151 1150 1149 1148 1147 1146 1145 1144 1143 1142 12 -1 
Truck #2193 MaxCap: 60 Demand: 58.0 ROUTE:0 1302 1300 1299 1294 1285 2301 2300 2299 2298 2297 2296 1692 1691 1221 1217 1642 1637 1625 2020 2019 2018 2017 2016 2015 2014 2013 2012 1582 1575 711 710 701 2367 2366 2365 2364 2363 2362 2361 2360 2359 2358 2357 2356 2355 2354 2353 2352 2351 2350 2349 2348 2347 2346 2345 2344 1331 1330 -1 
Truck #2194 MaxCap: 100 Demand: 97.0 ROUTE:0 1470 1469 1466 1462 1460 1455 1745 1744 1182 1172 1169 1404 1403 1402 1399 1020 1019 1018 2324 2323 2322 2321 2320 2319 2318 2317 2316 2315 2314 2313 2312 2311 1856 1398 1391 1386 679 674 685 2310 2309 1040 1038 1026 1024 2279 2278 2277 2276 2275 2274 2273 2272 2271 2270 2269 1565 1561 1555 1551 1543 2432 2431 2430 2429 2428 2427 2426 2425 2424 2423 2422 2421 2420 2419 2418 2417 2416 2415 1383 2308 2307 2306 2305 2304 2303 2302 1620 1616 1611 1610 1607 1282 1279 1274 1136 1133 -1 
Truck #2195 MaxCap: 160 Demand: 111.0 ROUTE:0 962 961 1660 1658 1657 1649 1648 1646 742 738 2011 2010 2009 2008 2007 2006 2005 2004 2003 2002 2001 2000 1999 1998 1997 1996 1995 1994 1993 1992 1991 1198 1190 1495 1479 1478 1473 990 984 981 978 976 1523 1522 1520 1518 1990 1989 1988 1987 1986 1985 1984 1983 1982 1981 1980 1979 1978 1977 1976 1975 1091 1086 1071 1350 1345 1342 1339 1336 1335 1334 2181 2180 2179 2178 2177 2176 2175 2174 2173 2172 2171 2170 2169 2168 2167 2166 2165 2164 2163 850 842 840 835 1868 1052 1050 1049 1046 1043 2379 2378 2377 2376 2375 2374 2373 2372 2371 2370 -1 
Truck #2196 MaxCap: 20 Demand: 19.0 ROUTE:0 99 98 97 96 95 91 90 87 86 85 84 83 82 80 77 1899 1898 1897 1896 -1 
Truck #2197 MaxCap: 20 Demand: 19.0 ROUTE:0 23 22 21 20 19 1 1916 1915 1913 1912 1911 1909 1908 1906 1905 1903 1902 1901 1900 -1 
Truck #2198 MaxCap: 20 Demand: 19.0 ROUTE:0 2221 2220 2219 2218 2217 2216 2215 2214 2213 2212 2211 2210 2209 2208 2207 2206 2205 2204 24 -1 
Truck #2199 MaxCap: 20 Demand: 19.0 ROUTE:0 1626 1624 1623 1622 197 196 193 192 191 190 189 188 187 2227 2226 2225 2224 2223 2222 -1 
Truck #2200 MaxCap: 20 Demand: 19.0 ROUTE:0 601 599 597 596 594 1641 1640 1639 1638 1636 1635 1634 1633 1632 1631 1630 1629 1628 1627 -1 
Truck #2201 MaxCap: 20 Demand: 19.0 ROUTE:0 1939 1806 1805 1804 1803 1802 1801 1800 1798 1796 2085 2084 2083 2082 2081 396 395 27 26 -1 
Truck #2202 MaxCap: 20 Demand: 19.0 ROUTE:0 432 431 430 429 428 427 426 424 423 421 420 38 37 36 34 32 31 29 28 -1 
Truck #2203 MaxCap: 20 Demand: 19.0 ROUTE:0 306 305 303 302 301 300 443 442 441 440 439 437 436 434 433 64 63 61 60 -1 
Truck #2204 MaxCap: 20 Demand: 19.0 ROUTE:0 573 572 571 570 569 568 567 566 565 564 562 76 74 72 70 68 67 66 65 -1 
Truck #2205 MaxCap: 20 Demand: 19.0 ROUTE:0 40 530 528 527 526 524 523 521 520 519 518 516 515 511 509 508 577 576 574 -1 
Truck #2206 MaxCap: 20 Demand: 19.0 ROUTE:0 610 609 605 604 603 58 57 56 55 54 53 51 50 48 47 46 45 44 41 -1 
Truck #2207 MaxCap: 20 Demand: 19.0 ROUTE:0 617 616 613 612 611 1384 1382 1381 1554 1553 1552 1550 1549 1548 1547 1546 1545 1544 1542 -1 
Truck #2208 MaxCap: 20 Demand: 19.0 ROUTE:0 1283 1281 1280 1278 1277 1276 1275 1273 1272 1271 1566 1564 1563 1562 1560 1559 1558 1557 1556 -1 
Truck #2209 MaxCap: 20 Demand: 19.0 ROUTE:0 1785 1784 1783 1782 1780 1779 1778 1777 1774 1773 507 506 1793 1792 1790 1789 1788 1787 1786 -1 
Truck #2210 MaxCap: 20 Demand: 19.0 ROUTE:0 1884 1883 1879 1878 1877 1876 1875 1874 1873 1872 1871 1870 1869 588 586 585 584 583 582 -1 
Truck #2211 MaxCap: 20 Demand: 19.0 ROUTE:0 16 15 14 459 458 457 1397 1396 1395 1394 1393 1392 1390 1389 1388 1387 1385 1410 1409 -1 
Truck #2212 MaxCap: 20 Demand: 19.0 ROUTE:0 180 179 177 176 175 174 476 475 474 472 470 469 468 467 465 464 462 461 460 -1 
Truck #2213 MaxCap: 20 Demand: 19.0 ROUTE:0 670 669 668 667 666 665 664 663 662 661 660 659 658 657 186 184 183 182 181 -1 
Truck #2214 MaxCap: 20 Demand: 19.0 ROUTE:0 581 579 681 680 678 677 676 675 673 672 671 495 494 492 491 490 489 487 486 -1 
Truck #2215 MaxCap: 20 Demand: 19.0 ROUTE:0 1110 1109 1108 1107 1106 1105 1104 1408 1407 1406 1405 1401 1400 504 502 501 499 498 497 -1 
Truck #2216 MaxCap: 20 Demand: 19.0 ROUTE:0 2074 2073 2072 2071 2070 2069 2068 2067 2066 2065 2064 2063 2062 2061 2060 2059 1887 1886 1885 -1 
Truck #2217 MaxCap: 20 Demand: 19.0 ROUTE:0 1327 1326 1325 1322 1321 1320 1319 823 822 821 820 819 818 2080 2079 2078 2077 2076 2075 -1 
Truck #2218 MaxCap: 20 Demand: 19.0 ROUTE:0 1721 956 955 953 952 951 950 949 948 947 946 945 944 943 942 940 939 938 937 -1 
Truck #2219 MaxCap: 20 Demand: 19.0 ROUTE:0 2286 2285 2284 2283 2282 2281 2280 2293 2292 2291 2290 2289 2288 2287 394 393 651 219 218 -1 
Truck #2220 MaxCap: 20 Demand: 19.0 ROUTE:0 264 262 261 259 258 255 254 252 251 250 249 248 247 246 656 655 654 653 652 -1 
Truck #2221 MaxCap: 20 Demand: 19.0 ROUTE:0 1368 1367 1366 1365 1363 1362 1361 1359 1358 1357 1356 1354 1353 1352 1374 1373 1372 1371 1369 -1 
Truck #2222 MaxCap: 20 Demand: 19.0 ROUTE:0 266 265 1160 1159 1158 1157 1156 1155 960 959 958 957 1644 1643 1429 1426 1425 1424 1423 -1 
Truck #2223 MaxCap: 20 Demand: 19.0 ROUTE:0 689 688 687 686 684 683 682 690 1661 1659 1656 1655 1654 1653 1652 1651 1650 1647 1645 -1 
Truck #2224 MaxCap: 20 Demand: 19.0 ROUTE:0 998 997 1743 1741 1740 1738 1737 1736 1735 1734 1733 1731 1729 1728 1727 1725 1724 1723 1722 -1 
Truck #2225 MaxCap: 20 Demand: 19.0 ROUTE:0 398 397 419 418 417 415 414 413 412 411 410 409 408 406 405 403 402 401 400 -1 
Truck #2226 MaxCap: 20 Demand: 19.0 ROUTE:0 559 558 557 556 555 554 551 550 549 1010 1008 1007 1006 1005 1004 1002 1001 1000 999 -1 
Truck #2227 MaxCap: 20 Demand: 19.0 ROUTE:0 132 130 129 128 125 124 123 114 113 111 110 108 107 106 105 104 102 101 134 -1 
Truck #2228 MaxCap: 60 Demand: 59.0 ROUTE:0 646 118 112 1850 1846 1845 1380 1376 1375 593 1772 1771 1767 1762 536 718 712 974 973 1126 388 386 374 373 372 1205 1204 1203 1202 1201 1200 1199 1197 1196 1195 1194 1193 1192 1191 1189 2248 2247 2246 2245 2244 2243 2242 2241 2240 2239 2238 1054 1053 1051 1048 1047 1045 1044 1042 -1 
Truck #2229 MaxCap: 20 Demand: 19.0 ROUTE:0 543 542 541 540 539 538 537 535 534 532 531 591 590 589 120 119 117 116 115 -1 
Truck #2230 MaxCap: 40 Demand: 39.0 ROUTE:0 168 167 165 160 159 158 157 156 389 384 382 381 876 874 872 868 867 855 729 728 727 726 725 724 723 722 721 720 719 717 716 715 714 713 533 560 553 552 592 -1 
Truck #2231 MaxCap: 20 Demand: 19.0 ROUTE:0 648 647 645 644 642 641 640 2107 2106 2105 2104 2103 2102 2101 2100 2099 2098 2097 2096 -1 
Truck #2232 MaxCap: 20 Demand: 19.0 ROUTE:0 2295 2294 171 170 169 166 164 163 162 161 155 154 153 152 151 1313 1311 1310 1309 -1 
Truck #2233 MaxCap: 20 Demand: 19.0 ROUTE:0 869 866 865 864 863 862 861 860 859 858 857 856 854 853 852 1317 1316 1315 1314 -1 
Truck #2234 MaxCap: 20 Demand: 19.0 ROUTE:0 392 390 387 385 383 380 379 378 377 376 375 371 2406 2405 2404 875 873 871 870 -1 
Truck #2235 MaxCap: 40 Demand: 39.0 ROUTE:0 1510 1509 1508 1506 1505 1504 1503 10 1966 1965 1964 1963 1962 1961 1960 1959 1958 1957 1956 1955 1954 1953 1952 1951 1950 1949 1948 1947 1946 1945 480 479 391 767 763 762 761 759 757 -1 
Truck #2236 MaxCap: 20 Demand: 19.0 ROUTE:0 2368 769 768 766 765 764 760 758 756 755 754 753 752 751 750 749 748 747 746 -1 
Truck #2237 MaxCap: 60 Demand: 59.0 ROUTE:0 133 121 1270 1269 1268 1267 1266 1265 1264 1263 1262 1260 996 995 994 993 992 991 989 988 987 986 985 983 982 980 979 977 975 1494 1493 1492 1491 1490 1489 1488 1487 1486 1485 1484 1483 1482 1481 1480 1477 1476 1475 1474 1973 1972 1971 1970 1969 1968 1967 482 1515 1511 1507 -1 
Truck #2238 MaxCap: 20 Demand: 19.0 ROUTE:0 11 9 7 6 5 484 483 481 478 477 2369 735 734 732 731 730 1113 1112 1867 -1 
Truck #2239 MaxCap: 40 Demand: 39.0 ROUTE:0 1514 1513 1512 244 239 233 225 200 363 361 355 352 2162 2161 2160 2159 2158 2157 2156 2155 2154 2153 2152 2151 1117 1111 733 1236 1227 1836 1835 1834 1831 1830 1829 1828 1827 1826 1825 -1 
Truck #2240 MaxCap: 60 Demand: 59.0 ROUTE:0 8 4 242 229 222 1974 215 208 202 201 1351 1349 1348 1347 1346 1344 1343 1341 1340 1338 1337 1333 637 634 1833 1832 1824 1823 1253 1250 965 964 963 139 137 1664 1663 1662 2261 2260 2259 2258 2257 2256 2255 2254 851 849 848 847 846 845 844 843 841 839 838 837 836 -1 
Truck #2241 MaxCap: 20 Demand: 19.0 ROUTE:0 638 636 635 633 631 630 629 628 626 625 624 623 622 621 620 1116 1115 1114 199 -1 
Truck #2242 MaxCap: 20 Demand: 19.0 ROUTE:0 230 228 227 226 224 223 221 216 214 213 212 211 210 209 207 206 205 204 203 -1 
Truck #2243 MaxCap: 20 Demand: 19.0 ROUTE:0 1706 1705 1704 1703 1702 1701 1700 1699 245 243 241 240 238 237 236 235 234 232 231 -1 
Truck #2244 MaxCap: 20 Demand: 19.0 ROUTE:0 1234 1233 1232 1231 1230 1229 1228 1226 1225 1720 1719 1718 1717 1716 1715 1714 1713 1712 1707 -1 
Truck #2245 MaxCap: 20 Demand: 19.0 ROUTE:0 351 772 771 770 1085 1084 1083 1082 1081 1080 1079 1078 1077 1076 1075 1074 1073 1072 1070 -1 
Truck #2246 MaxCap: 20 Demand: 19.0 ROUTE:0 370 369 368 367 366 365 364 362 360 359 358 357 356 354 353 1090 1089 1088 1087 -1 
Truck #2247 MaxCap: 40 Demand: 39.0 ROUTE:0 1528 1527 632 627 619 618 1842 1841 1840 1839 1838 1837 1252 1251 1249 1248 1247 1246 1245 1244 1243 1242 1241 1240 2113 2112 2111 2110 2109 2108 141 140 135 789 788 787 784 1069 1068 -1 
Truck #2248 MaxCap: 20 Demand: 19.0 ROUTE:0 1453 1452 1451 1449 1447 1446 1445 1443 1239 1238 1237 1235 639 145 144 143 142 138 136 -1 
Truck #2249 MaxCap: 20 Demand: 19.0 ROUTE:0 791 790 786 785 783 782 781 780 779 778 777 776 775 774 773 149 148 147 146 -1 
Truck #2250 MaxCap: 20 Demand: 19.0 ROUTE:0 350 348 347 341 340 339 337 336 335 334 1524 1521 1519 1517 1516 795 794 793 792 -1 
Truck #2251 MaxCap: 40 Demand: 39.0 ROUTE:0 284 283 282 1938 1937 1936 1935 1934 1933 1932 1931 1930 1929 1928 1926 1925 1924 1923 1922 1921 1919 1918 1917 1122 1450 1448 1444 2120 2119 2118 2117 2116 2115 2114 349 346 345 342 338 -1 
Truck #2252 MaxCap: 20 Demand: 19.0 ROUTE:0 1538 1537 1536 1535 1534 1533 1532 1531 1530 1529 1526 1525 1125 1124 1123 1121 1120 1119 1118 -1 
Truck #2253 MaxCap: 60 Demand: 58.0 ROUTE:0 344 343 1927 1920 308 1895 1894 1892 1891 1890 1889 1888 972 971 968 967 966 1687 1685 1684 1683 1682 1681 1679 1678 1677 1675 1673 1672 1671 1670 1669 1668 1667 1666 1665 931 924 2046 2045 2044 2043 2042 2041 2040 2039 2038 2037 2036 2035 2034 2033 2032 2031 2030 2029 450 449 -1 
Truck #2254 MaxCap: 60 Demand: 59.0 ROUTE:0 693 1893 1686 1680 1676 1674 2150 2149 2148 2147 2146 2145 2144 2143 2142 2141 2140 2139 2138 2137 2136 2135 970 969 2342 2341 2340 2339 2338 2337 2336 2335 2334 2095 2094 2093 2092 2091 2090 2089 2088 2087 2086 1711 1710 1709 1708 1261 1312 1308 1307 1306 1600 1591 1742 1739 1732 1730 1726 -1 
Truck #2255 MaxCap: 20 Demand: 19.0 ROUTE:0 1822 297 296 293 292 291 290 289 288 286 285 1454 455 454 453 452 451 446 444 -1 
Truck #2256 MaxCap: 40 Demand: 38.0 ROUTE:0 263 260 257 253 220 217 1324 1323 1318 1882 1881 1880 2058 2057 2056 2055 2054 2053 2052 2051 2050 2049 2048 2047 298 295 294 287 2333 2332 2331 2330 2329 2328 2327 2326 2325 445 -1 
Truck #2257 MaxCap: 40 Demand: 39.0 ROUTE:0 643 1009 1003 1770 1769 1768 1766 1765 1764 1763 1760 1758 1756 1755 1754 1753 448 447 936 935 934 933 932 930 929 928 927 926 925 923 922 88 81 78 100 93 89 1411 1501 -1 
Truck #2258 MaxCap: 20 Demand: 19.0 ROUTE:0 695 694 692 691 1420 1419 1418 1417 1416 1415 1414 1413 1412 1502 1500 1499 1498 1497 1496 -1 


Inital Solution 0 changes  totQ=2432.00 totD=13521.85 $3239.54
Local One Opt 73 changes  totQ=2432.00 totD=13081.37 $3196.06
Local Two Opt 30 changes  totQ=2432.00 totD=13030.25 $3191.08
Local Three Opt 3 changes  totQ=2432.00 totD=13018.33 $3189.42
K-Two Forward 0 changes  totQ=2432.00 totD=13018.33 $3189.42
K-Two Reverse 0 changes  totQ=2432.00 totD=13018.33 $3189.42
K-Three Forward 0 changes  totQ=2432.00 totD=13018.33 $3189.42
K-Three Reverse 0 changes  totQ=2432.00 totD=13018.33 $3189.42
Exchange 01 22 changes  totQ=2432.00 totD=13126.94 $3167.83
Exchange 01 0 changes  totQ=2432.00 totD=13126.94 $3167.83
Exchange 11 20 changes  totQ=2432.00 totD=12947.14 $3160.06
Exchange 02 0 changes  totQ=2432.00 totD=12947.14 $3160.06
Exchange 20 0 changes  totQ=2432.00 totD=12947.14 $3160.06
Exchange 12 8 changes  totQ=2432.00 totD=12766.19 $3155.57
Exchange 21 0 changes  totQ=2432.00 totD=12766.19 $3155.57
Exchange 22 0 changes  totQ=2432.00 totD=12766.19 $3155.57
Combination 0 changes  totQ=2432.00 totD=12766.19 $3155.57
Reduction 0 changes  totQ=2432.00 totD=12766.19 $3155.57
Reallocation 0 changes  totQ=2432.00 totD=12766.19 $3155.57
Relax/Combine 0 changes  totQ=2432.00 totD=12766.19 $3155.57
Sharing 0 changes  totQ=2432.00 totD=12766.19 $3155.57
Relax/Share 0 changes  totQ=2432.00 totD=12766.19 $3155.57
