3258
1 1 1 -34.686 24.048 1
2 1 1 -34.686 24.048 1
3 1 1 -34.686 24.048 1
4 1 1 -34.686 24.048 1
5 1 1 -34.686 24.048 1
6 1 1 -34.686 24.048 1
7 1 1 -34.686 24.048 1
8 2 1 -34.686 24.048 1
9 1 1 -34.686 24.048 1
10 2 1 -34.686 24.048 1
11 1 1 -34.686 24.048 1
12 1 1 -34.686 24.048 1
13 2 1 -34.686 24.048 1
14 1 1 -34.686 24.048 1
15 1 1 -34.686 24.048 1
16 4 1 -34.686 24.048 1
17 1 1 -34.686 24.048 1
18 2 1 -34.686 24.048 1
19 1 1 -34.686 24.048 1
20 1 1 -34.686 24.048 1
21 2 1 -34.686 24.048 1
22 1 1 -34.686 24.048 1
23 1 1 -34.686 24.048 1
24 1 1 -34.686 24.048 1
25 1 1 9.717 -10.956 2
26 2 1 9.717 -10.956 2
27 1 1 9.717 -10.956 2
28 1 1 9.717 -10.956 2
29 1 1 9.717 -10.956 2
30 1 1 9.717 -10.956 2
31 4 1 9.717 -10.956 2
32 1 1 9.717 -10.956 2
33 1 1 9.717 -10.956 2
34 4 1 9.717 -10.956 2
35 4 1 9.717 -10.956 2
36 1 1 9.717 -10.956 2
37 1 1 9.717 -10.956 2
38 1 1 9.717 -10.956 2
39 1 1 9.717 -10.956 2
40 1 1 9.717 -10.956 2
41 2 1 9.717 -10.956 2
42 1 1 9.717 -10.956 2
43 2 1 54.742 -41.296 3
44 2 1 54.742 -41.296 3
45 2 1 54.742 -41.296 3
46 1 1 54.742 -41.296 3
47 2 1 54.742 -41.296 3
48 1 1 54.742 -41.296 3
49 2 1 54.742 -41.296 3
50 1 1 54.742 -41.296 3
51 4 1 54.742 -41.296 3
52 4 1 54.742 -41.296 3
53 1 1 54.742 -41.296 3
54 1 1 54.742 -41.296 3
55 1 1 54.742 -41.296 3
56 2 1 54.742 -41.296 3
57 1 1 54.742 -41.296 3
58 1 1 51.898 89.935 4
59 2 1 51.898 89.935 4
60 1 1 51.898 89.935 4
61 1 1 51.898 89.935 4
62 1 1 51.898 89.935 4
63 2 1 51.898 89.935 4
64 1 1 51.898 89.935 4
65 1 1 51.898 89.935 4
66 1 1 51.898 89.935 4
67 1 1 51.898 89.935 4
68 2 1 51.898 89.935 4
69 1 1 51.898 89.935 4
70 2 1 51.898 89.935 4
71 1 1 51.898 89.935 4
72 1 1 51.898 89.935 4
73 1 1 51.898 89.935 4
74 1 1 51.898 89.935 4
75 1 1 51.898 89.935 4
76 1 1 -0.0060 24.42 5
77 1 1 -0.0060 24.42 5
78 1 1 -0.0060 24.42 5
79 1 1 -0.0060 24.42 5
80 1 1 -0.0060 24.42 5
81 1 1 -0.0060 24.42 5
82 2 1 -0.0060 24.42 5
83 1 1 7.379 -12.677 6
84 1 1 -56.36 19.299 7
85 1 1 -56.36 19.299 7
86 1 1 -56.36 19.299 7
87 1 1 -56.36 19.299 7
88 1 1 -56.36 19.299 7
89 1 1 -56.36 19.299 7
90 1 1 -56.36 19.299 7
91 1 1 -56.36 19.299 7
92 1 1 -56.36 19.299 7
93 1 1 -56.36 19.299 7
94 1 1 -56.36 19.299 7
95 1 1 -56.36 19.299 7
96 1 1 -56.36 19.299 7
97 2 1 -56.36 19.299 7
98 1 1 -56.36 19.299 7
99 1 1 -56.36 19.299 7
100 1 1 -56.36 19.299 7
101 1 1 0.604 24.774 8
102 1 1 0.604 24.774 8
103 2 1 0.604 24.774 8
104 1 1 0.604 24.774 8
105 1 1 0.604 24.774 8
106 1 1 0.604 24.774 8
107 1 1 0.604 24.774 8
108 1 1 44.183 55.829 9
109 1 1 44.183 55.829 9
110 1 1 44.183 55.829 9
111 1 1 44.183 55.829 9
112 1 1 44.183 55.829 9
113 1 1 -24.292 27.118 10
114 1 1 -24.292 27.118 10
115 1 1 -24.292 27.118 10
116 4 1 -24.292 27.118 10
117 1 1 -24.292 27.118 10
118 1 1 -24.292 27.118 10
119 2 1 -24.292 27.118 10
120 1 1 -24.292 27.118 10
121 1 1 -24.292 27.118 10
122 1 1 -24.292 27.118 10
123 1 1 -24.292 27.118 10
124 4 1 -24.292 27.118 10
125 4 1 -24.292 27.118 10
126 1 1 -24.292 27.118 10
127 1 1 -24.292 27.118 10
128 1 1 -24.292 27.118 10
129 1 1 2.789 54.303 11
130 1 1 2.789 54.303 11
131 1 1 2.789 54.303 11
132 4 1 2.789 54.303 11
133 1 1 2.789 54.303 11
134 1 1 2.789 54.303 11
135 1 1 2.789 54.303 11
136 2 1 2.789 54.303 11
137 1 1 57.104 66.65 12
138 1 1 57.104 66.65 12
139 1 1 57.104 66.65 12
140 2 1 57.104 66.65 12
141 2 1 57.104 66.65 12
142 2 1 57.104 66.65 12
143 4 1 57.104 66.65 12
144 1 1 57.104 66.65 12
145 1 1 -51.465 30.646 13
146 2 1 -51.465 30.646 13
147 1 1 -51.465 30.646 13
148 2 1 -51.465 30.646 13
149 2 1 -51.465 30.646 13
150 2 1 -51.465 30.646 13
151 1 1 -51.465 30.646 13
152 4 1 -51.465 30.646 13
153 1 1 -51.465 30.646 13
154 1 1 -51.465 30.646 13
155 1 1 -51.465 30.646 13
156 1 1 -51.465 30.646 13
157 1 1 -51.465 30.646 13
158 2 1 -51.465 30.646 13
159 1 1 -51.465 30.646 13
160 1 1 -51.465 30.646 13
161 1 1 -51.465 30.646 13
162 1 1 -51.465 30.646 13
163 1 1 -51.465 30.646 13
164 1 1 -51.465 30.646 13
165 4 1 -51.465 30.646 13
166 1 1 47.546 -20.782 14
167 1 1 47.546 -20.782 14
168 2 1 47.546 -20.782 14
169 1 1 47.546 -20.782 14
170 4 1 47.546 -20.782 14
171 1 1 47.546 -20.782 14
172 1 1 47.546 -20.782 14
173 1 1 47.546 -20.782 14
174 2 1 47.546 -20.782 14
175 1 1 6.696 32.458 15
176 1 1 6.696 32.458 15
177 1 1 6.696 32.458 15
178 1 1 6.696 32.458 15
179 1 1 6.696 32.458 15
180 1 1 6.696 32.458 15
181 1 1 6.696 32.458 15
182 1 1 6.696 32.458 15
183 2 1 6.696 32.458 15
184 1 1 6.696 32.458 15
185 4 1 6.696 32.458 15
186 2 1 6.696 32.458 15
187 1 1 6.696 32.458 15
188 4 1 6.696 32.458 15
189 1 1 6.696 32.458 15
190 1 1 6.696 32.458 15
191 1 1 6.696 32.458 15
192 1 1 6.696 32.458 15
193 1 1 41.144 18.518 16
194 1 1 41.144 18.518 16
195 2 1 41.144 18.518 16
196 1 1 41.144 18.518 16
197 1 1 41.144 18.518 16
198 1 1 41.144 18.518 16
199 1 1 -62.811 59.491 17
200 4 1 -62.811 59.491 17
201 1 1 -62.811 59.491 17
202 1 1 -62.811 59.491 17
203 2 1 -62.811 59.491 17
204 1 1 -62.811 59.491 17
205 2 1 -62.811 59.491 17
206 1 1 -62.811 59.491 17
207 4 1 -62.811 59.491 17
208 2 1 -62.811 59.491 17
209 1 1 -62.811 59.491 17
210 1 1 -62.811 59.491 17
211 2 1 -62.811 59.491 17
212 1 1 -62.811 59.491 17
213 1 1 -62.811 59.491 17
214 1 1 -62.811 59.491 17
215 1 1 -62.811 59.491 17
216 1 1 -62.811 59.491 17
217 1 1 -62.811 59.491 17
218 1 1 -62.811 59.491 17
219 1 1 -62.811 59.491 17
220 2 1 -62.811 59.491 17
221 2 1 -62.811 59.491 17
222 1 1 20.728 -37.5 18
223 1 1 20.728 -37.5 18
224 1 1 20.728 -37.5 18
225 1 1 20.728 -37.5 18
226 1 1 20.728 -37.5 18
227 1 1 20.728 -37.5 18
228 1 1 20.728 -37.5 18
229 1 1 20.728 -37.5 18
230 1 1 20.728 -37.5 18
231 2 1 -59.039 38.422 19
232 1 1 -59.039 38.422 19
233 1 1 -59.039 38.422 19
234 1 1 -59.039 38.422 19
235 1 1 -59.039 38.422 19
236 1 1 -59.039 38.422 19
237 1 1 -59.039 38.422 19
238 1 1 -59.039 38.422 19
239 1 1 -59.039 38.422 19
240 1 1 -59.039 38.422 19
241 2 1 -59.039 38.422 19
242 1 1 -59.039 38.422 19
243 1 1 -59.039 38.422 19
244 1 1 -59.039 38.422 19
245 1 1 36.731 -50.226 20
246 2 1 36.731 -50.226 20
247 1 1 36.731 -50.226 20
248 4 1 36.731 -50.226 20
249 4 1 36.731 -50.226 20
250 1 1 -62.03 33.521 21
251 4 1 -62.03 33.521 21
252 4 1 -62.03 33.521 21
253 1 1 -62.03 33.521 21
254 1 1 -62.03 33.521 21
255 2 1 -62.03 33.521 21
256 1 1 -62.03 33.521 21
257 1 1 -62.03 33.521 21
258 2 1 -62.03 33.521 21
259 2 1 -62.03 33.521 21
260 2 1 -62.03 33.521 21
261 1 1 -62.03 33.521 21
262 1 1 -62.03 33.521 21
263 1 1 -62.03 33.521 21
264 4 1 -62.03 33.521 21
265 1 1 -62.03 33.521 21
266 2 1 -62.03 33.521 21
267 1 1 -62.03 33.521 21
268 1 1 -62.03 33.521 21
269 2 1 -62.03 33.521 21
270 1 1 -62.03 33.521 21
271 2 1 -62.03 33.521 21
272 1 1 46.21 17.157 22
273 1 1 46.21 17.157 22
274 4 1 46.21 17.157 22
275 1 1 46.21 17.157 22
276 1 1 46.21 17.157 22
277 2 1 46.21 17.157 22
278 1 1 46.21 17.157 22
279 1 1 46.21 17.157 22
280 1 1 46.21 17.157 22
281 1 1 46.21 17.157 22
282 1 1 46.21 17.157 22
283 1 1 27.307 21.722 23
284 4 1 27.307 21.722 23
285 2 1 27.307 21.722 23
286 1 1 27.307 21.722 23
287 2 1 27.307 21.722 23
288 4 1 27.307 21.722 23
289 1 1 27.307 21.722 23
290 1 1 27.307 21.722 23
291 1 1 27.307 21.722 23
292 2 1 27.307 21.722 23
293 1 1 27.307 21.722 23
294 2 1 27.307 21.722 23
295 1 1 27.307 21.722 23
296 2 1 27.307 21.722 23
297 1 1 27.307 21.722 23
298 4 1 27.307 21.722 23
299 4 1 27.307 21.722 23
300 1 1 27.307 21.722 23
301 1 1 27.307 21.722 23
302 1 1 27.307 21.722 23
303 1 1 27.307 21.722 23
304 1 1 6.403 -18.994 24
305 1 1 6.403 -18.994 24
306 1 1 6.403 -18.994 24
307 1 1 6.403 -18.994 24
308 2 1 6.403 -18.994 24
309 1 1 6.403 -18.994 24
310 4 1 6.403 -18.994 24
311 1 1 6.403 -18.994 24
312 2 1 6.403 -18.994 24
313 1 1 6.403 -18.994 24
314 1 1 6.403 -18.994 24
315 1 1 6.403 -18.994 24
316 1 1 6.403 -18.994 24
317 2 1 6.403 -18.994 24
318 1 1 6.403 -18.994 24
319 1 1 6.403 -18.994 24
320 1 1 6.403 -18.994 24
321 1 1 6.403 -18.994 24
322 2 1 6.403 -18.994 24
323 1 1 20.776 -15.387 25
324 1 1 20.776 -15.387 25
325 1 1 20.776 -15.387 25
326 1 1 20.776 -15.387 25
327 1 1 20.776 -15.387 25
328 4 1 20.776 -15.387 25
329 2 1 20.776 -15.387 25
330 1 1 20.776 -15.387 25
331 1 1 20.776 -15.387 25
332 1 1 20.776 -15.387 25
333 1 1 20.776 -15.387 25
334 2 1 20.776 -15.387 25
335 1 1 20.776 -15.387 25
336 2 1 20.776 -15.387 25
337 2 1 20.776 -15.387 25
338 1 1 -53.625 34.863 26
339 1 1 -53.625 34.863 26
340 1 1 -53.625 34.863 26
341 1 1 -53.625 34.863 26
342 1 1 -53.625 34.863 26
343 4 1 -53.625 34.863 26
344 2 1 -53.625 34.863 26
345 2 1 -53.625 34.863 26
346 1 1 -53.625 34.863 26
347 1 1 -53.625 34.863 26
348 1 1 -53.625 34.863 26
349 1 1 -53.625 34.863 26
350 1 1 -53.625 34.863 26
351 1 1 -12.903 37.512 27
352 1 1 -12.903 37.512 27
353 1 1 -12.903 37.512 27
354 2 1 -12.903 37.512 27
355 1 1 -13.123 2.655 28
356 4 1 -13.123 2.655 28
357 1 1 -13.123 2.655 28
358 2 1 -13.123 2.655 28
359 1 1 -13.123 2.655 28
360 4 1 -13.123 2.655 28
361 1 1 -13.123 2.655 28
362 1 1 -13.123 2.655 28
363 1 1 -13.123 2.655 28
364 2 1 -13.123 2.655 28
365 1 1 -13.123 2.655 28
366 1 1 -13.123 2.655 28
367 1 1 -13.123 2.655 28
368 1 1 -13.123 2.655 28
369 1 1 -13.123 2.655 28
370 1 1 -13.123 2.655 28
371 1 1 -13.123 2.655 28
372 1 1 -13.123 2.655 28
373 2 1 -13.123 2.655 28
374 1 1 24.396 51.978 29
375 1 1 24.396 51.978 29
376 1 1 24.396 51.978 29
377 4 1 24.396 51.978 29
378 4 1 24.396 51.978 29
379 1 1 24.396 51.978 29
380 4 1 24.396 51.978 29
381 4 1 24.396 51.978 29
382 1 1 24.396 51.978 29
383 1 1 24.396 51.978 29
384 1 1 24.396 51.978 29
385 1 1 24.396 51.978 29
386 1 1 24.396 51.978 29
387 4 1 24.396 51.978 29
388 2 1 24.396 51.978 29
389 2 1 24.396 51.978 29
390 1 1 24.396 51.978 29
391 4 1 24.396 51.978 29
392 1 1 24.396 51.978 29
393 1 1 24.396 51.978 29
394 2 1 24.396 51.978 29
395 1 1 24.396 51.978 29
396 2 1 24.396 51.978 29
397 4 1 24.396 51.978 29
398 2 1 78.394 64.496 30
399 1 1 78.394 64.496 30
400 1 1 78.394 64.496 30
401 1 1 78.394 64.496 30
402 1 1 78.394 64.496 30
403 2 1 78.394 64.496 30
404 1 1 78.394 64.496 30
405 1 1 78.394 64.496 30
406 1 1 78.394 64.496 30
407 2 1 78.394 64.496 30
408 1 1 78.394 64.496 30
409 1 1 78.394 64.496 30
410 1 1 78.394 64.496 30
411 4 1 78.394 64.496 30
412 2 1 78.394 64.496 30
413 1 1 78.394 64.496 30
414 1 1 78.394 64.496 30
415 1 1 78.394 64.496 30
416 1 1 78.394 64.496 30
417 1 1 -11.444 69.794 31
418 1 1 -11.444 69.794 31
419 1 1 -11.444 69.794 31
420 4 1 -11.444 69.794 31
421 2 1 -11.444 69.794 31
422 1 1 -11.444 69.794 31
423 1 1 -11.444 69.794 31
424 1 1 -33.502 7.501 32
425 1 1 -33.502 7.501 32
426 1 1 -33.502 7.501 32
427 1 1 -33.502 7.501 32
428 1 1 -33.502 7.501 32
429 1 1 -33.502 7.501 32
430 4 1 -33.502 7.501 32
431 1 1 -33.502 7.501 32
432 1 1 -33.502 7.501 32
433 1 1 -33.502 7.501 32
434 1 1 -33.502 7.501 32
435 1 1 -33.502 7.501 32
436 2 1 -33.502 7.501 32
437 1 1 -33.502 7.501 32
438 4 1 -33.502 7.501 32
439 1 1 -33.502 7.501 32
440 2 1 -33.502 7.501 32
441 1 1 33.228 -22.797 33
442 1 1 33.228 -22.797 33
443 1 1 33.228 -22.797 33
444 2 1 33.228 -22.797 33
445 1 1 33.228 -22.797 33
446 1 1 33.228 -22.797 33
447 2 1 33.228 -22.797 33
448 1 1 33.228 -22.797 33
449 1 1 33.228 -22.797 33
450 1 1 33.228 -22.797 33
451 1 1 33.228 -22.797 33
452 1 1 33.228 -22.797 33
453 1 1 33.228 -22.797 33
454 1 1 33.228 -22.797 33
455 2 1 33.228 -22.797 33
456 1 1 33.228 -22.797 33
457 4 1 33.228 -22.797 33
458 1 1 33.228 -22.797 33
459 1 1 -5.127 -26.282 34
460 2 1 -5.127 -26.282 34
461 1 1 -5.127 -26.282 34
462 1 1 -5.127 -26.282 34
463 4 1 -5.127 -26.282 34
464 1 1 -5.127 -26.282 34
465 4 1 -5.127 -26.282 34
466 1 1 -5.127 -26.282 34
467 1 1 -5.127 -26.282 34
468 1 1 -5.127 -26.282 34
469 2 1 -5.127 -26.282 34
470 1 1 -5.127 -26.282 34
471 1 1 -5.127 -26.282 34
472 1 1 -5.127 -26.282 34
473 4 1 -5.127 -26.282 34
474 1 1 -5.127 -26.282 34
475 1 1 -5.127 -26.282 34
476 1 1 -5.127 -26.282 34
477 2 1 -5.127 -26.282 34
478 1 1 -5.127 -26.282 34
479 1 1 -5.127 -26.282 34
480 1 1 -5.127 -26.282 34
481 1 1 -5.127 -26.282 34
482 1 1 -5.127 -26.282 34
483 1 1 0.305 -79.218 35
484 1 1 0.305 -79.218 35
485 1 1 24.768 -88.69 36
486 1 1 24.768 -88.69 36
487 1 1 24.768 -88.69 36
488 2 1 24.768 -88.69 36
489 1 1 24.768 -88.69 36
490 1 1 24.768 -88.69 36
491 1 1 24.768 -88.69 36
492 1 1 24.768 -88.69 36
493 1 1 24.768 -88.69 36
494 1 1 24.768 -88.69 36
495 1 1 24.768 -88.69 36
496 2 1 24.768 -88.69 36
497 1 1 24.768 -88.69 36
498 1 1 24.768 -88.69 36
499 2 1 24.768 -88.69 36
500 2 1 24.768 -88.69 36
501 1 1 24.768 -88.69 36
502 1 1 24.768 -88.69 36
503 4 1 24.768 -88.69 36
504 1 1 24.768 -88.69 36
505 1 1 24.768 -88.69 36
506 1 1 24.768 -88.69 36
507 2 1 24.768 -88.69 36
508 1 1 24.768 -88.69 36
509 1 1 24.768 -88.69 36
510 1 1 5.243 -67.346 37
511 1 1 5.243 -67.346 37
512 2 1 5.243 -67.346 37
513 1 1 5.243 -67.346 37
514 4 1 5.243 -67.346 37
515 1 1 5.243 -67.346 37
516 1 1 5.243 -67.346 37
517 4 1 5.243 -67.346 37
518 4 1 -19.44 50.104 38
519 1 1 -19.44 50.104 38
520 1 1 -19.44 50.104 38
521 4 1 -19.44 50.104 38
522 4 1 -19.44 50.104 38
523 1 1 -19.44 50.104 38
524 4 1 -19.44 50.104 38
525 2 1 -19.44 50.104 38
526 1 1 -19.44 50.104 38
527 1 1 -19.44 50.104 38
528 2 1 -19.44 50.104 38
529 1 1 -19.44 50.104 38
530 1 1 -19.44 50.104 38
531 2 1 -19.44 50.104 38
532 1 1 -19.44 50.104 38
533 1 1 -19.44 50.104 38
534 1 1 -19.44 50.104 38
535 1 1 -19.44 50.104 38
536 1 1 -19.44 50.104 38
537 1 1 -19.44 50.104 38
538 2 1 -19.44 50.104 38
539 2 1 19.061 -29.48 39
540 1 1 19.061 -29.48 39
541 1 1 19.061 -29.48 39
542 1 1 19.061 -29.48 39
543 1 1 19.061 -29.48 39
544 1 1 19.061 -29.48 39
545 2 1 19.061 -29.48 39
546 1 1 -10.083 36.786 40
547 4 1 -10.083 36.786 40
548 1 1 -10.083 36.786 40
549 1 1 -10.083 36.786 40
550 1 1 -10.083 36.786 40
551 1 1 57.715 71.362 41
552 1 1 57.715 71.362 41
553 2 1 57.715 71.362 41
554 1 1 57.715 71.362 41
555 1 1 57.715 71.362 41
556 4 1 57.715 71.362 41
557 1 1 57.715 71.362 41
558 1 1 57.715 71.362 41
559 1 1 57.715 71.362 41
560 2 1 57.715 71.362 41
561 1 1 57.715 71.362 41
562 1 1 57.715 71.362 41
563 4 1 57.715 71.362 41
564 1 1 57.715 71.362 41
565 1 1 -47.406 63.544 42
566 2 1 -47.406 63.544 42
567 1 1 -47.406 63.544 42
568 4 1 -47.406 63.544 42
569 2 1 -47.406 63.544 42
570 2 1 -47.406 63.544 42
571 1 1 -47.406 63.544 42
572 1 1 -47.406 63.544 42
573 1 1 -47.406 63.544 42
574 1 1 -47.406 63.544 42
575 1 1 -47.406 63.544 42
576 1 1 -47.406 63.544 42
577 1 1 -47.406 63.544 42
578 1 1 -47.406 63.544 42
579 4 1 -47.406 63.544 42
580 2 1 15.79 -17.041 43
581 2 1 15.79 -17.041 43
582 4 1 70.361 27.753 44
583 1 1 70.361 27.753 44
584 1 1 70.361 27.753 44
585 1 1 70.361 27.753 44
586 1 1 70.361 27.753 44
587 1 1 -2.551 51.666 45
588 1 1 -68.878 4.053 46
589 2 1 -68.878 4.053 46
590 1 1 -68.878 4.053 46
591 4 1 -19.385 12.677 47
592 2 1 -19.385 12.677 47
593 1 1 -19.385 12.677 47
594 1 1 -19.385 12.677 47
595 1 1 -19.385 12.677 47
596 2 1 -19.385 12.677 47
597 1 1 -19.385 12.677 47
598 4 1 -19.385 12.677 47
599 1 1 -19.385 12.677 47
600 1 1 -19.385 12.677 47
601 2 1 -19.385 12.677 47
602 1 1 -19.385 12.677 47
603 1 1 -19.385 12.677 47
604 1 1 -19.385 12.677 47
605 1 1 -19.385 12.677 47
606 1 1 -19.385 12.677 47
607 1 1 -19.385 12.677 47
608 1 1 -19.385 12.677 47
609 1 1 -19.385 12.677 47
610 1 1 -19.385 12.677 47
611 1 1 -19.385 12.677 47
612 1 1 -19.385 12.677 47
613 1 1 -19.385 12.677 47
614 1 1 41.693 -93.585 48
615 1 1 41.693 -93.585 48
616 1 1 41.693 -93.585 48
617 2 1 41.693 -93.585 48
618 1 1 41.693 -93.585 48
619 1 1 41.693 -93.585 48
620 1 1 41.693 -93.585 48
621 1 1 41.693 -93.585 48
622 1 1 41.693 -93.585 48
623 1 1 41.693 -93.585 48
624 2 1 28.082 -18.262 49
625 1 1 28.082 -18.262 49
626 1 1 28.082 -18.262 49
627 1 1 28.082 -18.262 49
628 2 1 28.082 -18.262 49
629 1 1 28.082 -18.262 49
630 1 1 28.082 -18.262 49
631 1 1 28.082 -18.262 49
632 1 1 28.082 -18.262 49
633 1 1 28.082 -18.262 49
634 4 1 28.082 -18.262 49
635 2 1 28.082 -18.262 49
636 1 1 28.082 -18.262 49
637 4 1 28.082 -18.262 49
638 1 1 28.082 -18.262 49
639 1 1 28.082 -18.262 49
640 1 1 28.082 -18.262 49
641 1 1 28.082 -18.262 49
642 1 1 28.082 -18.262 49
643 2 1 28.082 -18.262 49
644 1 1 28.082 -18.262 49
645 1 1 28.082 -18.262 49
646 1 1 28.082 -18.262 49
647 1 1 28.845 -16.473 50
648 1 1 28.845 -16.473 50
649 4 1 28.845 -16.473 50
650 1 1 28.845 -16.473 50
651 1 1 28.845 -16.473 50
652 2 1 28.845 -16.473 50
653 4 1 28.845 -16.473 50
654 4 1 28.845 -16.473 50
655 2 1 28.845 -16.473 50
656 1 1 28.845 -16.473 50
657 2 1 28.845 -16.473 50
658 2 1 28.845 -16.473 50
659 1 1 -52.032 26.703 51
660 1 1 -52.032 26.703 51
661 1 1 -52.032 26.703 51
662 2 1 -52.032 26.703 51
663 1 1 -52.032 26.703 51
664 1 1 -52.032 26.703 51
665 2 1 -52.032 26.703 51
666 4 1 -52.032 26.703 51
667 1 1 -52.032 26.703 51
668 1 1 -52.032 26.703 51
669 1 1 -27.356 38.708 52
670 1 1 -27.356 38.708 52
671 1 1 -27.356 38.708 52
672 1 1 -27.356 38.708 52
673 1 1 -27.356 38.708 52
674 4 1 -27.356 38.708 52
675 2 1 -34.302 25.995 53
676 1 1 -34.302 25.995 53
677 1 1 -34.302 25.995 53
678 2 1 -34.302 25.995 53
679 2 1 -41.425 78.906 54
680 1 1 -41.425 78.906 54
681 1 1 -41.425 78.906 54
682 4 1 -41.425 78.906 54
683 4 1 -41.425 78.906 54
684 1 1 -41.425 78.906 54
685 4 1 -41.425 78.906 54
686 1 1 -41.425 78.906 54
687 2 1 -41.425 78.906 54
688 1 1 -41.425 78.906 54
689 2 1 -41.425 78.906 54
690 4 1 -41.425 78.906 54
691 4 1 -41.425 78.906 54
692 2 1 -41.425 78.906 54
693 1 1 -41.425 78.906 54
694 1 1 -41.425 78.906 54
695 1 1 -41.425 78.906 54
696 2 1 -41.425 78.906 54
697 1 1 -41.425 78.906 54
698 4 1 -41.425 78.906 54
699 1 1 -41.425 78.906 54
700 1 1 -41.425 78.906 54
701 1 1 -41.425 78.906 54
702 2 1 -41.425 78.906 54
703 1 1 -41.425 78.906 54
704 2 1 24.786 -35.925 55
705 1 1 24.786 -35.925 55
706 1 1 24.786 -35.925 55
707 1 1 24.786 -35.925 55
708 2 1 24.786 -35.925 55
709 1 1 24.786 -35.925 55
710 1 1 24.786 -35.925 55
711 1 1 24.786 -35.925 55
712 1 1 24.786 -35.925 55
713 1 1 24.786 -35.925 55
714 2 1 24.786 -35.925 55
715 1 1 24.786 -35.925 55
716 1 1 24.786 -35.925 55
717 1 1 24.786 -35.925 55
718 1 1 24.786 -35.925 55
719 1 1 24.786 -35.925 55
720 1 1 24.786 -35.925 55
721 1 1 24.786 -35.925 55
722 1 1 24.786 -35.925 55
723 4 1 -22.522 18.536 56
724 1 1 -22.522 18.536 56
725 1 1 -22.522 18.536 56
726 1 1 -22.522 18.536 56
727 4 1 -22.522 18.536 56
728 1 1 -22.522 18.536 56
729 1 1 -22.522 18.536 56
730 2 1 -22.522 18.536 56
731 1 1 -7.55 23.572 57
732 1 1 -7.55 23.572 57
733 1 1 -7.55 23.572 57
734 1 1 -7.55 23.572 57
735 1 1 -7.55 23.572 57
736 2 1 -7.55 23.572 57
737 2 1 -7.55 23.572 57
738 1 1 -7.55 23.572 57
739 1 1 -7.55 23.572 57
740 4 1 -7.55 23.572 57
741 4 1 -7.55 23.572 57
742 4 1 -7.55 23.572 57
743 1 1 -7.55 23.572 57
744 1 1 -7.55 23.572 57
745 2 1 -7.55 23.572 57
746 1 1 -7.55 23.572 57
747 2 1 -7.55 23.572 57
748 2 1 -7.55 23.572 57
749 1 1 -7.55 23.572 57
750 1 1 -7.55 23.572 57
751 1 1 -7.55 23.572 57
752 1 1 -45.129 30.438 58
753 4 1 -33.136 30.731 59
754 1 1 -33.136 30.731 59
755 1 1 -33.136 30.731 59
756 4 1 -33.136 30.731 59
757 1 1 -33.136 30.731 59
758 1 1 -33.136 30.731 59
759 1 1 -33.136 30.731 59
760 2 1 -33.136 30.731 59
761 2 1 -33.136 30.731 59
762 1 1 -33.136 30.731 59
763 2 1 -33.136 30.731 59
764 1 1 -31.482 9.351 60
765 1 1 -31.482 9.351 60
766 1 1 -31.482 9.351 60
767 2 1 -31.482 9.351 60
768 1 1 9.686 7.294 61
769 1 1 9.686 7.294 61
770 1 1 9.686 7.294 61
771 1 1 9.686 7.294 61
772 1 1 9.686 7.294 61
773 2 1 9.686 7.294 61
774 1 1 9.686 7.294 61
775 1 1 9.686 7.294 61
776 1 1 9.686 7.294 61
777 1 1 9.686 7.294 61
778 1 1 9.686 7.294 61
779 1 1 9.686 7.294 61
780 1 1 9.686 7.294 61
781 1 1 9.686 7.294 61
782 1 1 9.686 7.294 61
783 1 1 9.686 7.294 61
784 1 1 9.686 7.294 61
785 1 1 9.686 7.294 61
786 1 1 9.686 7.294 61
787 2 1 9.686 7.294 61
788 1 1 9.686 7.294 61
789 1 1 9.686 7.294 61
790 1 1 9.686 7.294 61
791 8 1 43.884 -23.669 62
792 1 1 43.884 -23.669 62
793 1 1 43.884 -23.669 62
794 1 1 43.884 -23.669 62
795 1 1 43.884 -23.669 62
796 1 1 43.884 -23.669 62
797 1 1 43.884 -23.669 62
798 1 1 43.884 -23.669 62
799 1 1 43.884 -23.669 62
800 1 1 43.884 -23.669 62
801 8 1 43.884 -23.669 62
802 1 1 43.884 -23.669 62
803 1 1 49.188 59.29 63
804 8 1 49.188 59.29 63
805 1 1 49.188 59.29 63
806 1 1 49.188 59.29 63
807 8 1 49.188 59.29 63
808 1 1 49.188 59.29 63
809 4 1 -39.551 -10.968 64
810 4 1 -39.551 -10.968 64
811 8 1 -39.551 -10.968 64
812 8 1 -39.551 -10.968 64
813 4 1 -39.551 -10.968 64
814 4 1 -39.551 -10.968 64
815 4 1 -39.551 -10.968 64
816 4 1 -39.551 -10.968 64
817 4 1 -39.551 -10.968 64
818 4 1 -39.551 -10.968 64
819 4 1 -39.551 -10.968 64
820 8 1 -39.551 -10.968 64
821 4 1 -39.551 -10.968 64
822 4 1 -39.551 -10.968 64
823 4 1 -39.551 -10.968 64
824 8 1 -39.551 -10.968 64
825 8 1 -39.551 -10.968 64
826 1 1 -96.521 45.508 65
827 1 1 -96.521 45.508 65
828 2 1 -96.521 45.508 65
829 1 1 -96.521 45.508 65
830 1 1 -96.521 45.508 65
831 2 1 -96.521 45.508 65
832 1 1 -96.521 45.508 65
833 1 1 -96.521 45.508 65
834 1 1 -96.521 45.508 65
835 2 1 -96.521 45.508 65
836 1 1 -96.521 45.508 65
837 1 1 -96.521 45.508 65
838 1 1 -96.521 45.508 65
839 1 1 -96.521 45.508 65
840 1 1 -96.521 45.508 65
841 1 1 -96.521 45.508 65
842 1 1 -96.521 45.508 65
843 1 1 -96.521 45.508 65
844 1 1 -96.521 45.508 65
845 1 1 -96.521 45.508 65
846 1 1 -96.521 45.508 65
847 4 1 -59.076 41.669 66
848 2 1 -59.076 41.669 66
849 2 1 -59.076 41.669 66
850 2 1 -59.076 41.669 66
851 2 1 -59.076 41.669 66
852 2 1 -59.076 41.669 66
853 4 1 -59.076 41.669 66
854 2 1 -59.076 41.669 66
855 2 1 -59.076 41.669 66
856 2 1 -59.076 41.669 66
857 2 1 -59.076 41.669 66
858 2 1 -59.076 41.669 66
859 2 1 -59.076 41.669 66
860 4 1 -59.076 41.669 66
861 2 1 -59.076 41.669 66
862 4 1 -59.076 41.669 66
863 2 1 -59.076 41.669 66
864 2 1 -59.076 41.669 66
865 4 1 -59.076 41.669 66
866 2 1 -59.076 41.669 66
867 1 1 -68.811 4.315 67
868 8 1 -68.811 4.315 67
869 1 1 -68.811 4.315 67
870 1 1 -68.811 4.315 67
871 1 1 -68.811 4.315 67
872 1 1 -68.811 4.315 67
873 1 1 -68.811 4.315 67
874 1 1 -68.811 4.315 67
875 1 1 -68.811 4.315 67
876 1 1 -68.811 4.315 67
877 1 1 -68.811 4.315 67
878 1 1 -68.811 4.315 67
879 1 1 -68.811 4.315 67
880 8 1 -68.811 4.315 67
881 1 1 -68.811 4.315 67
882 1 1 -68.811 4.315 67
883 1 1 -68.811 4.315 67
884 1 1 -68.811 4.315 67
885 1 1 -68.811 4.315 67
886 1 1 -68.811 4.315 67
887 1 1 -68.811 4.315 67
888 8 1 -68.811 4.315 67
889 1 1 -68.811 4.315 67
890 1 1 -68.811 4.315 67
891 2 1 10.51 19.092 68
892 2 1 10.51 19.092 68
893 2 1 10.51 19.092 68
894 2 1 10.51 19.092 68
895 2 1 10.51 19.092 68
896 4 1 10.51 19.092 68
897 2 1 10.51 19.092 68
898 4 1 10.51 19.092 68
899 2 1 10.51 19.092 68
900 4 1 10.51 19.092 68
901 2 1 10.51 19.092 68
902 2 1 10.51 19.092 68
903 4 1 10.51 19.092 68
904 2 1 10.51 19.092 68
905 2 1 10.51 19.092 68
906 2 1 10.51 19.092 68
907 2 1 10.51 19.092 68
908 2 1 10.51 19.092 68
909 2 1 10.51 19.092 68
910 2 1 10.51 19.092 68
911 4 1 10.51 19.092 68
912 4 1 10.51 19.092 68
913 2 1 10.51 19.092 68
914 2 1 10.51 19.092 68
915 2 1 10.51 19.092 68
916 4 1 40.82 65.723 69
917 4 1 40.82 65.723 69
918 4 1 40.82 65.723 69
919 8 1 40.82 65.723 69
920 4 1 40.82 65.723 69
921 4 1 40.82 65.723 69
922 4 1 40.82 65.723 69
923 4 1 40.82 65.723 69
924 4 1 40.82 65.723 69
925 4 1 40.82 65.723 69
926 4 1 40.82 65.723 69
927 4 1 40.82 65.723 69
928 4 1 40.82 65.723 69
929 4 1 40.82 65.723 69
930 8 1 40.82 65.723 69
931 4 1 40.82 65.723 69
932 4 1 40.82 65.723 69
933 4 1 40.82 65.723 69
934 4 1 40.82 65.723 69
935 8 1 40.82 65.723 69
936 4 1 40.82 65.723 69
937 2 1 28.833 -57.672 70
938 2 1 28.833 -57.672 70
939 2 1 28.833 -57.672 70
940 2 1 28.833 -57.672 70
941 2 1 28.833 -57.672 70
942 4 1 28.833 -57.672 70
943 2 1 28.833 -57.672 70
944 4 1 28.833 -57.672 70
945 4 1 28.833 -57.672 70
946 2 1 28.833 -57.672 70
947 2 1 28.833 -57.672 70
948 2 1 28.833 -57.672 70
949 2 1 28.833 -57.672 70
950 2 1 28.833 -57.672 70
951 2 1 28.833 -57.672 70
952 4 1 28.833 -57.672 70
953 2 1 28.833 -57.672 70
954 4 1 28.833 -57.672 70
955 2 1 28.833 -57.672 70
956 4 1 28.833 -57.672 70
957 2 1 28.833 -57.672 70
958 4 1 28.833 -57.672 70
959 4 1 28.833 -57.672 70
960 2 1 28.833 -57.672 70
961 2 1 28.833 -57.672 70
962 1 1 29.303 -49.371 71
963 1 1 29.303 -49.371 71
964 1 1 29.303 -49.371 71
965 1 1 29.303 -49.371 71
966 1 1 29.303 -49.371 71
967 1 1 29.303 -49.371 71
968 1 1 29.303 -49.371 71
969 1 1 -6.238 -52.02 72
970 1 1 -6.238 -52.02 72
971 1 1 -6.238 -52.02 72
972 1 1 -6.238 -52.02 72
973 1 1 -6.238 -52.02 72
974 1 1 -6.238 -52.02 72
975 1 1 -6.238 -52.02 72
976 1 1 -6.238 -52.02 72
977 1 1 -6.238 -52.02 72
978 1 1 -6.238 -52.02 72
979 1 1 -6.238 -52.02 72
980 1 1 -6.238 -52.02 72
981 1 1 -6.238 -52.02 72
982 1 1 -6.238 -52.02 72
983 2 1 -75.037 46.448 73
984 2 1 -75.037 46.448 73
985 2 1 -75.037 46.448 73
986 4 1 -75.037 46.448 73
987 2 1 -75.037 46.448 73
988 2 1 -75.037 46.448 73
989 4 1 -75.037 46.448 73
990 2 1 -75.037 46.448 73
991 4 1 -75.037 46.448 73
992 2 1 -75.037 46.448 73
993 2 1 -75.037 46.448 73
994 2 1 -75.037 46.448 73
995 4 1 -75.037 46.448 73
996 2 1 -75.037 46.448 73
997 2 1 -75.037 46.448 73
998 2 1 -75.037 46.448 73
999 2 1 -75.037 46.448 73
1000 4 1 -57.495 13.574 74
1001 4 1 -57.495 13.574 74
1002 4 1 -57.495 13.574 74
1003 2 1 -15.704 13.94 75
1004 2 1 -15.704 13.94 75
1005 4 1 -15.704 13.94 75
1006 8 1 36.322 71.411 76
1007 1 1 36.322 71.411 76
1008 1 1 36.322 71.411 76
1009 1 1 36.322 71.411 76
1010 1 1 36.322 71.411 76
1011 1 1 36.322 71.411 76
1012 1 1 36.322 71.411 76
1013 1 1 36.322 71.411 76
1014 1 1 36.322 71.411 76
1015 1 1 39.429 30.835 77
1016 8 1 39.429 30.835 77
1017 1 1 39.429 30.835 77
1018 1 1 39.429 30.835 77
1019 1 1 39.429 30.835 77
1020 1 1 39.429 30.835 77
1021 1 1 39.429 30.835 77
1022 1 1 39.429 30.835 77
1023 8 1 39.429 30.835 77
1024 8 1 39.429 30.835 77
1025 1 1 39.429 30.835 77
1026 1 1 39.429 30.835 77
1027 8 1 39.429 30.835 77
1028 1 1 39.429 30.835 77
1029 1 1 39.429 30.835 77
1030 1 1 39.429 30.835 77
1031 1 1 -93.097 84.552 78
1032 2 1 -93.097 84.552 78
1033 1 1 -93.097 84.552 78
1034 1 1 -93.097 84.552 78
1035 1 1 -93.097 84.552 78
1036 1 1 -93.097 84.552 78
1037 1 1 -93.097 84.552 78
1038 1 1 -93.097 84.552 78
1039 1 1 -93.097 84.552 78
1040 1 1 -93.097 84.552 78
1041 2 1 -93.097 84.552 78
1042 1 1 -93.097 84.552 78
1043 1 1 -93.097 84.552 78
1044 1 1 -93.097 84.552 78
1045 1 1 -93.097 84.552 78
1046 1 1 -93.097 84.552 78
1047 1 1 -93.097 84.552 78
1048 1 1 -93.097 84.552 78
1049 1 1 -93.097 84.552 78
1050 1 1 -93.097 84.552 78
1051 1 1 -93.097 84.552 78
1052 2 1 45.367 -8.905 79
1053 2 1 45.367 -8.905 79
1054 4 1 45.367 -8.905 79
1055 2 1 45.367 -8.905 79
1056 2 1 45.367 -8.905 79
1057 2 1 45.367 -8.905 79
1058 2 1 45.367 -8.905 79
1059 2 1 45.367 -8.905 79
1060 2 1 45.367 -8.905 79
1061 2 1 45.367 -8.905 79
1062 2 1 45.367 -8.905 79
1063 1 1 96.985 -19.165 80
1064 1 1 96.985 -19.165 80
1065 1 1 96.985 -19.165 80
1066 1 1 96.985 -19.165 80
1067 1 1 96.985 -19.165 80
1068 1 1 96.985 -19.165 80
1069 1 1 96.985 -19.165 80
1070 1 1 96.985 -19.165 80
1071 1 1 96.985 -19.165 80
1072 2 1 96.985 -19.165 80
1073 1 1 96.985 -19.165 80
1074 1 1 96.985 -19.165 80
1075 1 1 -53.088 53.79 81
1076 1 1 -53.088 53.79 81
1077 1 1 -53.088 53.79 81
1078 2 1 -53.088 53.79 81
1079 4 1 -23.102 61.108 82
1080 8 1 -23.102 61.108 82
1081 4 1 -23.102 61.108 82
1082 4 1 -23.102 61.108 82
1083 4 1 -23.102 61.108 82
1084 8 1 -23.102 61.108 82
1085 4 1 -23.102 61.108 82
1086 4 1 -23.102 61.108 82
1087 4 1 28.4 -35.272 83
1088 4 1 28.4 -35.272 83
1089 4 1 28.4 -35.272 83
1090 4 1 28.4 -35.272 83
1091 8 1 28.4 -35.272 83
1092 4 1 28.4 -35.272 83
1093 8 1 28.4 -35.272 83
1094 4 1 28.4 -35.272 83
1095 8 1 28.4 -35.272 83
1096 4 1 28.4 -35.272 83
1097 8 1 28.4 -35.272 83
1098 4 1 28.4 -35.272 83
1099 8 1 28.4 -35.272 83
1100 4 1 -31.11 -51.361 84
1101 2 1 -31.11 -51.361 84
1102 2 1 -31.11 -51.361 84
1103 2 1 -31.11 -51.361 84
1104 2 1 -31.11 -51.361 84
1105 2 1 -31.11 -51.361 84
1106 1 1 82.385 46.893 85
1107 1 1 82.385 46.893 85
1108 8 1 82.385 46.893 85
1109 1 1 82.385 46.893 85
1110 1 1 82.385 46.893 85
1111 1 1 82.385 46.893 85
1112 1 1 82.385 46.893 85
1113 1 1 82.385 46.893 85
1114 1 1 82.385 46.893 85
1115 1 1 82.385 46.893 85
1116 8 1 -19.629 0.769 86
1117 4 1 -19.629 0.769 86
1118 4 1 -19.629 0.769 86
1119 8 1 -19.629 0.769 86
1120 4 1 13.965 91.473 87
1121 2 1 13.965 91.473 87
1122 2 1 13.965 91.473 87
1123 2 1 13.965 91.473 87
1124 2 1 13.965 91.473 87
1125 4 1 13.965 91.473 87
1126 2 1 13.965 91.473 87
1127 2 1 13.965 91.473 87
1128 2 1 13.965 91.473 87
1129 2 1 13.965 91.473 87
1130 2 1 13.965 91.473 87
1131 2 1 13.965 91.473 87
1132 2 1 13.965 91.473 87
1133 2 1 13.965 91.473 87
1134 2 1 13.965 91.473 87
1135 2 1 13.965 91.473 87
1136 2 1 13.965 91.473 87
1137 4 1 13.965 91.473 87
1138 4 1 13.965 91.473 87
1139 4 1 13.965 91.473 87
1140 4 1 13.965 91.473 87
1141 2 1 13.965 91.473 87
1142 2 1 13.965 91.473 87
1143 4 1 -87.347 5.078 88
1144 2 1 -87.347 5.078 88
1145 4 1 -87.347 5.078 88
1146 4 1 -87.347 5.078 88
1147 4 1 -87.347 5.078 88
1148 4 1 -87.347 5.078 88
1149 4 1 -87.347 5.078 88
1150 2 1 -87.347 5.078 88
1151 2 1 -87.347 5.078 88
1152 2 1 -87.347 5.078 88
1153 2 1 -87.347 5.078 88
1154 2 1 -87.347 5.078 88
1155 4 1 -87.347 5.078 88
1156 4 1 -27.386 -58.612 89
1157 4 1 -27.386 -58.612 89
1158 4 1 -27.386 -58.612 89
1159 4 1 -27.386 -58.612 89
1160 4 1 -27.386 -58.612 89
1161 4 1 -27.386 -58.612 89
1162 4 1 -27.386 -58.612 89
1163 4 1 -27.386 -58.612 89
1164 8 1 -27.386 -58.612 89
1165 4 1 -27.386 -58.612 89
1166 8 1 -27.386 -58.612 89
1167 4 1 -27.386 -58.612 89
1168 8 1 -27.386 -58.612 89
1169 4 1 -27.386 -58.612 89
1170 4 1 -27.386 -58.612 89
1171 4 1 -27.386 -58.612 89
1172 4 1 -27.386 -58.612 89
1173 4 1 -27.386 -58.612 89
1174 4 1 -27.386 -58.612 89
1175 4 1 -27.386 -58.612 89
1176 8 1 -27.386 -58.612 89
1177 4 1 -27.386 -58.612 89
1178 2 1 -39.404 54.022 90
1179 2 1 -39.404 54.022 90
1180 2 1 -39.404 54.022 90
1181 2 1 -39.404 54.022 90
1182 2 1 -39.404 54.022 90
1183 2 1 -39.404 54.022 90
1184 2 1 -39.404 54.022 90
1185 2 1 -39.404 54.022 90
1186 4 1 -39.404 54.022 90
1187 2 1 -39.404 54.022 90
1188 4 1 -39.404 54.022 90
1189 2 1 -39.404 54.022 90
1190 1 1 7.391 -32.019 91
1191 1 1 7.391 -32.019 91
1192 1 1 7.391 -32.019 91
1193 1 1 7.391 -32.019 91
1194 1 1 7.391 -32.019 91
1195 1 1 7.391 -32.019 91
1196 1 1 7.391 -32.019 91
1197 1 1 7.391 -32.019 91
1198 1 1 7.391 -32.019 91
1199 1 1 7.391 -32.019 91
1200 8 1 7.391 -32.019 91
1201 1 1 7.391 -32.019 91
1202 1 1 7.391 -32.019 91
1203 1 1 7.391 -32.019 91
1204 8 1 7.391 -32.019 91
1205 1 1 7.391 -32.019 91
1206 1 1 7.391 -32.019 91
1207 1 1 7.391 -32.019 91
1208 1 1 7.391 -32.019 91
1209 4 1 54.401 29.81 92
1210 2 1 54.401 29.81 92
1211 2 1 54.401 29.81 92
1212 4 1 54.401 29.81 92
1213 4 1 54.401 29.81 92
1214 2 1 54.401 29.81 92
1215 2 1 54.401 29.81 92
1216 4 1 54.401 29.81 92
1217 2 1 54.401 29.81 92
1218 2 1 54.401 29.81 92
1219 2 1 54.401 29.81 92
1220 4 1 54.401 29.81 92
1221 2 1 54.401 29.81 92
1222 2 1 54.401 29.81 92
1223 4 1 54.401 29.81 92
1224 2 1 54.401 29.81 92
1225 2 1 54.401 29.81 92
1226 2 1 54.401 29.81 92
1227 2 1 54.401 29.81 92
1228 2 1 54.401 29.81 92
1229 2 1 54.401 29.81 92
1230 2 1 54.401 29.81 92
1231 4 1 28.65 63.91 93
1232 4 1 28.65 63.91 93
1233 4 1 28.65 63.91 93
1234 4 1 28.65 63.91 93
1235 4 1 28.65 63.91 93
1236 4 1 28.65 63.91 93
1237 4 1 28.65 63.91 93
1238 8 1 28.65 63.91 93
1239 4 1 28.65 63.91 93
1240 4 1 28.65 63.91 93
1241 4 1 28.65 63.91 93
1242 4 1 28.65 63.91 93
1243 4 1 28.65 63.91 93
1244 4 1 28.65 63.91 93
1245 4 1 28.65 63.91 93
1246 4 1 28.65 63.91 93
1247 8 1 28.65 63.91 93
1248 4 1 28.65 63.91 93
1249 4 1 28.65 63.91 93
1250 8 1 28.65 63.91 93
1251 4 1 28.65 63.91 93
1252 4 1 28.65 63.91 93
1253 4 1 1.117 -56.006 94
1254 2 1 1.117 -56.006 94
1255 2 1 1.117 -56.006 94
1256 2 1 1.117 -56.006 94
1257 2 1 1.117 -56.006 94
1258 2 1 1.117 -56.006 94
1259 4 1 1.117 -56.006 94
1260 2 1 1.117 -56.006 94
1261 2 1 1.117 -56.006 94
1262 2 1 1.117 -56.006 94
1263 2 1 1.117 -56.006 94
1264 4 1 1.117 -56.006 94
1265 2 1 1.117 -56.006 94
1266 2 1 1.117 -56.006 94
1267 4 1 1.117 -56.006 94
1268 4 1 1.117 -56.006 94
1269 2 1 1.117 -56.006 94
1270 2 1 1.117 -56.006 94
1271 2 1 1.117 -56.006 94
1272 2 1 1.117 -56.006 94
1273 2 1 1.117 -56.006 94
1274 2 1 1.117 -56.006 94
1275 4 1 1.117 -56.006 94
1276 2 1 1.117 -56.006 94
1277 4 1 14.471 14.288 95
1278 4 1 14.471 14.288 95
1279 4 1 14.471 14.288 95
1280 4 1 14.471 14.288 95
1281 4 1 14.471 14.288 95
1282 4 1 14.471 14.288 95
1283 4 1 14.471 14.288 95
1284 4 1 14.471 14.288 95
1285 4 1 14.471 14.288 95
1286 4 1 14.471 14.288 95
1287 4 1 -17.572 -79.858 96
1288 2 1 -17.572 -79.858 96
1289 2 1 -17.572 -79.858 96
1290 2 1 -17.572 -79.858 96
1291 2 1 -17.572 -79.858 96
1292 2 1 -17.572 -79.858 96
1293 4 1 -17.572 -79.858 96
1294 2 1 -17.572 -79.858 96
1295 2 1 -17.572 -79.858 96
1296 2 1 -17.572 -79.858 96
1297 2 1 -17.572 -79.858 96
1298 2 1 -17.572 -79.858 96
1299 2 1 -17.572 -79.858 96
1300 4 1 -17.572 -79.858 96
1301 2 1 -17.572 -79.858 96
1302 4 1 -17.572 -79.858 96
1303 2 1 -17.572 -79.858 96
1304 2 1 -17.572 -79.858 96
1305 2 1 -17.572 -79.858 96
1306 1 1 -20.978 -34.015 97
1307 8 1 -20.978 -34.015 97
1308 1 1 -20.978 -34.015 97
1309 1 1 -20.978 -34.015 97
1310 1 1 -20.978 -34.015 97
1311 1 1 -20.978 -34.015 97
1312 1 1 -20.978 -34.015 97
1313 1 1 -20.978 -34.015 97
1314 1 1 -20.978 -34.015 97
1315 2 1 81.104 94.263 98
1316 2 1 81.104 94.263 98
1317 2 1 81.104 94.263 98
1318 2 1 81.104 94.263 98
1319 2 1 81.104 94.263 98
1320 2 1 81.104 94.263 98
1321 2 1 81.104 94.263 98
1322 2 1 81.104 94.263 98
1323 2 1 81.104 94.263 98
1324 4 1 81.104 94.263 98
1325 4 1 81.104 94.263 98
1326 2 1 81.104 94.263 98
1327 2 1 81.104 94.263 98
1328 2 1 81.104 94.263 98
1329 2 1 81.104 94.263 98
1330 2 1 81.104 94.263 98
1331 1 1 1.19 56.055 99
1332 1 1 1.19 56.055 99
1333 2 1 1.19 56.055 99
1334 1 1 1.19 56.055 99
1335 2 1 1.19 56.055 99
1336 1 1 1.19 56.055 99
1337 1 1 1.19 56.055 99
1338 2 1 1.19 56.055 99
1339 2 1 1.19 56.055 99
1340 1 1 1.19 56.055 99
1341 1 1 1.19 56.055 99
1342 2 1 1.19 56.055 99
1343 1 1 1.19 56.055 99
1344 1 1 1.19 56.055 99
1345 1 1 1.19 56.055 99
1346 1 1 1.19 56.055 99
1347 1 1 1.19 56.055 99
1348 1 1 1.19 56.055 99
1349 1 1 1.19 56.055 99
1350 1 1 1.19 56.055 99
1351 1 1 1.19 56.055 99
1352 1 1 1.19 56.055 99
1353 1 1 1.19 56.055 99
1354 1 1 21.112 -47.125 100
1355 1 1 21.112 -47.125 100
1356 8 1 21.112 -47.125 100
1357 1 1 21.112 -47.125 100
1358 8 1 21.112 -47.125 100
1359 1 1 21.112 -47.125 100
1360 1 1 21.112 -47.125 100
1361 1 1 21.112 -47.125 100
1362 1 1 21.112 -47.125 100
1363 8 1 21.112 -47.125 100
1364 1 1 21.112 -47.125 100
1365 1 1 21.112 -47.125 100
1366 1 1 21.112 -47.125 100
1367 8 1 21.112 -47.125 100
1368 1 1 21.112 -47.125 100
1369 1 1 21.112 -47.125 100
1370 1 1 21.112 -47.125 100
1371 8 1 21.112 -47.125 100
1372 1 1 21.112 -47.125 100
1373 2 1 75.848 86.322 101
1374 2 1 75.848 86.322 101
1375 2 1 75.848 86.322 101
1376 2 1 75.848 86.322 101
1377 2 1 75.848 86.322 101
1378 2 1 75.848 86.322 101
1379 2 1 75.848 86.322 101
1380 2 1 75.848 86.322 101
1381 2 1 75.848 86.322 101
1382 2 1 75.848 86.322 101
1383 4 1 75.848 86.322 101
1384 2 1 75.848 86.322 101
1385 4 1 75.848 86.322 101
1386 2 1 75.848 86.322 101
1387 1 1 7.88 -5.75 102
1388 2 1 7.88 -5.75 102
1389 2 1 7.88 -5.75 102
1390 1 1 7.88 -5.75 102
1391 1 1 7.88 -5.75 102
1392 1 1 7.88 -5.75 102
1393 4 1 -69.318 28.619 103
1394 4 1 -69.318 28.619 103
1395 4 1 -69.318 28.619 103
1396 4 1 -69.318 28.619 103
1397 4 1 -69.318 28.619 103
1398 4 1 -69.318 28.619 103
1399 4 1 -69.318 28.619 103
1400 4 1 -69.318 28.619 103
1401 4 1 -69.318 28.619 103
1402 4 1 -69.318 28.619 103
1403 4 1 -69.318 28.619 103
1404 4 1 -69.318 28.619 103
1405 4 1 -69.318 28.619 103
1406 4 1 -69.318 28.619 103
1407 4 1 -69.318 28.619 103
1408 4 1 -69.318 28.619 103
1409 4 1 -69.318 28.619 103
1410 4 1 -69.318 28.619 103
1411 4 1 -69.318 28.619 103
1412 4 1 -69.318 28.619 103
1413 4 1 -69.318 28.619 103
1414 4 1 -69.318 28.619 103
1415 4 1 -69.318 28.619 103
1416 4 1 -69.318 28.619 103
1417 4 1 -69.318 28.619 103
1418 1 1 10.931 -29.095 104
1419 2 1 10.931 -29.095 104
1420 1 1 10.931 -29.095 104
1421 1 1 10.931 -29.095 104
1422 1 1 10.931 -29.095 104
1423 1 1 10.931 -29.095 104
1424 1 1 10.931 -29.095 104
1425 1 1 10.931 -29.095 104
1426 1 1 10.931 -29.095 104
1427 1 1 10.931 -29.095 104
1428 1 1 10.931 -29.095 104
1429 1 1 10.931 -29.095 104
1430 1 1 10.931 -29.095 104
1431 1 1 10.931 -29.095 104
1432 2 1 10.931 -29.095 104
1433 1 1 10.931 -29.095 104
1434 1 1 10.931 -29.095 104
1435 1 1 10.931 -29.095 104
1436 1 1 10.931 -29.095 104
1437 1 1 10.931 -29.095 104
1438 4 1 -22.272 -1.086 105
1439 2 1 32.77 29.266 106
1440 2 1 32.77 29.266 106
1441 2 1 32.77 29.266 106
1442 4 1 32.77 29.266 106
1443 2 1 32.77 29.266 106
1444 2 1 32.77 29.266 106
1445 2 1 32.77 29.266 106
1446 2 1 32.77 29.266 106
1447 2 1 32.77 29.266 106
1448 2 1 32.77 29.266 106
1449 4 1 32.77 29.266 106
1450 2 1 32.77 29.266 106
1451 2 1 32.77 29.266 106
1452 2 1 32.77 29.266 106
1453 8 1 11.786 15.375 107
1454 4 1 11.786 15.375 107
1455 4 1 11.786 15.375 107
1456 4 1 11.786 15.375 107
1457 4 1 11.786 15.375 107
1458 4 1 11.786 15.375 107
1459 8 1 11.786 15.375 107
1460 4 1 11.786 15.375 107
1461 4 1 11.786 15.375 107
1462 8 1 11.786 15.375 107
1463 4 1 11.786 15.375 107
1464 4 1 11.786 15.375 107
1465 4 1 11.786 15.375 107
1466 4 1 11.786 15.375 107
1467 4 1 11.786 15.375 107
1468 4 1 11.786 15.375 107
1469 4 1 11.786 15.375 107
1470 4 1 11.786 15.375 107
1471 4 1 11.786 15.375 107
1472 8 1 11.786 15.375 107
1473 4 1 11.786 15.375 107
1474 4 1 11.786 15.375 107
1475 4 1 10.645 6.067 108
1476 2 1 3.345 17.041 109
1477 2 1 3.345 17.041 109
1478 2 1 3.345 17.041 109
1479 2 1 3.345 17.041 109
1480 2 1 3.345 17.041 109
1481 2 1 3.345 17.041 109
1482 2 1 3.345 17.041 109
1483 2 1 3.345 17.041 109
1484 2 1 3.345 17.041 109
1485 4 1 3.345 17.041 109
1486 2 1 3.345 17.041 109
1487 2 1 3.345 17.041 109
1488 2 1 3.345 17.041 109
1489 2 1 3.345 17.041 109
1490 2 1 3.345 17.041 109
1491 2 1 3.345 17.041 109
1492 2 1 3.345 17.041 109
1493 2 1 3.345 17.041 109
1494 2 1 3.345 17.041 109
1495 2 1 3.345 17.041 109
1496 2 1 5.615 -87.604 110
1497 2 1 5.615 -87.604 110
1498 4 1 5.615 -87.604 110
1499 4 1 5.615 -87.604 110
1500 4 1 5.615 -87.604 110
1501 2 1 5.615 -87.604 110
1502 2 1 5.615 -87.604 110
1503 2 1 5.615 -87.604 110
1504 4 1 5.615 -87.604 110
1505 2 1 5.615 -87.604 110
1506 2 1 5.615 -87.604 110
1507 2 1 5.615 -87.604 110
1508 2 1 5.615 -87.604 110
1509 1 1 20.49 -30.389 111
1510 1 1 20.49 -30.389 111
1511 1 1 20.49 -30.389 111
1512 2 1 20.49 -30.389 111
1513 1 1 20.49 -30.389 111
1514 1 1 20.49 -30.389 111
1515 1 1 20.49 -30.389 111
1516 1 1 20.49 -30.389 111
1517 1 1 20.49 -30.389 111
1518 2 1 20.49 -30.389 111
1519 2 1 20.49 -30.389 111
1520 1 1 20.49 -30.389 111
1521 1 1 20.49 -30.389 111
1522 1 1 20.49 -30.389 111
1523 1 1 20.49 -30.389 111
1524 1 1 20.49 -30.389 111
1525 1 1 2.661 66.876 112
1526 1 1 2.661 66.876 112
1527 1 1 2.661 66.876 112
1528 1 1 2.661 66.876 112
1529 1 1 2.661 66.876 112
1530 1 1 2.661 66.876 112
1531 1 1 2.661 66.876 112
1532 1 1 2.661 66.876 112
1533 1 1 2.661 66.876 112
1534 1 1 2.661 66.876 112
1535 1 1 2.661 66.876 112
1536 1 1 2.661 66.876 112
1537 1 1 2.661 66.876 112
1538 8 1 2.661 66.876 112
1539 8 1 2.661 66.876 112
1540 1 1 2.661 66.876 112
1541 1 1 2.661 66.876 112
1542 1 1 2.661 66.876 112
1543 1 1 2.661 66.876 112
1544 1 1 2.661 66.876 112
1545 1 1 2.661 66.876 112
1546 1 1 2.661 66.876 112
1547 1 1 2.661 66.876 112
1548 1 1 2.661 66.876 112
1549 1 1 14.752 22.925 113
1550 1 1 14.752 22.925 113
1551 1 1 14.752 22.925 113
1552 1 1 14.752 22.925 113
1553 1 1 14.752 22.925 113
1554 1 1 14.752 22.925 113
1555 1 1 14.752 22.925 113
1556 1 1 14.752 22.925 113
1557 1 1 14.752 22.925 113
1558 1 1 25.201 -47.119 114
1559 1 1 25.201 -47.119 114
1560 2 1 25.201 -47.119 114
1561 1 1 25.201 -47.119 114
1562 2 1 25.201 -47.119 114
1563 1 1 25.201 -47.119 114
1564 1 1 25.201 -47.119 114
1565 1 1 25.201 -47.119 114
1566 1 1 25.201 -47.119 114
1567 1 1 25.201 -47.119 114
1568 2 1 25.201 -47.119 114
1569 2 1 25.201 -47.119 114
1570 1 1 25.201 -47.119 114
1571 1 1 25.201 -47.119 114
1572 1 1 25.201 -47.119 114
1573 1 1 25.201 -47.119 114
1574 1 1 25.201 -47.119 114
1575 1 1 25.201 -47.119 114
1576 1 1 25.201 -47.119 114
1577 1 1 25.201 -47.119 114
1578 2 1 25.201 -47.119 114
1579 1 1 25.201 -47.119 114
1580 1 1 25.201 -47.119 114
1581 1 1 25.201 -47.119 114
1582 2 1 25.201 -47.119 114
1583 2 1 -16.949 67.664 115
1584 2 1 -16.949 67.664 115
1585 2 1 -16.949 67.664 115
1586 2 1 -16.949 67.664 115
1587 2 1 -16.949 67.664 115
1588 2 1 -16.949 67.664 115
1589 2 1 -16.949 67.664 115
1590 2 1 -16.949 67.664 115
1591 2 1 -16.949 67.664 115
1592 2 1 -16.949 67.664 115
1593 2 1 -16.949 67.664 115
1594 2 1 -16.949 67.664 115
1595 2 1 -16.949 67.664 115
1596 2 1 -16.949 67.664 115
1597 2 1 -16.949 67.664 115
1598 2 1 -16.949 67.664 115
1599 4 1 -16.949 67.664 115
1600 4 1 -16.949 67.664 115
1601 8 1 -28.986 28.894 116
1602 1 1 -28.986 28.894 116
1603 1 1 -28.986 28.894 116
1604 1 1 -28.986 28.894 116
1605 1 1 -28.986 28.894 116
1606 1 1 -28.986 28.894 116
1607 1 1 35.413 -48.401 117
1608 1 1 35.413 -48.401 117
1609 1 1 35.413 -48.401 117
1610 1 1 35.413 -48.401 117
1611 2 1 35.413 -48.401 117
1612 1 1 35.413 -48.401 117
1613 1 1 35.413 -48.401 117
1614 2 1 35.413 -48.401 117
1615 1 1 35.413 -48.401 117
1616 1 1 35.413 -48.401 117
1617 1 1 35.413 -48.401 117
1618 2 1 35.413 -48.401 117
1619 1 1 35.413 -48.401 117
1620 1 1 35.413 -48.401 117
1621 1 1 35.413 -48.401 117
1622 1 1 35.413 -48.401 117
1623 1 1 35.413 -48.401 117
1624 1 1 35.413 -48.401 117
1625 1 1 35.413 -48.401 117
1626 1 1 35.413 -48.401 117
1627 1 1 35.413 -48.401 117
1628 2 1 35.413 -48.401 117
1629 1 1 -29.62 72.046 118
1630 1 1 -29.62 72.046 118
1631 1 1 -29.62 72.046 118
1632 1 1 -29.62 72.046 118
1633 8 1 -29.62 72.046 118
1634 1 1 -29.62 72.046 118
1635 8 1 -29.62 72.046 118
1636 1 1 -29.62 72.046 118
1637 8 1 -29.62 72.046 118
1638 1 1 -29.62 72.046 118
1639 8 1 -29.62 72.046 118
1640 1 1 -29.62 72.046 118
1641 8 1 -29.62 72.046 118
1642 1 1 -29.62 72.046 118
1643 8 1 -29.62 72.046 118
1644 1 1 -29.62 72.046 118
1645 1 1 -29.62 72.046 118
1646 1 1 -29.62 72.046 118
1647 8 1 -29.62 72.046 118
1648 1 1 -29.62 72.046 118
1649 1 1 -29.62 72.046 118
1650 8 1 -29.62 72.046 118
1651 4 1 -31.281 -15.088 119
1652 4 1 -31.281 -15.088 119
1653 2 1 -46.46 48.151 120
1654 1 1 -46.46 48.151 120
1655 1 1 -46.46 48.151 120
1656 2 1 -46.46 48.151 120
1657 1 1 -46.46 48.151 120
1658 1 1 -46.46 48.151 120
1659 1 1 -46.46 48.151 120
1660 1 1 -46.46 48.151 120
1661 2 1 56.378 -25.14 121
1662 4 1 56.378 -25.14 121
1663 2 1 56.378 -25.14 121
1664 2 1 56.378 -25.14 121
1665 2 1 56.378 -25.14 121
1666 4 1 56.378 -25.14 121
1667 2 1 56.378 -25.14 121
1668 2 1 56.378 -25.14 121
1669 2 1 56.378 -25.14 121
1670 2 1 56.378 -25.14 121
1671 2 1 56.378 -25.14 121
1672 2 1 56.378 -25.14 121
1673 4 1 56.378 -25.14 121
1674 2 1 56.378 -25.14 121
1675 2 1 56.378 -25.14 121
1676 8 1 30.255 -25.458 122
1677 4 1 30.255 -25.458 122
1678 4 1 30.255 -25.458 122
1679 4 1 30.255 -25.458 122
1680 4 1 30.255 -25.458 122
1681 4 1 30.255 -25.458 122
1682 8 1 30.255 -25.458 122
1683 4 1 30.255 -25.458 122
1684 8 1 30.255 -25.458 122
1685 4 1 30.255 -25.458 122
1686 4 1 30.255 -25.458 122
1687 4 1 30.255 -25.458 122
1688 4 1 30.255 -25.458 122
1689 4 1 30.255 -25.458 122
1690 4 1 30.255 -25.458 122
1691 4 1 30.255 -25.458 122
1692 8 1 30.255 -25.458 122
1693 8 1 30.255 -25.458 122
1694 4 1 30.255 -25.458 122
1695 8 1 30.255 -25.458 122
1696 2 1 -54.669 25.677 123
1697 2 1 -54.669 25.677 123
1698 2 1 -54.669 25.677 123
1699 2 1 -54.669 25.677 123
1700 2 1 -54.669 25.677 123
1701 2 1 -54.669 25.677 123
1702 4 1 -54.669 25.677 123
1703 2 1 -54.669 25.677 123
1704 2 1 -54.669 25.677 123
1705 2 1 -54.669 25.677 123
1706 4 1 -54.669 25.677 123
1707 2 1 -54.669 25.677 123
1708 2 1 -54.669 25.677 123
1709 2 1 -54.669 25.677 123
1710 2 1 -54.669 25.677 123
1711 2 1 -54.669 25.677 123
1712 2 1 -54.669 25.677 123
1713 2 1 -54.669 25.677 123
1714 2 1 -54.669 25.677 123
1715 4 1 -61.542 35.144 124
1716 4 1 -61.542 35.144 124
1717 4 1 -61.542 35.144 124
1718 4 1 -61.542 35.144 124
1719 4 1 -61.542 35.144 124
1720 4 1 -61.542 35.144 124
1721 8 1 -61.542 35.144 124
1722 4 1 32.532 -18.872 125
1723 8 1 32.532 -18.872 125
1724 8 1 32.532 -18.872 125
1725 4 1 32.532 -18.872 125
1726 4 1 32.532 -18.872 125
1727 4 1 32.532 -18.872 125
1728 4 1 32.532 -18.872 125
1729 4 1 32.532 -18.872 125
1730 4 1 32.532 -18.872 125
1731 4 1 32.532 -18.872 125
1732 4 1 32.532 -18.872 125
1733 4 1 32.532 -18.872 125
1734 4 1 32.532 -18.872 125
1735 4 1 32.532 -18.872 125
1736 8 1 32.532 -18.872 125
1737 4 1 32.532 -18.872 125
1738 8 1 32.532 -18.872 125
1739 4 1 32.532 -18.872 125
1740 4 1 32.532 -18.872 125
1741 4 1 32.532 -18.872 125
1742 4 1 32.532 -18.872 125
1743 8 1 32.532 -18.872 125
1744 1 1 -92.487 -22.693 126
1745 8 1 -92.487 -22.693 126
1746 1 1 -92.487 -22.693 126
1747 1 1 -92.487 -22.693 126
1748 1 1 -92.487 -22.693 126
1749 8 1 -92.487 -22.693 126
1750 1 1 -92.487 -22.693 126
1751 2 1 70.404 -72.443 127
1752 2 1 70.404 -72.443 127
1753 4 1 70.404 -72.443 127
1754 2 1 70.404 -72.443 127
1755 2 1 70.404 -72.443 127
1756 4 1 70.404 -72.443 127
1757 4 1 70.404 -72.443 127
1758 2 1 70.404 -72.443 127
1759 2 1 70.404 -72.443 127
1760 2 1 70.404 -72.443 127
1761 4 1 70.404 -72.443 127
1762 2 1 70.404 -72.443 127
1763 4 1 70.404 -72.443 127
1764 2 1 70.404 -72.443 127
1765 4 1 70.404 -72.443 127
1766 4 1 8.783 -69.36 128
1767 4 1 8.783 -69.36 128
1768 4 1 8.783 -69.36 128
1769 4 1 8.783 -69.36 128
1770 4 1 8.783 -69.36 128
1771 4 1 8.783 -69.36 128
1772 4 1 8.783 -69.36 128
1773 4 1 8.783 -69.36 128
1774 8 1 8.783 -69.36 128
1775 4 1 8.783 -69.36 128
1776 4 1 8.783 -69.36 128
1777 8 1 8.783 -69.36 128
1778 4 1 8.783 -69.36 128
1779 4 1 8.783 -69.36 128
1780 8 1 8.783 -69.36 128
1781 4 1 8.783 -69.36 128
1782 4 1 8.783 -69.36 128
1783 4 1 8.783 -69.36 128
1784 4 1 8.783 -69.36 128
1785 1 1 26.794 57.44 129
1786 1 1 26.794 57.44 129
1787 1 1 26.794 57.44 129
1788 1 1 26.794 57.44 129
1789 2 1 6.421 62.018 130
1790 2 1 6.421 62.018 130
1791 2 1 6.421 62.018 130
1792 2 1 6.421 62.018 130
1793 2 1 6.421 62.018 130
1794 4 1 6.421 62.018 130
1795 2 1 6.421 62.018 130
1796 4 1 6.421 62.018 130
1797 2 1 6.421 62.018 130
1798 2 1 6.421 62.018 130
1799 1 1 -99.67 11.475 131
1800 1 1 -99.67 11.475 131
1801 1 1 -99.67 11.475 131
1802 1 1 -99.67 11.475 131
1803 1 1 -99.67 11.475 131
1804 8 1 -99.67 11.475 131
1805 8 1 -99.67 11.475 131
1806 1 1 -99.67 11.475 131
1807 1 1 -99.67 11.475 131
1808 1 1 -99.67 11.475 131
1809 1 1 -99.67 11.475 131
1810 1 1 -99.67 11.475 131
1811 1 1 -99.67 11.475 131
1812 1 1 -99.67 11.475 131
1813 2 1 -44.159 41.98 132
1814 2 1 -44.159 41.98 132
1815 1 1 -44.159 41.98 132
1816 2 1 -44.159 41.98 132
1817 4 1 -55.664 39.05 133
1818 4 1 -55.664 39.05 133
1819 4 1 -55.664 39.05 133
1820 8 1 -55.664 39.05 133
1821 4 1 -55.664 39.05 133
1822 4 1 -55.664 39.05 133
1823 8 1 -55.664 39.05 133
1824 4 1 -55.664 39.05 133
1825 4 1 -55.664 39.05 133
1826 8 1 -55.664 39.05 133
1827 4 1 -55.664 39.05 133
1828 4 1 -55.664 39.05 133
1829 8 1 -55.664 39.05 133
1830 4 1 -55.664 39.05 133
1831 4 1 -55.664 39.05 133
1832 4 1 -55.664 39.05 133
1833 4 1 -55.664 39.05 133
1834 4 1 -55.664 39.05 133
1835 4 1 -55.664 39.05 133
1836 8 1 -55.664 39.05 133
1837 4 1 -55.664 39.05 133
1838 4 1 -55.664 39.05 133
1839 8 1 -55.664 39.05 133
1840 4 1 -55.664 39.05 133
1841 4 1 -55.664 39.05 133
1842 1 1 -43.549 30.188 134
1843 1 1 -43.549 30.188 134
1844 1 1 -43.549 30.188 134
1845 1 1 -43.549 30.188 134
1846 1 1 -43.549 30.188 134
1847 1 1 -43.549 30.188 134
1848 1 1 -43.549 30.188 134
1849 8 1 -43.549 30.188 134
1850 1 1 -43.549 30.188 134
1851 1 1 -43.549 30.188 134
1852 1 1 -43.549 30.188 134
1853 1 1 -43.549 30.188 134
1854 1 1 38.019 -18.427 135
1855 1 1 38.019 -18.427 135
1856 1 1 38.019 -18.427 135
1857 1 1 38.019 -18.427 135
1858 1 1 38.019 -18.427 135
1859 1 1 38.019 -18.427 135
1860 1 1 38.019 -18.427 135
1861 1 1 38.019 -18.427 135
1862 1 1 38.019 -18.427 135
1863 1 1 38.019 -18.427 135
1864 1 1 38.019 -18.427 135
1865 1 1 38.019 -18.427 135
1866 1 1 38.019 -18.427 135
1867 1 1 38.019 -18.427 135
1868 2 1 38.019 -18.427 135
1869 1 1 38.019 -18.427 135
1870 1 1 38.019 -18.427 135
1871 1 1 38.019 -18.427 135
1872 1 1 38.019 -18.427 135
1873 2 1 38.019 -18.427 135
1874 1 1 38.019 -18.427 135
1875 1 1 38.019 -18.427 135
1876 1 1 38.019 -18.427 135
1877 1 1 38.019 -18.427 135
1878 1 1 31.653 63.483 136
1879 1 1 31.653 63.483 136
1880 1 1 31.653 63.483 136
1881 1 1 26.068 -10.266 137
1882 1 1 26.068 -10.266 137
1883 1 1 26.068 -10.266 137
1884 2 1 26.068 -10.266 137
1885 1 1 26.068 -10.266 137
1886 1 1 26.068 -10.266 137
1887 1 1 26.068 -10.266 137
1888 1 1 26.068 -10.266 137
1889 1 1 26.068 -10.266 137
1890 2 1 26.068 -10.266 137
1891 2 1 26.068 -10.266 137
1892 1 1 26.068 -10.266 137
1893 1 1 26.068 -10.266 137
1894 1 1 26.068 -10.266 137
1895 1 1 26.068 -10.266 137
1896 1 1 26.068 -10.266 137
1897 2 1 26.068 -10.266 137
1898 1 1 26.068 -10.266 137
1899 1 1 -73.022 25.958 138
1900 1 1 -73.022 25.958 138
1901 1 1 -73.022 25.958 138
1902 1 1 -73.022 25.958 138
1903 1 1 -73.022 25.958 138
1904 2 1 -73.022 25.958 138
1905 1 1 -73.022 25.958 138
1906 1 1 -73.022 25.958 138
1907 1 1 -73.022 25.958 138
1908 2 1 -73.022 25.958 138
1909 1 1 -73.022 25.958 138
1910 1 1 -73.022 25.958 138
1911 1 1 -73.022 25.958 138
1912 1 1 -73.022 25.958 138
1913 1 1 -73.022 25.958 138
1914 1 1 -73.022 25.958 138
1915 2 1 -73.022 25.958 138
1916 1 1 -73.022 25.958 138
1917 2 1 -73.022 25.958 138
1918 1 1 -73.022 25.958 138
1919 2 1 -73.022 25.958 138
1920 1 1 -73.022 25.958 138
1921 1 1 -73.022 25.958 138
1922 1 1 -73.022 25.958 138
1923 1 1 -73.022 25.958 138
1924 4 1 -41.949 22.791 139
1925 4 1 -41.949 22.791 139
1926 4 1 -41.949 22.791 139
1927 4 1 -41.949 22.791 139
1928 4 1 -41.949 22.791 139
1929 4 1 -41.949 22.791 139
1930 4 1 -41.949 22.791 139
1931 4 1 -41.949 22.791 139
1932 8 1 -41.949 22.791 139
1933 8 1 -41.949 22.791 139
1934 4 1 -41.949 22.791 139
1935 4 1 -41.949 22.791 139
1936 4 1 -41.949 22.791 139
1937 4 1 -41.949 22.791 139
1938 4 1 -41.949 22.791 139
1939 4 1 -41.949 22.791 139
1940 4 1 -41.949 22.791 139
1941 4 1 -41.949 22.791 139
1942 4 1 -41.949 22.791 139
1943 1 1 6.207 44.769 140
1944 1 1 6.207 44.769 140
1945 1 1 6.207 44.769 140
1946 1 1 25.104 78.876 141
1947 1 1 25.104 78.876 141
1948 1 1 25.104 78.876 141
1949 1 1 25.104 78.876 141
1950 1 1 25.104 78.876 141
1951 1 1 25.104 78.876 141
1952 1 1 25.104 78.876 141
1953 1 1 25.104 78.876 141
1954 1 1 25.104 78.876 141
1955 8 1 25.104 78.876 141
1956 1 1 25.104 78.876 141
1957 1 1 25.104 78.876 141
1958 1 1 25.104 78.876 141
1959 1 1 25.104 78.876 141
1960 1 1 25.104 78.876 141
1961 1 1 25.104 78.876 141
1962 1 1 25.104 78.876 141
1963 1 1 25.104 78.876 141
1964 8 1 34.998 16.058 142
1965 1 1 34.998 16.058 142
1966 1 1 34.998 16.058 142
1967 1 1 34.998 16.058 142
1968 1 1 34.998 16.058 142
1969 1 1 34.998 16.058 142
1970 1 1 34.998 16.058 142
1971 1 1 34.998 16.058 142
1972 1 1 34.998 16.058 142
1973 1 1 -43.262 8.588 143
1974 1 1 -43.262 8.588 143
1975 1 1 -43.262 8.588 143
1976 1 1 -43.262 8.588 143
1977 1 1 -43.262 8.588 143
1978 1 1 -43.262 8.588 143
1979 1 1 -43.262 8.588 143
1980 1 1 -43.262 8.588 143
1981 1 1 -43.262 8.588 143
1982 1 1 -43.262 8.588 143
1983 1 1 -43.262 8.588 143
1984 1 1 -43.262 8.588 143
1985 8 1 -43.262 8.588 143
1986 1 1 -43.262 8.588 143
1987 1 1 -43.262 8.588 143
1988 1 1 -43.262 8.588 143
1989 8 1 -43.262 8.588 143
1990 8 1 -43.262 8.588 143
1991 1 1 -43.262 8.588 143
1992 8 1 -43.262 8.588 143
1993 2 1 -12.598 48.462 144
1994 2 1 -12.598 48.462 144
1995 4 1 -12.598 48.462 144
1996 4 1 -12.598 48.462 144
1997 4 1 -12.598 48.462 144
1998 2 1 -12.598 48.462 144
1999 2 1 -12.598 48.462 144
2000 2 1 -12.598 48.462 144
2001 2 1 -12.598 48.462 144
2002 2 1 -12.598 48.462 144
2003 2 1 -12.598 48.462 144
2004 2 1 -12.598 48.462 144
2005 2 1 -12.598 48.462 144
2006 2 1 -12.598 48.462 144
2007 2 1 -12.598 48.462 144
2008 4 1 -12.598 48.462 144
2009 4 1 -12.598 48.462 144
2010 2 1 -12.598 48.462 144
2011 2 1 -12.598 48.462 144
2012 2 1 -12.598 48.462 144
2013 2 1 -12.598 48.462 144
2014 2 1 -12.598 48.462 144
2015 2 1 -12.598 48.462 144
2016 2 1 -15.387 67.053 145
2017 2 1 -15.387 67.053 145
2018 1 1 -15.387 67.053 145
2019 1 1 -15.387 67.053 145
2020 1 1 -15.387 67.053 145
2021 1 1 -15.387 67.053 145
2022 1 1 -15.387 67.053 145
2023 1 1 -15.387 67.053 145
2024 1 1 -15.387 67.053 145
2025 2 1 -15.387 67.053 145
2026 2 1 -15.387 67.053 145
2027 1 1 -15.387 67.053 145
2028 2 1 -15.387 67.053 145
2029 2 1 -8.099 40.924 146
2030 2 1 -8.099 40.924 146
2031 2 1 -8.099 40.924 146
2032 2 1 -8.099 40.924 146
2033 2 1 -8.099 40.924 146
2034 4 1 -8.099 40.924 146
2035 2 1 -33.551 34.43 147
2036 2 1 -33.551 34.43 147
2037 1 1 -33.551 34.43 147
2038 1 1 -33.551 34.43 147
2039 2 1 -33.551 34.43 147
2040 1 1 -33.551 34.43 147
2041 1 1 -33.551 34.43 147
2042 1 1 -33.551 34.43 147
2043 1 1 -33.551 34.43 147
2044 1 1 -33.551 34.43 147
2045 1 1 -33.551 34.43 147
2046 1 1 -33.551 34.43 147
2047 1 1 -33.551 34.43 147
2048 8 1 28.937 -22.119 148
2049 8 1 28.937 -22.119 148
2050 8 1 28.937 -22.119 148
2051 1 1 28.937 -22.119 148
2052 1 1 28.937 -22.119 148
2053 1 1 28.937 -22.119 148
2054 1 1 28.937 -22.119 148
2055 1 1 28.937 -22.119 148
2056 1 1 28.937 -22.119 148
2057 1 1 28.937 -22.119 148
2058 8 1 28.937 -22.119 148
2059 1 1 28.937 -22.119 148
2060 8 1 78.638 -8.209 149
2061 4 1 78.638 -8.209 149
2062 4 1 78.638 -8.209 149
2063 4 1 78.638 -8.209 149
2064 4 1 78.638 -8.209 149
2065 4 1 78.638 -8.209 149
2066 4 1 78.638 -8.209 149
2067 4 1 78.638 -8.209 149
2068 4 1 78.638 -8.209 149
2069 4 1 78.638 -8.209 149
2070 4 1 78.638 -8.209 149
2071 4 1 78.638 -8.209 149
2072 4 1 78.638 -8.209 149
2073 8 1 78.638 -8.209 149
2074 4 1 78.638 -8.209 149
2075 4 1 78.638 -8.209 149
2076 8 1 78.638 -8.209 149
2077 4 1 78.638 -8.209 149
2078 4 1 78.638 -8.209 149
2079 4 1 78.638 -8.209 149
2080 4 1 78.638 -8.209 149
2081 8 1 78.638 -8.209 149
2082 4 1 78.638 -8.209 149
2083 4 1 78.638 -8.209 149
2084 4 1 51.001 45.77 150
2085 2 1 51.001 45.77 150
2086 2 1 51.001 45.77 150
2087 2 1 51.001 45.77 150
2088 4 1 51.001 45.77 150
2089 2 1 51.001 45.77 150
2090 2 1 51.001 45.77 150
2091 2 1 51.001 45.77 150
2092 4 1 51.001 45.77 150
2093 2 1 51.001 45.77 150
2094 2 1 51.001 45.77 150
2095 2 1 51.001 45.77 150
2096 2 1 51.001 45.77 150
2097 2 1 51.001 45.77 150
2098 4 1 49.2 20.63 151
2099 2 1 49.2 20.63 151
2100 4 1 49.2 20.63 151
2101 2 1 49.2 20.63 151
2102 2 1 49.2 20.63 151
2103 4 1 49.2 20.63 151
2104 2 1 49.2 20.63 151
2105 2 1 49.2 20.63 151
2106 4 1 49.2 20.63 151
2107 2 1 49.2 20.63 151
2108 4 1 49.2 20.63 151
2109 2 1 49.2 20.63 151
2110 2 1 49.2 20.63 151
2111 2 1 49.2 20.63 151
2112 4 1 49.2 20.63 151
2113 2 1 49.2 20.63 151
2114 2 1 49.2 20.63 151
2115 2 1 49.2 20.63 151
2116 2 1 -41.656 51.086 152
2117 2 1 -41.656 51.086 152
2118 2 1 -41.656 51.086 152
2119 2 1 -41.656 51.086 152
2120 4 1 -41.656 51.086 152
2121 2 1 -41.656 51.086 152
2122 2 1 -41.656 51.086 152
2123 2 1 -41.656 51.086 152
2124 4 1 -41.656 51.086 152
2125 2 1 -41.656 51.086 152
2126 2 1 -41.656 51.086 152
2127 2 1 -41.656 51.086 152
2128 2 1 -41.656 51.086 152
2129 2 1 -41.656 51.086 152
2130 2 1 -41.656 51.086 152
2131 4 1 -41.656 51.086 152
2132 4 1 19.69 -28.058 153
2133 8 1 19.69 -28.058 153
2134 8 1 19.69 -28.058 153
2135 4 1 19.69 -28.058 153
2136 4 1 19.69 -28.058 153
2137 4 1 19.69 -28.058 153
2138 4 1 19.69 -28.058 153
2139 8 1 19.69 -28.058 153
2140 4 1 19.69 -28.058 153
2141 4 1 56.927 15.271 154
2142 2 1 56.927 15.271 154
2143 2 1 56.927 15.271 154
2144 2 1 56.927 15.271 154
2145 2 1 56.927 15.271 154
2146 2 1 56.927 15.271 154
2147 4 1 28.503 -6.47 155
2148 8 1 28.503 -6.47 155
2149 4 1 28.503 -6.47 155
2150 4 1 28.503 -6.47 155
2151 8 1 -1.367 -9.375 156
2152 4 1 -1.367 -9.375 156
2153 8 1 -1.367 -9.375 156
2154 4 1 -1.367 -9.375 156
2155 2 1 -81.995 -2.673 157
2156 2 1 -81.995 -2.673 157
2157 2 1 -81.995 -2.673 157
2158 4 1 -81.995 -2.673 157
2159 2 1 -81.995 -2.673 157
2160 2 1 -81.995 -2.673 157
2161 2 1 -81.995 -2.673 157
2162 2 1 -81.995 -2.673 157
2163 2 1 -81.995 -2.673 157
2164 2 1 -81.995 -2.673 157
2165 2 1 -81.995 -2.673 157
2166 2 1 -81.995 -2.673 157
2167 2 1 -81.995 -2.673 157
2168 2 1 -81.995 -2.673 157
2169 2 1 -81.995 -2.673 157
2170 2 1 -81.995 -2.673 157
2171 4 1 -24.945 -41.241 158
2172 4 1 -24.945 -41.241 158
2173 4 1 -24.945 -41.241 158
2174 4 1 -24.945 -41.241 158
2175 4 1 -24.945 -41.241 158
2176 4 1 -24.945 -41.241 158
2177 4 1 -24.945 -41.241 158
2178 4 1 -24.945 -41.241 158
2179 8 1 -24.945 -41.241 158
2180 4 1 -24.945 -41.241 158
2181 4 1 -24.945 -41.241 158
2182 4 1 -24.945 -41.241 158
2183 4 1 -24.945 -41.241 158
2184 4 1 -24.945 -41.241 158
2185 4 1 -24.945 -41.241 158
2186 4 1 -24.945 -41.241 158
2187 8 1 -24.945 -41.241 158
2188 8 1 -24.945 -41.241 158
2189 4 1 -24.945 -41.241 158
2190 4 1 -24.945 -41.241 158
2191 4 1 -24.945 -41.241 158
2192 4 1 -24.945 -41.241 158
2193 2 1 -86.847 69.415 159
2194 1 1 46.558 15.57 160
2195 1 1 46.558 15.57 160
2196 1 1 -85.394 44.781 161
2197 1 1 -85.394 44.781 161
2198 1 1 -85.394 44.781 161
2199 1 1 -85.394 44.781 161
2200 2 1 -85.394 44.781 161
2201 2 1 -85.394 44.781 161
2202 2 1 -85.394 44.781 161
2203 1 1 -85.394 44.781 161
2204 1 1 -85.394 44.781 161
2205 1 1 -85.394 44.781 161
2206 1 1 -85.394 44.781 161
2207 1 1 -85.394 44.781 161
2208 1 1 -85.394 44.781 161
2209 1 1 -85.394 44.781 161
2210 2 1 -85.394 44.781 161
2211 1 1 -85.394 44.781 161
2212 2 1 -85.394 44.781 161
2213 2 1 -85.394 44.781 161
2214 1 1 -7.013 53.424 162
2215 1 1 -7.013 53.424 162
2216 2 1 -7.013 53.424 162
2217 1 1 -7.013 53.424 162
2218 1 1 -7.013 53.424 162
2219 1 1 -7.013 53.424 162
2220 1 1 -7.013 53.424 162
2221 1 1 -7.013 53.424 162
2222 1 1 -7.013 53.424 162
2223 2 1 -7.013 53.424 162
2224 1 1 -7.013 53.424 162
2225 1 1 -7.013 53.424 162
2226 1 1 -7.013 53.424 162
2227 1 1 -7.013 53.424 162
2228 2 1 -7.013 53.424 162
2229 1 1 -7.013 53.424 162
2230 1 1 -7.013 53.424 162
2231 1 1 -7.013 53.424 162
2232 1 1 -7.013 53.424 162
2233 2 1 -7.013 53.424 162
2234 1 1 -7.013 53.424 162
2235 1 1 -7.013 53.424 162
2236 2 1 -26.52 62.097 163
2237 2 1 -26.52 62.097 163
2238 4 1 -26.52 62.097 163
2239 4 1 -81.604 30.64 164
2240 4 1 -81.604 30.64 164
2241 4 1 -81.604 30.64 164
2242 1 1 82.147 44.208 165
2243 1 1 82.147 44.208 165
2244 1 1 82.147 44.208 165
2245 1 1 82.147 44.208 165
2246 1 1 82.147 44.208 165
2247 8 1 82.147 44.208 165
2248 1 1 82.147 44.208 165
2249 8 1 82.147 44.208 165
2250 1 1 82.147 44.208 165
2251 1 1 82.147 44.208 165
2252 1 1 82.147 44.208 165
2253 1 1 82.147 44.208 165
2254 1 1 82.147 44.208 165
2255 1 1 82.147 44.208 165
2256 1 1 82.147 44.208 165
2257 1 1 82.147 44.208 165
2258 1 1 82.147 44.208 165
2259 1 1 82.147 44.208 165
2260 1 1 82.147 44.208 165
2261 1 1 82.147 44.208 165
2262 1 1 82.147 44.208 165
2263 8 1 82.147 44.208 165
2264 1 1 82.147 44.208 165
2265 1 1 82.147 44.208 165
2266 1 1 17.316 -35.895 166
2267 1 1 17.316 -35.895 166
2268 1 1 17.316 -35.895 166
2269 1 1 17.316 -35.895 166
2270 1 1 17.316 -35.895 166
2271 2 1 17.316 -35.895 166
2272 1 1 17.316 -35.895 166
2273 1 1 17.316 -35.895 166
2274 1 1 17.316 -35.895 166
2275 2 1 17.316 -35.895 166
2276 1 1 17.316 -35.895 166
2277 1 1 17.316 -35.895 166
2278 1 1 17.316 -35.895 166
2279 1 1 17.316 -35.895 166
2280 4 1 48.181 22.577 167
2281 8 1 48.181 22.577 167
2282 8 1 48.181 22.577 167
2283 4 1 48.181 22.577 167
2284 4 1 48.181 22.577 167
2285 4 1 48.181 22.577 167
2286 4 1 48.181 22.577 167
2287 4 1 48.181 22.577 167
2288 4 1 48.181 22.577 167
2289 4 1 48.181 22.577 167
2290 4 1 48.181 22.577 167
2291 4 1 48.181 22.577 167
2292 4 1 48.181 22.577 167
2293 4 1 48.181 22.577 167
2294 4 1 48.181 22.577 167
2295 4 1 48.181 22.577 167
2296 4 1 48.181 22.577 167
2297 4 1 48.181 22.577 167
2298 8 1 48.181 22.577 167
2299 4 1 48.181 22.577 167
2300 4 1 48.181 22.577 167
2301 8 1 48.181 22.577 167
2302 1 1 -31.11 16.931 168
2303 1 1 -31.11 16.931 168
2304 1 1 -31.11 16.931 168
2305 2 1 -31.11 16.931 168
2306 1 1 -31.11 16.931 168
2307 2 1 -31.11 16.931 168
2308 1 1 -31.11 16.931 168
2309 1 1 -31.11 16.931 168
2310 1 1 -31.11 16.931 168
2311 2 1 -31.11 16.931 168
2312 2 1 -31.11 16.931 168
2313 2 1 -43.066 16.962 169
2314 4 1 -43.066 16.962 169
2315 2 1 -43.066 16.962 169
2316 2 1 -43.066 16.962 169
2317 2 1 -43.066 16.962 169
2318 2 1 -43.066 16.962 169
2319 2 1 -43.066 16.962 169
2320 2 1 -43.066 16.962 169
2321 2 1 -43.066 16.962 169
2322 2 1 -43.066 16.962 169
2323 2 1 -43.066 16.962 169
2324 2 1 -43.066 16.962 169
2325 2 1 -43.066 16.962 169
2326 2 1 -43.066 16.962 169
2327 4 1 -11.42 -25.311 170
2328 4 1 -11.42 -25.311 170
2329 4 1 -11.42 -25.311 170
2330 4 1 -11.42 -25.311 170
2331 4 1 -11.42 -25.311 170
2332 4 1 -11.42 -25.311 170
2333 4 1 -11.42 -25.311 170
2334 4 1 -11.42 -25.311 170
2335 4 1 -11.42 -25.311 170
2336 4 1 -11.42 -25.311 170
2337 8 1 -11.42 -25.311 170
2338 4 1 -11.42 -25.311 170
2339 4 1 -11.42 -25.311 170
2340 2 1 29.364 -51.721 171
2341 2 1 29.364 -51.721 171
2342 2 1 29.364 -51.721 171
2343 4 1 29.364 -51.721 171
2344 2 1 29.364 -51.721 171
2345 2 1 29.364 -51.721 171
2346 2 1 29.364 -51.721 171
2347 2 1 29.364 -51.721 171
2348 2 1 29.364 -51.721 171
2349 2 1 29.364 -51.721 171
2350 4 1 29.364 -51.721 171
2351 2 1 29.364 -51.721 171
2352 2 1 55.597 -65.259 172
2353 2 1 55.597 -65.259 172
2354 2 1 55.597 -65.259 172
2355 2 1 55.597 -65.259 172
2356 2 1 55.597 -65.259 172
2357 2 1 55.597 -65.259 172
2358 2 1 55.597 -65.259 172
2359 2 1 55.597 -65.259 172
2360 2 1 55.597 -65.259 172
2361 4 1 55.597 -65.259 172
2362 4 1 29.919 -46.252 173
2363 8 1 29.919 -46.252 173
2364 4 1 29.919 -46.252 173
2365 4 1 29.919 -46.252 173
2366 8 1 29.919 -46.252 173
2367 4 1 29.919 -46.252 173
2368 4 1 29.919 -46.252 173
2369 4 1 29.919 -46.252 173
2370 8 1 29.919 -46.252 173
2371 4 1 29.919 -46.252 173
2372 4 1 29.919 -46.252 173
2373 4 1 29.919 -46.252 173
2374 4 1 17.883 -68.549 174
2375 4 1 17.883 -68.549 174
2376 4 1 17.883 -68.549 174
2377 4 1 17.883 -68.549 174
2378 4 1 17.883 -68.549 174
2379 4 1 17.883 -68.549 174
2380 4 1 17.883 -68.549 174
2381 4 1 17.883 -68.549 174
2382 8 1 17.883 -68.549 174
2383 4 1 17.883 -68.549 174
2384 4 1 17.883 -68.549 174
2385 4 1 17.883 -68.549 174
2386 4 1 17.883 -68.549 174
2387 8 1 17.883 -68.549 174
2388 4 1 17.883 -68.549 174
2389 4 1 17.883 -68.549 174
2390 4 1 17.883 -68.549 174
2391 4 1 17.883 -68.549 174
2392 4 1 17.883 -68.549 174
2393 4 1 17.883 -68.549 174
2394 4 1 17.883 -68.549 174
2395 4 1 17.883 -68.549 174
2396 8 1 -89.935 64.575 175
2397 8 1 -89.935 64.575 175
2398 4 1 -89.935 64.575 175
2399 4 1 -89.935 64.575 175
2400 4 1 -89.935 64.575 175
2401 4 1 -89.935 64.575 175
2402 4 1 -89.935 64.575 175
2403 4 1 -89.935 64.575 175
2404 4 1 -89.935 64.575 175
2405 4 1 -89.935 64.575 175
2406 1 1 7.159 -28.467 176
2407 1 1 7.159 -28.467 176
2408 1 1 7.159 -28.467 176
2409 1 1 7.159 -28.467 176
2410 2 1 7.159 -28.467 176
2411 2 1 7.159 -28.467 176
2412 4 1 -0.745 -38.892 177
2413 4 1 -0.745 -38.892 177
2414 4 1 -0.745 -38.892 177
2415 8 1 -0.745 -38.892 177
2416 1 1 73.029 -66.461 178
2417 1 1 73.029 -66.461 178
2418 1 1 73.029 -66.461 178
2419 1 1 73.029 -66.461 178
2420 1 1 73.029 -66.461 178
2421 1 1 73.029 -66.461 178
2422 1 1 73.029 -66.461 178
2423 1 1 73.029 -66.461 178
2424 1 1 73.029 -66.461 178
2425 8 1 73.029 -66.461 178
2426 1 1 73.029 -66.461 178
2427 2 1 11.572 -44.574 179
2428 2 1 11.572 -44.574 179
2429 4 1 11.572 -44.574 179
2430 2 1 11.572 -44.574 179
2431 2 1 11.572 -44.574 179
2432 4 1 11.572 -44.574 179
2433 2 1 11.572 -44.574 179
2434 2 1 11.572 -44.574 179
2435 2 1 11.572 -44.574 179
2436 4 1 11.572 -44.574 179
2437 4 1 11.572 -44.574 179
2438 2 1 11.572 -44.574 179
2439 2 1 11.572 -44.574 179
2440 2 1 11.572 -44.574 179
2441 1 1 15.71 34.839 180
2442 2 1 15.71 34.839 180
2443 2 1 15.71 34.839 180
2444 2 1 15.71 34.839 180
2445 1 1 15.71 34.839 180
2446 1 1 15.71 34.839 180
2447 2 1 15.71 34.839 180
2448 1 1 15.71 34.839 180
2449 1 1 15.71 34.839 180
2450 1 1 15.71 34.839 180
2451 1 1 15.71 34.839 180
2452 1 1 15.71 34.839 180
2453 2 1 15.71 34.839 180
2454 2 1 15.71 34.839 180
2455 1 1 15.71 34.839 180
2456 1 1 15.71 34.839 180
2457 2 1 15.71 34.839 180
2458 1 1 15.71 34.839 180
2459 1 1 15.71 34.839 180
2460 1 1 15.71 34.839 180
2461 8 1 29.022 -40.002 181
2462 8 1 29.022 -40.002 181
2463 8 1 29.022 -40.002 181
2464 8 1 29.022 -40.002 181
2465 8 1 29.022 -40.002 181
2466 1 1 67.542 32.446 182
2467 1 1 67.542 32.446 182
2468 1 1 67.542 32.446 182
2469 1 1 67.542 32.446 182
2470 1 1 5.292 -51.556 183
2471 1 1 5.292 -51.556 183
2472 1 1 5.292 -51.556 183
2473 1 1 5.292 -51.556 183
2474 1 1 5.292 -51.556 183
2475 1 1 5.292 -51.556 183
2476 1 1 5.292 -51.556 183
2477 1 1 5.292 -51.556 183
2478 1 1 5.292 -51.556 183
2479 1 1 5.292 -51.556 183
2480 1 1 5.292 -51.556 183
2481 1 1 5.292 -51.556 183
2482 1 1 5.292 -51.556 183
2483 1 1 5.292 -51.556 183
2484 1 1 -74.139 9.161 184
2485 1 1 -74.139 9.161 184
2486 1 1 -74.139 9.161 184
2487 1 1 -74.139 9.161 184
2488 1 1 -74.139 9.161 184
2489 1 1 -74.139 9.161 184
2490 1 1 -74.139 9.161 184
2491 1 1 -74.139 9.161 184
2492 1 1 -74.139 9.161 184
2493 1 1 -74.139 9.161 184
2494 1 1 -74.139 9.161 184
2495 1 1 -74.139 9.161 184
2496 1 1 -74.139 9.161 184
2497 1 1 -74.139 9.161 184
2498 1 1 -74.139 9.161 184
2499 1 1 -74.139 9.161 184
2500 1 1 -74.139 9.161 184
2501 1 1 -74.139 9.161 184
2502 1 1 -74.139 9.161 184
2503 1 1 -74.139 9.161 184
2504 1 1 -74.139 9.161 184
2505 1 1 -51.196 40.833 185
2506 1 1 -51.196 40.833 185
2507 1 1 -51.196 40.833 185
2508 1 1 -51.196 40.833 185
2509 1 1 -51.196 40.833 185
2510 1 1 -51.196 40.833 185
2511 1 1 -51.196 40.833 185
2512 1 1 -51.196 40.833 185
2513 1 1 -51.196 40.833 185
2514 1 1 -51.196 40.833 185
2515 1 1 -51.196 40.833 185
2516 1 1 -51.196 40.833 185
2517 1 1 -51.196 40.833 185
2518 1 1 -51.196 40.833 185
2519 1 1 -51.196 40.833 185
2520 1 1 -51.196 40.833 185
2521 1 1 -51.196 40.833 185
2522 1 1 -51.196 40.833 185
2523 1 1 -51.196 40.833 185
2524 1 1 -51.196 40.833 185
2525 1 1 -51.196 40.833 185
2526 8 1 -67.139 19.141 186
2527 8 1 -67.139 19.141 186
2528 8 1 -67.139 19.141 186
2529 8 1 -67.139 19.141 186
2530 8 1 -67.139 19.141 186
2531 8 1 -67.139 19.141 186
2532 8 1 -67.139 19.141 186
2533 8 1 -67.139 19.141 186
2534 8 1 -67.139 19.141 186
2535 8 1 -67.139 19.141 186
2536 8 1 -67.139 19.141 186
2537 8 1 -67.139 19.141 186
2538 8 1 -67.139 19.141 186
2539 8 1 -67.139 19.141 186
2540 8 1 -67.139 19.141 186
2541 8 1 -67.139 19.141 186
2542 8 1 -67.139 19.141 186
2543 8 1 -67.139 19.141 186
2544 8 1 -67.139 19.141 186
2545 8 1 -67.139 19.141 186
2546 8 1 -67.139 19.141 186
2547 8 1 -67.139 19.141 186
2548 8 1 -67.139 19.141 186
2549 1 1 -30.927 -11.401 187
2550 1 1 -30.927 -11.401 187
2551 8 1 -44.891 -23.718 188
2552 8 1 -44.891 -23.718 188
2553 8 1 -44.891 -23.718 188
2554 8 1 -44.891 -23.718 188
2555 8 1 -44.891 -23.718 188
2556 8 1 -44.891 -23.718 188
2557 8 1 -44.891 -23.718 188
2558 8 1 -44.891 -23.718 188
2559 8 1 -44.891 -23.718 188
2560 8 1 -44.891 -23.718 188
2561 8 1 -44.891 -23.718 188
2562 8 1 -44.891 -23.718 188
2563 8 1 -44.891 -23.718 188
2564 4 1 -79.999 60.114 189
2565 4 1 -79.999 60.114 189
2566 4 1 -79.999 60.114 189
2567 4 1 -79.999 60.114 189
2568 4 1 -79.999 60.114 189
2569 4 1 -79.999 60.114 189
2570 4 1 -79.999 60.114 189
2571 4 1 -79.999 60.114 189
2572 4 1 -79.999 60.114 189
2573 4 1 -79.999 60.114 189
2574 4 1 -79.999 60.114 189
2575 4 1 -79.999 60.114 189
2576 4 1 -79.999 60.114 189
2577 4 1 -79.999 60.114 189
2578 4 1 -79.999 60.114 189
2579 4 1 -79.999 60.114 189
2580 4 1 -79.999 60.114 189
2581 4 1 -79.999 60.114 189
2582 4 1 -44.556 19.623 190
2583 4 1 -44.556 19.623 190
2584 4 1 -44.556 19.623 190
2585 4 1 -44.556 19.623 190
2586 4 1 -44.556 19.623 190
2587 4 1 -44.556 19.623 190
2588 4 1 -44.556 19.623 190
2589 4 1 -44.556 19.623 190
2590 4 1 -44.556 19.623 190
2591 4 1 -44.556 19.623 190
2592 4 1 -44.556 19.623 190
2593 4 1 -44.556 19.623 190
2594 4 1 -44.556 19.623 190
2595 4 1 -44.556 19.623 190
2596 4 1 -44.556 19.623 190
2597 4 1 -44.556 19.623 190
2598 1 1 27.057 8.679 191
2599 1 1 27.057 8.679 191
2600 1 1 27.057 8.679 191
2601 1 1 27.057 8.679 191
2602 1 1 27.057 8.679 191
2603 1 1 27.057 8.679 191
2604 1 1 27.057 8.679 191
2605 1 1 27.057 8.679 191
2606 1 1 27.057 8.679 191
2607 1 1 27.057 8.679 191
2608 8 1 -61.267 59.912 192
2609 8 1 -61.267 59.912 192
2610 8 1 -61.267 59.912 192
2611 8 1 -61.267 59.912 192
2612 8 1 -61.267 59.912 192
2613 8 1 -61.267 59.912 192
2614 8 1 -61.267 59.912 192
2615 8 1 -61.267 59.912 192
2616 8 1 -61.267 59.912 192
2617 8 1 -61.267 59.912 192
2618 8 1 -61.267 59.912 192
2619 8 1 -61.267 59.912 192
2620 8 1 -61.267 59.912 192
2621 8 1 -61.267 59.912 192
2622 8 1 -61.267 59.912 192
2623 8 1 -61.267 59.912 192
2624 8 1 -61.267 59.912 192
2625 8 1 -61.267 59.912 192
2626 8 1 -61.267 59.912 192
2627 8 1 -61.267 59.912 192
2628 8 1 -61.267 59.912 192
2629 8 1 -61.267 59.912 192
2630 8 1 -61.267 59.912 192
2631 8 1 -61.267 59.912 192
2632 8 1 -61.267 59.912 192
2633 1 1 -56.812 45.544 193
2634 1 1 -56.812 45.544 193
2635 1 1 -56.812 45.544 193
2636 1 1 -56.812 45.544 193
2637 1 1 -56.812 45.544 193
2638 1 1 -56.812 45.544 193
2639 1 1 -56.812 45.544 193
2640 1 1 -56.812 45.544 193
2641 1 1 -56.812 45.544 193
2642 1 1 -56.812 45.544 193
2643 1 1 -56.812 45.544 193
2644 1 1 -56.812 45.544 193
2645 1 1 -56.812 45.544 193
2646 1 1 -56.812 45.544 193
2647 1 1 -56.812 45.544 193
2648 1 1 -56.812 45.544 193
2649 1 1 -56.812 45.544 193
2650 1 1 -56.812 45.544 193
2651 2 1 19.965 -44.22 194
2652 2 1 19.965 -44.22 194
2653 2 1 19.965 -44.22 194
2654 2 1 19.965 -44.22 194
2655 2 1 19.965 -44.22 194
2656 2 1 19.965 -44.22 194
2657 2 1 19.965 -44.22 194
2658 2 1 19.965 -44.22 194
2659 2 1 19.965 -44.22 194
2660 2 1 19.965 -44.22 194
2661 2 1 19.965 -44.22 194
2662 2 1 19.965 -44.22 194
2663 2 1 19.965 -44.22 194
2664 2 1 19.965 -44.22 194
2665 2 1 19.965 -44.22 194
2666 2 1 19.965 -44.22 194
2667 2 1 19.965 -44.22 194
2668 4 1 -69.049 62.891 195
2669 4 1 -69.049 62.891 195
2670 4 1 -69.049 62.891 195
2671 4 1 -69.049 62.891 195
2672 4 1 -69.049 62.891 195
2673 4 1 -69.049 62.891 195
2674 4 1 -69.049 62.891 195
2675 4 1 -69.049 62.891 195
2676 4 1 -69.049 62.891 195
2677 4 1 -69.049 62.891 195
2678 4 1 -69.049 62.891 195
2679 4 1 -69.049 62.891 195
2680 4 1 -69.049 62.891 195
2681 4 1 -69.049 62.891 195
2682 4 1 -69.049 62.891 195
2683 4 1 -69.049 62.891 195
2684 4 1 -69.049 62.891 195
2685 4 1 -69.049 62.891 195
2686 4 1 -69.049 62.891 195
2687 4 1 -7.928 97.266 196
2688 4 1 -7.928 97.266 196
2689 4 1 -7.928 97.266 196
2690 4 1 -7.928 97.266 196
2691 4 1 -7.928 97.266 196
2692 4 1 -7.928 97.266 196
2693 4 1 -7.928 97.266 196
2694 4 1 -7.928 97.266 196
2695 4 1 -7.928 97.266 196
2696 4 1 -7.928 97.266 196
2697 4 1 -7.928 97.266 196
2698 4 1 -7.928 97.266 196
2699 4 1 -7.928 97.266 196
2700 4 1 -7.928 97.266 196
2701 4 1 -7.928 97.266 196
2702 4 1 -7.928 97.266 196
2703 4 1 -7.928 97.266 196
2704 4 1 -7.928 97.266 196
2705 4 1 -7.928 97.266 196
2706 4 1 -7.928 97.266 196
2707 4 1 -7.928 97.266 196
2708 4 1 -7.928 97.266 196
2709 4 1 -7.928 97.266 196
2710 4 1 -7.928 97.266 196
2711 4 1 -7.928 97.266 196
2712 4 1 20.404 44.513 197
2713 4 1 20.404 44.513 197
2714 4 1 20.404 44.513 197
2715 4 1 20.404 44.513 197
2716 4 1 20.404 44.513 197
2717 4 1 20.404 44.513 197
2718 4 1 20.404 44.513 197
2719 4 1 20.404 44.513 197
2720 4 1 20.404 44.513 197
2721 4 1 20.404 44.513 197
2722 4 1 20.404 44.513 197
2723 4 1 20.404 44.513 197
2724 4 1 20.404 44.513 197
2725 4 1 20.404 44.513 197
2726 4 1 20.404 44.513 197
2727 4 1 20.404 44.513 197
2728 4 1 20.404 44.513 197
2729 4 1 20.404 44.513 197
2730 4 1 20.404 44.513 197
2731 4 1 20.404 44.513 197
2732 4 1 20.404 44.513 197
2733 4 1 20.404 44.513 197
2734 4 1 20.404 44.513 197
2735 4 1 20.404 44.513 197
2736 8 1 42.505 -14.215 198
2737 8 1 42.505 -14.215 198
2738 8 1 42.505 -14.215 198
2739 8 1 42.505 -14.215 198
2740 8 1 42.505 -14.215 198
2741 8 1 42.505 -14.215 198
2742 8 1 42.505 -14.215 198
2743 8 1 42.505 -14.215 198
2744 8 1 42.505 -14.215 198
2745 8 1 42.505 -14.215 198
2746 8 1 42.505 -14.215 198
2747 8 1 42.505 -14.215 198
2748 8 1 42.505 -14.215 198
2749 8 1 42.505 -14.215 198
2750 8 1 42.505 -14.215 198
2751 8 1 42.505 -14.215 198
2752 8 1 42.505 -14.215 198
2753 8 1 42.505 -14.215 198
2754 8 1 42.505 -14.215 198
2755 8 1 42.505 -14.215 198
2756 4 1 33.752 32.294 199
2757 4 1 33.752 32.294 199
2758 4 1 33.752 32.294 199
2759 4 1 33.752 32.294 199
2760 4 1 33.752 32.294 199
2761 4 1 33.752 32.294 199
2762 8 1 17.975 32.782 200
2763 8 1 17.975 32.782 200
2764 8 1 17.975 32.782 200
2765 8 1 17.975 32.782 200
2766 8 1 17.975 32.782 200
2767 8 1 17.975 32.782 200
2768 8 1 17.975 32.782 200
2769 8 1 17.975 32.782 200
2770 8 1 17.975 32.782 200
2771 8 1 17.975 32.782 200
2772 8 1 17.975 32.782 200
2773 8 1 17.975 32.782 200
2774 8 1 17.975 32.782 200
2775 8 1 17.975 32.782 200
2776 8 1 17.975 32.782 200
2777 8 1 17.975 32.782 200
2778 8 1 17.975 32.782 200
2779 8 1 17.975 32.782 200
2780 8 1 17.975 32.782 200
2781 8 1 17.975 32.782 200
2782 8 1 17.975 32.782 200
2783 8 1 17.975 32.782 200
2784 8 1 17.975 32.782 200
2785 8 1 17.975 32.782 200
2786 8 1 52.118 21.033 201
2787 8 1 52.118 21.033 201
2788 8 1 52.118 21.033 201
2789 8 1 52.118 21.033 201
2790 8 1 52.118 21.033 201
2791 8 1 52.118 21.033 201
2792 8 1 52.118 21.033 201
2793 8 1 52.118 21.033 201
2794 8 1 52.118 21.033 201
2795 8 1 52.118 21.033 201
2796 8 1 52.118 21.033 201
2797 8 1 52.118 21.033 201
2798 8 1 52.118 21.033 201
2799 8 1 52.118 21.033 201
2800 8 1 52.118 21.033 201
2801 8 1 52.118 21.033 201
2802 8 1 52.118 21.033 201
2803 8 1 52.118 21.033 201
2804 8 1 52.118 21.033 201
2805 8 1 52.118 21.033 201
2806 8 1 52.118 21.033 201
2807 8 1 52.118 21.033 201
2808 8 1 52.118 21.033 201
2809 8 1 52.118 21.033 201
2810 8 1 52.118 21.033 201
2811 2 1 -26.489 43.903 202
2812 2 1 -26.489 43.903 202
2813 2 1 -26.489 43.903 202
2814 2 1 -26.489 43.903 202
2815 2 1 -26.489 43.903 202
2816 2 1 -26.489 43.903 202
2817 2 1 -26.489 43.903 202
2818 2 1 -26.489 43.903 202
2819 2 1 -26.489 43.903 202
2820 2 1 -26.489 43.903 202
2821 8 1 37.103 53.345 203
2822 8 1 37.103 53.345 203
2823 8 1 37.103 53.345 203
2824 8 1 37.103 53.345 203
2825 8 1 37.103 53.345 203
2826 8 1 37.103 53.345 203
2827 8 1 37.103 53.345 203
2828 8 1 37.103 53.345 203
2829 8 1 37.103 53.345 203
2830 8 1 37.103 53.345 203
2831 8 1 37.103 53.345 203
2832 8 1 37.103 53.345 203
2833 8 1 37.103 53.345 203
2834 8 1 37.103 53.345 203
2835 8 1 37.103 53.345 203
2836 8 1 37.103 53.345 203
2837 8 1 37.103 53.345 203
2838 8 1 37.103 53.345 203
2839 8 1 37.103 53.345 203
2840 4 1 72.357 62.03 204
2841 4 1 72.357 62.03 204
2842 4 1 72.357 62.03 204
2843 4 1 72.357 62.03 204
2844 4 1 72.357 62.03 204
2845 4 1 72.357 62.03 204
2846 4 1 72.357 62.03 204
2847 2 1 -53.674 48.523 205
2848 2 1 -53.674 48.523 205
2849 2 1 -53.674 48.523 205
2850 2 1 -53.674 48.523 205
2851 2 1 -53.674 48.523 205
2852 2 1 -53.674 48.523 205
2853 2 1 -53.674 48.523 205
2854 2 1 -53.674 48.523 205
2855 2 1 -53.674 48.523 205
2856 2 1 -53.674 48.523 205
2857 2 1 -53.674 48.523 205
2858 4 1 -97.9 67.92 206
2859 4 1 -97.9 67.92 206
2860 4 1 -97.9 67.92 206
2861 4 1 -97.9 67.92 206
2862 4 1 -97.9 67.92 206
2863 4 1 -97.9 67.92 206
2864 4 1 -97.9 67.92 206
2865 4 1 -97.9 67.92 206
2866 4 1 -97.9 67.92 206
2867 4 1 -97.9 67.92 206
2868 4 1 -97.9 67.92 206
2869 4 1 -97.9 67.92 206
2870 4 1 -97.9 67.92 206
2871 4 1 -97.9 67.92 206
2872 4 1 -97.9 67.92 206
2873 4 1 -97.9 67.92 206
2874 4 1 -97.9 67.92 206
2875 4 1 -97.9 67.92 206
2876 4 1 -97.9 67.92 206
2877 4 1 -97.9 67.92 206
2878 4 1 -97.9 67.92 206
2879 2 1 -69.232 35.602 207
2880 2 1 -69.232 35.602 207
2881 2 1 -69.232 35.602 207
2882 2 1 -69.232 35.602 207
2883 2 1 -69.232 35.602 207
2884 2 1 -69.232 35.602 207
2885 2 1 -69.232 35.602 207
2886 2 1 -69.232 35.602 207
2887 2 1 -69.232 35.602 207
2888 2 1 -69.232 35.602 207
2889 2 1 -69.232 35.602 207
2890 2 1 -69.232 35.602 207
2891 2 1 -69.232 35.602 207
2892 2 1 -69.232 35.602 207
2893 2 1 -69.232 35.602 207
2894 2 1 -69.232 35.602 207
2895 2 1 -69.232 35.602 207
2896 2 1 -69.232 35.602 207
2897 2 1 -69.232 35.602 207
2898 2 1 -69.232 35.602 207
2899 2 1 -69.232 35.602 207
2900 2 1 -69.232 35.602 207
2901 2 1 -69.232 35.602 207
2902 2 1 -69.232 35.602 207
2903 1 1 -27.686 -26.093 208
2904 4 1 16.37 -15.546 209
2905 4 1 16.37 -15.546 209
2906 4 1 16.37 -15.546 209
2907 4 1 16.37 -15.546 209
2908 4 1 16.37 -15.546 209
2909 4 1 16.37 -15.546 209
2910 4 1 16.37 -15.546 209
2911 4 1 16.37 -15.546 209
2912 4 1 16.37 -15.546 209
2913 4 1 16.37 -15.546 209
2914 4 1 16.37 -15.546 209
2915 4 1 16.37 -15.546 209
2916 4 1 16.37 -15.546 209
2917 4 1 16.37 -15.546 209
2918 4 1 16.37 -15.546 209
2919 4 1 16.37 -15.546 209
2920 4 1 16.37 -15.546 209
2921 4 1 16.37 -15.546 209
2922 4 1 16.37 -15.546 209
2923 4 1 16.37 -15.546 209
2924 4 1 16.37 -15.546 209
2925 4 1 16.37 -15.546 209
2926 4 1 16.37 -15.546 209
2927 8 1 42.493 -51.324 210
2928 8 1 42.493 -51.324 210
2929 8 1 42.493 -51.324 210
2930 8 1 42.493 -51.324 210
2931 8 1 42.493 -51.324 210
2932 8 1 42.493 -51.324 210
2933 8 1 42.493 -51.324 210
2934 8 1 42.493 -51.324 210
2935 8 1 42.493 -51.324 210
2936 8 1 42.493 -51.324 210
2937 4 1 -54.779 35.907 211
2938 4 1 -54.779 35.907 211
2939 4 1 -54.779 35.907 211
2940 4 1 -54.779 35.907 211
2941 4 1 -54.779 35.907 211
2942 4 1 -54.779 35.907 211
2943 4 1 -54.779 35.907 211
2944 4 1 -54.779 35.907 211
2945 4 1 -54.779 35.907 211
2946 4 1 -54.779 35.907 211
2947 4 1 -54.779 35.907 211
2948 4 1 -54.779 35.907 211
2949 4 1 -54.779 35.907 211
2950 4 1 -54.779 35.907 211
2951 4 1 -54.779 35.907 211
2952 4 1 -54.779 35.907 211
2953 4 1 -54.779 35.907 211
2954 4 1 -54.779 35.907 211
2955 4 1 -54.779 35.907 211
2956 4 1 -54.779 35.907 211
2957 4 1 -54.779 35.907 211
2958 8 1 -12.848 51.459 212
2959 8 1 -12.848 51.459 212
2960 8 1 -12.848 51.459 212
2961 8 1 -12.848 51.459 212
2962 8 1 -12.848 51.459 212
2963 8 1 -12.848 51.459 212
2964 8 1 -12.848 51.459 212
2965 8 1 -12.848 51.459 212
2966 8 1 -12.848 51.459 212
2967 8 1 -12.848 51.459 212
2968 8 1 -12.848 51.459 212
2969 8 1 -12.848 51.459 212
2970 8 1 -12.848 51.459 212
2971 8 1 -12.848 51.459 212
2972 8 1 -12.848 51.459 212
2973 8 1 -12.848 51.459 212
2974 8 1 -12.848 51.459 212
2975 8 1 57.916 18.445 213
2976 8 1 57.916 18.445 213
2977 8 1 57.916 18.445 213
2978 8 1 57.916 18.445 213
2979 8 1 57.916 18.445 213
2980 8 1 57.916 18.445 213
2981 8 1 57.916 18.445 213
2982 8 1 57.916 18.445 213
2983 8 1 57.916 18.445 213
2984 8 1 57.916 18.445 213
2985 8 1 57.916 18.445 213
2986 8 1 57.916 18.445 213
2987 8 1 57.916 18.445 213
2988 2 1 43.469 -98.682 214
2989 2 1 43.469 -98.682 214
2990 2 1 43.469 -98.682 214
2991 2 1 43.469 -98.682 214
2992 2 1 43.469 -98.682 214
2993 2 1 43.469 -98.682 214
2994 1 1 10.449 -42.487 215
2995 1 1 10.449 -42.487 215
2996 1 1 10.449 -42.487 215
2997 1 1 10.449 -42.487 215
2998 1 1 10.449 -42.487 215
2999 1 1 10.449 -42.487 215
3000 1 1 10.449 -42.487 215
3001 1 1 10.449 -42.487 215
3002 1 1 10.449 -42.487 215
3003 1 1 10.449 -42.487 215
3004 1 1 10.449 -42.487 215
3005 1 1 10.449 -42.487 215
3006 1 1 10.449 -42.487 215
3007 1 1 10.449 -42.487 215
3008 1 1 10.449 -42.487 215
3009 1 1 10.449 -42.487 215
3010 1 1 10.449 -42.487 215
3011 1 1 10.449 -42.487 215
3012 1 1 10.449 -42.487 215
3013 1 1 10.449 -42.487 215
3014 1 1 10.449 -42.487 215
3015 1 1 10.449 -42.487 215
3016 8 1 -8.252 37.714 216
3017 8 1 -8.252 37.714 216
3018 8 1 -8.252 37.714 216
3019 8 1 -8.252 37.714 216
3020 8 1 -8.252 37.714 216
3021 8 1 -8.252 37.714 216
3022 8 1 -8.252 37.714 216
3023 8 1 -8.252 37.714 216
3024 8 1 -8.252 37.714 216
3025 8 1 -8.252 37.714 216
3026 8 1 -8.252 37.714 216
3027 8 1 -8.252 37.714 216
3028 8 1 -8.252 37.714 216
3029 8 1 -8.252 37.714 216
3030 8 1 68.695 -30.06 217
3031 8 1 68.695 -30.06 217
3032 8 1 68.695 -30.06 217
3033 8 1 68.695 -30.06 217
3034 8 1 68.695 -30.06 217
3035 8 1 68.695 -30.06 217
3036 8 1 68.695 -30.06 217
3037 8 1 68.695 -30.06 217
3038 8 1 68.695 -30.06 217
3039 8 1 68.695 -30.06 217
3040 8 1 68.695 -30.06 217
3041 8 1 68.695 -30.06 217
3042 8 1 68.695 -30.06 217
3043 2 1 31.604 -53.21 218
3044 2 1 31.604 -53.21 218
3045 2 1 31.604 -53.21 218
3046 2 1 31.604 -53.21 218
3047 2 1 31.604 -53.21 218
3048 2 1 31.604 -53.21 218
3049 2 1 31.604 -53.21 218
3050 2 1 31.604 -53.21 218
3051 2 1 31.604 -53.21 218
3052 2 1 31.604 -53.21 218
3053 2 1 31.604 -53.21 218
3054 2 1 31.604 -53.21 218
3055 2 1 31.604 -53.21 218
3056 2 1 31.604 -53.21 218
3057 2 1 31.604 -53.21 218
3058 1 1 -49.097 5.194 219
3059 1 1 -49.097 5.194 219
3060 1 1 -49.097 5.194 219
3061 1 1 -49.097 5.194 219
3062 1 1 -49.097 5.194 219
3063 1 1 -49.097 5.194 219
3064 1 1 -49.097 5.194 219
3065 1 1 -49.097 5.194 219
3066 1 1 -49.097 5.194 219
3067 1 1 -49.097 5.194 219
3068 1 1 -49.097 5.194 219
3069 1 1 -49.097 5.194 219
3070 1 1 -49.097 5.194 219
3071 1 1 -49.097 5.194 219
3072 1 1 -49.097 5.194 219
3073 1 1 -49.097 5.194 219
3074 1 1 -49.097 5.194 219
3075 4 1 -1.782 -45.105 220
3076 4 1 -1.782 -45.105 220
3077 4 1 -1.782 -45.105 220
3078 4 1 -1.782 -45.105 220
3079 4 1 -1.782 -45.105 220
3080 4 1 -1.782 -45.105 220
3081 4 1 27.814 -24.841 221
3082 4 1 27.814 -24.841 221
3083 4 1 27.814 -24.841 221
3084 4 1 27.814 -24.841 221
3085 4 1 27.814 -24.841 221
3086 4 1 27.814 -24.841 221
3087 4 1 27.814 -24.841 221
3088 4 1 27.814 -24.841 221
3089 4 1 27.814 -24.841 221
3090 4 1 27.814 -24.841 221
3091 4 1 27.814 -24.841 221
3092 4 1 27.814 -24.841 221
3093 4 1 27.814 -24.841 221
3094 4 1 27.814 -24.841 221
3095 4 1 27.814 -24.841 221
3096 4 1 27.814 -24.841 221
3097 4 1 27.814 -24.841 221
3098 4 1 27.814 -24.841 221
3099 2 1 -1.111 8.301 222
3100 2 1 -1.111 8.301 222
3101 2 1 -1.111 8.301 222
3102 2 1 -1.111 8.301 222
3103 2 1 -1.111 8.301 222
3104 2 1 -1.111 8.301 222
3105 2 1 -1.111 8.301 222
3106 2 1 -1.111 8.301 222
3107 2 1 -1.111 8.301 222
3108 2 1 -1.111 8.301 222
3109 2 1 -1.111 8.301 222
3110 2 1 -1.111 8.301 222
3111 4 1 16.614 -30.084 223
3112 4 1 16.614 -30.084 223
3113 4 1 16.614 -30.084 223
3114 4 1 16.614 -30.084 223
3115 4 1 16.614 -30.084 223
3116 4 1 16.614 -30.084 223
3117 4 1 16.614 -30.084 223
3118 4 1 16.614 -30.084 223
3119 4 1 16.614 -30.084 223
3120 4 1 16.614 -30.084 223
3121 4 1 16.614 -30.084 223
3122 4 1 -54.858 56.482 224
3123 4 1 -54.858 56.482 224
3124 4 1 -54.858 56.482 224
3125 4 1 -54.858 56.482 224
3126 4 1 -54.858 56.482 224
3127 4 1 -54.858 56.482 224
3128 4 1 -65.692 41.821 225
3129 4 1 -65.692 41.821 225
3130 4 1 -73.962 74.353 226
3131 4 1 -73.962 74.353 226
3132 4 1 -73.962 74.353 226
3133 4 1 -73.962 74.353 226
3134 4 1 -73.962 74.353 226
3135 4 1 -73.962 74.353 226
3136 4 1 -73.962 74.353 226
3137 4 1 -73.962 74.353 226
3138 4 1 -73.962 74.353 226
3139 4 1 -73.962 74.353 226
3140 4 1 -73.962 74.353 226
3141 4 1 -73.962 74.353 226
3142 4 1 -73.962 74.353 226
3143 4 1 -73.962 74.353 226
3144 4 1 -73.962 74.353 226
3145 4 1 -73.962 74.353 226
3146 4 1 -10.944 82.013 227
3147 4 1 -10.944 82.013 227
3148 4 1 -10.944 82.013 227
3149 4 1 -10.944 82.013 227
3150 4 1 -10.944 82.013 227
3151 4 1 -10.944 82.013 227
3152 4 1 -10.944 82.013 227
3153 4 1 -10.944 82.013 227
3154 4 1 -10.944 82.013 227
3155 4 1 -10.944 82.013 227
3156 4 1 -10.944 82.013 227
3157 4 1 -10.944 82.013 227
3158 4 1 -10.944 82.013 227
3159 4 1 -10.944 82.013 227
3160 4 1 -10.944 82.013 227
3161 4 1 -10.944 82.013 227
3162 4 1 -10.944 82.013 227
3163 4 1 -10.944 82.013 227
3164 4 1 -10.944 82.013 227
3165 4 1 -10.944 82.013 227
3166 4 1 -10.944 82.013 227
3167 4 1 -10.944 82.013 227
3168 1 1 13.953 -25.842 228
3169 1 1 13.953 -25.842 228
3170 1 1 13.953 -25.842 228
3171 1 1 13.953 -25.842 228
3172 1 1 13.953 -25.842 228
3173 1 1 13.953 -25.842 228
3174 1 1 13.953 -25.842 228
3175 8 1 -88.318 31.061 229
3176 8 1 -88.318 31.061 229
3177 8 1 -88.318 31.061 229
3178 8 1 -88.318 31.061 229
3179 8 1 -88.318 31.061 229
3180 8 1 -88.318 31.061 229
3181 8 1 -88.318 31.061 229
3182 8 1 -88.318 31.061 229
3183 8 1 -88.318 31.061 229
3184 8 1 -88.318 31.061 229
3185 8 1 -88.318 31.061 229
3186 8 1 -88.318 31.061 229
3187 8 1 -88.318 31.061 229
3188 8 1 -88.318 31.061 229
3189 8 1 -88.318 31.061 229
3190 8 1 -48.724 50.22 230
3191 8 1 -48.724 50.22 230
3192 8 1 -48.724 50.22 230
3193 8 1 -48.724 50.22 230
3194 8 1 -48.724 50.22 230
3195 8 1 -48.724 50.22 230
3196 8 1 -48.724 50.22 230
3197 8 1 -48.724 50.22 230
3198 8 1 -48.724 50.22 230
3199 8 1 -48.724 50.22 230
3200 8 1 -48.724 50.22 230
3201 8 1 -48.724 50.22 230
3202 8 1 -48.724 50.22 230
3203 8 1 -48.724 50.22 230
3204 8 1 -48.724 50.22 230
3205 8 1 -48.724 50.22 230
3206 2 1 -21.863 75.83 231
3207 2 1 -21.863 75.83 231
3208 2 1 -21.863 75.83 231
3209 2 1 -21.863 75.83 231
3210 2 1 -21.863 75.83 231
3211 2 1 -21.863 75.83 231
3212 2 1 -21.863 75.83 231
3213 2 1 -21.863 75.83 231
3214 2 1 -21.863 75.83 231
3215 2 1 -21.863 75.83 231
3216 2 1 -21.863 75.83 231
3217 2 1 -21.863 75.83 231
3218 2 1 -21.863 75.83 231
3219 2 1 -21.863 75.83 231
3220 2 1 -21.863 75.83 231
3221 2 1 -21.863 75.83 231
3222 2 1 -21.863 75.83 231
3223 2 1 -21.863 75.83 231
3224 2 1 -21.863 75.83 231
3225 2 1 -21.863 75.83 231
3226 2 1 -21.863 75.83 231
3227 2 1 -21.863 75.83 231
3228 2 1 -21.863 75.83 231
3229 2 1 -21.863 75.83 231
3230 2 1 -21.863 75.83 231
3231 8 1 -19.391 -40.826 232
3232 8 1 -19.391 -40.826 232
3233 8 1 -21.112 42.914 233
3234 8 1 -21.112 42.914 233
3235 8 1 -21.112 42.914 233
3236 8 1 -21.112 42.914 233
3237 8 1 -21.112 42.914 233
3238 8 1 -21.112 42.914 233
3239 8 1 -21.112 42.914 233
3240 8 1 -21.112 42.914 233
3241 8 1 -21.112 42.914 233
3242 8 1 -21.112 42.914 233
3243 8 1 -21.112 42.914 233
3244 8 1 -21.112 42.914 233
3245 8 1 -21.112 42.914 233
3246 8 1 -21.112 42.914 233
3247 8 1 -21.112 42.914 233
3248 8 1 -21.112 42.914 233
3249 8 1 -21.112 42.914 233
3250 8 1 -21.112 42.914 233
3251 1 1 46.967 34.076 234
3252 1 1 46.967 34.076 234
3253 1 1 46.967 34.076 234
3254 2 1 55.475 40.869 235
3255 2 1 55.475 40.869 235
3256 2 1 55.475 40.869 235
3257 2 1 55.475 40.869 235
3258 2 1 55.475 40.869 235
