1
0 -3.638 16.114 3258.0 16673.728515625 98
5144 1 15.0 100.75669860839844 20 500 17
0 0 -3.638 16.114 D
282 1 46.21 17.157 1
281 1 46.21 17.157 1
280 1 46.21 17.157 1
279 1 46.21 17.157 1
278 1 46.21 17.157 1
276 1 46.21 17.157 1
275 1 46.21 17.157 1
273 1 46.21 17.157 1
272 1 46.21 17.157 1
198 1 41.144 18.518 1
197 1 41.144 18.518 1
196 1 41.144 18.518 1
194 1 41.144 18.518 1
193 1 41.144 18.518 1
283 1 27.307 21.722 1
-1 0 -3.638 16.114 D
5145 1 39.0 182.11680603027344 40 500 41
0 0 -3.638 16.114 D
1018 1 39.429 30.835 1
1017 1 39.429 30.835 1
1015 1 39.429 30.835 1
2265 1 82.147 44.208 1
2264 1 82.147 44.208 1
2262 1 82.147 44.208 1
2261 1 82.147 44.208 1
2260 1 82.147 44.208 1
2259 1 82.147 44.208 1
2258 1 82.147 44.208 1
2257 1 82.147 44.208 1
2256 1 82.147 44.208 1
2255 1 82.147 44.208 1
2254 1 82.147 44.208 1
2253 1 82.147 44.208 1
2252 1 82.147 44.208 1
2251 1 82.147 44.208 1
2250 1 82.147 44.208 1
2248 1 82.147 44.208 1
2246 1 82.147 44.208 1
2245 1 82.147 44.208 1
2244 1 82.147 44.208 1
2243 1 82.147 44.208 1
2242 1 82.147 44.208 1
2469 1 67.542 32.446 1
2468 1 67.542 32.446 1
2467 1 67.542 32.446 1
2466 1 67.542 32.446 1
303 1 27.307 21.722 1
302 1 27.307 21.722 1
301 1 27.307 21.722 1
300 1 27.307 21.722 1
297 1 27.307 21.722 1
295 1 27.307 21.722 1
293 1 27.307 21.722 1
291 1 27.307 21.722 1
290 1 27.307 21.722 1
289 1 27.307 21.722 1
286 1 27.307 21.722 1
-1 0 -3.638 16.114 D
5146 1 59.0 215.04190063476562 60 500 61
0 0 -3.638 16.114 D
1557 1 14.752 22.925 1
1556 1 14.752 22.925 1
1555 1 14.752 22.925 1
1554 1 14.752 22.925 1
1553 1 14.752 22.925 1
1552 1 14.752 22.925 1
1551 1 14.752 22.925 1
1550 1 14.752 22.925 1
1549 1 14.752 22.925 1
1030 1 39.429 30.835 1
1029 1 39.429 30.835 1
1028 1 39.429 30.835 1
1026 1 39.429 30.835 1
1025 1 39.429 30.835 1
1022 1 39.429 30.835 1
1021 1 39.429 30.835 1
1020 1 39.429 30.835 1
1019 1 39.429 30.835 1
3253 1 46.967 34.076 1
3252 1 46.967 34.076 1
3251 1 46.967 34.076 1
1115 1 82.385 46.893 1
1114 1 82.385 46.893 1
1113 1 82.385 46.893 1
1112 1 82.385 46.893 1
1111 1 82.385 46.893 1
1110 1 82.385 46.893 1
1109 1 82.385 46.893 1
1107 1 82.385 46.893 1
1106 1 82.385 46.893 1
416 1 78.394 64.496 1
415 1 78.394 64.496 1
414 1 78.394 64.496 1
413 1 78.394 64.496 1
410 1 78.394 64.496 1
409 1 78.394 64.496 1
408 1 78.394 64.496 1
406 1 78.394 64.496 1
405 1 78.394 64.496 1
404 1 78.394 64.496 1
402 1 78.394 64.496 1
401 1 78.394 64.496 1
400 1 78.394 64.496 1
399 1 78.394 64.496 1
552 1 57.715 71.362 1
551 1 57.715 71.362 1
144 1 57.104 66.65 1
139 1 57.104 66.65 1
138 1 57.104 66.65 1
137 1 57.104 66.65 1
808 1 49.188 59.29 1
806 1 49.188 59.29 1
805 1 49.188 59.29 1
803 1 49.188 59.29 1
112 1 44.183 55.829 1
111 1 44.183 55.829 1
110 1 44.183 55.829 1
109 1 44.183 55.829 1
108 1 44.183 55.829 1
-1 0 -3.638 16.114 D
5147 2 19.0 14.088522911071777 40 500 21
0 0 -3.638 16.114 D
1495 1 3.345 17.041 2
1494 1 3.345 17.041 2
1493 1 3.345 17.041 2
1492 1 3.345 17.041 2
1491 1 3.345 17.041 2
1490 1 3.345 17.041 2
1489 1 3.345 17.041 2
1488 1 3.345 17.041 2
1487 1 3.345 17.041 2
1486 1 3.345 17.041 2
1484 1 3.345 17.041 2
1483 1 3.345 17.041 2
1482 1 3.345 17.041 2
1481 1 3.345 17.041 2
1480 1 3.345 17.041 2
1479 1 3.345 17.041 2
1478 1 3.345 17.041 2
1477 1 3.345 17.041 2
1476 1 3.345 17.041 2
-1 0 -3.638 16.114 D
5148 2 79.0 237.66659545898438 80 500 81
0 0 -3.638 16.114 D
2097 1 51.001 45.77 2
2096 1 51.001 45.77 2
2095 1 51.001 45.77 2
2094 1 51.001 45.77 2
2093 1 51.001 45.77 2
2091 1 51.001 45.77 2
2090 1 51.001 45.77 2
2089 1 51.001 45.77 2
2087 1 51.001 45.77 2
2086 1 51.001 45.77 2
2085 1 51.001 45.77 2
142 1 57.104 66.65 2
141 1 57.104 66.65 2
140 1 57.104 66.65 2
1382 1 75.848 86.322 2
1381 1 75.848 86.322 2
1380 1 75.848 86.322 2
1379 1 75.848 86.322 2
1378 1 75.848 86.322 2
1377 1 75.848 86.322 2
1376 1 75.848 86.322 2
1375 1 75.848 86.322 2
1374 1 75.848 86.322 2
1373 1 75.848 86.322 2
412 1 78.394 64.496 2
407 1 78.394 64.496 2
403 1 78.394 64.496 2
398 1 78.394 64.496 2
3258 1 55.475 40.869 2
3257 1 55.475 40.869 2
3256 1 55.475 40.869 2
3255 1 55.475 40.869 2
3254 1 55.475 40.869 2
1230 1 54.401 29.81 2
1229 1 54.401 29.81 2
1228 1 54.401 29.81 2
1227 1 54.401 29.81 2
1226 1 54.401 29.81 2
1225 1 54.401 29.81 2
1224 1 54.401 29.81 2
1222 1 54.401 29.81 2
1221 1 54.401 29.81 2
1219 1 54.401 29.81 2
1218 1 54.401 29.81 2
1217 1 54.401 29.81 2
1215 1 54.401 29.81 2
1214 1 54.401 29.81 2
1211 1 54.401 29.81 2
1210 1 54.401 29.81 2
1452 1 32.77 29.266 2
1451 1 32.77 29.266 2
1450 1 32.77 29.266 2
1448 1 32.77 29.266 2
1447 1 32.77 29.266 2
1446 1 32.77 29.266 2
1445 1 32.77 29.266 2
1444 1 32.77 29.266 2
1443 1 32.77 29.266 2
1441 1 32.77 29.266 2
1440 1 32.77 29.266 2
1439 1 32.77 29.266 2
915 1 10.51 19.092 2
914 1 10.51 19.092 2
913 1 10.51 19.092 2
910 1 10.51 19.092 2
909 1 10.51 19.092 2
908 1 10.51 19.092 2
907 1 10.51 19.092 2
906 1 10.51 19.092 2
905 1 10.51 19.092 2
904 1 10.51 19.092 2
902 1 10.51 19.092 2
901 1 10.51 19.092 2
899 1 10.51 19.092 2
897 1 10.51 19.092 2
895 1 10.51 19.092 2
894 1 10.51 19.092 2
893 1 10.51 19.092 2
892 1 10.51 19.092 2
-1 0 -3.638 16.114 D
5149 2 119.0 322.73992919921875 120 500 121
0 0 -3.638 16.114 D
82 1 -0.0060 24.42 2
103 1 0.604 24.774 2
186 1 6.696 32.458 2
183 1 6.696 32.458 2
2457 1 15.71 34.839 2
2454 1 15.71 34.839 2
2453 1 15.71 34.839 2
2447 1 15.71 34.839 2
2444 1 15.71 34.839 2
2443 1 15.71 34.839 2
2442 1 15.71 34.839 2
396 1 24.396 51.978 2
394 1 24.396 51.978 2
389 1 24.396 51.978 2
388 1 24.396 51.978 2
560 1 57.715 71.362 2
553 1 57.715 71.362 2
1386 1 75.848 86.322 2
1384 1 75.848 86.322 2
1330 1 81.104 94.263 2
1329 1 81.104 94.263 2
1328 1 81.104 94.263 2
1327 1 81.104 94.263 2
1326 1 81.104 94.263 2
1323 1 81.104 94.263 2
1322 1 81.104 94.263 2
1321 1 81.104 94.263 2
1320 1 81.104 94.263 2
1319 1 81.104 94.263 2
1318 1 81.104 94.263 2
1317 1 81.104 94.263 2
1316 1 81.104 94.263 2
1315 1 81.104 94.263 2
70 1 51.898 89.935 2
68 1 51.898 89.935 2
63 1 51.898 89.935 2
59 1 51.898 89.935 2
1142 1 13.965 91.473 2
1141 1 13.965 91.473 2
1136 1 13.965 91.473 2
1135 1 13.965 91.473 2
1134 1 13.965 91.473 2
1133 1 13.965 91.473 2
1132 1 13.965 91.473 2
1131 1 13.965 91.473 2
1130 1 13.965 91.473 2
1129 1 13.965 91.473 2
1128 1 13.965 91.473 2
1127 1 13.965 91.473 2
1126 1 13.965 91.473 2
1124 1 13.965 91.473 2
1123 1 13.965 91.473 2
1122 1 13.965 91.473 2
1121 1 13.965 91.473 2
3207 1 -21.863 75.83 2
3206 1 -21.863 75.83 2
1598 1 -16.949 67.664 2
1597 1 -16.949 67.664 2
1596 1 -16.949 67.664 2
1595 1 -16.949 67.664 2
1594 1 -16.949 67.664 2
1593 1 -16.949 67.664 2
1592 1 -16.949 67.664 2
1591 1 -16.949 67.664 2
1590 1 -16.949 67.664 2
1589 1 -16.949 67.664 2
1588 1 -16.949 67.664 2
1587 1 -16.949 67.664 2
1586 1 -16.949 67.664 2
1585 1 -16.949 67.664 2
1584 1 -16.949 67.664 2
1583 1 -16.949 67.664 2
2028 1 -15.387 67.053 2
2026 1 -15.387 67.053 2
2025 1 -15.387 67.053 2
2017 1 -15.387 67.053 2
2016 1 -15.387 67.053 2
421 1 -11.444 69.794 2
1798 1 6.421 62.018 2
1797 1 6.421 62.018 2
1795 1 6.421 62.018 2
1793 1 6.421 62.018 2
1792 1 6.421 62.018 2
1791 1 6.421 62.018 2
1790 1 6.421 62.018 2
1789 1 6.421 62.018 2
136 1 2.789 54.303 2
1342 1 1.19 56.055 2
1339 1 1.19 56.055 2
1338 1 1.19 56.055 2
1335 1 1.19 56.055 2
1333 1 1.19 56.055 2
2233 1 -7.013 53.424 2
2228 1 -7.013 53.424 2
2223 1 -7.013 53.424 2
2216 1 -7.013 53.424 2
2015 1 -12.598 48.462 2
2014 1 -12.598 48.462 2
2013 1 -12.598 48.462 2
2012 1 -12.598 48.462 2
2011 1 -12.598 48.462 2
2010 1 -12.598 48.462 2
2007 1 -12.598 48.462 2
2006 1 -12.598 48.462 2
2005 1 -12.598 48.462 2
2004 1 -12.598 48.462 2
2003 1 -12.598 48.462 2
2002 1 -12.598 48.462 2
2001 1 -12.598 48.462 2
2000 1 -12.598 48.462 2
1999 1 -12.598 48.462 2
1998 1 -12.598 48.462 2
1994 1 -12.598 48.462 2
1993 1 -12.598 48.462 2
2033 1 -8.099 40.924 2
2032 1 -8.099 40.924 2
2031 1 -8.099 40.924 2
2030 1 -8.099 40.924 2
2029 1 -8.099 40.924 2
-1 0 -3.638 16.114 D
5151 4 99.0 318.6715087890625 100 500 101
0 0 -3.638 16.114 D
132 1 2.789 54.303 4
1796 1 6.421 62.018 4
1794 1 6.421 62.018 4
2696 1 -7.928 97.266 4
2695 1 -7.928 97.266 4
2694 1 -7.928 97.266 4
2693 1 -7.928 97.266 4
2692 1 -7.928 97.266 4
2691 1 -7.928 97.266 4
2690 1 -7.928 97.266 4
2689 1 -7.928 97.266 4
2688 1 -7.928 97.266 4
2687 1 -7.928 97.266 4
1140 1 13.965 91.473 4
1139 1 13.965 91.473 4
1138 1 13.965 91.473 4
1137 1 13.965 91.473 4
1125 1 13.965 91.473 4
1120 1 13.965 91.473 4
1325 1 81.104 94.263 4
1324 1 81.104 94.263 4
1385 1 75.848 86.322 4
1383 1 75.848 86.322 4
2846 1 72.357 62.03 4
2845 1 72.357 62.03 4
2844 1 72.357 62.03 4
563 1 57.715 71.362 4
556 1 57.715 71.362 4
143 1 57.104 66.65 4
936 1 40.82 65.723 4
934 1 40.82 65.723 4
933 1 40.82 65.723 4
932 1 40.82 65.723 4
931 1 40.82 65.723 4
929 1 40.82 65.723 4
928 1 40.82 65.723 4
927 1 40.82 65.723 4
926 1 40.82 65.723 4
925 1 40.82 65.723 4
924 1 40.82 65.723 4
923 1 40.82 65.723 4
922 1 40.82 65.723 4
921 1 40.82 65.723 4
920 1 40.82 65.723 4
918 1 40.82 65.723 4
917 1 40.82 65.723 4
916 1 40.82 65.723 4
1252 1 28.65 63.91 4
1251 1 28.65 63.91 4
1249 1 28.65 63.91 4
1248 1 28.65 63.91 4
1246 1 28.65 63.91 4
1245 1 28.65 63.91 4
1244 1 28.65 63.91 4
1243 1 28.65 63.91 4
1242 1 28.65 63.91 4
1241 1 28.65 63.91 4
1240 1 28.65 63.91 4
1239 1 28.65 63.91 4
1237 1 28.65 63.91 4
1236 1 28.65 63.91 4
1235 1 28.65 63.91 4
1234 1 28.65 63.91 4
1233 1 28.65 63.91 4
1232 1 28.65 63.91 4
1231 1 28.65 63.91 4
397 1 24.396 51.978 4
391 1 24.396 51.978 4
387 1 24.396 51.978 4
381 1 24.396 51.978 4
380 1 24.396 51.978 4
378 1 24.396 51.978 4
377 1 24.396 51.978 4
2735 1 20.404 44.513 4
2734 1 20.404 44.513 4
2733 1 20.404 44.513 4
2732 1 20.404 44.513 4
2731 1 20.404 44.513 4
2730 1 20.404 44.513 4
2729 1 20.404 44.513 4
2728 1 20.404 44.513 4
2727 1 20.404 44.513 4
2726 1 20.404 44.513 4
2725 1 20.404 44.513 4
2724 1 20.404 44.513 4
2723 1 20.404 44.513 4
2722 1 20.404 44.513 4
2721 1 20.404 44.513 4
2720 1 20.404 44.513 4
2719 1 20.404 44.513 4
2718 1 20.404 44.513 4
2717 1 20.404 44.513 4
2716 1 20.404 44.513 4
2715 1 20.404 44.513 4
2714 1 20.404 44.513 4
2713 1 20.404 44.513 4
2712 1 20.404 44.513 4
188 1 6.696 32.458 4
185 1 6.696 32.458 4
-1 0 -3.638 16.114 D
5152 4 159.0 324.39306640625 160 500 161
0 0 -3.638 16.114 D
742 1 -7.55 23.572 4
741 1 -7.55 23.572 4
740 1 -7.55 23.572 4
547 1 -10.083 36.786 4
2034 1 -8.099 40.924 4
2009 1 -12.598 48.462 4
2008 1 -12.598 48.462 4
1997 1 -12.598 48.462 4
1996 1 -12.598 48.462 4
1995 1 -12.598 48.462 4
524 1 -19.44 50.104 4
522 1 -19.44 50.104 4
521 1 -19.44 50.104 4
518 1 -19.44 50.104 4
1086 1 -23.102 61.108 4
1085 1 -23.102 61.108 4
1083 1 -23.102 61.108 4
1082 1 -23.102 61.108 4
1081 1 -23.102 61.108 4
1079 1 -23.102 61.108 4
2238 1 -26.52 62.097 4
1600 1 -16.949 67.664 4
1599 1 -16.949 67.664 4
420 1 -11.444 69.794 4
3167 1 -10.944 82.013 4
3166 1 -10.944 82.013 4
3165 1 -10.944 82.013 4
3164 1 -10.944 82.013 4
3163 1 -10.944 82.013 4
3162 1 -10.944 82.013 4
3161 1 -10.944 82.013 4
3160 1 -10.944 82.013 4
3159 1 -10.944 82.013 4
3158 1 -10.944 82.013 4
3157 1 -10.944 82.013 4
3156 1 -10.944 82.013 4
3155 1 -10.944 82.013 4
3154 1 -10.944 82.013 4
3153 1 -10.944 82.013 4
3152 1 -10.944 82.013 4
3151 1 -10.944 82.013 4
3150 1 -10.944 82.013 4
3149 1 -10.944 82.013 4
3148 1 -10.944 82.013 4
3147 1 -10.944 82.013 4
3146 1 -10.944 82.013 4
2711 1 -7.928 97.266 4
2710 1 -7.928 97.266 4
2709 1 -7.928 97.266 4
2708 1 -7.928 97.266 4
2707 1 -7.928 97.266 4
2706 1 -7.928 97.266 4
2705 1 -7.928 97.266 4
2704 1 -7.928 97.266 4
2703 1 -7.928 97.266 4
2702 1 -7.928 97.266 4
2701 1 -7.928 97.266 4
2700 1 -7.928 97.266 4
2699 1 -7.928 97.266 4
2698 1 -7.928 97.266 4
2697 1 -7.928 97.266 4
698 1 -41.425 78.906 4
691 1 -41.425 78.906 4
690 1 -41.425 78.906 4
685 1 -41.425 78.906 4
683 1 -41.425 78.906 4
682 1 -41.425 78.906 4
3145 1 -73.962 74.353 4
3144 1 -73.962 74.353 4
3143 1 -73.962 74.353 4
3142 1 -73.962 74.353 4
3141 1 -73.962 74.353 4
3140 1 -73.962 74.353 4
3139 1 -73.962 74.353 4
3138 1 -73.962 74.353 4
3137 1 -73.962 74.353 4
3136 1 -73.962 74.353 4
3135 1 -73.962 74.353 4
3134 1 -73.962 74.353 4
3133 1 -73.962 74.353 4
3132 1 -73.962 74.353 4
3131 1 -73.962 74.353 4
3130 1 -73.962 74.353 4
2872 1 -97.9 67.92 4
2871 1 -97.9 67.92 4
2870 1 -97.9 67.92 4
2869 1 -97.9 67.92 4
2868 1 -97.9 67.92 4
2867 1 -97.9 67.92 4
2866 1 -97.9 67.92 4
2865 1 -97.9 67.92 4
2864 1 -97.9 67.92 4
2863 1 -97.9 67.92 4
2862 1 -97.9 67.92 4
2861 1 -97.9 67.92 4
2860 1 -97.9 67.92 4
2859 1 -97.9 67.92 4
2858 1 -97.9 67.92 4
2405 1 -89.935 64.575 4
2404 1 -89.935 64.575 4
2403 1 -89.935 64.575 4
2402 1 -89.935 64.575 4
2401 1 -89.935 64.575 4
2400 1 -89.935 64.575 4
2399 1 -89.935 64.575 4
2398 1 -89.935 64.575 4
2581 1 -79.999 60.114 4
2580 1 -79.999 60.114 4
2579 1 -79.999 60.114 4
2578 1 -79.999 60.114 4
2577 1 -79.999 60.114 4
2576 1 -79.999 60.114 4
2575 1 -79.999 60.114 4
2574 1 -79.999 60.114 4
2573 1 -79.999 60.114 4
2572 1 -79.999 60.114 4
2571 1 -79.999 60.114 4
2570 1 -79.999 60.114 4
2569 1 -79.999 60.114 4
2568 1 -79.999 60.114 4
2567 1 -79.999 60.114 4
2566 1 -79.999 60.114 4
2565 1 -79.999 60.114 4
2564 1 -79.999 60.114 4
2686 1 -69.049 62.891 4
2685 1 -69.049 62.891 4
2684 1 -69.049 62.891 4
2683 1 -69.049 62.891 4
2682 1 -69.049 62.891 4
2681 1 -69.049 62.891 4
2680 1 -69.049 62.891 4
2679 1 -69.049 62.891 4
2678 1 -69.049 62.891 4
2677 1 -69.049 62.891 4
2676 1 -69.049 62.891 4
2675 1 -69.049 62.891 4
2674 1 -69.049 62.891 4
2673 1 -69.049 62.891 4
2672 1 -69.049 62.891 4
2671 1 -69.049 62.891 4
2670 1 -69.049 62.891 4
2669 1 -69.049 62.891 4
2668 1 -69.049 62.891 4
207 1 -62.811 59.491 4
200 1 -62.811 59.491 4
3127 1 -54.858 56.482 4
3126 1 -54.858 56.482 4
3125 1 -54.858 56.482 4
3124 1 -54.858 56.482 4
3123 1 -54.858 56.482 4
3122 1 -54.858 56.482 4
579 1 -47.406 63.544 4
568 1 -47.406 63.544 4
2131 1 -41.656 51.086 4
2124 1 -41.656 51.086 4
2120 1 -41.656 51.086 4
1188 1 -39.404 54.022 4
1186 1 -39.404 54.022 4
674 1 -27.356 38.708 4
-1 0 -3.638 16.114 D
5153 8 59.0 195.5571746826172 60 500 61
0 0 -3.638 16.114 D
2770 1 17.975 32.782 8
2769 1 17.975 32.782 8
2768 1 17.975 32.782 8
2767 1 17.975 32.782 8
2766 1 17.975 32.782 8
2765 1 17.975 32.782 8
2764 1 17.975 32.782 8
2763 1 17.975 32.782 8
2762 1 17.975 32.782 8
1027 1 39.429 30.835 8
1024 1 39.429 30.835 8
1023 1 39.429 30.835 8
1016 1 39.429 30.835 8
1108 1 82.385 46.893 8
2263 1 82.147 44.208 8
2249 1 82.147 44.208 8
2247 1 82.147 44.208 8
2987 1 57.916 18.445 8
2986 1 57.916 18.445 8
2985 1 57.916 18.445 8
2984 1 57.916 18.445 8
2983 1 57.916 18.445 8
2982 1 57.916 18.445 8
2981 1 57.916 18.445 8
2980 1 57.916 18.445 8
2979 1 57.916 18.445 8
2978 1 57.916 18.445 8
2977 1 57.916 18.445 8
2976 1 57.916 18.445 8
2975 1 57.916 18.445 8
2810 1 52.118 21.033 8
2809 1 52.118 21.033 8
2808 1 52.118 21.033 8
2807 1 52.118 21.033 8
2806 1 52.118 21.033 8
2805 1 52.118 21.033 8
2804 1 52.118 21.033 8
2803 1 52.118 21.033 8
2802 1 52.118 21.033 8
2801 1 52.118 21.033 8
2800 1 52.118 21.033 8
2799 1 52.118 21.033 8
2798 1 52.118 21.033 8
2797 1 52.118 21.033 8
2796 1 52.118 21.033 8
2795 1 52.118 21.033 8
2794 1 52.118 21.033 8
2793 1 52.118 21.033 8
2792 1 52.118 21.033 8
2791 1 52.118 21.033 8
2790 1 52.118 21.033 8
2789 1 52.118 21.033 8
2788 1 52.118 21.033 8
2787 1 52.118 21.033 8
2786 1 52.118 21.033 8
2301 1 48.181 22.577 8
2298 1 48.181 22.577 8
2282 1 48.181 22.577 8
2281 1 48.181 22.577 8
-1 0 -3.638 16.114 D
5154 8 87.0 234.29769897460938 100 500 89
0 0 -3.638 16.114 D
3029 1 -8.252 37.714 8
3028 1 -8.252 37.714 8
3027 1 -8.252 37.714 8
3026 1 -8.252 37.714 8
3025 1 -8.252 37.714 8
3024 1 -8.252 37.714 8
3023 1 -8.252 37.714 8
3022 1 -8.252 37.714 8
3021 1 -8.252 37.714 8
3020 1 -8.252 37.714 8
3019 1 -8.252 37.714 8
3018 1 -8.252 37.714 8
3017 1 -8.252 37.714 8
3016 1 -8.252 37.714 8
2974 1 -12.848 51.459 8
2973 1 -12.848 51.459 8
2972 1 -12.848 51.459 8
2971 1 -12.848 51.459 8
2970 1 -12.848 51.459 8
2969 1 -12.848 51.459 8
2968 1 -12.848 51.459 8
2967 1 -12.848 51.459 8
2966 1 -12.848 51.459 8
2965 1 -12.848 51.459 8
2964 1 -12.848 51.459 8
2963 1 -12.848 51.459 8
2962 1 -12.848 51.459 8
2961 1 -12.848 51.459 8
2960 1 -12.848 51.459 8
2959 1 -12.848 51.459 8
2958 1 -12.848 51.459 8
1084 1 -23.102 61.108 8
1080 1 -23.102 61.108 8
1650 1 -29.62 72.046 8
1647 1 -29.62 72.046 8
1643 1 -29.62 72.046 8
1641 1 -29.62 72.046 8
1639 1 -29.62 72.046 8
1637 1 -29.62 72.046 8
1635 1 -29.62 72.046 8
1633 1 -29.62 72.046 8
1539 1 2.661 66.876 8
1538 1 2.661 66.876 8
1955 1 25.104 78.876 8
1250 1 28.65 63.91 8
1247 1 28.65 63.91 8
1238 1 28.65 63.91 8
1006 1 36.322 71.411 8
935 1 40.82 65.723 8
930 1 40.82 65.723 8
919 1 40.82 65.723 8
807 1 49.188 59.29 8
804 1 49.188 59.29 8
2839 1 37.103 53.345 8
2838 1 37.103 53.345 8
2837 1 37.103 53.345 8
2836 1 37.103 53.345 8
2835 1 37.103 53.345 8
2834 1 37.103 53.345 8
2833 1 37.103 53.345 8
2832 1 37.103 53.345 8
2831 1 37.103 53.345 8
2830 1 37.103 53.345 8
2829 1 37.103 53.345 8
2828 1 37.103 53.345 8
2827 1 37.103 53.345 8
2826 1 37.103 53.345 8
2825 1 37.103 53.345 8
2824 1 37.103 53.345 8
2823 1 37.103 53.345 8
2822 1 37.103 53.345 8
2821 1 37.103 53.345 8
2785 1 17.975 32.782 8
2784 1 17.975 32.782 8
2783 1 17.975 32.782 8
2782 1 17.975 32.782 8
2781 1 17.975 32.782 8
2780 1 17.975 32.782 8
2779 1 17.975 32.782 8
2778 1 17.975 32.782 8
2777 1 17.975 32.782 8
2776 1 17.975 32.782 8
2775 1 17.975 32.782 8
2774 1 17.975 32.782 8
2773 1 17.975 32.782 8
2772 1 17.975 32.782 8
2771 1 17.975 32.782 8
-1 0 -3.638 16.114 D
5155 8 148.0 455.99285888671875 160 500 150
0 0 -3.638 16.114 D
1119 1 -19.629 0.769 8
1116 1 -19.629 0.769 8
2337 1 -11.42 -25.311 8
1307 1 -20.978 -34.015 8
3232 1 -19.391 -40.826 8
3231 1 -19.391 -40.826 8
2188 1 -24.945 -41.241 8
2187 1 -24.945 -41.241 8
2179 1 -24.945 -41.241 8
2563 1 -44.891 -23.718 8
2562 1 -44.891 -23.718 8
2561 1 -44.891 -23.718 8
2560 1 -44.891 -23.718 8
2559 1 -44.891 -23.718 8
2558 1 -44.891 -23.718 8
2557 1 -44.891 -23.718 8
2556 1 -44.891 -23.718 8
2555 1 -44.891 -23.718 8
2554 1 -44.891 -23.718 8
2553 1 -44.891 -23.718 8
2552 1 -44.891 -23.718 8
2551 1 -44.891 -23.718 8
825 1 -39.551 -10.968 8
824 1 -39.551 -10.968 8
820 1 -39.551 -10.968 8
812 1 -39.551 -10.968 8
811 1 -39.551 -10.968 8
1992 1 -43.262 8.588 8
1990 1 -43.262 8.588 8
1989 1 -43.262 8.588 8
1985 1 -43.262 8.588 8
1933 1 -41.949 22.791 8
1932 1 -41.949 22.791 8
1849 1 -43.549 30.188 8
1839 1 -55.664 39.05 8
1836 1 -55.664 39.05 8
1829 1 -55.664 39.05 8
1826 1 -55.664 39.05 8
1823 1 -55.664 39.05 8
1820 1 -55.664 39.05 8
1721 1 -61.542 35.144 8
2548 1 -67.139 19.141 8
2547 1 -67.139 19.141 8
2546 1 -67.139 19.141 8
2545 1 -67.139 19.141 8
2544 1 -67.139 19.141 8
2543 1 -67.139 19.141 8
2542 1 -67.139 19.141 8
2541 1 -67.139 19.141 8
2540 1 -67.139 19.141 8
2539 1 -67.139 19.141 8
2538 1 -67.139 19.141 8
2537 1 -67.139 19.141 8
2536 1 -67.139 19.141 8
2535 1 -67.139 19.141 8
2534 1 -67.139 19.141 8
2533 1 -67.139 19.141 8
2532 1 -67.139 19.141 8
2531 1 -67.139 19.141 8
2530 1 -67.139 19.141 8
2529 1 -67.139 19.141 8
2528 1 -67.139 19.141 8
2527 1 -67.139 19.141 8
2526 1 -67.139 19.141 8
888 1 -68.811 4.315 8
880 1 -68.811 4.315 8
868 1 -68.811 4.315 8
1749 1 -92.487 -22.693 8
1745 1 -92.487 -22.693 8
1805 1 -99.67 11.475 8
1804 1 -99.67 11.475 8
3189 1 -88.318 31.061 8
3188 1 -88.318 31.061 8
3187 1 -88.318 31.061 8
3186 1 -88.318 31.061 8
3185 1 -88.318 31.061 8
3184 1 -88.318 31.061 8
3183 1 -88.318 31.061 8
3182 1 -88.318 31.061 8
3181 1 -88.318 31.061 8
3180 1 -88.318 31.061 8
3179 1 -88.318 31.061 8
3178 1 -88.318 31.061 8
3177 1 -88.318 31.061 8
3176 1 -88.318 31.061 8
3175 1 -88.318 31.061 8
2397 1 -89.935 64.575 8
2396 1 -89.935 64.575 8
2632 1 -61.267 59.912 8
2631 1 -61.267 59.912 8
2630 1 -61.267 59.912 8
2629 1 -61.267 59.912 8
2628 1 -61.267 59.912 8
2627 1 -61.267 59.912 8
2626 1 -61.267 59.912 8
2625 1 -61.267 59.912 8
2624 1 -61.267 59.912 8
2623 1 -61.267 59.912 8
2622 1 -61.267 59.912 8
2621 1 -61.267 59.912 8
2620 1 -61.267 59.912 8
2619 1 -61.267 59.912 8
2618 1 -61.267 59.912 8
2617 1 -61.267 59.912 8
2616 1 -61.267 59.912 8
2615 1 -61.267 59.912 8
2614 1 -61.267 59.912 8
2613 1 -61.267 59.912 8
2612 1 -61.267 59.912 8
2611 1 -61.267 59.912 8
2610 1 -61.267 59.912 8
2609 1 -61.267 59.912 8
2608 1 -61.267 59.912 8
3205 1 -48.724 50.22 8
3204 1 -48.724 50.22 8
3203 1 -48.724 50.22 8
3202 1 -48.724 50.22 8
3201 1 -48.724 50.22 8
3200 1 -48.724 50.22 8
3199 1 -48.724 50.22 8
3198 1 -48.724 50.22 8
3197 1 -48.724 50.22 8
3196 1 -48.724 50.22 8
3195 1 -48.724 50.22 8
3194 1 -48.724 50.22 8
3193 1 -48.724 50.22 8
3192 1 -48.724 50.22 8
3191 1 -48.724 50.22 8
3190 1 -48.724 50.22 8
3244 1 -21.112 42.914 8
3243 1 -21.112 42.914 8
3242 1 -21.112 42.914 8
3241 1 -21.112 42.914 8
3240 1 -21.112 42.914 8
3239 1 -21.112 42.914 8
3238 1 -21.112 42.914 8
3237 1 -21.112 42.914 8
3236 1 -21.112 42.914 8
3235 1 -21.112 42.914 8
3234 1 -21.112 42.914 8
3233 1 -21.112 42.914 8
3250 1 -21.112 42.914 8
3249 1 -21.112 42.914 8
3248 1 -21.112 42.914 8
3247 1 -21.112 42.914 8
3246 1 -21.112 42.914 8
3245 1 -21.112 42.914 8
1601 1 -28.986 28.894 8
-1 0 -3.638 16.114 D
5156 1 19.0 165.150390625 20 500 21
0 0 -3.638 16.114 D
2458 1 15.71 34.839 1
2456 1 15.71 34.839 1
2455 1 15.71 34.839 1
2452 1 15.71 34.839 1
2451 1 15.71 34.839 1
2450 1 15.71 34.839 1
2449 1 15.71 34.839 1
2448 1 15.71 34.839 1
2446 1 15.71 34.839 1
2445 1 15.71 34.839 1
2441 1 15.71 34.839 1
564 1 57.715 71.362 1
562 1 57.715 71.362 1
561 1 57.715 71.362 1
559 1 57.715 71.362 1
558 1 57.715 71.362 1
557 1 57.715 71.362 1
555 1 57.715 71.362 1
554 1 57.715 71.362 1
-1 0 -3.638 16.114 D
5157 1 19.0 103.42683410644531 20 500 21
0 0 -3.638 16.114 D
1788 1 26.794 57.44 1
1787 1 26.794 57.44 1
1786 1 26.794 57.44 1
1785 1 26.794 57.44 1
395 1 24.396 51.978 1
393 1 24.396 51.978 1
392 1 24.396 51.978 1
390 1 24.396 51.978 1
386 1 24.396 51.978 1
385 1 24.396 51.978 1
384 1 24.396 51.978 1
383 1 24.396 51.978 1
382 1 24.396 51.978 1
379 1 24.396 51.978 1
376 1 24.396 51.978 1
375 1 24.396 51.978 1
374 1 24.396 51.978 1
2460 1 15.71 34.839 1
2459 1 15.71 34.839 1
-1 0 -3.638 16.114 D
5158 1 19.0 184.80691528320312 20 500 21
0 0 -3.638 16.114 D
1880 1 31.653 63.483 1
1879 1 31.653 63.483 1
1878 1 31.653 63.483 1
62 1 51.898 89.935 1
61 1 51.898 89.935 1
60 1 51.898 89.935 1
58 1 51.898 89.935 1
75 1 51.898 89.935 1
74 1 51.898 89.935 1
73 1 51.898 89.935 1
72 1 51.898 89.935 1
71 1 51.898 89.935 1
69 1 51.898 89.935 1
67 1 51.898 89.935 1
66 1 51.898 89.935 1
65 1 51.898 89.935 1
64 1 51.898 89.935 1
1008 1 36.322 71.411 1
1007 1 36.322 71.411 1
-1 0 -3.638 16.114 D
5159 1 19.0 219.61679077148438 20 500 21
0 0 -3.638 16.114 D
703 1 -41.425 78.906 1
701 1 -41.425 78.906 1
700 1 -41.425 78.906 1
699 1 -41.425 78.906 1
697 1 -41.425 78.906 1
695 1 -41.425 78.906 1
694 1 -41.425 78.906 1
693 1 -41.425 78.906 1
688 1 -41.425 78.906 1
686 1 -41.425 78.906 1
684 1 -41.425 78.906 1
681 1 -41.425 78.906 1
680 1 -41.425 78.906 1
1014 1 36.322 71.411 1
1013 1 36.322 71.411 1
1012 1 36.322 71.411 1
1011 1 36.322 71.411 1
1010 1 36.322 71.411 1
1009 1 36.322 71.411 1
-1 0 -3.638 16.114 D
5160 1 19.0 138.3057861328125 20 500 21
0 0 -3.638 16.114 D
107 1 0.604 24.774 1
106 1 0.604 24.774 1
105 1 0.604 24.774 1
104 1 0.604 24.774 1
102 1 0.604 24.774 1
101 1 0.604 24.774 1
1958 1 25.104 78.876 1
1957 1 25.104 78.876 1
1956 1 25.104 78.876 1
1954 1 25.104 78.876 1
1953 1 25.104 78.876 1
1952 1 25.104 78.876 1
1951 1 25.104 78.876 1
1950 1 25.104 78.876 1
1949 1 25.104 78.876 1
1948 1 25.104 78.876 1
1947 1 25.104 78.876 1
1946 1 25.104 78.876 1
192 1 6.696 32.458 1
-1 0 -3.638 16.114 D
5161 1 19.0 144.8287353515625 20 500 21
0 0 -3.638 16.114 D
1353 1 1.19 56.055 1
1352 1 1.19 56.055 1
1351 1 1.19 56.055 1
134 1 2.789 54.303 1
133 1 2.789 54.303 1
131 1 2.789 54.303 1
130 1 2.789 54.303 1
129 1 2.789 54.303 1
1963 1 25.104 78.876 1
1962 1 25.104 78.876 1
1961 1 25.104 78.876 1
1960 1 25.104 78.876 1
1959 1 25.104 78.876 1
81 1 -0.0060 24.42 1
80 1 -0.0060 24.42 1
79 1 -0.0060 24.42 1
78 1 -0.0060 24.42 1
77 1 -0.0060 24.42 1
76 1 -0.0060 24.42 1
-1 0 -3.638 16.114 D
5162 1 19.0 102.45101928710938 20 500 21
0 0 -3.638 16.114 D
1544 1 2.661 66.876 1
1543 1 2.661 66.876 1
1542 1 2.661 66.876 1
1541 1 2.661 66.876 1
1540 1 2.661 66.876 1
1537 1 2.661 66.876 1
1536 1 2.661 66.876 1
1535 1 2.661 66.876 1
1534 1 2.661 66.876 1
1533 1 2.661 66.876 1
1532 1 2.661 66.876 1
1531 1 2.661 66.876 1
1530 1 2.661 66.876 1
1529 1 2.661 66.876 1
1528 1 2.661 66.876 1
1527 1 2.661 66.876 1
1526 1 2.661 66.876 1
1525 1 2.661 66.876 1
135 1 2.789 54.303 1
-1 0 -3.638 16.114 D
5163 1 19.0 102.3035888671875 20 500 21
0 0 -3.638 16.114 D
1350 1 1.19 56.055 1
1349 1 1.19 56.055 1
1348 1 1.19 56.055 1
1347 1 1.19 56.055 1
1346 1 1.19 56.055 1
1345 1 1.19 56.055 1
1344 1 1.19 56.055 1
1343 1 1.19 56.055 1
1341 1 1.19 56.055 1
1340 1 1.19 56.055 1
1337 1 1.19 56.055 1
1336 1 1.19 56.055 1
1334 1 1.19 56.055 1
1332 1 1.19 56.055 1
1331 1 1.19 56.055 1
1548 1 2.661 66.876 1
1547 1 2.661 66.876 1
1546 1 2.661 66.876 1
1545 1 2.661 66.876 1
-1 0 -3.638 16.114 D
5164 1 19.0 83.70492553710938 20 500 21
0 0 -3.638 16.114 D
1945 1 6.207 44.769 1
1944 1 6.207 44.769 1
1943 1 6.207 44.769 1
587 1 -2.551 51.666 1
2231 1 -7.013 53.424 1
2230 1 -7.013 53.424 1
2229 1 -7.013 53.424 1
2227 1 -7.013 53.424 1
2226 1 -7.013 53.424 1
2225 1 -7.013 53.424 1
2224 1 -7.013 53.424 1
2222 1 -7.013 53.424 1
2221 1 -7.013 53.424 1
2220 1 -7.013 53.424 1
2219 1 -7.013 53.424 1
2218 1 -7.013 53.424 1
2217 1 -7.013 53.424 1
2215 1 -7.013 53.424 1
2214 1 -7.013 53.424 1
-1 0 -3.638 16.114 D
5165 1 19.0 111.60515594482422 20 500 21
0 0 -3.638 16.114 D
549 1 -10.083 36.786 1
548 1 -10.083 36.786 1
546 1 -10.083 36.786 1
2027 1 -15.387 67.053 1
2024 1 -15.387 67.053 1
2023 1 -15.387 67.053 1
2022 1 -15.387 67.053 1
2021 1 -15.387 67.053 1
2020 1 -15.387 67.053 1
2019 1 -15.387 67.053 1
2018 1 -15.387 67.053 1
423 1 -11.444 69.794 1
422 1 -11.444 69.794 1
419 1 -11.444 69.794 1
418 1 -11.444 69.794 1
417 1 -11.444 69.794 1
2235 1 -7.013 53.424 1
2234 1 -7.013 53.424 1
2232 1 -7.013 53.424 1
-1 0 -3.638 16.114 D
5166 2 39.0 156.171875 40 500 41
0 0 -3.638 16.114 D
748 1 -7.55 23.572 2
747 1 -7.55 23.572 2
745 1 -7.55 23.572 2
737 1 -7.55 23.572 2
736 1 -7.55 23.572 2
354 1 -12.903 37.512 2
538 1 -19.44 50.104 2
531 1 -19.44 50.104 2
528 1 -19.44 50.104 2
525 1 -19.44 50.104 2
2237 1 -26.52 62.097 2
2236 1 -26.52 62.097 2
692 1 -41.425 78.906 2
689 1 -41.425 78.906 2
687 1 -41.425 78.906 2
679 1 -41.425 78.906 2
3230 1 -21.863 75.83 2
3229 1 -21.863 75.83 2
3228 1 -21.863 75.83 2
3227 1 -21.863 75.83 2
3226 1 -21.863 75.83 2
3225 1 -21.863 75.83 2
3224 1 -21.863 75.83 2
3223 1 -21.863 75.83 2
3222 1 -21.863 75.83 2
3221 1 -21.863 75.83 2
3220 1 -21.863 75.83 2
3219 1 -21.863 75.83 2
3218 1 -21.863 75.83 2
3217 1 -21.863 75.83 2
3216 1 -21.863 75.83 2
3215 1 -21.863 75.83 2
3214 1 -21.863 75.83 2
3213 1 -21.863 75.83 2
3212 1 -21.863 75.83 2
3211 1 -21.863 75.83 2
3210 1 -21.863 75.83 2
3209 1 -21.863 75.83 2
3208 1 -21.863 75.83 2
-1 0 -3.638 16.114 D
5167 1 19.0 123.6581039428711 20 500 21
0 0 -3.638 16.114 D
353 1 -12.903 37.512 1
352 1 -12.903 37.512 1
351 1 -12.903 37.512 1
519 1 -19.44 50.104 1
1649 1 -29.62 72.046 1
1648 1 -29.62 72.046 1
1646 1 -29.62 72.046 1
1645 1 -29.62 72.046 1
1644 1 -29.62 72.046 1
1642 1 -29.62 72.046 1
1640 1 -29.62 72.046 1
1638 1 -29.62 72.046 1
1636 1 -29.62 72.046 1
1634 1 -29.62 72.046 1
1632 1 -29.62 72.046 1
1631 1 -29.62 72.046 1
1630 1 -29.62 72.046 1
1629 1 -29.62 72.046 1
550 1 -10.083 36.786 1
-1 0 -3.638 16.114 D
5168 1 19.0 74.979736328125 20 500 21
0 0 -3.638 16.114 D
739 1 -7.55 23.572 1
738 1 -7.55 23.572 1
735 1 -7.55 23.572 1
734 1 -7.55 23.572 1
733 1 -7.55 23.572 1
732 1 -7.55 23.572 1
731 1 -7.55 23.572 1
537 1 -19.44 50.104 1
536 1 -19.44 50.104 1
535 1 -19.44 50.104 1
534 1 -19.44 50.104 1
533 1 -19.44 50.104 1
532 1 -19.44 50.104 1
530 1 -19.44 50.104 1
529 1 -19.44 50.104 1
527 1 -19.44 50.104 1
526 1 -19.44 50.104 1
523 1 -19.44 50.104 1
520 1 -19.44 50.104 1
-1 0 -3.638 16.114 D
5169 1 19.0 44.548851013183594 20 500 21
0 0 -3.638 16.114 D
191 1 6.696 32.458 1
190 1 6.696 32.458 1
189 1 6.696 32.458 1
187 1 6.696 32.458 1
184 1 6.696 32.458 1
182 1 6.696 32.458 1
181 1 6.696 32.458 1
180 1 6.696 32.458 1
179 1 6.696 32.458 1
178 1 6.696 32.458 1
177 1 6.696 32.458 1
176 1 6.696 32.458 1
175 1 6.696 32.458 1
751 1 -7.55 23.572 1
750 1 -7.55 23.572 1
749 1 -7.55 23.572 1
746 1 -7.55 23.572 1
744 1 -7.55 23.572 1
743 1 -7.55 23.572 1
-1 0 -3.638 16.114 D
5170 2 39.0 244.09765625 40 500 41
0 0 -3.638 16.114 D
2130 1 -41.656 51.086 2
2129 1 -41.656 51.086 2
2128 1 -41.656 51.086 2
2127 1 -41.656 51.086 2
2126 1 -41.656 51.086 2
2125 1 -41.656 51.086 2
2123 1 -41.656 51.086 2
2122 1 -41.656 51.086 2
2121 1 -41.656 51.086 2
2119 1 -41.656 51.086 2
2118 1 -41.656 51.086 2
2117 1 -41.656 51.086 2
2116 1 -41.656 51.086 2
1189 1 -39.404 54.022 2
1187 1 -39.404 54.022 2
1185 1 -39.404 54.022 2
1184 1 -39.404 54.022 2
1183 1 -39.404 54.022 2
1182 1 -39.404 54.022 2
1181 1 -39.404 54.022 2
1180 1 -39.404 54.022 2
1179 1 -39.404 54.022 2
1178 1 -39.404 54.022 2
570 1 -47.406 63.544 2
569 1 -47.406 63.544 2
566 1 -47.406 63.544 2
1032 1 -93.097 84.552 2
702 1 -41.425 78.906 2
696 1 -41.425 78.906 2
2820 1 -26.489 43.903 2
2819 1 -26.489 43.903 2
2818 1 -26.489 43.903 2
2817 1 -26.489 43.903 2
2816 1 -26.489 43.903 2
2815 1 -26.489 43.903 2
2814 1 -26.489 43.903 2
2813 1 -26.489 43.903 2
2812 1 -26.489 43.903 2
2811 1 -26.489 43.903 2
-1 0 -3.638 16.114 D
5171 1 19.0 227.60060119628906 20 500 21
0 0 -3.638 16.114 D
1035 1 -93.097 84.552 1
1034 1 -93.097 84.552 1
1033 1 -93.097 84.552 1
1031 1 -93.097 84.552 1
578 1 -47.406 63.544 1
577 1 -47.406 63.544 1
576 1 -47.406 63.544 1
575 1 -47.406 63.544 1
574 1 -47.406 63.544 1
573 1 -47.406 63.544 1
572 1 -47.406 63.544 1
571 1 -47.406 63.544 1
567 1 -47.406 63.544 1
565 1 -47.406 63.544 1
673 1 -27.356 38.708 1
672 1 -27.356 38.708 1
671 1 -27.356 38.708 1
670 1 -27.356 38.708 1
669 1 -27.356 38.708 1
-1 0 -3.638 16.114 D
5172 1 19.0 225.31463623046875 20 500 21
0 0 -3.638 16.114 D
219 1 -62.811 59.491 1
1051 1 -93.097 84.552 1
1050 1 -93.097 84.552 1
1049 1 -93.097 84.552 1
1048 1 -93.097 84.552 1
1047 1 -93.097 84.552 1
1046 1 -93.097 84.552 1
1045 1 -93.097 84.552 1
1044 1 -93.097 84.552 1
1043 1 -93.097 84.552 1
1042 1 -93.097 84.552 1
1040 1 -93.097 84.552 1
1039 1 -93.097 84.552 1
1038 1 -93.097 84.552 1
1037 1 -93.097 84.552 1
1036 1 -93.097 84.552 1
1077 1 -53.088 53.79 1
1076 1 -53.088 53.79 1
1075 1 -53.088 53.79 1
-1 0 -3.638 16.114 D
5173 2 39.0 234.52685546875 40 500 41
0 0 -3.638 16.114 D
2039 1 -33.551 34.43 2
2036 1 -33.551 34.43 2
2035 1 -33.551 34.43 2
1816 1 -44.159 41.98 2
1814 1 -44.159 41.98 2
1813 1 -44.159 41.98 2
1656 1 -46.46 48.151 2
1653 1 -46.46 48.151 2
2857 1 -53.674 48.523 2
2856 1 -53.674 48.523 2
2855 1 -53.674 48.523 2
2854 1 -53.674 48.523 2
2853 1 -53.674 48.523 2
2852 1 -53.674 48.523 2
2851 1 -53.674 48.523 2
2850 1 -53.674 48.523 2
2849 1 -53.674 48.523 2
2848 1 -53.674 48.523 2
2847 1 -53.674 48.523 2
1078 1 -53.088 53.79 2
221 1 -62.811 59.491 2
220 1 -62.811 59.491 2
211 1 -62.811 59.491 2
208 1 -62.811 59.491 2
205 1 -62.811 59.491 2
203 1 -62.811 59.491 2
1041 1 -93.097 84.552 2
2193 1 -86.847 69.415 2
855 1 -59.076 41.669 2
854 1 -59.076 41.669 2
852 1 -59.076 41.669 2
851 1 -59.076 41.669 2
850 1 -59.076 41.669 2
849 1 -59.076 41.669 2
848 1 -59.076 41.669 2
763 1 -33.136 30.731 2
761 1 -33.136 30.731 2
760 1 -33.136 30.731 2
119 1 -24.292 27.118 2
-1 0 -3.638 16.114 D
5174 1 19.0 146.74732971191406 20 500 21
0 0 -3.638 16.114 D
218 1 -62.811 59.491 1
217 1 -62.811 59.491 1
216 1 -62.811 59.491 1
215 1 -62.811 59.491 1
214 1 -62.811 59.491 1
213 1 -62.811 59.491 1
212 1 -62.811 59.491 1
210 1 -62.811 59.491 1
209 1 -62.811 59.491 1
206 1 -62.811 59.491 1
204 1 -62.811 59.491 1
202 1 -62.811 59.491 1
201 1 -62.811 59.491 1
199 1 -62.811 59.491 1
1660 1 -46.46 48.151 1
1659 1 -46.46 48.151 1
1658 1 -46.46 48.151 1
1657 1 -46.46 48.151 1
1655 1 -46.46 48.151 1
-1 0 -3.638 16.114 D
5175 1 19.0 96.30885314941406 20 500 21
0 0 -3.638 16.114 D
122 1 -24.292 27.118 1
121 1 -24.292 27.118 1
120 1 -24.292 27.118 1
118 1 -24.292 27.118 1
117 1 -24.292 27.118 1
115 1 -24.292 27.118 1
114 1 -24.292 27.118 1
113 1 -24.292 27.118 1
1815 1 -44.159 41.98 1
2047 1 -33.551 34.43 1
2046 1 -33.551 34.43 1
2045 1 -33.551 34.43 1
2044 1 -33.551 34.43 1
2043 1 -33.551 34.43 1
2042 1 -33.551 34.43 1
2041 1 -33.551 34.43 1
2040 1 -33.551 34.43 1
2038 1 -33.551 34.43 1
2037 1 -33.551 34.43 1
-1 0 -3.638 16.114 D
5176 1 19.0 142.90042114257812 20 500 21
0 0 -3.638 16.114 D
2639 1 -56.812 45.544 1
2638 1 -56.812 45.544 1
2637 1 -56.812 45.544 1
2636 1 -56.812 45.544 1
2635 1 -56.812 45.544 1
2634 1 -56.812 45.544 1
2633 1 -56.812 45.544 1
1654 1 -46.46 48.151 1
2650 1 -56.812 45.544 1
2649 1 -56.812 45.544 1
2648 1 -56.812 45.544 1
2647 1 -56.812 45.544 1
2646 1 -56.812 45.544 1
2645 1 -56.812 45.544 1
2644 1 -56.812 45.544 1
2643 1 -56.812 45.544 1
2642 1 -56.812 45.544 1
2641 1 -56.812 45.544 1
2640 1 -56.812 45.544 1
-1 0 -3.638 16.114 D
5177 4 59.0 217.18099975585938 60 500 61
0 0 -3.638 16.114 D
125 1 -24.292 27.118 4
124 1 -24.292 27.118 4
116 1 -24.292 27.118 4
756 1 -33.136 30.731 4
753 1 -33.136 30.731 4
1841 1 -55.664 39.05 4
1840 1 -55.664 39.05 4
1838 1 -55.664 39.05 4
1837 1 -55.664 39.05 4
1835 1 -55.664 39.05 4
1834 1 -55.664 39.05 4
1833 1 -55.664 39.05 4
1832 1 -55.664 39.05 4
1831 1 -55.664 39.05 4
1830 1 -55.664 39.05 4
1828 1 -55.664 39.05 4
1827 1 -55.664 39.05 4
1825 1 -55.664 39.05 4
1824 1 -55.664 39.05 4
1822 1 -55.664 39.05 4
1821 1 -55.664 39.05 4
1819 1 -55.664 39.05 4
1818 1 -55.664 39.05 4
1817 1 -55.664 39.05 4
865 1 -59.076 41.669 4
862 1 -59.076 41.669 4
860 1 -59.076 41.669 4
853 1 -59.076 41.669 4
847 1 -59.076 41.669 4
2878 1 -97.9 67.92 4
2877 1 -97.9 67.92 4
2876 1 -97.9 67.92 4
2875 1 -97.9 67.92 4
2874 1 -97.9 67.92 4
2873 1 -97.9 67.92 4
995 1 -75.037 46.448 4
991 1 -75.037 46.448 4
989 1 -75.037 46.448 4
986 1 -75.037 46.448 4
3129 1 -65.692 41.821 4
3128 1 -65.692 41.821 4
2954 1 -54.779 35.907 4
2953 1 -54.779 35.907 4
2952 1 -54.779 35.907 4
2951 1 -54.779 35.907 4
2950 1 -54.779 35.907 4
2949 1 -54.779 35.907 4
2948 1 -54.779 35.907 4
2947 1 -54.779 35.907 4
2946 1 -54.779 35.907 4
2945 1 -54.779 35.907 4
2944 1 -54.779 35.907 4
2943 1 -54.779 35.907 4
2942 1 -54.779 35.907 4
2941 1 -54.779 35.907 4
2940 1 -54.779 35.907 4
2939 1 -54.779 35.907 4
2938 1 -54.779 35.907 4
2937 1 -54.779 35.907 4
-1 0 -3.638 16.114 D
5178 1 19.0 107.19902038574219 20 500 21
0 0 -3.638 16.114 D
128 1 -24.292 27.118 1
127 1 -24.292 27.118 1
126 1 -24.292 27.118 1
123 1 -24.292 27.118 1
2519 1 -51.196 40.833 1
2518 1 -51.196 40.833 1
2517 1 -51.196 40.833 1
2516 1 -51.196 40.833 1
2515 1 -51.196 40.833 1
2514 1 -51.196 40.833 1
2513 1 -51.196 40.833 1
2512 1 -51.196 40.833 1
2511 1 -51.196 40.833 1
2510 1 -51.196 40.833 1
2509 1 -51.196 40.833 1
2508 1 -51.196 40.833 1
2507 1 -51.196 40.833 1
2506 1 -51.196 40.833 1
2505 1 -51.196 40.833 1
-1 0 -3.638 16.114 D
5179 1 19.0 125.00123596191406 20 500 21
0 0 -3.638 16.114 D
667 1 -52.032 26.703 1
664 1 -52.032 26.703 1
663 1 -52.032 26.703 1
661 1 -52.032 26.703 1
660 1 -52.032 26.703 1
659 1 -52.032 26.703 1
233 1 -59.039 38.422 1
232 1 -59.039 38.422 1
2525 1 -51.196 40.833 1
2524 1 -51.196 40.833 1
2523 1 -51.196 40.833 1
2522 1 -51.196 40.833 1
2521 1 -51.196 40.833 1
2520 1 -51.196 40.833 1
1606 1 -28.986 28.894 1
1605 1 -28.986 28.894 1
1604 1 -28.986 28.894 1
1603 1 -28.986 28.894 1
1602 1 -28.986 28.894 1
-1 0 -3.638 16.114 D
5180 2 39.0 198.6879425048828 40 500 41
0 0 -3.638 16.114 D
866 1 -59.076 41.669 2
864 1 -59.076 41.669 2
863 1 -59.076 41.669 2
861 1 -59.076 41.669 2
859 1 -59.076 41.669 2
858 1 -59.076 41.669 2
857 1 -59.076 41.669 2
856 1 -59.076 41.669 2
999 1 -75.037 46.448 2
998 1 -75.037 46.448 2
997 1 -75.037 46.448 2
996 1 -75.037 46.448 2
994 1 -75.037 46.448 2
993 1 -75.037 46.448 2
992 1 -75.037 46.448 2
990 1 -75.037 46.448 2
988 1 -75.037 46.448 2
987 1 -75.037 46.448 2
985 1 -75.037 46.448 2
984 1 -75.037 46.448 2
983 1 -75.037 46.448 2
835 1 -96.521 45.508 2
831 1 -96.521 45.508 2
828 1 -96.521 45.508 2
2213 1 -85.394 44.781 2
2212 1 -85.394 44.781 2
2210 1 -85.394 44.781 2
2202 1 -85.394 44.781 2
2201 1 -85.394 44.781 2
2200 1 -85.394 44.781 2
241 1 -59.039 38.422 2
231 1 -59.039 38.422 2
345 1 -53.625 34.863 2
344 1 -53.625 34.863 2
149 1 -51.465 30.646 2
148 1 -51.465 30.646 2
146 1 -51.465 30.646 2
678 1 -34.302 25.995 2
675 1 -34.302 25.995 2
-1 0 -3.638 16.114 D
5181 1 19.0 119.5902099609375 20 500 21
0 0 -3.638 16.114 D
349 1 -53.625 34.863 1
348 1 -53.625 34.863 1
347 1 -53.625 34.863 1
346 1 -53.625 34.863 1
342 1 -53.625 34.863 1
341 1 -53.625 34.863 1
340 1 -53.625 34.863 1
339 1 -53.625 34.863 1
338 1 -53.625 34.863 1
244 1 -59.039 38.422 1
243 1 -59.039 38.422 1
242 1 -59.039 38.422 1
240 1 -59.039 38.422 1
239 1 -59.039 38.422 1
238 1 -59.039 38.422 1
237 1 -59.039 38.422 1
236 1 -59.039 38.422 1
235 1 -59.039 38.422 1
234 1 -59.039 38.422 1
-1 0 -3.638 16.114 D
5182 4 59.0 164.5810546875 60 500 61
0 0 -3.638 16.114 D
16 1 -34.686 24.048 4
165 1 -51.465 30.646 4
152 1 -51.465 30.646 4
343 1 -53.625 34.863 4
2957 1 -54.779 35.907 4
2956 1 -54.779 35.907 4
2955 1 -54.779 35.907 4
1720 1 -61.542 35.144 4
1719 1 -61.542 35.144 4
1718 1 -61.542 35.144 4
1717 1 -61.542 35.144 4
1716 1 -61.542 35.144 4
1715 1 -61.542 35.144 4
264 1 -62.03 33.521 4
252 1 -62.03 33.521 4
251 1 -62.03 33.521 4
2241 1 -81.604 30.64 4
2240 1 -81.604 30.64 4
2239 1 -81.604 30.64 4
1417 1 -69.318 28.619 4
1416 1 -69.318 28.619 4
1415 1 -69.318 28.619 4
1414 1 -69.318 28.619 4
1413 1 -69.318 28.619 4
1412 1 -69.318 28.619 4
1411 1 -69.318 28.619 4
1410 1 -69.318 28.619 4
1409 1 -69.318 28.619 4
1408 1 -69.318 28.619 4
1407 1 -69.318 28.619 4
1406 1 -69.318 28.619 4
1405 1 -69.318 28.619 4
1404 1 -69.318 28.619 4
1403 1 -69.318 28.619 4
1402 1 -69.318 28.619 4
1401 1 -69.318 28.619 4
1400 1 -69.318 28.619 4
1399 1 -69.318 28.619 4
1398 1 -69.318 28.619 4
1397 1 -69.318 28.619 4
1396 1 -69.318 28.619 4
1395 1 -69.318 28.619 4
1394 1 -69.318 28.619 4
1393 1 -69.318 28.619 4
1706 1 -54.669 25.677 4
1702 1 -54.669 25.677 4
666 1 -52.032 26.703 4
1937 1 -41.949 22.791 4
1936 1 -41.949 22.791 4
1935 1 -41.949 22.791 4
1934 1 -41.949 22.791 4
1931 1 -41.949 22.791 4
1930 1 -41.949 22.791 4
1929 1 -41.949 22.791 4
1928 1 -41.949 22.791 4
1927 1 -41.949 22.791 4
1926 1 -41.949 22.791 4
1925 1 -41.949 22.791 4
1924 1 -41.949 22.791 4
-1 0 -3.638 16.114 D
5183 1 19.0 173.30503845214844 20 500 21
0 0 -3.638 16.114 D
1853 1 -43.549 30.188 1
1852 1 -43.549 30.188 1
1851 1 -43.549 30.188 1
1850 1 -43.549 30.188 1
1848 1 -43.549 30.188 1
1847 1 -43.549 30.188 1
1846 1 -43.549 30.188 1
1845 1 -43.549 30.188 1
1844 1 -43.549 30.188 1
1843 1 -43.549 30.188 1
1842 1 -43.549 30.188 1
2205 1 -85.394 44.781 1
2204 1 -85.394 44.781 1
2203 1 -85.394 44.781 1
2199 1 -85.394 44.781 1
2198 1 -85.394 44.781 1
2197 1 -85.394 44.781 1
2196 1 -85.394 44.781 1
350 1 -53.625 34.863 1
-1 0 -3.638 16.114 D
5184 1 19.0 195.21177673339844 20 500 21
0 0 -3.638 16.114 D
752 1 -45.129 30.438 1
2211 1 -85.394 44.781 1
2209 1 -85.394 44.781 1
2208 1 -85.394 44.781 1
2207 1 -85.394 44.781 1
2206 1 -85.394 44.781 1
839 1 -96.521 45.508 1
838 1 -96.521 45.508 1
837 1 -96.521 45.508 1
836 1 -96.521 45.508 1
834 1 -96.521 45.508 1
833 1 -96.521 45.508 1
832 1 -96.521 45.508 1
830 1 -96.521 45.508 1
829 1 -96.521 45.508 1
827 1 -96.521 45.508 1
826 1 -96.521 45.508 1
677 1 -34.302 25.995 1
676 1 -34.302 25.995 1
-1 0 -3.638 16.114 D
5185 1 19.0 194.8529815673828 20 500 21
0 0 -3.638 16.114 D
162 1 -51.465 30.646 1
161 1 -51.465 30.646 1
160 1 -51.465 30.646 1
159 1 -51.465 30.646 1
157 1 -51.465 30.646 1
156 1 -51.465 30.646 1
155 1 -51.465 30.646 1
154 1 -51.465 30.646 1
153 1 -51.465 30.646 1
151 1 -51.465 30.646 1
147 1 -51.465 30.646 1
145 1 -51.465 30.646 1
846 1 -96.521 45.508 1
845 1 -96.521 45.508 1
844 1 -96.521 45.508 1
843 1 -96.521 45.508 1
842 1 -96.521 45.508 1
841 1 -96.521 45.508 1
840 1 -96.521 45.508 1
-1 0 -3.638 16.114 D
5186 2 39.0 137.3912811279297 40 500 41
0 0 -3.638 16.114 D
158 1 -51.465 30.646 2
150 1 -51.465 30.646 2
271 1 -62.03 33.521 2
269 1 -62.03 33.521 2
266 1 -62.03 33.521 2
260 1 -62.03 33.521 2
259 1 -62.03 33.521 2
258 1 -62.03 33.521 2
255 1 -62.03 33.521 2
2902 1 -69.232 35.602 2
2901 1 -69.232 35.602 2
2900 1 -69.232 35.602 2
2899 1 -69.232 35.602 2
2898 1 -69.232 35.602 2
2897 1 -69.232 35.602 2
2896 1 -69.232 35.602 2
2895 1 -69.232 35.602 2
2894 1 -69.232 35.602 2
2893 1 -69.232 35.602 2
2892 1 -69.232 35.602 2
2891 1 -69.232 35.602 2
2890 1 -69.232 35.602 2
2889 1 -69.232 35.602 2
2888 1 -69.232 35.602 2
2887 1 -69.232 35.602 2
2886 1 -69.232 35.602 2
2885 1 -69.232 35.602 2
2884 1 -69.232 35.602 2
2883 1 -69.232 35.602 2
2882 1 -69.232 35.602 2
2881 1 -69.232 35.602 2
2880 1 -69.232 35.602 2
2879 1 -69.232 35.602 2
662 1 -52.032 26.703 2
21 1 -34.686 24.048 2
18 1 -34.686 24.048 2
13 1 -34.686 24.048 2
10 1 -34.686 24.048 2
8 1 -34.686 24.048 2
-1 0 -3.638 16.114 D
5187 1 19.0 121.9193115234375 20 500 21
0 0 -3.638 16.114 D
5 1 -34.686 24.048 1
4 1 -34.686 24.048 1
3 1 -34.686 24.048 1
2 1 -34.686 24.048 1
1 1 -34.686 24.048 1
270 1 -62.03 33.521 1
268 1 -62.03 33.521 1
267 1 -62.03 33.521 1
265 1 -62.03 33.521 1
263 1 -62.03 33.521 1
262 1 -62.03 33.521 1
261 1 -62.03 33.521 1
257 1 -62.03 33.521 1
256 1 -62.03 33.521 1
254 1 -62.03 33.521 1
253 1 -62.03 33.521 1
250 1 -62.03 33.521 1
164 1 -51.465 30.646 1
163 1 -51.465 30.646 1
-1 0 -3.638 16.114 D
5188 1 19.0 71.82704162597656 20 500 21
0 0 -3.638 16.114 D
762 1 -33.136 30.731 1
759 1 -33.136 30.731 1
758 1 -33.136 30.731 1
757 1 -33.136 30.731 1
755 1 -33.136 30.731 1
754 1 -33.136 30.731 1
24 1 -34.686 24.048 1
23 1 -34.686 24.048 1
22 1 -34.686 24.048 1
20 1 -34.686 24.048 1
19 1 -34.686 24.048 1
17 1 -34.686 24.048 1
15 1 -34.686 24.048 1
14 1 -34.686 24.048 1
12 1 -34.686 24.048 1
11 1 -34.686 24.048 1
9 1 -34.686 24.048 1
7 1 -34.686 24.048 1
6 1 -34.686 24.048 1
-1 0 -3.638 16.114 D
5189 2 39.0 141.72409057617188 40 500 41
0 0 -3.638 16.114 D
2312 1 -31.11 16.931 2
2311 1 -31.11 16.931 2
2307 1 -31.11 16.931 2
2305 1 -31.11 16.931 2
2323 1 -43.066 16.962 2
2322 1 -43.066 16.962 2
2321 1 -43.066 16.962 2
2320 1 -43.066 16.962 2
2319 1 -43.066 16.962 2
2318 1 -43.066 16.962 2
2317 1 -43.066 16.962 2
2316 1 -43.066 16.962 2
2315 1 -43.066 16.962 2
2313 1 -43.066 16.962 2
97 1 -56.36 19.299 2
1919 1 -73.022 25.958 2
1917 1 -73.022 25.958 2
1915 1 -73.022 25.958 2
1908 1 -73.022 25.958 2
1904 1 -73.022 25.958 2
1714 1 -54.669 25.677 2
1713 1 -54.669 25.677 2
1712 1 -54.669 25.677 2
1711 1 -54.669 25.677 2
1710 1 -54.669 25.677 2
1709 1 -54.669 25.677 2
1708 1 -54.669 25.677 2
1707 1 -54.669 25.677 2
1705 1 -54.669 25.677 2
1704 1 -54.669 25.677 2
1703 1 -54.669 25.677 2
1701 1 -54.669 25.677 2
1700 1 -54.669 25.677 2
1699 1 -54.669 25.677 2
1698 1 -54.669 25.677 2
1697 1 -54.669 25.677 2
1696 1 -54.669 25.677 2
665 1 -52.032 26.703 2
730 1 -22.522 18.536 2
-1 0 -3.638 16.114 D
5190 1 19.0 140.62100219726562 20 500 21
0 0 -3.638 16.114 D
1921 1 -73.022 25.958 1
1920 1 -73.022 25.958 1
1918 1 -73.022 25.958 1
1916 1 -73.022 25.958 1
1914 1 -73.022 25.958 1
1913 1 -73.022 25.958 1
1912 1 -73.022 25.958 1
1911 1 -73.022 25.958 1
1910 1 -73.022 25.958 1
1909 1 -73.022 25.958 1
1907 1 -73.022 25.958 1
1906 1 -73.022 25.958 1
1905 1 -73.022 25.958 1
1903 1 -73.022 25.958 1
1902 1 -73.022 25.958 1
1901 1 -73.022 25.958 1
1900 1 -73.022 25.958 1
1899 1 -73.022 25.958 1
668 1 -52.032 26.703 1
-1 0 -3.638 16.114 D
5191 4 59.0 212.20001220703125 60 500 61
0 0 -3.638 16.114 D
360 1 -13.123 2.655 4
356 1 -13.123 2.655 4
1118 1 -19.629 0.769 4
1117 1 -19.629 0.769 4
1438 1 -22.272 -1.086 4
1652 1 -31.281 -15.088 4
1651 1 -31.281 -15.088 4
823 1 -39.551 -10.968 4
822 1 -39.551 -10.968 4
821 1 -39.551 -10.968 4
819 1 -39.551 -10.968 4
818 1 -39.551 -10.968 4
817 1 -39.551 -10.968 4
816 1 -39.551 -10.968 4
815 1 -39.551 -10.968 4
814 1 -39.551 -10.968 4
813 1 -39.551 -10.968 4
810 1 -39.551 -10.968 4
809 1 -39.551 -10.968 4
2158 1 -81.995 -2.673 4
1155 1 -87.347 5.078 4
1149 1 -87.347 5.078 4
1148 1 -87.347 5.078 4
1147 1 -87.347 5.078 4
1146 1 -87.347 5.078 4
1145 1 -87.347 5.078 4
1143 1 -87.347 5.078 4
1002 1 -57.495 13.574 4
1001 1 -57.495 13.574 4
1000 1 -57.495 13.574 4
2597 1 -44.556 19.623 4
2596 1 -44.556 19.623 4
2595 1 -44.556 19.623 4
2594 1 -44.556 19.623 4
2593 1 -44.556 19.623 4
2592 1 -44.556 19.623 4
2591 1 -44.556 19.623 4
2590 1 -44.556 19.623 4
2589 1 -44.556 19.623 4
2588 1 -44.556 19.623 4
2587 1 -44.556 19.623 4
2586 1 -44.556 19.623 4
2585 1 -44.556 19.623 4
2584 1 -44.556 19.623 4
2583 1 -44.556 19.623 4
2582 1 -44.556 19.623 4
1942 1 -41.949 22.791 4
1941 1 -41.949 22.791 4
1940 1 -41.949 22.791 4
1939 1 -41.949 22.791 4
1938 1 -41.949 22.791 4
2314 1 -43.066 16.962 4
438 1 -33.502 7.501 4
430 1 -33.502 7.501 4
727 1 -22.522 18.536 4
723 1 -22.522 18.536 4
598 1 -19.385 12.677 4
591 1 -19.385 12.677 4
1005 1 -15.704 13.94 4
-1 0 -3.638 16.114 D
5192 1 19.0 140.84266662597656 20 500 21
0 0 -3.638 16.114 D
95 1 -56.36 19.299 1
94 1 -56.36 19.299 1
93 1 -56.36 19.299 1
92 1 -56.36 19.299 1
91 1 -56.36 19.299 1
90 1 -56.36 19.299 1
89 1 -56.36 19.299 1
88 1 -56.36 19.299 1
87 1 -56.36 19.299 1
86 1 -56.36 19.299 1
85 1 -56.36 19.299 1
84 1 -56.36 19.299 1
1923 1 -73.022 25.958 1
1922 1 -73.022 25.958 1
729 1 -22.522 18.536 1
728 1 -22.522 18.536 1
726 1 -22.522 18.536 1
725 1 -22.522 18.536 1
724 1 -22.522 18.536 1
-1 0 -3.638 16.114 D
5193 1 19.0 192.9999542236328 20 500 21
0 0 -3.638 16.114 D
2310 1 -31.11 16.931 1
2309 1 -31.11 16.931 1
2308 1 -31.11 16.931 1
2306 1 -31.11 16.931 1
2304 1 -31.11 16.931 1
2303 1 -31.11 16.931 1
2302 1 -31.11 16.931 1
100 1 -56.36 19.299 1
99 1 -56.36 19.299 1
98 1 -56.36 19.299 1
96 1 -56.36 19.299 1
1808 1 -99.67 11.475 1
1807 1 -99.67 11.475 1
1806 1 -99.67 11.475 1
1803 1 -99.67 11.475 1
1802 1 -99.67 11.475 1
1801 1 -99.67 11.475 1
1800 1 -99.67 11.475 1
1799 1 -99.67 11.475 1
-1 0 -3.638 16.114 D
5194 2 39.0 245.48992919921875 40 500 41
0 0 -3.638 16.114 D
373 1 -13.123 2.655 2
364 1 -13.123 2.655 2
358 1 -13.123 2.655 2
1103 1 -31.11 -51.361 2
1102 1 -31.11 -51.361 2
1101 1 -31.11 -51.361 2
2170 1 -81.995 -2.673 2
2169 1 -81.995 -2.673 2
2168 1 -81.995 -2.673 2
2167 1 -81.995 -2.673 2
2166 1 -81.995 -2.673 2
2165 1 -81.995 -2.673 2
2164 1 -81.995 -2.673 2
2163 1 -81.995 -2.673 2
2162 1 -81.995 -2.673 2
2161 1 -81.995 -2.673 2
2160 1 -81.995 -2.673 2
2159 1 -81.995 -2.673 2
2157 1 -81.995 -2.673 2
2156 1 -81.995 -2.673 2
2155 1 -81.995 -2.673 2
1154 1 -87.347 5.078 2
1153 1 -87.347 5.078 2
1152 1 -87.347 5.078 2
1151 1 -87.347 5.078 2
1150 1 -87.347 5.078 2
1144 1 -87.347 5.078 2
589 1 -68.878 4.053 2
2326 1 -43.066 16.962 2
2325 1 -43.066 16.962 2
2324 1 -43.066 16.962 2
440 1 -33.502 7.501 2
436 1 -33.502 7.501 2
767 1 -31.482 9.351 2
601 1 -19.385 12.677 2
596 1 -19.385 12.677 2
592 1 -19.385 12.677 2
1004 1 -15.704 13.94 2
1003 1 -15.704 13.94 2
-1 0 -3.638 16.114 D
5195 1 19.0 192.62266540527344 20 500 21
0 0 -3.638 16.114 D
2498 1 -74.139 9.161 1
2497 1 -74.139 9.161 1
2496 1 -74.139 9.161 1
2495 1 -74.139 9.161 1
2494 1 -74.139 9.161 1
2493 1 -74.139 9.161 1
2492 1 -74.139 9.161 1
2491 1 -74.139 9.161 1
2490 1 -74.139 9.161 1
2489 1 -74.139 9.161 1
2488 1 -74.139 9.161 1
2487 1 -74.139 9.161 1
2486 1 -74.139 9.161 1
2485 1 -74.139 9.161 1
2484 1 -74.139 9.161 1
1812 1 -99.67 11.475 1
1811 1 -99.67 11.475 1
1810 1 -99.67 11.475 1
1809 1 -99.67 11.475 1
-1 0 -3.638 16.114 D
5196 1 19.0 144.27764892578125 20 500 21
0 0 -3.638 16.114 D
881 1 -68.811 4.315 1
879 1 -68.811 4.315 1
878 1 -68.811 4.315 1
877 1 -68.811 4.315 1
876 1 -68.811 4.315 1
875 1 -68.811 4.315 1
874 1 -68.811 4.315 1
873 1 -68.811 4.315 1
872 1 -68.811 4.315 1
871 1 -68.811 4.315 1
870 1 -68.811 4.315 1
869 1 -68.811 4.315 1
867 1 -68.811 4.315 1
2504 1 -74.139 9.161 1
2503 1 -74.139 9.161 1
2502 1 -74.139 9.161 1
2501 1 -74.139 9.161 1
2500 1 -74.139 9.161 1
2499 1 -74.139 9.161 1
-1 0 -3.638 16.114 D
5197 1 19.0 132.84959411621094 20 500 21
0 0 -3.638 16.114 D
1981 1 -43.262 8.588 1
1980 1 -43.262 8.588 1
1979 1 -43.262 8.588 1
1978 1 -43.262 8.588 1
1977 1 -43.262 8.588 1
1976 1 -43.262 8.588 1
1975 1 -43.262 8.588 1
1974 1 -43.262 8.588 1
1973 1 -43.262 8.588 1
590 1 -68.878 4.053 1
588 1 -68.878 4.053 1
890 1 -68.811 4.315 1
889 1 -68.811 4.315 1
887 1 -68.811 4.315 1
886 1 -68.811 4.315 1
885 1 -68.811 4.315 1
884 1 -68.811 4.315 1
883 1 -68.811 4.315 1
882 1 -68.811 4.315 1
-1 0 -3.638 16.114 D
5198 1 19.0 80.67471313476562 20 500 21
0 0 -3.638 16.114 D
607 1 -19.385 12.677 1
606 1 -19.385 12.677 1
605 1 -19.385 12.677 1
604 1 -19.385 12.677 1
603 1 -19.385 12.677 1
602 1 -19.385 12.677 1
600 1 -19.385 12.677 1
599 1 -19.385 12.677 1
597 1 -19.385 12.677 1
595 1 -19.385 12.677 1
594 1 -19.385 12.677 1
593 1 -19.385 12.677 1
1991 1 -43.262 8.588 1
1988 1 -43.262 8.588 1
1987 1 -43.262 8.588 1
1986 1 -43.262 8.588 1
1984 1 -43.262 8.588 1
1983 1 -43.262 8.588 1
1982 1 -43.262 8.588 1
-1 0 -3.638 16.114 D
5199 1 19.0 89.37159729003906 20 500 21
0 0 -3.638 16.114 D
2550 1 -30.927 -11.401 1
2549 1 -30.927 -11.401 1
369 1 -13.123 2.655 1
368 1 -13.123 2.655 1
367 1 -13.123 2.655 1
366 1 -13.123 2.655 1
365 1 -13.123 2.655 1
363 1 -13.123 2.655 1
362 1 -13.123 2.655 1
361 1 -13.123 2.655 1
359 1 -13.123 2.655 1
357 1 -13.123 2.655 1
355 1 -13.123 2.655 1
613 1 -19.385 12.677 1
612 1 -19.385 12.677 1
611 1 -19.385 12.677 1
610 1 -19.385 12.677 1
609 1 -19.385 12.677 1
608 1 -19.385 12.677 1
-1 0 -3.638 16.114 D
5200 1 19.0 93.59835815429688 20 500 21
0 0 -3.638 16.114 D
437 1 -33.502 7.501 1
435 1 -33.502 7.501 1
434 1 -33.502 7.501 1
433 1 -33.502 7.501 1
432 1 -33.502 7.501 1
431 1 -33.502 7.501 1
429 1 -33.502 7.501 1
428 1 -33.502 7.501 1
427 1 -33.502 7.501 1
426 1 -33.502 7.501 1
425 1 -33.502 7.501 1
424 1 -33.502 7.501 1
3074 1 -49.097 5.194 1
3073 1 -49.097 5.194 1
3072 1 -49.097 5.194 1
3071 1 -49.097 5.194 1
766 1 -31.482 9.351 1
765 1 -31.482 9.351 1
764 1 -31.482 9.351 1
-1 0 -3.638 16.114 D
5201 1 19.0 195.67617797851562 20 500 21
0 0 -3.638 16.114 D
3070 1 -49.097 5.194 1
3069 1 -49.097 5.194 1
3068 1 -49.097 5.194 1
3067 1 -49.097 5.194 1
3066 1 -49.097 5.194 1
3065 1 -49.097 5.194 1
3064 1 -49.097 5.194 1
3063 1 -49.097 5.194 1
3062 1 -49.097 5.194 1
3061 1 -49.097 5.194 1
3060 1 -49.097 5.194 1
3059 1 -49.097 5.194 1
3058 1 -49.097 5.194 1
1750 1 -92.487 -22.693 1
1748 1 -92.487 -22.693 1
1747 1 -92.487 -22.693 1
1746 1 -92.487 -22.693 1
1744 1 -92.487 -22.693 1
439 1 -33.502 7.501 1
-1 0 -3.638 16.114 D
5202 1 19.0 150.5247802734375 20 500 21
0 0 -3.638 16.114 D
975 1 -6.238 -52.02 1
974 1 -6.238 -52.02 1
973 1 -6.238 -52.02 1
972 1 -6.238 -52.02 1
971 1 -6.238 -52.02 1
970 1 -6.238 -52.02 1
969 1 -6.238 -52.02 1
1314 1 -20.978 -34.015 1
1313 1 -20.978 -34.015 1
1312 1 -20.978 -34.015 1
1311 1 -20.978 -34.015 1
1310 1 -20.978 -34.015 1
1309 1 -20.978 -34.015 1
1308 1 -20.978 -34.015 1
1306 1 -20.978 -34.015 1
2903 1 -27.686 -26.093 1
372 1 -13.123 2.655 1
371 1 -13.123 2.655 1
370 1 -13.123 2.655 1
-1 0 -3.638 16.114 D
5203 4 59.0 206.1632080078125 60 500 61
0 0 -3.638 16.114 D
473 1 -5.127 -26.282 4
465 1 -5.127 -26.282 4
463 1 -5.127 -26.282 4
3076 1 -1.782 -45.105 4
3075 1 -1.782 -45.105 4
1302 1 -17.572 -79.858 4
1300 1 -17.572 -79.858 4
1293 1 -17.572 -79.858 4
1287 1 -17.572 -79.858 4
1177 1 -27.386 -58.612 4
1175 1 -27.386 -58.612 4
1174 1 -27.386 -58.612 4
1173 1 -27.386 -58.612 4
1172 1 -27.386 -58.612 4
1171 1 -27.386 -58.612 4
1170 1 -27.386 -58.612 4
1169 1 -27.386 -58.612 4
1167 1 -27.386 -58.612 4
1165 1 -27.386 -58.612 4
1163 1 -27.386 -58.612 4
1162 1 -27.386 -58.612 4
1161 1 -27.386 -58.612 4
1160 1 -27.386 -58.612 4
1159 1 -27.386 -58.612 4
1158 1 -27.386 -58.612 4
1157 1 -27.386 -58.612 4
1156 1 -27.386 -58.612 4
1100 1 -31.11 -51.361 4
2192 1 -24.945 -41.241 4
2191 1 -24.945 -41.241 4
2190 1 -24.945 -41.241 4
2189 1 -24.945 -41.241 4
2186 1 -24.945 -41.241 4
2185 1 -24.945 -41.241 4
2184 1 -24.945 -41.241 4
2183 1 -24.945 -41.241 4
2182 1 -24.945 -41.241 4
2181 1 -24.945 -41.241 4
2180 1 -24.945 -41.241 4
2178 1 -24.945 -41.241 4
2177 1 -24.945 -41.241 4
2176 1 -24.945 -41.241 4
2175 1 -24.945 -41.241 4
2174 1 -24.945 -41.241 4
2173 1 -24.945 -41.241 4
2172 1 -24.945 -41.241 4
2171 1 -24.945 -41.241 4
2339 1 -11.42 -25.311 4
2338 1 -11.42 -25.311 4
2336 1 -11.42 -25.311 4
2335 1 -11.42 -25.311 4
2334 1 -11.42 -25.311 4
2333 1 -11.42 -25.311 4
2332 1 -11.42 -25.311 4
2331 1 -11.42 -25.311 4
2330 1 -11.42 -25.311 4
2329 1 -11.42 -25.311 4
2328 1 -11.42 -25.311 4
2327 1 -11.42 -25.311 4
-1 0 -3.638 16.114 D
5204 2 39.0 233.56048583984375 40 500 41
0 0 -3.638 16.114 D
477 1 -5.127 -26.282 2
469 1 -5.127 -26.282 2
460 1 -5.127 -26.282 2
1276 1 1.117 -56.006 2
1274 1 1.117 -56.006 2
1273 1 1.117 -56.006 2
1272 1 1.117 -56.006 2
1271 1 1.117 -56.006 2
1270 1 1.117 -56.006 2
1269 1 1.117 -56.006 2
1266 1 1.117 -56.006 2
1265 1 1.117 -56.006 2
1263 1 1.117 -56.006 2
1262 1 1.117 -56.006 2
1261 1 1.117 -56.006 2
1260 1 1.117 -56.006 2
1258 1 1.117 -56.006 2
1257 1 1.117 -56.006 2
1256 1 1.117 -56.006 2
1255 1 1.117 -56.006 2
1254 1 1.117 -56.006 2
1496 1 5.615 -87.604 2
1305 1 -17.572 -79.858 2
1304 1 -17.572 -79.858 2
1303 1 -17.572 -79.858 2
1301 1 -17.572 -79.858 2
1299 1 -17.572 -79.858 2
1298 1 -17.572 -79.858 2
1297 1 -17.572 -79.858 2
1296 1 -17.572 -79.858 2
1295 1 -17.572 -79.858 2
1294 1 -17.572 -79.858 2
1292 1 -17.572 -79.858 2
1291 1 -17.572 -79.858 2
1290 1 -17.572 -79.858 2
1289 1 -17.572 -79.858 2
1288 1 -17.572 -79.858 2
1105 1 -31.11 -51.361 2
1104 1 -31.11 -51.361 2
-1 0 -3.638 16.114 D
5205 8 59.0 348.569580078125 60 500 61
0 0 -3.638 16.114 D
2153 1 -1.367 -9.375 8
2151 1 -1.367 -9.375 8
1204 1 7.391 -32.019 8
1200 1 7.391 -32.019 8
2415 1 -0.745 -38.892 8
1176 1 -27.386 -58.612 8
1168 1 -27.386 -58.612 8
1166 1 -27.386 -58.612 8
1164 1 -27.386 -58.612 8
1780 1 8.783 -69.36 8
1777 1 8.783 -69.36 8
1774 1 8.783 -69.36 8
2387 1 17.883 -68.549 8
2382 1 17.883 -68.549 8
2425 1 73.029 -66.461 8
2936 1 42.493 -51.324 8
2935 1 42.493 -51.324 8
2934 1 42.493 -51.324 8
2933 1 42.493 -51.324 8
2932 1 42.493 -51.324 8
2931 1 42.493 -51.324 8
2930 1 42.493 -51.324 8
2929 1 42.493 -51.324 8
2928 1 42.493 -51.324 8
2927 1 42.493 -51.324 8
2370 1 29.919 -46.252 8
2366 1 29.919 -46.252 8
2363 1 29.919 -46.252 8
1371 1 21.112 -47.125 8
1367 1 21.112 -47.125 8
1363 1 21.112 -47.125 8
1358 1 21.112 -47.125 8
1356 1 21.112 -47.125 8
2465 1 29.022 -40.002 8
2464 1 29.022 -40.002 8
2463 1 29.022 -40.002 8
2462 1 29.022 -40.002 8
2461 1 29.022 -40.002 8
1099 1 28.4 -35.272 8
1097 1 28.4 -35.272 8
1095 1 28.4 -35.272 8
1093 1 28.4 -35.272 8
1091 1 28.4 -35.272 8
2139 1 19.69 -28.058 8
2134 1 19.69 -28.058 8
2133 1 19.69 -28.058 8
1695 1 30.255 -25.458 8
1693 1 30.255 -25.458 8
1692 1 30.255 -25.458 8
1684 1 30.255 -25.458 8
1682 1 30.255 -25.458 8
1676 1 30.255 -25.458 8
2058 1 28.937 -22.119 8
2050 1 28.937 -22.119 8
2049 1 28.937 -22.119 8
2048 1 28.937 -22.119 8
1736 1 32.532 -18.872 8
1724 1 32.532 -18.872 8
1723 1 32.532 -18.872 8
-1 0 -3.638 16.114 D
5206 1 19.0 136.36770629882812 20 500 21
0 0 -3.638 16.114 D
475 1 -5.127 -26.282 1
474 1 -5.127 -26.282 1
472 1 -5.127 -26.282 1
471 1 -5.127 -26.282 1
470 1 -5.127 -26.282 1
468 1 -5.127 -26.282 1
467 1 -5.127 -26.282 1
466 1 -5.127 -26.282 1
464 1 -5.127 -26.282 1
462 1 -5.127 -26.282 1
461 1 -5.127 -26.282 1
459 1 -5.127 -26.282 1
982 1 -6.238 -52.02 1
981 1 -6.238 -52.02 1
980 1 -6.238 -52.02 1
979 1 -6.238 -52.02 1
978 1 -6.238 -52.02 1
977 1 -6.238 -52.02 1
976 1 -6.238 -52.02 1
-1 0 -3.638 16.114 D
5207 1 19.0 192.54086303710938 20 500 21
0 0 -3.638 16.114 D
2475 1 5.292 -51.556 1
2474 1 5.292 -51.556 1
2473 1 5.292 -51.556 1
2472 1 5.292 -51.556 1
2471 1 5.292 -51.556 1
2470 1 5.292 -51.556 1
516 1 5.243 -67.346 1
515 1 5.243 -67.346 1
513 1 5.243 -67.346 1
511 1 5.243 -67.346 1
510 1 5.243 -67.346 1
484 1 0.305 -79.218 1
483 1 0.305 -79.218 1
482 1 -5.127 -26.282 1
481 1 -5.127 -26.282 1
480 1 -5.127 -26.282 1
479 1 -5.127 -26.282 1
478 1 -5.127 -26.282 1
476 1 -5.127 -26.282 1
-1 0 -3.638 16.114 D
5208 4 59.0 217.36883544921875 60 500 61
0 0 -3.638 16.114 D
2437 1 11.572 -44.574 4
2436 1 11.572 -44.574 4
2432 1 11.572 -44.574 4
2429 1 11.572 -44.574 4
2393 1 17.883 -68.549 4
2392 1 17.883 -68.549 4
2391 1 17.883 -68.549 4
2390 1 17.883 -68.549 4
2389 1 17.883 -68.549 4
2388 1 17.883 -68.549 4
2386 1 17.883 -68.549 4
2385 1 17.883 -68.549 4
2384 1 17.883 -68.549 4
2383 1 17.883 -68.549 4
2381 1 17.883 -68.549 4
2380 1 17.883 -68.549 4
2379 1 17.883 -68.549 4
2378 1 17.883 -68.549 4
2377 1 17.883 -68.549 4
2376 1 17.883 -68.549 4
2375 1 17.883 -68.549 4
2374 1 17.883 -68.549 4
1504 1 5.615 -87.604 4
1500 1 5.615 -87.604 4
1499 1 5.615 -87.604 4
1498 1 5.615 -87.604 4
1784 1 8.783 -69.36 4
1783 1 8.783 -69.36 4
1782 1 8.783 -69.36 4
1781 1 8.783 -69.36 4
1779 1 8.783 -69.36 4
1778 1 8.783 -69.36 4
1776 1 8.783 -69.36 4
1775 1 8.783 -69.36 4
1773 1 8.783 -69.36 4
1772 1 8.783 -69.36 4
1771 1 8.783 -69.36 4
1770 1 8.783 -69.36 4
1769 1 8.783 -69.36 4
1768 1 8.783 -69.36 4
1767 1 8.783 -69.36 4
1766 1 8.783 -69.36 4
517 1 5.243 -67.346 4
514 1 5.243 -67.346 4
1275 1 1.117 -56.006 4
1268 1 1.117 -56.006 4
1267 1 1.117 -56.006 4
1264 1 1.117 -56.006 4
1259 1 1.117 -56.006 4
1253 1 1.117 -56.006 4
3080 1 -1.782 -45.105 4
3079 1 -1.782 -45.105 4
3078 1 -1.782 -45.105 4
3077 1 -1.782 -45.105 4
2414 1 -0.745 -38.892 4
2413 1 -0.745 -38.892 4
2412 1 -0.745 -38.892 4
2154 1 -1.367 -9.375 4
2152 1 -1.367 -9.375 4
-1 0 -3.638 16.114 D
5209 2 39.0 233.3721160888672 40 500 41
0 0 -3.638 16.114 D
2411 1 7.159 -28.467 2
2410 1 7.159 -28.467 2
512 1 5.243 -67.346 2
1508 1 5.615 -87.604 2
1507 1 5.615 -87.604 2
1506 1 5.615 -87.604 2
1505 1 5.615 -87.604 2
1503 1 5.615 -87.604 2
1502 1 5.615 -87.604 2
1501 1 5.615 -87.604 2
1497 1 5.615 -87.604 2
507 1 24.768 -88.69 2
500 1 24.768 -88.69 2
499 1 24.768 -88.69 2
496 1 24.768 -88.69 2
488 1 24.768 -88.69 2
2440 1 11.572 -44.574 2
2439 1 11.572 -44.574 2
2438 1 11.572 -44.574 2
2435 1 11.572 -44.574 2
2434 1 11.572 -44.574 2
2433 1 11.572 -44.574 2
2431 1 11.572 -44.574 2
2430 1 11.572 -44.574 2
2428 1 11.572 -44.574 2
2427 1 11.572 -44.574 2
1432 1 10.931 -29.095 2
1419 1 10.931 -29.095 2
322 1 6.403 -18.994 2
317 1 6.403 -18.994 2
312 1 6.403 -18.994 2
308 1 6.403 -18.994 2
3105 1 -1.111 8.301 2
3104 1 -1.111 8.301 2
3103 1 -1.111 8.301 2
3102 1 -1.111 8.301 2
3101 1 -1.111 8.301 2
3100 1 -1.111 8.301 2
3099 1 -1.111 8.301 2
-1 0 -3.638 16.114 D
5210 1 19.0 137.28651428222656 20 500 21
0 0 -3.638 16.114 D
1201 1 7.391 -32.019 1
1199 1 7.391 -32.019 1
1198 1 7.391 -32.019 1
1197 1 7.391 -32.019 1
1196 1 7.391 -32.019 1
1195 1 7.391 -32.019 1
1194 1 7.391 -32.019 1
1193 1 7.391 -32.019 1
1192 1 7.391 -32.019 1
1191 1 7.391 -32.019 1
1190 1 7.391 -32.019 1
2483 1 5.292 -51.556 1
2482 1 5.292 -51.556 1
2481 1 5.292 -51.556 1
2480 1 5.292 -51.556 1
2479 1 5.292 -51.556 1
2478 1 5.292 -51.556 1
2477 1 5.292 -51.556 1
2476 1 5.292 -51.556 1
-1 0 -3.638 16.114 D
5211 1 19.0 120.55632019042969 20 500 21
0 0 -3.638 16.114 D
3006 1 10.449 -42.487 1
3005 1 10.449 -42.487 1
3004 1 10.449 -42.487 1
3003 1 10.449 -42.487 1
3002 1 10.449 -42.487 1
3001 1 10.449 -42.487 1
3000 1 10.449 -42.487 1
2999 1 10.449 -42.487 1
2998 1 10.449 -42.487 1
2997 1 10.449 -42.487 1
2996 1 10.449 -42.487 1
2995 1 10.449 -42.487 1
2994 1 10.449 -42.487 1
1208 1 7.391 -32.019 1
1207 1 7.391 -32.019 1
1206 1 7.391 -32.019 1
1205 1 7.391 -32.019 1
1203 1 7.391 -32.019 1
1202 1 7.391 -32.019 1
-1 0 -3.638 16.114 D
5212 1 19.0 120.62519073486328 20 500 21
0 0 -3.638 16.114 D
311 1 6.403 -18.994 1
309 1 6.403 -18.994 1
307 1 6.403 -18.994 1
306 1 6.403 -18.994 1
305 1 6.403 -18.994 1
304 1 6.403 -18.994 1
3015 1 10.449 -42.487 1
3014 1 10.449 -42.487 1
3013 1 10.449 -42.487 1
3012 1 10.449 -42.487 1
3011 1 10.449 -42.487 1
3010 1 10.449 -42.487 1
3009 1 10.449 -42.487 1
3008 1 10.449 -42.487 1
3007 1 10.449 -42.487 1
2409 1 7.159 -28.467 1
2408 1 7.159 -28.467 1
2407 1 7.159 -28.467 1
2406 1 7.159 -28.467 1
-1 0 -3.638 16.114 D
5213 4 59.0 240.187744140625 60 500 61
0 0 -3.638 16.114 D
35 1 9.717 -10.956 4
34 1 9.717 -10.956 4
31 1 9.717 -10.956 4
2909 1 16.37 -15.546 4
2908 1 16.37 -15.546 4
2907 1 16.37 -15.546 4
2906 1 16.37 -15.546 4
2905 1 16.37 -15.546 4
2904 1 16.37 -15.546 4
2140 1 19.69 -28.058 4
2138 1 19.69 -28.058 4
2137 1 19.69 -28.058 4
2136 1 19.69 -28.058 4
2135 1 19.69 -28.058 4
2132 1 19.69 -28.058 4
3121 1 16.614 -30.084 4
3120 1 16.614 -30.084 4
3119 1 16.614 -30.084 4
3118 1 16.614 -30.084 4
3117 1 16.614 -30.084 4
3116 1 16.614 -30.084 4
3115 1 16.614 -30.084 4
3114 1 16.614 -30.084 4
3113 1 16.614 -30.084 4
3112 1 16.614 -30.084 4
3111 1 16.614 -30.084 4
1098 1 28.4 -35.272 4
1096 1 28.4 -35.272 4
1094 1 28.4 -35.272 4
1092 1 28.4 -35.272 4
1090 1 28.4 -35.272 4
1089 1 28.4 -35.272 4
1088 1 28.4 -35.272 4
1087 1 28.4 -35.272 4
2373 1 29.919 -46.252 4
2372 1 29.919 -46.252 4
2371 1 29.919 -46.252 4
2369 1 29.919 -46.252 4
2368 1 29.919 -46.252 4
2367 1 29.919 -46.252 4
2365 1 29.919 -46.252 4
2364 1 29.919 -46.252 4
2362 1 29.919 -46.252 4
249 1 36.731 -50.226 4
248 1 36.731 -50.226 4
2350 1 29.364 -51.721 4
2343 1 29.364 -51.721 4
959 1 28.833 -57.672 4
958 1 28.833 -57.672 4
956 1 28.833 -57.672 4
954 1 28.833 -57.672 4
952 1 28.833 -57.672 4
945 1 28.833 -57.672 4
944 1 28.833 -57.672 4
942 1 28.833 -57.672 4
503 1 24.768 -88.69 4
2395 1 17.883 -68.549 4
2394 1 17.883 -68.549 4
310 1 6.403 -18.994 4
-1 0 -3.638 16.114 D
5214 1 19.0 217.17071533203125 20 500 21
0 0 -3.638 16.114 D
491 1 24.768 -88.69 1
490 1 24.768 -88.69 1
489 1 24.768 -88.69 1
487 1 24.768 -88.69 1
486 1 24.768 -88.69 1
485 1 24.768 -88.69 1
509 1 24.768 -88.69 1
508 1 24.768 -88.69 1
506 1 24.768 -88.69 1
505 1 24.768 -88.69 1
504 1 24.768 -88.69 1
502 1 24.768 -88.69 1
501 1 24.768 -88.69 1
498 1 24.768 -88.69 1
497 1 24.768 -88.69 1
495 1 24.768 -88.69 1
494 1 24.768 -88.69 1
493 1 24.768 -88.69 1
492 1 24.768 -88.69 1
-1 0 -3.638 16.114 D
5215 1 19.0 95.0836410522461 20 500 21
0 0 -3.638 16.114 D
1429 1 10.931 -29.095 1
1428 1 10.931 -29.095 1
1427 1 10.931 -29.095 1
1426 1 10.931 -29.095 1
1425 1 10.931 -29.095 1
1424 1 10.931 -29.095 1
1423 1 10.931 -29.095 1
1422 1 10.931 -29.095 1
1421 1 10.931 -29.095 1
1420 1 10.931 -29.095 1
1418 1 10.931 -29.095 1
321 1 6.403 -18.994 1
320 1 6.403 -18.994 1
319 1 6.403 -18.994 1
318 1 6.403 -18.994 1
316 1 6.403 -18.994 1
315 1 6.403 -18.994 1
314 1 6.403 -18.994 1
313 1 6.403 -18.994 1
-1 0 -3.638 16.114 D
5216 1 19.0 136.1157684326172 20 500 21
0 0 -3.638 16.114 D
83 1 7.379 -12.677 1
1368 1 21.112 -47.125 1
1366 1 21.112 -47.125 1
1365 1 21.112 -47.125 1
1364 1 21.112 -47.125 1
1362 1 21.112 -47.125 1
1361 1 21.112 -47.125 1
1360 1 21.112 -47.125 1
1359 1 21.112 -47.125 1
1357 1 21.112 -47.125 1
1355 1 21.112 -47.125 1
1354 1 21.112 -47.125 1
1437 1 10.931 -29.095 1
1436 1 10.931 -29.095 1
1435 1 10.931 -29.095 1
1434 1 10.931 -29.095 1
1433 1 10.931 -29.095 1
1431 1 10.931 -29.095 1
1430 1 10.931 -29.095 1
-1 0 -3.638 16.114 D
5217 2 39.0 248.30714416503906 40 500 41
0 0 -3.638 16.114 D
3110 1 -1.111 8.301 2
3109 1 -1.111 8.301 2
3108 1 -1.111 8.301 2
3107 1 -1.111 8.301 2
3106 1 -1.111 8.301 2
2275 1 17.316 -35.895 2
2271 1 17.316 -35.895 2
2667 1 19.965 -44.22 2
2666 1 19.965 -44.22 2
2665 1 19.965 -44.22 2
2664 1 19.965 -44.22 2
2663 1 19.965 -44.22 2
2662 1 19.965 -44.22 2
2661 1 19.965 -44.22 2
2660 1 19.965 -44.22 2
2659 1 19.965 -44.22 2
2658 1 19.965 -44.22 2
2657 1 19.965 -44.22 2
2656 1 19.965 -44.22 2
2655 1 19.965 -44.22 2
2654 1 19.965 -44.22 2
2653 1 19.965 -44.22 2
2652 1 19.965 -44.22 2
2651 1 19.965 -44.22 2
2993 1 43.469 -98.682 2
2992 1 43.469 -98.682 2
2991 1 43.469 -98.682 2
2990 1 43.469 -98.682 2
2989 1 43.469 -98.682 2
2988 1 43.469 -98.682 2
617 1 41.693 -93.585 2
947 1 28.833 -57.672 2
946 1 28.833 -57.672 2
943 1 28.833 -57.672 2
941 1 28.833 -57.672 2
940 1 28.833 -57.672 2
939 1 28.833 -57.672 2
938 1 28.833 -57.672 2
937 1 28.833 -57.672 2
-1 0 -3.638 16.114 D
5218 1 19.0 241.76222229003906 20 500 21
0 0 -3.638 16.114 D
2055 1 28.937 -22.119 1
2054 1 28.937 -22.119 1
2053 1 28.937 -22.119 1
2052 1 28.937 -22.119 1
2051 1 28.937 -22.119 1
247 1 36.731 -50.226 1
245 1 36.731 -50.226 1
623 1 41.693 -93.585 1
622 1 41.693 -93.585 1
621 1 41.693 -93.585 1
620 1 41.693 -93.585 1
619 1 41.693 -93.585 1
618 1 41.693 -93.585 1
616 1 41.693 -93.585 1
615 1 41.693 -93.585 1
614 1 41.693 -93.585 1
1372 1 21.112 -47.125 1
1370 1 21.112 -47.125 1
1369 1 21.112 -47.125 1
-1 0 -3.638 16.114 D
5219 1 19.0 118.73320007324219 20 500 21
0 0 -3.638 16.114 D
2279 1 17.316 -35.895 1
2278 1 17.316 -35.895 1
2277 1 17.316 -35.895 1
2276 1 17.316 -35.895 1
2274 1 17.316 -35.895 1
2273 1 17.316 -35.895 1
2272 1 17.316 -35.895 1
2270 1 17.316 -35.895 1
2269 1 17.316 -35.895 1
2268 1 17.316 -35.895 1
2267 1 17.316 -35.895 1
2266 1 17.316 -35.895 1
228 1 20.728 -37.5 1
227 1 20.728 -37.5 1
226 1 20.728 -37.5 1
225 1 20.728 -37.5 1
224 1 20.728 -37.5 1
223 1 20.728 -37.5 1
222 1 20.728 -37.5 1
-1 0 -3.638 16.114 D
5220 2 39.0 164.0454864501953 40 500 41
0 0 -3.638 16.114 D
41 1 9.717 -10.956 2
26 1 9.717 -10.956 2
545 1 19.061 -29.48 2
539 1 19.061 -29.48 2
2351 1 29.364 -51.721 2
2349 1 29.364 -51.721 2
2348 1 29.364 -51.721 2
2347 1 29.364 -51.721 2
2346 1 29.364 -51.721 2
2345 1 29.364 -51.721 2
2344 1 29.364 -51.721 2
2342 1 29.364 -51.721 2
2341 1 29.364 -51.721 2
2340 1 29.364 -51.721 2
3052 1 31.604 -53.21 2
3051 1 31.604 -53.21 2
3050 1 31.604 -53.21 2
3049 1 31.604 -53.21 2
3048 1 31.604 -53.21 2
3047 1 31.604 -53.21 2
3046 1 31.604 -53.21 2
3045 1 31.604 -53.21 2
3044 1 31.604 -53.21 2
3043 1 31.604 -53.21 2
961 1 28.833 -57.672 2
960 1 28.833 -57.672 2
957 1 28.833 -57.672 2
955 1 28.833 -57.672 2
953 1 28.833 -57.672 2
951 1 28.833 -57.672 2
950 1 28.833 -57.672 2
949 1 28.833 -57.672 2
948 1 28.833 -57.672 2
1582 1 25.201 -47.119 2
1578 1 25.201 -47.119 2
1569 1 25.201 -47.119 2
1568 1 25.201 -47.119 2
1562 1 25.201 -47.119 2
1560 1 25.201 -47.119 2
-1 0 -3.638 16.114 D
5221 1 19.0 138.99819946289062 20 500 21
0 0 -3.638 16.114 D
1579 1 25.201 -47.119 1
1577 1 25.201 -47.119 1
1576 1 25.201 -47.119 1
1575 1 25.201 -47.119 1
1574 1 25.201 -47.119 1
1573 1 25.201 -47.119 1
1572 1 25.201 -47.119 1
1571 1 25.201 -47.119 1
1570 1 25.201 -47.119 1
1567 1 25.201 -47.119 1
1566 1 25.201 -47.119 1
1565 1 25.201 -47.119 1
1564 1 25.201 -47.119 1
1563 1 25.201 -47.119 1
1561 1 25.201 -47.119 1
1559 1 25.201 -47.119 1
1558 1 25.201 -47.119 1
230 1 20.728 -37.5 1
229 1 20.728 -37.5 1
-1 0 -3.638 16.114 D
5222 1 19.0 139.1083984375 20 500 21
0 0 -3.638 16.114 D
42 1 9.717 -10.956 1
40 1 9.717 -10.956 1
39 1 9.717 -10.956 1
38 1 9.717 -10.956 1
37 1 9.717 -10.956 1
36 1 9.717 -10.956 1
33 1 9.717 -10.956 1
32 1 9.717 -10.956 1
30 1 9.717 -10.956 1
29 1 9.717 -10.956 1
28 1 9.717 -10.956 1
27 1 9.717 -10.956 1
25 1 9.717 -10.956 1
543 1 19.061 -29.48 1
542 1 19.061 -29.48 1
541 1 19.061 -29.48 1
540 1 19.061 -29.48 1
1581 1 25.201 -47.119 1
1580 1 25.201 -47.119 1
-1 0 -3.638 16.114 D
5223 1 19.0 106.0828857421875 20 500 21
0 0 -3.638 16.114 D
3174 1 13.953 -25.842 1
3173 1 13.953 -25.842 1
3172 1 13.953 -25.842 1
3171 1 13.953 -25.842 1
3170 1 13.953 -25.842 1
3169 1 13.953 -25.842 1
3168 1 13.953 -25.842 1
1522 1 20.49 -30.389 1
1521 1 20.49 -30.389 1
1520 1 20.49 -30.389 1
1517 1 20.49 -30.389 1
1516 1 20.49 -30.389 1
1515 1 20.49 -30.389 1
1514 1 20.49 -30.389 1
1513 1 20.49 -30.389 1
1511 1 20.49 -30.389 1
1510 1 20.49 -30.389 1
1509 1 20.49 -30.389 1
544 1 19.061 -29.48 1
-1 0 -3.638 16.114 D
5224 2 39.0 240.10476684570312 40 500 41
0 0 -3.638 16.114 D
337 1 20.776 -15.387 2
336 1 20.776 -15.387 2
334 1 20.776 -15.387 2
329 1 20.776 -15.387 2
1628 1 35.413 -48.401 2
1618 1 35.413 -48.401 2
1614 1 35.413 -48.401 2
1611 1 35.413 -48.401 2
246 1 36.731 -50.226 2
1759 1 70.404 -72.443 2
1758 1 70.404 -72.443 2
1755 1 70.404 -72.443 2
1754 1 70.404 -72.443 2
1752 1 70.404 -72.443 2
1751 1 70.404 -72.443 2
2360 1 55.597 -65.259 2
2359 1 55.597 -65.259 2
2358 1 55.597 -65.259 2
2357 1 55.597 -65.259 2
2356 1 55.597 -65.259 2
2355 1 55.597 -65.259 2
2354 1 55.597 -65.259 2
2353 1 55.597 -65.259 2
2352 1 55.597 -65.259 2
3057 1 31.604 -53.21 2
3056 1 31.604 -53.21 2
3055 1 31.604 -53.21 2
3054 1 31.604 -53.21 2
3053 1 31.604 -53.21 2
714 1 24.786 -35.925 2
708 1 24.786 -35.925 2
704 1 24.786 -35.925 2
1519 1 20.49 -30.389 2
1518 1 20.49 -30.389 2
1512 1 20.49 -30.389 2
581 1 15.79 -17.041 2
580 1 15.79 -17.041 2
1389 1 7.88 -5.75 2
1388 1 7.88 -5.75 2
-1 0 -3.638 16.114 D
5225 1 19.0 118.69375610351562 20 500 21
0 0 -3.638 16.114 D
1392 1 7.88 -5.75 1
1391 1 7.88 -5.75 1
1390 1 7.88 -5.75 1
1387 1 7.88 -5.75 1
1524 1 20.49 -30.389 1
1523 1 20.49 -30.389 1
719 1 24.786 -35.925 1
718 1 24.786 -35.925 1
717 1 24.786 -35.925 1
716 1 24.786 -35.925 1
715 1 24.786 -35.925 1
713 1 24.786 -35.925 1
712 1 24.786 -35.925 1
711 1 24.786 -35.925 1
710 1 24.786 -35.925 1
709 1 24.786 -35.925 1
707 1 24.786 -35.925 1
706 1 24.786 -35.925 1
705 1 24.786 -35.925 1
-1 0 -3.638 16.114 D
5226 1 19.0 151.0975341796875 20 500 21
0 0 -3.638 16.114 D
1625 1 35.413 -48.401 1
1624 1 35.413 -48.401 1
1623 1 35.413 -48.401 1
1622 1 35.413 -48.401 1
1621 1 35.413 -48.401 1
1620 1 35.413 -48.401 1
1619 1 35.413 -48.401 1
1617 1 35.413 -48.401 1
1616 1 35.413 -48.401 1
1615 1 35.413 -48.401 1
1613 1 35.413 -48.401 1
1612 1 35.413 -48.401 1
1610 1 35.413 -48.401 1
1609 1 35.413 -48.401 1
1608 1 35.413 -48.401 1
1607 1 35.413 -48.401 1
722 1 24.786 -35.925 1
721 1 24.786 -35.925 1
720 1 24.786 -35.925 1
-1 0 -3.638 16.114 D
5227 1 19.0 155.45738220214844 20 500 21
0 0 -3.638 16.114 D
968 1 29.303 -49.371 1
967 1 29.303 -49.371 1
966 1 29.303 -49.371 1
965 1 29.303 -49.371 1
964 1 29.303 -49.371 1
963 1 29.303 -49.371 1
962 1 29.303 -49.371 1
1627 1 35.413 -48.401 1
1626 1 35.413 -48.401 1
335 1 20.776 -15.387 1
333 1 20.776 -15.387 1
332 1 20.776 -15.387 1
331 1 20.776 -15.387 1
330 1 20.776 -15.387 1
327 1 20.776 -15.387 1
326 1 20.776 -15.387 1
325 1 20.776 -15.387 1
324 1 20.776 -15.387 1
323 1 20.776 -15.387 1
-1 0 -3.638 16.114 D
5228 4 59.0 234.72406005859375 60 500 61
0 0 -3.638 16.114 D
2926 1 16.37 -15.546 4
2925 1 16.37 -15.546 4
2924 1 16.37 -15.546 4
2923 1 16.37 -15.546 4
2922 1 16.37 -15.546 4
2921 1 16.37 -15.546 4
2920 1 16.37 -15.546 4
2919 1 16.37 -15.546 4
2918 1 16.37 -15.546 4
2917 1 16.37 -15.546 4
2916 1 16.37 -15.546 4
2915 1 16.37 -15.546 4
2914 1 16.37 -15.546 4
2913 1 16.37 -15.546 4
2912 1 16.37 -15.546 4
2911 1 16.37 -15.546 4
2910 1 16.37 -15.546 4
3098 1 27.814 -24.841 4
3097 1 27.814 -24.841 4
3096 1 27.814 -24.841 4
3095 1 27.814 -24.841 4
3094 1 27.814 -24.841 4
3093 1 27.814 -24.841 4
3092 1 27.814 -24.841 4
3091 1 27.814 -24.841 4
3090 1 27.814 -24.841 4
3089 1 27.814 -24.841 4
3088 1 27.814 -24.841 4
3087 1 27.814 -24.841 4
3086 1 27.814 -24.841 4
3085 1 27.814 -24.841 4
3084 1 27.814 -24.841 4
3083 1 27.814 -24.841 4
3082 1 27.814 -24.841 4
3081 1 27.814 -24.841 4
2361 1 55.597 -65.259 4
1765 1 70.404 -72.443 4
1763 1 70.404 -72.443 4
1761 1 70.404 -72.443 4
1757 1 70.404 -72.443 4
1756 1 70.404 -72.443 4
1753 1 70.404 -72.443 4
1694 1 30.255 -25.458 4
1691 1 30.255 -25.458 4
1690 1 30.255 -25.458 4
1689 1 30.255 -25.458 4
1688 1 30.255 -25.458 4
1687 1 30.255 -25.458 4
1686 1 30.255 -25.458 4
1685 1 30.255 -25.458 4
1683 1 30.255 -25.458 4
1681 1 30.255 -25.458 4
1680 1 30.255 -25.458 4
1679 1 30.255 -25.458 4
1678 1 30.255 -25.458 4
1677 1 30.255 -25.458 4
637 1 28.082 -18.262 4
634 1 28.082 -18.262 4
328 1 20.776 -15.387 4
-1 0 -3.638 16.114 D
5229 2 39.0 241.25344848632812 40 500 41
0 0 -3.638 16.114 D
1897 1 26.068 -10.266 2
1891 1 26.068 -10.266 2
1890 1 26.068 -10.266 2
1884 1 26.068 -10.266 2
1873 1 38.019 -18.427 2
1868 1 38.019 -18.427 2
174 1 47.546 -20.782 2
168 1 47.546 -20.782 2
1674 1 56.378 -25.14 2
1672 1 56.378 -25.14 2
1671 1 56.378 -25.14 2
1670 1 56.378 -25.14 2
1669 1 56.378 -25.14 2
1668 1 56.378 -25.14 2
1667 1 56.378 -25.14 2
1665 1 56.378 -25.14 2
1664 1 56.378 -25.14 2
1663 1 56.378 -25.14 2
1661 1 56.378 -25.14 2
1764 1 70.404 -72.443 2
1762 1 70.404 -72.443 2
1760 1 70.404 -72.443 2
56 1 54.742 -41.296 2
49 1 54.742 -41.296 2
47 1 54.742 -41.296 2
45 1 54.742 -41.296 2
44 1 54.742 -41.296 2
43 1 54.742 -41.296 2
455 1 33.228 -22.797 2
447 1 33.228 -22.797 2
444 1 33.228 -22.797 2
643 1 28.082 -18.262 2
635 1 28.082 -18.262 2
628 1 28.082 -18.262 2
624 1 28.082 -18.262 2
658 1 28.845 -16.473 2
657 1 28.845 -16.473 2
655 1 28.845 -16.473 2
652 1 28.845 -16.473 2
-1 0 -3.638 16.114 D
5230 1 19.0 100.95368957519531 20 500 21
0 0 -3.638 16.114 D
645 1 28.082 -18.262 1
644 1 28.082 -18.262 1
642 1 28.082 -18.262 1
641 1 28.082 -18.262 1
640 1 28.082 -18.262 1
639 1 28.082 -18.262 1
638 1 28.082 -18.262 1
636 1 28.082 -18.262 1
633 1 28.082 -18.262 1
632 1 28.082 -18.262 1
631 1 28.082 -18.262 1
630 1 28.082 -18.262 1
629 1 28.082 -18.262 1
627 1 28.082 -18.262 1
626 1 28.082 -18.262 1
625 1 28.082 -18.262 1
2059 1 28.937 -22.119 1
2057 1 28.937 -22.119 1
2056 1 28.937 -22.119 1
-1 0 -3.638 16.114 D
5231 1 19.0 225.3627166748047 20 500 21
0 0 -3.638 16.114 D
450 1 33.228 -22.797 1
449 1 33.228 -22.797 1
448 1 33.228 -22.797 1
446 1 33.228 -22.797 1
445 1 33.228 -22.797 1
443 1 33.228 -22.797 1
442 1 33.228 -22.797 1
441 1 33.228 -22.797 1
2426 1 73.029 -66.461 1
2424 1 73.029 -66.461 1
2423 1 73.029 -66.461 1
2422 1 73.029 -66.461 1
2421 1 73.029 -66.461 1
2420 1 73.029 -66.461 1
2419 1 73.029 -66.461 1
2418 1 73.029 -66.461 1
2417 1 73.029 -66.461 1
2416 1 73.029 -66.461 1
646 1 28.082 -18.262 1
-1 0 -3.638 16.114 D
5232 1 19.0 164.0579833984375 20 500 21
0 0 -3.638 16.114 D
1881 1 26.068 -10.266 1
57 1 54.742 -41.296 1
55 1 54.742 -41.296 1
54 1 54.742 -41.296 1
53 1 54.742 -41.296 1
50 1 54.742 -41.296 1
48 1 54.742 -41.296 1
46 1 54.742 -41.296 1
458 1 33.228 -22.797 1
456 1 33.228 -22.797 1
454 1 33.228 -22.797 1
453 1 33.228 -22.797 1
452 1 33.228 -22.797 1
451 1 33.228 -22.797 1
656 1 28.845 -16.473 1
651 1 28.845 -16.473 1
650 1 28.845 -16.473 1
648 1 28.845 -16.473 1
647 1 28.845 -16.473 1
-1 0 -3.638 16.114 D
5233 4 59.0 228.79647827148438 60 500 61
0 0 -3.638 16.114 D
1475 1 10.645 6.067 4
654 1 28.845 -16.473 4
653 1 28.845 -16.473 4
649 1 28.845 -16.473 4
1742 1 32.532 -18.872 4
1741 1 32.532 -18.872 4
1740 1 32.532 -18.872 4
1739 1 32.532 -18.872 4
1737 1 32.532 -18.872 4
1735 1 32.532 -18.872 4
1734 1 32.532 -18.872 4
1733 1 32.532 -18.872 4
1732 1 32.532 -18.872 4
1731 1 32.532 -18.872 4
1730 1 32.532 -18.872 4
1729 1 32.532 -18.872 4
1728 1 32.532 -18.872 4
1727 1 32.532 -18.872 4
1726 1 32.532 -18.872 4
1725 1 32.532 -18.872 4
1722 1 32.532 -18.872 4
457 1 33.228 -22.797 4
170 1 47.546 -20.782 4
52 1 54.742 -41.296 4
51 1 54.742 -41.296 4
1673 1 56.378 -25.14 4
1666 1 56.378 -25.14 4
1662 1 56.378 -25.14 4
2083 1 78.638 -8.209 4
2082 1 78.638 -8.209 4
2080 1 78.638 -8.209 4
2079 1 78.638 -8.209 4
2078 1 78.638 -8.209 4
2077 1 78.638 -8.209 4
2075 1 78.638 -8.209 4
2074 1 78.638 -8.209 4
2072 1 78.638 -8.209 4
2071 1 78.638 -8.209 4
2070 1 78.638 -8.209 4
2069 1 78.638 -8.209 4
2068 1 78.638 -8.209 4
2067 1 78.638 -8.209 4
2066 1 78.638 -8.209 4
2065 1 78.638 -8.209 4
2064 1 78.638 -8.209 4
2063 1 78.638 -8.209 4
2062 1 78.638 -8.209 4
2061 1 78.638 -8.209 4
1054 1 45.367 -8.905 4
2150 1 28.503 -6.47 4
2149 1 28.503 -6.47 4
2147 1 28.503 -6.47 4
1283 1 14.471 14.288 4
1282 1 14.471 14.288 4
1281 1 14.471 14.288 4
1280 1 14.471 14.288 4
1279 1 14.471 14.288 4
1278 1 14.471 14.288 4
1277 1 14.471 14.288 4
-1 0 -3.638 16.114 D
5234 8 47.0 211.1077117919922 60 500 49
0 0 -3.638 16.114 D
2148 1 28.503 -6.47 8
1743 1 32.532 -18.872 8
1738 1 32.532 -18.872 8
2755 1 42.505 -14.215 8
2754 1 42.505 -14.215 8
2753 1 42.505 -14.215 8
2752 1 42.505 -14.215 8
2751 1 42.505 -14.215 8
2750 1 42.505 -14.215 8
2749 1 42.505 -14.215 8
2748 1 42.505 -14.215 8
2747 1 42.505 -14.215 8
2746 1 42.505 -14.215 8
2745 1 42.505 -14.215 8
2744 1 42.505 -14.215 8
2743 1 42.505 -14.215 8
2742 1 42.505 -14.215 8
2741 1 42.505 -14.215 8
2740 1 42.505 -14.215 8
2739 1 42.505 -14.215 8
2738 1 42.505 -14.215 8
2737 1 42.505 -14.215 8
2736 1 42.505 -14.215 8
801 1 43.884 -23.669 8
791 1 43.884 -23.669 8
3042 1 68.695 -30.06 8
3041 1 68.695 -30.06 8
3040 1 68.695 -30.06 8
3039 1 68.695 -30.06 8
3038 1 68.695 -30.06 8
3037 1 68.695 -30.06 8
3036 1 68.695 -30.06 8
3035 1 68.695 -30.06 8
3034 1 68.695 -30.06 8
3033 1 68.695 -30.06 8
3032 1 68.695 -30.06 8
3031 1 68.695 -30.06 8
3030 1 68.695 -30.06 8
2081 1 78.638 -8.209 8
2076 1 78.638 -8.209 8
2073 1 78.638 -8.209 8
2060 1 78.638 -8.209 8
1964 1 34.998 16.058 8
1472 1 11.786 15.375 8
1462 1 11.786 15.375 8
1459 1 11.786 15.375 8
1453 1 11.786 15.375 8
-1 0 -3.638 16.114 D
5235 1 19.0 79.7223129272461 20 500 21
0 0 -3.638 16.114 D
774 1 9.686 7.294 1
772 1 9.686 7.294 1
771 1 9.686 7.294 1
770 1 9.686 7.294 1
769 1 9.686 7.294 1
768 1 9.686 7.294 1
1898 1 26.068 -10.266 1
1896 1 26.068 -10.266 1
1895 1 26.068 -10.266 1
1894 1 26.068 -10.266 1
1893 1 26.068 -10.266 1
1892 1 26.068 -10.266 1
1889 1 26.068 -10.266 1
1888 1 26.068 -10.266 1
1887 1 26.068 -10.266 1
1886 1 26.068 -10.266 1
1885 1 26.068 -10.266 1
1883 1 26.068 -10.266 1
1882 1 26.068 -10.266 1
-1 0 -3.638 16.114 D
5236 1 19.0 123.95677185058594 20 500 21
0 0 -3.638 16.114 D
1869 1 38.019 -18.427 1
1867 1 38.019 -18.427 1
1866 1 38.019 -18.427 1
1865 1 38.019 -18.427 1
1864 1 38.019 -18.427 1
1863 1 38.019 -18.427 1
1862 1 38.019 -18.427 1
1861 1 38.019 -18.427 1
1860 1 38.019 -18.427 1
1859 1 38.019 -18.427 1
1858 1 38.019 -18.427 1
1857 1 38.019 -18.427 1
1856 1 38.019 -18.427 1
1855 1 38.019 -18.427 1
1854 1 38.019 -18.427 1
802 1 43.884 -23.669 1
800 1 43.884 -23.669 1
799 1 43.884 -23.669 1
798 1 43.884 -23.669 1
-1 0 -3.638 16.114 D
5237 1 19.0 130.56748962402344 20 500 21
0 0 -3.638 16.114 D
797 1 43.884 -23.669 1
796 1 43.884 -23.669 1
795 1 43.884 -23.669 1
794 1 43.884 -23.669 1
793 1 43.884 -23.669 1
792 1 43.884 -23.669 1
173 1 47.546 -20.782 1
172 1 47.546 -20.782 1
171 1 47.546 -20.782 1
169 1 47.546 -20.782 1
167 1 47.546 -20.782 1
166 1 47.546 -20.782 1
1877 1 38.019 -18.427 1
1876 1 38.019 -18.427 1
1875 1 38.019 -18.427 1
1874 1 38.019 -18.427 1
1872 1 38.019 -18.427 1
1871 1 38.019 -18.427 1
1870 1 38.019 -18.427 1
-1 0 -3.638 16.114 D
5238 2 39.0 233.54542541503906 40 500 41
0 0 -3.638 16.114 D
891 1 10.51 19.092 2
296 1 27.307 21.722 2
294 1 27.307 21.722 2
292 1 27.307 21.722 2
287 1 27.307 21.722 2
285 1 27.307 21.722 2
195 1 41.144 18.518 2
277 1 46.21 17.157 2
2115 1 49.2 20.63 2
2114 1 49.2 20.63 2
2113 1 49.2 20.63 2
2111 1 49.2 20.63 2
2110 1 49.2 20.63 2
2109 1 49.2 20.63 2
2107 1 49.2 20.63 2
2105 1 49.2 20.63 2
2104 1 49.2 20.63 2
2102 1 49.2 20.63 2
2101 1 49.2 20.63 2
2099 1 49.2 20.63 2
2146 1 56.927 15.271 2
2145 1 56.927 15.271 2
2144 1 56.927 15.271 2
2143 1 56.927 15.271 2
2142 1 56.927 15.271 2
1072 1 96.985 -19.165 2
1675 1 56.378 -25.14 2
1062 1 45.367 -8.905 2
1061 1 45.367 -8.905 2
1060 1 45.367 -8.905 2
1059 1 45.367 -8.905 2
1058 1 45.367 -8.905 2
1057 1 45.367 -8.905 2
1056 1 45.367 -8.905 2
1055 1 45.367 -8.905 2
1053 1 45.367 -8.905 2
1052 1 45.367 -8.905 2
787 1 9.686 7.294 2
773 1 9.686 7.294 2
-1 0 -3.638 16.114 D
5239 1 15.0 31.957555770874023 20 500 17
0 0 -3.638 16.114 D
790 1 9.686 7.294 1
789 1 9.686 7.294 1
788 1 9.686 7.294 1
786 1 9.686 7.294 1
785 1 9.686 7.294 1
784 1 9.686 7.294 1
783 1 9.686 7.294 1
782 1 9.686 7.294 1
781 1 9.686 7.294 1
780 1 9.686 7.294 1
779 1 9.686 7.294 1
778 1 9.686 7.294 1
777 1 9.686 7.294 1
776 1 9.686 7.294 1
775 1 9.686 7.294 1
-1 0 -3.638 16.114 D
5240 1 17.0 237.51255798339844 20 500 19
0 0 -3.638 16.114 D
1074 1 96.985 -19.165 1
1073 1 96.985 -19.165 1
1071 1 96.985 -19.165 1
1070 1 96.985 -19.165 1
1069 1 96.985 -19.165 1
1068 1 96.985 -19.165 1
1067 1 96.985 -19.165 1
1066 1 96.985 -19.165 1
1065 1 96.985 -19.165 1
1064 1 96.985 -19.165 1
1063 1 96.985 -19.165 1
586 1 70.361 27.753 1
585 1 70.361 27.753 1
584 1 70.361 27.753 1
583 1 70.361 27.753 1
2195 1 46.558 15.57 1
2194 1 46.558 15.57 1
-1 0 -3.638 16.114 D
5242 1 18.0 81.058837890625 20 500 20
0 0 -3.638 16.114 D
2607 1 27.057 8.679 1
2606 1 27.057 8.679 1
2605 1 27.057 8.679 1
2604 1 27.057 8.679 1
2603 1 27.057 8.679 1
2602 1 27.057 8.679 1
2601 1 27.057 8.679 1
2600 1 27.057 8.679 1
2599 1 27.057 8.679 1
2598 1 27.057 8.679 1
1972 1 34.998 16.058 1
1971 1 34.998 16.058 1
1970 1 34.998 16.058 1
1969 1 34.998 16.058 1
1968 1 34.998 16.058 1
1967 1 34.998 16.058 1
1966 1 34.998 16.058 1
1965 1 34.998 16.058 1
-1 0 -3.638 16.114 D
5406 4 81.0 237.19374084472656 100 500 83
0 0 -3.638 16.114 D
1485 1 3.345 17.041 4
896 1 10.51 19.092 4
898 1 10.51 19.092 4
900 1 10.51 19.092 4
903 1 10.51 19.092 4
911 1 10.51 19.092 4
912 1 10.51 19.092 4
284 1 27.307 21.722 4
288 1 27.307 21.722 4
298 1 27.307 21.722 4
299 1 27.307 21.722 4
274 1 46.21 17.157 4
2280 1 48.181 22.577 4
2283 1 48.181 22.577 4
2284 1 48.181 22.577 4
2285 1 48.181 22.577 4
2286 1 48.181 22.577 4
2287 1 48.181 22.577 4
2288 1 48.181 22.577 4
2289 1 48.181 22.577 4
2290 1 48.181 22.577 4
2291 1 48.181 22.577 4
2292 1 48.181 22.577 4
2293 1 48.181 22.577 4
2294 1 48.181 22.577 4
2295 1 48.181 22.577 4
2296 1 48.181 22.577 4
2297 1 48.181 22.577 4
2299 1 48.181 22.577 4
2300 1 48.181 22.577 4
2098 1 49.2 20.63 4
2100 1 49.2 20.63 4
2103 1 49.2 20.63 4
2106 1 49.2 20.63 4
2108 1 49.2 20.63 4
2112 1 49.2 20.63 4
2141 1 56.927 15.271 4
1209 1 54.401 29.81 4
1212 1 54.401 29.81 4
1213 1 54.401 29.81 4
1216 1 54.401 29.81 4
1220 1 54.401 29.81 4
1223 1 54.401 29.81 4
582 1 70.361 27.753 4
411 1 78.394 64.496 4
2840 1 72.357 62.03 4
2841 1 72.357 62.03 4
2842 1 72.357 62.03 4
2843 1 72.357 62.03 4
2084 1 51.001 45.77 4
2088 1 51.001 45.77 4
2092 1 51.001 45.77 4
2756 1 33.752 32.294 4
2757 1 33.752 32.294 4
2758 1 33.752 32.294 4
2759 1 33.752 32.294 4
2760 1 33.752 32.294 4
2761 1 33.752 32.294 4
1442 1 32.77 29.266 4
1449 1 32.77 29.266 4
1284 1 14.471 14.288 4
1285 1 14.471 14.288 4
1286 1 14.471 14.288 4
1454 1 11.786 15.375 4
1455 1 11.786 15.375 4
1456 1 11.786 15.375 4
1457 1 11.786 15.375 4
1458 1 11.786 15.375 4
1460 1 11.786 15.375 4
1461 1 11.786 15.375 4
1463 1 11.786 15.375 4
1464 1 11.786 15.375 4
1465 1 11.786 15.375 4
1466 1 11.786 15.375 4
1467 1 11.786 15.375 4
1468 1 11.786 15.375 4
1469 1 11.786 15.375 4
1470 1 11.786 15.375 4
1471 1 11.786 15.375 4
1473 1 11.786 15.375 4
1474 1 11.786 15.375 4
-1 0 -3.638 16.114 D
