File: pr05 Num Depots: 1 Num Pick Up Points: 235 Num Trucks: 5Processing Time: 281 seconds
Total Demand = 3258.00| Total Distance = 16673.73| Total Travel Time = 12505.30| Total Cost = $4163.10|

Truck #5144 MaxCap: 20 Demand: 15.0 ROUTE:0 282 281 280 279 278 276 275 273 272 198 197 196 194 193 283 -1 
Truck #5145 MaxCap: 40 Demand: 39.0 ROUTE:0 1018 1017 1015 2265 2264 2262 2261 2260 2259 2258 2257 2256 2255 2254 2253 2252 2251 2250 2248 2246 2245 2244 2243 2242 2469 2468 2467 2466 303 302 301 300 297 295 293 291 290 289 286 -1 
Truck #5146 MaxCap: 60 Demand: 59.0 ROUTE:0 1557 1556 1555 1554 1553 1552 1551 1550 1549 1030 1029 1028 1026 1025 1022 1021 1020 1019 3253 3252 3251 1115 1114 1113 1112 1111 1110 1109 1107 1106 416 415 414 413 410 409 408 406 405 404 402 401 400 399 552 551 144 139 138 137 808 806 805 803 112 111 110 109 108 -1 
Truck #5147 MaxCap: 40 Demand: 19.0 ROUTE:0 1495 1494 1493 1492 1491 1490 1489 1488 1487 1486 1484 1483 1482 1481 1480 1479 1478 1477 1476 -1 
Truck #5148 MaxCap: 80 Demand: 79.0 ROUTE:0 2097 2096 2095 2094 2093 2091 2090 2089 2087 2086 2085 142 141 140 1382 1381 1380 1379 1378 1377 1376 1375 1374 1373 412 407 403 398 3258 3257 3256 3255 3254 1230 1229 1228 1227 1226 1225 1224 1222 1221 1219 1218 1217 1215 1214 1211 1210 1452 1451 1450 1448 1447 1446 1445 1444 1443 1441 1440 1439 915 914 913 910 909 908 907 906 905 904 902 901 899 897 895 894 893 892 -1 
Truck #5149 MaxCap: 120 Demand: 119.0 ROUTE:0 82 103 186 183 2457 2454 2453 2447 2444 2443 2442 396 394 389 388 560 553 1386 1384 1330 1329 1328 1327 1326 1323 1322 1321 1320 1319 1318 1317 1316 1315 70 68 63 59 1142 1141 1136 1135 1134 1133 1132 1131 1130 1129 1128 1127 1126 1124 1123 1122 1121 3207 3206 1598 1597 1596 1595 1594 1593 1592 1591 1590 1589 1588 1587 1586 1585 1584 1583 2028 2026 2025 2017 2016 421 1798 1797 1795 1793 1792 1791 1790 1789 136 1342 1339 1338 1335 1333 2233 2228 2223 2216 2015 2014 2013 2012 2011 2010 2007 2006 2005 2004 2003 2002 2001 2000 1999 1998 1994 1993 2033 2032 2031 2030 2029 -1 
Truck #5151 MaxCap: 100 Demand: 99.0 ROUTE:0 132 1796 1794 2696 2695 2694 2693 2692 2691 2690 2689 2688 2687 1140 1139 1138 1137 1125 1120 1325 1324 1385 1383 2846 2845 2844 563 556 143 936 934 933 932 931 929 928 927 926 925 924 923 922 921 920 918 917 916 1252 1251 1249 1248 1246 1245 1244 1243 1242 1241 1240 1239 1237 1236 1235 1234 1233 1232 1231 397 391 387 381 380 378 377 2735 2734 2733 2732 2731 2730 2729 2728 2727 2726 2725 2724 2723 2722 2721 2720 2719 2718 2717 2716 2715 2714 2713 2712 188 185 -1 
Truck #5152 MaxCap: 160 Demand: 159.0 ROUTE:0 742 741 740 547 2034 2009 2008 1997 1996 1995 524 522 521 518 1086 1085 1083 1082 1081 1079 2238 1600 1599 420 3167 3166 3165 3164 3163 3162 3161 3160 3159 3158 3157 3156 3155 3154 3153 3152 3151 3150 3149 3148 3147 3146 2711 2710 2709 2708 2707 2706 2705 2704 2703 2702 2701 2700 2699 2698 2697 698 691 690 685 683 682 3145 3144 3143 3142 3141 3140 3139 3138 3137 3136 3135 3134 3133 3132 3131 3130 2872 2871 2870 2869 2868 2867 2866 2865 2864 2863 2862 2861 2860 2859 2858 2405 2404 2403 2402 2401 2400 2399 2398 2581 2580 2579 2578 2577 2576 2575 2574 2573 2572 2571 2570 2569 2568 2567 2566 2565 2564 2686 2685 2684 2683 2682 2681 2680 2679 2678 2677 2676 2675 2674 2673 2672 2671 2670 2669 2668 207 200 3127 3126 3125 3124 3123 3122 579 568 2131 2124 2120 1188 1186 674 -1 
Truck #5153 MaxCap: 60 Demand: 59.0 ROUTE:0 2770 2769 2768 2767 2766 2765 2764 2763 2762 1027 1024 1023 1016 1108 2263 2249 2247 2987 2986 2985 2984 2983 2982 2981 2980 2979 2978 2977 2976 2975 2810 2809 2808 2807 2806 2805 2804 2803 2802 2801 2800 2799 2798 2797 2796 2795 2794 2793 2792 2791 2790 2789 2788 2787 2786 2301 2298 2282 2281 -1 
Truck #5154 MaxCap: 100 Demand: 87.0 ROUTE:0 3029 3028 3027 3026 3025 3024 3023 3022 3021 3020 3019 3018 3017 3016 2974 2973 2972 2971 2970 2969 2968 2967 2966 2965 2964 2963 2962 2961 2960 2959 2958 1084 1080 1650 1647 1643 1641 1639 1637 1635 1633 1539 1538 1955 1250 1247 1238 1006 935 930 919 807 804 2839 2838 2837 2836 2835 2834 2833 2832 2831 2830 2829 2828 2827 2826 2825 2824 2823 2822 2821 2785 2784 2783 2782 2781 2780 2779 2778 2777 2776 2775 2774 2773 2772 2771 -1 
Truck #5155 MaxCap: 160 Demand: 148.0 ROUTE:0 1119 1116 2337 1307 3232 3231 2188 2187 2179 2563 2562 2561 2560 2559 2558 2557 2556 2555 2554 2553 2552 2551 825 824 820 812 811 1992 1990 1989 1985 1933 1932 1849 1839 1836 1829 1826 1823 1820 1721 2548 2547 2546 2545 2544 2543 2542 2541 2540 2539 2538 2537 2536 2535 2534 2533 2532 2531 2530 2529 2528 2527 2526 888 880 868 1749 1745 1805 1804 3189 3188 3187 3186 3185 3184 3183 3182 3181 3180 3179 3178 3177 3176 3175 2397 2396 2632 2631 2630 2629 2628 2627 2626 2625 2624 2623 2622 2621 2620 2619 2618 2617 2616 2615 2614 2613 2612 2611 2610 2609 2608 3205 3204 3203 3202 3201 3200 3199 3198 3197 3196 3195 3194 3193 3192 3191 3190 3244 3243 3242 3241 3240 3239 3238 3237 3236 3235 3234 3233 3250 3249 3248 3247 3246 3245 1601 -1 
Truck #5156 MaxCap: 20 Demand: 19.0 ROUTE:0 2458 2456 2455 2452 2451 2450 2449 2448 2446 2445 2441 564 562 561 559 558 557 555 554 -1 
Truck #5157 MaxCap: 20 Demand: 19.0 ROUTE:0 1788 1787 1786 1785 395 393 392 390 386 385 384 383 382 379 376 375 374 2460 2459 -1 
Truck #5158 MaxCap: 20 Demand: 19.0 ROUTE:0 1880 1879 1878 62 61 60 58 75 74 73 72 71 69 67 66 65 64 1008 1007 -1 
Truck #5159 MaxCap: 20 Demand: 19.0 ROUTE:0 703 701 700 699 697 695 694 693 688 686 684 681 680 1014 1013 1012 1011 1010 1009 -1 
Truck #5160 MaxCap: 20 Demand: 19.0 ROUTE:0 107 106 105 104 102 101 1958 1957 1956 1954 1953 1952 1951 1950 1949 1948 1947 1946 192 -1 
Truck #5161 MaxCap: 20 Demand: 19.0 ROUTE:0 1353 1352 1351 134 133 131 130 129 1963 1962 1961 1960 1959 81 80 79 78 77 76 -1 
Truck #5162 MaxCap: 20 Demand: 19.0 ROUTE:0 1544 1543 1542 1541 1540 1537 1536 1535 1534 1533 1532 1531 1530 1529 1528 1527 1526 1525 135 -1 
Truck #5163 MaxCap: 20 Demand: 19.0 ROUTE:0 1350 1349 1348 1347 1346 1345 1344 1343 1341 1340 1337 1336 1334 1332 1331 1548 1547 1546 1545 -1 
Truck #5164 MaxCap: 20 Demand: 19.0 ROUTE:0 1945 1944 1943 587 2231 2230 2229 2227 2226 2225 2224 2222 2221 2220 2219 2218 2217 2215 2214 -1 
Truck #5165 MaxCap: 20 Demand: 19.0 ROUTE:0 549 548 546 2027 2024 2023 2022 2021 2020 2019 2018 423 422 419 418 417 2235 2234 2232 -1 
Truck #5166 MaxCap: 40 Demand: 39.0 ROUTE:0 748 747 745 737 736 354 538 531 528 525 2237 2236 692 689 687 679 3230 3229 3228 3227 3226 3225 3224 3223 3222 3221 3220 3219 3218 3217 3216 3215 3214 3213 3212 3211 3210 3209 3208 -1 
Truck #5167 MaxCap: 20 Demand: 19.0 ROUTE:0 353 352 351 519 1649 1648 1646 1645 1644 1642 1640 1638 1636 1634 1632 1631 1630 1629 550 -1 
Truck #5168 MaxCap: 20 Demand: 19.0 ROUTE:0 739 738 735 734 733 732 731 537 536 535 534 533 532 530 529 527 526 523 520 -1 
Truck #5169 MaxCap: 20 Demand: 19.0 ROUTE:0 191 190 189 187 184 182 181 180 179 178 177 176 175 751 750 749 746 744 743 -1 
Truck #5170 MaxCap: 40 Demand: 39.0 ROUTE:0 2130 2129 2128 2127 2126 2125 2123 2122 2121 2119 2118 2117 2116 1189 1187 1185 1184 1183 1182 1181 1180 1179 1178 570 569 566 1032 702 696 2820 2819 2818 2817 2816 2815 2814 2813 2812 2811 -1 
Truck #5171 MaxCap: 20 Demand: 19.0 ROUTE:0 1035 1034 1033 1031 578 577 576 575 574 573 572 571 567 565 673 672 671 670 669 -1 
Truck #5172 MaxCap: 20 Demand: 19.0 ROUTE:0 219 1051 1050 1049 1048 1047 1046 1045 1044 1043 1042 1040 1039 1038 1037 1036 1077 1076 1075 -1 
Truck #5173 MaxCap: 40 Demand: 39.0 ROUTE:0 2039 2036 2035 1816 1814 1813 1656 1653 2857 2856 2855 2854 2853 2852 2851 2850 2849 2848 2847 1078 221 220 211 208 205 203 1041 2193 855 854 852 851 850 849 848 763 761 760 119 -1 
Truck #5174 MaxCap: 20 Demand: 19.0 ROUTE:0 218 217 216 215 214 213 212 210 209 206 204 202 201 199 1660 1659 1658 1657 1655 -1 
Truck #5175 MaxCap: 20 Demand: 19.0 ROUTE:0 122 121 120 118 117 115 114 113 1815 2047 2046 2045 2044 2043 2042 2041 2040 2038 2037 -1 
Truck #5176 MaxCap: 20 Demand: 19.0 ROUTE:0 2639 2638 2637 2636 2635 2634 2633 1654 2650 2649 2648 2647 2646 2645 2644 2643 2642 2641 2640 -1 
Truck #5177 MaxCap: 60 Demand: 59.0 ROUTE:0 125 124 116 756 753 1841 1840 1838 1837 1835 1834 1833 1832 1831 1830 1828 1827 1825 1824 1822 1821 1819 1818 1817 865 862 860 853 847 2878 2877 2876 2875 2874 2873 995 991 989 986 3129 3128 2954 2953 2952 2951 2950 2949 2948 2947 2946 2945 2944 2943 2942 2941 2940 2939 2938 2937 -1 
Truck #5178 MaxCap: 20 Demand: 19.0 ROUTE:0 128 127 126 123 2519 2518 2517 2516 2515 2514 2513 2512 2511 2510 2509 2508 2507 2506 2505 -1 
Truck #5179 MaxCap: 20 Demand: 19.0 ROUTE:0 667 664 663 661 660 659 233 232 2525 2524 2523 2522 2521 2520 1606 1605 1604 1603 1602 -1 
Truck #5180 MaxCap: 40 Demand: 39.0 ROUTE:0 866 864 863 861 859 858 857 856 999 998 997 996 994 993 992 990 988 987 985 984 983 835 831 828 2213 2212 2210 2202 2201 2200 241 231 345 344 149 148 146 678 675 -1 
Truck #5181 MaxCap: 20 Demand: 19.0 ROUTE:0 349 348 347 346 342 341 340 339 338 244 243 242 240 239 238 237 236 235 234 -1 
Truck #5182 MaxCap: 60 Demand: 59.0 ROUTE:0 16 165 152 343 2957 2956 2955 1720 1719 1718 1717 1716 1715 264 252 251 2241 2240 2239 1417 1416 1415 1414 1413 1412 1411 1410 1409 1408 1407 1406 1405 1404 1403 1402 1401 1400 1399 1398 1397 1396 1395 1394 1393 1706 1702 666 1937 1936 1935 1934 1931 1930 1929 1928 1927 1926 1925 1924 -1 
Truck #5183 MaxCap: 20 Demand: 19.0 ROUTE:0 1853 1852 1851 1850 1848 1847 1846 1845 1844 1843 1842 2205 2204 2203 2199 2198 2197 2196 350 -1 
Truck #5184 MaxCap: 20 Demand: 19.0 ROUTE:0 752 2211 2209 2208 2207 2206 839 838 837 836 834 833 832 830 829 827 826 677 676 -1 
Truck #5185 MaxCap: 20 Demand: 19.0 ROUTE:0 162 161 160 159 157 156 155 154 153 151 147 145 846 845 844 843 842 841 840 -1 
Truck #5186 MaxCap: 40 Demand: 39.0 ROUTE:0 158 150 271 269 266 260 259 258 255 2902 2901 2900 2899 2898 2897 2896 2895 2894 2893 2892 2891 2890 2889 2888 2887 2886 2885 2884 2883 2882 2881 2880 2879 662 21 18 13 10 8 -1 
Truck #5187 MaxCap: 20 Demand: 19.0 ROUTE:0 5 4 3 2 1 270 268 267 265 263 262 261 257 256 254 253 250 164 163 -1 
Truck #5188 MaxCap: 20 Demand: 19.0 ROUTE:0 762 759 758 757 755 754 24 23 22 20 19 17 15 14 12 11 9 7 6 -1 
Truck #5189 MaxCap: 40 Demand: 39.0 ROUTE:0 2312 2311 2307 2305 2323 2322 2321 2320 2319 2318 2317 2316 2315 2313 97 1919 1917 1915 1908 1904 1714 1713 1712 1711 1710 1709 1708 1707 1705 1704 1703 1701 1700 1699 1698 1697 1696 665 730 -1 
Truck #5190 MaxCap: 20 Demand: 19.0 ROUTE:0 1921 1920 1918 1916 1914 1913 1912 1911 1910 1909 1907 1906 1905 1903 1902 1901 1900 1899 668 -1 
Truck #5191 MaxCap: 60 Demand: 59.0 ROUTE:0 360 356 1118 1117 1438 1652 1651 823 822 821 819 818 817 816 815 814 813 810 809 2158 1155 1149 1148 1147 1146 1145 1143 1002 1001 1000 2597 2596 2595 2594 2593 2592 2591 2590 2589 2588 2587 2586 2585 2584 2583 2582 1942 1941 1940 1939 1938 2314 438 430 727 723 598 591 1005 -1 
Truck #5192 MaxCap: 20 Demand: 19.0 ROUTE:0 95 94 93 92 91 90 89 88 87 86 85 84 1923 1922 729 728 726 725 724 -1 
Truck #5193 MaxCap: 20 Demand: 19.0 ROUTE:0 2310 2309 2308 2306 2304 2303 2302 100 99 98 96 1808 1807 1806 1803 1802 1801 1800 1799 -1 
Truck #5194 MaxCap: 40 Demand: 39.0 ROUTE:0 373 364 358 1103 1102 1101 2170 2169 2168 2167 2166 2165 2164 2163 2162 2161 2160 2159 2157 2156 2155 1154 1153 1152 1151 1150 1144 589 2326 2325 2324 440 436 767 601 596 592 1004 1003 -1 
Truck #5195 MaxCap: 20 Demand: 19.0 ROUTE:0 2498 2497 2496 2495 2494 2493 2492 2491 2490 2489 2488 2487 2486 2485 2484 1812 1811 1810 1809 -1 
Truck #5196 MaxCap: 20 Demand: 19.0 ROUTE:0 881 879 878 877 876 875 874 873 872 871 870 869 867 2504 2503 2502 2501 2500 2499 -1 
Truck #5197 MaxCap: 20 Demand: 19.0 ROUTE:0 1981 1980 1979 1978 1977 1976 1975 1974 1973 590 588 890 889 887 886 885 884 883 882 -1 
Truck #5198 MaxCap: 20 Demand: 19.0 ROUTE:0 607 606 605 604 603 602 600 599 597 595 594 593 1991 1988 1987 1986 1984 1983 1982 -1 
Truck #5199 MaxCap: 20 Demand: 19.0 ROUTE:0 2550 2549 369 368 367 366 365 363 362 361 359 357 355 613 612 611 610 609 608 -1 
Truck #5200 MaxCap: 20 Demand: 19.0 ROUTE:0 437 435 434 433 432 431 429 428 427 426 425 424 3074 3073 3072 3071 766 765 764 -1 
Truck #5201 MaxCap: 20 Demand: 19.0 ROUTE:0 3070 3069 3068 3067 3066 3065 3064 3063 3062 3061 3060 3059 3058 1750 1748 1747 1746 1744 439 -1 
Truck #5202 MaxCap: 20 Demand: 19.0 ROUTE:0 975 974 973 972 971 970 969 1314 1313 1312 1311 1310 1309 1308 1306 2903 372 371 370 -1 
Truck #5203 MaxCap: 60 Demand: 59.0 ROUTE:0 473 465 463 3076 3075 1302 1300 1293 1287 1177 1175 1174 1173 1172 1171 1170 1169 1167 1165 1163 1162 1161 1160 1159 1158 1157 1156 1100 2192 2191 2190 2189 2186 2185 2184 2183 2182 2181 2180 2178 2177 2176 2175 2174 2173 2172 2171 2339 2338 2336 2335 2334 2333 2332 2331 2330 2329 2328 2327 -1 
Truck #5204 MaxCap: 40 Demand: 39.0 ROUTE:0 477 469 460 1276 1274 1273 1272 1271 1270 1269 1266 1265 1263 1262 1261 1260 1258 1257 1256 1255 1254 1496 1305 1304 1303 1301 1299 1298 1297 1296 1295 1294 1292 1291 1290 1289 1288 1105 1104 -1 
Truck #5205 MaxCap: 60 Demand: 59.0 ROUTE:0 2153 2151 1204 1200 2415 1176 1168 1166 1164 1780 1777 1774 2387 2382 2425 2936 2935 2934 2933 2932 2931 2930 2929 2928 2927 2370 2366 2363 1371 1367 1363 1358 1356 2465 2464 2463 2462 2461 1099 1097 1095 1093 1091 2139 2134 2133 1695 1693 1692 1684 1682 1676 2058 2050 2049 2048 1736 1724 1723 -1 
Truck #5206 MaxCap: 20 Demand: 19.0 ROUTE:0 475 474 472 471 470 468 467 466 464 462 461 459 982 981 980 979 978 977 976 -1 
Truck #5207 MaxCap: 20 Demand: 19.0 ROUTE:0 2475 2474 2473 2472 2471 2470 516 515 513 511 510 484 483 482 481 480 479 478 476 -1 
Truck #5208 MaxCap: 60 Demand: 59.0 ROUTE:0 2437 2436 2432 2429 2393 2392 2391 2390 2389 2388 2386 2385 2384 2383 2381 2380 2379 2378 2377 2376 2375 2374 1504 1500 1499 1498 1784 1783 1782 1781 1779 1778 1776 1775 1773 1772 1771 1770 1769 1768 1767 1766 517 514 1275 1268 1267 1264 1259 1253 3080 3079 3078 3077 2414 2413 2412 2154 2152 -1 
Truck #5209 MaxCap: 40 Demand: 39.0 ROUTE:0 2411 2410 512 1508 1507 1506 1505 1503 1502 1501 1497 507 500 499 496 488 2440 2439 2438 2435 2434 2433 2431 2430 2428 2427 1432 1419 322 317 312 308 3105 3104 3103 3102 3101 3100 3099 -1 
Truck #5210 MaxCap: 20 Demand: 19.0 ROUTE:0 1201 1199 1198 1197 1196 1195 1194 1193 1192 1191 1190 2483 2482 2481 2480 2479 2478 2477 2476 -1 
Truck #5211 MaxCap: 20 Demand: 19.0 ROUTE:0 3006 3005 3004 3003 3002 3001 3000 2999 2998 2997 2996 2995 2994 1208 1207 1206 1205 1203 1202 -1 
Truck #5212 MaxCap: 20 Demand: 19.0 ROUTE:0 311 309 307 306 305 304 3015 3014 3013 3012 3011 3010 3009 3008 3007 2409 2408 2407 2406 -1 
Truck #5213 MaxCap: 60 Demand: 59.0 ROUTE:0 35 34 31 2909 2908 2907 2906 2905 2904 2140 2138 2137 2136 2135 2132 3121 3120 3119 3118 3117 3116 3115 3114 3113 3112 3111 1098 1096 1094 1092 1090 1089 1088 1087 2373 2372 2371 2369 2368 2367 2365 2364 2362 249 248 2350 2343 959 958 956 954 952 945 944 942 503 2395 2394 310 -1 
Truck #5214 MaxCap: 20 Demand: 19.0 ROUTE:0 491 490 489 487 486 485 509 508 506 505 504 502 501 498 497 495 494 493 492 -1 
Truck #5215 MaxCap: 20 Demand: 19.0 ROUTE:0 1429 1428 1427 1426 1425 1424 1423 1422 1421 1420 1418 321 320 319 318 316 315 314 313 -1 
Truck #5216 MaxCap: 20 Demand: 19.0 ROUTE:0 83 1368 1366 1365 1364 1362 1361 1360 1359 1357 1355 1354 1437 1436 1435 1434 1433 1431 1430 -1 
Truck #5217 MaxCap: 40 Demand: 39.0 ROUTE:0 3110 3109 3108 3107 3106 2275 2271 2667 2666 2665 2664 2663 2662 2661 2660 2659 2658 2657 2656 2655 2654 2653 2652 2651 2993 2992 2991 2990 2989 2988 617 947 946 943 941 940 939 938 937 -1 
Truck #5218 MaxCap: 20 Demand: 19.0 ROUTE:0 2055 2054 2053 2052 2051 247 245 623 622 621 620 619 618 616 615 614 1372 1370 1369 -1 
Truck #5219 MaxCap: 20 Demand: 19.0 ROUTE:0 2279 2278 2277 2276 2274 2273 2272 2270 2269 2268 2267 2266 228 227 226 225 224 223 222 -1 
Truck #5220 MaxCap: 40 Demand: 39.0 ROUTE:0 41 26 545 539 2351 2349 2348 2347 2346 2345 2344 2342 2341 2340 3052 3051 3050 3049 3048 3047 3046 3045 3044 3043 961 960 957 955 953 951 950 949 948 1582 1578 1569 1568 1562 1560 -1 
Truck #5221 MaxCap: 20 Demand: 19.0 ROUTE:0 1579 1577 1576 1575 1574 1573 1572 1571 1570 1567 1566 1565 1564 1563 1561 1559 1558 230 229 -1 
Truck #5222 MaxCap: 20 Demand: 19.0 ROUTE:0 42 40 39 38 37 36 33 32 30 29 28 27 25 543 542 541 540 1581 1580 -1 
Truck #5223 MaxCap: 20 Demand: 19.0 ROUTE:0 3174 3173 3172 3171 3170 3169 3168 1522 1521 1520 1517 1516 1515 1514 1513 1511 1510 1509 544 -1 
Truck #5224 MaxCap: 40 Demand: 39.0 ROUTE:0 337 336 334 329 1628 1618 1614 1611 246 1759 1758 1755 1754 1752 1751 2360 2359 2358 2357 2356 2355 2354 2353 2352 3057 3056 3055 3054 3053 714 708 704 1519 1518 1512 581 580 1389 1388 -1 
Truck #5225 MaxCap: 20 Demand: 19.0 ROUTE:0 1392 1391 1390 1387 1524 1523 719 718 717 716 715 713 712 711 710 709 707 706 705 -1 
Truck #5226 MaxCap: 20 Demand: 19.0 ROUTE:0 1625 1624 1623 1622 1621 1620 1619 1617 1616 1615 1613 1612 1610 1609 1608 1607 722 721 720 -1 
Truck #5227 MaxCap: 20 Demand: 19.0 ROUTE:0 968 967 966 965 964 963 962 1627 1626 335 333 332 331 330 327 326 325 324 323 -1 
Truck #5228 MaxCap: 60 Demand: 59.0 ROUTE:0 2926 2925 2924 2923 2922 2921 2920 2919 2918 2917 2916 2915 2914 2913 2912 2911 2910 3098 3097 3096 3095 3094 3093 3092 3091 3090 3089 3088 3087 3086 3085 3084 3083 3082 3081 2361 1765 1763 1761 1757 1756 1753 1694 1691 1690 1689 1688 1687 1686 1685 1683 1681 1680 1679 1678 1677 637 634 328 -1 
Truck #5229 MaxCap: 40 Demand: 39.0 ROUTE:0 1897 1891 1890 1884 1873 1868 174 168 1674 1672 1671 1670 1669 1668 1667 1665 1664 1663 1661 1764 1762 1760 56 49 47 45 44 43 455 447 444 643 635 628 624 658 657 655 652 -1 
Truck #5230 MaxCap: 20 Demand: 19.0 ROUTE:0 645 644 642 641 640 639 638 636 633 632 631 630 629 627 626 625 2059 2057 2056 -1 
Truck #5231 MaxCap: 20 Demand: 19.0 ROUTE:0 450 449 448 446 445 443 442 441 2426 2424 2423 2422 2421 2420 2419 2418 2417 2416 646 -1 
Truck #5232 MaxCap: 20 Demand: 19.0 ROUTE:0 1881 57 55 54 53 50 48 46 458 456 454 453 452 451 656 651 650 648 647 -1 
Truck #5233 MaxCap: 60 Demand: 59.0 ROUTE:0 1475 654 653 649 1742 1741 1740 1739 1737 1735 1734 1733 1732 1731 1730 1729 1728 1727 1726 1725 1722 457 170 52 51 1673 1666 1662 2083 2082 2080 2079 2078 2077 2075 2074 2072 2071 2070 2069 2068 2067 2066 2065 2064 2063 2062 2061 1054 2150 2149 2147 1283 1282 1281 1280 1279 1278 1277 -1 
Truck #5234 MaxCap: 60 Demand: 47.0 ROUTE:0 2148 1743 1738 2755 2754 2753 2752 2751 2750 2749 2748 2747 2746 2745 2744 2743 2742 2741 2740 2739 2738 2737 2736 801 791 3042 3041 3040 3039 3038 3037 3036 3035 3034 3033 3032 3031 3030 2081 2076 2073 2060 1964 1472 1462 1459 1453 -1 
Truck #5235 MaxCap: 20 Demand: 19.0 ROUTE:0 774 772 771 770 769 768 1898 1896 1895 1894 1893 1892 1889 1888 1887 1886 1885 1883 1882 -1 
Truck #5236 MaxCap: 20 Demand: 19.0 ROUTE:0 1869 1867 1866 1865 1864 1863 1862 1861 1860 1859 1858 1857 1856 1855 1854 802 800 799 798 -1 
Truck #5237 MaxCap: 20 Demand: 19.0 ROUTE:0 797 796 795 794 793 792 173 172 171 169 167 166 1877 1876 1875 1874 1872 1871 1870 -1 
Truck #5238 MaxCap: 40 Demand: 39.0 ROUTE:0 891 296 294 292 287 285 195 277 2115 2114 2113 2111 2110 2109 2107 2105 2104 2102 2101 2099 2146 2145 2144 2143 2142 1072 1675 1062 1061 1060 1059 1058 1057 1056 1055 1053 1052 787 773 -1 
Truck #5239 MaxCap: 20 Demand: 15.0 ROUTE:0 790 789 788 786 785 784 783 782 781 780 779 778 777 776 775 -1 
Truck #5240 MaxCap: 20 Demand: 17.0 ROUTE:0 1074 1073 1071 1070 1069 1068 1067 1066 1065 1064 1063 586 585 584 583 2195 2194 -1 
Truck #5242 MaxCap: 20 Demand: 18.0 ROUTE:0 2607 2606 2605 2604 2603 2602 2601 2600 2599 2598 1972 1971 1970 1969 1968 1967 1966 1965 -1 
Truck #5406 MaxCap: 100 Demand: 81.0 ROUTE:0 1485 896 898 900 903 911 912 284 288 298 299 274 2280 2283 2284 2285 2286 2287 2288 2289 2290 2291 2292 2293 2294 2295 2296 2297 2299 2300 2098 2100 2103 2106 2108 2112 2141 1209 1212 1213 1216 1220 1223 582 411 2840 2841 2842 2843 2084 2088 2092 2756 2757 2758 2759 2760 2761 1442 1449 1284 1285 1286 1454 1455 1456 1457 1458 1460 1461 1463 1464 1465 1466 1467 1468 1469 1470 1471 1473 1474 -1 


Inital Solution 0 changes  totQ=3258.00 totD=17945.28 $4233.28
Local One Opt 91 changes  totQ=3258.00 totD=17599.52 $4202.62
Local Two Opt 21 changes  totQ=3258.00 totD=17573.97 $4200.69
Local Three Opt 4 changes  totQ=3258.00 totD=17544.63 $4197.82
K-Two Forward 0 changes  totQ=3258.00 totD=17544.63 $4197.82
K-Two Reverse 0 changes  totQ=3258.00 totD=17544.63 $4197.82
K-Three Forward 0 changes  totQ=3258.00 totD=17544.63 $4197.82
K-Three Reverse 0 changes  totQ=3258.00 totD=17544.63 $4197.82
Exchange 01 6 changes  totQ=3258.00 totD=17369.07 $4193.29
Exchange 01 0 changes  totQ=3258.00 totD=17369.07 $4193.29
Exchange 11 14 changes  totQ=3258.00 totD=17010.94 $4184.85
Exchange 02 3 changes  totQ=3258.00 totD=16927.16 $4181.50
Exchange 20 0 changes  totQ=3258.00 totD=16927.16 $4181.50
Exchange 12 7 changes  totQ=3258.00 totD=16744.07 $4177.84
Exchange 21 0 changes  totQ=3258.00 totD=16744.07 $4177.84
Exchange 22 0 changes  totQ=3258.00 totD=16744.07 $4177.84
Combination 1 changes  totQ=3258.00 totD=16744.07 $4177.84
Reduction 0 changes  totQ=3258.00 totD=16673.73 $4163.10
Reallocation 0 changes  totQ=3258.00 totD=16673.73 $4163.10
Relax/Combine 0 changes  totQ=3258.00 totD=16673.73 $4163.10
Sharing 0 changes  totQ=3258.00 totD=16673.73 $4163.10
Relax/Share 0 changes  totQ=3258.00 totD=16673.73 $4163.10
