3724
1 1 1 -26.599 -50.415 1
2 1 1 -26.599 -50.415 1
3 1 1 -26.599 -50.415 1
4 4 1 -26.599 -50.415 1
5 1 1 -26.599 -50.415 1
6 1 1 -26.599 -50.415 1
7 1 1 -26.599 -50.415 1
8 1 1 -26.599 -50.415 1
9 1 1 -26.599 -50.415 1
10 4 1 32.99 -35.767 2
11 2 1 32.99 -35.767 2
12 1 1 32.99 -35.767 2
13 1 1 32.99 -35.767 2
14 1 1 32.99 -35.767 2
15 2 1 32.99 -35.767 2
16 1 1 32.99 -35.767 2
17 1 1 17.78 -14.044 3
18 1 1 17.78 -14.044 3
19 1 1 17.78 -14.044 3
20 2 1 17.78 -14.044 3
21 1 1 17.78 -14.044 3
22 1 1 17.78 -14.044 3
23 1 1 17.78 -14.044 3
24 1 1 17.78 -14.044 3
25 1 1 17.78 -14.044 3
26 1 1 17.78 -14.044 3
27 1 1 17.78 -14.044 3
28 2 1 17.78 -14.044 3
29 1 1 17.78 -14.044 3
30 1 1 17.78 -14.044 3
31 2 1 17.78 -14.044 3
32 1 1 17.78 -14.044 3
33 1 1 17.78 -14.044 3
34 1 1 17.78 -14.044 3
35 1 1 17.78 -14.044 3
36 4 1 17.78 -14.044 3
37 1 1 17.78 -14.044 3
38 4 1 17.78 -14.044 3
39 1 1 -19.708 -27.6 4
40 2 1 -19.708 -27.6 4
41 1 1 -19.708 -27.6 4
42 1 1 -19.708 -27.6 4
43 2 1 -19.708 -27.6 4
44 4 1 -19.708 -27.6 4
45 4 1 -19.708 -27.6 4
46 1 1 -19.708 -27.6 4
47 4 1 -19.708 -27.6 4
48 1 1 -19.708 -27.6 4
49 1 1 -19.708 -27.6 4
50 1 1 -19.708 -27.6 4
51 1 1 -19.708 -27.6 4
52 1 1 -19.708 -27.6 4
53 1 1 -19.708 -27.6 4
54 1 1 -19.708 -27.6 4
55 1 1 26.007 39.27 5
56 1 1 26.007 39.27 5
57 1 1 26.007 39.27 5
58 1 1 26.007 39.27 5
59 1 1 26.007 39.27 5
60 1 1 26.007 39.27 5
61 2 1 26.007 39.27 5
62 1 1 26.007 39.27 5
63 1 1 26.007 39.27 5
64 2 1 -4.315 -7.166 6
65 1 1 -4.315 -7.166 6
66 1 1 -4.315 -7.166 6
67 2 1 -4.315 -7.166 6
68 1 1 -4.315 -7.166 6
69 4 1 -14.636 -40.906 7
70 1 1 -14.636 -40.906 7
71 1 1 -14.636 -40.906 7
72 1 1 -14.636 -40.906 7
73 1 1 -14.636 -40.906 7
74 1 1 -14.636 -40.906 7
75 1 1 -14.636 -40.906 7
76 1 1 -14.636 -40.906 7
77 2 1 -14.636 -40.906 7
78 1 1 -14.636 -40.906 7
79 2 1 -14.636 -40.906 7
80 1 1 -14.636 -40.906 7
81 2 1 -14.636 -40.906 7
82 1 1 -14.636 -40.906 7
83 1 1 -14.636 -40.906 7
84 2 1 -14.636 -40.906 7
85 1 1 -14.636 -40.906 7
86 2 1 -14.636 -40.906 7
87 1 1 -14.636 -40.906 7
88 1 1 9.052 -28.381 8
89 1 1 9.052 -28.381 8
90 2 1 9.052 -28.381 8
91 1 1 9.052 -28.381 8
92 4 1 9.052 -28.381 8
93 1 1 9.052 -28.381 8
94 2 1 7.159 -19.171 9
95 1 1 7.159 -19.171 9
96 2 1 7.159 -19.171 9
97 1 1 7.159 -19.171 9
98 1 1 7.159 -19.171 9
99 1 1 7.159 -19.171 9
100 1 1 7.159 -19.171 9
101 2 1 7.159 -19.171 9
102 1 1 7.159 -19.171 9
103 2 1 7.159 -19.171 9
104 4 1 7.159 -19.171 9
105 1 1 7.159 -19.171 9
106 1 1 7.159 -19.171 9
107 2 1 7.159 -19.171 9
108 1 1 7.159 -19.171 9
109 1 1 7.159 -19.171 9
110 1 1 8.087 -60.339 10
111 1 1 8.087 -60.339 10
112 1 1 8.087 -60.339 10
113 1 1 8.087 -60.339 10
114 1 1 8.087 -60.339 10
115 1 1 8.087 -60.339 10
116 4 1 8.087 -60.339 10
117 1 1 8.087 -60.339 10
118 1 1 8.087 -60.339 10
119 2 1 8.087 -60.339 10
120 1 1 8.087 -60.339 10
121 1 1 8.087 -60.339 10
122 1 1 8.087 -60.339 10
123 1 1 8.087 -60.339 10
124 2 1 8.087 -60.339 10
125 1 1 8.087 -60.339 10
126 1 1 -51.52 45.697 11
127 1 1 -51.52 45.697 11
128 2 1 -51.52 45.697 11
129 1 1 -51.52 45.697 11
130 2 1 92.395 15.039 12
131 1 1 92.395 15.039 12
132 1 1 92.395 15.039 12
133 1 1 92.395 15.039 12
134 1 1 92.395 15.039 12
135 1 1 92.395 15.039 12
136 2 1 92.395 15.039 12
137 1 1 92.395 15.039 12
138 1 1 92.395 15.039 12
139 2 1 92.395 15.039 12
140 1 1 92.395 15.039 12
141 4 1 92.395 15.039 12
142 1 1 92.395 15.039 12
143 1 1 63.556 -13.025 13
144 1 1 63.556 -13.025 13
145 1 1 63.556 -13.025 13
146 1 1 63.556 -13.025 13
147 1 1 63.556 -13.025 13
148 1 1 63.556 -13.025 13
149 4 1 63.556 -13.025 13
150 1 1 63.556 -13.025 13
151 1 1 63.556 -13.025 13
152 2 1 63.556 -13.025 13
153 1 1 63.556 -13.025 13
154 1 1 63.556 -13.025 13
155 4 1 63.556 -13.025 13
156 1 1 63.556 -13.025 13
157 1 1 63.556 -13.025 13
158 2 1 25.714 -18.573 14
159 1 1 25.714 -18.573 14
160 2 1 25.714 -18.573 14
161 1 1 25.714 -18.573 14
162 1 1 25.714 -18.573 14
163 1 1 25.714 -18.573 14
164 2 1 25.714 -18.573 14
165 2 1 25.714 -18.573 14
166 2 1 25.714 -18.573 14
167 1 1 25.714 -18.573 14
168 1 1 25.714 -18.573 14
169 2 1 25.714 -18.573 14
170 4 1 25.714 -18.573 14
171 1 1 25.714 -18.573 14
172 1 1 25.714 -18.573 14
173 1 1 25.714 -18.573 14
174 1 1 25.714 -18.573 14
175 1 1 25.714 -18.573 14
176 1 1 25.714 -18.573 14
177 2 1 25.714 -18.573 14
178 2 1 25.714 -18.573 14
179 1 1 41.541 -26.318 15
180 1 1 41.541 -26.318 15
181 2 1 41.541 -26.318 15
182 2 1 41.541 -26.318 15
183 1 1 41.541 -26.318 15
184 1 1 41.541 -26.318 15
185 1 1 41.541 -26.318 15
186 1 1 0.0060 -73.206 16
187 1 1 0.0060 -73.206 16
188 2 1 0.0060 -73.206 16
189 2 1 0.0060 -73.206 16
190 1 1 0.0060 -73.206 16
191 1 1 0.0060 -73.206 16
192 1 1 0.0060 -73.206 16
193 4 1 0.0060 -73.206 16
194 2 1 0.0060 -73.206 16
195 1 1 0.0060 -73.206 16
196 1 1 0.0060 -73.206 16
197 1 1 0.0060 -73.206 16
198 1 1 -73.352 -46.521 17
199 1 1 -73.352 -46.521 17
200 1 1 -73.352 -46.521 17
201 1 1 -73.352 -46.521 17
202 1 1 -73.352 -46.521 17
203 2 1 -73.352 -46.521 17
204 4 1 -73.352 -46.521 17
205 1 1 -73.352 -46.521 17
206 1 1 -73.352 -46.521 17
207 1 1 -73.352 -46.521 17
208 2 1 -73.352 -46.521 17
209 1 1 -73.352 -46.521 17
210 1 1 -73.352 -46.521 17
211 1 1 -73.352 -46.521 17
212 1 1 -73.352 -46.521 17
213 1 1 -73.352 -46.521 17
214 1 1 -73.352 -46.521 17
215 1 1 -73.352 -46.521 17
216 1 1 -73.352 -46.521 17
217 1 1 -73.352 -46.521 17
218 2 1 -73.352 -46.521 17
219 2 1 -73.352 -46.521 17
220 1 1 -73.352 -46.521 17
221 1 1 -73.352 -46.521 17
222 1 1 -57.227 22.089 18
223 2 1 -57.227 22.089 18
224 1 1 -57.227 22.089 18
225 1 1 -57.227 22.089 18
226 1 1 -57.227 22.089 18
227 1 1 -57.227 22.089 18
228 1 1 -57.227 22.089 18
229 1 1 -57.227 22.089 18
230 1 1 -57.227 22.089 18
231 2 1 -57.227 22.089 18
232 2 1 -57.227 22.089 18
233 1 1 -57.227 22.089 18
234 1 1 -57.227 22.089 18
235 2 1 -57.227 22.089 18
236 2 1 -57.227 22.089 18
237 2 1 -18.372 -42.267 19
238 1 1 -18.372 -42.267 19
239 2 1 -18.372 -42.267 19
240 1 1 -18.372 -42.267 19
241 1 1 -18.372 -42.267 19
242 2 1 -18.372 -42.267 19
243 1 1 -18.372 -42.267 19
244 1 1 -18.372 -42.267 19
245 4 1 -18.372 -42.267 19
246 2 1 -18.372 -42.267 19
247 1 1 -18.372 -42.267 19
248 1 1 -18.372 -42.267 19
249 4 1 -18.372 -42.267 19
250 1 1 -18.372 -42.267 19
251 1 1 -18.372 -42.267 19
252 1 1 -18.372 -42.267 19
253 1 1 -18.372 -42.267 19
254 2 1 -18.372 -42.267 19
255 1 1 -18.372 -42.267 19
256 1 1 51.764 21.436 20
257 2 1 51.764 21.436 20
258 1 1 51.764 21.436 20
259 1 1 51.764 21.436 20
260 1 1 51.764 21.436 20
261 1 1 51.764 21.436 20
262 1 1 51.764 21.436 20
263 1 1 51.764 21.436 20
264 2 1 51.764 21.436 20
265 4 1 51.764 21.436 20
266 2 1 51.764 21.436 20
267 4 1 51.764 21.436 20
268 1 1 51.764 21.436 20
269 1 1 51.764 21.436 20
270 1 1 51.764 21.436 20
271 1 1 51.764 21.436 20
272 4 1 -70.996 -2.527 21
273 1 1 -70.996 -2.527 21
274 1 1 -70.996 -2.527 21
275 1 1 -70.996 -2.527 21
276 1 1 -70.996 -2.527 21
277 1 1 -70.996 -2.527 21
278 1 1 -70.996 -2.527 21
279 2 1 -70.996 -2.527 21
280 1 1 -70.996 -2.527 21
281 1 1 -70.996 -2.527 21
282 2 1 -70.996 -2.527 21
283 1 1 -70.996 -2.527 21
284 2 1 -70.996 -2.527 21
285 1 1 -70.996 -2.527 21
286 1 1 -70.996 -2.527 21
287 1 1 -70.996 -2.527 21
288 1 1 -70.996 -2.527 21
289 1 1 -70.996 -2.527 21
290 2 1 24.939 35.095 22
291 1 1 24.939 35.095 22
292 1 1 24.939 35.095 22
293 2 1 24.939 35.095 22
294 1 1 24.939 35.095 22
295 1 1 24.939 35.095 22
296 1 1 24.939 35.095 22
297 1 1 24.939 35.095 22
298 1 1 24.939 35.095 22
299 1 1 24.939 35.095 22
300 1 1 24.939 35.095 22
301 2 1 24.939 35.095 22
302 1 1 24.939 35.095 22
303 4 1 24.939 35.095 22
304 2 1 24.939 35.095 22
305 1 1 24.939 35.095 22
306 2 1 24.939 35.095 22
307 1 1 24.939 35.095 22
308 1 1 24.939 35.095 22
309 4 1 24.939 35.095 22
310 1 1 24.939 35.095 22
311 1 1 24.939 35.095 22
312 2 1 24.939 35.095 22
313 4 1 15.253 -34.937 23
314 1 1 15.253 -34.937 23
315 1 1 15.253 -34.937 23
316 1 1 31.091 28.845 24
317 1 1 31.091 28.845 24
318 1 1 31.091 28.845 24
319 2 1 31.091 28.845 24
320 1 1 31.091 28.845 24
321 1 1 31.091 28.845 24
322 1 1 16.437 -20.74 25
323 2 1 16.437 -20.74 25
324 1 1 16.437 -20.74 25
325 1 1 16.437 -20.74 25
326 1 1 16.437 -20.74 25
327 2 1 16.437 -20.74 25
328 1 1 16.437 -20.74 25
329 1 1 16.437 -20.74 25
330 1 1 16.437 -20.74 25
331 4 1 16.437 -20.74 25
332 1 1 16.437 -20.74 25
333 1 1 16.437 -20.74 25
334 1 1 16.437 -20.74 25
335 1 1 16.437 -20.74 25
336 1 1 16.437 -20.74 25
337 1 1 16.437 -20.74 25
338 1 1 16.437 -20.74 25
339 1 1 16.437 -20.74 25
340 1 1 16.437 -20.74 25
341 1 1 16.437 -20.74 25
342 2 1 59.692 40.546 26
343 4 1 59.692 40.546 26
344 1 1 59.692 40.546 26
345 2 1 59.692 40.546 26
346 1 1 59.692 40.546 26
347 1 1 59.692 40.546 26
348 1 1 59.692 40.546 26
349 2 1 59.692 40.546 26
350 1 1 59.692 40.546 26
351 1 1 59.692 40.546 26
352 1 1 59.692 40.546 26
353 1 1 59.692 40.546 26
354 1 1 59.692 40.546 26
355 1 1 59.692 40.546 26
356 2 1 -15.936 78.101 27
357 2 1 -15.936 78.101 27
358 2 1 -15.936 78.101 27
359 4 1 -15.936 78.101 27
360 1 1 -15.936 78.101 27
361 1 1 -15.936 78.101 27
362 1 1 -15.936 78.101 27
363 2 1 -15.936 78.101 27
364 1 1 -15.936 78.101 27
365 2 1 -15.936 78.101 27
366 1 1 -15.936 78.101 27
367 1 1 -15.936 78.101 27
368 2 1 -15.936 78.101 27
369 1 1 -15.936 78.101 27
370 1 1 -15.936 78.101 27
371 4 1 -15.936 78.101 27
372 1 1 -15.936 78.101 27
373 1 1 -15.936 78.101 27
374 1 1 -15.936 78.101 27
375 1 1 -15.936 78.101 27
376 1 1 -15.936 78.101 27
377 1 1 -15.936 78.101 27
378 1 1 -15.936 78.101 27
379 1 1 -15.936 78.101 27
380 1 1 -4.236 -52.222 28
381 1 1 -4.236 -52.222 28
382 1 1 -4.236 -52.222 28
383 1 1 -4.236 -52.222 28
384 1 1 -4.236 -52.222 28
385 1 1 -4.236 -52.222 28
386 2 1 -4.236 -52.222 28
387 4 1 -4.236 -52.222 28
388 1 1 9.247 -14.722 29
389 1 1 9.247 -14.722 29
390 1 1 9.247 -14.722 29
391 4 1 9.247 -14.722 29
392 2 1 9.247 -14.722 29
393 2 1 9.247 -14.722 29
394 1 1 9.247 -14.722 29
395 2 1 9.247 -14.722 29
396 2 1 11.462 -10.034 30
397 1 1 11.462 -10.034 30
398 1 1 11.462 -10.034 30
399 4 1 11.462 -10.034 30
400 1 1 11.462 -10.034 30
401 1 1 11.462 -10.034 30
402 1 1 11.462 -10.034 30
403 1 1 11.462 -10.034 30
404 1 1 11.462 -10.034 30
405 1 1 11.462 -10.034 30
406 1 1 11.462 -10.034 30
407 1 1 11.462 -10.034 30
408 1 1 11.462 -10.034 30
409 1 1 11.462 -10.034 30
410 1 1 11.462 -10.034 30
411 1 1 11.462 -10.034 30
412 1 1 11.462 -10.034 30
413 1 1 11.462 -10.034 30
414 1 1 11.462 -10.034 30
415 1 1 11.462 -10.034 30
416 1 1 11.462 -10.034 30
417 1 1 11.462 -10.034 30
418 2 1 11.462 -10.034 30
419 1 1 11.462 -10.034 30
420 1 1 11.462 -10.034 30
421 1 1 70.282 53.497 31
422 1 1 70.282 53.497 31
423 1 1 70.282 53.497 31
424 1 1 70.282 53.497 31
425 1 1 70.282 53.497 31
426 1 1 70.282 53.497 31
427 1 1 70.282 53.497 31
428 1 1 70.282 53.497 31
429 4 1 70.282 53.497 31
430 1 1 70.282 53.497 31
431 1 1 70.282 53.497 31
432 1 1 70.282 53.497 31
433 1 1 70.282 53.497 31
434 1 1 70.282 53.497 31
435 1 1 70.282 53.497 31
436 1 1 70.282 53.497 31
437 4 1 70.282 53.497 31
438 2 1 70.282 53.497 31
439 1 1 70.282 53.497 31
440 1 1 70.282 53.497 31
441 1 1 70.282 53.497 31
442 1 1 70.282 53.497 31
443 1 1 70.282 53.497 31
444 4 1 39.526 -49.115 32
445 1 1 89.606 30.585 33
446 1 1 89.606 30.585 33
447 1 1 89.606 30.585 33
448 1 1 89.606 30.585 33
449 1 1 89.606 30.585 33
450 1 1 60.895 -60.4 34
451 1 1 60.895 -60.4 34
452 1 1 60.895 -60.4 34
453 1 1 60.895 -60.4 34
454 2 1 60.895 -60.4 34
455 1 1 60.895 -60.4 34
456 2 1 60.895 -60.4 34
457 2 1 60.895 -60.4 34
458 1 1 60.895 -60.4 34
459 4 1 60.895 -60.4 34
460 1 1 60.895 -60.4 34
461 2 1 60.895 -60.4 34
462 4 1 60.895 -60.4 34
463 1 1 60.895 -60.4 34
464 4 1 60.895 -60.4 34
465 1 1 60.895 -60.4 34
466 1 1 60.895 -60.4 34
467 1 1 60.895 -60.4 34
468 2 1 60.895 -60.4 34
469 1 1 60.895 -60.4 34
470 1 1 43.652 53.912 35
471 2 1 43.652 53.912 35
472 1 1 43.652 53.912 35
473 2 1 43.652 53.912 35
474 4 1 43.652 53.912 35
475 1 1 43.652 53.912 35
476 1 1 43.652 53.912 35
477 2 1 43.652 53.912 35
478 4 1 43.652 53.912 35
479 1 1 43.652 53.912 35
480 1 1 43.652 53.912 35
481 1 1 43.652 53.912 35
482 4 1 43.652 53.912 35
483 2 1 43.652 53.912 35
484 2 1 43.652 53.912 35
485 2 1 43.652 53.912 35
486 1 1 43.652 53.912 35
487 1 1 43.652 53.912 35
488 2 1 43.652 53.912 35
489 1 1 43.652 53.912 35
490 1 1 3.68 4.504 36
491 1 1 3.68 4.504 36
492 2 1 3.68 4.504 36
493 2 1 3.68 4.504 36
494 2 1 3.68 4.504 36
495 2 1 3.68 4.504 36
496 1 1 3.68 4.504 36
497 1 1 3.68 4.504 36
498 4 1 3.68 4.504 36
499 1 1 3.68 4.504 36
500 1 1 3.68 4.504 36
501 1 1 3.68 4.504 36
502 1 1 3.68 4.504 36
503 1 1 3.68 4.504 36
504 1 1 3.68 4.504 36
505 4 1 32.336 -40.875 37
506 1 1 32.336 -40.875 37
507 1 1 32.336 -40.875 37
508 4 1 32.336 -40.875 37
509 1 1 32.336 -40.875 37
510 1 1 32.336 -40.875 37
511 2 1 32.336 -40.875 37
512 1 1 32.336 -40.875 37
513 4 1 32.336 -40.875 37
514 1 1 32.336 -40.875 37
515 1 1 32.336 -40.875 37
516 1 1 32.336 -40.875 37
517 1 1 54.791 0.61 38
518 1 1 54.791 0.61 38
519 4 1 54.791 0.61 38
520 2 1 54.791 0.61 38
521 1 1 54.791 0.61 38
522 1 1 54.791 0.61 38
523 1 1 54.791 0.61 38
524 1 1 54.791 0.61 38
525 2 1 54.791 0.61 38
526 1 1 54.791 0.61 38
527 1 1 54.791 0.61 38
528 1 1 54.791 0.61 38
529 1 1 54.791 0.61 38
530 1 1 54.791 0.61 38
531 2 1 54.791 0.61 38
532 1 1 54.791 0.61 38
533 1 1 54.791 0.61 38
534 1 1 54.791 0.61 38
535 4 1 54.791 0.61 38
536 1 1 54.791 0.61 38
537 1 1 54.791 0.61 38
538 1 1 80.487 -64.923 39
539 1 1 80.487 -64.923 39
540 1 1 80.487 -64.923 39
541 1 1 80.487 -64.923 39
542 2 1 80.487 -64.923 39
543 1 1 80.487 -64.923 39
544 1 1 80.487 -64.923 39
545 1 1 80.487 -64.923 39
546 1 1 80.487 -64.923 39
547 1 1 80.487 -64.923 39
548 1 1 80.487 -64.923 39
549 1 1 80.487 -64.923 39
550 1 1 80.487 -64.923 39
551 1 1 80.487 -64.923 39
552 1 1 80.487 -64.923 39
553 1 1 80.487 -64.923 39
554 1 1 80.487 -64.923 39
555 1 1 80.487 -64.923 39
556 1 1 80.487 -64.923 39
557 1 1 50.25 -47.65 40
558 1 1 50.25 -47.65 40
559 2 1 50.25 -47.65 40
560 1 1 50.25 -47.65 40
561 1 1 50.25 -47.65 40
562 1 1 50.25 -47.65 40
563 1 1 50.25 -47.65 40
564 1 1 50.25 -47.65 40
565 1 1 50.25 -47.65 40
566 2 1 50.25 -47.65 40
567 1 1 50.25 -47.65 40
568 1 1 50.25 -47.65 40
569 1 1 50.25 -47.65 40
570 4 1 50.25 -47.65 40
571 4 1 50.25 -47.65 40
572 2 1 50.25 -47.65 40
573 2 1 50.25 -47.65 40
574 1 1 50.25 -47.65 40
575 1 1 50.25 -47.65 40
576 2 1 50.25 -47.65 40
577 1 1 50.25 -47.65 40
578 1 1 50.25 -47.65 40
579 1 1 50.25 -47.65 40
580 1 1 50.25 -47.65 40
581 1 1 45.404 10.706 41
582 1 1 45.404 10.706 41
583 1 1 45.404 10.706 41
584 1 1 45.404 10.706 41
585 4 1 45.404 10.706 41
586 1 1 45.404 10.706 41
587 1 1 45.404 10.706 41
588 1 1 45.404 10.706 41
589 4 1 45.404 10.706 41
590 1 1 45.404 10.706 41
591 2 1 45.404 10.706 41
592 1 1 45.404 10.706 41
593 1 1 45.404 10.706 41
594 2 1 45.404 10.706 41
595 1 1 45.404 10.706 41
596 1 1 45.404 10.706 41
597 1 1 48.932 82.941 42
598 1 1 48.932 82.941 42
599 1 1 41.4 -20.111 43
600 1 1 41.4 -20.111 43
601 1 1 41.4 -20.111 43
602 1 1 41.4 -20.111 43
603 1 1 41.4 -20.111 43
604 1 1 41.4 -20.111 43
605 1 1 41.4 -20.111 43
606 1 1 41.4 -20.111 43
607 1 1 41.4 -20.111 43
608 1 1 41.4 -20.111 43
609 1 1 41.4 -20.111 43
610 1 1 41.4 -20.111 43
611 1 1 41.4 -20.111 43
612 1 1 41.4 -20.111 43
613 1 1 41.4 -20.111 43
614 1 1 41.4 -20.111 43
615 1 1 41.4 -20.111 43
616 1 1 41.4 -20.111 43
617 1 1 41.4 -20.111 43
618 2 1 41.4 -20.111 43
619 2 1 41.4 -20.111 43
620 1 1 41.4 -20.111 43
621 1 1 41.4 -20.111 43
622 1 1 41.4 -20.111 43
623 1 1 45.239 -71.399 44
624 4 1 45.239 -71.399 44
625 1 1 29.498 -18.292 45
626 2 1 29.498 -18.292 45
627 1 1 29.498 -18.292 45
628 1 1 29.498 -18.292 45
629 1 1 29.498 -18.292 45
630 2 1 29.498 -18.292 45
631 2 1 29.498 -18.292 45
632 2 1 29.498 -18.292 45
633 1 1 29.498 -18.292 45
634 1 1 29.498 -18.292 45
635 1 1 54.62 -30.09 46
636 1 1 54.62 -30.09 46
637 1 1 54.62 -30.09 46
638 1 1 54.62 -30.09 46
639 2 1 54.62 -30.09 46
640 1 1 54.62 -30.09 46
641 4 1 54.62 -30.09 46
642 4 1 54.62 -30.09 46
643 2 1 54.62 -30.09 46
644 1 1 54.62 -30.09 46
645 2 1 54.62 -30.09 46
646 1 1 54.62 -30.09 46
647 1 1 54.62 -30.09 46
648 4 1 54.62 -30.09 46
649 1 1 54.62 -30.09 46
650 1 1 54.62 -30.09 46
651 1 1 54.62 -30.09 46
652 1 1 54.62 -30.09 46
653 4 1 54.62 -30.09 46
654 4 1 54.62 -30.09 46
655 1 1 54.62 -30.09 46
656 4 1 -17.743 9.668 47
657 2 1 -17.743 9.668 47
658 1 1 -17.743 9.668 47
659 1 1 -17.743 9.668 47
660 1 1 -17.743 9.668 47
661 1 1 -17.743 9.668 47
662 1 1 -17.743 9.668 47
663 1 1 -17.743 9.668 47
664 1 1 -17.743 9.668 47
665 2 1 -17.743 9.668 47
666 1 1 -17.743 9.668 47
667 2 1 -17.743 9.668 47
668 1 1 -17.743 9.668 47
669 2 1 -17.743 9.668 47
670 1 1 -17.743 9.668 47
671 1 1 -17.743 9.668 47
672 1 1 -17.743 9.668 47
673 1 1 -17.743 9.668 47
674 1 1 -17.743 9.668 47
675 2 1 54.169 13.745 48
676 1 1 54.169 13.745 48
677 1 1 54.169 13.745 48
678 1 1 54.169 13.745 48
679 1 1 54.169 13.745 48
680 1 1 54.169 13.745 48
681 1 1 54.169 13.745 48
682 2 1 54.169 13.745 48
683 1 1 54.169 13.745 48
684 1 1 54.169 13.745 48
685 1 1 54.169 13.745 48
686 2 1 21.466 17.517 49
687 1 1 21.466 17.517 49
688 1 1 21.466 17.517 49
689 4 1 21.466 17.517 49
690 2 1 21.466 17.517 49
691 1 1 21.466 17.517 49
692 1 1 21.466 17.517 49
693 1 1 21.466 17.517 49
694 1 1 21.466 17.517 49
695 2 1 21.466 17.517 49
696 1 1 21.466 17.517 49
697 1 1 21.466 17.517 49
698 1 1 21.466 17.517 49
699 1 1 21.466 17.517 49
700 1 1 21.466 17.517 49
701 1 1 21.466 17.517 49
702 2 1 21.466 17.517 49
703 2 1 21.466 17.517 49
704 1 1 40.173 15.912 50
705 1 1 40.173 15.912 50
706 1 1 40.173 15.912 50
707 1 1 40.173 15.912 50
708 1 1 40.173 15.912 50
709 1 1 40.173 15.912 50
710 1 1 70.599 -53.308 51
711 1 1 70.599 -53.308 51
712 2 1 70.599 -53.308 51
713 2 1 70.599 -53.308 51
714 1 1 68.982 55.853 52
715 1 1 68.982 55.853 52
716 1 1 68.982 55.853 52
717 1 1 68.982 55.853 52
718 1 1 68.982 55.853 52
719 1 1 68.982 55.853 52
720 1 1 68.982 55.853 52
721 1 1 68.982 55.853 52
722 1 1 68.982 55.853 52
723 4 1 68.982 55.853 52
724 1 1 68.982 55.853 52
725 1 1 68.982 55.853 52
726 1 1 68.982 55.853 52
727 1 1 68.982 55.853 52
728 1 1 68.982 55.853 52
729 2 1 68.982 55.853 52
730 2 1 68.982 55.853 52
731 1 1 68.982 55.853 52
732 4 1 68.982 55.853 52
733 1 1 68.982 55.853 52
734 1 1 68.982 55.853 52
735 1 1 36.151 45.081 53
736 1 1 36.151 45.081 53
737 4 1 36.151 45.081 53
738 1 1 36.151 45.081 53
739 1 1 36.151 45.081 53
740 1 1 36.151 45.081 53
741 2 1 36.151 45.081 53
742 1 1 36.151 45.081 53
743 2 1 36.151 45.081 53
744 1 1 36.151 45.081 53
745 1 1 36.151 45.081 53
746 1 1 36.151 45.081 53
747 1 1 36.151 45.081 53
748 1 1 36.151 45.081 53
749 1 1 36.151 45.081 53
750 1 1 45.02 -56.799 54
751 4 1 45.02 -56.799 54
752 2 1 45.02 -56.799 54
753 1 1 45.02 -56.799 54
754 1 1 45.02 -56.799 54
755 1 1 45.02 -56.799 54
756 1 1 45.02 -56.799 54
757 1 1 45.02 -56.799 54
758 1 1 45.02 -56.799 54
759 1 1 45.02 -56.799 54
760 1 1 45.02 -56.799 54
761 1 1 45.02 -56.799 54
762 1 1 -13.617 -37.646 55
763 1 1 -13.617 -37.646 55
764 1 1 -13.617 -37.646 55
765 1 1 -13.617 -37.646 55
766 1 1 -13.617 -37.646 55
767 1 1 -13.617 -37.646 55
768 1 1 -13.617 -37.646 55
769 1 1 -13.617 -37.646 55
770 1 1 -13.617 -37.646 55
771 1 1 -13.617 -37.646 55
772 1 1 -13.617 -37.646 55
773 1 1 -13.617 -37.646 55
774 1 1 -13.617 -37.646 55
775 1 1 -13.617 -37.646 55
776 1 1 -13.617 -37.646 55
777 4 1 -13.617 -37.646 55
778 2 1 -13.617 -37.646 55
779 1 1 -13.617 -37.646 55
780 1 1 -13.617 -37.646 55
781 2 1 -13.617 -37.646 55
782 2 1 -13.617 -37.646 55
783 1 1 -13.617 -37.646 55
784 1 1 -20.007 -70.49 56
785 2 1 -20.007 -70.49 56
786 1 1 -20.007 -70.49 56
787 1 1 -37.952 15.259 57
788 1 1 -37.952 15.259 57
789 1 1 -37.952 15.259 57
790 1 1 -37.952 15.259 57
791 2 1 -37.952 15.259 57
792 1 1 -37.952 15.259 57
793 1 1 -37.952 15.259 57
794 4 1 -37.952 15.259 57
795 4 1 -37.952 15.259 57
796 2 1 -37.952 15.259 57
797 1 1 -37.952 15.259 57
798 1 1 -37.952 15.259 57
799 2 1 -37.952 15.259 57
800 4 1 -37.952 15.259 57
801 1 1 -37.952 15.259 57
802 1 1 -37.952 15.259 57
803 1 1 -37.952 15.259 57
804 2 1 -37.952 15.259 57
805 1 1 -37.952 15.259 57
806 1 1 43.982 54.73 58
807 1 1 43.982 54.73 58
808 1 1 43.982 54.73 58
809 1 1 43.982 54.73 58
810 2 1 43.982 54.73 58
811 4 1 43.982 54.73 58
812 2 1 43.982 54.73 58
813 1 1 43.982 54.73 58
814 1 1 43.982 54.73 58
815 1 1 43.982 54.73 58
816 1 1 43.982 54.73 58
817 1 1 43.982 54.73 58
818 2 1 43.982 54.73 58
819 2 1 43.982 54.73 58
820 1 1 -2.063 -55.255 59
821 4 1 -2.063 -55.255 59
822 1 1 -2.063 -55.255 59
823 1 1 -2.063 -55.255 59
824 2 1 -2.063 -55.255 59
825 1 1 -2.063 -55.255 59
826 1 1 -2.063 -55.255 59
827 2 1 -2.063 -55.255 59
828 1 1 -2.063 -55.255 59
829 1 1 -2.063 -55.255 59
830 1 1 -2.063 -55.255 59
831 1 1 -2.063 -55.255 59
832 2 1 -2.063 -55.255 59
833 1 1 -2.063 -55.255 59
834 1 1 -2.063 -55.255 59
835 1 1 -2.063 -55.255 59
836 2 1 -2.063 -55.255 59
837 1 1 -2.063 -55.255 59
838 1 1 -2.063 -55.255 59
839 4 1 -2.063 -55.255 59
840 1 1 -2.063 -55.255 59
841 2 1 95.447 -10.864 60
842 1 1 95.447 -10.864 60
843 1 1 95.447 -10.864 60
844 1 1 95.447 -10.864 60
845 2 1 95.447 -10.864 60
846 1 1 95.447 -10.864 60
847 1 1 95.447 -10.864 60
848 1 1 95.447 -10.864 60
849 1 1 95.447 -10.864 60
850 1 1 95.447 -10.864 60
851 1 1 10.162 -29.303 61
852 1 1 10.162 -29.303 61
853 1 1 10.162 -29.303 61
854 4 1 10.162 -29.303 61
855 2 1 10.162 -29.303 61
856 1 1 10.162 -29.303 61
857 1 1 38.794 -1.343 62
858 1 1 38.794 -1.343 62
859 1 1 38.794 -1.343 62
860 1 1 38.794 -1.343 62
861 1 1 7.8 39.795 63
862 2 1 7.8 39.795 63
863 1 1 7.8 39.795 63
864 2 1 7.8 39.795 63
865 2 1 7.8 39.795 63
866 1 1 7.8 39.795 63
867 4 1 7.8 39.795 63
868 4 1 7.8 39.795 63
869 1 1 7.8 39.795 63
870 1 1 7.8 39.795 63
871 1 1 7.8 39.795 63
872 1 1 7.8 39.795 63
873 4 1 7.8 39.795 63
874 1 1 59.827 17.059 64
875 1 1 59.827 17.059 64
876 1 1 59.827 17.059 64
877 4 1 59.827 17.059 64
878 1 1 59.827 17.059 64
879 1 1 59.827 17.059 64
880 1 1 59.827 17.059 64
881 1 1 59.827 17.059 64
882 1 1 59.827 17.059 64
883 1 1 59.827 17.059 64
884 4 1 59.827 17.059 64
885 2 1 59.827 17.059 64
886 4 1 23.157 -3.613 65
887 1 1 23.157 -3.613 65
888 1 1 23.157 -3.613 65
889 1 1 23.157 -3.613 65
890 4 1 23.157 -3.613 65
891 1 1 23.157 -3.613 65
892 1 1 23.157 -3.613 65
893 1 1 23.157 -3.613 65
894 1 1 23.157 -3.613 65
895 2 1 23.157 -3.613 65
896 1 1 -18.689 -46.082 66
897 1 1 41.162 -55.701 67
898 4 1 41.162 -55.701 67
899 1 1 41.162 -55.701 67
900 4 1 41.162 -55.701 67
901 1 1 41.162 -55.701 67
902 1 1 -4.492 -65.601 68
903 1 1 -4.492 -65.601 68
904 2 1 -4.492 -65.601 68
905 4 1 -4.492 -65.601 68
906 4 1 -4.492 -65.601 68
907 1 1 -4.492 -65.601 68
908 1 1 -4.492 -65.601 68
909 2 1 -4.492 -65.601 68
910 1 1 -4.492 -65.601 68
911 1 1 -4.492 -65.601 68
912 1 1 -4.492 -65.601 68
913 1 1 -4.492 -65.601 68
914 2 1 -4.492 -65.601 68
915 1 1 -4.492 -65.601 68
916 1 1 -4.492 -65.601 68
917 1 1 -4.492 -65.601 68
918 2 1 -4.492 -65.601 68
919 1 1 -22.009 -24.548 69
920 2 1 -22.009 -24.548 69
921 2 1 -22.009 -24.548 69
922 1 1 -22.009 -24.548 69
923 1 1 -22.009 -24.548 69
924 1 1 -22.009 -24.548 69
925 1 1 -22.009 -24.548 69
926 1 1 -22.009 -24.548 69
927 2 1 -22.009 -24.548 69
928 1 1 -22.009 -24.548 69
929 1 1 -22.009 -24.548 69
930 1 1 -22.009 -24.548 69
931 4 1 -22.009 -24.548 69
932 4 1 -22.009 -24.548 69
933 1 1 -22.009 -24.548 69
934 1 1 -22.009 -24.548 69
935 1 1 -22.009 -24.548 69
936 2 1 -22.009 -24.548 69
937 1 1 -22.009 -24.548 69
938 1 1 -22.009 -24.548 69
939 1 1 76.746 -10.284 70
940 1 1 76.746 -10.284 70
941 1 1 76.746 -10.284 70
942 1 1 76.746 -10.284 70
943 1 1 76.746 -10.284 70
944 1 1 76.746 -10.284 70
945 1 1 76.746 -10.284 70
946 2 1 76.746 -10.284 70
947 1 1 76.746 -10.284 70
948 1 1 76.746 -10.284 70
949 1 1 76.746 -10.284 70
950 1 1 76.746 -10.284 70
951 1 1 76.746 -10.284 70
952 1 1 76.746 -10.284 70
953 4 1 76.746 -10.284 70
954 1 1 76.746 -10.284 70
955 1 1 76.746 -10.284 70
956 1 1 76.746 -10.284 70
957 4 1 26.343 -10.15 71
958 4 1 26.343 -10.15 71
959 1 1 26.343 -10.15 71
960 1 1 26.343 -10.15 71
961 1 1 26.343 -10.15 71
962 1 1 26.343 -10.15 71
963 4 1 26.343 -10.15 71
964 1 1 26.343 -10.15 71
965 2 1 -13.879 -78.888 72
966 1 1 -13.879 -78.888 72
967 1 1 -13.879 -78.888 72
968 1 1 -13.879 -78.888 72
969 2 1 -13.879 -78.888 72
970 1 1 7.281 7.202 73
971 1 1 7.281 7.202 73
972 1 1 7.281 7.202 73
973 1 1 7.281 7.202 73
974 1 1 11.591 49.31 74
975 1 1 11.591 49.31 74
976 1 1 11.591 49.31 74
977 1 1 11.591 49.31 74
978 1 1 11.591 49.31 74
979 1 1 11.591 49.31 74
980 1 1 11.591 49.31 74
981 1 1 11.591 49.31 74
982 1 1 11.591 49.31 74
983 1 1 11.591 49.31 74
984 1 1 11.591 49.31 74
985 1 1 11.591 49.31 74
986 2 1 11.591 49.31 74
987 1 1 11.591 49.31 74
988 1 1 11.591 49.31 74
989 1 1 11.591 49.31 74
990 1 1 11.591 49.31 74
991 1 1 11.591 49.31 74
992 1 1 11.591 49.31 74
993 1 1 11.591 49.31 74
994 1 1 11.591 49.31 74
995 2 1 11.591 49.31 74
996 2 1 43.164 -1.636 75
997 2 1 43.164 -1.636 75
998 2 1 43.164 -1.636 75
999 2 1 43.164 -1.636 75
1000 2 1 43.164 -1.636 75
1001 2 1 43.164 -1.636 75
1002 2 1 43.164 -1.636 75
1003 2 1 43.164 -1.636 75
1004 2 1 43.164 -1.636 75
1005 2 1 43.164 -1.636 75
1006 2 1 43.164 -1.636 75
1007 2 1 43.164 -1.636 75
1008 2 1 43.164 -1.636 75
1009 2 1 43.164 -1.636 75
1010 2 1 43.164 -1.636 75
1011 2 1 43.164 -1.636 75
1012 2 1 43.164 -1.636 75
1013 4 1 43.164 -1.636 75
1014 2 1 43.164 -1.636 75
1015 2 1 38.544 64.191 76
1016 4 1 38.544 64.191 76
1017 2 1 38.544 64.191 76
1018 4 1 38.544 64.191 76
1019 2 1 38.544 64.191 76
1020 4 1 38.544 64.191 76
1021 2 1 38.544 64.191 76
1022 2 1 38.544 64.191 76
1023 2 1 38.544 64.191 76
1024 4 1 38.544 64.191 76
1025 2 1 38.544 64.191 76
1026 2 1 38.544 64.191 76
1027 2 1 38.544 64.191 76
1028 2 1 38.544 64.191 76
1029 2 1 38.544 64.191 76
1030 4 1 38.544 64.191 76
1031 2 1 38.544 64.191 76
1032 4 1 38.544 64.191 76
1033 2 1 38.544 64.191 76
1034 2 1 38.544 64.191 76
1035 4 1 38.544 64.191 76
1036 2 1 38.544 64.191 76
1037 2 1 38.544 64.191 76
1038 2 1 38.544 64.191 76
1039 1 1 -40.308 -56.445 77
1040 1 1 -40.308 -56.445 77
1041 1 1 -40.308 -56.445 77
1042 1 1 -40.308 -56.445 77
1043 1 1 -40.308 -56.445 77
1044 1 1 -40.308 -56.445 77
1045 1 1 -40.308 -56.445 77
1046 1 1 -40.308 -56.445 77
1047 2 1 -40.308 -56.445 77
1048 1 1 -40.308 -56.445 77
1049 1 1 -40.308 -56.445 77
1050 1 1 -40.308 -56.445 77
1051 1 1 -40.308 -56.445 77
1052 2 1 -40.308 -56.445 77
1053 2 1 -40.308 -56.445 77
1054 1 1 -40.308 -56.445 77
1055 1 1 -40.308 -56.445 77
1056 1 1 -40.308 -56.445 77
1057 1 1 -40.308 -56.445 77
1058 2 1 -40.308 -56.445 77
1059 1 1 -40.308 -56.445 77
1060 1 1 -40.308 -56.445 77
1061 1 1 -40.308 -56.445 77
1062 2 1 -40.308 -56.445 77
1063 8 1 6.757 47.29 78
1064 8 1 6.757 47.29 78
1065 1 1 6.757 47.29 78
1066 8 1 6.757 47.29 78
1067 1 1 6.757 47.29 78
1068 1 1 6.757 47.29 78
1069 8 1 6.757 47.29 78
1070 1 1 37.543 81.061 79
1071 1 1 37.543 81.061 79
1072 8 1 37.543 81.061 79
1073 1 1 37.543 81.061 79
1074 1 1 37.543 81.061 79
1075 1 1 37.543 81.061 79
1076 1 1 37.543 81.061 79
1077 1 1 37.543 81.061 79
1078 1 1 37.543 81.061 79
1079 1 1 37.543 81.061 79
1080 1 1 37.543 81.061 79
1081 1 1 37.543 81.061 79
1082 1 1 37.543 81.061 79
1083 1 1 37.543 81.061 79
1084 1 1 37.543 81.061 79
1085 1 1 37.543 81.061 79
1086 1 1 37.543 81.061 79
1087 1 1 37.543 81.061 79
1088 1 1 37.543 81.061 79
1089 1 1 37.543 81.061 79
1090 1 1 37.543 81.061 79
1091 1 1 37.543 81.061 79
1092 1 1 37.543 81.061 79
1093 1 1 37.543 81.061 79
1094 2 1 -58.691 -46.558 80
1095 2 1 -58.691 -46.558 80
1096 2 1 -58.691 -46.558 80
1097 4 1 -58.691 -46.558 80
1098 4 1 -58.691 -46.558 80
1099 2 1 -58.691 -46.558 80
1100 2 1 -58.691 -46.558 80
1101 2 1 -58.691 -46.558 80
1102 2 1 -58.691 -46.558 80
1103 2 1 -58.691 -46.558 80
1104 2 1 -58.691 -46.558 80
1105 4 1 -58.691 -46.558 80
1106 2 1 -58.691 -46.558 80
1107 2 1 -58.691 -46.558 80
1108 2 1 -58.691 -46.558 80
1109 4 1 -58.691 -46.558 80
1110 2 1 -58.691 -46.558 80
1111 2 1 -58.691 -46.558 80
1112 2 1 -58.691 -46.558 80
1113 2 1 -58.691 -46.558 80
1114 2 1 -58.691 -46.558 80
1115 2 1 -58.691 -46.558 80
1116 4 1 -58.691 -46.558 80
1117 2 1 -58.691 -46.558 80
1118 4 1 52.313 34.717 81
1119 4 1 52.313 34.717 81
1120 4 1 52.313 34.717 81
1121 8 1 52.313 34.717 81
1122 4 1 52.313 34.717 81
1123 4 1 52.313 34.717 81
1124 4 1 52.313 34.717 81
1125 4 1 52.313 34.717 81
1126 4 1 52.313 34.717 81
1127 4 1 52.313 34.717 81
1128 4 1 52.313 34.717 81
1129 4 1 52.313 34.717 81
1130 4 1 52.313 34.717 81
1131 4 1 52.313 34.717 81
1132 4 1 52.313 34.717 81
1133 1 1 -14.41 -42.194 82
1134 1 1 -14.41 -42.194 82
1135 1 1 -14.41 -42.194 82
1136 2 1 -14.41 -42.194 82
1137 1 1 -14.41 -42.194 82
1138 2 1 -14.41 -42.194 82
1139 1 1 -14.41 -42.194 82
1140 1 1 -14.41 -42.194 82
1141 1 1 -14.41 -42.194 82
1142 1 1 -14.41 -42.194 82
1143 2 1 -14.41 -42.194 82
1144 1 1 -14.41 -42.194 82
1145 1 1 -14.41 -42.194 82
1146 2 1 -14.41 -42.194 82
1147 1 1 -14.41 -42.194 82
1148 1 1 -14.41 -42.194 82
1149 2 1 -14.41 -42.194 82
1150 2 1 -14.41 -42.194 82
1151 2 1 -14.41 -42.194 82
1152 1 1 -35.138 -52.094 83
1153 1 1 -35.138 -52.094 83
1154 1 1 -35.138 -52.094 83
1155 2 1 -35.138 -52.094 83
1156 1 1 -35.138 -52.094 83
1157 2 1 54.26 29.712 84
1158 2 1 54.26 29.712 84
1159 2 1 54.26 29.712 84
1160 4 1 54.26 29.712 84
1161 2 1 54.26 29.712 84
1162 2 1 54.26 29.712 84
1163 2 1 54.26 29.712 84
1164 2 1 54.26 29.712 84
1165 2 1 54.26 29.712 84
1166 2 1 54.26 29.712 84
1167 2 1 54.26 29.712 84
1168 2 1 54.26 29.712 84
1169 2 1 54.26 29.712 84
1170 2 1 54.26 29.712 84
1171 2 1 -21.674 -6.073 85
1172 2 1 -21.674 -6.073 85
1173 2 1 -21.674 -6.073 85
1174 4 1 -21.674 -6.073 85
1175 4 1 -21.674 -6.073 85
1176 2 1 -21.674 -6.073 85
1177 2 1 -21.674 -6.073 85
1178 2 1 -21.674 -6.073 85
1179 2 1 -21.674 -6.073 85
1180 2 1 -21.674 -6.073 85
1181 2 1 -21.674 -6.073 85
1182 4 1 -21.674 -6.073 85
1183 2 1 -21.674 -6.073 85
1184 2 1 -21.674 -6.073 85
1185 4 1 -21.674 -6.073 85
1186 2 1 -21.674 -6.073 85
1187 2 1 -21.674 -6.073 85
1188 4 1 -21.674 -6.073 85
1189 8 1 23.645 -35.681 86
1190 8 1 23.645 -35.681 86
1191 1 1 23.645 -35.681 86
1192 8 1 23.645 -35.681 86
1193 1 1 23.645 -35.681 86
1194 1 1 23.645 -35.681 86
1195 8 1 23.645 -35.681 86
1196 1 1 23.645 -35.681 86
1197 1 1 23.645 -35.681 86
1198 1 1 23.645 -35.681 86
1199 1 1 23.645 -35.681 86
1200 1 1 23.645 -35.681 86
1201 1 1 23.645 -35.681 86
1202 1 1 23.645 -35.681 86
1203 1 1 23.645 -35.681 86
1204 1 1 23.645 -35.681 86
1205 1 1 23.645 -35.681 86
1206 1 1 23.645 -35.681 86
1207 1 1 23.645 -35.681 86
1208 1 1 23.645 -35.681 86
1209 1 1 23.645 -35.681 86
1210 1 1 23.645 -35.681 86
1211 1 1 23.645 -35.681 86
1212 1 1 23.645 -35.681 86
1213 1 1 23.645 -35.681 86
1214 2 1 50.8 -16.821 87
1215 2 1 50.8 -16.821 87
1216 1 1 50.8 -16.821 87
1217 1 1 50.8 -16.821 87
1218 2 1 50.8 -16.821 87
1219 1 1 50.8 -16.821 87
1220 1 1 50.8 -16.821 87
1221 1 1 50.8 -16.821 87
1222 1 1 50.8 -16.821 87
1223 1 1 50.8 -16.821 87
1224 1 1 50.8 -16.821 87
1225 1 1 50.8 -16.821 87
1226 2 1 50.8 -16.821 87
1227 1 1 50.8 -16.821 87
1228 1 1 36.023 10.773 88
1229 1 1 36.023 10.773 88
1230 1 1 36.023 10.773 88
1231 8 1 36.023 10.773 88
1232 1 1 36.023 10.773 88
1233 1 1 36.023 10.773 88
1234 1 1 36.023 10.773 88
1235 1 1 36.023 10.773 88
1236 1 1 36.023 10.773 88
1237 1 1 36.023 10.773 88
1238 1 1 36.023 10.773 88
1239 1 1 36.023 10.773 88
1240 8 1 36.023 10.773 88
1241 1 1 36.023 10.773 88
1242 2 1 2.35 -16.18 89
1243 2 1 2.35 -16.18 89
1244 1 1 -52.924 40.356 90
1245 1 1 -52.924 40.356 90
1246 1 1 -52.924 40.356 90
1247 1 1 -52.924 40.356 90
1248 1 1 -52.924 40.356 90
1249 1 1 -52.924 40.356 90
1250 1 1 22.98 -54.181 91
1251 1 1 22.98 -54.181 91
1252 1 1 22.98 -54.181 91
1253 1 1 22.98 -54.181 91
1254 1 1 22.98 -54.181 91
1255 1 1 22.98 -54.181 91
1256 1 1 22.98 -54.181 91
1257 1 1 22.98 -54.181 91
1258 4 1 -12.83 0.177 92
1259 4 1 -12.83 0.177 92
1260 4 1 -12.83 0.177 92
1261 4 1 -12.83 0.177 92
1262 4 1 -12.83 0.177 92
1263 4 1 -12.83 0.177 92
1264 8 1 -12.83 0.177 92
1265 4 1 -12.83 0.177 92
1266 4 1 -12.83 0.177 92
1267 4 1 -12.83 0.177 92
1268 4 1 -12.83 0.177 92
1269 4 1 -12.83 0.177 92
1270 4 1 -12.83 0.177 92
1271 4 1 -12.83 0.177 92
1272 8 1 -12.83 0.177 92
1273 4 1 -12.83 0.177 92
1274 4 1 82.477 74.963 93
1275 2 1 82.477 74.963 93
1276 2 1 82.477 74.963 93
1277 2 1 82.477 74.963 93
1278 4 1 -62.72 8.038 94
1279 4 1 -62.72 8.038 94
1280 4 1 -62.72 8.038 94
1281 4 1 -62.72 8.038 94
1282 4 1 -62.72 8.038 94
1283 4 1 -62.72 8.038 94
1284 4 1 -62.72 8.038 94
1285 4 1 -62.72 8.038 94
1286 4 1 -62.72 8.038 94
1287 4 1 -62.72 8.038 94
1288 4 1 -62.72 8.038 94
1289 8 1 -62.72 8.038 94
1290 4 1 -62.72 8.038 94
1291 4 1 -62.72 8.038 94
1292 4 1 -62.72 8.038 94
1293 8 1 -62.72 8.038 94
1294 4 1 -62.72 8.038 94
1295 4 1 -62.72 8.038 94
1296 4 1 -62.72 8.038 94
1297 4 1 -62.72 8.038 94
1298 4 1 -62.72 8.038 94
1299 4 1 -62.72 8.038 94
1300 8 1 -62.72 8.038 94
1301 1 1 28.4 -27.057 95
1302 1 1 28.4 -27.057 95
1303 2 1 28.4 -27.057 95
1304 1 1 28.4 -27.057 95
1305 2 1 27.985 -15.912 96
1306 1 1 27.985 -15.912 96
1307 2 1 27.985 -15.912 96
1308 1 1 27.985 -15.912 96
1309 1 1 27.985 -15.912 96
1310 2 1 27.985 -15.912 96
1311 1 1 27.985 -15.912 96
1312 2 1 27.985 -15.912 96
1313 1 1 27.985 -15.912 96
1314 2 1 27.985 -15.912 96
1315 1 1 27.985 -15.912 96
1316 2 1 27.985 -15.912 96
1317 1 1 27.985 -15.912 96
1318 1 1 27.985 -15.912 96
1319 1 1 27.985 -15.912 96
1320 2 1 27.985 -15.912 96
1321 2 1 27.985 -15.912 96
1322 2 1 27.985 -15.912 96
1323 2 1 27.985 -15.912 96
1324 2 1 27.985 -15.912 96
1325 2 1 27.985 -15.912 96
1326 1 1 27.985 -15.912 96
1327 1 1 27.985 -15.912 96
1328 1 1 66.284 -26.245 97
1329 1 1 66.284 -26.245 97
1330 1 1 66.284 -26.245 97
1331 8 1 66.284 -26.245 97
1332 1 1 66.284 -26.245 97
1333 1 1 66.284 -26.245 97
1334 8 1 66.284 -26.245 97
1335 1 1 66.284 -26.245 97
1336 1 1 66.284 -26.245 97
1337 8 1 66.284 -26.245 97
1338 8 1 66.284 -26.245 97
1339 1 1 66.284 -26.245 97
1340 1 1 66.284 -26.245 97
1341 1 1 66.284 -26.245 97
1342 1 1 66.284 -26.245 97
1343 1 1 66.284 -26.245 97
1344 1 1 66.284 -26.245 97
1345 1 1 66.284 -26.245 97
1346 1 1 11.804 -17.334 98
1347 1 1 11.804 -17.334 98
1348 1 1 43.707 0.409 99
1349 1 1 43.707 0.409 99
1350 1 1 43.707 0.409 99
1351 1 1 43.707 0.409 99
1352 1 1 43.707 0.409 99
1353 8 1 43.707 0.409 99
1354 1 1 43.707 0.409 99
1355 1 1 43.707 0.409 99
1356 8 1 43.707 0.409 99
1357 1 1 43.707 0.409 99
1358 1 1 43.707 0.409 99
1359 1 1 43.707 0.409 99
1360 1 1 43.707 0.409 99
1361 8 1 43.707 0.409 99
1362 8 1 43.707 0.409 99
1363 1 1 43.707 0.409 99
1364 4 1 37.451 -36.42 100
1365 4 1 37.451 -36.42 100
1366 8 1 37.451 -36.42 100
1367 1 1 -18.805 86.713 101
1368 2 1 -18.805 86.713 101
1369 2 1 -18.805 86.713 101
1370 1 1 -18.805 86.713 101
1371 1 1 -18.805 86.713 101
1372 1 1 -18.805 86.713 101
1373 2 1 -18.805 86.713 101
1374 1 1 -18.805 86.713 101
1375 2 1 -18.805 86.713 101
1376 1 1 -18.805 86.713 101
1377 2 1 -18.805 86.713 101
1378 1 1 -18.805 86.713 101
1379 2 1 -18.805 86.713 101
1380 1 1 -18.805 86.713 101
1381 1 1 -18.805 86.713 101
1382 1 1 -18.805 86.713 101
1383 4 1 21.051 48.309 102
1384 8 1 21.051 48.309 102
1385 4 1 21.051 48.309 102
1386 4 1 21.051 48.309 102
1387 8 1 21.051 48.309 102
1388 4 1 21.051 48.309 102
1389 4 1 21.051 48.309 102
1390 4 1 21.051 48.309 102
1391 4 1 21.051 48.309 102
1392 4 1 21.051 48.309 102
1393 1 1 -83.02 -85.339 103
1394 1 1 -83.02 -85.339 103
1395 2 1 -83.02 -85.339 103
1396 1 1 -83.02 -85.339 103
1397 1 1 -83.02 -85.339 103
1398 1 1 -83.02 -85.339 103
1399 2 1 -83.02 -85.339 103
1400 1 1 -83.02 -85.339 103
1401 1 1 -83.02 -85.339 103
1402 1 1 -83.02 -85.339 103
1403 1 1 -83.02 -85.339 103
1404 1 1 -83.02 -85.339 103
1405 1 1 -83.02 -85.339 103
1406 2 1 -83.02 -85.339 103
1407 1 1 -83.02 -85.339 103
1408 2 1 -83.02 -85.339 103
1409 1 1 -83.02 -85.339 103
1410 1 1 -83.02 -85.339 103
1411 1 1 -83.02 -85.339 103
1412 1 1 -83.02 -85.339 103
1413 2 1 -19.415 -9.625 104
1414 2 1 -19.415 -9.625 104
1415 2 1 -19.415 -9.625 104
1416 2 1 -19.415 -9.625 104
1417 2 1 -19.415 -9.625 104
1418 2 1 -19.415 -9.625 104
1419 2 1 -19.415 -9.625 104
1420 4 1 -19.415 -9.625 104
1421 2 1 -19.415 -9.625 104
1422 4 1 -19.415 -9.625 104
1423 2 1 -19.415 -9.625 104
1424 2 1 -19.415 -9.625 104
1425 2 1 12.976 51.575 105
1426 2 1 12.976 51.575 105
1427 2 1 12.976 51.575 105
1428 2 1 12.976 51.575 105
1429 2 1 12.976 51.575 105
1430 4 1 12.976 51.575 105
1431 2 1 12.976 51.575 105
1432 2 1 12.976 51.575 105
1433 4 1 12.976 51.575 105
1434 2 1 12.976 51.575 105
1435 4 1 12.976 51.575 105
1436 2 1 12.976 51.575 105
1437 2 1 12.976 51.575 105
1438 2 1 12.976 51.575 105
1439 2 1 12.976 51.575 105
1440 2 1 12.976 51.575 105
1441 4 1 12.976 51.575 105
1442 2 1 12.976 51.575 105
1443 2 1 12.976 51.575 105
1444 2 1 12.976 51.575 105
1445 2 1 12.976 51.575 105
1446 4 1 12.976 51.575 105
1447 2 1 12.976 51.575 105
1448 1 1 74.207 69.849 106
1449 1 1 74.207 69.849 106
1450 1 1 74.207 69.849 106
1451 2 1 74.207 69.849 106
1452 1 1 74.207 69.849 106
1453 1 1 74.207 69.849 106
1454 1 1 74.207 69.849 106
1455 1 1 74.207 69.849 106
1456 1 1 74.207 69.849 106
1457 1 1 74.207 69.849 106
1458 1 1 74.207 69.849 106
1459 1 1 74.207 69.849 106
1460 1 1 74.207 69.849 106
1461 1 1 74.207 69.849 106
1462 1 1 74.207 69.849 106
1463 1 1 74.207 69.849 106
1464 1 1 74.207 69.849 106
1465 1 1 74.207 69.849 106
1466 2 1 74.207 69.849 106
1467 1 1 74.207 69.849 106
1468 1 1 74.207 69.849 106
1469 2 1 74.207 69.849 106
1470 1 1 74.207 69.849 106
1471 2 1 -58.978 -11.096 107
1472 2 1 -58.978 -11.096 107
1473 2 1 -58.978 -11.096 107
1474 2 1 -58.978 -11.096 107
1475 2 1 -58.978 -11.096 107
1476 2 1 -58.978 -11.096 107
1477 2 1 -58.978 -11.096 107
1478 2 1 -58.978 -11.096 107
1479 2 1 -58.978 -11.096 107
1480 2 1 -58.978 -11.096 107
1481 2 1 -58.978 -11.096 107
1482 4 1 -58.978 -11.096 107
1483 2 1 -58.978 -11.096 107
1484 2 1 -58.978 -11.096 107
1485 2 1 -58.978 -11.096 107
1486 2 1 -58.978 -11.096 107
1487 2 1 -58.978 -11.096 107
1488 2 1 -58.978 -11.096 107
1489 2 1 -58.978 -11.096 107
1490 2 1 -58.978 -11.096 107
1491 2 1 -58.978 -11.096 107
1492 2 1 -58.978 -11.096 107
1493 2 1 -58.978 -11.096 107
1494 4 1 78.174 10.992 108
1495 4 1 78.174 10.992 108
1496 4 1 78.174 10.992 108
1497 8 1 78.174 10.992 108
1498 4 1 78.174 10.992 108
1499 4 1 78.174 10.992 108
1500 8 1 78.174 10.992 108
1501 4 1 78.174 10.992 108
1502 8 1 78.174 10.992 108
1503 4 1 78.174 10.992 108
1504 4 1 78.174 10.992 108
1505 4 1 78.174 10.992 108
1506 4 1 78.174 10.992 108
1507 8 1 78.174 10.992 108
1508 2 1 25.189 47.394 109
1509 2 1 25.189 47.394 109
1510 4 1 25.189 47.394 109
1511 2 1 25.189 47.394 109
1512 2 1 25.189 47.394 109
1513 2 1 25.189 47.394 109
1514 2 1 25.189 47.394 109
1515 2 1 25.189 47.394 109
1516 2 1 25.189 47.394 109
1517 4 1 -1.477 -8.82 110
1518 4 1 -1.477 -8.82 110
1519 4 1 48.889 2.588 111
1520 4 1 48.889 2.588 111
1521 4 1 48.889 2.588 111
1522 4 1 48.889 2.588 111
1523 4 1 48.889 2.588 111
1524 4 1 48.889 2.588 111
1525 4 1 48.889 2.588 111
1526 4 1 48.889 2.588 111
1527 4 1 48.889 2.588 111
1528 4 1 48.889 2.588 111
1529 4 1 48.889 2.588 111
1530 4 1 48.889 2.588 111
1531 2 1 69.037 32.819 112
1532 2 1 69.037 32.819 112
1533 2 1 69.037 32.819 112
1534 2 1 69.037 32.819 112
1535 2 1 69.037 32.819 112
1536 2 1 69.037 32.819 112
1537 4 1 69.037 32.819 112
1538 2 1 69.037 32.819 112
1539 4 1 69.037 32.819 112
1540 4 1 69.037 32.819 112
1541 2 1 69.037 32.819 112
1542 2 1 69.037 32.819 112
1543 2 1 69.037 32.819 112
1544 4 1 69.037 32.819 112
1545 2 1 69.037 32.819 112
1546 2 1 69.037 32.819 112
1547 4 1 69.037 32.819 112
1548 4 1 69.037 32.819 112
1549 4 1 69.037 32.819 112
1550 2 1 69.037 32.819 112
1551 2 1 69.037 32.819 112
1552 2 1 69.037 32.819 112
1553 2 1 69.037 32.819 112
1554 4 1 69.037 32.819 112
1555 2 1 84.973 -2.039 113
1556 2 1 84.973 -2.039 113
1557 2 1 84.973 -2.039 113
1558 2 1 84.973 -2.039 113
1559 4 1 84.973 -2.039 113
1560 1 1 -40.521 -6.641 114
1561 1 1 -40.521 -6.641 114
1562 1 1 44.879 -0.092 115
1563 1 1 44.879 -0.092 115
1564 1 1 44.879 -0.092 115
1565 1 1 44.879 -0.092 115
1566 1 1 44.879 -0.092 115
1567 1 1 44.879 -0.092 115
1568 1 1 44.879 -0.092 115
1569 1 1 44.879 -0.092 115
1570 1 1 44.879 -0.092 115
1571 1 1 44.879 -0.092 115
1572 2 1 44.879 -0.092 115
1573 2 1 44.879 -0.092 115
1574 1 1 44.879 -0.092 115
1575 1 1 44.879 -0.092 115
1576 1 1 44.879 -0.092 115
1577 1 1 -11.023 6.812 116
1578 1 1 -11.023 6.812 116
1579 2 1 -11.023 6.812 116
1580 1 1 -11.023 6.812 116
1581 1 1 -11.023 6.812 116
1582 1 1 -11.023 6.812 116
1583 2 1 -11.023 6.812 116
1584 2 1 -11.023 6.812 116
1585 1 1 -11.023 6.812 116
1586 2 1 -11.023 6.812 116
1587 1 1 -11.023 6.812 116
1588 1 1 -11.023 6.812 116
1589 1 1 -11.023 6.812 116
1590 1 1 -11.023 6.812 116
1591 1 1 -11.023 6.812 116
1592 1 1 -11.023 6.812 116
1593 1 1 -11.023 6.812 116
1594 1 1 -11.023 6.812 116
1595 8 1 46.204 -17.596 117
1596 8 1 46.204 -17.596 117
1597 1 1 46.204 -17.596 117
1598 1 1 46.204 -17.596 117
1599 1 1 46.204 -17.596 117
1600 1 1 46.204 -17.596 117
1601 1 1 46.204 -17.596 117
1602 8 1 46.204 -17.596 117
1603 1 1 46.204 -17.596 117
1604 1 1 46.204 -17.596 117
1605 8 1 46.204 -17.596 117
1606 8 1 46.204 -17.596 117
1607 1 1 46.204 -17.596 117
1608 1 1 46.204 -17.596 117
1609 1 1 46.204 -17.596 117
1610 1 1 46.204 -17.596 117
1611 8 1 46.204 -17.596 117
1612 8 1 46.204 -17.596 117
1613 1 1 46.204 -17.596 117
1614 1 1 46.204 -17.596 117
1615 1 1 46.204 -17.596 117
1616 1 1 46.204 -17.596 117
1617 1 1 46.204 -17.596 117
1618 1 1 46.204 -17.596 117
1619 1 1 46.204 -17.596 117
1620 4 1 0.757 -32.788 118
1621 1 1 27.899 -30.914 119
1622 1 1 27.899 -30.914 119
1623 8 1 27.899 -30.914 119
1624 1 1 27.899 -30.914 119
1625 1 1 27.899 -30.914 119
1626 1 1 27.899 -30.914 119
1627 1 1 27.899 -30.914 119
1628 1 1 27.899 -30.914 119
1629 1 1 27.899 -30.914 119
1630 1 1 27.899 -30.914 119
1631 1 1 27.899 -30.914 119
1632 1 1 27.899 -30.914 119
1633 1 1 27.899 -30.914 119
1634 1 1 27.899 -30.914 119
1635 1 1 27.899 -30.914 119
1636 1 1 27.899 -30.914 119
1637 1 1 27.899 -30.914 119
1638 1 1 27.899 -30.914 119
1639 1 1 27.899 -30.914 119
1640 1 1 27.899 -30.914 119
1641 1 1 27.899 -30.914 119
1642 1 1 27.899 -30.914 119
1643 8 1 27.899 -30.914 119
1644 2 1 64.355 45.862 120
1645 2 1 64.355 45.862 120
1646 4 1 64.355 45.862 120
1647 2 1 64.355 45.862 120
1648 4 1 64.355 45.862 120
1649 2 1 64.355 45.862 120
1650 2 1 64.355 45.862 120
1651 2 1 64.355 45.862 120
1652 2 1 64.355 45.862 120
1653 2 1 64.355 45.862 120
1654 2 1 64.355 45.862 120
1655 2 1 64.355 45.862 120
1656 2 1 64.355 45.862 120
1657 4 1 64.355 45.862 120
1658 4 1 64.355 45.862 120
1659 1 1 -3.467 -6.384 121
1660 1 1 -3.467 -6.384 121
1661 1 1 -3.467 -6.384 121
1662 1 1 -3.467 -6.384 121
1663 1 1 -3.467 -6.384 121
1664 1 1 26.331 -46.967 122
1665 1 1 26.331 -46.967 122
1666 1 1 26.331 -46.967 122
1667 1 1 28.821 -7.794 123
1668 2 1 28.821 -7.794 123
1669 1 1 28.821 -7.794 123
1670 1 1 26.178 7.202 124
1671 8 1 26.178 7.202 124
1672 8 1 26.178 7.202 124
1673 1 1 26.178 7.202 124
1674 1 1 26.178 7.202 124
1675 1 1 26.178 7.202 124
1676 1 1 26.178 7.202 124
1677 1 1 26.178 7.202 124
1678 1 1 26.178 7.202 124
1679 1 1 26.178 7.202 124
1680 1 1 26.178 7.202 124
1681 8 1 26.178 7.202 124
1682 1 1 26.178 7.202 124
1683 1 1 26.178 7.202 124
1684 1 1 26.178 7.202 124
1685 1 1 26.178 7.202 124
1686 8 1 26.178 7.202 124
1687 4 1 47.766 54.364 125
1688 4 1 47.766 54.364 125
1689 4 1 47.766 54.364 125
1690 4 1 47.766 54.364 125
1691 4 1 47.766 54.364 125
1692 4 1 47.766 54.364 125
1693 4 1 47.766 54.364 125
1694 4 1 47.766 54.364 125
1695 4 1 47.766 54.364 125
1696 4 1 47.766 54.364 125
1697 4 1 47.766 54.364 125
1698 4 1 47.766 54.364 125
1699 4 1 47.766 54.364 125
1700 4 1 47.766 54.364 125
1701 4 1 47.766 54.364 125
1702 4 1 47.766 54.364 125
1703 4 1 47.766 54.364 125
1704 2 1 39.966 -22.839 126
1705 2 1 39.966 -22.839 126
1706 4 1 39.966 -22.839 126
1707 2 1 39.966 -22.839 126
1708 2 1 39.966 -22.839 126
1709 2 1 39.966 -22.839 126
1710 4 1 39.966 -22.839 126
1711 2 1 39.966 -22.839 126
1712 4 1 39.966 -22.839 126
1713 2 1 39.966 -22.839 126
1714 2 1 39.966 -22.839 126
1715 2 1 39.966 -22.839 126
1716 2 1 39.966 -22.839 126
1717 2 1 39.966 -22.839 126
1718 4 1 39.966 -22.839 126
1719 2 1 39.966 -22.839 126
1720 2 1 39.966 -22.839 126
1721 2 1 39.966 -22.839 126
1722 4 1 39.966 -22.839 126
1723 4 1 39.966 -22.839 126
1724 2 1 39.966 -22.839 126
1725 4 1 14.142 -16.034 127
1726 4 1 14.142 -16.034 127
1727 8 1 14.142 -16.034 127
1728 4 1 14.142 -16.034 127
1729 4 1 14.142 -16.034 127
1730 4 1 14.142 -16.034 127
1731 4 1 14.142 -16.034 127
1732 4 1 14.142 -16.034 127
1733 4 1 14.142 -16.034 127
1734 4 1 14.142 -16.034 127
1735 4 1 14.142 -16.034 127
1736 4 1 14.142 -16.034 127
1737 8 1 14.142 -16.034 127
1738 4 1 14.142 -16.034 127
1739 4 1 14.142 -16.034 127
1740 4 1 14.142 -16.034 127
1741 4 1 14.142 -16.034 127
1742 8 1 14.142 -16.034 127
1743 8 1 14.142 -16.034 127
1744 4 1 14.142 -16.034 127
1745 4 1 14.142 -16.034 127
1746 8 1 14.142 -16.034 127
1747 8 1 14.142 -16.034 127
1748 4 1 14.142 -16.034 127
1749 2 1 34.155 -19.122 128
1750 4 1 34.155 -19.122 128
1751 2 1 34.155 -19.122 128
1752 4 1 34.155 -19.122 128
1753 2 1 34.155 -19.122 128
1754 2 1 34.155 -19.122 128
1755 2 1 34.155 -19.122 128
1756 2 1 34.155 -19.122 128
1757 2 1 34.155 -19.122 128
1758 2 1 34.155 -19.122 128
1759 2 1 34.155 -19.122 128
1760 2 1 34.155 -19.122 128
1761 2 1 34.155 -19.122 128
1762 2 1 34.155 -19.122 128
1763 2 1 34.155 -19.122 128
1764 8 1 31.75 54.358 129
1765 8 1 31.75 54.358 129
1766 4 1 31.75 54.358 129
1767 4 1 31.75 54.358 129
1768 4 1 31.75 54.358 129
1769 4 1 31.75 54.358 129
1770 4 1 31.75 54.358 129
1771 4 1 31.75 54.358 129
1772 4 1 31.75 54.358 129
1773 4 1 -50.214 84.717 130
1774 4 1 -50.214 84.717 130
1775 4 1 -50.214 84.717 130
1776 4 1 -50.214 84.717 130
1777 4 1 -50.214 84.717 130
1778 4 1 -50.214 84.717 130
1779 4 1 -50.214 84.717 130
1780 4 1 -50.214 84.717 130
1781 8 1 -50.214 84.717 130
1782 8 1 -50.214 84.717 130
1783 4 1 -50.214 84.717 130
1784 8 1 -50.214 84.717 130
1785 4 1 -50.214 84.717 130
1786 4 1 -50.214 84.717 130
1787 4 1 -50.214 84.717 130
1788 4 1 -50.214 84.717 130
1789 4 1 -50.214 84.717 130
1790 4 1 -50.214 84.717 130
1791 4 1 -50.214 84.717 130
1792 4 1 -50.214 84.717 130
1793 4 1 -50.214 84.717 130
1794 4 1 -50.214 84.717 130
1795 4 1 -50.214 84.717 130
1796 2 1 81.323 -51.587 131
1797 1 1 81.323 -51.587 131
1798 1 1 81.323 -51.587 131
1799 1 1 81.323 -51.587 131
1800 1 1 81.323 -51.587 131
1801 2 1 81.323 -51.587 131
1802 1 1 -4.645 -26.776 132
1803 2 1 -4.645 -26.776 132
1804 4 1 26.678 -44.141 133
1805 4 1 26.678 -44.141 133
1806 4 1 26.678 -44.141 133
1807 8 1 26.678 -44.141 133
1808 4 1 26.678 -44.141 133
1809 4 1 26.678 -44.141 133
1810 8 1 26.678 -44.141 133
1811 4 1 26.678 -44.141 133
1812 4 1 26.678 -44.141 133
1813 4 1 26.678 -44.141 133
1814 8 1 26.678 -44.141 133
1815 4 1 26.678 -44.141 133
1816 4 1 26.678 -44.141 133
1817 4 1 26.678 -44.141 133
1818 1 1 -3.052 -1.495 134
1819 1 1 -3.052 -1.495 134
1820 1 1 30.225 43.164 135
1821 1 1 30.225 43.164 135
1822 1 1 30.225 43.164 135
1823 1 1 30.225 43.164 135
1824 1 1 30.225 43.164 135
1825 1 1 30.225 43.164 135
1826 1 1 30.225 43.164 135
1827 1 1 30.225 43.164 135
1828 1 1 30.225 43.164 135
1829 1 1 30.225 43.164 135
1830 1 1 30.225 43.164 135
1831 1 1 30.225 43.164 135
1832 1 1 30.225 43.164 135
1833 2 1 30.225 43.164 135
1834 1 1 30.225 43.164 135
1835 1 1 30.225 43.164 135
1836 2 1 30.225 43.164 135
1837 2 1 30.225 43.164 135
1838 1 1 30.225 43.164 135
1839 1 1 30.225 43.164 135
1840 1 1 30.225 43.164 135
1841 1 1 30.225 43.164 135
1842 8 1 7.819 73.907 136
1843 1 1 7.819 73.907 136
1844 1 1 7.819 73.907 136
1845 1 1 7.819 73.907 136
1846 8 1 7.819 73.907 136
1847 1 1 7.819 73.907 136
1848 1 1 7.819 73.907 136
1849 1 1 7.819 73.907 136
1850 1 1 7.819 73.907 136
1851 1 1 7.819 73.907 136
1852 1 1 7.819 73.907 136
1853 1 1 7.819 73.907 136
1854 1 1 7.819 73.907 136
1855 1 1 7.819 73.907 136
1856 1 1 7.819 73.907 136
1857 1 1 7.819 73.907 136
1858 1 1 7.819 73.907 136
1859 1 1 7.819 73.907 136
1860 1 1 7.819 73.907 136
1861 1 1 7.819 73.907 136
1862 1 1 7.819 73.907 136
1863 1 1 7.819 73.907 136
1864 1 1 7.819 73.907 136
1865 8 1 7.819 73.907 136
1866 1 1 57.397 42.554 137
1867 1 1 57.397 42.554 137
1868 8 1 57.397 42.554 137
1869 8 1 57.397 42.554 137
1870 1 1 57.397 42.554 137
1871 1 1 57.397 42.554 137
1872 1 1 57.397 42.554 137
1873 1 1 57.397 42.554 137
1874 1 1 57.397 42.554 137
1875 1 1 57.397 42.554 137
1876 1 1 57.397 42.554 137
1877 1 1 57.397 42.554 137
1878 1 1 57.397 42.554 137
1879 1 1 23.688 -48.816 138
1880 1 1 23.688 -48.816 138
1881 1 1 23.688 -48.816 138
1882 1 1 23.688 -48.816 138
1883 1 1 23.688 -48.816 138
1884 1 1 23.688 -48.816 138
1885 1 1 23.688 -48.816 138
1886 1 1 23.688 -48.816 138
1887 2 1 23.688 -48.816 138
1888 1 1 23.688 -48.816 138
1889 1 1 23.688 -48.816 138
1890 1 1 23.688 -48.816 138
1891 2 1 74.866 -38.715 139
1892 2 1 74.866 -38.715 139
1893 2 1 74.866 -38.715 139
1894 4 1 74.866 -38.715 139
1895 2 1 74.866 -38.715 139
1896 2 1 74.866 -38.715 139
1897 1 1 -8.453 -12.573 140
1898 1 1 -8.453 -12.573 140
1899 8 1 -8.453 -12.573 140
1900 1 1 -8.453 -12.573 140
1901 1 1 -8.453 -12.573 140
1902 1 1 -8.453 -12.573 140
1903 1 1 -8.453 -12.573 140
1904 4 1 5.237 -11.212 141
1905 4 1 5.237 -11.212 141
1906 4 1 5.237 -11.212 141
1907 4 1 5.237 -11.212 141
1908 4 1 5.237 -11.212 141
1909 4 1 5.237 -11.212 141
1910 4 1 5.237 -11.212 141
1911 4 1 5.237 -11.212 141
1912 4 1 5.237 -11.212 141
1913 2 1 47.62 44.366 142
1914 4 1 47.62 44.366 142
1915 4 1 47.62 44.366 142
1916 4 1 47.62 44.366 142
1917 1 1 -18.597 -2.57 143
1918 1 1 -18.597 -2.57 143
1919 4 1 50.47 18.756 144
1920 2 1 50.47 18.756 144
1921 2 1 50.47 18.756 144
1922 2 1 50.47 18.756 144
1923 2 1 50.47 18.756 144
1924 2 1 50.47 18.756 144
1925 2 1 50.47 18.756 144
1926 8 1 42.157 64.746 145
1927 8 1 42.157 64.746 145
1928 4 1 42.157 64.746 145
1929 4 1 42.157 64.746 145
1930 4 1 42.157 64.746 145
1931 4 1 42.157 64.746 145
1932 4 1 42.157 64.746 145
1933 4 1 42.157 64.746 145
1934 4 1 42.157 64.746 145
1935 4 1 42.157 64.746 145
1936 8 1 42.157 64.746 145
1937 4 1 42.157 64.746 145
1938 4 1 42.157 64.746 145
1939 8 1 42.157 64.746 145
1940 8 1 42.157 64.746 145
1941 4 1 96.051 -67.59 146
1942 2 1 96.051 -67.59 146
1943 2 1 96.051 -67.59 146
1944 2 1 96.051 -67.59 146
1945 2 1 96.051 -67.59 146
1946 2 1 96.051 -67.59 146
1947 2 1 96.051 -67.59 146
1948 2 1 96.051 -67.59 146
1949 2 1 96.051 -67.59 146
1950 2 1 96.051 -67.59 146
1951 2 1 96.051 -67.59 146
1952 2 1 96.051 -67.59 146
1953 2 1 96.051 -67.59 146
1954 2 1 96.051 -67.59 146
1955 2 1 96.051 -67.59 146
1956 2 1 96.051 -67.59 146
1957 2 1 96.051 -67.59 146
1958 2 1 96.051 -67.59 146
1959 2 1 96.051 -67.59 146
1960 2 1 96.051 -67.59 146
1961 1 1 6.921 -24.457 147
1962 1 1 6.921 -24.457 147
1963 1 1 6.921 -24.457 147
1964 8 1 6.921 -24.457 147
1965 1 1 6.921 -24.457 147
1966 1 1 6.921 -24.457 147
1967 1 1 6.921 -24.457 147
1968 1 1 6.921 -24.457 147
1969 8 1 6.921 -24.457 147
1970 1 1 6.921 -24.457 147
1971 8 1 6.921 -24.457 147
1972 8 1 6.921 -24.457 147
1973 1 1 6.921 -24.457 147
1974 1 1 6.921 -24.457 147
1975 1 1 55.994 -20.325 148
1976 1 1 55.994 -20.325 148
1977 1 1 55.994 -20.325 148
1978 1 1 55.994 -20.325 148
1979 1 1 55.994 -20.325 148
1980 1 1 42.157 -54.663 149
1981 1 1 42.157 -54.663 149
1982 1 1 42.157 -54.663 149
1983 1 1 42.157 -54.663 149
1984 1 1 42.157 -54.663 149
1985 1 1 42.157 -54.663 149
1986 1 1 42.157 -54.663 149
1987 1 1 42.157 -54.663 149
1988 1 1 42.157 -54.663 149
1989 1 1 42.157 -54.663 149
1990 1 1 42.157 -54.663 149
1991 8 1 42.157 -54.663 149
1992 8 1 42.157 -54.663 149
1993 1 1 42.157 -54.663 149
1994 4 1 45.435 45.41 150
1995 4 1 45.435 45.41 150
1996 4 1 45.435 45.41 150
1997 4 1 45.435 45.41 150
1998 4 1 45.435 45.41 150
1999 4 1 45.435 45.41 150
2000 8 1 45.435 45.41 150
2001 4 1 45.435 45.41 150
2002 4 1 45.435 45.41 150
2003 4 1 45.435 45.41 150
2004 4 1 45.435 45.41 150
2005 8 1 45.435 45.41 150
2006 8 1 45.435 45.41 150
2007 4 1 45.435 45.41 150
2008 4 1 45.435 45.41 150
2009 4 1 45.435 45.41 150
2010 8 1 45.435 45.41 150
2011 4 1 45.435 45.41 150
2012 4 1 45.435 45.41 150
2013 4 1 45.435 45.41 150
2014 4 1 45.435 45.41 150
2015 8 1 45.435 45.41 150
2016 4 1 45.435 45.41 150
2017 8 1 -19.891 -49.286 151
2018 1 1 -19.891 -49.286 151
2019 1 1 -19.891 -49.286 151
2020 1 1 -19.891 -49.286 151
2021 1 1 -19.891 -49.286 151
2022 1 1 -19.891 -49.286 151
2023 1 1 -19.891 -49.286 151
2024 1 1 -19.891 -49.286 151
2025 1 1 -19.891 -49.286 151
2026 8 1 -19.891 -49.286 151
2027 1 1 -19.891 -49.286 151
2028 1 1 -19.891 -49.286 151
2029 1 1 -19.891 -49.286 151
2030 8 1 -19.891 -49.286 151
2031 1 1 -19.891 -49.286 151
2032 1 1 -19.891 -49.286 151
2033 1 1 -19.891 -49.286 151
2034 1 1 -19.891 -49.286 151
2035 8 1 -19.891 -49.286 151
2036 1 1 -19.891 -49.286 151
2037 1 1 -19.891 -49.286 151
2038 1 1 -19.891 -49.286 151
2039 2 1 -60.046 -76.849 152
2040 4 1 -60.046 -76.849 152
2041 2 1 -60.046 -76.849 152
2042 2 1 -60.046 -76.849 152
2043 2 1 -60.046 -76.849 152
2044 2 1 -60.046 -76.849 152
2045 2 1 -60.046 -76.849 152
2046 2 1 -60.046 -76.849 152
2047 2 1 -60.046 -76.849 152
2048 2 1 -60.046 -76.849 152
2049 4 1 -60.046 -76.849 152
2050 2 1 -60.046 -76.849 152
2051 2 1 -60.046 -76.849 152
2052 1 1 55.566 38.599 153
2053 2 1 55.566 38.599 153
2054 1 1 55.566 38.599 153
2055 1 1 55.566 38.599 153
2056 2 1 55.566 38.599 153
2057 1 1 55.566 38.599 153
2058 1 1 55.566 38.599 153
2059 1 1 55.566 38.599 153
2060 1 1 55.566 38.599 153
2061 1 1 55.566 38.599 153
2062 1 1 55.566 38.599 153
2063 1 1 55.566 38.599 153
2064 2 1 55.566 38.599 153
2065 1 1 55.566 38.599 153
2066 1 1 55.566 38.599 153
2067 1 1 55.566 38.599 153
2068 2 1 55.566 38.599 153
2069 1 1 55.566 38.599 153
2070 2 1 55.566 38.599 153
2071 2 1 7.135 17.95 154
2072 2 1 7.135 17.95 154
2073 1 1 7.135 17.95 154
2074 1 1 7.135 17.95 154
2075 2 1 7.135 17.95 154
2076 2 1 7.135 17.95 154
2077 2 1 7.135 17.95 154
2078 1 1 7.135 17.95 154
2079 1 1 7.135 17.95 154
2080 1 1 7.135 17.95 154
2081 1 1 7.135 17.95 154
2082 1 1 7.135 17.95 154
2083 1 1 7.135 17.95 154
2084 1 1 7.135 17.95 154
2085 2 1 7.135 17.95 154
2086 2 1 7.135 17.95 154
2087 2 1 7.135 17.95 154
2088 1 1 7.135 17.95 154
2089 4 1 6.689 -22.656 155
2090 8 1 6.689 -22.656 155
2091 8 1 6.689 -22.656 155
2092 8 1 6.689 -22.656 155
2093 8 1 6.689 -22.656 155
2094 4 1 6.689 -22.656 155
2095 4 1 6.689 -22.656 155
2096 4 1 6.689 -22.656 155
2097 8 1 6.689 -22.656 155
2098 4 1 6.689 -22.656 155
2099 4 1 39.41 11.682 156
2100 4 1 39.41 11.682 156
2101 4 1 39.41 11.682 156
2102 8 1 39.41 11.682 156
2103 4 1 39.41 11.682 156
2104 4 1 39.41 11.682 156
2105 4 1 39.41 11.682 156
2106 4 1 39.41 11.682 156
2107 4 1 39.41 11.682 156
2108 4 1 39.41 11.682 156
2109 4 1 39.41 11.682 156
2110 8 1 39.41 11.682 156
2111 4 1 39.41 11.682 156
2112 4 1 39.41 11.682 156
2113 4 1 39.41 11.682 156
2114 8 1 39.41 11.682 156
2115 8 1 37.512 82.794 157
2116 4 1 37.512 82.794 157
2117 4 1 37.512 82.794 157
2118 4 1 37.512 82.794 157
2119 8 1 37.512 82.794 157
2120 4 1 37.512 82.794 157
2121 4 1 37.512 82.794 157
2122 4 1 37.512 82.794 157
2123 8 1 37.512 82.794 157
2124 4 1 37.512 82.794 157
2125 4 1 37.512 82.794 157
2126 4 1 37.512 82.794 157
2127 8 1 37.512 82.794 157
2128 4 1 37.512 82.794 157
2129 8 1 37.512 82.794 157
2130 4 1 37.512 82.794 157
2131 4 1 37.512 82.794 157
2132 1 1 66.467 49.182 158
2133 1 1 66.467 49.182 158
2134 1 1 66.467 49.182 158
2135 1 1 66.467 49.182 158
2136 1 1 66.467 49.182 158
2137 8 1 66.467 49.182 158
2138 1 1 66.467 49.182 158
2139 1 1 66.467 49.182 158
2140 1 1 66.467 49.182 158
2141 1 1 66.467 49.182 158
2142 1 1 66.467 49.182 158
2143 1 1 66.467 49.182 158
2144 8 1 66.467 49.182 158
2145 1 1 66.467 49.182 158
2146 1 1 66.467 49.182 158
2147 1 1 66.467 49.182 158
2148 1 1 66.467 49.182 158
2149 1 1 66.467 49.182 158
2150 1 1 66.467 49.182 158
2151 8 1 66.467 49.182 158
2152 1 1 66.467 49.182 158
2153 1 1 66.467 49.182 158
2154 1 1 66.467 49.182 158
2155 1 1 66.467 49.182 158
2156 1 1 66.467 49.182 158
2157 8 1 -6.744 -13.989 159
2158 1 1 -6.744 -13.989 159
2159 1 1 -6.744 -13.989 159
2160 1 1 -6.744 -13.989 159
2161 8 1 -6.744 -13.989 159
2162 8 1 -6.744 -13.989 159
2163 1 1 -6.744 -13.989 159
2164 1 1 -6.744 -13.989 159
2165 1 1 56.165 18.091 160
2166 1 1 56.165 18.091 160
2167 2 1 35.791 21.869 161
2168 2 1 35.791 21.869 161
2169 2 1 35.791 21.869 161
2170 2 1 35.791 21.869 161
2171 2 1 35.791 21.869 161
2172 2 1 35.791 21.869 161
2173 4 1 35.791 21.869 161
2174 4 1 35.791 21.869 161
2175 2 1 35.791 21.869 161
2176 2 1 35.791 21.869 161
2177 2 1 35.791 21.869 161
2178 2 1 35.791 21.869 161
2179 2 1 35.791 21.869 161
2180 2 1 35.791 21.869 161
2181 4 1 35.791 21.869 161
2182 2 1 35.791 21.869 161
2183 2 1 35.791 21.869 161
2184 2 1 35.791 21.869 161
2185 4 1 35.791 21.869 161
2186 2 1 35.791 21.869 161
2187 2 1 35.791 21.869 161
2188 4 1 76.868 29.285 162
2189 4 1 76.868 29.285 162
2190 2 1 65.326 36.261 163
2191 2 1 65.326 36.261 163
2192 2 1 65.326 36.261 163
2193 2 1 65.326 36.261 163
2194 2 1 65.326 36.261 163
2195 4 1 65.326 36.261 163
2196 2 1 65.326 36.261 163
2197 4 1 65.326 36.261 163
2198 2 1 65.326 36.261 163
2199 2 1 65.326 36.261 163
2200 2 1 65.326 36.261 163
2201 4 1 65.326 36.261 163
2202 2 1 65.326 36.261 163
2203 2 1 65.326 36.261 163
2204 2 1 65.326 36.261 163
2205 2 1 65.326 36.261 163
2206 2 1 65.326 36.261 163
2207 2 1 65.326 36.261 163
2208 2 1 65.326 36.261 163
2209 4 1 65.326 36.261 163
2210 4 1 65.326 36.261 163
2211 2 1 65.326 36.261 163
2212 1 1 -1.306 97.784 164
2213 1 1 -1.306 97.784 164
2214 1 1 -1.306 97.784 164
2215 4 1 10.083 74.182 165
2216 2 1 10.083 74.182 165
2217 2 1 10.083 74.182 165
2218 2 1 10.083 74.182 165
2219 2 1 10.083 74.182 165
2220 2 1 10.083 74.182 165
2221 2 1 10.083 74.182 165
2222 4 1 10.083 74.182 165
2223 2 1 10.083 74.182 165
2224 2 1 10.083 74.182 165
2225 2 1 10.083 74.182 165
2226 2 1 10.083 74.182 165
2227 2 1 10.083 74.182 165
2228 4 1 10.083 74.182 165
2229 2 1 10.083 74.182 165
2230 1 1 27.618 47.205 166
2231 8 1 27.618 47.205 166
2232 1 1 27.618 47.205 166
2233 8 1 27.618 47.205 166
2234 1 1 27.618 47.205 166
2235 1 1 27.618 47.205 166
2236 1 1 27.618 47.205 166
2237 1 1 27.618 47.205 166
2238 1 1 -3.821 -50.934 167
2239 1 1 -3.821 -50.934 167
2240 1 1 -3.821 -50.934 167
2241 1 1 -3.821 -50.934 167
2242 1 1 -3.821 -50.934 167
2243 8 1 -3.821 -50.934 167
2244 1 1 -3.821 -50.934 167
2245 8 1 -3.821 -50.934 167
2246 8 1 -3.821 -50.934 167
2247 1 1 -3.821 -50.934 167
2248 1 1 32.452 28.693 168
2249 8 1 32.452 28.693 168
2250 1 1 32.452 28.693 168
2251 1 1 32.452 28.693 168
2252 1 1 32.452 28.693 168
2253 8 1 32.452 28.693 168
2254 1 1 32.452 28.693 168
2255 1 1 32.452 28.693 168
2256 1 1 32.452 28.693 168
2257 1 1 32.452 28.693 168
2258 4 1 11.597 -32.635 169
2259 2 1 11.597 -32.635 169
2260 4 1 11.597 -32.635 169
2261 2 1 11.597 -32.635 169
2262 4 1 11.597 -32.635 169
2263 4 1 11.597 -32.635 169
2264 2 1 11.597 -32.635 169
2265 2 1 11.597 -32.635 169
2266 2 1 11.597 -32.635 169
2267 4 1 11.597 -32.635 169
2268 2 1 11.597 -32.635 169
2269 2 1 11.597 -32.635 169
2270 2 1 11.597 -32.635 169
2271 1 1 -2.594 58.691 170
2272 1 1 -2.594 58.691 170
2273 8 1 -2.594 58.691 170
2274 1 1 -2.594 58.691 170
2275 8 1 -2.594 58.691 170
2276 1 1 -2.594 58.691 170
2277 1 1 52.911 45.007 171
2278 1 1 52.911 45.007 171
2279 1 1 52.911 45.007 171
2280 1 1 52.911 45.007 171
2281 8 1 52.911 45.007 171
2282 1 1 52.911 45.007 171
2283 8 1 52.911 45.007 171
2284 8 1 52.911 45.007 171
2285 8 1 52.911 45.007 171
2286 8 1 52.911 45.007 171
2287 1 1 52.911 45.007 171
2288 1 1 -18.817 88.58 172
2289 8 1 -18.817 88.58 172
2290 1 1 -18.817 88.58 172
2291 1 1 -18.817 88.58 172
2292 1 1 -18.817 88.58 172
2293 1 1 -18.817 88.58 172
2294 1 1 -18.817 88.58 172
2295 8 1 -18.817 88.58 172
2296 1 1 -18.817 88.58 172
2297 1 1 -18.817 88.58 172
2298 8 1 81.812 77.612 173
2299 4 1 81.812 77.612 173
2300 4 1 81.812 77.612 173
2301 4 1 81.812 77.612 173
2302 4 1 81.812 77.612 173
2303 4 1 81.812 77.612 173
2304 4 1 81.812 77.612 173
2305 4 1 81.812 77.612 173
2306 8 1 81.812 77.612 173
2307 4 1 81.812 77.612 173
2308 4 1 81.812 77.612 173
2309 4 1 81.812 77.612 173
2310 4 1 81.812 77.612 173
2311 8 1 81.812 77.612 173
2312 4 1 81.812 77.612 173
2313 4 1 81.812 77.612 173
2314 4 1 81.812 77.612 173
2315 8 1 81.812 77.612 173
2316 4 1 81.812 77.612 173
2317 8 1 81.812 77.612 173
2318 8 1 81.812 77.612 173
2319 8 1 81.812 77.612 173
2320 4 1 1.495 61.572 174
2321 4 1 1.495 61.572 174
2322 4 1 1.495 61.572 174
2323 8 1 1.495 61.572 174
2324 8 1 1.495 61.572 174
2325 4 1 1.495 61.572 174
2326 4 1 1.495 61.572 174
2327 4 1 1.495 61.572 174
2328 4 1 1.495 61.572 174
2329 4 1 1.495 61.572 174
2330 4 1 1.495 61.572 174
2331 4 1 1.495 61.572 174
2332 4 1 1.495 61.572 174
2333 4 1 1.495 61.572 174
2334 4 1 1.495 61.572 174
2335 4 1 1.495 61.572 174
2336 8 1 1.495 61.572 174
2337 8 1 1.495 61.572 174
2338 4 1 1.495 61.572 174
2339 4 1 1.495 61.572 174
2340 1 1 53.656 39.49 175
2341 1 1 53.656 39.49 175
2342 1 1 53.656 39.49 175
2343 1 1 53.656 39.49 175
2344 1 1 53.656 39.49 175
2345 1 1 53.656 39.49 175
2346 1 1 53.656 39.49 175
2347 1 1 53.656 39.49 175
2348 1 1 53.656 39.49 175
2349 1 1 53.656 39.49 175
2350 1 1 53.656 39.49 175
2351 4 1 13.8 44.049 176
2352 4 1 13.8 44.049 176
2353 4 1 13.8 44.049 176
2354 4 1 13.8 44.049 176
2355 8 1 13.8 44.049 176
2356 4 1 13.8 44.049 176
2357 4 1 13.8 44.049 176
2358 4 1 13.8 44.049 176
2359 4 1 13.8 44.049 176
2360 4 1 13.8 44.049 176
2361 8 1 13.8 44.049 176
2362 4 1 13.8 44.049 176
2363 4 1 13.8 44.049 176
2364 4 1 13.8 44.049 176
2365 4 1 13.8 44.049 176
2366 4 1 13.8 44.049 176
2367 4 1 13.8 44.049 176
2368 4 1 13.8 44.049 176
2369 4 1 13.8 44.049 176
2370 4 1 13.8 44.049 176
2371 2 1 -27.478 -20.758 177
2372 2 1 -27.478 -20.758 177
2373 2 1 -27.478 -20.758 177
2374 2 1 -27.478 -20.758 177
2375 2 1 -27.478 -20.758 177
2376 2 1 -27.478 -20.758 177
2377 2 1 -27.478 -20.758 177
2378 2 1 -27.478 -20.758 177
2379 4 1 2.57 -34.857 178
2380 4 1 2.57 -34.857 178
2381 4 1 2.57 -34.857 178
2382 8 1 2.399 53.168 179
2383 1 1 2.399 53.168 179
2384 1 1 2.399 53.168 179
2385 1 1 2.399 53.168 179
2386 1 1 2.399 53.168 179
2387 1 1 2.399 53.168 179
2388 1 1 2.399 53.168 179
2389 1 1 2.399 53.168 179
2390 1 1 2.399 53.168 179
2391 1 1 2.399 53.168 179
2392 8 1 2.399 53.168 179
2393 1 1 2.399 53.168 179
2394 1 1 2.399 53.168 179
2395 8 1 2.399 53.168 179
2396 1 1 2.399 53.168 179
2397 8 1 2.399 53.168 179
2398 1 1 2.399 53.168 179
2399 8 1 -1.324 83.74 180
2400 1 1 -1.324 83.74 180
2401 1 1 -1.324 83.74 180
2402 1 1 -1.324 83.74 180
2403 1 1 -1.324 83.74 180
2404 1 1 -1.324 83.74 180
2405 8 1 -1.324 83.74 180
2406 1 1 -1.324 83.74 180
2407 4 1 26.251 43.134 181
2408 4 1 26.251 43.134 181
2409 8 1 26.251 43.134 181
2410 8 1 26.251 43.134 181
2411 8 1 26.251 43.134 181
2412 4 1 26.251 43.134 181
2413 4 1 26.251 43.134 181
2414 4 1 26.251 43.134 181
2415 4 1 26.251 43.134 181
2416 4 1 26.251 43.134 181
2417 4 1 26.251 43.134 181
2418 4 1 26.251 43.134 181
2419 8 1 48.364 60.938 182
2420 1 1 48.364 60.938 182
2421 8 1 48.364 60.938 182
2422 1 1 48.364 60.938 182
2423 1 1 48.364 60.938 182
2424 4 1 35.004 -13.428 183
2425 4 1 35.004 -13.428 183
2426 4 1 35.004 -13.428 183
2427 4 1 35.004 -13.428 183
2428 4 1 35.004 -13.428 183
2429 1 1 -62.83 -20.056 184
2430 1 1 -62.83 -20.056 184
2431 1 1 -62.83 -20.056 184
2432 1 1 -62.83 -20.056 184
2433 8 1 -62.83 -20.056 184
2434 1 1 -62.83 -20.056 184
2435 1 1 -62.83 -20.056 184
2436 8 1 -62.83 -20.056 184
2437 1 1 -62.83 -20.056 184
2438 1 1 -62.83 -20.056 184
2439 8 1 -62.83 -20.056 184
2440 1 1 -62.83 -20.056 184
2441 1 1 -62.83 -20.056 184
2442 8 1 -62.83 -20.056 184
2443 1 1 -62.83 -20.056 184
2444 1 1 -62.83 -20.056 184
2445 1 1 -62.83 -20.056 184
2446 1 1 -62.83 -20.056 184
2447 8 1 43.817 -89.404 185
2448 4 1 43.817 -89.404 185
2449 8 1 43.817 -89.404 185
2450 4 1 43.817 -89.404 185
2451 8 1 43.817 -89.404 185
2452 4 1 43.817 -89.404 185
2453 1 1 57.294 28.101 186
2454 1 1 57.294 28.101 186
2455 1 1 57.294 28.101 186
2456 1 1 57.294 28.101 186
2457 1 1 57.294 28.101 186
2458 1 1 57.294 28.101 186
2459 1 1 57.294 28.101 186
2460 1 1 57.294 28.101 186
2461 2 1 57.294 28.101 186
2462 2 1 57.294 28.101 186
2463 1 1 57.294 28.101 186
2464 1 1 57.294 28.101 186
2465 1 1 57.294 28.101 186
2466 1 1 57.294 28.101 186
2467 1 1 57.294 28.101 186
2468 2 1 57.294 28.101 186
2469 2 1 57.294 28.101 186
2470 2 1 57.294 28.101 186
2471 2 1 57.294 28.101 186
2472 2 1 57.294 28.101 186
2473 1 1 57.294 28.101 186
2474 1 1 57.294 28.101 186
2475 1 1 57.294 28.101 186
2476 1 1 9.106 -4.449 187
2477 2 1 9.106 -4.449 187
2478 2 1 9.106 -4.449 187
2479 2 1 9.106 -4.449 187
2480 1 1 9.106 -4.449 187
2481 1 1 9.106 -4.449 187
2482 1 1 9.106 -4.449 187
2483 1 1 9.106 -4.449 187
2484 1 1 9.106 -4.449 187
2485 1 1 9.106 -4.449 187
2486 1 1 9.106 -4.449 187
2487 2 1 9.106 -4.449 187
2488 1 1 9.106 -4.449 187
2489 1 1 9.106 -4.449 187
2490 2 1 53.284 67.542 188
2491 2 1 53.284 67.542 188
2492 1 1 53.284 67.542 188
2493 1 1 53.284 67.542 188
2494 1 1 53.284 67.542 188
2495 1 1 53.284 67.542 188
2496 1 1 53.284 67.542 188
2497 1 1 53.284 67.542 188
2498 1 1 53.284 67.542 188
2499 2 1 53.284 67.542 188
2500 1 1 53.284 67.542 188
2501 1 1 53.284 67.542 188
2502 1 1 53.284 67.542 188
2503 1 1 53.284 67.542 188
2504 1 1 53.284 67.542 188
2505 2 1 53.284 67.542 188
2506 2 1 53.284 67.542 188
2507 1 1 28.503 77.966 189
2508 1 1 56.83 -67.926 190
2509 1 1 56.83 -67.926 190
2510 1 1 56.83 -67.926 190
2511 1 1 56.83 -67.926 190
2512 1 1 56.83 -67.926 190
2513 1 1 56.83 -67.926 190
2514 1 1 56.83 -67.926 190
2515 1 1 56.83 -67.926 190
2516 8 1 56.83 -67.926 190
2517 8 1 56.83 -67.926 190
2518 1 1 56.83 -67.926 190
2519 1 1 56.83 -67.926 190
2520 1 1 56.83 -67.926 190
2521 1 1 56.83 -67.926 190
2522 1 1 56.83 -67.926 190
2523 1 1 56.83 -67.926 190
2524 1 1 51.862 70.691 191
2525 1 1 51.862 70.691 191
2526 1 1 51.862 70.691 191
2527 1 1 51.862 70.691 191
2528 8 1 51.862 70.691 191
2529 1 1 51.862 70.691 191
2530 1 1 51.862 70.691 191
2531 1 1 51.862 70.691 191
2532 1 1 51.862 70.691 191
2533 8 1 51.862 70.691 191
2534 1 1 51.862 70.691 191
2535 1 1 51.862 70.691 191
2536 1 1 51.862 70.691 191
2537 1 1 51.862 70.691 191
2538 1 1 51.862 70.691 191
2539 1 1 51.862 70.691 191
2540 1 1 51.862 70.691 191
2541 1 1 51.862 70.691 191
2542 1 1 51.862 70.691 191
2543 1 1 52.032 24.188 192
2544 1 1 52.032 24.188 192
2545 1 1 52.032 24.188 192
2546 8 1 52.032 24.188 192
2547 1 1 52.032 24.188 192
2548 1 1 52.032 24.188 192
2549 1 1 52.032 24.188 192
2550 1 1 52.032 24.188 192
2551 1 1 52.032 24.188 192
2552 1 1 52.032 24.188 192
2553 1 1 70.178 35.199 193
2554 8 1 70.178 35.199 193
2555 1 1 70.178 35.199 193
2556 1 1 70.178 35.199 193
2557 1 1 70.178 35.199 193
2558 1 1 70.178 35.199 193
2559 8 1 70.178 35.199 193
2560 8 1 70.178 35.199 193
2561 1 1 70.178 35.199 193
2562 1 1 70.178 35.199 193
2563 8 1 70.178 35.199 193
2564 1 1 70.178 35.199 193
2565 1 1 70.178 35.199 193
2566 1 1 70.178 35.199 193
2567 1 1 70.178 35.199 193
2568 1 1 70.178 35.199 193
2569 1 1 70.178 35.199 193
2570 1 1 70.178 35.199 193
2571 1 1 70.178 35.199 193
2572 8 1 70.178 35.199 193
2573 1 1 70.178 35.199 193
2574 1 1 70.178 35.199 193
2575 1 1 70.178 35.199 193
2576 1 1 -25.531 -25.195 194
2577 8 1 -25.531 -25.195 194
2578 1 1 -25.531 -25.195 194
2579 1 1 -25.531 -25.195 194
2580 1 1 55.56 22.424 195
2581 1 1 19.055 -10.608 196
2582 2 1 19.055 -10.608 196
2583 2 1 19.055 -10.608 196
2584 1 1 19.055 -10.608 196
2585 1 1 19.055 -10.608 196
2586 1 1 19.055 -10.608 196
2587 1 1 19.055 -10.608 196
2588 1 1 19.055 -10.608 196
2589 1 1 19.055 -10.608 196
2590 1 1 19.055 -10.608 196
2591 1 1 19.055 -10.608 196
2592 1 1 19.055 -10.608 196
2593 1 1 19.055 -10.608 196
2594 1 1 19.055 -10.608 196
2595 2 1 19.055 -10.608 196
2596 1 1 19.055 -10.608 196
2597 1 1 19.055 -10.608 196
2598 1 1 19.055 -10.608 196
2599 1 1 19.055 -10.608 196
2600 2 1 75.696 69.031 197
2601 1 1 75.696 69.031 197
2602 1 1 75.696 69.031 197
2603 2 1 75.696 69.031 197
2604 1 1 75.696 69.031 197
2605 1 1 75.696 69.031 197
2606 1 1 75.696 69.031 197
2607 2 1 75.696 69.031 197
2608 2 1 75.696 69.031 197
2609 1 1 75.696 69.031 197
2610 2 1 75.696 69.031 197
2611 1 1 75.696 69.031 197
2612 1 1 75.696 69.031 197
2613 2 1 75.696 69.031 197
2614 1 1 75.696 69.031 197
2615 1 1 75.696 69.031 197
2616 2 1 75.696 69.031 197
2617 1 1 75.696 69.031 197
2618 1 1 75.696 69.031 197
2619 1 1 75.696 69.031 197
2620 1 1 75.696 69.031 197
2621 1 1 75.696 69.031 197
2622 1 1 75.696 69.031 197
2623 2 1 75.696 69.031 197
2624 4 1 81.702 6.732 198
2625 8 1 81.702 6.732 198
2626 8 1 81.702 6.732 198
2627 4 1 81.702 6.732 198
2628 4 1 81.702 6.732 198
2629 4 1 81.702 6.732 198
2630 4 1 81.702 6.732 198
2631 4 1 81.702 6.732 198
2632 4 1 81.702 6.732 198
2633 8 1 81.702 6.732 198
2634 4 1 81.702 6.732 198
2635 4 1 81.702 6.732 198
2636 4 1 81.702 6.732 198
2637 4 1 81.702 6.732 198
2638 4 1 81.702 6.732 198
2639 4 1 81.702 6.732 198
2640 1 1 -22.113 63.953 199
2641 2 1 -22.113 63.953 199
2642 1 1 -22.113 63.953 199
2643 2 1 -22.113 63.953 199
2644 2 1 -22.113 63.953 199
2645 1 1 -22.113 63.953 199
2646 2 1 -22.113 63.953 199
2647 1 1 -22.113 63.953 199
2648 1 1 -22.113 63.953 199
2649 1 1 -7.098 -14.24 200
2650 1 1 -7.098 -14.24 200
2651 1 1 -7.098 -14.24 200
2652 1 1 -7.098 -14.24 200
2653 1 1 -7.098 -14.24 200
2654 1 1 -7.098 -14.24 200
2655 1 1 -7.098 -14.24 200
2656 1 1 -7.098 -14.24 200
2657 1 1 -7.098 -14.24 200
2658 1 1 -7.098 -14.24 200
2659 8 1 -7.098 -14.24 200
2660 8 1 -7.098 -14.24 200
2661 1 1 -7.098 -14.24 200
2662 8 1 -7.098 -14.24 200
2663 1 1 42.242 37.061 201
2664 1 1 42.242 37.061 201
2665 2 1 42.242 37.061 201
2666 2 1 88.544 -58.319 202
2667 1 1 88.544 -58.319 202
2668 4 1 46.039 16.638 203
2669 4 1 46.039 16.638 203
2670 4 1 46.039 16.638 203
2671 4 1 46.039 16.638 203
2672 4 1 46.039 16.638 203
2673 8 1 46.039 16.638 203
2674 4 1 46.039 16.638 203
2675 4 1 46.039 16.638 203
2676 4 1 46.039 16.638 203
2677 4 1 46.039 16.638 203
2678 4 1 46.039 16.638 203
2679 4 1 46.039 16.638 203
2680 4 1 46.039 16.638 203
2681 1 1 46.887 10.15 204
2682 1 1 46.887 10.15 204
2683 1 1 46.887 10.15 204
2684 1 1 46.887 10.15 204
2685 1 1 46.887 10.15 204
2686 1 1 46.887 10.15 204
2687 1 1 46.887 10.15 204
2688 1 1 46.887 10.15 204
2689 1 1 46.887 10.15 204
2690 1 1 46.887 10.15 204
2691 1 1 46.887 10.15 204
2692 1 1 46.887 10.15 204
2693 1 1 46.887 10.15 204
2694 1 1 46.887 10.15 204
2695 1 1 46.887 10.15 204
2696 1 1 46.887 10.15 204
2697 1 1 46.887 10.15 204
2698 1 1 46.887 10.15 204
2699 1 1 46.887 10.15 204
2700 2 1 46.887 10.15 204
2701 2 1 46.887 10.15 204
2702 1 1 46.887 10.15 204
2703 1 1 46.887 10.15 204
2704 1 1 15.039 -6.903 205
2705 1 1 15.039 -6.903 205
2706 1 1 15.039 -6.903 205
2707 2 1 15.039 -6.903 205
2708 1 1 15.039 -6.903 205
2709 2 1 15.039 -6.903 205
2710 1 1 15.039 -6.903 205
2711 1 1 15.039 -6.903 205
2712 1 1 15.039 -6.903 205
2713 1 1 15.039 -6.903 205
2714 1 1 15.039 -6.903 205
2715 1 1 15.039 -6.903 205
2716 2 1 15.039 -6.903 205
2717 1 1 15.039 -6.903 205
2718 1 1 15.039 -6.903 205
2719 2 1 15.039 -6.903 205
2720 1 1 15.039 -6.903 205
2721 1 1 15.039 -6.903 205
2722 1 1 15.039 -6.903 205
2723 1 1 15.039 -6.903 205
2724 1 1 15.039 -6.903 205
2725 2 1 15.039 -6.903 205
2726 1 1 15.039 -6.903 205
2727 1 1 15.039 -6.903 205
2728 2 1 57.159 -59.515 206
2729 2 1 57.159 -59.515 206
2730 2 1 57.159 -59.515 206
2731 2 1 57.159 -59.515 206
2732 4 1 57.159 -59.515 206
2733 1 1 -4.199 -21.991 207
2734 8 1 -4.199 -21.991 207
2735 1 1 -4.199 -21.991 207
2736 8 1 -4.199 -21.991 207
2737 8 1 -4.199 -21.991 207
2738 1 1 -4.199 -21.991 207
2739 8 1 -4.199 -21.991 207
2740 8 1 -4.199 -21.991 207
2741 1 1 -4.199 -21.991 207
2742 8 1 -4.199 -21.991 207
2743 1 1 -4.199 -21.991 207
2744 1 1 -4.199 -21.991 207
2745 8 1 -4.199 -21.991 207
2746 1 1 -4.199 -21.991 207
2747 1 1 -4.199 -21.991 207
2748 1 1 -4.199 -21.991 207
2749 1 1 -4.199 -21.991 207
2750 1 1 -4.199 -21.991 207
2751 1 1 69.482 29.919 208
2752 1 1 69.482 29.919 208
2753 1 1 69.482 29.919 208
2754 1 1 69.482 29.919 208
2755 1 1 69.482 29.919 208
2756 1 1 69.482 29.919 208
2757 1 1 69.482 29.919 208
2758 1 1 69.482 29.919 208
2759 1 1 69.482 29.919 208
2760 1 1 69.482 29.919 208
2761 8 1 69.482 29.919 208
2762 1 1 69.482 29.919 208
2763 1 1 69.482 29.919 208
2764 1 1 69.482 29.919 208
2765 8 1 69.482 29.919 208
2766 1 1 69.482 29.919 208
2767 8 1 69.482 29.919 208
2768 1 1 69.482 29.919 208
2769 1 1 69.482 29.919 208
2770 4 1 9.93 54.114 209
2771 4 1 9.93 54.114 209
2772 8 1 9.93 54.114 209
2773 4 1 9.93 54.114 209
2774 4 1 9.93 54.114 209
2775 4 1 9.93 54.114 209
2776 4 1 9.93 54.114 209
2777 4 1 9.93 54.114 209
2778 4 1 9.93 54.114 209
2779 4 1 9.93 54.114 209
2780 4 1 9.93 54.114 209
2781 4 1 9.93 54.114 209
2782 4 1 9.93 54.114 209
2783 4 1 9.93 54.114 209
2784 4 1 9.93 54.114 209
2785 4 1 9.93 54.114 209
2786 8 1 9.93 54.114 209
2787 4 1 9.93 54.114 209
2788 2 1 -32.428 53.387 210
2789 4 1 -32.428 53.387 210
2790 2 1 -32.428 53.387 210
2791 4 1 -32.428 53.387 210
2792 2 1 -32.428 53.387 210
2793 4 1 -32.428 53.387 210
2794 2 1 -32.428 53.387 210
2795 2 1 -32.428 53.387 210
2796 2 1 -32.428 53.387 210
2797 2 1 -32.428 53.387 210
2798 2 1 -32.428 53.387 210
2799 2 1 -32.428 53.387 210
2800 2 1 23.444 54.944 211
2801 2 1 23.444 54.944 211
2802 2 1 23.444 54.944 211
2803 4 1 23.444 54.944 211
2804 2 1 23.444 54.944 211
2805 2 1 23.444 54.944 211
2806 2 1 23.444 54.944 211
2807 2 1 23.444 54.944 211
2808 2 1 23.444 54.944 211
2809 2 1 23.444 54.944 211
2810 4 1 23.444 54.944 211
2811 2 1 23.444 54.944 211
2812 2 1 23.444 54.944 211
2813 2 1 23.444 54.944 211
2814 2 1 23.444 54.944 211
2815 2 1 23.444 54.944 211
2816 2 1 23.444 54.944 211
2817 4 1 23.444 54.944 211
2818 4 1 23.444 54.944 211
2819 2 1 23.444 54.944 211
2820 2 1 23.444 54.944 211
2821 4 1 23.444 54.944 211
2822 4 1 23.444 54.944 211
2823 8 1 68.512 68.317 212
2824 1 1 68.512 68.317 212
2825 1 1 68.512 68.317 212
2826 1 1 68.512 68.317 212
2827 1 1 68.512 68.317 212
2828 2 1 81.866 42.072 213
2829 4 1 81.866 42.072 213
2830 2 1 81.866 42.072 213
2831 8 1 12.335 -76.672 214
2832 1 1 12.335 -76.672 214
2833 1 1 12.335 -76.672 214
2834 1 1 12.335 -76.672 214
2835 8 1 12.335 -76.672 214
2836 1 1 77.252 -17.963 215
2837 8 1 77.252 -17.963 215
2838 1 1 77.252 -17.963 215
2839 8 1 77.252 -17.963 215
2840 1 1 77.252 -17.963 215
2841 8 1 77.252 -17.963 215
2842 1 1 77.252 -17.963 215
2843 1 1 77.252 -17.963 215
2844 1 1 77.252 -17.963 215
2845 1 1 77.252 -17.963 215
2846 1 1 77.252 -17.963 215
2847 1 1 77.252 -17.963 215
2848 1 1 77.252 -17.963 215
2849 1 1 77.252 -17.963 215
2850 1 1 77.252 -17.963 215
2851 1 1 77.252 -17.963 215
2852 8 1 -40.71 -72.26 216
2853 1 1 -40.71 -72.26 216
2854 1 1 -40.71 -72.26 216
2855 1 1 -40.71 -72.26 216
2856 1 1 -40.71 -72.26 216
2857 1 1 -40.71 -72.26 216
2858 1 1 -40.71 -72.26 216
2859 1 1 -40.71 -72.26 216
2860 1 1 -40.71 -72.26 216
2861 1 1 -40.71 -72.26 216
2862 1 1 -40.71 -72.26 216
2863 8 1 -40.71 -72.26 216
2864 1 1 -40.71 -72.26 216
2865 1 1 -40.71 -72.26 216
2866 2 1 -20.618 -18.665 217
2867 2 1 -20.618 -18.665 217
2868 2 1 -20.618 -18.665 217
2869 8 1 51.868 41.345 218
2870 8 1 51.868 41.345 218
2871 8 1 51.868 41.345 218
2872 8 1 51.868 41.345 218
2873 8 1 51.868 41.345 218
2874 8 1 51.868 41.345 218
2875 8 1 51.868 41.345 218
2876 8 1 51.868 41.345 218
2877 8 1 51.868 41.345 218
2878 8 1 51.868 41.345 218
2879 8 1 51.868 41.345 218
2880 8 1 51.868 41.345 218
2881 8 1 51.868 41.345 218
2882 8 1 51.868 41.345 218
2883 8 1 51.868 41.345 218
2884 8 1 51.868 41.345 218
2885 2 1 45.673 33.35 219
2886 2 1 45.673 33.35 219
2887 2 1 45.673 33.35 219
2888 2 1 45.673 33.35 219
2889 2 1 45.673 33.35 219
2890 2 1 45.673 33.35 219
2891 2 1 45.673 33.35 219
2892 2 1 45.673 33.35 219
2893 2 1 45.673 33.35 219
2894 2 1 45.673 33.35 219
2895 2 1 45.673 33.35 219
2896 2 1 45.673 33.35 219
2897 2 1 45.673 33.35 219
2898 2 1 45.673 33.35 219
2899 2 1 -49.432 14.96 220
2900 2 1 -49.432 14.96 220
2901 2 1 -49.432 14.96 220
2902 2 1 -49.432 14.96 220
2903 2 1 -49.432 14.96 220
2904 2 1 -49.432 14.96 220
2905 2 1 -49.432 14.96 220
2906 2 1 -49.432 14.96 220
2907 2 1 -49.432 14.96 220
2908 2 1 -49.432 14.96 220
2909 2 1 -49.432 14.96 220
2910 2 1 -49.432 14.96 220
2911 2 1 -49.432 14.96 220
2912 2 1 -49.432 14.96 220
2913 2 1 -49.432 14.96 220
2914 2 1 -49.432 14.96 220
2915 2 1 -48.279 -15.643 221
2916 2 1 -48.279 -15.643 221
2917 2 1 -48.279 -15.643 221
2918 2 1 -48.279 -15.643 221
2919 2 1 -48.279 -15.643 221
2920 2 1 -48.279 -15.643 221
2921 2 1 -48.279 -15.643 221
2922 2 1 -48.279 -15.643 221
2923 2 1 -48.279 -15.643 221
2924 2 1 -48.279 -15.643 221
2925 2 1 -48.279 -15.643 221
2926 2 1 -48.279 -15.643 221
2927 2 1 -48.279 -15.643 221
2928 2 1 -48.279 -15.643 221
2929 2 1 -48.279 -15.643 221
2930 2 1 -48.279 -15.643 221
2931 1 1 -42.786 -18.353 222
2932 1 1 -42.786 -18.353 222
2933 1 1 -42.786 -18.353 222
2934 1 1 -42.786 -18.353 222
2935 1 1 -42.786 -18.353 222
2936 8 1 19.922 -9.149 223
2937 8 1 19.922 -9.149 223
2938 8 1 19.922 -9.149 223
2939 8 1 19.922 -9.149 223
2940 8 1 19.922 -9.149 223
2941 8 1 19.922 -9.149 223
2942 8 1 19.922 -9.149 223
2943 8 1 19.922 -9.149 223
2944 8 1 19.922 -9.149 223
2945 8 1 19.922 -9.149 223
2946 8 1 19.922 -9.149 223
2947 8 1 19.922 -9.149 223
2948 8 1 19.922 -9.149 223
2949 8 1 19.922 -9.149 223
2950 1 1 24.518 -28.003 224
2951 1 1 24.518 -28.003 224
2952 1 1 24.518 -28.003 224
2953 1 1 24.518 -28.003 224
2954 1 1 24.518 -28.003 224
2955 1 1 24.518 -28.003 224
2956 1 1 24.518 -28.003 224
2957 1 1 24.518 -28.003 224
2958 1 1 24.518 -28.003 224
2959 1 1 24.518 -28.003 224
2960 1 1 24.518 -28.003 224
2961 1 1 24.518 -28.003 224
2962 1 1 24.518 -28.003 224
2963 1 1 24.518 -28.003 224
2964 1 1 24.518 -28.003 224
2965 1 1 24.518 -28.003 224
2966 1 1 24.518 -28.003 224
2967 1 1 24.518 -28.003 224
2968 8 1 39.099 -24.023 225
2969 8 1 39.099 -24.023 225
2970 8 1 39.099 -24.023 225
2971 8 1 39.099 -24.023 225
2972 8 1 39.099 -24.023 225
2973 1 1 83.716 -57.886 226
2974 1 1 83.716 -57.886 226
2975 1 1 83.716 -57.886 226
2976 1 1 83.716 -57.886 226
2977 1 1 83.716 -57.886 226
2978 1 1 83.716 -57.886 226
2979 1 1 83.716 -57.886 226
2980 1 1 83.716 -57.886 226
2981 1 1 83.716 -57.886 226
2982 1 1 83.716 -57.886 226
2983 1 1 83.716 -57.886 226
2984 1 1 83.716 -57.886 226
2985 1 1 83.716 -57.886 226
2986 1 1 41.455 5.505 227
2987 1 1 41.455 5.505 227
2988 1 1 41.455 5.505 227
2989 1 1 41.455 5.505 227
2990 1 1 41.455 5.505 227
2991 1 1 41.455 5.505 227
2992 1 1 41.455 5.505 227
2993 1 1 41.455 5.505 227
2994 1 1 41.455 5.505 227
2995 4 1 47.174 -36.285 228
2996 4 1 47.174 -36.285 228
2997 4 1 47.174 -36.285 228
2998 4 1 47.174 -36.285 228
2999 4 1 47.174 -36.285 228
3000 4 1 47.174 -36.285 228
3001 4 1 47.174 -36.285 228
3002 4 1 47.174 -36.285 228
3003 4 1 47.174 -36.285 228
3004 4 1 47.174 -36.285 228
3005 4 1 47.174 -36.285 228
3006 4 1 47.174 -36.285 228
3007 4 1 47.174 -36.285 228
3008 2 1 -28.925 -20.648 229
3009 8 1 25.934 -46.606 230
3010 8 1 25.934 -46.606 230
3011 8 1 25.934 -46.606 230
3012 8 1 25.934 -46.606 230
3013 8 1 25.934 -46.606 230
3014 8 1 25.934 -46.606 230
3015 8 1 25.934 -46.606 230
3016 8 1 25.934 -46.606 230
3017 8 1 25.934 -46.606 230
3018 8 1 25.934 -46.606 230
3019 8 1 25.934 -46.606 230
3020 8 1 25.934 -46.606 230
3021 8 1 25.934 -46.606 230
3022 8 1 25.934 -46.606 230
3023 8 1 25.934 -46.606 230
3024 8 1 25.934 -46.606 230
3025 8 1 25.934 -46.606 230
3026 8 1 25.934 -46.606 230
3027 8 1 25.934 -46.606 230
3028 8 1 25.934 -46.606 230
3029 8 1 25.934 -46.606 230
3030 8 1 25.934 -46.606 230
3031 8 1 25.934 -46.606 230
3032 4 1 27.405 77.545 231
3033 4 1 27.405 77.545 231
3034 4 1 27.405 77.545 231
3035 8 1 75.897 19.006 232
3036 8 1 75.897 19.006 232
3037 8 1 75.897 19.006 232
3038 8 1 75.897 19.006 232
3039 8 1 75.897 19.006 232
3040 8 1 75.897 19.006 232
3041 8 1 75.897 19.006 232
3042 8 1 75.897 19.006 232
3043 8 1 75.897 19.006 232
3044 8 1 75.897 19.006 232
3045 8 1 75.897 19.006 232
3046 8 1 75.897 19.006 232
3047 8 1 75.897 19.006 232
3048 8 1 75.897 19.006 232
3049 8 1 75.897 19.006 232
3050 8 1 75.897 19.006 232
3051 8 1 75.897 19.006 232
3052 8 1 75.897 19.006 232
3053 2 1 33.899 -20.923 233
3054 2 1 33.899 -20.923 233
3055 2 1 33.899 -20.923 233
3056 2 1 33.899 -20.923 233
3057 2 1 33.899 -20.923 233
3058 2 1 33.899 -20.923 233
3059 2 1 33.899 -20.923 233
3060 2 1 33.899 -20.923 233
3061 4 1 -44.91 -65.68 234
3062 4 1 -44.91 -65.68 234
3063 4 1 -44.91 -65.68 234
3064 4 1 -44.91 -65.68 234
3065 4 1 -44.91 -65.68 234
3066 4 1 -44.91 -65.68 234
3067 4 1 -44.91 -65.68 234
3068 4 1 -44.91 -65.68 234
3069 4 1 -44.91 -65.68 234
3070 4 1 -44.91 -65.68 234
3071 4 1 -44.91 -65.68 234
3072 4 1 -44.91 -65.68 234
3073 4 1 -44.91 -65.68 234
3074 4 1 -44.91 -65.68 234
3075 2 1 -4.755 -25.751 235
3076 2 1 -4.755 -25.751 235
3077 2 1 -4.755 -25.751 235
3078 2 1 -4.755 -25.751 235
3079 2 1 -4.755 -25.751 235
3080 2 1 -4.755 -25.751 235
3081 2 1 -4.755 -25.751 235
3082 2 1 -4.755 -25.751 235
3083 2 1 -4.755 -25.751 235
3084 2 1 -4.755 -25.751 235
3085 2 1 -4.755 -25.751 235
3086 2 1 -4.755 -25.751 235
3087 2 1 -4.755 -25.751 235
3088 2 1 -4.755 -25.751 235
3089 2 1 -4.755 -25.751 235
3090 2 1 -4.755 -25.751 235
3091 2 1 -4.755 -25.751 235
3092 2 1 -4.755 -25.751 235
3093 2 1 -4.755 -25.751 235
3094 2 1 -4.755 -25.751 235
3095 1 1 53.723 -46.741 236
3096 1 1 53.723 -46.741 236
3097 1 1 53.723 -46.741 236
3098 1 1 53.723 -46.741 236
3099 1 1 53.723 -46.741 236
3100 1 1 53.723 -46.741 236
3101 1 1 53.723 -46.741 236
3102 1 1 53.723 -46.741 236
3103 1 1 53.723 -46.741 236
3104 1 1 53.723 -46.741 236
3105 1 1 53.723 -46.741 236
3106 1 1 53.723 -46.741 236
3107 1 1 53.723 -46.741 236
3108 1 1 53.723 -46.741 236
3109 4 1 38.464 43.787 237
3110 4 1 38.464 43.787 237
3111 4 1 38.464 43.787 237
3112 4 1 38.464 43.787 237
3113 4 1 38.464 43.787 237
3114 4 1 38.464 43.787 237
3115 4 1 38.464 43.787 237
3116 4 1 38.464 43.787 237
3117 4 1 38.464 43.787 237
3118 4 1 38.464 43.787 237
3119 4 1 38.464 43.787 237
3120 4 1 38.464 43.787 237
3121 4 1 38.464 43.787 237
3122 4 1 38.464 43.787 237
3123 4 1 38.464 43.787 237
3124 4 1 38.464 43.787 237
3125 4 1 38.464 43.787 237
3126 4 1 38.464 43.787 237
3127 4 1 38.464 43.787 237
3128 4 1 38.464 43.787 237
3129 4 1 38.464 43.787 237
3130 4 1 38.464 43.787 237
3131 4 1 38.464 43.787 237
3132 4 1 38.464 43.787 237
3133 1 1 -21.112 -27.582 238
3134 1 1 -21.112 -27.582 238
3135 1 1 -21.112 -27.582 238
3136 1 1 -21.112 -27.582 238
3137 1 1 -21.112 -27.582 238
3138 1 1 -21.112 -27.582 238
3139 1 1 -21.112 -27.582 238
3140 1 1 -21.112 -27.582 238
3141 1 1 -21.112 -27.582 238
3142 1 1 -21.112 -27.582 238
3143 1 1 -21.112 -27.582 238
3144 1 1 -21.112 -27.582 238
3145 1 1 -21.112 -27.582 238
3146 1 1 -21.112 -27.582 238
3147 1 1 -21.112 -27.582 238
3148 1 1 -21.112 -27.582 238
3149 4 1 -7.66 -56.677 239
3150 4 1 -7.66 -56.677 239
3151 4 1 -7.66 -56.677 239
3152 4 1 -7.66 -56.677 239
3153 2 1 32.513 31.396 240
3154 2 1 32.513 31.396 240
3155 2 1 32.513 31.396 240
3156 2 1 32.513 31.396 240
3157 2 1 32.513 31.396 240
3158 2 1 32.513 31.396 240
3159 2 1 32.513 31.396 240
3160 1 1 56.091 70.782 241
3161 1 1 56.091 70.782 241
3162 1 1 56.091 70.782 241
3163 1 1 56.091 70.782 241
3164 1 1 56.091 70.782 241
3165 1 1 56.091 70.782 241
3166 1 1 56.091 70.782 241
3167 1 1 56.091 70.782 241
3168 1 1 56.091 70.782 241
3169 1 1 56.091 70.782 241
3170 1 1 56.091 70.782 241
3171 1 1 56.091 70.782 241
3172 1 1 56.091 70.782 241
3173 1 1 56.091 70.782 241
3174 1 1 56.091 70.782 241
3175 1 1 56.091 70.782 241
3176 1 1 56.091 70.782 241
3177 1 1 56.091 70.782 241
3178 1 1 56.091 70.782 241
3179 1 1 56.091 70.782 241
3180 8 1 -21.326 -21.417 242
3181 8 1 -21.326 -21.417 242
3182 8 1 -21.326 -21.417 242
3183 8 1 -21.326 -21.417 242
3184 4 1 55.902 -31.177 243
3185 4 1 55.902 -31.177 243
3186 4 1 55.902 -31.177 243
3187 4 1 55.902 -31.177 243
3188 4 1 55.902 -31.177 243
3189 4 1 55.902 -31.177 243
3190 4 1 55.902 -31.177 243
3191 4 1 55.902 -31.177 243
3192 4 1 55.902 -31.177 243
3193 1 1 72.119 31.763 244
3194 1 1 72.119 31.763 244
3195 1 1 72.119 31.763 244
3196 1 1 72.119 31.763 244
3197 1 1 72.119 31.763 244
3198 1 1 72.119 31.763 244
3199 1 1 72.119 31.763 244
3200 1 1 72.119 31.763 244
3201 1 1 72.119 31.763 244
3202 1 1 72.119 31.763 244
3203 2 1 4.071 -8.002 245
3204 2 1 4.071 -8.002 245
3205 2 1 4.071 -8.002 245
3206 2 1 4.071 -8.002 245
3207 2 1 4.071 -8.002 245
3208 2 1 4.071 -8.002 245
3209 2 1 4.071 -8.002 245
3210 2 1 4.071 -8.002 245
3211 2 1 4.071 -8.002 245
3212 2 1 4.071 -8.002 245
3213 2 1 4.071 -8.002 245
3214 2 1 4.071 -8.002 245
3215 2 1 4.071 -8.002 245
3216 2 1 4.071 -8.002 245
3217 2 1 4.071 -8.002 245
3218 4 1 -11.414 3.003 246
3219 4 1 -11.414 3.003 246
3220 4 1 -11.414 3.003 246
3221 4 1 -11.414 3.003 246
3222 4 1 -11.414 3.003 246
3223 4 1 -11.414 3.003 246
3224 4 1 -11.414 3.003 246
3225 4 1 -11.414 3.003 246
3226 4 1 -11.414 3.003 246
3227 4 1 -11.414 3.003 246
3228 4 1 54.84 53.693 247
3229 4 1 54.84 53.693 247
3230 4 1 54.84 53.693 247
3231 4 1 54.84 53.693 247
3232 1 1 22.699 46.997 248
3233 1 1 22.699 46.997 248
3234 1 1 22.699 46.997 248
3235 1 1 22.699 46.997 248
3236 1 1 22.699 46.997 248
3237 1 1 22.699 46.997 248
3238 1 1 22.699 46.997 248
3239 1 1 22.699 46.997 248
3240 1 1 22.699 46.997 248
3241 1 1 22.699 46.997 248
3242 1 1 22.699 46.997 248
3243 1 1 22.699 46.997 248
3244 1 1 22.699 46.997 248
3245 1 1 22.699 46.997 248
3246 1 1 22.699 46.997 248
3247 1 1 22.699 46.997 248
3248 1 1 22.699 46.997 248
3249 1 1 22.699 46.997 248
3250 1 1 22.699 46.997 248
3251 1 1 22.699 46.997 248
3252 1 1 22.699 46.997 248
3253 1 1 7.587 -17.499 249
3254 1 1 7.587 -17.499 249
3255 1 1 7.587 -17.499 249
3256 1 1 7.587 -17.499 249
3257 1 1 7.587 -17.499 249
3258 1 1 7.587 -17.499 249
3259 1 1 7.587 -17.499 249
3260 1 1 7.587 -17.499 249
3261 1 1 7.587 -17.499 249
3262 1 1 7.587 -17.499 249
3263 2 1 5.896 69.861 250
3264 2 1 5.896 69.861 250
3265 2 1 5.896 69.861 250
3266 2 1 5.896 69.861 250
3267 2 1 5.896 69.861 250
3268 2 1 5.896 69.861 250
3269 2 1 5.896 69.861 250
3270 2 1 5.896 69.861 250
3271 2 1 5.896 69.861 250
3272 2 1 5.896 69.861 250
3273 2 1 5.896 69.861 250
3274 2 1 5.896 69.861 250
3275 2 1 5.896 69.861 250
3276 2 1 5.896 69.861 250
3277 2 1 5.896 69.861 250
3278 2 1 5.896 69.861 250
3279 1 1 55.011 98.767 251
3280 1 1 55.011 98.767 251
3281 1 1 55.011 98.767 251
3282 1 1 55.011 98.767 251
3283 1 1 55.011 98.767 251
3284 1 1 55.011 98.767 251
3285 1 1 55.011 98.767 251
3286 1 1 55.011 98.767 251
3287 1 1 55.011 98.767 251
3288 1 1 55.011 98.767 251
3289 1 1 55.011 98.767 251
3290 1 1 55.011 98.767 251
3291 1 1 55.011 98.767 251
3292 1 1 55.011 98.767 251
3293 1 1 55.011 98.767 251
3294 1 1 55.011 98.767 251
3295 1 1 55.011 98.767 251
3296 1 1 55.011 98.767 251
3297 1 1 55.011 98.767 251
3298 8 1 -9.351 -36.456 252
3299 8 1 -9.351 -36.456 252
3300 8 1 -9.351 -36.456 252
3301 8 1 -9.351 -36.456 252
3302 8 1 -9.351 -36.456 252
3303 8 1 -9.351 -36.456 252
3304 8 1 -9.351 -36.456 252
3305 8 1 -9.351 -36.456 252
3306 8 1 -9.351 -36.456 252
3307 8 1 -9.351 -36.456 252
3308 8 1 -9.351 -36.456 252
3309 8 1 -9.351 -36.456 252
3310 8 1 -9.351 -36.456 252
3311 8 1 -9.351 -36.456 252
3312 8 1 -9.351 -36.456 252
3313 8 1 -9.351 -36.456 252
3314 8 1 -9.351 -36.456 252
3315 8 1 -9.351 -36.456 252
3316 8 1 -9.351 -36.456 252
3317 8 1 -9.351 -36.456 252
3318 8 1 -9.351 -36.456 252
3319 8 1 -9.351 -36.456 252
3320 8 1 -9.351 -36.456 252
3321 8 1 -9.351 -36.456 252
3322 1 1 39.319 -54.199 253
3323 1 1 39.319 -54.199 253
3324 1 1 39.319 -54.199 253
3325 1 1 39.319 -54.199 253
3326 1 1 39.319 -54.199 253
3327 1 1 39.319 -54.199 253
3328 1 1 39.319 -54.199 253
3329 1 1 39.319 -54.199 253
3330 1 1 39.319 -54.199 253
3331 1 1 39.319 -54.199 253
3332 1 1 39.319 -54.199 253
3333 1 1 39.319 -54.199 253
3334 1 1 39.319 -54.199 253
3335 1 1 39.319 -54.199 253
3336 1 1 39.319 -54.199 253
3337 1 1 39.319 -54.199 253
3338 1 1 39.319 -54.199 253
3339 1 1 39.319 -54.199 253
3340 1 1 39.319 -54.199 253
3341 1 1 39.319 -54.199 253
3342 1 1 39.319 -54.199 253
3343 1 1 39.319 -54.199 253
3344 1 1 39.319 -54.199 253
3345 4 1 43.451 -17.584 254
3346 4 1 43.451 -17.584 254
3347 4 1 43.451 -17.584 254
3348 4 1 43.451 -17.584 254
3349 4 1 43.451 -17.584 254
3350 4 1 43.451 -17.584 254
3351 4 1 43.451 -17.584 254
3352 4 1 43.451 -17.584 254
3353 4 1 43.451 -17.584 254
3354 4 1 43.451 -17.584 254
3355 4 1 43.451 -17.584 254
3356 4 1 43.451 -17.584 254
3357 4 1 43.451 -17.584 254
3358 4 1 43.451 -17.584 254
3359 4 1 43.451 -17.584 254
3360 4 1 43.451 -17.584 254
3361 2 1 17.169 -62.042 255
3362 2 1 17.169 -62.042 255
3363 2 1 17.169 -62.042 255
3364 2 1 17.169 -62.042 255
3365 2 1 17.169 -62.042 255
3366 2 1 17.169 -62.042 255
3367 2 1 17.169 -62.042 255
3368 2 1 17.169 -62.042 255
3369 2 1 17.169 -62.042 255
3370 2 1 17.169 -62.042 255
3371 2 1 17.169 -62.042 255
3372 2 1 17.169 -62.042 255
3373 2 1 17.169 -62.042 255
3374 2 1 17.169 -62.042 255
3375 2 1 17.169 -62.042 255
3376 2 1 17.169 -62.042 255
3377 2 1 17.169 -62.042 255
3378 2 1 17.169 -62.042 255
3379 2 1 17.169 -62.042 255
3380 4 1 34.65 -7.678 256
3381 4 1 34.65 -7.678 256
3382 4 1 34.65 -7.678 256
3383 4 1 34.65 -7.678 256
3384 4 1 34.65 -7.678 256
3385 2 1 64.752 33.301 257
3386 2 1 64.752 33.301 257
3387 2 1 64.752 33.301 257
3388 2 1 64.752 33.301 257
3389 2 1 64.752 33.301 257
3390 2 1 64.752 33.301 257
3391 2 1 64.752 33.301 257
3392 2 1 64.752 33.301 257
3393 2 1 64.752 33.301 257
3394 2 1 64.752 33.301 257
3395 2 1 64.752 33.301 257
3396 2 1 64.752 33.301 257
3397 2 1 64.752 33.301 257
3398 2 1 64.752 33.301 257
3399 4 1 2.924 -25.763 258
3400 4 1 2.924 -25.763 258
3401 4 1 2.924 -25.763 258
3402 4 1 2.924 -25.763 258
3403 4 1 2.924 -25.763 258
3404 4 1 2.924 -25.763 258
3405 4 1 2.924 -25.763 258
3406 4 1 2.924 -25.763 258
3407 4 1 2.924 -25.763 258
3408 4 1 2.924 -25.763 258
3409 4 1 2.924 -25.763 258
3410 4 1 2.924 -25.763 258
3411 2 1 45.404 15.741 259
3412 2 1 45.404 15.741 259
3413 2 1 45.404 15.741 259
3414 2 1 45.404 15.741 259
3415 2 1 45.404 15.741 259
3416 2 1 45.404 15.741 259
3417 2 1 45.404 15.741 259
3418 2 1 45.404 15.741 259
3419 2 1 54.694 22.314 260
3420 2 1 54.694 22.314 260
3421 2 1 54.694 22.314 260
3422 2 1 54.694 22.314 260
3423 2 1 54.694 22.314 260
3424 2 1 54.694 22.314 260
3425 2 1 54.694 22.314 260
3426 2 1 54.694 22.314 260
3427 2 1 54.694 22.314 260
3428 2 1 54.694 22.314 260
3429 2 1 54.694 22.314 260
3430 2 1 54.694 22.314 260
3431 2 1 54.694 22.314 260
3432 2 1 54.694 22.314 260
3433 2 1 54.694 22.314 260
3434 8 1 -15.405 -12.952 261
3435 8 1 31.683 -21.844 262
3436 8 1 31.683 -21.844 262
3437 8 1 31.683 -21.844 262
3438 8 1 31.683 -21.844 262
3439 8 1 31.683 -21.844 262
3440 8 1 31.683 -21.844 262
3441 8 1 31.683 -21.844 262
3442 8 1 31.683 -21.844 262
3443 8 1 31.683 -21.844 262
3444 8 1 31.683 -21.844 262
3445 8 1 31.683 -21.844 262
3446 8 1 31.683 -21.844 262
3447 8 1 31.683 -21.844 262
3448 1 1 22.174 53.149 263
3449 1 1 22.174 53.149 263
3450 1 1 22.174 53.149 263
3451 1 1 22.174 53.149 263
3452 1 1 22.174 53.149 263
3453 1 1 22.174 53.149 263
3454 1 1 22.174 53.149 263
3455 1 1 22.174 53.149 263
3456 1 1 22.174 53.149 263
3457 1 1 22.174 53.149 263
3458 1 1 22.174 53.149 263
3459 1 1 22.174 53.149 263
3460 1 1 22.174 53.149 263
3461 1 1 22.174 53.149 263
3462 1 1 22.174 53.149 263
3463 1 1 22.174 53.149 263
3464 1 1 22.174 53.149 263
3465 1 1 22.174 53.149 263
3466 1 1 22.174 53.149 263
3467 1 1 22.174 53.149 263
3468 1 1 22.174 53.149 263
3469 1 1 22.174 53.149 263
3470 1 1 22.174 53.149 263
3471 1 1 22.174 53.149 263
3472 1 1 22.174 53.149 263
3473 4 1 42.767 31.641 264
3474 4 1 42.767 31.641 264
3475 4 1 42.767 31.641 264
3476 4 1 42.767 31.641 264
3477 4 1 42.767 31.641 264
3478 4 1 42.767 31.641 264
3479 4 1 42.767 31.641 264
3480 4 1 42.767 31.641 264
3481 4 1 42.767 31.641 264
3482 4 1 42.767 31.641 264
3483 4 1 42.767 31.641 264
3484 4 1 42.767 31.641 264
3485 4 1 42.767 31.641 264
3486 4 1 42.767 31.641 264
3487 4 1 42.767 31.641 264
3488 4 1 42.767 31.641 264
3489 4 1 42.767 31.641 264
3490 4 1 42.767 31.641 264
3491 4 1 42.767 31.641 264
3492 4 1 42.767 31.641 264
3493 4 1 42.767 31.641 264
3494 4 1 42.767 31.641 264
3495 4 1 42.767 31.641 264
3496 2 1 30.402 -23.26 265
3497 2 1 30.402 -23.26 265
3498 2 1 30.402 -23.26 265
3499 2 1 30.402 -23.26 265
3500 2 1 30.402 -23.26 265
3501 2 1 30.402 -23.26 265
3502 2 1 30.402 -23.26 265
3503 2 1 30.402 -23.26 265
3504 2 1 30.402 -23.26 265
3505 2 1 30.402 -23.26 265
3506 2 1 30.402 -23.26 265
3507 8 1 16.449 80.701 266
3508 8 1 16.449 80.701 266
3509 8 1 16.449 80.701 266
3510 8 1 16.449 80.701 266
3511 8 1 16.449 80.701 266
3512 8 1 16.449 80.701 266
3513 8 1 16.449 80.701 266
3514 8 1 16.449 80.701 266
3515 8 1 16.449 80.701 266
3516 8 1 16.449 80.701 266
3517 4 1 -7.361 -32.324 267
3518 4 1 -7.361 -32.324 267
3519 4 1 -7.361 -32.324 267
3520 4 1 -7.361 -32.324 267
3521 4 1 -7.361 -32.324 267
3522 4 1 -7.361 -32.324 267
3523 4 1 -7.361 -32.324 267
3524 4 1 -7.361 -32.324 267
3525 4 1 -7.361 -32.324 267
3526 4 1 -7.361 -32.324 267
3527 4 1 -7.361 -32.324 267
3528 4 1 -7.361 -32.324 267
3529 4 1 -7.361 -32.324 267
3530 4 1 -7.361 -32.324 267
3531 4 1 -7.361 -32.324 267
3532 4 1 -7.361 -32.324 267
3533 4 1 -7.361 -32.324 267
3534 4 1 -7.361 -32.324 267
3535 4 1 -7.361 -32.324 267
3536 4 1 -7.361 -32.324 267
3537 4 1 -7.361 -32.324 267
3538 4 1 -7.361 -32.324 267
3539 4 1 -7.361 -32.324 267
3540 4 1 -7.361 -32.324 267
3541 4 1 -7.361 -32.324 267
3542 2 1 0.024 41.956 268
3543 2 1 0.024 41.956 268
3544 2 1 0.024 41.956 268
3545 2 1 0.024 41.956 268
3546 2 1 0.024 41.956 268
3547 2 1 0.024 41.956 268
3548 2 1 10.15 -15.253 269
3549 2 1 10.15 -15.253 269
3550 2 1 10.15 -15.253 269
3551 2 1 10.15 -15.253 269
3552 2 1 10.15 -15.253 269
3553 2 1 10.15 -15.253 269
3554 2 1 10.15 -15.253 269
3555 2 1 10.15 -15.253 269
3556 2 1 10.15 -15.253 269
3557 2 1 10.15 -15.253 269
3558 2 1 10.15 -15.253 269
3559 2 1 10.15 -15.253 269
3560 2 1 10.15 -15.253 269
3561 2 1 10.15 -15.253 269
3562 2 1 10.15 -15.253 269
3563 2 1 10.15 -15.253 269
3564 2 1 10.15 -15.253 269
3565 2 1 33.313 -19.092 270
3566 2 1 33.313 -19.092 270
3567 2 1 33.313 -19.092 270
3568 2 1 33.313 -19.092 270
3569 2 1 33.313 -19.092 270
3570 2 1 33.313 -19.092 270
3571 2 1 33.313 -19.092 270
3572 2 1 33.313 -19.092 270
3573 2 1 33.313 -19.092 270
3574 2 1 33.313 -19.092 270
3575 2 1 33.313 -19.092 270
3576 2 1 33.313 -19.092 270
3577 2 1 33.313 -19.092 270
3578 2 1 33.313 -19.092 270
3579 2 1 33.313 -19.092 270
3580 4 1 16.522 95.453 271
3581 4 1 16.522 95.453 271
3582 4 1 16.522 95.453 271
3583 4 1 16.522 95.453 271
3584 4 1 16.522 95.453 271
3585 4 1 16.522 95.453 271
3586 4 1 16.522 95.453 271
3587 4 1 16.522 95.453 271
3588 2 1 -68.506 -32.721 272
3589 2 1 -68.506 -32.721 272
3590 2 1 -68.506 -32.721 272
3591 2 1 -68.506 -32.721 272
3592 2 1 -68.506 -32.721 272
3593 2 1 -68.506 -32.721 272
3594 2 1 -68.506 -32.721 272
3595 2 1 -68.506 -32.721 272
3596 2 1 -68.506 -32.721 272
3597 2 1 -68.506 -32.721 272
3598 1 1 -25.806 -20.636 273
3599 1 1 -25.806 -20.636 273
3600 1 1 -25.806 -20.636 273
3601 1 1 -25.806 -20.636 273
3602 1 1 -25.806 -20.636 273
3603 1 1 -25.806 -20.636 273
3604 1 1 -25.806 -20.636 273
3605 1 1 -25.806 -20.636 273
3606 1 1 -25.806 -20.636 273
3607 1 1 -25.806 -20.636 273
3608 1 1 -25.806 -20.636 273
3609 1 1 -25.806 -20.636 273
3610 8 1 14.197 38.538 274
3611 8 1 14.197 38.538 274
3612 8 1 14.197 38.538 274
3613 8 1 14.197 38.538 274
3614 8 1 14.197 38.538 274
3615 8 1 24.988 -24.658 275
3616 8 1 24.988 -24.658 275
3617 8 1 24.988 -24.658 275
3618 8 1 24.988 -24.658 275
3619 8 1 24.988 -24.658 275
3620 8 1 24.988 -24.658 275
3621 8 1 24.988 -24.658 275
3622 8 1 24.988 -24.658 275
3623 1 1 33.893 15.979 276
3624 1 1 33.893 15.979 276
3625 1 1 33.893 15.979 276
3626 1 1 33.893 15.979 276
3627 1 1 33.893 15.979 276
3628 1 1 33.893 15.979 276
3629 1 1 33.893 15.979 276
3630 1 1 33.893 15.979 276
3631 1 1 33.893 15.979 276
3632 1 1 33.893 15.979 276
3633 1 1 33.893 15.979 276
3634 1 1 33.893 15.979 276
3635 1 1 33.893 15.979 276
3636 1 1 33.893 15.979 276
3637 1 1 33.893 15.979 276
3638 1 1 33.893 15.979 276
3639 1 1 33.893 15.979 276
3640 8 1 37.5 -13.385 277
3641 8 1 37.5 -13.385 277
3642 8 1 37.5 -13.385 277
3643 8 1 37.5 -13.385 277
3644 8 1 37.5 -13.385 277
3645 8 1 37.5 -13.385 277
3646 8 1 37.5 -13.385 277
3647 8 1 37.5 -13.385 277
3648 8 1 37.5 -13.385 277
3649 8 1 37.5 -13.385 277
3650 8 1 37.5 -13.385 277
3651 8 1 37.5 -13.385 277
3652 8 1 37.5 -13.385 277
3653 8 1 37.5 -13.385 277
3654 8 1 37.5 -13.385 277
3655 8 1 37.5 -13.385 277
3656 8 1 37.5 -13.385 277
3657 8 1 37.5 -13.385 277
3658 8 1 37.5 -13.385 277
3659 8 1 37.5 -13.385 277
3660 8 1 37.5 -13.385 277
3661 8 1 37.5 -13.385 277
3662 8 1 37.5 -13.385 277
3663 2 1 9.167 -32.874 278
3664 2 1 9.167 -32.874 278
3665 2 1 9.167 -32.874 278
3666 2 1 9.167 -32.874 278
3667 2 1 9.167 -32.874 278
3668 2 1 9.167 -32.874 278
3669 2 1 9.167 -32.874 278
3670 2 1 9.167 -32.874 278
3671 2 1 9.167 -32.874 278
3672 2 1 9.167 -32.874 278
3673 2 1 9.167 -32.874 278
3674 2 1 9.167 -32.874 278
3675 2 1 9.167 -32.874 278
3676 2 1 9.167 -32.874 278
3677 2 1 9.167 -32.874 278
3678 2 1 9.167 -32.874 278
3679 2 1 9.167 -32.874 278
3680 2 1 9.167 -32.874 278
3681 2 1 9.167 -32.874 278
3682 8 1 -40.308 68.945 279
3683 8 1 -40.308 68.945 279
3684 8 1 -40.308 68.945 279
3685 8 1 -40.308 68.945 279
3686 8 1 -40.308 68.945 279
3687 8 1 -40.308 68.945 279
3688 8 1 -40.308 68.945 279
3689 8 1 70.184 56.03 280
3690 8 1 70.184 56.03 280
3691 8 1 70.184 56.03 280
3692 8 1 70.184 56.03 280
3693 8 1 70.184 56.03 280
3694 8 1 70.184 56.03 280
3695 8 1 70.184 56.03 280
3696 8 1 70.184 56.03 280
3697 8 1 70.184 56.03 280
3698 8 1 70.184 56.03 280
3699 8 1 70.184 56.03 280
3700 8 1 70.184 56.03 280
3701 8 1 70.184 56.03 280
3702 8 1 70.184 56.03 280
3703 8 1 -30.566 -10.37 281
3704 8 1 -30.566 -10.37 281
3705 8 1 -30.566 -10.37 281
3706 8 1 -30.566 -10.37 281
3707 8 1 -30.566 -10.37 281
3708 8 1 -30.566 -10.37 281
3709 8 1 -30.566 -10.37 281
3710 8 1 -30.566 -10.37 281
3711 8 1 -30.566 -10.37 281
3712 8 1 -30.566 -10.37 281
3713 8 1 -30.566 -10.37 281
3714 8 1 -30.566 -10.37 281
3715 8 1 -30.566 -10.37 281
3716 8 1 -30.566 -10.37 281
3717 8 1 -30.566 -10.37 281
3718 8 1 -30.566 -10.37 281
3719 8 1 -30.566 -10.37 281
3720 8 1 -30.566 -10.37 281
3721 8 1 -30.566 -10.37 281
3722 8 1 14.209 -12.085 282
3723 8 1 14.209 -12.085 282
3724 8 1 14.209 -12.085 282
