File: pr06 Num Depots: 1 Num Pick Up Points: 282 Num Trucks: 6Processing Time: 541 seconds
Total Demand = 3724.00| Total Distance = 19844.47| Total Travel Time = 14883.35| Total Cost = $4733.56|

Truck #7619 MaxCap: 20 Demand: 18.0 ROUTE:0 23 22 21 19 18 17 2994 2993 2992 2991 2990 2989 2988 2987 2986 859 858 857 -1 
Truck #7620 MaxCap: 40 Demand: 33.0 ROUTE:0 894 893 892 891 889 888 887 1363 1360 1359 1358 1357 1355 1354 1352 1351 1350 1349 1348 1576 1575 1574 1571 1570 1569 1568 1567 1566 1565 1564 1563 1562 860 -1 
Truck #7621 MaxCap: 60 Demand: 58.0 ROUTE:0 537 536 534 533 532 530 529 528 527 526 524 523 522 521 518 517 883 882 881 880 879 878 876 875 874 685 684 683 681 680 679 678 677 676 2703 2702 2699 2698 2697 2696 2695 2694 2693 2692 2691 2690 2689 2688 2687 2686 2685 2684 2683 2682 2681 583 582 581 -1 
Truck #7622 MaxCap: 40 Demand: 39.0 ROUTE:0 895 1014 1012 1011 1010 1009 1008 1007 1006 1005 1004 1003 1002 1001 1000 999 998 997 996 1573 1572 531 525 520 1558 1557 1556 1555 139 136 130 885 682 675 1920 2701 2700 594 591 -1 
Truck #7623 MaxCap: 80 Demand: 79.0 ROUTE:0 1925 1924 1923 1922 1921 3433 3432 3431 3430 3429 3428 3427 3426 3425 3424 3423 3422 3421 3420 3419 1553 1552 1551 1550 1546 1545 1543 1542 1541 1538 1536 1535 1534 1533 1532 1531 2830 2828 2200 2199 2198 2196 2194 2193 2192 2191 2190 3398 3397 3396 3395 3394 3393 3392 3391 3390 3389 3388 3387 3386 3385 2472 2471 2470 2469 2468 2462 2461 266 264 257 3418 3417 3416 3415 3414 3413 3412 3411 -1 
Truck #7624 MaxCap: 120 Demand: 119.0 ROUTE:0 2187 2186 2184 2183 2182 2180 2179 2178 2177 2176 2175 2172 2171 2170 2169 2168 2167 2665 2898 2897 2896 2895 2894 2893 2892 2891 2890 2889 2888 2887 2886 2885 1170 1169 1168 1167 1166 1165 1164 1163 1162 1161 1159 1158 1157 2211 2208 2207 2206 2205 2204 2203 2202 438 2623 2616 2613 2610 2608 2607 2603 2600 1277 1276 1275 1469 1466 1451 730 729 1656 1655 1654 1653 1652 1651 1650 1649 1647 1645 1644 349 345 342 2070 2068 2064 2056 2053 1913 488 485 484 483 477 473 471 819 818 812 810 2506 2505 2499 2491 2490 1019 1017 1015 743 741 3159 3158 3157 3156 3155 3154 3153 319 -1 
Truck #7626 MaxCap: 100 Demand: 99.0 ROUTE:0 2185 2181 2174 2173 3495 3494 3493 3492 3491 3490 3489 3488 3487 3486 3485 3484 3483 3482 3481 3480 3479 3478 3477 3476 3475 3474 3473 1132 1131 1130 1129 1128 1127 1126 1125 1124 1123 1122 1120 1119 1118 343 3228 2316 2314 2313 2312 2310 2309 2308 2307 2305 2304 2303 2302 2301 2300 2299 1274 732 723 437 429 1658 1657 1648 1646 2210 2209 2201 2197 2195 1160 267 265 2680 2679 2678 2677 2676 2675 2674 2672 2671 2670 2669 2113 2112 2111 2109 2108 2107 2106 2105 2104 2103 2101 2100 2099 -1 
Truck #7627 MaxCap: 160 Demand: 159.0 ROUTE:0 2367 2366 2365 2364 2363 2362 2360 2359 2358 2357 2356 2354 2353 2352 2351 1392 1391 1390 1389 1388 1386 1385 1383 2822 2821 2818 2817 2810 2803 1772 1771 1770 1769 1768 1767 1766 3034 3033 3032 3587 3586 3585 3584 3583 3582 3581 3580 2131 2130 2128 2126 2125 2124 2122 2121 2120 2118 2117 2116 1035 1032 1030 1024 1020 1018 1016 1938 1937 1935 1934 1933 1932 1931 1930 1929 1928 482 478 474 811 1703 1702 1701 1700 1699 1698 1697 1696 1695 1694 1693 1692 1691 1690 1689 1688 1687 3231 3230 3229 1916 1915 1914 2016 2014 2013 2012 2011 2009 2008 2007 2004 2003 2002 2001 1999 1998 1997 1996 1995 1994 3132 3131 3130 3129 3128 3127 3126 3125 3124 3123 3122 3121 3120 3119 3118 3117 3116 3115 3114 3113 3112 3111 3110 3109 737 1510 2418 2417 2416 2415 2414 2413 2412 2408 2407 309 303 689 -1 
Truck #7629 MaxCap: 100 Demand: 99.0 ROUTE:0 1686 1681 1672 1671 1353 1356 1361 1362 2253 2249 2411 2410 2409 2233 2231 1387 1384 1765 1764 2015 2010 2006 2005 2000 2884 2883 2882 2881 2880 2879 2878 2877 2876 2875 2874 2873 2872 2871 2870 2869 2286 2285 2284 2283 2281 1869 1868 3702 3701 3700 2319 2318 2317 2315 2311 2306 2298 2823 2533 2528 2421 2419 1940 1939 1936 1927 1926 1072 2129 2127 2123 2119 2115 3516 3515 3514 3513 3512 3511 3510 3509 3508 3507 1865 1846 1842 2405 2399 2324 2323 2786 2772 2361 2355 3614 3613 3612 3611 3610 -1 
Truck #7630 MaxCap: 160 Demand: 125.0 ROUTE:0 1231 1240 2102 2110 2114 2673 2546 1121 1069 1066 1064 1063 2397 2395 2392 2382 2275 2273 2337 2336 2295 2289 1784 1782 1781 3688 3687 3686 3685 3684 3683 3682 1300 1293 1289 2442 2439 2436 2433 3721 3720 3719 3718 3717 3716 3715 3714 3713 3712 3711 3710 3709 3708 3707 3706 3705 3704 3703 3183 3182 3181 3180 2577 2035 2030 2026 2017 3321 3320 3319 3318 3317 3316 3315 3314 3313 3312 3311 3310 3309 3308 3307 3306 3305 3304 3303 3302 3301 3300 3299 3298 2745 2742 2740 2739 2737 2736 2734 2662 2660 2659 2162 2161 2157 1899 3434 1272 1264 3724 3723 3722 2949 2948 2947 2946 2945 2944 2943 2942 2941 2940 2939 2938 2937 2936 -1 
Truck #7631 MaxCap: 20 Demand: 19.0 ROUTE:0 142 140 138 137 135 134 133 132 131 2166 2165 2758 2757 2756 2755 2754 2753 2752 2751 -1 
Truck #7632 MaxCap: 20 Demand: 19.0 ROUTE:0 2580 3202 3201 3200 3199 3198 3197 3196 3195 3194 3193 2769 2768 2766 2764 2763 2762 2760 2759 -1 
Truck #7633 MaxCap: 20 Demand: 19.0 ROUTE:0 256 2575 2574 2573 2571 2570 2569 2568 2567 2566 2565 2564 2562 2561 2558 2557 2556 2555 2553 -1 
Truck #7634 MaxCap: 20 Demand: 19.0 ROUTE:0 2463 2460 2459 2458 2457 2456 2455 2454 2453 271 270 269 268 263 262 261 260 259 258 -1 
Truck #7635 MaxCap: 20 Demand: 19.0 ROUTE:0 1230 1229 1228 2552 2551 2550 2549 2548 2547 2545 2544 2543 2475 2474 2473 2467 2466 2465 2464 -1 
Truck #7636 MaxCap: 20 Demand: 19.0 ROUTE:0 2088 2084 2083 2082 2081 2080 2079 2078 2074 2073 1241 1239 1238 1237 1236 1235 1234 1233 1232 -1 
Truck #7637 MaxCap: 20 Demand: 19.0 ROUTE:0 2146 2145 2143 2142 2141 2140 2139 2138 2136 2135 2134 2133 2132 355 354 353 352 351 350 -1 
Truck #7638 MaxCap: 20 Demand: 19.0 ROUTE:0 431 430 428 427 426 425 424 423 422 421 2156 2155 2154 2153 2152 2150 2149 2148 2147 -1 
Truck #7639 MaxCap: 20 Demand: 19.0 ROUTE:0 2062 2061 2060 2059 2058 2057 2055 2054 2052 443 442 441 440 439 436 435 434 433 432 -1 
Truck #7640 MaxCap: 20 Demand: 19.0 ROUTE:0 728 727 726 725 724 722 721 720 719 718 717 716 715 714 2069 2067 2066 2065 2063 -1 
Truck #7641 MaxCap: 20 Demand: 19.0 ROUTE:0 3170 3169 3168 3167 3166 3165 3164 3163 3162 3161 3160 734 733 731 2344 2343 2342 2341 2340 -1 
Truck #7642 MaxCap: 20 Demand: 17.0 ROUTE:0 2827 2826 2825 2824 2619 2618 2617 2615 2614 2612 2611 2609 2606 2605 2604 2602 2601 -1 
Truck #7643 MaxCap: 20 Demand: 19.0 ROUTE:0 1464 1463 1462 1461 1460 1459 1458 1457 1456 1455 1454 1453 1452 1450 1449 1448 2622 2621 2620 -1 
Truck #7644 MaxCap: 20 Demand: 19.0 ROUTE:0 3637 3636 3635 3634 3633 3632 3631 3630 3629 3628 3627 3626 3625 3624 3623 1470 1468 1467 1465 -1 
Truck #7645 MaxCap: 20 Demand: 19.0 ROUTE:0 709 708 707 706 705 704 449 448 447 446 445 2350 2349 2348 2347 2346 2345 3639 3638 -1 
Truck #7646 MaxCap: 20 Demand: 19.0 ROUTE:0 1878 1877 1876 1875 1874 1873 1872 1871 1870 1867 1866 2664 2663 1685 1684 1683 1682 1680 1679 -1 
Truck #7647 MaxCap: 20 Demand: 19.0 ROUTE:0 3288 3287 3286 3285 3284 3283 3282 3281 3280 3279 3179 3178 3177 3176 3175 3174 3173 3172 3171 -1 
Truck #7648 MaxCap: 20 Demand: 19.0 ROUTE:0 2423 2422 2420 2539 2538 2537 2536 2535 2534 2532 2531 2530 2529 2527 2526 2525 2524 2504 2503 -1 
Truck #7649 MaxCap: 20 Demand: 19.0 ROUTE:0 814 813 809 808 807 806 2502 2501 2500 2498 2497 2496 2495 2494 2493 2492 2542 2541 2540 -1 
Truck #7650 MaxCap: 20 Demand: 19.0 ROUTE:0 321 320 318 317 316 738 736 735 817 816 815 2257 2256 2255 2254 2252 2251 2250 2248 -1 
Truck #7651 MaxCap: 20 Demand: 19.0 ROUTE:0 489 487 486 481 480 479 476 475 472 470 749 748 747 746 745 744 742 740 739 -1 
Truck #7652 MaxCap: 20 Demand: 19.0 ROUTE:0 598 597 3297 3296 3295 3294 3293 3292 3291 3290 3289 1827 1826 1825 1824 1823 1822 1821 1820 -1 
Truck #7653 MaxCap: 40 Demand: 39.0 ROUTE:0 1837 1836 1833 1038 1037 1036 1034 1033 1031 1029 1028 1027 1026 1025 1023 1022 1021 2801 2800 1516 1515 1514 1513 1512 1511 1509 1508 61 312 306 304 301 293 290 703 702 695 690 686 -1 
Truck #7654 MaxCap: 20 Demand: 19.0 ROUTE:0 63 62 60 59 58 57 56 55 1841 1840 1839 1838 1835 1834 1832 1831 1830 1829 1828 -1 
Truck #7655 MaxCap: 20 Demand: 19.0 ROUTE:0 2235 2234 2232 2230 1093 1092 1091 1090 1089 1088 1087 1086 1085 1084 1083 1082 1081 1080 1079 -1 
Truck #7656 MaxCap: 20 Demand: 19.0 ROUTE:0 348 347 346 344 2287 2282 2280 2279 2278 2277 300 299 298 297 296 295 294 292 291 -1 
Truck #7657 MaxCap: 20 Demand: 19.0 ROUTE:0 701 700 699 698 697 696 694 693 692 691 688 687 2507 311 310 308 307 305 302 -1 
Truck #7658 MaxCap: 40 Demand: 39.0 ROUTE:0 2820 2819 2816 2815 2814 2813 2812 2811 2809 2808 2807 2806 2805 2804 2802 2221 2220 2219 2218 2217 2216 1447 1445 1444 1443 1442 1440 1439 1438 1437 1436 1434 1432 1431 1429 1428 1427 1426 1425 -1 
Truck #7659 MaxCap: 20 Demand: 19.0 ROUTE:0 3250 3249 3248 3247 3246 3245 3244 3243 3242 3241 3240 3239 3238 3237 3236 3235 3234 3233 3232 -1 
Truck #7660 MaxCap: 20 Demand: 19.0 ROUTE:0 3464 3463 3462 3461 3460 3459 3458 3457 3456 3455 3454 3453 3452 3451 3450 3449 3448 3252 3251 -1 
Truck #7661 MaxCap: 20 Demand: 19.0 ROUTE:0 3472 3471 3470 3469 3468 3467 3466 3465 984 983 982 981 980 979 978 977 976 975 974 -1 
Truck #7662 MaxCap: 60 Demand: 59.0 ROUTE:0 873 868 867 2339 2338 2335 2334 2333 2332 2331 2330 2329 2328 2327 2326 2325 2322 2321 2320 1786 1785 1783 1780 1779 1778 1777 1776 1775 1774 1773 371 359 2228 2222 2215 2787 2785 2784 2783 2782 2781 2780 2779 2778 2777 2776 2775 2774 2773 2771 2770 1446 1441 1435 1433 1430 2370 2369 2368 -1 
Truck #7663 MaxCap: 40 Demand: 39.0 ROUTE:0 865 864 862 995 986 3278 3277 3276 3275 3274 3273 3272 3271 3270 3269 3268 3267 3266 3265 3264 3263 2229 2227 2226 2225 2224 2223 1379 1377 1375 1373 1369 1368 3547 3546 3545 3544 3543 3542 -1 
Truck #7664 MaxCap: 20 Demand: 19.0 ROUTE:0 2237 2236 1078 1077 1076 1075 1074 1073 1071 1070 994 993 992 991 990 989 988 987 985 -1 
Truck #7665 MaxCap: 20 Demand: 19.0 ROUTE:0 2404 2403 2402 2401 2400 2214 2213 2212 1864 1863 1862 1861 1860 1859 1858 1857 1856 1855 1854 -1 
Truck #7666 MaxCap: 20 Demand: 19.0 ROUTE:0 1853 1852 1851 1850 1849 1848 1847 1845 1844 1843 2406 2390 2389 2388 2387 2386 2385 2384 2383 -1 
Truck #7667 MaxCap: 20 Demand: 19.0 ROUTE:0 1068 1067 1065 872 871 870 869 866 863 861 2276 2274 2272 2271 2398 2396 2394 2393 2391 -1 
Truck #7668 MaxCap: 20 Demand: 19.0 ROUTE:0 374 373 372 370 369 367 366 364 362 361 360 1382 1381 1380 1378 1376 1374 1372 1371 -1 
Truck #7669 MaxCap: 40 Demand: 39.0 ROUTE:0 2087 2086 2085 2077 2076 2075 2072 2071 368 365 363 358 357 356 2646 2644 2643 2641 2799 2798 2797 2796 2795 2794 2792 2790 2788 128 669 667 665 657 1584 1583 1579 495 494 493 492 -1 
Truck #7670 MaxCap: 20 Demand: 19.0 ROUTE:0 2297 2296 2294 2293 2292 2291 2290 2288 1370 1367 379 378 377 376 375 2647 2645 2642 2640 -1 
Truck #7671 MaxCap: 20 Demand: 19.0 ROUTE:0 792 790 789 788 787 1249 1248 1247 1246 1245 1244 129 127 126 2648 973 972 971 970 -1 
Truck #7672 MaxCap: 60 Demand: 59.0 ROUTE:0 1270 1269 1268 1267 1266 1265 1263 1262 1261 1260 1259 1258 3227 3226 3225 3224 3223 3222 3221 3220 3219 3218 656 800 795 794 1299 1298 1297 1296 1295 1294 1292 1291 1290 1288 1287 1286 1285 1284 1283 1282 1281 1280 1279 1278 1795 1794 1793 1792 1791 1790 1789 1788 1787 2793 2791 2789 498 -1 
Truck #7673 MaxCap: 20 Demand: 19.0 ROUTE:0 504 503 502 501 500 674 673 672 671 670 668 666 664 663 662 661 660 659 658 -1 
Truck #7674 MaxCap: 20 Demand: 19.0 ROUTE:0 499 497 496 491 490 1594 1593 1592 1591 1590 1589 1588 1587 1585 1582 1581 1580 1578 1577 -1 
Truck #7675 MaxCap: 40 Demand: 39.0 ROUTE:0 2487 2479 2478 2477 1178 1177 1176 1173 1172 1171 284 282 279 236 235 232 231 223 2914 2913 2912 2911 2910 2909 2908 2907 2906 2905 2904 2903 2902 2901 2900 2899 804 799 796 791 1586 -1 
Truck #7676 MaxCap: 20 Demand: 19.0 ROUTE:0 2489 2488 2486 2485 2484 2483 2482 2481 2480 2476 1819 1818 805 803 802 801 798 797 793 -1 
Truck #7677 MaxCap: 60 Demand: 59.0 ROUTE:0 1273 1271 1422 1420 1188 1185 1182 1175 1174 1482 272 204 1116 1109 1105 1098 1097 2049 2040 3074 3073 3072 3071 3070 3069 3068 3067 3066 3065 3064 3063 3062 3061 4 249 245 777 3521 3520 3519 3518 3517 47 45 44 932 931 1518 1517 1912 1911 1910 1909 1908 1907 1906 1905 1904 399 -1 
Truck #7678 MaxCap: 20 Demand: 19.0 ROUTE:0 1561 1560 2935 2934 2933 2932 2931 234 233 230 229 228 227 226 225 224 222 1918 1917 -1 
Truck #7679 MaxCap: 20 Demand: 19.0 ROUTE:0 280 278 277 276 275 274 273 289 288 287 286 285 283 281 2430 2429 68 66 65 -1 
Truck #7680 MaxCap: 40 Demand: 39.0 ROUTE:0 67 64 1421 1419 1418 1417 1416 1415 1414 1413 1493 1492 1491 1490 1489 1488 1487 1486 1485 1484 1483 1481 1480 1479 1478 1477 1476 1475 1474 1473 1472 1471 1187 1186 1184 1183 1181 1180 1179 -1 
Truck #7681 MaxCap: 40 Demand: 39.0 ROUTE:0 3217 3216 3215 3214 3213 3212 3211 3210 3209 3208 3207 3206 3205 3204 3203 3593 3592 3591 3590 3589 3588 2930 2929 2928 2927 2926 2925 2924 2923 2922 2921 2920 2919 2918 2917 2916 2915 1424 1423 -1 
Truck #7682 MaxCap: 20 Demand: 19.0 ROUTE:0 1398 1397 1396 1394 1393 2446 2445 2444 2443 2441 2440 2438 2437 2435 2434 2432 2431 1898 1897 -1 
Truck #7683 MaxCap: 20 Demand: 19.0 ROUTE:0 2160 2159 2158 3609 3608 3607 3606 3605 3604 3603 3602 3601 3600 3599 3598 1903 1902 1901 1900 -1 
Truck #7684 MaxCap: 40 Demand: 39.0 ROUTE:0 936 927 921 920 1112 1111 1110 1108 1107 1106 1104 1103 1102 1101 1100 1099 1096 1095 1094 219 218 208 203 3597 3596 3595 3594 3008 2378 2377 2376 2375 2374 2373 2372 2371 2868 2867 2866 -1 
Truck #7685 MaxCap: 20 Demand: 19.0 ROUTE:0 221 220 217 216 215 214 213 212 211 210 209 207 206 205 202 201 200 199 198 -1 
Truck #7686 MaxCap: 20 Demand: 19.0 ROUTE:0 2661 2658 2657 2656 2655 2654 2653 2652 2651 2650 2649 2164 2163 2579 2578 2576 923 922 919 -1 
Truck #7687 MaxCap: 20 Demand: 19.0 ROUTE:0 3140 3139 3138 3137 3136 3135 3134 3133 938 937 935 934 933 930 929 928 926 925 924 -1 
Truck #7688 MaxCap: 40 Demand: 39.0 ROUTE:0 2725 2719 2716 2709 2707 418 396 1243 1242 43 40 1117 1115 1114 1113 1408 1406 1399 1395 1062 1058 1053 1052 1047 1155 3088 3087 3086 3085 3084 3083 3082 3081 3080 3079 3078 3077 3076 3075 -1 
Truck #7689 MaxCap: 20 Demand: 19.0 ROUTE:0 54 53 52 51 50 49 48 46 42 41 39 3148 3147 3146 3145 3144 3143 3142 3141 -1 
Truck #7690 MaxCap: 20 Demand: 19.0 ROUTE:0 2727 2726 2724 2723 2722 2721 2720 2718 2717 2715 2714 2713 2712 2711 2710 2708 2706 2705 2704 -1 
Truck #7691 MaxCap: 20 Demand: 19.0 ROUTE:0 416 415 414 413 412 411 410 409 408 407 406 405 404 403 402 401 400 398 397 -1 
Truck #7692 MaxCap: 20 Demand: 19.0 ROUTE:0 1663 1662 1661 1660 1659 2750 2749 2748 2747 2746 2744 2743 2741 2738 2735 2733 420 419 417 -1 
Truck #7693 MaxCap: 20 Demand: 19.0 ROUTE:0 1046 1045 1044 1043 1042 1041 1040 1039 1412 1411 1410 1409 1407 1405 1404 1403 1402 1401 1400 -1 
Truck #7694 MaxCap: 20 Demand: 19.0 ROUTE:0 1156 1154 1153 1152 1061 1060 1059 1057 1056 1055 1054 1051 1050 1049 1048 3 2 1 1802 -1 
Truck #7695 MaxCap: 40 Demand: 39.0 ROUTE:0 3094 3093 3092 3091 3090 3089 782 781 778 254 246 242 239 237 2051 2050 2048 2047 2046 2045 2044 2043 2042 2041 2039 1149 1146 1143 1138 1136 86 84 81 79 77 1803 395 393 392 -1 
Truck #7696 MaxCap: 20 Demand: 19.0 ROUTE:0 763 762 255 253 252 251 250 248 247 244 243 241 240 238 9 8 7 6 5 -1 
Truck #7697 MaxCap: 20 Demand: 19.0 ROUTE:0 390 389 388 783 780 779 776 775 774 773 772 771 770 769 768 767 766 765 764 -1 
Truck #7698 MaxCap: 60 Demand: 59.0 ROUTE:0 391 104 3410 3409 3408 3407 3406 3405 3404 3403 3402 3401 3400 3399 3541 3540 3539 3538 3537 3536 3535 3534 3533 3532 3531 3530 3529 3528 3527 3526 3525 3524 3523 3522 69 3152 3151 3150 3149 839 821 387 2381 2380 2379 1620 92 2098 2096 2095 2094 2089 1732 1731 1730 1729 1728 1726 1725 -1 
Truck #7699 MaxCap: 20 Demand: 19.0 ROUTE:0 394 87 85 83 82 80 78 76 75 74 73 72 71 70 896 1137 1135 1134 1133 -1 
Truck #7700 MaxCap: 20 Demand: 19.0 ROUTE:0 2864 2862 2861 2860 2859 2858 2857 2856 2855 2854 2853 1148 1147 1145 1144 1142 1141 1140 1139 -1 
Truck #7701 MaxCap: 40 Demand: 39.0 ROUTE:0 3564 3563 3562 3561 3560 3559 3558 3557 3556 3555 3554 3553 3552 3551 3550 3549 3548 107 103 101 96 94 1151 1150 785 969 965 918 914 909 904 836 832 827 824 386 3663 855 90 -1 
Truck #7702 MaxCap: 60 Demand: 59.0 ROUTE:0 3618 3617 3616 3615 1195 1192 1190 1189 1814 1810 1807 3031 3030 3029 3028 3027 3026 3025 3024 3023 3022 3021 3020 3019 3018 3017 3016 3015 3014 3013 3012 3011 3010 3009 2451 2449 2447 2835 2831 2863 2852 2246 2245 2243 1972 1971 1969 1964 2097 2093 2092 2091 2090 1747 1746 1743 1742 1737 1727 -1 
Truck #7703 MaxCap: 20 Demand: 19.0 ROUTE:0 2038 2037 2036 2034 2033 2032 2031 2029 2028 2027 2025 2024 2023 2022 2021 2020 2019 2018 2865 -1 
Truck #7704 MaxCap: 20 Demand: 19.0 ROUTE:0 108 106 105 102 100 99 98 97 95 3262 3261 3260 3259 3258 3257 3256 3255 3254 3253 -1 
Truck #7705 MaxCap: 20 Demand: 19.0 ROUTE:0 109 786 784 2241 2240 2239 2238 1974 1973 1970 1968 1967 1966 1965 1963 1962 1961 1347 1346 -1 
Truck #7706 MaxCap: 20 Demand: 19.0 ROUTE:0 829 828 826 825 823 822 820 968 967 966 385 384 383 382 381 380 2247 2244 2242 -1 
Truck #7707 MaxCap: 20 Demand: 19.0 ROUTE:0 93 91 89 88 840 838 837 835 834 833 831 830 912 911 910 908 907 903 902 -1 
Truck #7708 MaxCap: 60 Demand: 59.0 ROUTE:0 170 1817 1816 1815 1813 1812 1811 1809 1808 1806 1805 1804 513 508 505 10 1365 1364 2996 2995 571 570 444 900 898 751 2732 464 462 459 624 2452 2450 2448 193 906 905 116 313 2267 2263 2262 2260 2258 854 331 1748 1745 1744 1741 1740 1739 1738 1736 1735 1734 1733 38 36 -1 
Truck #7709 MaxCap: 20 Demand: 19.0 ROUTE:0 856 853 852 851 917 916 915 913 197 196 195 192 191 190 187 186 112 111 110 -1 
Truck #7710 MaxCap: 40 Demand: 39.0 ROUTE:0 3681 3680 3679 3678 3677 3676 3675 3674 3673 3672 3671 3670 3669 3668 3667 3666 3665 3664 124 119 194 189 188 3363 3362 3361 2270 2269 2268 2266 2265 2264 2261 2259 327 323 31 28 20 -1 
Truck #7711 MaxCap: 20 Demand: 18.0 ROUTE:0 1257 1256 1255 1254 1253 1252 1251 1250 125 123 122 121 120 118 117 115 114 113 -1 
Truck #7712 MaxCap: 20 Demand: 19.0 ROUTE:0 1881 1880 1879 1666 1665 1664 2834 2833 2832 315 314 341 340 339 338 337 336 335 334 -1 
Truck #7713 MaxCap: 20 Demand: 18.0 ROUTE:0 1628 1627 1626 1625 1624 1622 1621 37 35 34 33 32 30 29 27 26 25 24 -1 
Truck #7714 MaxCap: 40 Demand: 39.0 ROUTE:0 2595 2583 2582 1887 3379 3378 3377 3376 3375 3374 3373 3372 3371 3370 3369 3368 3367 3366 3365 3364 752 511 15 11 1303 3501 3500 3499 3498 3497 3496 178 177 169 166 165 164 160 158 -1 
Truck #7715 MaxCap: 20 Demand: 16.0 ROUTE:0 2599 2598 2597 2596 2594 2593 2592 2591 2590 2589 2588 2587 2586 2585 2584 2581 -1 
Truck #7716 MaxCap: 20 Demand: 19.0 ROUTE:0 1203 1202 1201 1200 1199 1198 1197 1196 1194 1193 1191 1890 1889 1888 1886 1885 1884 1883 1882 -1 
Truck #7717 MaxCap: 20 Demand: 19.0 ROUTE:0 333 332 330 329 328 326 325 324 322 1213 1212 1211 1210 1209 1208 1207 1206 1205 1204 -1 
Truck #7718 MaxCap: 20 Demand: 18.0 ROUTE:0 2955 2954 2953 2952 2951 2950 2967 2966 2965 2964 2963 2962 2961 2960 2959 2958 2957 2956 -1 
Truck #7719 MaxCap: 60 Demand: 59.0 ROUTE:0 3662 3661 3660 3659 3658 3657 3656 3655 3654 3653 3652 3651 3650 3649 3648 3647 3646 3645 3644 3643 3642 3641 3640 1497 1500 1502 1507 2625 2626 2633 2972 2971 2970 2969 2968 1366 2517 2516 1992 1991 1643 1623 3622 3621 3620 3619 3447 3446 3445 3444 3443 3442 3441 3440 3439 3438 3437 3436 3435 -1 
Truck #7720 MaxCap: 20 Demand: 19.0 ROUTE:0 512 510 509 507 506 1642 1641 1640 1639 1638 1637 1636 1635 1634 1633 1632 1631 1630 1629 -1 
Truck #7721 MaxCap: 20 Demand: 19.0 ROUTE:0 3336 3335 3334 3333 3332 3331 3330 3329 3328 3327 3326 3325 3324 3323 3322 623 516 515 514 -1 
Truck #7722 MaxCap: 20 Demand: 19.0 ROUTE:0 16 14 13 12 1980 901 899 897 3344 3343 3342 3341 3340 3339 3338 3337 1304 1302 1301 -1 
Truck #7723 MaxCap: 20 Demand: 19.0 ROUTE:0 759 758 757 756 755 754 753 750 1993 1990 1989 1988 1987 1986 1985 1984 1983 1982 1981 -1 
Truck #7724 MaxCap: 20 Demand: 19.0 ROUTE:0 469 467 466 465 463 460 458 455 453 452 451 450 761 760 2512 2511 2510 2509 2508 -1 
Truck #7725 MaxCap: 20 Demand: 19.0 ROUTE:0 568 567 565 564 563 562 561 560 558 557 2523 2522 2521 2520 2519 2518 2515 2514 2513 -1 
Truck #7726 MaxCap: 40 Demand: 39.0 ROUTE:0 1325 1324 1323 1322 1321 1320 1316 1314 1312 1310 1307 1305 632 631 630 626 3056 3055 3054 3053 468 461 457 456 454 2731 2730 2729 2728 576 573 572 566 559 3506 3505 3504 3503 3502 -1 
Truck #7727 MaxCap: 20 Demand: 19.0 ROUTE:0 176 175 174 173 172 171 168 167 163 162 161 159 580 579 578 577 575 574 569 -1 
Truck #7728 MaxCap: 20 Demand: 19.0 ROUTE:0 3107 3106 3105 3104 3103 3102 3101 3100 3099 3098 3097 3096 3095 634 633 629 628 627 625 -1 
Truck #7729 MaxCap: 20 Demand: 19.0 ROUTE:0 655 652 651 650 649 647 646 644 640 638 637 3108 545 544 543 541 540 539 538 -1 
Truck #7730 MaxCap: 60 Demand: 59.0 ROUTE:0 1752 1750 1723 1722 1718 1712 1710 1706 3007 3006 3005 3004 3003 3002 3001 3000 2999 2998 2997 1941 1894 3192 3191 3190 3189 3188 3187 3186 3185 3184 654 653 648 642 641 3360 3359 3358 3357 3356 3355 3354 3353 3352 3351 3350 3349 3348 3347 3346 3345 2428 2427 2426 2425 2424 963 958 957 -1 
Truck #7731 MaxCap: 40 Demand: 38.0 ROUTE:0 182 181 1705 1704 618 619 3060 3059 3058 3057 1763 1762 1761 1760 1759 1758 1757 1756 1755 1754 1753 1751 1749 3579 3578 3577 3576 3575 3574 3573 3572 3571 3570 3569 3568 3567 3566 3565 -1 
Truck #7732 MaxCap: 20 Demand: 19.0 ROUTE:0 2667 556 555 554 553 552 551 550 549 548 547 546 711 710 185 184 183 180 179 -1 
Truck #7733 MaxCap: 40 Demand: 38.0 ROUTE:0 542 713 712 1801 1796 2666 1960 1959 1958 1957 1956 1955 1954 1953 1952 1951 1950 1949 1948 1947 1946 1945 1944 1943 1942 1724 1721 1720 1719 1717 1716 1715 1714 1713 1711 1709 1708 1707 -1 
Truck #7734 MaxCap: 20 Demand: 19.0 ROUTE:0 2973 2985 2984 2983 2982 2981 2980 2979 2978 2977 2976 2975 2974 1800 1799 1798 1797 636 635 -1 
Truck #7735 MaxCap: 20 Demand: 19.0 ROUTE:0 1327 1326 1319 1318 1317 1315 1313 1311 1309 1308 1306 964 962 961 960 959 601 600 599 -1 
Truck #7736 MaxCap: 20 Demand: 19.0 ROUTE:0 622 621 620 617 616 615 614 613 612 611 610 609 608 607 606 605 604 603 602 -1 
Truck #7737 MaxCap: 40 Demand: 17.0 ROUTE:0 1226 1218 1215 1214 645 643 639 1896 1895 1893 1892 1891 845 841 946 152 1668 -1 
Truck #7738 MaxCap: 20 Demand: 19.0 ROUTE:0 1328 1619 1618 1617 1616 1615 1614 1613 1610 1609 1608 1607 1604 1603 1601 1600 1599 1598 1597 -1 
Truck #7739 MaxCap: 20 Demand: 19.0 ROUTE:0 1345 1344 1343 1342 1341 1340 1339 1336 1335 1333 1332 1330 1329 1979 1978 1977 1976 1975 1216 -1 
Truck #7740 MaxCap: 60 Demand: 54.0 ROUTE:0 1612 1611 1606 1605 1602 1596 1595 1338 1337 1334 1331 2841 2839 2837 3035 3036 3037 3038 3039 3040 3041 3042 3043 3044 3045 3046 3047 3048 3049 3050 3051 3052 2761 2765 2767 2554 2559 2560 2563 2572 3689 3690 3691 3692 3693 3694 3695 3696 3697 3698 3699 2137 2144 2151 -1 
Truck #7741 MaxCap: 20 Demand: 19.0 ROUTE:0 1669 1667 2846 2845 2844 2843 2842 2840 2838 2836 1227 1225 1224 1223 1222 1221 1220 1219 1217 -1 
Truck #7742 MaxCap: 20 Demand: 19.0 ROUTE:0 157 156 154 153 151 150 148 147 146 145 144 143 2851 2850 2849 2848 2847 940 939 -1 
Truck #7744 MaxCap: 20 Demand: 19.0 ROUTE:0 847 846 844 843 842 956 955 954 952 951 950 949 948 947 945 944 943 942 941 -1 
Truck #7745 MaxCap: 20 Demand: 19.0 ROUTE:0 1678 1677 1676 1675 1674 1673 1670 596 595 593 592 590 588 587 586 584 850 849 848 -1 
Truck #7965 MaxCap: 100 Demand: 67.0 ROUTE:0 2668 1919 1537 1539 1540 1544 1547 1548 1549 1554 2829 2188 2189 141 1559 2624 2627 2628 2629 2630 2631 2632 2634 2635 2636 2637 2638 2639 1494 1495 1496 1498 1499 1501 1503 1504 1505 1506 877 884 953 149 155 519 535 1519 1520 1521 1522 1523 1524 1525 1526 1527 1528 1529 1530 585 589 1013 3380 3381 3382 3383 3384 886 890 -1 


Inital Solution 0 changes  totQ=3724.00 totD=20931.57 $4852.25
Local One Opt 83 changes  totQ=3724.00 totD=20633.74 $4824.47
Local Two Opt 15 changes  totQ=3724.00 totD=20621.73 $4823.90
Local Three Opt 9 changes  totQ=3724.00 totD=20571.93 $4817.79
K-Two Forward 0 changes  totQ=3724.00 totD=20571.93 $4817.79
K-Two Reverse 1 changes  totQ=3724.00 totD=20568.31 $4817.42
K-Three Forward 1 changes  totQ=3724.00 totD=20564.14 $4817.17
K-Three Reverse 1 changes  totQ=3724.00 totD=20562.04 $4816.84
Exchange 01 9 changes  totQ=3724.00 totD=20417.88 $4811.66
Exchange 01 0 changes  totQ=3724.00 totD=20417.88 $4811.66
Exchange 11 22 changes  totQ=3724.00 totD=20113.47 $4804.78
Exchange 02 0 changes  totQ=3724.00 totD=20113.47 $4804.78
Exchange 20 0 changes  totQ=3724.00 totD=20113.47 $4804.78
Exchange 12 15 changes  totQ=3724.00 totD=19830.42 $4795.38
Exchange 21 0 changes  totQ=3724.00 totD=19830.42 $4795.38
Exchange 22 0 changes  totQ=3724.00 totD=19830.42 $4795.38
Combination 1 changes  totQ=3724.00 totD=19830.42 $4795.38
Reduction 1 changes  totQ=3724.00 totD=19844.47 $4733.56
Reallocation 0 changes  totQ=3724.00 totD=19844.47 $4733.56
Relax/Combine 0 changes  totQ=3724.00 totD=19844.47 $4733.56
Sharing 0 changes  totQ=3724.00 totD=19844.47 $4733.56
Relax/Share 0 changes  totQ=3724.00 totD=19844.47 $4733.56
