1
0 18.488 -4.745 3724.0 19844.466796875 125
7619 1 18.0 67.96467590332031 20 500 20
0 0 18.488 -4.745 D
23 1 17.78 -14.044 1
22 1 17.78 -14.044 1
21 1 17.78 -14.044 1
19 1 17.78 -14.044 1
18 1 17.78 -14.044 1
17 1 17.78 -14.044 1
2994 1 41.455 5.505 1
2993 1 41.455 5.505 1
2992 1 41.455 5.505 1
2991 1 41.455 5.505 1
2990 1 41.455 5.505 1
2989 1 41.455 5.505 1
2988 1 41.455 5.505 1
2987 1 41.455 5.505 1
2986 1 41.455 5.505 1
859 1 38.794 -1.343 1
858 1 38.794 -1.343 1
857 1 38.794 -1.343 1
-1 0 18.488 -4.745 D
7620 1 33.0 53.82002258300781 40 500 35
0 0 18.488 -4.745 D
894 1 23.157 -3.613 1
893 1 23.157 -3.613 1
892 1 23.157 -3.613 1
891 1 23.157 -3.613 1
889 1 23.157 -3.613 1
888 1 23.157 -3.613 1
887 1 23.157 -3.613 1
1363 1 43.707 0.409 1
1360 1 43.707 0.409 1
1359 1 43.707 0.409 1
1358 1 43.707 0.409 1
1357 1 43.707 0.409 1
1355 1 43.707 0.409 1
1354 1 43.707 0.409 1
1352 1 43.707 0.409 1
1351 1 43.707 0.409 1
1350 1 43.707 0.409 1
1349 1 43.707 0.409 1
1348 1 43.707 0.409 1
1576 1 44.879 -0.092 1
1575 1 44.879 -0.092 1
1574 1 44.879 -0.092 1
1571 1 44.879 -0.092 1
1570 1 44.879 -0.092 1
1569 1 44.879 -0.092 1
1568 1 44.879 -0.092 1
1567 1 44.879 -0.092 1
1566 1 44.879 -0.092 1
1565 1 44.879 -0.092 1
1564 1 44.879 -0.092 1
1563 1 44.879 -0.092 1
1562 1 44.879 -0.092 1
860 1 38.794 -1.343 1
-1 0 18.488 -4.745 D
7621 1 58.0 101.19596862792969 60 500 60
0 0 18.488 -4.745 D
537 1 54.791 0.61 1
536 1 54.791 0.61 1
534 1 54.791 0.61 1
533 1 54.791 0.61 1
532 1 54.791 0.61 1
530 1 54.791 0.61 1
529 1 54.791 0.61 1
528 1 54.791 0.61 1
527 1 54.791 0.61 1
526 1 54.791 0.61 1
524 1 54.791 0.61 1
523 1 54.791 0.61 1
522 1 54.791 0.61 1
521 1 54.791 0.61 1
518 1 54.791 0.61 1
517 1 54.791 0.61 1
883 1 59.827 17.059 1
882 1 59.827 17.059 1
881 1 59.827 17.059 1
880 1 59.827 17.059 1
879 1 59.827 17.059 1
878 1 59.827 17.059 1
876 1 59.827 17.059 1
875 1 59.827 17.059 1
874 1 59.827 17.059 1
685 1 54.169 13.745 1
684 1 54.169 13.745 1
683 1 54.169 13.745 1
681 1 54.169 13.745 1
680 1 54.169 13.745 1
679 1 54.169 13.745 1
678 1 54.169 13.745 1
677 1 54.169 13.745 1
676 1 54.169 13.745 1
2703 1 46.887 10.15 1
2702 1 46.887 10.15 1
2699 1 46.887 10.15 1
2698 1 46.887 10.15 1
2697 1 46.887 10.15 1
2696 1 46.887 10.15 1
2695 1 46.887 10.15 1
2694 1 46.887 10.15 1
2693 1 46.887 10.15 1
2692 1 46.887 10.15 1
2691 1 46.887 10.15 1
2690 1 46.887 10.15 1
2689 1 46.887 10.15 1
2688 1 46.887 10.15 1
2687 1 46.887 10.15 1
2686 1 46.887 10.15 1
2685 1 46.887 10.15 1
2684 1 46.887 10.15 1
2683 1 46.887 10.15 1
2682 1 46.887 10.15 1
2681 1 46.887 10.15 1
583 1 45.404 10.706 1
582 1 45.404 10.706 1
581 1 45.404 10.706 1
-1 0 18.488 -4.745 D
7622 2 39.0 173.4297332763672 40 500 41
0 0 18.488 -4.745 D
895 1 23.157 -3.613 2
1014 1 43.164 -1.636 2
1012 1 43.164 -1.636 2
1011 1 43.164 -1.636 2
1010 1 43.164 -1.636 2
1009 1 43.164 -1.636 2
1008 1 43.164 -1.636 2
1007 1 43.164 -1.636 2
1006 1 43.164 -1.636 2
1005 1 43.164 -1.636 2
1004 1 43.164 -1.636 2
1003 1 43.164 -1.636 2
1002 1 43.164 -1.636 2
1001 1 43.164 -1.636 2
1000 1 43.164 -1.636 2
999 1 43.164 -1.636 2
998 1 43.164 -1.636 2
997 1 43.164 -1.636 2
996 1 43.164 -1.636 2
1573 1 44.879 -0.092 2
1572 1 44.879 -0.092 2
531 1 54.791 0.61 2
525 1 54.791 0.61 2
520 1 54.791 0.61 2
1558 1 84.973 -2.039 2
1557 1 84.973 -2.039 2
1556 1 84.973 -2.039 2
1555 1 84.973 -2.039 2
139 1 92.395 15.039 2
136 1 92.395 15.039 2
130 1 92.395 15.039 2
885 1 59.827 17.059 2
682 1 54.169 13.745 2
675 1 54.169 13.745 2
1920 1 50.47 18.756 2
2701 1 46.887 10.15 2
2700 1 46.887 10.15 2
594 1 45.404 10.706 2
591 1 45.404 10.706 2
-1 0 18.488 -4.745 D
7623 2 79.0 159.46810913085938 80 500 81
0 0 18.488 -4.745 D
1925 1 50.47 18.756 2
1924 1 50.47 18.756 2
1923 1 50.47 18.756 2
1922 1 50.47 18.756 2
1921 1 50.47 18.756 2
3433 1 54.694 22.314 2
3432 1 54.694 22.314 2
3431 1 54.694 22.314 2
3430 1 54.694 22.314 2
3429 1 54.694 22.314 2
3428 1 54.694 22.314 2
3427 1 54.694 22.314 2
3426 1 54.694 22.314 2
3425 1 54.694 22.314 2
3424 1 54.694 22.314 2
3423 1 54.694 22.314 2
3422 1 54.694 22.314 2
3421 1 54.694 22.314 2
3420 1 54.694 22.314 2
3419 1 54.694 22.314 2
1553 1 69.037 32.819 2
1552 1 69.037 32.819 2
1551 1 69.037 32.819 2
1550 1 69.037 32.819 2
1546 1 69.037 32.819 2
1545 1 69.037 32.819 2
1543 1 69.037 32.819 2
1542 1 69.037 32.819 2
1541 1 69.037 32.819 2
1538 1 69.037 32.819 2
1536 1 69.037 32.819 2
1535 1 69.037 32.819 2
1534 1 69.037 32.819 2
1533 1 69.037 32.819 2
1532 1 69.037 32.819 2
1531 1 69.037 32.819 2
2830 1 81.866 42.072 2
2828 1 81.866 42.072 2
2200 1 65.326 36.261 2
2199 1 65.326 36.261 2
2198 1 65.326 36.261 2
2196 1 65.326 36.261 2
2194 1 65.326 36.261 2
2193 1 65.326 36.261 2
2192 1 65.326 36.261 2
2191 1 65.326 36.261 2
2190 1 65.326 36.261 2
3398 1 64.752 33.301 2
3397 1 64.752 33.301 2
3396 1 64.752 33.301 2
3395 1 64.752 33.301 2
3394 1 64.752 33.301 2
3393 1 64.752 33.301 2
3392 1 64.752 33.301 2
3391 1 64.752 33.301 2
3390 1 64.752 33.301 2
3389 1 64.752 33.301 2
3388 1 64.752 33.301 2
3387 1 64.752 33.301 2
3386 1 64.752 33.301 2
3385 1 64.752 33.301 2
2472 1 57.294 28.101 2
2471 1 57.294 28.101 2
2470 1 57.294 28.101 2
2469 1 57.294 28.101 2
2468 1 57.294 28.101 2
2462 1 57.294 28.101 2
2461 1 57.294 28.101 2
266 1 51.764 21.436 2
264 1 51.764 21.436 2
257 1 51.764 21.436 2
3418 1 45.404 15.741 2
3417 1 45.404 15.741 2
3416 1 45.404 15.741 2
3415 1 45.404 15.741 2
3414 1 45.404 15.741 2
3413 1 45.404 15.741 2
3412 1 45.404 15.741 2
3411 1 45.404 15.741 2
-1 0 18.488 -4.745 D
7624 2 119.0 290.392578125 120 500 121
0 0 18.488 -4.745 D
2187 1 35.791 21.869 2
2186 1 35.791 21.869 2
2184 1 35.791 21.869 2
2183 1 35.791 21.869 2
2182 1 35.791 21.869 2
2180 1 35.791 21.869 2
2179 1 35.791 21.869 2
2178 1 35.791 21.869 2
2177 1 35.791 21.869 2
2176 1 35.791 21.869 2
2175 1 35.791 21.869 2
2172 1 35.791 21.869 2
2171 1 35.791 21.869 2
2170 1 35.791 21.869 2
2169 1 35.791 21.869 2
2168 1 35.791 21.869 2
2167 1 35.791 21.869 2
2665 1 42.242 37.061 2
2898 1 45.673 33.35 2
2897 1 45.673 33.35 2
2896 1 45.673 33.35 2
2895 1 45.673 33.35 2
2894 1 45.673 33.35 2
2893 1 45.673 33.35 2
2892 1 45.673 33.35 2
2891 1 45.673 33.35 2
2890 1 45.673 33.35 2
2889 1 45.673 33.35 2
2888 1 45.673 33.35 2
2887 1 45.673 33.35 2
2886 1 45.673 33.35 2
2885 1 45.673 33.35 2
1170 1 54.26 29.712 2
1169 1 54.26 29.712 2
1168 1 54.26 29.712 2
1167 1 54.26 29.712 2
1166 1 54.26 29.712 2
1165 1 54.26 29.712 2
1164 1 54.26 29.712 2
1163 1 54.26 29.712 2
1162 1 54.26 29.712 2
1161 1 54.26 29.712 2
1159 1 54.26 29.712 2
1158 1 54.26 29.712 2
1157 1 54.26 29.712 2
2211 1 65.326 36.261 2
2208 1 65.326 36.261 2
2207 1 65.326 36.261 2
2206 1 65.326 36.261 2
2205 1 65.326 36.261 2
2204 1 65.326 36.261 2
2203 1 65.326 36.261 2
2202 1 65.326 36.261 2
438 1 70.282 53.497 2
2623 1 75.696 69.031 2
2616 1 75.696 69.031 2
2613 1 75.696 69.031 2
2610 1 75.696 69.031 2
2608 1 75.696 69.031 2
2607 1 75.696 69.031 2
2603 1 75.696 69.031 2
2600 1 75.696 69.031 2
1277 1 82.477 74.963 2
1276 1 82.477 74.963 2
1275 1 82.477 74.963 2
1469 1 74.207 69.849 2
1466 1 74.207 69.849 2
1451 1 74.207 69.849 2
730 1 68.982 55.853 2
729 1 68.982 55.853 2
1656 1 64.355 45.862 2
1655 1 64.355 45.862 2
1654 1 64.355 45.862 2
1653 1 64.355 45.862 2
1652 1 64.355 45.862 2
1651 1 64.355 45.862 2
1650 1 64.355 45.862 2
1649 1 64.355 45.862 2
1647 1 64.355 45.862 2
1645 1 64.355 45.862 2
1644 1 64.355 45.862 2
349 1 59.692 40.546 2
345 1 59.692 40.546 2
342 1 59.692 40.546 2
2070 1 55.566 38.599 2
2068 1 55.566 38.599 2
2064 1 55.566 38.599 2
2056 1 55.566 38.599 2
2053 1 55.566 38.599 2
1913 1 47.62 44.366 2
488 1 43.652 53.912 2
485 1 43.652 53.912 2
484 1 43.652 53.912 2
483 1 43.652 53.912 2
477 1 43.652 53.912 2
473 1 43.652 53.912 2
471 1 43.652 53.912 2
819 1 43.982 54.73 2
818 1 43.982 54.73 2
812 1 43.982 54.73 2
810 1 43.982 54.73 2
2506 1 53.284 67.542 2
2505 1 53.284 67.542 2
2499 1 53.284 67.542 2
2491 1 53.284 67.542 2
2490 1 53.284 67.542 2
1019 1 38.544 64.191 2
1017 1 38.544 64.191 2
1015 1 38.544 64.191 2
743 1 36.151 45.081 2
741 1 36.151 45.081 2
3159 1 32.513 31.396 2
3158 1 32.513 31.396 2
3157 1 32.513 31.396 2
3156 1 32.513 31.396 2
3155 1 32.513 31.396 2
3154 1 32.513 31.396 2
3153 1 32.513 31.396 2
319 1 31.091 28.845 2
-1 0 18.488 -4.745 D
7626 4 99.0 225.2293701171875 100 500 101
0 0 18.488 -4.745 D
2185 1 35.791 21.869 4
2181 1 35.791 21.869 4
2174 1 35.791 21.869 4
2173 1 35.791 21.869 4
3495 1 42.767 31.641 4
3494 1 42.767 31.641 4
3493 1 42.767 31.641 4
3492 1 42.767 31.641 4
3491 1 42.767 31.641 4
3490 1 42.767 31.641 4
3489 1 42.767 31.641 4
3488 1 42.767 31.641 4
3487 1 42.767 31.641 4
3486 1 42.767 31.641 4
3485 1 42.767 31.641 4
3484 1 42.767 31.641 4
3483 1 42.767 31.641 4
3482 1 42.767 31.641 4
3481 1 42.767 31.641 4
3480 1 42.767 31.641 4
3479 1 42.767 31.641 4
3478 1 42.767 31.641 4
3477 1 42.767 31.641 4
3476 1 42.767 31.641 4
3475 1 42.767 31.641 4
3474 1 42.767 31.641 4
3473 1 42.767 31.641 4
1132 1 52.313 34.717 4
1131 1 52.313 34.717 4
1130 1 52.313 34.717 4
1129 1 52.313 34.717 4
1128 1 52.313 34.717 4
1127 1 52.313 34.717 4
1126 1 52.313 34.717 4
1125 1 52.313 34.717 4
1124 1 52.313 34.717 4
1123 1 52.313 34.717 4
1122 1 52.313 34.717 4
1120 1 52.313 34.717 4
1119 1 52.313 34.717 4
1118 1 52.313 34.717 4
343 1 59.692 40.546 4
3228 1 54.84 53.693 4
2316 1 81.812 77.612 4
2314 1 81.812 77.612 4
2313 1 81.812 77.612 4
2312 1 81.812 77.612 4
2310 1 81.812 77.612 4
2309 1 81.812 77.612 4
2308 1 81.812 77.612 4
2307 1 81.812 77.612 4
2305 1 81.812 77.612 4
2304 1 81.812 77.612 4
2303 1 81.812 77.612 4
2302 1 81.812 77.612 4
2301 1 81.812 77.612 4
2300 1 81.812 77.612 4
2299 1 81.812 77.612 4
1274 1 82.477 74.963 4
732 1 68.982 55.853 4
723 1 68.982 55.853 4
437 1 70.282 53.497 4
429 1 70.282 53.497 4
1658 1 64.355 45.862 4
1657 1 64.355 45.862 4
1648 1 64.355 45.862 4
1646 1 64.355 45.862 4
2210 1 65.326 36.261 4
2209 1 65.326 36.261 4
2201 1 65.326 36.261 4
2197 1 65.326 36.261 4
2195 1 65.326 36.261 4
1160 1 54.26 29.712 4
267 1 51.764 21.436 4
265 1 51.764 21.436 4
2680 1 46.039 16.638 4
2679 1 46.039 16.638 4
2678 1 46.039 16.638 4
2677 1 46.039 16.638 4
2676 1 46.039 16.638 4
2675 1 46.039 16.638 4
2674 1 46.039 16.638 4
2672 1 46.039 16.638 4
2671 1 46.039 16.638 4
2670 1 46.039 16.638 4
2669 1 46.039 16.638 4
2113 1 39.41 11.682 4
2112 1 39.41 11.682 4
2111 1 39.41 11.682 4
2109 1 39.41 11.682 4
2108 1 39.41 11.682 4
2107 1 39.41 11.682 4
2106 1 39.41 11.682 4
2105 1 39.41 11.682 4
2104 1 39.41 11.682 4
2103 1 39.41 11.682 4
2101 1 39.41 11.682 4
2100 1 39.41 11.682 4
2099 1 39.41 11.682 4
-1 0 18.488 -4.745 D
7627 4 159.0 275.02117919921875 160 500 161
0 0 18.488 -4.745 D
2367 1 13.8 44.049 4
2366 1 13.8 44.049 4
2365 1 13.8 44.049 4
2364 1 13.8 44.049 4
2363 1 13.8 44.049 4
2362 1 13.8 44.049 4
2360 1 13.8 44.049 4
2359 1 13.8 44.049 4
2358 1 13.8 44.049 4
2357 1 13.8 44.049 4
2356 1 13.8 44.049 4
2354 1 13.8 44.049 4
2353 1 13.8 44.049 4
2352 1 13.8 44.049 4
2351 1 13.8 44.049 4
1392 1 21.051 48.309 4
1391 1 21.051 48.309 4
1390 1 21.051 48.309 4
1389 1 21.051 48.309 4
1388 1 21.051 48.309 4
1386 1 21.051 48.309 4
1385 1 21.051 48.309 4
1383 1 21.051 48.309 4
2822 1 23.444 54.944 4
2821 1 23.444 54.944 4
2818 1 23.444 54.944 4
2817 1 23.444 54.944 4
2810 1 23.444 54.944 4
2803 1 23.444 54.944 4
1772 1 31.75 54.358 4
1771 1 31.75 54.358 4
1770 1 31.75 54.358 4
1769 1 31.75 54.358 4
1768 1 31.75 54.358 4
1767 1 31.75 54.358 4
1766 1 31.75 54.358 4
3034 1 27.405 77.545 4
3033 1 27.405 77.545 4
3032 1 27.405 77.545 4
3587 1 16.522 95.453 4
3586 1 16.522 95.453 4
3585 1 16.522 95.453 4
3584 1 16.522 95.453 4
3583 1 16.522 95.453 4
3582 1 16.522 95.453 4
3581 1 16.522 95.453 4
3580 1 16.522 95.453 4
2131 1 37.512 82.794 4
2130 1 37.512 82.794 4
2128 1 37.512 82.794 4
2126 1 37.512 82.794 4
2125 1 37.512 82.794 4
2124 1 37.512 82.794 4
2122 1 37.512 82.794 4
2121 1 37.512 82.794 4
2120 1 37.512 82.794 4
2118 1 37.512 82.794 4
2117 1 37.512 82.794 4
2116 1 37.512 82.794 4
1035 1 38.544 64.191 4
1032 1 38.544 64.191 4
1030 1 38.544 64.191 4
1024 1 38.544 64.191 4
1020 1 38.544 64.191 4
1018 1 38.544 64.191 4
1016 1 38.544 64.191 4
1938 1 42.157 64.746 4
1937 1 42.157 64.746 4
1935 1 42.157 64.746 4
1934 1 42.157 64.746 4
1933 1 42.157 64.746 4
1932 1 42.157 64.746 4
1931 1 42.157 64.746 4
1930 1 42.157 64.746 4
1929 1 42.157 64.746 4
1928 1 42.157 64.746 4
482 1 43.652 53.912 4
478 1 43.652 53.912 4
474 1 43.652 53.912 4
811 1 43.982 54.73 4
1703 1 47.766 54.364 4
1702 1 47.766 54.364 4
1701 1 47.766 54.364 4
1700 1 47.766 54.364 4
1699 1 47.766 54.364 4
1698 1 47.766 54.364 4
1697 1 47.766 54.364 4
1696 1 47.766 54.364 4
1695 1 47.766 54.364 4
1694 1 47.766 54.364 4
1693 1 47.766 54.364 4
1692 1 47.766 54.364 4
1691 1 47.766 54.364 4
1690 1 47.766 54.364 4
1689 1 47.766 54.364 4
1688 1 47.766 54.364 4
1687 1 47.766 54.364 4
3231 1 54.84 53.693 4
3230 1 54.84 53.693 4
3229 1 54.84 53.693 4
1916 1 47.62 44.366 4
1915 1 47.62 44.366 4
1914 1 47.62 44.366 4
2016 1 45.435 45.41 4
2014 1 45.435 45.41 4
2013 1 45.435 45.41 4
2012 1 45.435 45.41 4
2011 1 45.435 45.41 4
2009 1 45.435 45.41 4
2008 1 45.435 45.41 4
2007 1 45.435 45.41 4
2004 1 45.435 45.41 4
2003 1 45.435 45.41 4
2002 1 45.435 45.41 4
2001 1 45.435 45.41 4
1999 1 45.435 45.41 4
1998 1 45.435 45.41 4
1997 1 45.435 45.41 4
1996 1 45.435 45.41 4
1995 1 45.435 45.41 4
1994 1 45.435 45.41 4
3132 1 38.464 43.787 4
3131 1 38.464 43.787 4
3130 1 38.464 43.787 4
3129 1 38.464 43.787 4
3128 1 38.464 43.787 4
3127 1 38.464 43.787 4
3126 1 38.464 43.787 4
3125 1 38.464 43.787 4
3124 1 38.464 43.787 4
3123 1 38.464 43.787 4
3122 1 38.464 43.787 4
3121 1 38.464 43.787 4
3120 1 38.464 43.787 4
3119 1 38.464 43.787 4
3118 1 38.464 43.787 4
3117 1 38.464 43.787 4
3116 1 38.464 43.787 4
3115 1 38.464 43.787 4
3114 1 38.464 43.787 4
3113 1 38.464 43.787 4
3112 1 38.464 43.787 4
3111 1 38.464 43.787 4
3110 1 38.464 43.787 4
3109 1 38.464 43.787 4
737 1 36.151 45.081 4
1510 1 25.189 47.394 4
2418 1 26.251 43.134 4
2417 1 26.251 43.134 4
2416 1 26.251 43.134 4
2415 1 26.251 43.134 4
2414 1 26.251 43.134 4
2413 1 26.251 43.134 4
2412 1 26.251 43.134 4
2408 1 26.251 43.134 4
2407 1 26.251 43.134 4
309 1 24.939 35.095 4
303 1 24.939 35.095 4
689 1 21.466 17.517 4
-1 0 18.488 -4.745 D
7629 8 99.0 386.74444580078125 100 500 101
0 0 18.488 -4.745 D
1686 1 26.178 7.202 8
1681 1 26.178 7.202 8
1672 1 26.178 7.202 8
1671 1 26.178 7.202 8
1353 1 43.707 0.409 8
1356 1 43.707 0.409 8
1361 1 43.707 0.409 8
1362 1 43.707 0.409 8
2253 1 32.452 28.693 8
2249 1 32.452 28.693 8
2411 1 26.251 43.134 8
2410 1 26.251 43.134 8
2409 1 26.251 43.134 8
2233 1 27.618 47.205 8
2231 1 27.618 47.205 8
1387 1 21.051 48.309 8
1384 1 21.051 48.309 8
1765 1 31.75 54.358 8
1764 1 31.75 54.358 8
2015 1 45.435 45.41 8
2010 1 45.435 45.41 8
2006 1 45.435 45.41 8
2005 1 45.435 45.41 8
2000 1 45.435 45.41 8
2884 1 51.868 41.345 8
2883 1 51.868 41.345 8
2882 1 51.868 41.345 8
2881 1 51.868 41.345 8
2880 1 51.868 41.345 8
2879 1 51.868 41.345 8
2878 1 51.868 41.345 8
2877 1 51.868 41.345 8
2876 1 51.868 41.345 8
2875 1 51.868 41.345 8
2874 1 51.868 41.345 8
2873 1 51.868 41.345 8
2872 1 51.868 41.345 8
2871 1 51.868 41.345 8
2870 1 51.868 41.345 8
2869 1 51.868 41.345 8
2286 1 52.911 45.007 8
2285 1 52.911 45.007 8
2284 1 52.911 45.007 8
2283 1 52.911 45.007 8
2281 1 52.911 45.007 8
1869 1 57.397 42.554 8
1868 1 57.397 42.554 8
3702 1 70.184 56.03 8
3701 1 70.184 56.03 8
3700 1 70.184 56.03 8
2319 1 81.812 77.612 8
2318 1 81.812 77.612 8
2317 1 81.812 77.612 8
2315 1 81.812 77.612 8
2311 1 81.812 77.612 8
2306 1 81.812 77.612 8
2298 1 81.812 77.612 8
2823 1 68.512 68.317 8
2533 1 51.862 70.691 8
2528 1 51.862 70.691 8
2421 1 48.364 60.938 8
2419 1 48.364 60.938 8
1940 1 42.157 64.746 8
1939 1 42.157 64.746 8
1936 1 42.157 64.746 8
1927 1 42.157 64.746 8
1926 1 42.157 64.746 8
1072 1 37.543 81.061 8
2129 1 37.512 82.794 8
2127 1 37.512 82.794 8
2123 1 37.512 82.794 8
2119 1 37.512 82.794 8
2115 1 37.512 82.794 8
3516 1 16.449 80.701 8
3515 1 16.449 80.701 8
3514 1 16.449 80.701 8
3513 1 16.449 80.701 8
3512 1 16.449 80.701 8
3511 1 16.449 80.701 8
3510 1 16.449 80.701 8
3509 1 16.449 80.701 8
3508 1 16.449 80.701 8
3507 1 16.449 80.701 8
1865 1 7.819 73.907 8
1846 1 7.819 73.907 8
1842 1 7.819 73.907 8
2405 1 -1.324 83.74 8
2399 1 -1.324 83.74 8
2324 1 1.495 61.572 8
2323 1 1.495 61.572 8
2786 1 9.93 54.114 8
2772 1 9.93 54.114 8
2361 1 13.8 44.049 8
2355 1 13.8 44.049 8
3614 1 14.197 38.538 8
3613 1 14.197 38.538 8
3612 1 14.197 38.538 8
3611 1 14.197 38.538 8
3610 1 14.197 38.538 8
-1 0 18.488 -4.745 D
7630 8 125.0 481.8988037109375 160 500 127
0 0 18.488 -4.745 D
1231 1 36.023 10.773 8
1240 1 36.023 10.773 8
2102 1 39.41 11.682 8
2110 1 39.41 11.682 8
2114 1 39.41 11.682 8
2673 1 46.039 16.638 8
2546 1 52.032 24.188 8
1121 1 52.313 34.717 8
1069 1 6.757 47.29 8
1066 1 6.757 47.29 8
1064 1 6.757 47.29 8
1063 1 6.757 47.29 8
2397 1 2.399 53.168 8
2395 1 2.399 53.168 8
2392 1 2.399 53.168 8
2382 1 2.399 53.168 8
2275 1 -2.594 58.691 8
2273 1 -2.594 58.691 8
2337 1 1.495 61.572 8
2336 1 1.495 61.572 8
2295 1 -18.817 88.58 8
2289 1 -18.817 88.58 8
1784 1 -50.214 84.717 8
1782 1 -50.214 84.717 8
1781 1 -50.214 84.717 8
3688 1 -40.308 68.945 8
3687 1 -40.308 68.945 8
3686 1 -40.308 68.945 8
3685 1 -40.308 68.945 8
3684 1 -40.308 68.945 8
3683 1 -40.308 68.945 8
3682 1 -40.308 68.945 8
1300 1 -62.72 8.038 8
1293 1 -62.72 8.038 8
1289 1 -62.72 8.038 8
2442 1 -62.83 -20.056 8
2439 1 -62.83 -20.056 8
2436 1 -62.83 -20.056 8
2433 1 -62.83 -20.056 8
3721 1 -30.566 -10.37 8
3720 1 -30.566 -10.37 8
3719 1 -30.566 -10.37 8
3718 1 -30.566 -10.37 8
3717 1 -30.566 -10.37 8
3716 1 -30.566 -10.37 8
3715 1 -30.566 -10.37 8
3714 1 -30.566 -10.37 8
3713 1 -30.566 -10.37 8
3712 1 -30.566 -10.37 8
3711 1 -30.566 -10.37 8
3710 1 -30.566 -10.37 8
3709 1 -30.566 -10.37 8
3708 1 -30.566 -10.37 8
3707 1 -30.566 -10.37 8
3706 1 -30.566 -10.37 8
3705 1 -30.566 -10.37 8
3704 1 -30.566 -10.37 8
3703 1 -30.566 -10.37 8
3183 1 -21.326 -21.417 8
3182 1 -21.326 -21.417 8
3181 1 -21.326 -21.417 8
3180 1 -21.326 -21.417 8
2577 1 -25.531 -25.195 8
2035 1 -19.891 -49.286 8
2030 1 -19.891 -49.286 8
2026 1 -19.891 -49.286 8
2017 1 -19.891 -49.286 8
3321 1 -9.351 -36.456 8
3320 1 -9.351 -36.456 8
3319 1 -9.351 -36.456 8
3318 1 -9.351 -36.456 8
3317 1 -9.351 -36.456 8
3316 1 -9.351 -36.456 8
3315 1 -9.351 -36.456 8
3314 1 -9.351 -36.456 8
3313 1 -9.351 -36.456 8
3312 1 -9.351 -36.456 8
3311 1 -9.351 -36.456 8
3310 1 -9.351 -36.456 8
3309 1 -9.351 -36.456 8
3308 1 -9.351 -36.456 8
3307 1 -9.351 -36.456 8
3306 1 -9.351 -36.456 8
3305 1 -9.351 -36.456 8
3304 1 -9.351 -36.456 8
3303 1 -9.351 -36.456 8
3302 1 -9.351 -36.456 8
3301 1 -9.351 -36.456 8
3300 1 -9.351 -36.456 8
3299 1 -9.351 -36.456 8
3298 1 -9.351 -36.456 8
2745 1 -4.199 -21.991 8
2742 1 -4.199 -21.991 8
2740 1 -4.199 -21.991 8
2739 1 -4.199 -21.991 8
2737 1 -4.199 -21.991 8
2736 1 -4.199 -21.991 8
2734 1 -4.199 -21.991 8
2662 1 -7.098 -14.24 8
2660 1 -7.098 -14.24 8
2659 1 -7.098 -14.24 8
2162 1 -6.744 -13.989 8
2161 1 -6.744 -13.989 8
2157 1 -6.744 -13.989 8
1899 1 -8.453 -12.573 8
3434 1 -15.405 -12.952 8
1272 1 -12.83 0.177 8
1264 1 -12.83 0.177 8
3724 1 14.209 -12.085 8
3723 1 14.209 -12.085 8
3722 1 14.209 -12.085 8
2949 1 19.922 -9.149 8
2948 1 19.922 -9.149 8
2947 1 19.922 -9.149 8
2946 1 19.922 -9.149 8
2945 1 19.922 -9.149 8
2944 1 19.922 -9.149 8
2943 1 19.922 -9.149 8
2942 1 19.922 -9.149 8
2941 1 19.922 -9.149 8
2940 1 19.922 -9.149 8
2939 1 19.922 -9.149 8
2938 1 19.922 -9.149 8
2937 1 19.922 -9.149 8
2936 1 19.922 -9.149 8
-1 0 18.488 -4.745 D
7631 1 19.0 192.33905029296875 20 500 21
0 0 18.488 -4.745 D
142 1 92.395 15.039 1
140 1 92.395 15.039 1
138 1 92.395 15.039 1
137 1 92.395 15.039 1
135 1 92.395 15.039 1
134 1 92.395 15.039 1
133 1 92.395 15.039 1
132 1 92.395 15.039 1
131 1 92.395 15.039 1
2166 1 56.165 18.091 1
2165 1 56.165 18.091 1
2758 1 69.482 29.919 1
2757 1 69.482 29.919 1
2756 1 69.482 29.919 1
2755 1 69.482 29.919 1
2754 1 69.482 29.919 1
2753 1 69.482 29.919 1
2752 1 69.482 29.919 1
2751 1 69.482 29.919 1
-1 0 18.488 -4.745 D
7632 1 19.0 129.85076904296875 20 500 21
0 0 18.488 -4.745 D
2580 1 55.56 22.424 1
3202 1 72.119 31.763 1
3201 1 72.119 31.763 1
3200 1 72.119 31.763 1
3199 1 72.119 31.763 1
3198 1 72.119 31.763 1
3197 1 72.119 31.763 1
3196 1 72.119 31.763 1
3195 1 72.119 31.763 1
3194 1 72.119 31.763 1
3193 1 72.119 31.763 1
2769 1 69.482 29.919 1
2768 1 69.482 29.919 1
2766 1 69.482 29.919 1
2764 1 69.482 29.919 1
2763 1 69.482 29.919 1
2762 1 69.482 29.919 1
2760 1 69.482 29.919 1
2759 1 69.482 29.919 1
-1 0 18.488 -4.745 D
7633 1 19.0 130.65493774414062 20 500 21
0 0 18.488 -4.745 D
256 1 51.764 21.436 1
2575 1 70.178 35.199 1
2574 1 70.178 35.199 1
2573 1 70.178 35.199 1
2571 1 70.178 35.199 1
2570 1 70.178 35.199 1
2569 1 70.178 35.199 1
2568 1 70.178 35.199 1
2567 1 70.178 35.199 1
2566 1 70.178 35.199 1
2565 1 70.178 35.199 1
2564 1 70.178 35.199 1
2562 1 70.178 35.199 1
2561 1 70.178 35.199 1
2558 1 70.178 35.199 1
2557 1 70.178 35.199 1
2556 1 70.178 35.199 1
2555 1 70.178 35.199 1
2553 1 70.178 35.199 1
-1 0 18.488 -4.745 D
7634 1 19.0 101.84175109863281 20 500 21
0 0 18.488 -4.745 D
2463 1 57.294 28.101 1
2460 1 57.294 28.101 1
2459 1 57.294 28.101 1
2458 1 57.294 28.101 1
2457 1 57.294 28.101 1
2456 1 57.294 28.101 1
2455 1 57.294 28.101 1
2454 1 57.294 28.101 1
2453 1 57.294 28.101 1
271 1 51.764 21.436 1
270 1 51.764 21.436 1
269 1 51.764 21.436 1
268 1 51.764 21.436 1
263 1 51.764 21.436 1
262 1 51.764 21.436 1
261 1 51.764 21.436 1
260 1 51.764 21.436 1
259 1 51.764 21.436 1
258 1 51.764 21.436 1
-1 0 18.488 -4.745 D
7635 1 19.0 101.70012664794922 20 500 21
0 0 18.488 -4.745 D
1230 1 36.023 10.773 1
1229 1 36.023 10.773 1
1228 1 36.023 10.773 1
2552 1 52.032 24.188 1
2551 1 52.032 24.188 1
2550 1 52.032 24.188 1
2549 1 52.032 24.188 1
2548 1 52.032 24.188 1
2547 1 52.032 24.188 1
2545 1 52.032 24.188 1
2544 1 52.032 24.188 1
2543 1 52.032 24.188 1
2475 1 57.294 28.101 1
2474 1 57.294 28.101 1
2473 1 57.294 28.101 1
2467 1 57.294 28.101 1
2466 1 57.294 28.101 1
2465 1 57.294 28.101 1
2464 1 57.294 28.101 1
-1 0 18.488 -4.745 D
7636 1 19.0 78.55789947509766 20 500 21
0 0 18.488 -4.745 D
2088 1 7.135 17.95 1
2084 1 7.135 17.95 1
2083 1 7.135 17.95 1
2082 1 7.135 17.95 1
2081 1 7.135 17.95 1
2080 1 7.135 17.95 1
2079 1 7.135 17.95 1
2078 1 7.135 17.95 1
2074 1 7.135 17.95 1
2073 1 7.135 17.95 1
1241 1 36.023 10.773 1
1239 1 36.023 10.773 1
1238 1 36.023 10.773 1
1237 1 36.023 10.773 1
1236 1 36.023 10.773 1
1235 1 36.023 10.773 1
1234 1 36.023 10.773 1
1233 1 36.023 10.773 1
1232 1 36.023 10.773 1
-1 0 18.488 -4.745 D
7637 1 19.0 144.3868865966797 20 500 21
0 0 18.488 -4.745 D
2146 1 66.467 49.182 1
2145 1 66.467 49.182 1
2143 1 66.467 49.182 1
2142 1 66.467 49.182 1
2141 1 66.467 49.182 1
2140 1 66.467 49.182 1
2139 1 66.467 49.182 1
2138 1 66.467 49.182 1
2136 1 66.467 49.182 1
2135 1 66.467 49.182 1
2134 1 66.467 49.182 1
2133 1 66.467 49.182 1
2132 1 66.467 49.182 1
355 1 59.692 40.546 1
354 1 59.692 40.546 1
353 1 59.692 40.546 1
352 1 59.692 40.546 1
351 1 59.692 40.546 1
350 1 59.692 40.546 1
-1 0 18.488 -4.745 D
7638 1 19.0 155.88137817382812 20 500 21
0 0 18.488 -4.745 D
431 1 70.282 53.497 1
430 1 70.282 53.497 1
428 1 70.282 53.497 1
427 1 70.282 53.497 1
426 1 70.282 53.497 1
425 1 70.282 53.497 1
424 1 70.282 53.497 1
423 1 70.282 53.497 1
422 1 70.282 53.497 1
421 1 70.282 53.497 1
2156 1 66.467 49.182 1
2155 1 66.467 49.182 1
2154 1 66.467 49.182 1
2153 1 66.467 49.182 1
2152 1 66.467 49.182 1
2150 1 66.467 49.182 1
2149 1 66.467 49.182 1
2148 1 66.467 49.182 1
2147 1 66.467 49.182 1
-1 0 18.488 -4.745 D
7639 1 19.0 155.92062377929688 20 500 21
0 0 18.488 -4.745 D
2062 1 55.566 38.599 1
2061 1 55.566 38.599 1
2060 1 55.566 38.599 1
2059 1 55.566 38.599 1
2058 1 55.566 38.599 1
2057 1 55.566 38.599 1
2055 1 55.566 38.599 1
2054 1 55.566 38.599 1
2052 1 55.566 38.599 1
443 1 70.282 53.497 1
442 1 70.282 53.497 1
441 1 70.282 53.497 1
440 1 70.282 53.497 1
439 1 70.282 53.497 1
436 1 70.282 53.497 1
435 1 70.282 53.497 1
434 1 70.282 53.497 1
433 1 70.282 53.497 1
432 1 70.282 53.497 1
-1 0 18.488 -4.745 D
7640 1 19.0 157.77354431152344 20 500 21
0 0 18.488 -4.745 D
728 1 68.982 55.853 1
727 1 68.982 55.853 1
726 1 68.982 55.853 1
725 1 68.982 55.853 1
724 1 68.982 55.853 1
722 1 68.982 55.853 1
721 1 68.982 55.853 1
720 1 68.982 55.853 1
719 1 68.982 55.853 1
718 1 68.982 55.853 1
717 1 68.982 55.853 1
716 1 68.982 55.853 1
715 1 68.982 55.853 1
714 1 68.982 55.853 1
2069 1 55.566 38.599 1
2067 1 55.566 38.599 1
2066 1 55.566 38.599 1
2065 1 55.566 38.599 1
2063 1 55.566 38.599 1
-1 0 18.488 -4.745 D
7641 1 19.0 183.02529907226562 20 500 21
0 0 18.488 -4.745 D
3170 1 56.091 70.782 1
3169 1 56.091 70.782 1
3168 1 56.091 70.782 1
3167 1 56.091 70.782 1
3166 1 56.091 70.782 1
3165 1 56.091 70.782 1
3164 1 56.091 70.782 1
3163 1 56.091 70.782 1
3162 1 56.091 70.782 1
3161 1 56.091 70.782 1
3160 1 56.091 70.782 1
734 1 68.982 55.853 1
733 1 68.982 55.853 1
731 1 68.982 55.853 1
2344 1 53.656 39.49 1
2343 1 53.656 39.49 1
2342 1 53.656 39.49 1
2341 1 53.656 39.49 1
2340 1 53.656 39.49 1
-1 0 18.488 -4.745 D
7642 1 17.0 189.1234130859375 20 500 19
0 0 18.488 -4.745 D
2827 1 68.512 68.317 1
2826 1 68.512 68.317 1
2825 1 68.512 68.317 1
2824 1 68.512 68.317 1
2619 1 75.696 69.031 1
2618 1 75.696 69.031 1
2617 1 75.696 69.031 1
2615 1 75.696 69.031 1
2614 1 75.696 69.031 1
2612 1 75.696 69.031 1
2611 1 75.696 69.031 1
2609 1 75.696 69.031 1
2606 1 75.696 69.031 1
2605 1 75.696 69.031 1
2604 1 75.696 69.031 1
2602 1 75.696 69.031 1
2601 1 75.696 69.031 1
-1 0 18.488 -4.745 D
7643 1 19.0 188.163330078125 20 500 21
0 0 18.488 -4.745 D
1464 1 74.207 69.849 1
1463 1 74.207 69.849 1
1462 1 74.207 69.849 1
1461 1 74.207 69.849 1
1460 1 74.207 69.849 1
1459 1 74.207 69.849 1
1458 1 74.207 69.849 1
1457 1 74.207 69.849 1
1456 1 74.207 69.849 1
1455 1 74.207 69.849 1
1454 1 74.207 69.849 1
1453 1 74.207 69.849 1
1452 1 74.207 69.849 1
1450 1 74.207 69.849 1
1449 1 74.207 69.849 1
1448 1 74.207 69.849 1
2622 1 75.696 69.031 1
2621 1 75.696 69.031 1
2620 1 75.696 69.031 1
-1 0 18.488 -4.745 D
7644 1 19.0 186.21365356445312 20 500 21
0 0 18.488 -4.745 D
3637 1 33.893 15.979 1
3636 1 33.893 15.979 1
3635 1 33.893 15.979 1
3634 1 33.893 15.979 1
3633 1 33.893 15.979 1
3632 1 33.893 15.979 1
3631 1 33.893 15.979 1
3630 1 33.893 15.979 1
3629 1 33.893 15.979 1
3628 1 33.893 15.979 1
3627 1 33.893 15.979 1
3626 1 33.893 15.979 1
3625 1 33.893 15.979 1
3624 1 33.893 15.979 1
3623 1 33.893 15.979 1
1470 1 74.207 69.849 1
1468 1 74.207 69.849 1
1467 1 74.207 69.849 1
1465 1 74.207 69.849 1
-1 0 18.488 -4.745 D
7645 1 19.0 175.086669921875 20 500 21
0 0 18.488 -4.745 D
709 1 40.173 15.912 1
708 1 40.173 15.912 1
707 1 40.173 15.912 1
706 1 40.173 15.912 1
705 1 40.173 15.912 1
704 1 40.173 15.912 1
449 1 89.606 30.585 1
448 1 89.606 30.585 1
447 1 89.606 30.585 1
446 1 89.606 30.585 1
445 1 89.606 30.585 1
2350 1 53.656 39.49 1
2349 1 53.656 39.49 1
2348 1 53.656 39.49 1
2347 1 53.656 39.49 1
2346 1 53.656 39.49 1
2345 1 53.656 39.49 1
3639 1 33.893 15.979 1
3638 1 33.893 15.979 1
-1 0 18.488 -4.745 D
7646 1 19.0 125.4799575805664 20 500 21
0 0 18.488 -4.745 D
1878 1 57.397 42.554 1
1877 1 57.397 42.554 1
1876 1 57.397 42.554 1
1875 1 57.397 42.554 1
1874 1 57.397 42.554 1
1873 1 57.397 42.554 1
1872 1 57.397 42.554 1
1871 1 57.397 42.554 1
1870 1 57.397 42.554 1
1867 1 57.397 42.554 1
1866 1 57.397 42.554 1
2664 1 42.242 37.061 1
2663 1 42.242 37.061 1
1685 1 26.178 7.202 1
1684 1 26.178 7.202 1
1683 1 26.178 7.202 1
1682 1 26.178 7.202 1
1680 1 26.178 7.202 1
1679 1 26.178 7.202 1
-1 0 18.488 -4.745 D
7647 1 19.0 222.142333984375 20 500 21
0 0 18.488 -4.745 D
3288 1 55.011 98.767 1
3287 1 55.011 98.767 1
3286 1 55.011 98.767 1
3285 1 55.011 98.767 1
3284 1 55.011 98.767 1
3283 1 55.011 98.767 1
3282 1 55.011 98.767 1
3281 1 55.011 98.767 1
3280 1 55.011 98.767 1
3279 1 55.011 98.767 1
3179 1 56.091 70.782 1
3178 1 56.091 70.782 1
3177 1 56.091 70.782 1
3176 1 56.091 70.782 1
3175 1 56.091 70.782 1
3174 1 56.091 70.782 1
3173 1 56.091 70.782 1
3172 1 56.091 70.782 1
3171 1 56.091 70.782 1
-1 0 18.488 -4.745 D
7648 1 19.0 166.20065307617188 20 500 21
0 0 18.488 -4.745 D
2423 1 48.364 60.938 1
2422 1 48.364 60.938 1
2420 1 48.364 60.938 1
2539 1 51.862 70.691 1
2538 1 51.862 70.691 1
2537 1 51.862 70.691 1
2536 1 51.862 70.691 1
2535 1 51.862 70.691 1
2534 1 51.862 70.691 1
2532 1 51.862 70.691 1
2531 1 51.862 70.691 1
2530 1 51.862 70.691 1
2529 1 51.862 70.691 1
2527 1 51.862 70.691 1
2526 1 51.862 70.691 1
2525 1 51.862 70.691 1
2524 1 51.862 70.691 1
2504 1 53.284 67.542 1
2503 1 53.284 67.542 1
-1 0 18.488 -4.745 D
7649 1 19.0 166.48548889160156 20 500 21
0 0 18.488 -4.745 D
814 1 43.982 54.73 1
813 1 43.982 54.73 1
809 1 43.982 54.73 1
808 1 43.982 54.73 1
807 1 43.982 54.73 1
806 1 43.982 54.73 1
2502 1 53.284 67.542 1
2501 1 53.284 67.542 1
2500 1 53.284 67.542 1
2498 1 53.284 67.542 1
2497 1 53.284 67.542 1
2496 1 53.284 67.542 1
2495 1 53.284 67.542 1
2494 1 53.284 67.542 1
2493 1 53.284 67.542 1
2492 1 53.284 67.542 1
2542 1 51.862 70.691 1
2541 1 51.862 70.691 1
2540 1 51.862 70.691 1
-1 0 18.488 -4.745 D
7650 1 19.0 130.02194213867188 20 500 21
0 0 18.488 -4.745 D
321 1 31.091 28.845 1
320 1 31.091 28.845 1
318 1 31.091 28.845 1
317 1 31.091 28.845 1
316 1 31.091 28.845 1
738 1 36.151 45.081 1
736 1 36.151 45.081 1
735 1 36.151 45.081 1
817 1 43.982 54.73 1
816 1 43.982 54.73 1
815 1 43.982 54.73 1
2257 1 32.452 28.693 1
2256 1 32.452 28.693 1
2255 1 32.452 28.693 1
2254 1 32.452 28.693 1
2252 1 32.452 28.693 1
2251 1 32.452 28.693 1
2250 1 32.452 28.693 1
2248 1 32.452 28.693 1
-1 0 18.488 -4.745 D
7651 1 19.0 128.2776641845703 20 500 21
0 0 18.488 -4.745 D
489 1 43.652 53.912 1
487 1 43.652 53.912 1
486 1 43.652 53.912 1
481 1 43.652 53.912 1
480 1 43.652 53.912 1
479 1 43.652 53.912 1
476 1 43.652 53.912 1
475 1 43.652 53.912 1
472 1 43.652 53.912 1
470 1 43.652 53.912 1
749 1 36.151 45.081 1
748 1 36.151 45.081 1
747 1 36.151 45.081 1
746 1 36.151 45.081 1
745 1 36.151 45.081 1
744 1 36.151 45.081 1
742 1 36.151 45.081 1
740 1 36.151 45.081 1
739 1 36.151 45.081 1
-1 0 18.488 -4.745 D
7652 1 19.0 219.9770050048828 20 500 21
0 0 18.488 -4.745 D
598 1 48.932 82.941 1
597 1 48.932 82.941 1
3297 1 55.011 98.767 1
3296 1 55.011 98.767 1
3295 1 55.011 98.767 1
3294 1 55.011 98.767 1
3293 1 55.011 98.767 1
3292 1 55.011 98.767 1
3291 1 55.011 98.767 1
3290 1 55.011 98.767 1
3289 1 55.011 98.767 1
1827 1 30.225 43.164 1
1826 1 30.225 43.164 1
1825 1 30.225 43.164 1
1824 1 30.225 43.164 1
1823 1 30.225 43.164 1
1822 1 30.225 43.164 1
1821 1 30.225 43.164 1
1820 1 30.225 43.164 1
-1 0 18.488 -4.745 D
7653 2 39.0 150.24664306640625 40 500 41
0 0 18.488 -4.745 D
1837 1 30.225 43.164 2
1836 1 30.225 43.164 2
1833 1 30.225 43.164 2
1038 1 38.544 64.191 2
1037 1 38.544 64.191 2
1036 1 38.544 64.191 2
1034 1 38.544 64.191 2
1033 1 38.544 64.191 2
1031 1 38.544 64.191 2
1029 1 38.544 64.191 2
1028 1 38.544 64.191 2
1027 1 38.544 64.191 2
1026 1 38.544 64.191 2
1025 1 38.544 64.191 2
1023 1 38.544 64.191 2
1022 1 38.544 64.191 2
1021 1 38.544 64.191 2
2801 1 23.444 54.944 2
2800 1 23.444 54.944 2
1516 1 25.189 47.394 2
1515 1 25.189 47.394 2
1514 1 25.189 47.394 2
1513 1 25.189 47.394 2
1512 1 25.189 47.394 2
1511 1 25.189 47.394 2
1509 1 25.189 47.394 2
1508 1 25.189 47.394 2
61 1 26.007 39.27 2
312 1 24.939 35.095 2
306 1 24.939 35.095 2
304 1 24.939 35.095 2
301 1 24.939 35.095 2
293 1 24.939 35.095 2
290 1 24.939 35.095 2
703 1 21.466 17.517 2
702 1 21.466 17.517 2
695 1 21.466 17.517 2
690 1 21.466 17.517 2
686 1 21.466 17.517 2
-1 0 18.488 -4.745 D
7654 1 19.0 99.71897888183594 20 500 21
0 0 18.488 -4.745 D
63 1 26.007 39.27 1
62 1 26.007 39.27 1
60 1 26.007 39.27 1
59 1 26.007 39.27 1
58 1 26.007 39.27 1
57 1 26.007 39.27 1
56 1 26.007 39.27 1
55 1 26.007 39.27 1
1841 1 30.225 43.164 1
1840 1 30.225 43.164 1
1839 1 30.225 43.164 1
1838 1 30.225 43.164 1
1835 1 30.225 43.164 1
1834 1 30.225 43.164 1
1832 1 30.225 43.164 1
1831 1 30.225 43.164 1
1830 1 30.225 43.164 1
1829 1 30.225 43.164 1
1828 1 30.225 43.164 1
-1 0 18.488 -4.745 D
7655 1 19.0 175.92327880859375 20 500 21
0 0 18.488 -4.745 D
2235 1 27.618 47.205 1
2234 1 27.618 47.205 1
2232 1 27.618 47.205 1
2230 1 27.618 47.205 1
1093 1 37.543 81.061 1
1092 1 37.543 81.061 1
1091 1 37.543 81.061 1
1090 1 37.543 81.061 1
1089 1 37.543 81.061 1
1088 1 37.543 81.061 1
1087 1 37.543 81.061 1
1086 1 37.543 81.061 1
1085 1 37.543 81.061 1
1084 1 37.543 81.061 1
1083 1 37.543 81.061 1
1082 1 37.543 81.061 1
1081 1 37.543 81.061 1
1080 1 37.543 81.061 1
1079 1 37.543 81.061 1
-1 0 18.488 -4.745 D
7656 1 19.0 139.38140869140625 20 500 21
0 0 18.488 -4.745 D
348 1 59.692 40.546 1
347 1 59.692 40.546 1
346 1 59.692 40.546 1
344 1 59.692 40.546 1
2287 1 52.911 45.007 1
2282 1 52.911 45.007 1
2280 1 52.911 45.007 1
2279 1 52.911 45.007 1
2278 1 52.911 45.007 1
2277 1 52.911 45.007 1
300 1 24.939 35.095 1
299 1 24.939 35.095 1
298 1 24.939 35.095 1
297 1 24.939 35.095 1
296 1 24.939 35.095 1
295 1 24.939 35.095 1
294 1 24.939 35.095 1
292 1 24.939 35.095 1
291 1 24.939 35.095 1
-1 0 18.488 -4.745 D
7657 1 19.0 166.6953125 20 500 21
0 0 18.488 -4.745 D
701 1 21.466 17.517 1
700 1 21.466 17.517 1
699 1 21.466 17.517 1
698 1 21.466 17.517 1
697 1 21.466 17.517 1
696 1 21.466 17.517 1
694 1 21.466 17.517 1
693 1 21.466 17.517 1
692 1 21.466 17.517 1
691 1 21.466 17.517 1
688 1 21.466 17.517 1
687 1 21.466 17.517 1
2507 1 28.503 77.966 1
311 1 24.939 35.095 1
310 1 24.939 35.095 1
308 1 24.939 35.095 1
307 1 24.939 35.095 1
305 1 24.939 35.095 1
302 1 24.939 35.095 1
-1 0 18.488 -4.745 D
7658 2 39.0 162.69740295410156 40 500 41
0 0 18.488 -4.745 D
2820 1 23.444 54.944 2
2819 1 23.444 54.944 2
2816 1 23.444 54.944 2
2815 1 23.444 54.944 2
2814 1 23.444 54.944 2
2813 1 23.444 54.944 2
2812 1 23.444 54.944 2
2811 1 23.444 54.944 2
2809 1 23.444 54.944 2
2808 1 23.444 54.944 2
2807 1 23.444 54.944 2
2806 1 23.444 54.944 2
2805 1 23.444 54.944 2
2804 1 23.444 54.944 2
2802 1 23.444 54.944 2
2221 1 10.083 74.182 2
2220 1 10.083 74.182 2
2219 1 10.083 74.182 2
2218 1 10.083 74.182 2
2217 1 10.083 74.182 2
2216 1 10.083 74.182 2
1447 1 12.976 51.575 2
1445 1 12.976 51.575 2
1444 1 12.976 51.575 2
1443 1 12.976 51.575 2
1442 1 12.976 51.575 2
1440 1 12.976 51.575 2
1439 1 12.976 51.575 2
1438 1 12.976 51.575 2
1437 1 12.976 51.575 2
1436 1 12.976 51.575 2
1434 1 12.976 51.575 2
1432 1 12.976 51.575 2
1431 1 12.976 51.575 2
1429 1 12.976 51.575 2
1428 1 12.976 51.575 2
1427 1 12.976 51.575 2
1426 1 12.976 51.575 2
1425 1 12.976 51.575 2
-1 0 18.488 -4.745 D
7659 1 19.0 103.82614135742188 20 500 21
0 0 18.488 -4.745 D
3250 1 22.699 46.997 1
3249 1 22.699 46.997 1
3248 1 22.699 46.997 1
3247 1 22.699 46.997 1
3246 1 22.699 46.997 1
3245 1 22.699 46.997 1
3244 1 22.699 46.997 1
3243 1 22.699 46.997 1
3242 1 22.699 46.997 1
3241 1 22.699 46.997 1
3240 1 22.699 46.997 1
3239 1 22.699 46.997 1
3238 1 22.699 46.997 1
3237 1 22.699 46.997 1
3236 1 22.699 46.997 1
3235 1 22.699 46.997 1
3234 1 22.699 46.997 1
3233 1 22.699 46.997 1
3232 1 22.699 46.997 1
-1 0 18.488 -4.745 D
7660 1 19.0 116.09864807128906 20 500 21
0 0 18.488 -4.745 D
3464 1 22.174 53.149 1
3463 1 22.174 53.149 1
3462 1 22.174 53.149 1
3461 1 22.174 53.149 1
3460 1 22.174 53.149 1
3459 1 22.174 53.149 1
3458 1 22.174 53.149 1
3457 1 22.174 53.149 1
3456 1 22.174 53.149 1
3455 1 22.174 53.149 1
3454 1 22.174 53.149 1
3453 1 22.174 53.149 1
3452 1 22.174 53.149 1
3451 1 22.174 53.149 1
3450 1 22.174 53.149 1
3449 1 22.174 53.149 1
3448 1 22.174 53.149 1
3252 1 22.699 46.997 1
3251 1 22.699 46.997 1
-1 0 18.488 -4.745 D
7661 1 19.0 123.7622299194336 20 500 21
0 0 18.488 -4.745 D
3472 1 22.174 53.149 1
3471 1 22.174 53.149 1
3470 1 22.174 53.149 1
3469 1 22.174 53.149 1
3468 1 22.174 53.149 1
3467 1 22.174 53.149 1
3466 1 22.174 53.149 1
3465 1 22.174 53.149 1
984 1 11.591 49.31 1
983 1 11.591 49.31 1
982 1 11.591 49.31 1
981 1 11.591 49.31 1
980 1 11.591 49.31 1
979 1 11.591 49.31 1
978 1 11.591 49.31 1
977 1 11.591 49.31 1
976 1 11.591 49.31 1
975 1 11.591 49.31 1
974 1 11.591 49.31 1
-1 0 18.488 -4.745 D
7662 4 59.0 266.9751281738281 60 500 61
0 0 18.488 -4.745 D
873 1 7.8 39.795 4
868 1 7.8 39.795 4
867 1 7.8 39.795 4
2339 1 1.495 61.572 4
2338 1 1.495 61.572 4
2335 1 1.495 61.572 4
2334 1 1.495 61.572 4
2333 1 1.495 61.572 4
2332 1 1.495 61.572 4
2331 1 1.495 61.572 4
2330 1 1.495 61.572 4
2329 1 1.495 61.572 4
2328 1 1.495 61.572 4
2327 1 1.495 61.572 4
2326 1 1.495 61.572 4
2325 1 1.495 61.572 4
2322 1 1.495 61.572 4
2321 1 1.495 61.572 4
2320 1 1.495 61.572 4
1786 1 -50.214 84.717 4
1785 1 -50.214 84.717 4
1783 1 -50.214 84.717 4
1780 1 -50.214 84.717 4
1779 1 -50.214 84.717 4
1778 1 -50.214 84.717 4
1777 1 -50.214 84.717 4
1776 1 -50.214 84.717 4
1775 1 -50.214 84.717 4
1774 1 -50.214 84.717 4
1773 1 -50.214 84.717 4
371 1 -15.936 78.101 4
359 1 -15.936 78.101 4
2228 1 10.083 74.182 4
2222 1 10.083 74.182 4
2215 1 10.083 74.182 4
2787 1 9.93 54.114 4
2785 1 9.93 54.114 4
2784 1 9.93 54.114 4
2783 1 9.93 54.114 4
2782 1 9.93 54.114 4
2781 1 9.93 54.114 4
2780 1 9.93 54.114 4
2779 1 9.93 54.114 4
2778 1 9.93 54.114 4
2777 1 9.93 54.114 4
2776 1 9.93 54.114 4
2775 1 9.93 54.114 4
2774 1 9.93 54.114 4
2773 1 9.93 54.114 4
2771 1 9.93 54.114 4
2770 1 9.93 54.114 4
1446 1 12.976 51.575 4
1441 1 12.976 51.575 4
1435 1 12.976 51.575 4
1433 1 12.976 51.575 4
1430 1 12.976 51.575 4
2370 1 13.8 44.049 4
2369 1 13.8 44.049 4
2368 1 13.8 44.049 4
-1 0 18.488 -4.745 D
7663 2 39.0 213.65280151367188 40 500 41
0 0 18.488 -4.745 D
865 1 7.8 39.795 2
864 1 7.8 39.795 2
862 1 7.8 39.795 2
995 1 11.591 49.31 2
986 1 11.591 49.31 2
3278 1 5.896 69.861 2
3277 1 5.896 69.861 2
3276 1 5.896 69.861 2
3275 1 5.896 69.861 2
3274 1 5.896 69.861 2
3273 1 5.896 69.861 2
3272 1 5.896 69.861 2
3271 1 5.896 69.861 2
3270 1 5.896 69.861 2
3269 1 5.896 69.861 2
3268 1 5.896 69.861 2
3267 1 5.896 69.861 2
3266 1 5.896 69.861 2
3265 1 5.896 69.861 2
3264 1 5.896 69.861 2
3263 1 5.896 69.861 2
2229 1 10.083 74.182 2
2227 1 10.083 74.182 2
2226 1 10.083 74.182 2
2225 1 10.083 74.182 2
2224 1 10.083 74.182 2
2223 1 10.083 74.182 2
1379 1 -18.805 86.713 2
1377 1 -18.805 86.713 2
1375 1 -18.805 86.713 2
1373 1 -18.805 86.713 2
1369 1 -18.805 86.713 2
1368 1 -18.805 86.713 2
3547 1 0.024 41.956 2
3546 1 0.024 41.956 2
3545 1 0.024 41.956 2
3544 1 0.024 41.956 2
3543 1 0.024 41.956 2
3542 1 0.024 41.956 2
-1 0 18.488 -4.745 D
7664 1 19.0 183.52789306640625 20 500 21
0 0 18.488 -4.745 D
2237 1 27.618 47.205 1
2236 1 27.618 47.205 1
1078 1 37.543 81.061 1
1077 1 37.543 81.061 1
1076 1 37.543 81.061 1
1075 1 37.543 81.061 1
1074 1 37.543 81.061 1
1073 1 37.543 81.061 1
1071 1 37.543 81.061 1
1070 1 37.543 81.061 1
994 1 11.591 49.31 1
993 1 11.591 49.31 1
992 1 11.591 49.31 1
991 1 11.591 49.31 1
990 1 11.591 49.31 1
989 1 11.591 49.31 1
988 1 11.591 49.31 1
987 1 11.591 49.31 1
985 1 11.591 49.31 1
-1 0 18.488 -4.745 D
7665 1 19.0 209.65341186523438 20 500 21
0 0 18.488 -4.745 D
2404 1 -1.324 83.74 1
2403 1 -1.324 83.74 1
2402 1 -1.324 83.74 1
2401 1 -1.324 83.74 1
2400 1 -1.324 83.74 1
2214 1 -1.306 97.784 1
2213 1 -1.306 97.784 1
2212 1 -1.306 97.784 1
1864 1 7.819 73.907 1
1863 1 7.819 73.907 1
1862 1 7.819 73.907 1
1861 1 7.819 73.907 1
1860 1 7.819 73.907 1
1859 1 7.819 73.907 1
1858 1 7.819 73.907 1
1857 1 7.819 73.907 1
1856 1 7.819 73.907 1
1855 1 7.819 73.907 1
1854 1 7.819 73.907 1
-1 0 18.488 -4.745 D
7666 1 19.0 183.70343017578125 20 500 21
0 0 18.488 -4.745 D
1853 1 7.819 73.907 1
1852 1 7.819 73.907 1
1851 1 7.819 73.907 1
1850 1 7.819 73.907 1
1849 1 7.819 73.907 1
1848 1 7.819 73.907 1
1847 1 7.819 73.907 1
1845 1 7.819 73.907 1
1844 1 7.819 73.907 1
1843 1 7.819 73.907 1
2406 1 -1.324 83.74 1
2390 1 2.399 53.168 1
2389 1 2.399 53.168 1
2388 1 2.399 53.168 1
2387 1 2.399 53.168 1
2386 1 2.399 53.168 1
2385 1 2.399 53.168 1
2384 1 2.399 53.168 1
2383 1 2.399 53.168 1
-1 0 18.488 -4.745 D
7667 1 19.0 150.02593994140625 20 500 21
0 0 18.488 -4.745 D
1068 1 6.757 47.29 1
1067 1 6.757 47.29 1
1065 1 6.757 47.29 1
872 1 7.8 39.795 1
871 1 7.8 39.795 1
870 1 7.8 39.795 1
869 1 7.8 39.795 1
866 1 7.8 39.795 1
863 1 7.8 39.795 1
861 1 7.8 39.795 1
2276 1 -2.594 58.691 1
2274 1 -2.594 58.691 1
2272 1 -2.594 58.691 1
2271 1 -2.594 58.691 1
2398 1 2.399 53.168 1
2396 1 2.399 53.168 1
2394 1 2.399 53.168 1
2393 1 2.399 53.168 1
2391 1 2.399 53.168 1
-1 0 18.488 -4.745 D
7668 1 19.0 197.55967712402344 20 500 21
0 0 18.488 -4.745 D
374 1 -15.936 78.101 1
373 1 -15.936 78.101 1
372 1 -15.936 78.101 1
370 1 -15.936 78.101 1
369 1 -15.936 78.101 1
367 1 -15.936 78.101 1
366 1 -15.936 78.101 1
364 1 -15.936 78.101 1
362 1 -15.936 78.101 1
361 1 -15.936 78.101 1
360 1 -15.936 78.101 1
1382 1 -18.805 86.713 1
1381 1 -18.805 86.713 1
1380 1 -18.805 86.713 1
1378 1 -18.805 86.713 1
1376 1 -18.805 86.713 1
1374 1 -18.805 86.713 1
1372 1 -18.805 86.713 1
1371 1 -18.805 86.713 1
-1 0 18.488 -4.745 D
7669 2 39.0 229.61614990234375 40 500 41
0 0 18.488 -4.745 D
2087 1 7.135 17.95 2
2086 1 7.135 17.95 2
2085 1 7.135 17.95 2
2077 1 7.135 17.95 2
2076 1 7.135 17.95 2
2075 1 7.135 17.95 2
2072 1 7.135 17.95 2
2071 1 7.135 17.95 2
368 1 -15.936 78.101 2
365 1 -15.936 78.101 2
363 1 -15.936 78.101 2
358 1 -15.936 78.101 2
357 1 -15.936 78.101 2
356 1 -15.936 78.101 2
2646 1 -22.113 63.953 2
2644 1 -22.113 63.953 2
2643 1 -22.113 63.953 2
2641 1 -22.113 63.953 2
2799 1 -32.428 53.387 2
2798 1 -32.428 53.387 2
2797 1 -32.428 53.387 2
2796 1 -32.428 53.387 2
2795 1 -32.428 53.387 2
2794 1 -32.428 53.387 2
2792 1 -32.428 53.387 2
2790 1 -32.428 53.387 2
2788 1 -32.428 53.387 2
128 1 -51.52 45.697 2
669 1 -17.743 9.668 2
667 1 -17.743 9.668 2
665 1 -17.743 9.668 2
657 1 -17.743 9.668 2
1584 1 -11.023 6.812 2
1583 1 -11.023 6.812 2
1579 1 -11.023 6.812 2
495 1 3.68 4.504 2
494 1 3.68 4.504 2
493 1 3.68 4.504 2
492 1 3.68 4.504 2
-1 0 18.488 -4.745 D
7670 1 19.0 206.68568420410156 20 500 21
0 0 18.488 -4.745 D
2297 1 -18.817 88.58 1
2296 1 -18.817 88.58 1
2294 1 -18.817 88.58 1
2293 1 -18.817 88.58 1
2292 1 -18.817 88.58 1
2291 1 -18.817 88.58 1
2290 1 -18.817 88.58 1
2288 1 -18.817 88.58 1
1370 1 -18.805 86.713 1
1367 1 -18.805 86.713 1
379 1 -15.936 78.101 1
378 1 -15.936 78.101 1
377 1 -15.936 78.101 1
376 1 -15.936 78.101 1
375 1 -15.936 78.101 1
2647 1 -22.113 63.953 1
2645 1 -22.113 63.953 1
2642 1 -22.113 63.953 1
2640 1 -22.113 63.953 1
-1 0 18.488 -4.745 D
7671 1 19.0 209.5313720703125 20 500 21
0 0 18.488 -4.745 D
792 1 -37.952 15.259 1
790 1 -37.952 15.259 1
789 1 -37.952 15.259 1
788 1 -37.952 15.259 1
787 1 -37.952 15.259 1
1249 1 -52.924 40.356 1
1248 1 -52.924 40.356 1
1247 1 -52.924 40.356 1
1246 1 -52.924 40.356 1
1245 1 -52.924 40.356 1
1244 1 -52.924 40.356 1
129 1 -51.52 45.697 1
127 1 -51.52 45.697 1
126 1 -51.52 45.697 1
2648 1 -22.113 63.953 1
973 1 7.281 7.202 1
972 1 7.281 7.202 1
971 1 7.281 7.202 1
970 1 7.281 7.202 1
-1 0 18.488 -4.745 D
7672 4 59.0 282.7724304199219 60 500 61
0 0 18.488 -4.745 D
1270 1 -12.83 0.177 4
1269 1 -12.83 0.177 4
1268 1 -12.83 0.177 4
1267 1 -12.83 0.177 4
1266 1 -12.83 0.177 4
1265 1 -12.83 0.177 4
1263 1 -12.83 0.177 4
1262 1 -12.83 0.177 4
1261 1 -12.83 0.177 4
1260 1 -12.83 0.177 4
1259 1 -12.83 0.177 4
1258 1 -12.83 0.177 4
3227 1 -11.414 3.003 4
3226 1 -11.414 3.003 4
3225 1 -11.414 3.003 4
3224 1 -11.414 3.003 4
3223 1 -11.414 3.003 4
3222 1 -11.414 3.003 4
3221 1 -11.414 3.003 4
3220 1 -11.414 3.003 4
3219 1 -11.414 3.003 4
3218 1 -11.414 3.003 4
656 1 -17.743 9.668 4
800 1 -37.952 15.259 4
795 1 -37.952 15.259 4
794 1 -37.952 15.259 4
1299 1 -62.72 8.038 4
1298 1 -62.72 8.038 4
1297 1 -62.72 8.038 4
1296 1 -62.72 8.038 4
1295 1 -62.72 8.038 4
1294 1 -62.72 8.038 4
1292 1 -62.72 8.038 4
1291 1 -62.72 8.038 4
1290 1 -62.72 8.038 4
1288 1 -62.72 8.038 4
1287 1 -62.72 8.038 4
1286 1 -62.72 8.038 4
1285 1 -62.72 8.038 4
1284 1 -62.72 8.038 4
1283 1 -62.72 8.038 4
1282 1 -62.72 8.038 4
1281 1 -62.72 8.038 4
1280 1 -62.72 8.038 4
1279 1 -62.72 8.038 4
1278 1 -62.72 8.038 4
1795 1 -50.214 84.717 4
1794 1 -50.214 84.717 4
1793 1 -50.214 84.717 4
1792 1 -50.214 84.717 4
1791 1 -50.214 84.717 4
1790 1 -50.214 84.717 4
1789 1 -50.214 84.717 4
1788 1 -50.214 84.717 4
1787 1 -50.214 84.717 4
2793 1 -32.428 53.387 4
2791 1 -32.428 53.387 4
2789 1 -32.428 53.387 4
498 1 3.68 4.504 4
-1 0 18.488 -4.745 D
7673 1 19.0 78.48828125 20 500 21
0 0 18.488 -4.745 D
504 1 3.68 4.504 1
503 1 3.68 4.504 1
502 1 3.68 4.504 1
501 1 3.68 4.504 1
500 1 3.68 4.504 1
674 1 -17.743 9.668 1
673 1 -17.743 9.668 1
672 1 -17.743 9.668 1
671 1 -17.743 9.668 1
670 1 -17.743 9.668 1
668 1 -17.743 9.668 1
666 1 -17.743 9.668 1
664 1 -17.743 9.668 1
663 1 -17.743 9.668 1
662 1 -17.743 9.668 1
661 1 -17.743 9.668 1
660 1 -17.743 9.668 1
659 1 -17.743 9.668 1
658 1 -17.743 9.668 1
-1 0 18.488 -4.745 D
7674 1 19.0 64.03543853759766 20 500 21
0 0 18.488 -4.745 D
499 1 3.68 4.504 1
497 1 3.68 4.504 1
496 1 3.68 4.504 1
491 1 3.68 4.504 1
490 1 3.68 4.504 1
1594 1 -11.023 6.812 1
1593 1 -11.023 6.812 1
1592 1 -11.023 6.812 1
1591 1 -11.023 6.812 1
1590 1 -11.023 6.812 1
1589 1 -11.023 6.812 1
1588 1 -11.023 6.812 1
1587 1 -11.023 6.812 1
1585 1 -11.023 6.812 1
1582 1 -11.023 6.812 1
1581 1 -11.023 6.812 1
1580 1 -11.023 6.812 1
1578 1 -11.023 6.812 1
1577 1 -11.023 6.812 1
-1 0 18.488 -4.745 D
7675 2 39.0 199.82723999023438 40 500 41
0 0 18.488 -4.745 D
2487 1 9.106 -4.449 2
2479 1 9.106 -4.449 2
2478 1 9.106 -4.449 2
2477 1 9.106 -4.449 2
1178 1 -21.674 -6.073 2
1177 1 -21.674 -6.073 2
1176 1 -21.674 -6.073 2
1173 1 -21.674 -6.073 2
1172 1 -21.674 -6.073 2
1171 1 -21.674 -6.073 2
284 1 -70.996 -2.527 2
282 1 -70.996 -2.527 2
279 1 -70.996 -2.527 2
236 1 -57.227 22.089 2
235 1 -57.227 22.089 2
232 1 -57.227 22.089 2
231 1 -57.227 22.089 2
223 1 -57.227 22.089 2
2914 1 -49.432 14.96 2
2913 1 -49.432 14.96 2
2912 1 -49.432 14.96 2
2911 1 -49.432 14.96 2
2910 1 -49.432 14.96 2
2909 1 -49.432 14.96 2
2908 1 -49.432 14.96 2
2907 1 -49.432 14.96 2
2906 1 -49.432 14.96 2
2905 1 -49.432 14.96 2
2904 1 -49.432 14.96 2
2903 1 -49.432 14.96 2
2902 1 -49.432 14.96 2
2901 1 -49.432 14.96 2
2900 1 -49.432 14.96 2
2899 1 -49.432 14.96 2
804 1 -37.952 15.259 2
799 1 -37.952 15.259 2
796 1 -37.952 15.259 2
791 1 -37.952 15.259 2
1586 1 -11.023 6.812 2
-1 0 18.488 -4.745 D
7676 1 19.0 120.49168395996094 20 500 21
0 0 18.488 -4.745 D
2489 1 9.106 -4.449 1
2488 1 9.106 -4.449 1
2486 1 9.106 -4.449 1
2485 1 9.106 -4.449 1
2484 1 9.106 -4.449 1
2483 1 9.106 -4.449 1
2482 1 9.106 -4.449 1
2481 1 9.106 -4.449 1
2480 1 9.106 -4.449 1
2476 1 9.106 -4.449 1
1819 1 -3.052 -1.495 1
1818 1 -3.052 -1.495 1
805 1 -37.952 15.259 1
803 1 -37.952 15.259 1
802 1 -37.952 15.259 1
801 1 -37.952 15.259 1
798 1 -37.952 15.259 1
797 1 -37.952 15.259 1
793 1 -37.952 15.259 1
-1 0 18.488 -4.745 D
7677 4 59.0 323.3965148925781 60 500 61
0 0 18.488 -4.745 D
1273 1 -12.83 0.177 4
1271 1 -12.83 0.177 4
1422 1 -19.415 -9.625 4
1420 1 -19.415 -9.625 4
1188 1 -21.674 -6.073 4
1185 1 -21.674 -6.073 4
1182 1 -21.674 -6.073 4
1175 1 -21.674 -6.073 4
1174 1 -21.674 -6.073 4
1482 1 -58.978 -11.096 4
272 1 -70.996 -2.527 4
204 1 -73.352 -46.521 4
1116 1 -58.691 -46.558 4
1109 1 -58.691 -46.558 4
1105 1 -58.691 -46.558 4
1098 1 -58.691 -46.558 4
1097 1 -58.691 -46.558 4
2049 1 -60.046 -76.849 4
2040 1 -60.046 -76.849 4
3074 1 -44.91 -65.68 4
3073 1 -44.91 -65.68 4
3072 1 -44.91 -65.68 4
3071 1 -44.91 -65.68 4
3070 1 -44.91 -65.68 4
3069 1 -44.91 -65.68 4
3068 1 -44.91 -65.68 4
3067 1 -44.91 -65.68 4
3066 1 -44.91 -65.68 4
3065 1 -44.91 -65.68 4
3064 1 -44.91 -65.68 4
3063 1 -44.91 -65.68 4
3062 1 -44.91 -65.68 4
3061 1 -44.91 -65.68 4
4 1 -26.599 -50.415 4
249 1 -18.372 -42.267 4
245 1 -18.372 -42.267 4
777 1 -13.617 -37.646 4
3521 1 -7.361 -32.324 4
3520 1 -7.361 -32.324 4
3519 1 -7.361 -32.324 4
3518 1 -7.361 -32.324 4
3517 1 -7.361 -32.324 4
47 1 -19.708 -27.6 4
45 1 -19.708 -27.6 4
44 1 -19.708 -27.6 4
932 1 -22.009 -24.548 4
931 1 -22.009 -24.548 4
1518 1 -1.477 -8.82 4
1517 1 -1.477 -8.82 4
1912 1 5.237 -11.212 4
1911 1 5.237 -11.212 4
1910 1 5.237 -11.212 4
1909 1 5.237 -11.212 4
1908 1 5.237 -11.212 4
1907 1 5.237 -11.212 4
1906 1 5.237 -11.212 4
1905 1 5.237 -11.212 4
1904 1 5.237 -11.212 4
399 1 11.462 -10.034 4
-1 0 18.488 -4.745 D
7678 1 19.0 196.8896484375 20 500 21
0 0 18.488 -4.745 D
1561 1 -40.521 -6.641 1
1560 1 -40.521 -6.641 1
2935 1 -42.786 -18.353 1
2934 1 -42.786 -18.353 1
2933 1 -42.786 -18.353 1
2932 1 -42.786 -18.353 1
2931 1 -42.786 -18.353 1
234 1 -57.227 22.089 1
233 1 -57.227 22.089 1
230 1 -57.227 22.089 1
229 1 -57.227 22.089 1
228 1 -57.227 22.089 1
227 1 -57.227 22.089 1
226 1 -57.227 22.089 1
225 1 -57.227 22.089 1
224 1 -57.227 22.089 1
222 1 -57.227 22.089 1
1918 1 -18.597 -2.57 1
1917 1 -18.597 -2.57 1
-1 0 18.488 -4.745 D
7679 1 19.0 191.69833374023438 20 500 21
0 0 18.488 -4.745 D
280 1 -70.996 -2.527 1
278 1 -70.996 -2.527 1
277 1 -70.996 -2.527 1
276 1 -70.996 -2.527 1
275 1 -70.996 -2.527 1
274 1 -70.996 -2.527 1
273 1 -70.996 -2.527 1
289 1 -70.996 -2.527 1
288 1 -70.996 -2.527 1
287 1 -70.996 -2.527 1
286 1 -70.996 -2.527 1
285 1 -70.996 -2.527 1
283 1 -70.996 -2.527 1
281 1 -70.996 -2.527 1
2430 1 -62.83 -20.056 1
2429 1 -62.83 -20.056 1
68 1 -4.315 -7.166 1
66 1 -4.315 -7.166 1
65 1 -4.315 -7.166 1
-1 0 18.488 -4.745 D
7680 2 39.0 155.64501953125 40 500 41
0 0 18.488 -4.745 D
67 1 -4.315 -7.166 2
64 1 -4.315 -7.166 2
1421 1 -19.415 -9.625 2
1419 1 -19.415 -9.625 2
1418 1 -19.415 -9.625 2
1417 1 -19.415 -9.625 2
1416 1 -19.415 -9.625 2
1415 1 -19.415 -9.625 2
1414 1 -19.415 -9.625 2
1413 1 -19.415 -9.625 2
1493 1 -58.978 -11.096 2
1492 1 -58.978 -11.096 2
1491 1 -58.978 -11.096 2
1490 1 -58.978 -11.096 2
1489 1 -58.978 -11.096 2
1488 1 -58.978 -11.096 2
1487 1 -58.978 -11.096 2
1486 1 -58.978 -11.096 2
1485 1 -58.978 -11.096 2
1484 1 -58.978 -11.096 2
1483 1 -58.978 -11.096 2
1481 1 -58.978 -11.096 2
1480 1 -58.978 -11.096 2
1479 1 -58.978 -11.096 2
1478 1 -58.978 -11.096 2
1477 1 -58.978 -11.096 2
1476 1 -58.978 -11.096 2
1475 1 -58.978 -11.096 2
1474 1 -58.978 -11.096 2
1473 1 -58.978 -11.096 2
1472 1 -58.978 -11.096 2
1471 1 -58.978 -11.096 2
1187 1 -21.674 -6.073 2
1186 1 -21.674 -6.073 2
1184 1 -21.674 -6.073 2
1183 1 -21.674 -6.073 2
1181 1 -21.674 -6.073 2
1180 1 -21.674 -6.073 2
1179 1 -21.674 -6.073 2
-1 0 18.488 -4.745 D
7681 2 39.0 185.62432861328125 40 500 41
0 0 18.488 -4.745 D
3217 1 4.071 -8.002 2
3216 1 4.071 -8.002 2
3215 1 4.071 -8.002 2
3214 1 4.071 -8.002 2
3213 1 4.071 -8.002 2
3212 1 4.071 -8.002 2
3211 1 4.071 -8.002 2
3210 1 4.071 -8.002 2
3209 1 4.071 -8.002 2
3208 1 4.071 -8.002 2
3207 1 4.071 -8.002 2
3206 1 4.071 -8.002 2
3205 1 4.071 -8.002 2
3204 1 4.071 -8.002 2
3203 1 4.071 -8.002 2
3593 1 -68.506 -32.721 2
3592 1 -68.506 -32.721 2
3591 1 -68.506 -32.721 2
3590 1 -68.506 -32.721 2
3589 1 -68.506 -32.721 2
3588 1 -68.506 -32.721 2
2930 1 -48.279 -15.643 2
2929 1 -48.279 -15.643 2
2928 1 -48.279 -15.643 2
2927 1 -48.279 -15.643 2
2926 1 -48.279 -15.643 2
2925 1 -48.279 -15.643 2
2924 1 -48.279 -15.643 2
2923 1 -48.279 -15.643 2
2922 1 -48.279 -15.643 2
2921 1 -48.279 -15.643 2
2920 1 -48.279 -15.643 2
2919 1 -48.279 -15.643 2
2918 1 -48.279 -15.643 2
2917 1 -48.279 -15.643 2
2916 1 -48.279 -15.643 2
2915 1 -48.279 -15.643 2
1424 1 -19.415 -9.625 2
1423 1 -19.415 -9.625 2
-1 0 18.488 -4.745 D
7682 1 19.0 280.89044189453125 20 500 21
0 0 18.488 -4.745 D
1398 1 -83.02 -85.339 1
1397 1 -83.02 -85.339 1
1396 1 -83.02 -85.339 1
1394 1 -83.02 -85.339 1
1393 1 -83.02 -85.339 1
2446 1 -62.83 -20.056 1
2445 1 -62.83 -20.056 1
2444 1 -62.83 -20.056 1
2443 1 -62.83 -20.056 1
2441 1 -62.83 -20.056 1
2440 1 -62.83 -20.056 1
2438 1 -62.83 -20.056 1
2437 1 -62.83 -20.056 1
2435 1 -62.83 -20.056 1
2434 1 -62.83 -20.056 1
2432 1 -62.83 -20.056 1
2431 1 -62.83 -20.056 1
1898 1 -8.453 -12.573 1
1897 1 -8.453 -12.573 1
-1 0 18.488 -4.745 D
7683 1 19.0 94.24966430664062 20 500 21
0 0 18.488 -4.745 D
2160 1 -6.744 -13.989 1
2159 1 -6.744 -13.989 1
2158 1 -6.744 -13.989 1
3609 1 -25.806 -20.636 1
3608 1 -25.806 -20.636 1
3607 1 -25.806 -20.636 1
3606 1 -25.806 -20.636 1
3605 1 -25.806 -20.636 1
3604 1 -25.806 -20.636 1
3603 1 -25.806 -20.636 1
3602 1 -25.806 -20.636 1
3601 1 -25.806 -20.636 1
3600 1 -25.806 -20.636 1
3599 1 -25.806 -20.636 1
3598 1 -25.806 -20.636 1
1903 1 -8.453 -12.573 1
1902 1 -8.453 -12.573 1
1901 1 -8.453 -12.573 1
1900 1 -8.453 -12.573 1
-1 0 18.488 -4.745 D
7684 2 39.0 208.65957641601562 40 500 41
0 0 18.488 -4.745 D
936 1 -22.009 -24.548 2
927 1 -22.009 -24.548 2
921 1 -22.009 -24.548 2
920 1 -22.009 -24.548 2
1112 1 -58.691 -46.558 2
1111 1 -58.691 -46.558 2
1110 1 -58.691 -46.558 2
1108 1 -58.691 -46.558 2
1107 1 -58.691 -46.558 2
1106 1 -58.691 -46.558 2
1104 1 -58.691 -46.558 2
1103 1 -58.691 -46.558 2
1102 1 -58.691 -46.558 2
1101 1 -58.691 -46.558 2
1100 1 -58.691 -46.558 2
1099 1 -58.691 -46.558 2
1096 1 -58.691 -46.558 2
1095 1 -58.691 -46.558 2
1094 1 -58.691 -46.558 2
219 1 -73.352 -46.521 2
218 1 -73.352 -46.521 2
208 1 -73.352 -46.521 2
203 1 -73.352 -46.521 2
3597 1 -68.506 -32.721 2
3596 1 -68.506 -32.721 2
3595 1 -68.506 -32.721 2
3594 1 -68.506 -32.721 2
3008 1 -28.925 -20.648 2
2378 1 -27.478 -20.758 2
2377 1 -27.478 -20.758 2
2376 1 -27.478 -20.758 2
2375 1 -27.478 -20.758 2
2374 1 -27.478 -20.758 2
2373 1 -27.478 -20.758 2
2372 1 -27.478 -20.758 2
2371 1 -27.478 -20.758 2
2868 1 -20.618 -18.665 2
2867 1 -20.618 -18.665 2
2866 1 -20.618 -18.665 2
-1 0 18.488 -4.745 D
7685 1 19.0 201.79017639160156 20 500 21
0 0 18.488 -4.745 D
221 1 -73.352 -46.521 1
220 1 -73.352 -46.521 1
217 1 -73.352 -46.521 1
216 1 -73.352 -46.521 1
215 1 -73.352 -46.521 1
214 1 -73.352 -46.521 1
213 1 -73.352 -46.521 1
212 1 -73.352 -46.521 1
211 1 -73.352 -46.521 1
210 1 -73.352 -46.521 1
209 1 -73.352 -46.521 1
207 1 -73.352 -46.521 1
206 1 -73.352 -46.521 1
205 1 -73.352 -46.521 1
202 1 -73.352 -46.521 1
201 1 -73.352 -46.521 1
200 1 -73.352 -46.521 1
199 1 -73.352 -46.521 1
198 1 -73.352 -46.521 1
-1 0 18.488 -4.745 D
7686 1 19.0 98.26066589355469 20 500 21
0 0 18.488 -4.745 D
2661 1 -7.098 -14.24 1
2658 1 -7.098 -14.24 1
2657 1 -7.098 -14.24 1
2656 1 -7.098 -14.24 1
2655 1 -7.098 -14.24 1
2654 1 -7.098 -14.24 1
2653 1 -7.098 -14.24 1
2652 1 -7.098 -14.24 1
2651 1 -7.098 -14.24 1
2650 1 -7.098 -14.24 1
2649 1 -7.098 -14.24 1
2164 1 -6.744 -13.989 1
2163 1 -6.744 -13.989 1
2579 1 -25.531 -25.195 1
2578 1 -25.531 -25.195 1
2576 1 -25.531 -25.195 1
923 1 -22.009 -24.548 1
922 1 -22.009 -24.548 1
919 1 -22.009 -24.548 1
-1 0 18.488 -4.745 D
7687 1 19.0 93.95648193359375 20 500 21
0 0 18.488 -4.745 D
3140 1 -21.112 -27.582 1
3139 1 -21.112 -27.582 1
3138 1 -21.112 -27.582 1
3137 1 -21.112 -27.582 1
3136 1 -21.112 -27.582 1
3135 1 -21.112 -27.582 1
3134 1 -21.112 -27.582 1
3133 1 -21.112 -27.582 1
938 1 -22.009 -24.548 1
937 1 -22.009 -24.548 1
935 1 -22.009 -24.548 1
934 1 -22.009 -24.548 1
933 1 -22.009 -24.548 1
930 1 -22.009 -24.548 1
929 1 -22.009 -24.548 1
928 1 -22.009 -24.548 1
926 1 -22.009 -24.548 1
925 1 -22.009 -24.548 1
924 1 -22.009 -24.548 1
-1 0 18.488 -4.745 D
7688 2 39.0 263.647216796875 40 500 41
0 0 18.488 -4.745 D
2725 1 15.039 -6.903 2
2719 1 15.039 -6.903 2
2716 1 15.039 -6.903 2
2709 1 15.039 -6.903 2
2707 1 15.039 -6.903 2
418 1 11.462 -10.034 2
396 1 11.462 -10.034 2
1243 1 2.35 -16.18 2
1242 1 2.35 -16.18 2
43 1 -19.708 -27.6 2
40 1 -19.708 -27.6 2
1117 1 -58.691 -46.558 2
1115 1 -58.691 -46.558 2
1114 1 -58.691 -46.558 2
1113 1 -58.691 -46.558 2
1408 1 -83.02 -85.339 2
1406 1 -83.02 -85.339 2
1399 1 -83.02 -85.339 2
1395 1 -83.02 -85.339 2
1062 1 -40.308 -56.445 2
1058 1 -40.308 -56.445 2
1053 1 -40.308 -56.445 2
1052 1 -40.308 -56.445 2
1047 1 -40.308 -56.445 2
1155 1 -35.138 -52.094 2
3088 1 -4.755 -25.751 2
3087 1 -4.755 -25.751 2
3086 1 -4.755 -25.751 2
3085 1 -4.755 -25.751 2
3084 1 -4.755 -25.751 2
3083 1 -4.755 -25.751 2
3082 1 -4.755 -25.751 2
3081 1 -4.755 -25.751 2
3080 1 -4.755 -25.751 2
3079 1 -4.755 -25.751 2
3078 1 -4.755 -25.751 2
3077 1 -4.755 -25.751 2
3076 1 -4.755 -25.751 2
3075 1 -4.755 -25.751 2
-1 0 18.488 -4.745 D
7689 1 19.0 91.62886047363281 20 500 21
0 0 18.488 -4.745 D
54 1 -19.708 -27.6 1
53 1 -19.708 -27.6 1
52 1 -19.708 -27.6 1
51 1 -19.708 -27.6 1
50 1 -19.708 -27.6 1
49 1 -19.708 -27.6 1
48 1 -19.708 -27.6 1
46 1 -19.708 -27.6 1
42 1 -19.708 -27.6 1
41 1 -19.708 -27.6 1
39 1 -19.708 -27.6 1
3148 1 -21.112 -27.582 1
3147 1 -21.112 -27.582 1
3146 1 -21.112 -27.582 1
3145 1 -21.112 -27.582 1
3144 1 -21.112 -27.582 1
3143 1 -21.112 -27.582 1
3142 1 -21.112 -27.582 1
3141 1 -21.112 -27.582 1
-1 0 18.488 -4.745 D
7690 1 19.0 8.136970520019531 20 500 21
0 0 18.488 -4.745 D
2727 1 15.039 -6.903 1
2726 1 15.039 -6.903 1
2724 1 15.039 -6.903 1
2723 1 15.039 -6.903 1
2722 1 15.039 -6.903 1
2721 1 15.039 -6.903 1
2720 1 15.039 -6.903 1
2718 1 15.039 -6.903 1
2717 1 15.039 -6.903 1
2715 1 15.039 -6.903 1
2714 1 15.039 -6.903 1
2713 1 15.039 -6.903 1
2712 1 15.039 -6.903 1
2711 1 15.039 -6.903 1
2710 1 15.039 -6.903 1
2708 1 15.039 -6.903 1
2706 1 15.039 -6.903 1
2705 1 15.039 -6.903 1
2704 1 15.039 -6.903 1
-1 0 18.488 -4.745 D
7691 1 19.0 17.588428497314453 20 500 21
0 0 18.488 -4.745 D
416 1 11.462 -10.034 1
415 1 11.462 -10.034 1
414 1 11.462 -10.034 1
413 1 11.462 -10.034 1
412 1 11.462 -10.034 1
411 1 11.462 -10.034 1
410 1 11.462 -10.034 1
409 1 11.462 -10.034 1
408 1 11.462 -10.034 1
407 1 11.462 -10.034 1
406 1 11.462 -10.034 1
405 1 11.462 -10.034 1
404 1 11.462 -10.034 1
403 1 11.462 -10.034 1
402 1 11.462 -10.034 1
401 1 11.462 -10.034 1
400 1 11.462 -10.034 1
398 1 11.462 -10.034 1
397 1 11.462 -10.034 1
-1 0 18.488 -4.745 D
7692 1 19.0 66.13818359375 20 500 21
0 0 18.488 -4.745 D
1663 1 -3.467 -6.384 1
1662 1 -3.467 -6.384 1
1661 1 -3.467 -6.384 1
1660 1 -3.467 -6.384 1
1659 1 -3.467 -6.384 1
2750 1 -4.199 -21.991 1
2749 1 -4.199 -21.991 1
2748 1 -4.199 -21.991 1
2747 1 -4.199 -21.991 1
2746 1 -4.199 -21.991 1
2744 1 -4.199 -21.991 1
2743 1 -4.199 -21.991 1
2741 1 -4.199 -21.991 1
2738 1 -4.199 -21.991 1
2735 1 -4.199 -21.991 1
2733 1 -4.199 -21.991 1
420 1 11.462 -10.034 1
419 1 11.462 -10.034 1
417 1 11.462 -10.034 1
-1 0 18.488 -4.745 D
7693 1 19.0 259.4726257324219 20 500 21
0 0 18.488 -4.745 D
1046 1 -40.308 -56.445 1
1045 1 -40.308 -56.445 1
1044 1 -40.308 -56.445 1
1043 1 -40.308 -56.445 1
1042 1 -40.308 -56.445 1
1041 1 -40.308 -56.445 1
1040 1 -40.308 -56.445 1
1039 1 -40.308 -56.445 1
1412 1 -83.02 -85.339 1
1411 1 -83.02 -85.339 1
1410 1 -83.02 -85.339 1
1409 1 -83.02 -85.339 1
1407 1 -83.02 -85.339 1
1405 1 -83.02 -85.339 1
1404 1 -83.02 -85.339 1
1403 1 -83.02 -85.339 1
1402 1 -83.02 -85.339 1
1401 1 -83.02 -85.339 1
1400 1 -83.02 -85.339 1
-1 0 18.488 -4.745 D
7694 1 19.0 157.47811889648438 20 500 21
0 0 18.488 -4.745 D
1156 1 -35.138 -52.094 1
1154 1 -35.138 -52.094 1
1153 1 -35.138 -52.094 1
1152 1 -35.138 -52.094 1
1061 1 -40.308 -56.445 1
1060 1 -40.308 -56.445 1
1059 1 -40.308 -56.445 1
1057 1 -40.308 -56.445 1
1056 1 -40.308 -56.445 1
1055 1 -40.308 -56.445 1
1054 1 -40.308 -56.445 1
1051 1 -40.308 -56.445 1
1050 1 -40.308 -56.445 1
1049 1 -40.308 -56.445 1
1048 1 -40.308 -56.445 1
3 1 -26.599 -50.415 1
2 1 -26.599 -50.415 1
1 1 -26.599 -50.415 1
1802 1 -4.645 -26.776 1
-1 0 18.488 -4.745 D
7695 2 39.0 214.85394287109375 40 500 41
0 0 18.488 -4.745 D
3094 1 -4.755 -25.751 2
3093 1 -4.755 -25.751 2
3092 1 -4.755 -25.751 2
3091 1 -4.755 -25.751 2
3090 1 -4.755 -25.751 2
3089 1 -4.755 -25.751 2
782 1 -13.617 -37.646 2
781 1 -13.617 -37.646 2
778 1 -13.617 -37.646 2
254 1 -18.372 -42.267 2
246 1 -18.372 -42.267 2
242 1 -18.372 -42.267 2
239 1 -18.372 -42.267 2
237 1 -18.372 -42.267 2
2051 1 -60.046 -76.849 2
2050 1 -60.046 -76.849 2
2048 1 -60.046 -76.849 2
2047 1 -60.046 -76.849 2
2046 1 -60.046 -76.849 2
2045 1 -60.046 -76.849 2
2044 1 -60.046 -76.849 2
2043 1 -60.046 -76.849 2
2042 1 -60.046 -76.849 2
2041 1 -60.046 -76.849 2
2039 1 -60.046 -76.849 2
1149 1 -14.41 -42.194 2
1146 1 -14.41 -42.194 2
1143 1 -14.41 -42.194 2
1138 1 -14.41 -42.194 2
1136 1 -14.41 -42.194 2
86 1 -14.636 -40.906 2
84 1 -14.636 -40.906 2
81 1 -14.636 -40.906 2
79 1 -14.636 -40.906 2
77 1 -14.636 -40.906 2
1803 1 -4.645 -26.776 2
395 1 9.247 -14.722 2
393 1 9.247 -14.722 2
392 1 9.247 -14.722 2
-1 0 18.488 -4.745 D
7696 1 19.0 128.35536193847656 20 500 21
0 0 18.488 -4.745 D
763 1 -13.617 -37.646 1
762 1 -13.617 -37.646 1
255 1 -18.372 -42.267 1
253 1 -18.372 -42.267 1
252 1 -18.372 -42.267 1
251 1 -18.372 -42.267 1
250 1 -18.372 -42.267 1
248 1 -18.372 -42.267 1
247 1 -18.372 -42.267 1
244 1 -18.372 -42.267 1
243 1 -18.372 -42.267 1
241 1 -18.372 -42.267 1
240 1 -18.372 -42.267 1
238 1 -18.372 -42.267 1
9 1 -26.599 -50.415 1
8 1 -26.599 -50.415 1
7 1 -26.599 -50.415 1
6 1 -26.599 -50.415 1
5 1 -26.599 -50.415 1
-1 0 18.488 -4.745 D
7697 1 19.0 91.94580078125 20 500 21
0 0 18.488 -4.745 D
390 1 9.247 -14.722 1
389 1 9.247 -14.722 1
388 1 9.247 -14.722 1
783 1 -13.617 -37.646 1
780 1 -13.617 -37.646 1
779 1 -13.617 -37.646 1
776 1 -13.617 -37.646 1
775 1 -13.617 -37.646 1
774 1 -13.617 -37.646 1
773 1 -13.617 -37.646 1
772 1 -13.617 -37.646 1
771 1 -13.617 -37.646 1
770 1 -13.617 -37.646 1
769 1 -13.617 -37.646 1
768 1 -13.617 -37.646 1
767 1 -13.617 -37.646 1
766 1 -13.617 -37.646 1
765 1 -13.617 -37.646 1
764 1 -13.617 -37.646 1
-1 0 18.488 -4.745 D
7698 4 59.0 135.60501098632812 60 500 61
0 0 18.488 -4.745 D
391 1 9.247 -14.722 4
104 1 7.159 -19.171 4
3410 1 2.924 -25.763 4
3409 1 2.924 -25.763 4
3408 1 2.924 -25.763 4
3407 1 2.924 -25.763 4
3406 1 2.924 -25.763 4
3405 1 2.924 -25.763 4
3404 1 2.924 -25.763 4
3403 1 2.924 -25.763 4
3402 1 2.924 -25.763 4
3401 1 2.924 -25.763 4
3400 1 2.924 -25.763 4
3399 1 2.924 -25.763 4
3541 1 -7.361 -32.324 4
3540 1 -7.361 -32.324 4
3539 1 -7.361 -32.324 4
3538 1 -7.361 -32.324 4
3537 1 -7.361 -32.324 4
3536 1 -7.361 -32.324 4
3535 1 -7.361 -32.324 4
3534 1 -7.361 -32.324 4
3533 1 -7.361 -32.324 4
3532 1 -7.361 -32.324 4
3531 1 -7.361 -32.324 4
3530 1 -7.361 -32.324 4
3529 1 -7.361 -32.324 4
3528 1 -7.361 -32.324 4
3527 1 -7.361 -32.324 4
3526 1 -7.361 -32.324 4
3525 1 -7.361 -32.324 4
3524 1 -7.361 -32.324 4
3523 1 -7.361 -32.324 4
3522 1 -7.361 -32.324 4
69 1 -14.636 -40.906 4
3152 1 -7.66 -56.677 4
3151 1 -7.66 -56.677 4
3150 1 -7.66 -56.677 4
3149 1 -7.66 -56.677 4
839 1 -2.063 -55.255 4
821 1 -2.063 -55.255 4
387 1 -4.236 -52.222 4
2381 1 2.57 -34.857 4
2380 1 2.57 -34.857 4
2379 1 2.57 -34.857 4
1620 1 0.757 -32.788 4
92 1 9.052 -28.381 4
2098 1 6.689 -22.656 4
2096 1 6.689 -22.656 4
2095 1 6.689 -22.656 4
2094 1 6.689 -22.656 4
2089 1 6.689 -22.656 4
1732 1 14.142 -16.034 4
1731 1 14.142 -16.034 4
1730 1 14.142 -16.034 4
1729 1 14.142 -16.034 4
1728 1 14.142 -16.034 4
1726 1 14.142 -16.034 4
1725 1 14.142 -16.034 4
-1 0 18.488 -4.745 D
7699 1 19.0 111.24163055419922 20 500 21
0 0 18.488 -4.745 D
394 1 9.247 -14.722 1
87 1 -14.636 -40.906 1
85 1 -14.636 -40.906 1
83 1 -14.636 -40.906 1
82 1 -14.636 -40.906 1
80 1 -14.636 -40.906 1
78 1 -14.636 -40.906 1
76 1 -14.636 -40.906 1
75 1 -14.636 -40.906 1
74 1 -14.636 -40.906 1
73 1 -14.636 -40.906 1
72 1 -14.636 -40.906 1
71 1 -14.636 -40.906 1
70 1 -14.636 -40.906 1
896 1 -18.689 -46.082 1
1137 1 -14.41 -42.194 1
1135 1 -14.41 -42.194 1
1134 1 -14.41 -42.194 1
1133 1 -14.41 -42.194 1
-1 0 18.488 -4.745 D
7700 1 19.0 179.5848846435547 20 500 21
0 0 18.488 -4.745 D
2864 1 -40.71 -72.26 1
2862 1 -40.71 -72.26 1
2861 1 -40.71 -72.26 1
2860 1 -40.71 -72.26 1
2859 1 -40.71 -72.26 1
2858 1 -40.71 -72.26 1
2857 1 -40.71 -72.26 1
2856 1 -40.71 -72.26 1
2855 1 -40.71 -72.26 1
2854 1 -40.71 -72.26 1
2853 1 -40.71 -72.26 1
1148 1 -14.41 -42.194 1
1147 1 -14.41 -42.194 1
1145 1 -14.41 -42.194 1
1144 1 -14.41 -42.194 1
1142 1 -14.41 -42.194 1
1141 1 -14.41 -42.194 1
1140 1 -14.41 -42.194 1
1139 1 -14.41 -42.194 1
-1 0 18.488 -4.745 D
7701 2 39.0 173.89535522460938 40 500 41
0 0 18.488 -4.745 D
3564 1 10.15 -15.253 2
3563 1 10.15 -15.253 2
3562 1 10.15 -15.253 2
3561 1 10.15 -15.253 2
3560 1 10.15 -15.253 2
3559 1 10.15 -15.253 2
3558 1 10.15 -15.253 2
3557 1 10.15 -15.253 2
3556 1 10.15 -15.253 2
3555 1 10.15 -15.253 2
3554 1 10.15 -15.253 2
3553 1 10.15 -15.253 2
3552 1 10.15 -15.253 2
3551 1 10.15 -15.253 2
3550 1 10.15 -15.253 2
3549 1 10.15 -15.253 2
3548 1 10.15 -15.253 2
107 1 7.159 -19.171 2
103 1 7.159 -19.171 2
101 1 7.159 -19.171 2
96 1 7.159 -19.171 2
94 1 7.159 -19.171 2
1151 1 -14.41 -42.194 2
1150 1 -14.41 -42.194 2
785 1 -20.007 -70.49 2
969 1 -13.879 -78.888 2
965 1 -13.879 -78.888 2
918 1 -4.492 -65.601 2
914 1 -4.492 -65.601 2
909 1 -4.492 -65.601 2
904 1 -4.492 -65.601 2
836 1 -2.063 -55.255 2
832 1 -2.063 -55.255 2
827 1 -2.063 -55.255 2
824 1 -2.063 -55.255 2
386 1 -4.236 -52.222 2
3663 1 9.167 -32.874 2
855 1 10.162 -29.303 2
90 1 9.052 -28.381 2
-1 0 18.488 -4.745 D
7702 8 59.0 272.2501220703125 60 500 61
0 0 18.488 -4.745 D
3618 1 24.988 -24.658 8
3617 1 24.988 -24.658 8
3616 1 24.988 -24.658 8
3615 1 24.988 -24.658 8
1195 1 23.645 -35.681 8
1192 1 23.645 -35.681 8
1190 1 23.645 -35.681 8
1189 1 23.645 -35.681 8
1814 1 26.678 -44.141 8
1810 1 26.678 -44.141 8
1807 1 26.678 -44.141 8
3031 1 25.934 -46.606 8
3030 1 25.934 -46.606 8
3029 1 25.934 -46.606 8
3028 1 25.934 -46.606 8
3027 1 25.934 -46.606 8
3026 1 25.934 -46.606 8
3025 1 25.934 -46.606 8
3024 1 25.934 -46.606 8
3023 1 25.934 -46.606 8
3022 1 25.934 -46.606 8
3021 1 25.934 -46.606 8
3020 1 25.934 -46.606 8
3019 1 25.934 -46.606 8
3018 1 25.934 -46.606 8
3017 1 25.934 -46.606 8
3016 1 25.934 -46.606 8
3015 1 25.934 -46.606 8
3014 1 25.934 -46.606 8
3013 1 25.934 -46.606 8
3012 1 25.934 -46.606 8
3011 1 25.934 -46.606 8
3010 1 25.934 -46.606 8
3009 1 25.934 -46.606 8
2451 1 43.817 -89.404 8
2449 1 43.817 -89.404 8
2447 1 43.817 -89.404 8
2835 1 12.335 -76.672 8
2831 1 12.335 -76.672 8
2863 1 -40.71 -72.26 8
2852 1 -40.71 -72.26 8
2246 1 -3.821 -50.934 8
2245 1 -3.821 -50.934 8
2243 1 -3.821 -50.934 8
1972 1 6.921 -24.457 8
1971 1 6.921 -24.457 8
1969 1 6.921 -24.457 8
1964 1 6.921 -24.457 8
2097 1 6.689 -22.656 8
2093 1 6.689 -22.656 8
2092 1 6.689 -22.656 8
2091 1 6.689 -22.656 8
2090 1 6.689 -22.656 8
1747 1 14.142 -16.034 8
1746 1 14.142 -16.034 8
1743 1 14.142 -16.034 8
1742 1 14.142 -16.034 8
1737 1 14.142 -16.034 8
1727 1 14.142 -16.034 8
-1 0 18.488 -4.745 D
7703 1 19.0 179.5911865234375 20 500 21
0 0 18.488 -4.745 D
2038 1 -19.891 -49.286 1
2037 1 -19.891 -49.286 1
2036 1 -19.891 -49.286 1
2034 1 -19.891 -49.286 1
2033 1 -19.891 -49.286 1
2032 1 -19.891 -49.286 1
2031 1 -19.891 -49.286 1
2029 1 -19.891 -49.286 1
2028 1 -19.891 -49.286 1
2027 1 -19.891 -49.286 1
2025 1 -19.891 -49.286 1
2024 1 -19.891 -49.286 1
2023 1 -19.891 -49.286 1
2022 1 -19.891 -49.286 1
2021 1 -19.891 -49.286 1
2020 1 -19.891 -49.286 1
2019 1 -19.891 -49.286 1
2018 1 -19.891 -49.286 1
2865 1 -40.71 -72.26 1
-1 0 18.488 -4.745 D
7704 1 19.0 36.846492767333984 20 500 21
0 0 18.488 -4.745 D
108 1 7.159 -19.171 1
106 1 7.159 -19.171 1
105 1 7.159 -19.171 1
102 1 7.159 -19.171 1
100 1 7.159 -19.171 1
99 1 7.159 -19.171 1
98 1 7.159 -19.171 1
97 1 7.159 -19.171 1
95 1 7.159 -19.171 1
3262 1 7.587 -17.499 1
3261 1 7.587 -17.499 1
3260 1 7.587 -17.499 1
3259 1 7.587 -17.499 1
3258 1 7.587 -17.499 1
3257 1 7.587 -17.499 1
3256 1 7.587 -17.499 1
3255 1 7.587 -17.499 1
3254 1 7.587 -17.499 1
3253 1 7.587 -17.499 1
-1 0 18.488 -4.745 D
7705 1 19.0 153.2564697265625 20 500 21
0 0 18.488 -4.745 D
109 1 7.159 -19.171 1
786 1 -20.007 -70.49 1
784 1 -20.007 -70.49 1
2241 1 -3.821 -50.934 1
2240 1 -3.821 -50.934 1
2239 1 -3.821 -50.934 1
2238 1 -3.821 -50.934 1
1974 1 6.921 -24.457 1
1973 1 6.921 -24.457 1
1970 1 6.921 -24.457 1
1968 1 6.921 -24.457 1
1967 1 6.921 -24.457 1
1966 1 6.921 -24.457 1
1965 1 6.921 -24.457 1
1963 1 6.921 -24.457 1
1962 1 6.921 -24.457 1
1961 1 6.921 -24.457 1
1347 1 11.804 -17.334 1
1346 1 11.804 -17.334 1
-1 0 18.488 -4.745 D
7706 1 19.0 161.95664978027344 20 500 21
0 0 18.488 -4.745 D
829 1 -2.063 -55.255 1
828 1 -2.063 -55.255 1
826 1 -2.063 -55.255 1
825 1 -2.063 -55.255 1
823 1 -2.063 -55.255 1
822 1 -2.063 -55.255 1
820 1 -2.063 -55.255 1
968 1 -13.879 -78.888 1
967 1 -13.879 -78.888 1
966 1 -13.879 -78.888 1
385 1 -4.236 -52.222 1
384 1 -4.236 -52.222 1
383 1 -4.236 -52.222 1
382 1 -4.236 -52.222 1
381 1 -4.236 -52.222 1
380 1 -4.236 -52.222 1
2247 1 -3.821 -50.934 1
2244 1 -3.821 -50.934 1
2242 1 -3.821 -50.934 1
-1 0 18.488 -4.745 D
7707 1 19.0 130.2093505859375 20 500 21
0 0 18.488 -4.745 D
93 1 9.052 -28.381 1
91 1 9.052 -28.381 1
89 1 9.052 -28.381 1
88 1 9.052 -28.381 1
840 1 -2.063 -55.255 1
838 1 -2.063 -55.255 1
837 1 -2.063 -55.255 1
835 1 -2.063 -55.255 1
834 1 -2.063 -55.255 1
833 1 -2.063 -55.255 1
831 1 -2.063 -55.255 1
830 1 -2.063 -55.255 1
912 1 -4.492 -65.601 1
911 1 -4.492 -65.601 1
910 1 -4.492 -65.601 1
908 1 -4.492 -65.601 1
907 1 -4.492 -65.601 1
903 1 -4.492 -65.601 1
902 1 -4.492 -65.601 1
-1 0 18.488 -4.745 D
7708 4 59.0 286.8179016113281 60 500 61
0 0 18.488 -4.745 D
170 1 25.714 -18.573 4
1817 1 26.678 -44.141 4
1816 1 26.678 -44.141 4
1815 1 26.678 -44.141 4
1813 1 26.678 -44.141 4
1812 1 26.678 -44.141 4
1811 1 26.678 -44.141 4
1809 1 26.678 -44.141 4
1808 1 26.678 -44.141 4
1806 1 26.678 -44.141 4
1805 1 26.678 -44.141 4
1804 1 26.678 -44.141 4
513 1 32.336 -40.875 4
508 1 32.336 -40.875 4
505 1 32.336 -40.875 4
10 1 32.99 -35.767 4
1365 1 37.451 -36.42 4
1364 1 37.451 -36.42 4
2996 1 47.174 -36.285 4
2995 1 47.174 -36.285 4
571 1 50.25 -47.65 4
570 1 50.25 -47.65 4
444 1 39.526 -49.115 4
900 1 41.162 -55.701 4
898 1 41.162 -55.701 4
751 1 45.02 -56.799 4
2732 1 57.159 -59.515 4
464 1 60.895 -60.4 4
462 1 60.895 -60.4 4
459 1 60.895 -60.4 4
624 1 45.239 -71.399 4
2452 1 43.817 -89.404 4
2450 1 43.817 -89.404 4
2448 1 43.817 -89.404 4
193 1 0.0060 -73.206 4
906 1 -4.492 -65.601 4
905 1 -4.492 -65.601 4
116 1 8.087 -60.339 4
313 1 15.253 -34.937 4
2267 1 11.597 -32.635 4
2263 1 11.597 -32.635 4
2262 1 11.597 -32.635 4
2260 1 11.597 -32.635 4
2258 1 11.597 -32.635 4
854 1 10.162 -29.303 4
331 1 16.437 -20.74 4
1748 1 14.142 -16.034 4
1745 1 14.142 -16.034 4
1744 1 14.142 -16.034 4
1741 1 14.142 -16.034 4
1740 1 14.142 -16.034 4
1739 1 14.142 -16.034 4
1738 1 14.142 -16.034 4
1736 1 14.142 -16.034 4
1735 1 14.142 -16.034 4
1734 1 14.142 -16.034 4
1733 1 14.142 -16.034 4
38 1 17.78 -14.044 4
36 1 17.78 -14.044 4
-1 0 18.488 -4.745 D
7709 1 19.0 145.6637725830078 20 500 21
0 0 18.488 -4.745 D
856 1 10.162 -29.303 1
853 1 10.162 -29.303 1
852 1 10.162 -29.303 1
851 1 10.162 -29.303 1
917 1 -4.492 -65.601 1
916 1 -4.492 -65.601 1
915 1 -4.492 -65.601 1
913 1 -4.492 -65.601 1
197 1 0.0060 -73.206 1
196 1 0.0060 -73.206 1
195 1 0.0060 -73.206 1
192 1 0.0060 -73.206 1
191 1 0.0060 -73.206 1
190 1 0.0060 -73.206 1
187 1 0.0060 -73.206 1
186 1 0.0060 -73.206 1
112 1 8.087 -60.339 1
111 1 8.087 -60.339 1
110 1 8.087 -60.339 1
-1 0 18.488 -4.745 D
7710 2 39.0 151.71543884277344 40 500 41
0 0 18.488 -4.745 D
3681 1 9.167 -32.874 2
3680 1 9.167 -32.874 2
3679 1 9.167 -32.874 2
3678 1 9.167 -32.874 2
3677 1 9.167 -32.874 2
3676 1 9.167 -32.874 2
3675 1 9.167 -32.874 2
3674 1 9.167 -32.874 2
3673 1 9.167 -32.874 2
3672 1 9.167 -32.874 2
3671 1 9.167 -32.874 2
3670 1 9.167 -32.874 2
3669 1 9.167 -32.874 2
3668 1 9.167 -32.874 2
3667 1 9.167 -32.874 2
3666 1 9.167 -32.874 2
3665 1 9.167 -32.874 2
3664 1 9.167 -32.874 2
124 1 8.087 -60.339 2
119 1 8.087 -60.339 2
194 1 0.0060 -73.206 2
189 1 0.0060 -73.206 2
188 1 0.0060 -73.206 2
3363 1 17.169 -62.042 2
3362 1 17.169 -62.042 2
3361 1 17.169 -62.042 2
2270 1 11.597 -32.635 2
2269 1 11.597 -32.635 2
2268 1 11.597 -32.635 2
2266 1 11.597 -32.635 2
2265 1 11.597 -32.635 2
2264 1 11.597 -32.635 2
2261 1 11.597 -32.635 2
2259 1 11.597 -32.635 2
327 1 16.437 -20.74 2
323 1 16.437 -20.74 2
31 1 17.78 -14.044 2
28 1 17.78 -14.044 2
20 1 17.78 -14.044 2
-1 0 18.488 -4.745 D
7711 1 18.0 122.31416320800781 20 500 20
0 0 18.488 -4.745 D
1257 1 22.98 -54.181 1
1256 1 22.98 -54.181 1
1255 1 22.98 -54.181 1
1254 1 22.98 -54.181 1
1253 1 22.98 -54.181 1
1252 1 22.98 -54.181 1
1251 1 22.98 -54.181 1
1250 1 22.98 -54.181 1
125 1 8.087 -60.339 1
123 1 8.087 -60.339 1
122 1 8.087 -60.339 1
121 1 8.087 -60.339 1
120 1 8.087 -60.339 1
118 1 8.087 -60.339 1
117 1 8.087 -60.339 1
115 1 8.087 -60.339 1
114 1 8.087 -60.339 1
113 1 8.087 -60.339 1
-1 0 18.488 -4.745 D
7712 1 19.0 152.6485137939453 20 500 21
0 0 18.488 -4.745 D
1881 1 23.688 -48.816 1
1880 1 23.688 -48.816 1
1879 1 23.688 -48.816 1
1666 1 26.331 -46.967 1
1665 1 26.331 -46.967 1
1664 1 26.331 -46.967 1
2834 1 12.335 -76.672 1
2833 1 12.335 -76.672 1
2832 1 12.335 -76.672 1
315 1 15.253 -34.937 1
314 1 15.253 -34.937 1
341 1 16.437 -20.74 1
340 1 16.437 -20.74 1
339 1 16.437 -20.74 1
338 1 16.437 -20.74 1
337 1 16.437 -20.74 1
336 1 16.437 -20.74 1
335 1 16.437 -20.74 1
334 1 16.437 -20.74 1
-1 0 18.488 -4.745 D
7713 1 18.0 56.807769775390625 20 500 20
0 0 18.488 -4.745 D
1628 1 27.899 -30.914 1
1627 1 27.899 -30.914 1
1626 1 27.899 -30.914 1
1625 1 27.899 -30.914 1
1624 1 27.899 -30.914 1
1622 1 27.899 -30.914 1
1621 1 27.899 -30.914 1
37 1 17.78 -14.044 1
35 1 17.78 -14.044 1
34 1 17.78 -14.044 1
33 1 17.78 -14.044 1
32 1 17.78 -14.044 1
30 1 17.78 -14.044 1
29 1 17.78 -14.044 1
27 1 17.78 -14.044 1
26 1 17.78 -14.044 1
25 1 17.78 -14.044 1
24 1 17.78 -14.044 1
-1 0 18.488 -4.745 D
7714 2 39.0 149.3408660888672 40 500 41
0 0 18.488 -4.745 D
2595 1 19.055 -10.608 2
2583 1 19.055 -10.608 2
2582 1 19.055 -10.608 2
1887 1 23.688 -48.816 2
3379 1 17.169 -62.042 2
3378 1 17.169 -62.042 2
3377 1 17.169 -62.042 2
3376 1 17.169 -62.042 2
3375 1 17.169 -62.042 2
3374 1 17.169 -62.042 2
3373 1 17.169 -62.042 2
3372 1 17.169 -62.042 2
3371 1 17.169 -62.042 2
3370 1 17.169 -62.042 2
3369 1 17.169 -62.042 2
3368 1 17.169 -62.042 2
3367 1 17.169 -62.042 2
3366 1 17.169 -62.042 2
3365 1 17.169 -62.042 2
3364 1 17.169 -62.042 2
752 1 45.02 -56.799 2
511 1 32.336 -40.875 2
15 1 32.99 -35.767 2
11 1 32.99 -35.767 2
1303 1 28.4 -27.057 2
3501 1 30.402 -23.26 2
3500 1 30.402 -23.26 2
3499 1 30.402 -23.26 2
3498 1 30.402 -23.26 2
3497 1 30.402 -23.26 2
3496 1 30.402 -23.26 2
178 1 25.714 -18.573 2
177 1 25.714 -18.573 2
169 1 25.714 -18.573 2
166 1 25.714 -18.573 2
165 1 25.714 -18.573 2
164 1 25.714 -18.573 2
160 1 25.714 -18.573 2
158 1 25.714 -18.573 2
-1 0 18.488 -4.745 D
7715 1 16.0 11.780705451965332 20 500 18
0 0 18.488 -4.745 D
2599 1 19.055 -10.608 1
2598 1 19.055 -10.608 1
2597 1 19.055 -10.608 1
2596 1 19.055 -10.608 1
2594 1 19.055 -10.608 1
2593 1 19.055 -10.608 1
2592 1 19.055 -10.608 1
2591 1 19.055 -10.608 1
2590 1 19.055 -10.608 1
2589 1 19.055 -10.608 1
2588 1 19.055 -10.608 1
2587 1 19.055 -10.608 1
2586 1 19.055 -10.608 1
2585 1 19.055 -10.608 1
2584 1 19.055 -10.608 1
2581 1 19.055 -10.608 1
-1 0 18.488 -4.745 D
7716 1 19.0 88.87467956542969 20 500 21
0 0 18.488 -4.745 D
1203 1 23.645 -35.681 1
1202 1 23.645 -35.681 1
1201 1 23.645 -35.681 1
1200 1 23.645 -35.681 1
1199 1 23.645 -35.681 1
1198 1 23.645 -35.681 1
1197 1 23.645 -35.681 1
1196 1 23.645 -35.681 1
1194 1 23.645 -35.681 1
1193 1 23.645 -35.681 1
1191 1 23.645 -35.681 1
1890 1 23.688 -48.816 1
1889 1 23.688 -48.816 1
1888 1 23.688 -48.816 1
1886 1 23.688 -48.816 1
1885 1 23.688 -48.816 1
1884 1 23.688 -48.816 1
1883 1 23.688 -48.816 1
1882 1 23.688 -48.816 1
-1 0 18.488 -4.745 D
7717 1 19.0 64.07766723632812 20 500 21
0 0 18.488 -4.745 D
333 1 16.437 -20.74 1
332 1 16.437 -20.74 1
330 1 16.437 -20.74 1
329 1 16.437 -20.74 1
328 1 16.437 -20.74 1
326 1 16.437 -20.74 1
325 1 16.437 -20.74 1
324 1 16.437 -20.74 1
322 1 16.437 -20.74 1
1213 1 23.645 -35.681 1
1212 1 23.645 -35.681 1
1211 1 23.645 -35.681 1
1210 1 23.645 -35.681 1
1209 1 23.645 -35.681 1
1208 1 23.645 -35.681 1
1207 1 23.645 -35.681 1
1206 1 23.645 -35.681 1
1205 1 23.645 -35.681 1
1204 1 23.645 -35.681 1
-1 0 18.488 -4.745 D
7718 1 18.0 48.0539436340332 20 500 20
0 0 18.488 -4.745 D
2955 1 24.518 -28.003 1
2954 1 24.518 -28.003 1
2953 1 24.518 -28.003 1
2952 1 24.518 -28.003 1
2951 1 24.518 -28.003 1
2950 1 24.518 -28.003 1
2967 1 24.518 -28.003 1
2966 1 24.518 -28.003 1
2965 1 24.518 -28.003 1
2964 1 24.518 -28.003 1
2963 1 24.518 -28.003 1
2962 1 24.518 -28.003 1
2961 1 24.518 -28.003 1
2960 1 24.518 -28.003 1
2959 1 24.518 -28.003 1
2958 1 24.518 -28.003 1
2957 1 24.518 -28.003 1
2956 1 24.518 -28.003 1
-1 0 18.488 -4.745 D
7719 8 59.0 259.11279296875 60 500 61
0 0 18.488 -4.745 D
3662 1 37.5 -13.385 8
3661 1 37.5 -13.385 8
3660 1 37.5 -13.385 8
3659 1 37.5 -13.385 8
3658 1 37.5 -13.385 8
3657 1 37.5 -13.385 8
3656 1 37.5 -13.385 8
3655 1 37.5 -13.385 8
3654 1 37.5 -13.385 8
3653 1 37.5 -13.385 8
3652 1 37.5 -13.385 8
3651 1 37.5 -13.385 8
3650 1 37.5 -13.385 8
3649 1 37.5 -13.385 8
3648 1 37.5 -13.385 8
3647 1 37.5 -13.385 8
3646 1 37.5 -13.385 8
3645 1 37.5 -13.385 8
3644 1 37.5 -13.385 8
3643 1 37.5 -13.385 8
3642 1 37.5 -13.385 8
3641 1 37.5 -13.385 8
3640 1 37.5 -13.385 8
1497 1 78.174 10.992 8
1500 1 78.174 10.992 8
1502 1 78.174 10.992 8
1507 1 78.174 10.992 8
2625 1 81.702 6.732 8
2626 1 81.702 6.732 8
2633 1 81.702 6.732 8
2972 1 39.099 -24.023 8
2971 1 39.099 -24.023 8
2970 1 39.099 -24.023 8
2969 1 39.099 -24.023 8
2968 1 39.099 -24.023 8
1366 1 37.451 -36.42 8
2517 1 56.83 -67.926 8
2516 1 56.83 -67.926 8
1992 1 42.157 -54.663 8
1991 1 42.157 -54.663 8
1643 1 27.899 -30.914 8
1623 1 27.899 -30.914 8
3622 1 24.988 -24.658 8
3621 1 24.988 -24.658 8
3620 1 24.988 -24.658 8
3619 1 24.988 -24.658 8
3447 1 31.683 -21.844 8
3446 1 31.683 -21.844 8
3445 1 31.683 -21.844 8
3444 1 31.683 -21.844 8
3443 1 31.683 -21.844 8
3442 1 31.683 -21.844 8
3441 1 31.683 -21.844 8
3440 1 31.683 -21.844 8
3439 1 31.683 -21.844 8
3438 1 31.683 -21.844 8
3437 1 31.683 -21.844 8
3436 1 31.683 -21.844 8
3435 1 31.683 -21.844 8
-1 0 18.488 -4.745 D
7720 1 19.0 77.40723419189453 20 500 21
0 0 18.488 -4.745 D
512 1 32.336 -40.875 1
510 1 32.336 -40.875 1
509 1 32.336 -40.875 1
507 1 32.336 -40.875 1
506 1 32.336 -40.875 1
1642 1 27.899 -30.914 1
1641 1 27.899 -30.914 1
1640 1 27.899 -30.914 1
1639 1 27.899 -30.914 1
1638 1 27.899 -30.914 1
1637 1 27.899 -30.914 1
1636 1 27.899 -30.914 1
1635 1 27.899 -30.914 1
1634 1 27.899 -30.914 1
1633 1 27.899 -30.914 1
1632 1 27.899 -30.914 1
1631 1 27.899 -30.914 1
1630 1 27.899 -30.914 1
1629 1 27.899 -30.914 1
-1 0 18.488 -4.745 D
7721 1 19.0 143.68453979492188 20 500 21
0 0 18.488 -4.745 D
3336 1 39.319 -54.199 1
3335 1 39.319 -54.199 1
3334 1 39.319 -54.199 1
3333 1 39.319 -54.199 1
3332 1 39.319 -54.199 1
3331 1 39.319 -54.199 1
3330 1 39.319 -54.199 1
3329 1 39.319 -54.199 1
3328 1 39.319 -54.199 1
3327 1 39.319 -54.199 1
3326 1 39.319 -54.199 1
3325 1 39.319 -54.199 1
3324 1 39.319 -54.199 1
3323 1 39.319 -54.199 1
3322 1 39.319 -54.199 1
623 1 45.239 -71.399 1
516 1 32.336 -40.875 1
515 1 32.336 -40.875 1
514 1 32.336 -40.875 1
-1 0 18.488 -4.745 D
7722 1 19.0 112.73251342773438 20 500 21
0 0 18.488 -4.745 D
16 1 32.99 -35.767 1
14 1 32.99 -35.767 1
13 1 32.99 -35.767 1
12 1 32.99 -35.767 1
1980 1 42.157 -54.663 1
901 1 41.162 -55.701 1
899 1 41.162 -55.701 1
897 1 41.162 -55.701 1
3344 1 39.319 -54.199 1
3343 1 39.319 -54.199 1
3342 1 39.319 -54.199 1
3341 1 39.319 -54.199 1
3340 1 39.319 -54.199 1
3339 1 39.319 -54.199 1
3338 1 39.319 -54.199 1
3337 1 39.319 -54.199 1
1304 1 28.4 -27.057 1
1302 1 28.4 -27.057 1
1301 1 28.4 -27.057 1
-1 0 18.488 -4.745 D
7723 1 19.0 117.24290466308594 20 500 21
0 0 18.488 -4.745 D
759 1 45.02 -56.799 1
758 1 45.02 -56.799 1
757 1 45.02 -56.799 1
756 1 45.02 -56.799 1
755 1 45.02 -56.799 1
754 1 45.02 -56.799 1
753 1 45.02 -56.799 1
750 1 45.02 -56.799 1
1993 1 42.157 -54.663 1
1990 1 42.157 -54.663 1
1989 1 42.157 -54.663 1
1988 1 42.157 -54.663 1
1987 1 42.157 -54.663 1
1986 1 42.157 -54.663 1
1985 1 42.157 -54.663 1
1984 1 42.157 -54.663 1
1983 1 42.157 -54.663 1
1982 1 42.157 -54.663 1
1981 1 42.157 -54.663 1
-1 0 18.488 -4.745 D
7724 1 19.0 176.37960815429688 20 500 21
0 0 18.488 -4.745 D
469 1 60.895 -60.4 1
467 1 60.895 -60.4 1
466 1 60.895 -60.4 1
465 1 60.895 -60.4 1
463 1 60.895 -60.4 1
460 1 60.895 -60.4 1
458 1 60.895 -60.4 1
455 1 60.895 -60.4 1
453 1 60.895 -60.4 1
452 1 60.895 -60.4 1
451 1 60.895 -60.4 1
450 1 60.895 -60.4 1
761 1 45.02 -56.799 1
760 1 45.02 -56.799 1
2512 1 56.83 -67.926 1
2511 1 56.83 -67.926 1
2510 1 56.83 -67.926 1
2509 1 56.83 -67.926 1
2508 1 56.83 -67.926 1
-1 0 18.488 -4.745 D
7725 1 19.0 148.60418701171875 20 500 21
0 0 18.488 -4.745 D
568 1 50.25 -47.65 1
567 1 50.25 -47.65 1
565 1 50.25 -47.65 1
564 1 50.25 -47.65 1
563 1 50.25 -47.65 1
562 1 50.25 -47.65 1
561 1 50.25 -47.65 1
560 1 50.25 -47.65 1
558 1 50.25 -47.65 1
557 1 50.25 -47.65 1
2523 1 56.83 -67.926 1
2522 1 56.83 -67.926 1
2521 1 56.83 -67.926 1
2520 1 56.83 -67.926 1
2519 1 56.83 -67.926 1
2518 1 56.83 -67.926 1
2515 1 56.83 -67.926 1
2514 1 56.83 -67.926 1
2513 1 56.83 -67.926 1
-1 0 18.488 -4.745 D
7726 2 39.0 141.46365356445312 40 500 41
0 0 18.488 -4.745 D
1325 1 27.985 -15.912 2
1324 1 27.985 -15.912 2
1323 1 27.985 -15.912 2
1322 1 27.985 -15.912 2
1321 1 27.985 -15.912 2
1320 1 27.985 -15.912 2
1316 1 27.985 -15.912 2
1314 1 27.985 -15.912 2
1312 1 27.985 -15.912 2
1310 1 27.985 -15.912 2
1307 1 27.985 -15.912 2
1305 1 27.985 -15.912 2
632 1 29.498 -18.292 2
631 1 29.498 -18.292 2
630 1 29.498 -18.292 2
626 1 29.498 -18.292 2
3056 1 33.899 -20.923 2
3055 1 33.899 -20.923 2
3054 1 33.899 -20.923 2
3053 1 33.899 -20.923 2
468 1 60.895 -60.4 2
461 1 60.895 -60.4 2
457 1 60.895 -60.4 2
456 1 60.895 -60.4 2
454 1 60.895 -60.4 2
2731 1 57.159 -59.515 2
2730 1 57.159 -59.515 2
2729 1 57.159 -59.515 2
2728 1 57.159 -59.515 2
576 1 50.25 -47.65 2
573 1 50.25 -47.65 2
572 1 50.25 -47.65 2
566 1 50.25 -47.65 2
559 1 50.25 -47.65 2
3506 1 30.402 -23.26 2
3505 1 30.402 -23.26 2
3504 1 30.402 -23.26 2
3503 1 30.402 -23.26 2
3502 1 30.402 -23.26 2
-1 0 18.488 -4.745 D
7727 1 19.0 107.03030395507812 20 500 21
0 0 18.488 -4.745 D
176 1 25.714 -18.573 1
175 1 25.714 -18.573 1
174 1 25.714 -18.573 1
173 1 25.714 -18.573 1
172 1 25.714 -18.573 1
171 1 25.714 -18.573 1
168 1 25.714 -18.573 1
167 1 25.714 -18.573 1
163 1 25.714 -18.573 1
162 1 25.714 -18.573 1
161 1 25.714 -18.573 1
159 1 25.714 -18.573 1
580 1 50.25 -47.65 1
579 1 50.25 -47.65 1
578 1 50.25 -47.65 1
577 1 50.25 -47.65 1
575 1 50.25 -47.65 1
574 1 50.25 -47.65 1
569 1 50.25 -47.65 1
-1 0 18.488 -4.745 D
7728 1 19.0 109.64197540283203 20 500 21
0 0 18.488 -4.745 D
3107 1 53.723 -46.741 1
3106 1 53.723 -46.741 1
3105 1 53.723 -46.741 1
3104 1 53.723 -46.741 1
3103 1 53.723 -46.741 1
3102 1 53.723 -46.741 1
3101 1 53.723 -46.741 1
3100 1 53.723 -46.741 1
3099 1 53.723 -46.741 1
3098 1 53.723 -46.741 1
3097 1 53.723 -46.741 1
3096 1 53.723 -46.741 1
3095 1 53.723 -46.741 1
634 1 29.498 -18.292 1
633 1 29.498 -18.292 1
629 1 29.498 -18.292 1
628 1 29.498 -18.292 1
627 1 29.498 -18.292 1
625 1 29.498 -18.292 1
-1 0 18.488 -4.745 D
7729 1 19.0 179.56761169433594 20 500 21
0 0 18.488 -4.745 D
655 1 54.62 -30.09 1
652 1 54.62 -30.09 1
651 1 54.62 -30.09 1
650 1 54.62 -30.09 1
649 1 54.62 -30.09 1
647 1 54.62 -30.09 1
646 1 54.62 -30.09 1
644 1 54.62 -30.09 1
640 1 54.62 -30.09 1
638 1 54.62 -30.09 1
637 1 54.62 -30.09 1
3108 1 53.723 -46.741 1
545 1 80.487 -64.923 1
544 1 80.487 -64.923 1
543 1 80.487 -64.923 1
541 1 80.487 -64.923 1
540 1 80.487 -64.923 1
539 1 80.487 -64.923 1
538 1 80.487 -64.923 1
-1 0 18.488 -4.745 D
7730 4 59.0 204.33889770507812 60 500 61
0 0 18.488 -4.745 D
1752 1 34.155 -19.122 4
1750 1 34.155 -19.122 4
1723 1 39.966 -22.839 4
1722 1 39.966 -22.839 4
1718 1 39.966 -22.839 4
1712 1 39.966 -22.839 4
1710 1 39.966 -22.839 4
1706 1 39.966 -22.839 4
3007 1 47.174 -36.285 4
3006 1 47.174 -36.285 4
3005 1 47.174 -36.285 4
3004 1 47.174 -36.285 4
3003 1 47.174 -36.285 4
3002 1 47.174 -36.285 4
3001 1 47.174 -36.285 4
3000 1 47.174 -36.285 4
2999 1 47.174 -36.285 4
2998 1 47.174 -36.285 4
2997 1 47.174 -36.285 4
1941 1 96.051 -67.59 4
1894 1 74.866 -38.715 4
3192 1 55.902 -31.177 4
3191 1 55.902 -31.177 4
3190 1 55.902 -31.177 4
3189 1 55.902 -31.177 4
3188 1 55.902 -31.177 4
3187 1 55.902 -31.177 4
3186 1 55.902 -31.177 4
3185 1 55.902 -31.177 4
3184 1 55.902 -31.177 4
654 1 54.62 -30.09 4
653 1 54.62 -30.09 4
648 1 54.62 -30.09 4
642 1 54.62 -30.09 4
641 1 54.62 -30.09 4
3360 1 43.451 -17.584 4
3359 1 43.451 -17.584 4
3358 1 43.451 -17.584 4
3357 1 43.451 -17.584 4
3356 1 43.451 -17.584 4
3355 1 43.451 -17.584 4
3354 1 43.451 -17.584 4
3353 1 43.451 -17.584 4
3352 1 43.451 -17.584 4
3351 1 43.451 -17.584 4
3350 1 43.451 -17.584 4
3349 1 43.451 -17.584 4
3348 1 43.451 -17.584 4
3347 1 43.451 -17.584 4
3346 1 43.451 -17.584 4
3345 1 43.451 -17.584 4
2428 1 35.004 -13.428 4
2427 1 35.004 -13.428 4
2426 1 35.004 -13.428 4
2425 1 35.004 -13.428 4
2424 1 35.004 -13.428 4
963 1 26.343 -10.15 4
958 1 26.343 -10.15 4
957 1 26.343 -10.15 4
-1 0 18.488 -4.745 D
7731 2 38.0 69.31049346923828 40 500 40
0 0 18.488 -4.745 D
182 1 41.541 -26.318 2
181 1 41.541 -26.318 2
1705 1 39.966 -22.839 2
1704 1 39.966 -22.839 2
618 1 41.4 -20.111 2
619 1 41.4 -20.111 2
3060 1 33.899 -20.923 2
3059 1 33.899 -20.923 2
3058 1 33.899 -20.923 2
3057 1 33.899 -20.923 2
1763 1 34.155 -19.122 2
1762 1 34.155 -19.122 2
1761 1 34.155 -19.122 2
1760 1 34.155 -19.122 2
1759 1 34.155 -19.122 2
1758 1 34.155 -19.122 2
1757 1 34.155 -19.122 2
1756 1 34.155 -19.122 2
1755 1 34.155 -19.122 2
1754 1 34.155 -19.122 2
1753 1 34.155 -19.122 2
1751 1 34.155 -19.122 2
1749 1 34.155 -19.122 2
3579 1 33.313 -19.092 2
3578 1 33.313 -19.092 2
3577 1 33.313 -19.092 2
3576 1 33.313 -19.092 2
3575 1 33.313 -19.092 2
3574 1 33.313 -19.092 2
3573 1 33.313 -19.092 2
3572 1 33.313 -19.092 2
3571 1 33.313 -19.092 2
3570 1 33.313 -19.092 2
3569 1 33.313 -19.092 2
3568 1 33.313 -19.092 2
3567 1 33.313 -19.092 2
3566 1 33.313 -19.092 2
3565 1 33.313 -19.092 2
-1 0 18.488 -4.745 D
7732 1 19.0 185.09619140625 20 500 21
0 0 18.488 -4.745 D
2667 1 88.544 -58.319 1
556 1 80.487 -64.923 1
555 1 80.487 -64.923 1
554 1 80.487 -64.923 1
553 1 80.487 -64.923 1
552 1 80.487 -64.923 1
551 1 80.487 -64.923 1
550 1 80.487 -64.923 1
549 1 80.487 -64.923 1
548 1 80.487 -64.923 1
547 1 80.487 -64.923 1
546 1 80.487 -64.923 1
711 1 70.599 -53.308 1
710 1 70.599 -53.308 1
185 1 41.541 -26.318 1
184 1 41.541 -26.318 1
183 1 41.541 -26.318 1
180 1 41.541 -26.318 1
179 1 41.541 -26.318 1
-1 0 18.488 -4.745 D
7733 2 38.0 234.15296936035156 40 500 40
0 0 18.488 -4.745 D
542 1 80.487 -64.923 2
713 1 70.599 -53.308 2
712 1 70.599 -53.308 2
1801 1 81.323 -51.587 2
1796 1 81.323 -51.587 2
2666 1 88.544 -58.319 2
1960 1 96.051 -67.59 2
1959 1 96.051 -67.59 2
1958 1 96.051 -67.59 2
1957 1 96.051 -67.59 2
1956 1 96.051 -67.59 2
1955 1 96.051 -67.59 2
1954 1 96.051 -67.59 2
1953 1 96.051 -67.59 2
1952 1 96.051 -67.59 2
1951 1 96.051 -67.59 2
1950 1 96.051 -67.59 2
1949 1 96.051 -67.59 2
1948 1 96.051 -67.59 2
1947 1 96.051 -67.59 2
1946 1 96.051 -67.59 2
1945 1 96.051 -67.59 2
1944 1 96.051 -67.59 2
1943 1 96.051 -67.59 2
1942 1 96.051 -67.59 2
1724 1 39.966 -22.839 2
1721 1 39.966 -22.839 2
1720 1 39.966 -22.839 2
1719 1 39.966 -22.839 2
1717 1 39.966 -22.839 2
1716 1 39.966 -22.839 2
1715 1 39.966 -22.839 2
1714 1 39.966 -22.839 2
1713 1 39.966 -22.839 2
1711 1 39.966 -22.839 2
1709 1 39.966 -22.839 2
1708 1 39.966 -22.839 2
1707 1 39.966 -22.839 2
-1 0 18.488 -4.745 D
7734 1 19.0 169.28868103027344 20 500 21
0 0 18.488 -4.745 D
2973 1 83.716 -57.886 1
2985 1 83.716 -57.886 1
2984 1 83.716 -57.886 1
2983 1 83.716 -57.886 1
2982 1 83.716 -57.886 1
2981 1 83.716 -57.886 1
2980 1 83.716 -57.886 1
2979 1 83.716 -57.886 1
2978 1 83.716 -57.886 1
2977 1 83.716 -57.886 1
2976 1 83.716 -57.886 1
2975 1 83.716 -57.886 1
2974 1 83.716 -57.886 1
1800 1 81.323 -51.587 1
1799 1 81.323 -51.587 1
1798 1 81.323 -51.587 1
1797 1 81.323 -51.587 1
636 1 54.62 -30.09 1
635 1 54.62 -30.09 1
-1 0 18.488 -4.745 D
7735 1 19.0 66.29191589355469 20 500 21
0 0 18.488 -4.745 D
1327 1 27.985 -15.912 1
1326 1 27.985 -15.912 1
1319 1 27.985 -15.912 1
1318 1 27.985 -15.912 1
1317 1 27.985 -15.912 1
1315 1 27.985 -15.912 1
1313 1 27.985 -15.912 1
1311 1 27.985 -15.912 1
1309 1 27.985 -15.912 1
1308 1 27.985 -15.912 1
1306 1 27.985 -15.912 1
964 1 26.343 -10.15 1
962 1 26.343 -10.15 1
961 1 26.343 -10.15 1
960 1 26.343 -10.15 1
959 1 26.343 -10.15 1
601 1 41.4 -20.111 1
600 1 41.4 -20.111 1
599 1 41.4 -20.111 1
-1 0 18.488 -4.745 D
7736 1 19.0 55.17512893676758 20 500 21
0 0 18.488 -4.745 D
622 1 41.4 -20.111 1
621 1 41.4 -20.111 1
620 1 41.4 -20.111 1
617 1 41.4 -20.111 1
616 1 41.4 -20.111 1
615 1 41.4 -20.111 1
614 1 41.4 -20.111 1
613 1 41.4 -20.111 1
612 1 41.4 -20.111 1
611 1 41.4 -20.111 1
610 1 41.4 -20.111 1
609 1 41.4 -20.111 1
608 1 41.4 -20.111 1
607 1 41.4 -20.111 1
606 1 41.4 -20.111 1
605 1 41.4 -20.111 1
604 1 41.4 -20.111 1
603 1 41.4 -20.111 1
602 1 41.4 -20.111 1
-1 0 18.488 -4.745 D
7737 2 17.0 183.0215606689453 40 500 19
0 0 18.488 -4.745 D
1226 1 50.8 -16.821 2
1218 1 50.8 -16.821 2
1215 1 50.8 -16.821 2
1214 1 50.8 -16.821 2
645 1 54.62 -30.09 2
643 1 54.62 -30.09 2
639 1 54.62 -30.09 2
1896 1 74.866 -38.715 2
1895 1 74.866 -38.715 2
1893 1 74.866 -38.715 2
1892 1 74.866 -38.715 2
1891 1 74.866 -38.715 2
845 1 95.447 -10.864 2
841 1 95.447 -10.864 2
946 1 76.746 -10.284 2
152 1 63.556 -13.025 2
1668 1 28.821 -7.794 2
-1 0 18.488 -4.745 D
7738 1 19.0 104.8228759765625 20 500 21
0 0 18.488 -4.745 D
1328 1 66.284 -26.245 1
1619 1 46.204 -17.596 1
1618 1 46.204 -17.596 1
1617 1 46.204 -17.596 1
1616 1 46.204 -17.596 1
1615 1 46.204 -17.596 1
1614 1 46.204 -17.596 1
1613 1 46.204 -17.596 1
1610 1 46.204 -17.596 1
1609 1 46.204 -17.596 1
1608 1 46.204 -17.596 1
1607 1 46.204 -17.596 1
1604 1 46.204 -17.596 1
1603 1 46.204 -17.596 1
1601 1 46.204 -17.596 1
1600 1 46.204 -17.596 1
1599 1 46.204 -17.596 1
1598 1 46.204 -17.596 1
1597 1 46.204 -17.596 1
-1 0 18.488 -4.745 D
7739 1 19.0 105.04073333740234 20 500 21
0 0 18.488 -4.745 D
1345 1 66.284 -26.245 1
1344 1 66.284 -26.245 1
1343 1 66.284 -26.245 1
1342 1 66.284 -26.245 1
1341 1 66.284 -26.245 1
1340 1 66.284 -26.245 1
1339 1 66.284 -26.245 1
1336 1 66.284 -26.245 1
1335 1 66.284 -26.245 1
1333 1 66.284 -26.245 1
1332 1 66.284 -26.245 1
1330 1 66.284 -26.245 1
1329 1 66.284 -26.245 1
1979 1 55.994 -20.325 1
1978 1 55.994 -20.325 1
1977 1 55.994 -20.325 1
1976 1 55.994 -20.325 1
1975 1 55.994 -20.325 1
1216 1 50.8 -16.821 1
-1 0 18.488 -4.745 D
7740 8 54.0 221.9396209716797 60 500 56
0 0 18.488 -4.745 D
1612 1 46.204 -17.596 8
1611 1 46.204 -17.596 8
1606 1 46.204 -17.596 8
1605 1 46.204 -17.596 8
1602 1 46.204 -17.596 8
1596 1 46.204 -17.596 8
1595 1 46.204 -17.596 8
1338 1 66.284 -26.245 8
1337 1 66.284 -26.245 8
1334 1 66.284 -26.245 8
1331 1 66.284 -26.245 8
2841 1 77.252 -17.963 8
2839 1 77.252 -17.963 8
2837 1 77.252 -17.963 8
3035 1 75.897 19.006 8
3036 1 75.897 19.006 8
3037 1 75.897 19.006 8
3038 1 75.897 19.006 8
3039 1 75.897 19.006 8
3040 1 75.897 19.006 8
3041 1 75.897 19.006 8
3042 1 75.897 19.006 8
3043 1 75.897 19.006 8
3044 1 75.897 19.006 8
3045 1 75.897 19.006 8
3046 1 75.897 19.006 8
3047 1 75.897 19.006 8
3048 1 75.897 19.006 8
3049 1 75.897 19.006 8
3050 1 75.897 19.006 8
3051 1 75.897 19.006 8
3052 1 75.897 19.006 8
2761 1 69.482 29.919 8
2765 1 69.482 29.919 8
2767 1 69.482 29.919 8
2554 1 70.178 35.199 8
2559 1 70.178 35.199 8
2560 1 70.178 35.199 8
2563 1 70.178 35.199 8
2572 1 70.178 35.199 8
3689 1 70.184 56.03 8
3690 1 70.184 56.03 8
3691 1 70.184 56.03 8
3692 1 70.184 56.03 8
3693 1 70.184 56.03 8
3694 1 70.184 56.03 8
3695 1 70.184 56.03 8
3696 1 70.184 56.03 8
3697 1 70.184 56.03 8
3698 1 70.184 56.03 8
3699 1 70.184 56.03 8
2137 1 66.467 49.182 8
2144 1 66.467 49.182 8
2151 1 66.467 49.182 8
-1 0 18.488 -4.745 D
7741 1 19.0 121.23200988769531 20 500 21
0 0 18.488 -4.745 D
1669 1 28.821 -7.794 1
1667 1 28.821 -7.794 1
2846 1 77.252 -17.963 1
2845 1 77.252 -17.963 1
2844 1 77.252 -17.963 1
2843 1 77.252 -17.963 1
2842 1 77.252 -17.963 1
2840 1 77.252 -17.963 1
2838 1 77.252 -17.963 1
2836 1 77.252 -17.963 1
1227 1 50.8 -16.821 1
1225 1 50.8 -16.821 1
1224 1 50.8 -16.821 1
1223 1 50.8 -16.821 1
1222 1 50.8 -16.821 1
1221 1 50.8 -16.821 1
1220 1 50.8 -16.821 1
1219 1 50.8 -16.821 1
1217 1 50.8 -16.821 1
-1 0 18.488 -4.745 D
7742 1 19.0 126.59767150878906 20 500 21
0 0 18.488 -4.745 D
157 1 63.556 -13.025 1
156 1 63.556 -13.025 1
154 1 63.556 -13.025 1
153 1 63.556 -13.025 1
151 1 63.556 -13.025 1
150 1 63.556 -13.025 1
148 1 63.556 -13.025 1
147 1 63.556 -13.025 1
146 1 63.556 -13.025 1
145 1 63.556 -13.025 1
144 1 63.556 -13.025 1
143 1 63.556 -13.025 1
2851 1 77.252 -17.963 1
2850 1 77.252 -17.963 1
2849 1 77.252 -17.963 1
2848 1 77.252 -17.963 1
2847 1 77.252 -17.963 1
940 1 76.746 -10.284 1
939 1 76.746 -10.284 1
-1 0 18.488 -4.745 D
7744 1 19.0 154.43258666992188 20 500 21
0 0 18.488 -4.745 D
847 1 95.447 -10.864 1
846 1 95.447 -10.864 1
844 1 95.447 -10.864 1
843 1 95.447 -10.864 1
842 1 95.447 -10.864 1
956 1 76.746 -10.284 1
955 1 76.746 -10.284 1
954 1 76.746 -10.284 1
952 1 76.746 -10.284 1
951 1 76.746 -10.284 1
950 1 76.746 -10.284 1
949 1 76.746 -10.284 1
948 1 76.746 -10.284 1
947 1 76.746 -10.284 1
945 1 76.746 -10.284 1
944 1 76.746 -10.284 1
943 1 76.746 -10.284 1
942 1 76.746 -10.284 1
941 1 76.746 -10.284 1
-1 0 18.488 -4.745 D
7745 1 19.0 165.4462890625 20 500 21
0 0 18.488 -4.745 D
1678 1 26.178 7.202 1
1677 1 26.178 7.202 1
1676 1 26.178 7.202 1
1675 1 26.178 7.202 1
1674 1 26.178 7.202 1
1673 1 26.178 7.202 1
1670 1 26.178 7.202 1
596 1 45.404 10.706 1
595 1 45.404 10.706 1
593 1 45.404 10.706 1
592 1 45.404 10.706 1
590 1 45.404 10.706 1
588 1 45.404 10.706 1
587 1 45.404 10.706 1
586 1 45.404 10.706 1
584 1 45.404 10.706 1
850 1 95.447 -10.864 1
849 1 95.447 -10.864 1
848 1 95.447 -10.864 1
-1 0 18.488 -4.745 D
7965 4 67.0 283.4075622558594 100 500 69
0 0 18.488 -4.745 D
2668 1 46.039 16.638 4
1919 1 50.47 18.756 4
1537 1 69.037 32.819 4
1539 1 69.037 32.819 4
1540 1 69.037 32.819 4
1544 1 69.037 32.819 4
1547 1 69.037 32.819 4
1548 1 69.037 32.819 4
1549 1 69.037 32.819 4
1554 1 69.037 32.819 4
2829 1 81.866 42.072 4
2188 1 76.868 29.285 4
2189 1 76.868 29.285 4
141 1 92.395 15.039 4
1559 1 84.973 -2.039 4
2624 1 81.702 6.732 4
2627 1 81.702 6.732 4
2628 1 81.702 6.732 4
2629 1 81.702 6.732 4
2630 1 81.702 6.732 4
2631 1 81.702 6.732 4
2632 1 81.702 6.732 4
2634 1 81.702 6.732 4
2635 1 81.702 6.732 4
2636 1 81.702 6.732 4
2637 1 81.702 6.732 4
2638 1 81.702 6.732 4
2639 1 81.702 6.732 4
1494 1 78.174 10.992 4
1495 1 78.174 10.992 4
1496 1 78.174 10.992 4
1498 1 78.174 10.992 4
1499 1 78.174 10.992 4
1501 1 78.174 10.992 4
1503 1 78.174 10.992 4
1504 1 78.174 10.992 4
1505 1 78.174 10.992 4
1506 1 78.174 10.992 4
877 1 59.827 17.059 4
884 1 59.827 17.059 4
953 1 76.746 -10.284 4
149 1 63.556 -13.025 4
155 1 63.556 -13.025 4
519 1 54.791 0.61 4
535 1 54.791 0.61 4
1519 1 48.889 2.588 4
1520 1 48.889 2.588 4
1521 1 48.889 2.588 4
1522 1 48.889 2.588 4
1523 1 48.889 2.588 4
1524 1 48.889 2.588 4
1525 1 48.889 2.588 4
1526 1 48.889 2.588 4
1527 1 48.889 2.588 4
1528 1 48.889 2.588 4
1529 1 48.889 2.588 4
1530 1 48.889 2.588 4
585 1 45.404 10.706 4
589 1 45.404 10.706 4
1013 1 43.164 -1.636 4
3380 1 34.65 -7.678 4
3381 1 34.65 -7.678 4
3382 1 34.65 -7.678 4
3383 1 34.65 -7.678 4
3384 1 34.65 -7.678 4
886 1 23.157 -3.613 4
890 1 23.157 -3.613 4
-1 0 18.488 -4.745 D
