File: pr07 Num Depots: 1 Num Pick Up Points: 71 Num Trucks: 1Processing Time: 14 seconds
Total Demand = 1057.00| Total Distance = 6359.05| Total Travel Time = 4769.29| Total Cost = $1740.75|

Truck #12201 MaxCap: 20 Demand: 19.0 ROUTE:0 820 819 818 817 816 815 814 813 812 811 810 809 808 807 806 805 804 803 802 -1 
Truck #12202 MaxCap: 40 Demand: 39.0 ROUTE:0 199 654 653 652 651 649 648 646 643 642 641 2 1 263 262 254 251 250 248 247 246 245 824 823 822 821 60 58 57 55 52 51 50 46 44 42 41 40 38 -1 
Truck #12203 MaxCap: 60 Demand: 59.0 ROUTE:0 313 312 311 226 224 222 220 219 217 215 214 213 209 207 205 204 203 658 657 656 655 623 622 621 620 618 616 615 614 492 490 489 488 487 486 485 484 483 482 481 479 478 476 475 474 473 286 285 280 279 277 275 273 272 271 270 268 267 760 -1 
Truck #12204 MaxCap: 40 Demand: 39.0 ROUTE:0 59 49 48 47 45 39 264 261 260 259 257 256 255 253 249 244 284 283 282 281 278 274 269 265 647 645 541 540 539 538 537 536 535 533 532 206 202 201 200 -1 
Truck #12205 MaxCap: 80 Demand: 79.0 ROUTE:0 227 225 223 221 216 212 210 619 617 493 491 477 562 560 559 558 557 556 554 27 25 22 21 20 18 17 13 12 10 9 6 4 3 763 318 314 291 289 287 967 966 965 964 963 962 961 960 959 958 957 956 955 954 953 952 951 950 949 948 947 946 945 100 99 96 94 89 88 85 123 122 120 119 116 102 639 637 636 635 -1 
Truck #12206 MaxCap: 120 Demand: 98.0 ROUTE:0 754 753 752 750 749 748 747 746 744 743 742 741 740 739 738 737 735 197 196 191 184 178 177 176 1057 1056 1055 1054 1053 1052 1051 1050 1049 1048 1047 1046 1045 1044 1043 1042 1041 1040 1039 1038 243 241 240 238 237 235 232 229 228 353 695 693 692 691 690 689 688 687 686 685 684 683 681 680 679 678 677 676 675 673 37 32 970 969 968 468 463 460 459 417 416 415 385 384 381 380 379 378 377 375 374 373 372 371 -1 
Truck #12208 MaxCap: 100 Demand: 99.0 ROUTE:0 140 208 211 218 534 863 864 865 866 867 868 869 870 871 872 873 874 875 876 877 878 879 880 881 882 252 258 43 53 54 56 341 336 331 436 432 430 426 152 192 183 182 179 580 577 572 571 702 453 452 451 450 449 447 445 443 1000 999 239 236 234 528 527 526 525 524 523 522 521 520 519 518 517 516 515 514 513 512 511 508 497 498 499 500 507 506 505 504 502 501 694 674 465 93 104 106 108 115 638 -1 
Truck #12209 MaxCap: 160 Demand: 18.0 ROUTE:0 370 376 494 495 496 5 19 26 626 627 628 629 631 632 634 323 266 276 -1 
Truck #12212 MaxCap: 160 Demand: 107.0 ROUTE:0 581 582 583 584 586 588 589 590 591 592 593 594 595 596 597 598 599 600 601 602 603 531 561 555 630 624 682 913 912 911 910 909 908 640 383 382 983 984 985 986 987 988 989 990 991 992 993 994 995 996 997 998 1021 1022 1023 1024 1025 1026 1027 1028 1029 1030 1031 1032 1033 1034 1035 1036 1037 1016 1017 1018 1019 1020 444 446 448 442 425 751 745 736 734 733 944 943 942 941 940 939 938 937 936 935 934 933 932 931 930 922 923 924 925 926 927 928 929 -1 
Truck #12219 MaxCap: 20 Demand: 19.0 ROUTE:0 325 324 322 321 776 775 774 773 772 771 770 769 768 767 766 765 764 762 761 -1 
Truck #12220 MaxCap: 20 Demand: 19.0 ROUTE:0 101 98 97 95 92 91 90 87 86 84 83 82 81 553 552 551 550 549 547 -1 
Truck #12221 MaxCap: 20 Demand: 19.0 ROUTE:0 545 544 543 542 612 611 609 607 606 605 114 113 112 111 110 109 107 105 103 -1 
Truck #12222 MaxCap: 20 Demand: 19.0 ROUTE:0 24 23 16 15 14 11 8 7 320 319 317 316 315 292 290 288 121 118 117 -1 
Truck #12223 MaxCap: 20 Demand: 19.0 ROUTE:0 758 757 756 755 310 309 308 307 306 305 303 302 301 299 298 297 296 295 293 -1 
Truck #12224 MaxCap: 20 Demand: 19.0 ROUTE:0 856 855 854 853 852 851 850 849 848 847 846 36 35 34 33 31 30 29 28 -1 
Truck #12225 MaxCap: 20 Demand: 19.0 ROUTE:0 472 471 470 469 467 466 464 462 461 362 361 360 359 358 357 356 355 352 351 -1 
Truck #12226 MaxCap: 20 Demand: 19.0 ROUTE:0 711 710 242 233 231 230 921 920 919 918 917 916 915 914 369 368 366 365 364 -1 
Truck #12227 MaxCap: 20 Demand: 19.0 ROUTE:0 723 722 720 719 716 715 714 713 712 707 706 705 704 703 700 699 698 697 696 -1 
Truck #12228 MaxCap: 20 Demand: 19.0 ROUTE:0 709 708 579 578 576 575 574 573 569 568 566 565 564 563 406 404 403 402 401 -1 
Truck #12229 MaxCap: 20 Demand: 19.0 ROUTE:0 198 195 194 193 190 189 188 187 186 185 181 180 414 412 411 410 409 408 407 -1 
Truck #12230 MaxCap: 20 Demand: 19.0 ROUTE:0 400 399 397 396 395 394 393 392 391 390 389 388 387 386 157 154 153 150 147 -1 
Truck #12231 MaxCap: 20 Demand: 19.0 ROUTE:0 665 664 663 662 661 659 175 159 158 145 143 142 139 136 135 134 133 132 128 -1 
Truck #12232 MaxCap: 40 Demand: 35.0 ROUTE:0 405 701 570 567 729 726 725 457 456 455 454 338 328 171 169 166 165 162 160 798 788 782 671 146 144 141 138 137 131 130 129 127 126 125 124 -1 
Truck #12233 MaxCap: 20 Demand: 19.0 ROUTE:0 838 837 836 835 834 833 832 831 830 829 828 827 826 825 672 669 668 667 666 -1 
Truck #12234 MaxCap: 20 Demand: 19.0 ROUTE:0 791 790 789 787 786 785 784 783 780 779 778 777 845 844 843 842 841 840 839 -1 
Truck #12235 MaxCap: 20 Demand: 19.0 ROUTE:0 330 329 327 326 170 168 167 164 163 161 801 800 799 797 796 795 794 793 792 -1 
Truck #12236 MaxCap: 20 Demand: 16.0 ROUTE:0 350 349 348 347 346 345 344 343 342 340 339 337 335 334 333 332 -1 
Truck #12237 MaxCap: 40 Demand: 38.0 ROUTE:0 156 155 151 149 148 441 440 439 438 437 435 434 433 431 429 428 427 424 423 422 421 420 419 418 174 173 172 398 458 80 79 77 75 72 71 64 63 62 -1 
Truck #12238 MaxCap: 20 Demand: 17.0 ROUTE:0 728 727 724 78 76 74 73 70 69 68 67 66 65 61 732 731 730 -1 
Truck #12239 MaxCap: 20 Demand: 15.0 ROUTE:0 1005 1004 1003 1002 1001 1015 1014 1013 1012 1011 1010 1009 1008 1007 1006 -1 
Truck #12286 MaxCap: 40 Demand: 29.0 ROUTE:0 587 604 548 625 633 971 972 973 974 975 976 977 978 979 980 981 982 503 530 509 510 529 857 858 859 860 861 862 718 -1 
Truck #12287 MaxCap: 80 Demand: 46.0 ROUTE:0 585 644 650 480 613 759 883 884 885 886 887 888 889 890 891 892 893 894 895 896 897 898 899 900 901 902 903 904 905 906 907 294 300 304 608 610 354 363 367 546 717 721 660 670 781 413 -1 


Inital Solution 0 changes  totQ=1057.00 totD=6756.18 $1638.83
Local One Opt 34 changes  totQ=1057.00 totD=6574.11 $1626.90
Local Two Opt 9 changes  totQ=1057.00 totD=6560.01 $1625.30
Local Three Opt 3 changes  totQ=1057.00 totD=6544.92 $1624.40
K-Two Forward 0 changes  totQ=1057.00 totD=6544.92 $1624.40
K-Two Reverse 0 changes  totQ=1057.00 totD=6544.92 $1624.40
K-Three Forward 0 changes  totQ=1057.00 totD=6544.92 $1624.40
K-Three Reverse 1 changes  totQ=1057.00 totD=6544.54 $1624.37
Exchange 01 17 changes  totQ=1057.00 totD=6717.23 $1614.95
Exchange 01 0 changes  totQ=1057.00 totD=6717.23 $1614.95
Exchange 11 5 changes  totQ=1057.00 totD=6538.46 $1610.08
Exchange 02 0 changes  totQ=1057.00 totD=6538.46 $1610.08
Exchange 20 0 changes  totQ=1057.00 totD=6538.46 $1610.08
Exchange 12 1 changes  totQ=1057.00 totD=6482.07 $1608.95
Exchange 21 0 changes  totQ=1057.00 totD=6482.07 $1608.95
Exchange 22 0 changes  totQ=1057.00 totD=6482.07 $1608.95
Combination 2 changes  totQ=1057.00 totD=6482.07 $1608.95
Reduction 5 changes  totQ=1057.00 totD=6359.05 $1740.75
Reallocation 0 changes  totQ=1057.00 totD=6359.05 $1740.75
Relax/Combine 0 changes  totQ=1057.00 totD=6359.05 $1740.75
Sharing 0 changes  totQ=1057.00 totD=6359.05 $1740.75
Relax/Share 0 changes  totQ=1057.00 totD=6359.05 $1740.75
