1057
1 1 1 77.344 53.87 1
2 1 1 77.344 53.87 1
3 2 1 26.141 63.538 2
4 2 1 26.141 63.538 2
5 4 1 26.141 63.538 2
6 2 1 26.141 63.538 2
7 1 1 26.141 63.538 2
8 1 1 26.141 63.538 2
9 2 1 26.141 63.538 2
10 2 1 26.141 63.538 2
11 1 1 26.141 63.538 2
12 2 1 26.141 63.538 2
13 2 1 26.141 63.538 2
14 1 1 26.141 63.538 2
15 1 1 26.141 63.538 2
16 1 1 26.141 63.538 2
17 2 1 26.141 63.538 2
18 2 1 26.141 63.538 2
19 4 1 26.141 63.538 2
20 2 1 26.141 63.538 2
21 2 1 26.141 63.538 2
22 2 1 26.141 63.538 2
23 1 1 26.141 63.538 2
24 1 1 26.141 63.538 2
25 2 1 26.141 63.538 2
26 4 1 26.141 63.538 2
27 2 1 26.141 63.538 2
28 1 1 -10.242 54.718 3
29 1 1 -10.242 54.718 3
30 1 1 -10.242 54.718 3
31 1 1 -10.242 54.718 3
32 2 1 -10.242 54.718 3
33 1 1 -10.242 54.718 3
34 1 1 -10.242 54.718 3
35 1 1 -10.242 54.718 3
36 1 1 -10.242 54.718 3
37 2 1 -10.242 54.718 3
38 1 1 33.258 18.079 4
39 2 1 33.258 18.079 4
40 1 1 33.258 18.079 4
41 1 1 33.258 18.079 4
42 1 1 33.258 18.079 4
43 4 1 33.258 18.079 4
44 1 1 33.258 18.079 4
45 2 1 33.258 18.079 4
46 1 1 33.258 18.079 4
47 2 1 33.258 18.079 4
48 2 1 33.258 18.079 4
49 2 1 33.258 18.079 4
50 1 1 33.258 18.079 4
51 1 1 33.258 18.079 4
52 1 1 33.258 18.079 4
53 4 1 33.258 18.079 4
54 4 1 33.258 18.079 4
55 1 1 33.258 18.079 4
56 4 1 33.258 18.079 4
57 1 1 33.258 18.079 4
58 1 1 33.258 18.079 4
59 2 1 33.258 18.079 4
60 1 1 33.258 18.079 4
61 1 1 43.958 -9.076 5
62 2 1 43.958 -9.076 5
63 2 1 43.958 -9.076 5
64 2 1 43.958 -9.076 5
65 1 1 43.958 -9.076 5
66 1 1 43.958 -9.076 5
67 1 1 43.958 -9.076 5
68 1 1 43.958 -9.076 5
69 1 1 43.958 -9.076 5
70 1 1 43.958 -9.076 5
71 2 1 43.958 -9.076 5
72 2 1 43.958 -9.076 5
73 1 1 43.958 -9.076 5
74 1 1 43.958 -9.076 5
75 2 1 43.958 -9.076 5
76 1 1 43.958 -9.076 5
77 2 1 43.958 -9.076 5
78 1 1 43.958 -9.076 5
79 2 1 43.958 -9.076 5
80 2 1 43.958 -9.076 5
81 1 1 8.447 43.396 6
82 1 1 8.447 43.396 6
83 1 1 8.447 43.396 6
84 1 1 8.447 43.396 6
85 2 1 8.447 43.396 6
86 1 1 8.447 43.396 6
87 1 1 8.447 43.396 6
88 2 1 8.447 43.396 6
89 2 1 8.447 43.396 6
90 1 1 8.447 43.396 6
91 1 1 8.447 43.396 6
92 1 1 8.447 43.396 6
93 4 1 8.447 43.396 6
94 2 1 8.447 43.396 6
95 1 1 8.447 43.396 6
96 2 1 8.447 43.396 6
97 1 1 8.447 43.396 6
98 1 1 8.447 43.396 6
99 2 1 8.447 43.396 6
100 2 1 8.447 43.396 6
101 1 1 8.447 43.396 6
102 2 1 8.826 39.532 7
103 1 1 8.826 39.532 7
104 4 1 8.826 39.532 7
105 1 1 8.826 39.532 7
106 4 1 8.826 39.532 7
107 1 1 8.826 39.532 7
108 4 1 8.826 39.532 7
109 1 1 8.826 39.532 7
110 1 1 8.826 39.532 7
111 1 1 8.826 39.532 7
112 1 1 8.826 39.532 7
113 1 1 8.826 39.532 7
114 1 1 8.826 39.532 7
115 4 1 8.826 39.532 7
116 2 1 8.826 39.532 7
117 1 1 8.826 39.532 7
118 1 1 8.826 39.532 7
119 2 1 8.826 39.532 7
120 2 1 8.826 39.532 7
121 1 1 8.826 39.532 7
122 2 1 8.826 39.532 7
123 2 1 8.826 39.532 7
124 2 1 -0.128 -1.715 8
125 2 1 -0.128 -1.715 8
126 2 1 -0.128 -1.715 8
127 2 1 -0.128 -1.715 8
128 1 1 -0.128 -1.715 8
129 2 1 -0.128 -1.715 8
130 2 1 -0.128 -1.715 8
131 2 1 -0.128 -1.715 8
132 1 1 -0.128 -1.715 8
133 1 1 -0.128 -1.715 8
134 1 1 -0.128 -1.715 8
135 1 1 -0.128 -1.715 8
136 1 1 -0.128 -1.715 8
137 2 1 -0.128 -1.715 8
138 2 1 -0.128 -1.715 8
139 1 1 -0.128 -1.715 8
140 4 1 -0.128 -1.715 8
141 2 1 -0.128 -1.715 8
142 1 1 -0.128 -1.715 8
143 1 1 -0.128 -1.715 8
144 2 1 -0.128 -1.715 8
145 1 1 -0.128 -1.715 8
146 2 1 -0.128 -1.715 8
147 1 1 -30.377 -59.79 9
148 2 1 -30.377 -59.79 9
149 2 1 -30.377 -59.79 9
150 1 1 -30.377 -59.79 9
151 2 1 -30.377 -59.79 9
152 4 1 -30.377 -59.79 9
153 1 1 -30.377 -59.79 9
154 1 1 -30.377 -59.79 9
155 2 1 -30.377 -59.79 9
156 2 1 -30.377 -59.79 9
157 1 1 -30.377 -59.79 9
158 1 1 -30.377 -59.79 9
159 1 1 -30.377 -59.79 9
160 2 1 28.601 -75.531 10
161 1 1 28.601 -75.531 10
162 2 1 28.601 -75.531 10
163 1 1 28.601 -75.531 10
164 1 1 28.601 -75.531 10
165 2 1 28.601 -75.531 10
166 2 1 28.601 -75.531 10
167 1 1 28.601 -75.531 10
168 1 1 28.601 -75.531 10
169 2 1 28.601 -75.531 10
170 1 1 28.601 -75.531 10
171 2 1 28.601 -75.531 10
172 2 1 -22.821 -97.266 11
173 2 1 -22.821 -97.266 11
174 2 1 -22.821 -97.266 11
175 1 1 -22.821 -97.266 11
176 2 1 -21.674 -26.318 12
177 2 1 -21.674 -26.318 12
178 2 1 -21.674 -26.318 12
179 4 1 -21.674 -26.318 12
180 1 1 -21.674 -26.318 12
181 1 1 -21.674 -26.318 12
182 4 1 -21.674 -26.318 12
183 4 1 -21.674 -26.318 12
184 2 1 -21.674 -26.318 12
185 1 1 -21.674 -26.318 12
186 1 1 -21.674 -26.318 12
187 1 1 -21.674 -26.318 12
188 1 1 -21.674 -26.318 12
189 1 1 -21.674 -26.318 12
190 1 1 -21.674 -26.318 12
191 2 1 -21.674 -26.318 12
192 4 1 -21.674 -26.318 12
193 1 1 -21.674 -26.318 12
194 1 1 -21.674 -26.318 12
195 1 1 -21.674 -26.318 12
196 2 1 -21.674 -26.318 12
197 2 1 -21.674 -26.318 12
198 1 1 -21.674 -26.318 12
199 1 1 36.218 22.614 13
200 2 1 35.925 36.414 14
201 2 1 35.925 36.414 14
202 2 1 35.925 36.414 14
203 1 1 35.925 36.414 14
204 1 1 35.925 36.414 14
205 1 1 35.925 36.414 14
206 2 1 35.925 36.414 14
207 1 1 35.925 36.414 14
208 4 1 35.925 36.414 14
209 1 1 35.925 36.414 14
210 2 1 35.925 36.414 14
211 4 1 35.925 36.414 14
212 2 1 35.925 36.414 14
213 1 1 35.925 36.414 14
214 1 1 35.925 36.414 14
215 1 1 35.925 36.414 14
216 2 1 35.925 36.414 14
217 1 1 35.925 36.414 14
218 4 1 35.925 36.414 14
219 1 1 35.925 36.414 14
220 1 1 28.461 33.759 15
221 2 1 28.461 33.759 15
222 1 1 28.461 33.759 15
223 2 1 28.461 33.759 15
224 1 1 28.461 33.759 15
225 2 1 28.461 33.759 15
226 1 1 28.461 33.759 15
227 2 1 28.461 33.759 15
228 2 1 -16.321 15.118 16
229 2 1 -16.321 15.118 16
230 1 1 -16.321 15.118 16
231 1 1 -16.321 15.118 16
232 2 1 -16.321 15.118 16
233 1 1 -16.321 15.118 16
234 4 1 -16.321 15.118 16
235 2 1 -16.321 15.118 16
236 4 1 -16.321 15.118 16
237 2 1 -16.321 15.118 16
238 2 1 -16.321 15.118 16
239 4 1 -16.321 15.118 16
240 2 1 -16.321 15.118 16
241 2 1 -16.321 15.118 16
242 1 1 -16.321 15.118 16
243 2 1 -16.321 15.118 16
244 2 1 70.184 20.117 17
245 1 1 70.184 20.117 17
246 1 1 70.184 20.117 17
247 1 1 70.184 20.117 17
248 1 1 70.184 20.117 17
249 2 1 70.184 20.117 17
250 1 1 70.184 20.117 17
251 1 1 70.184 20.117 17
252 4 1 70.184 20.117 17
253 2 1 70.184 20.117 17
254 1 1 70.184 20.117 17
255 2 1 70.184 20.117 17
256 2 1 70.184 20.117 17
257 2 1 70.184 20.117 17
258 4 1 70.184 20.117 17
259 2 1 70.184 20.117 17
260 2 1 70.184 20.117 17
261 2 1 70.184 20.117 17
262 1 1 70.184 20.117 17
263 1 1 70.184 20.117 17
264 2 1 70.184 20.117 17
265 2 1 98.981 78.912 18
266 4 1 98.981 78.912 18
267 1 1 98.981 78.912 18
268 1 1 98.981 78.912 18
269 2 1 98.981 78.912 18
270 1 1 98.981 78.912 18
271 1 1 98.981 78.912 18
272 1 1 98.981 78.912 18
273 1 1 98.981 78.912 18
274 2 1 98.981 78.912 18
275 1 1 98.981 78.912 18
276 4 1 98.981 78.912 18
277 1 1 98.981 78.912 18
278 2 1 98.981 78.912 18
279 1 1 98.981 78.912 18
280 1 1 98.981 78.912 18
281 2 1 98.981 78.912 18
282 2 1 98.981 78.912 18
283 2 1 98.981 78.912 18
284 2 1 98.981 78.912 18
285 1 1 98.981 78.912 18
286 1 1 98.981 78.912 18
287 2 1 5.292 77.161 19
288 1 1 5.292 77.161 19
289 2 1 5.292 77.161 19
290 1 1 5.292 77.161 19
291 2 1 5.292 77.161 19
292 1 1 5.292 77.161 19
293 1 1 5.292 77.161 19
294 32 1 5.292 77.161 19
295 1 1 5.292 77.161 19
296 1 1 5.292 77.161 19
297 1 1 5.292 77.161 19
298 1 1 5.292 77.161 19
299 1 1 5.292 77.161 19
300 32 1 5.292 77.161 19
301 1 1 5.292 77.161 19
302 1 1 5.292 77.161 19
303 1 1 5.292 77.161 19
304 32 1 5.292 77.161 19
305 1 1 5.292 77.161 19
306 1 1 5.292 77.161 19
307 1 1 5.292 77.161 19
308 1 1 5.292 77.161 19
309 1 1 5.292 77.161 19
310 1 1 5.292 77.161 19
311 1 1 14.929 22.43 20
312 1 1 14.929 22.43 20
313 1 1 14.929 22.43 20
314 2 1 28.424 91.449 21
315 1 1 28.424 91.449 21
316 1 1 28.424 91.449 21
317 1 1 28.424 91.449 21
318 2 1 28.424 91.449 21
319 1 1 28.424 91.449 21
320 1 1 28.424 91.449 21
321 1 1 28.424 91.449 21
322 1 1 28.424 91.449 21
323 4 1 28.424 91.449 21
324 1 1 28.424 91.449 21
325 1 1 28.424 91.449 21
326 1 1 24.976 -16.644 22
327 1 1 24.976 -16.644 22
328 2 1 24.976 -16.644 22
329 1 1 24.976 -16.644 22
330 1 1 24.976 -16.644 22
331 4 1 24.976 -16.644 22
332 1 1 24.976 -16.644 22
333 1 1 24.976 -16.644 22
334 1 1 24.976 -16.644 22
335 1 1 24.976 -16.644 22
336 4 1 24.976 -16.644 22
337 1 1 24.976 -16.644 22
338 2 1 24.976 -16.644 22
339 1 1 24.976 -16.644 22
340 1 1 24.976 -16.644 22
341 4 1 24.976 -16.644 22
342 1 1 24.976 -16.644 22
343 1 1 24.976 -16.644 22
344 1 1 24.976 -16.644 22
345 1 1 24.976 -16.644 22
346 1 1 24.976 -16.644 22
347 1 1 24.976 -16.644 22
348 1 1 24.976 -16.644 22
349 1 1 24.976 -16.644 22
350 1 1 24.976 -16.644 22
351 1 1 -22.064 42.871 23
352 1 1 -22.064 42.871 23
353 2 1 -22.064 42.871 23
354 32 1 -22.064 42.871 23
355 1 1 -22.064 42.871 23
356 1 1 -22.064 42.871 23
357 1 1 -22.064 42.871 23
358 1 1 -22.064 42.871 23
359 1 1 -22.064 42.871 23
360 1 1 -22.064 42.871 23
361 1 1 -22.064 42.871 23
362 1 1 -22.064 42.871 23
363 32 1 -22.064 42.871 23
364 1 1 -22.064 42.871 23
365 1 1 -22.064 42.871 23
366 1 1 -22.064 42.871 23
367 32 1 -22.064 42.871 23
368 1 1 -22.064 42.871 23
369 1 1 -22.064 42.871 23
370 4 1 -6.0 23.596 24
371 2 1 -6.0 23.596 24
372 2 1 -6.0 23.596 24
373 2 1 -6.0 23.596 24
374 2 1 -6.0 23.596 24
375 2 1 -6.0 23.596 24
376 4 1 -6.0 23.596 24
377 2 1 -6.0 23.596 24
378 2 1 -6.0 23.596 24
379 2 1 -6.0 23.596 24
380 2 1 -6.0 23.596 24
381 2 1 -6.0 23.596 24
382 8 1 -6.0 23.596 24
383 8 1 -6.0 23.596 24
384 2 1 -6.0 23.596 24
385 2 1 -6.0 23.596 24
386 1 1 -59.503 -95.001 25
387 1 1 -59.503 -95.001 25
388 1 1 -59.503 -95.001 25
389 1 1 -59.503 -95.001 25
390 1 1 -59.503 -95.001 25
391 1 1 -59.503 -95.001 25
392 1 1 -59.503 -95.001 25
393 1 1 -59.503 -95.001 25
394 1 1 -59.503 -95.001 25
395 1 1 -59.503 -95.001 25
396 1 1 -59.503 -95.001 25
397 1 1 -59.503 -95.001 25
398 2 1 -59.503 -95.001 25
399 1 1 -59.503 -95.001 25
400 1 1 -59.503 -95.001 25
401 1 1 -0.098 5.927 26
402 1 1 -0.098 5.927 26
403 1 1 -0.098 5.927 26
404 1 1 -0.098 5.927 26
405 2 1 -0.098 5.927 26
406 1 1 -0.098 5.927 26
407 1 1 -0.098 5.927 26
408 1 1 -0.098 5.927 26
409 1 1 -0.098 5.927 26
410 1 1 -0.098 5.927 26
411 1 1 -0.098 5.927 26
412 1 1 -0.098 5.927 26
413 32 1 -0.098 5.927 26
414 1 1 -0.098 5.927 26
415 2 1 -12.567 28.424 27
416 2 1 -12.567 28.424 27
417 2 1 -12.567 28.424 27
418 2 1 -29.669 -61.774 28
419 2 1 -29.669 -61.774 28
420 2 1 -29.669 -61.774 28
421 2 1 -29.669 -61.774 28
422 2 1 -29.669 -61.774 28
423 2 1 -29.669 -61.774 28
424 2 1 -29.669 -61.774 28
425 8 1 -29.669 -61.774 28
426 4 1 -29.669 -61.774 28
427 2 1 -29.669 -61.774 28
428 2 1 -29.669 -61.774 28
429 2 1 -29.669 -61.774 28
430 4 1 -29.669 -61.774 28
431 2 1 -29.669 -61.774 28
432 4 1 -29.669 -61.774 28
433 2 1 -29.669 -61.774 28
434 2 1 -29.669 -61.774 28
435 2 1 -29.669 -61.774 28
436 4 1 -29.669 -61.774 28
437 2 1 -29.669 -61.774 28
438 2 1 -29.669 -61.774 28
439 2 1 -29.669 -61.774 28
440 2 1 -29.669 -61.774 28
441 2 1 -29.669 -61.774 28
442 8 1 -29.669 -61.774 28
443 4 1 -16.107 -1.599 29
444 8 1 -16.107 -1.599 29
445 4 1 -16.107 -1.599 29
446 8 1 -16.107 -1.599 29
447 4 1 -16.107 -1.599 29
448 8 1 -16.107 -1.599 29
449 4 1 -16.107 -1.599 29
450 4 1 -16.107 -1.599 29
451 4 1 -16.107 -1.599 29
452 4 1 -16.107 -1.599 29
453 4 1 -16.107 -1.599 29
454 2 1 30.157 -9.851 30
455 2 1 30.157 -9.851 30
456 2 1 30.157 -9.851 30
457 2 1 30.157 -9.851 30
458 2 1 30.157 -9.851 30
459 2 1 -10.651 44.464 31
460 2 1 -10.651 44.464 31
461 1 1 -10.651 44.464 31
462 1 1 -10.651 44.464 31
463 2 1 -10.651 44.464 31
464 1 1 -10.651 44.464 31
465 4 1 -10.651 44.464 31
466 1 1 -10.651 44.464 31
467 1 1 -10.651 44.464 31
468 2 1 -10.651 44.464 31
469 1 1 -10.651 44.464 31
470 1 1 -10.651 44.464 31
471 1 1 -10.651 44.464 31
472 1 1 -10.651 44.464 31
473 1 1 70.361 64.264 32
474 1 1 70.361 64.264 32
475 1 1 70.361 64.264 32
476 1 1 70.361 64.264 32
477 2 1 70.361 64.264 32
478 1 1 70.361 64.264 32
479 1 1 70.361 64.264 32
480 32 1 70.361 64.264 32
481 1 1 70.361 64.264 32
482 1 1 70.361 64.264 32
483 1 1 70.361 64.264 32
484 1 1 70.361 64.264 32
485 1 1 70.361 64.264 32
486 1 1 70.361 64.264 32
487 1 1 70.361 64.264 32
488 1 1 70.361 64.264 32
489 1 1 70.361 64.264 32
490 1 1 70.361 64.264 32
491 2 1 70.361 64.264 32
492 1 1 70.361 64.264 32
493 2 1 70.361 64.264 32
494 4 1 -31.763 54.352 33
495 4 1 -31.763 54.352 33
496 4 1 -31.763 54.352 33
497 4 1 -31.763 54.352 33
498 4 1 -31.763 54.352 33
499 4 1 -31.763 54.352 33
500 4 1 -31.763 54.352 33
501 4 1 -31.763 54.352 33
502 4 1 -31.763 54.352 33
503 16 1 -31.763 54.352 33
504 4 1 -31.763 54.352 33
505 4 1 -31.763 54.352 33
506 4 1 -31.763 54.352 33
507 4 1 -31.763 54.352 33
508 4 1 -52.997 34.442 34
509 16 1 -52.997 34.442 34
510 16 1 -52.997 34.442 34
511 4 1 -52.997 34.442 34
512 4 1 -52.997 34.442 34
513 4 1 -52.997 34.442 34
514 4 1 -52.997 34.442 34
515 4 1 -52.997 34.442 34
516 4 1 -52.997 34.442 34
517 4 1 -52.997 34.442 34
518 4 1 -52.997 34.442 34
519 4 1 -52.997 34.442 34
520 4 1 -52.997 34.442 34
521 4 1 -52.997 34.442 34
522 4 1 -52.997 34.442 34
523 4 1 -52.997 34.442 34
524 4 1 -52.997 34.442 34
525 4 1 -52.997 34.442 34
526 4 1 -52.997 34.442 34
527 4 1 -52.997 34.442 34
528 4 1 -52.997 34.442 34
529 16 1 -52.997 34.442 34
530 16 1 -52.997 34.442 34
531 8 1 48.102 40.991 35
532 2 1 48.102 40.991 35
533 2 1 48.102 40.991 35
534 4 1 48.102 40.991 35
535 2 1 48.102 40.991 35
536 2 1 48.102 40.991 35
537 2 1 48.102 40.991 35
538 2 1 48.102 40.991 35
539 2 1 48.102 40.991 35
540 2 1 48.102 40.991 35
541 2 1 48.102 40.991 35
542 1 1 10.699 25.427 36
543 1 1 10.699 25.427 36
544 1 1 10.699 25.427 36
545 1 1 10.699 25.427 36
546 32 1 10.699 25.427 36
547 1 1 10.699 25.427 36
548 16 1 10.699 25.427 36
549 1 1 10.699 25.427 36
550 1 1 10.699 25.427 36
551 1 1 10.699 25.427 36
552 1 1 10.699 25.427 36
553 1 1 10.699 25.427 36
554 2 1 27.649 60.168 37
555 8 1 27.649 60.168 37
556 2 1 27.649 60.168 37
557 2 1 27.649 60.168 37
558 2 1 27.649 60.168 37
559 2 1 27.649 60.168 37
560 2 1 27.649 60.168 37
561 8 1 27.649 60.168 37
562 2 1 27.649 60.168 37
563 1 1 -31.171 -18.707 38
564 1 1 -31.171 -18.707 38
565 1 1 -31.171 -18.707 38
566 1 1 -31.171 -18.707 38
567 2 1 -31.171 -18.707 38
568 1 1 -31.171 -18.707 38
569 1 1 -31.171 -18.707 38
570 2 1 -31.171 -18.707 38
571 4 1 -31.171 -18.707 38
572 4 1 -31.171 -18.707 38
573 1 1 -31.171 -18.707 38
574 1 1 -31.171 -18.707 38
575 1 1 -31.171 -18.707 38
576 1 1 -31.171 -18.707 38
577 4 1 -31.171 -18.707 38
578 1 1 -31.171 -18.707 38
579 1 1 -31.171 -18.707 38
580 4 1 -31.171 -18.707 38
581 8 1 26.331 3.424 39
582 8 1 26.331 3.424 39
583 8 1 26.331 3.424 39
584 8 1 26.331 3.424 39
585 32 1 26.331 3.424 39
586 8 1 26.331 3.424 39
587 16 1 26.331 3.424 39
588 8 1 26.331 3.424 39
589 8 1 26.331 3.424 39
590 8 1 26.331 3.424 39
591 8 1 26.331 3.424 39
592 8 1 26.331 3.424 39
593 8 1 26.331 3.424 39
594 8 1 26.331 3.424 39
595 8 1 26.331 3.424 39
596 8 1 26.331 3.424 39
597 8 1 26.331 3.424 39
598 8 1 26.331 3.424 39
599 8 1 26.331 3.424 39
600 8 1 26.331 3.424 39
601 8 1 26.331 3.424 39
602 8 1 26.331 3.424 39
603 8 1 26.331 3.424 39
604 16 1 26.331 3.424 39
605 1 1 10.852 48.572 40
606 1 1 10.852 48.572 40
607 1 1 10.852 48.572 40
608 32 1 10.852 48.572 40
609 1 1 10.852 48.572 40
610 32 1 10.852 48.572 40
611 1 1 10.852 48.572 40
612 1 1 10.852 48.572 40
613 32 1 45.477 48.993 41
614 1 1 45.477 48.993 41
615 1 1 45.477 48.993 41
616 1 1 45.477 48.993 41
617 2 1 45.477 48.993 41
618 1 1 45.477 48.993 41
619 2 1 45.477 48.993 41
620 1 1 45.477 48.993 41
621 1 1 45.477 48.993 41
622 1 1 45.477 48.993 41
623 1 1 45.477 48.993 41
624 8 1 7.812 89.618 42
625 16 1 7.812 89.618 42
626 4 1 7.812 89.618 42
627 4 1 7.812 89.618 42
628 4 1 7.812 89.618 42
629 4 1 7.812 89.618 42
630 8 1 7.812 89.618 42
631 4 1 7.812 89.618 42
632 4 1 7.812 89.618 42
633 16 1 7.812 89.618 42
634 4 1 7.812 89.618 42
635 2 1 4.755 36.731 43
636 2 1 4.755 36.731 43
637 2 1 4.755 36.731 43
638 4 1 4.755 36.731 43
639 2 1 4.755 36.731 43
640 8 1 4.755 36.731 43
641 1 1 49.53 43.127 44
642 1 1 49.53 43.127 44
643 1 1 49.53 43.127 44
644 32 1 49.53 43.127 44
645 2 1 49.53 43.127 44
646 1 1 49.53 43.127 44
647 2 1 49.53 43.127 44
648 1 1 49.53 43.127 44
649 1 1 49.53 43.127 44
650 32 1 49.53 43.127 44
651 1 1 49.53 43.127 44
652 1 1 49.53 43.127 44
653 1 1 49.53 43.127 44
654 1 1 49.53 43.127 44
655 1 1 49.53 43.127 44
656 1 1 49.53 43.127 44
657 1 1 49.53 43.127 44
658 1 1 49.53 43.127 44
659 1 1 -1.611 -43.243 45
660 32 1 -1.611 -43.243 45
661 1 1 -1.611 -43.243 45
662 1 1 -1.611 -43.243 45
663 1 1 -1.611 -43.243 45
664 1 1 -1.611 -43.243 45
665 1 1 -1.611 -43.243 45
666 1 1 -1.611 -43.243 45
667 1 1 -1.611 -43.243 45
668 1 1 -1.611 -43.243 45
669 1 1 -1.611 -43.243 45
670 32 1 -1.611 -43.243 45
671 2 1 -1.611 -43.243 45
672 1 1 -1.611 -43.243 45
673 2 1 -30.798 48.755 46
674 4 1 -30.798 48.755 46
675 2 1 -30.798 48.755 46
676 2 1 -30.798 48.755 46
677 2 1 -30.798 48.755 46
678 2 1 -30.798 48.755 46
679 2 1 -30.798 48.755 46
680 2 1 -30.798 48.755 46
681 2 1 -30.798 48.755 46
682 8 1 -30.798 48.755 46
683 2 1 -30.798 48.755 46
684 2 1 -30.798 48.755 46
685 2 1 -30.798 48.755 46
686 2 1 -30.798 48.755 46
687 2 1 -30.798 48.755 46
688 2 1 -30.798 48.755 46
689 2 1 -30.798 48.755 46
690 2 1 -30.798 48.755 46
691 2 1 -30.798 48.755 46
692 2 1 -30.798 48.755 46
693 2 1 -30.798 48.755 46
694 4 1 -30.798 48.755 46
695 2 1 -30.798 48.755 46
696 1 1 -22.205 -10.803 47
697 1 1 -22.205 -10.803 47
698 1 1 -22.205 -10.803 47
699 1 1 -22.205 -10.803 47
700 1 1 -22.205 -10.803 47
701 2 1 -22.205 -10.803 47
702 4 1 -22.205 -10.803 47
703 1 1 -22.205 -10.803 47
704 1 1 -22.205 -10.803 47
705 1 1 -22.205 -10.803 47
706 1 1 -22.205 -10.803 47
707 1 1 -22.205 -10.803 47
708 1 1 -22.205 -10.803 47
709 1 1 -22.205 -10.803 47
710 1 1 -15.387 -0.073 48
711 1 1 -15.387 -0.073 48
712 1 1 -15.387 -0.073 48
713 1 1 -15.387 -0.073 48
714 1 1 -15.387 -0.073 48
715 1 1 -15.387 -0.073 48
716 1 1 -15.387 -0.073 48
717 32 1 -15.387 -0.073 48
718 16 1 -15.387 -0.073 48
719 1 1 -15.387 -0.073 48
720 1 1 -15.387 -0.073 48
721 32 1 -15.387 -0.073 48
722 1 1 -15.387 -0.073 48
723 1 1 -15.387 -0.073 48
724 1 1 23.804 -4.565 49
725 2 1 23.804 -4.565 49
726 2 1 23.804 -4.565 49
727 1 1 23.804 -4.565 49
728 1 1 23.804 -4.565 49
729 2 1 23.804 -4.565 49
730 1 1 23.804 -4.565 49
731 1 1 23.804 -4.565 49
732 1 1 23.804 -4.565 49
733 8 1 -9.052 -2.185 50
734 8 1 -9.052 -2.185 50
735 2 1 -9.229 -11.23 51
736 8 1 -9.229 -11.23 51
737 2 1 -9.229 -11.23 51
738 2 1 -9.229 -11.23 51
739 2 1 -9.229 -11.23 51
740 2 1 -9.229 -11.23 51
741 2 1 -9.229 -11.23 51
742 2 1 -9.229 -11.23 51
743 2 1 -9.229 -11.23 51
744 2 1 -9.229 -11.23 51
745 8 1 -9.229 -11.23 51
746 2 1 -9.229 -11.23 51
747 2 1 -9.229 -11.23 51
748 2 1 -9.229 -11.23 51
749 2 1 -9.229 -11.23 51
750 2 1 -9.229 -11.23 51
751 8 1 -9.229 -11.23 51
752 2 1 -9.229 -11.23 51
753 2 1 -9.229 -11.23 51
754 2 1 -9.229 -11.23 51
755 1 1 -4.523 79.553 52
756 1 1 -4.523 79.553 52
757 1 1 -4.523 79.553 52
758 1 1 -4.523 79.553 52
759 32 1 33.386 68.726 53
760 1 1 33.386 68.726 53
761 1 1 33.386 68.726 53
762 1 1 33.386 68.726 53
763 2 1 33.386 68.726 53
764 1 1 33.386 68.726 53
765 1 1 33.386 68.726 53
766 1 1 33.386 68.726 53
767 1 1 33.386 68.726 53
768 1 1 33.386 68.726 53
769 1 1 33.386 68.726 53
770 1 1 33.386 68.726 53
771 1 1 33.386 68.726 53
772 1 1 33.386 68.726 53
773 1 1 33.386 68.726 53
774 1 1 33.386 68.726 53
775 1 1 33.386 68.726 53
776 1 1 33.386 68.726 53
777 1 1 13.055 -71.808 54
778 1 1 13.055 -71.808 54
779 1 1 13.055 -71.808 54
780 1 1 13.055 -71.808 54
781 32 1 13.055 -71.808 54
782 2 1 13.055 -71.808 54
783 1 1 13.055 -71.808 54
784 1 1 13.055 -71.808 54
785 1 1 13.055 -71.808 54
786 1 1 13.055 -71.808 54
787 1 1 13.055 -71.808 54
788 2 1 13.055 -71.808 54
789 1 1 13.055 -71.808 54
790 1 1 13.055 -71.808 54
791 1 1 13.055 -71.808 54
792 1 1 13.055 -71.808 54
793 1 1 13.055 -71.808 54
794 1 1 13.055 -71.808 54
795 1 1 13.055 -71.808 54
796 1 1 13.055 -71.808 54
797 1 1 13.055 -71.808 54
798 2 1 13.055 -71.808 54
799 1 1 13.055 -71.808 54
800 1 1 13.055 -71.808 54
801 1 1 13.055 -71.808 54
802 1 1 55.072 14.172 55
803 1 1 55.072 14.172 55
804 1 1 55.072 14.172 55
805 1 1 55.072 14.172 55
806 1 1 55.072 14.172 55
807 1 1 55.072 14.172 55
808 1 1 55.072 14.172 55
809 1 1 55.072 14.172 55
810 1 1 55.072 14.172 55
811 1 1 55.072 14.172 55
812 1 1 55.072 14.172 55
813 1 1 55.072 14.172 55
814 1 1 55.072 14.172 55
815 1 1 55.072 14.172 55
816 1 1 55.072 14.172 55
817 1 1 55.072 14.172 55
818 1 1 55.072 14.172 55
819 1 1 55.072 14.172 55
820 1 1 55.072 14.172 55
821 1 1 55.072 14.172 55
822 1 1 55.072 14.172 55
823 1 1 55.072 14.172 55
824 1 1 55.072 14.172 55
825 1 1 8.051 -31.848 56
826 1 1 8.051 -31.848 56
827 1 1 8.051 -31.848 56
828 1 1 8.051 -31.848 56
829 1 1 8.051 -31.848 56
830 1 1 8.051 -31.848 56
831 1 1 8.051 -31.848 56
832 1 1 8.051 -31.848 56
833 1 1 8.051 -31.848 56
834 1 1 8.051 -31.848 56
835 1 1 8.051 -31.848 56
836 1 1 8.051 -31.848 56
837 1 1 8.051 -31.848 56
838 1 1 8.051 -31.848 56
839 1 1 8.051 -31.848 56
840 1 1 8.051 -31.848 56
841 1 1 8.051 -31.848 56
842 1 1 8.051 -31.848 56
843 1 1 8.051 -31.848 56
844 1 1 8.051 -31.848 56
845 1 1 8.051 -31.848 56
846 1 1 -36.218 77.502 57
847 1 1 -36.218 77.502 57
848 1 1 -36.218 77.502 57
849 1 1 -36.218 77.502 57
850 1 1 -36.218 77.502 57
851 1 1 -36.218 77.502 57
852 1 1 -36.218 77.502 57
853 1 1 -36.218 77.502 57
854 1 1 -36.218 77.502 57
855 1 1 -36.218 77.502 57
856 1 1 -36.218 77.502 57
857 16 1 -22.943 -22.229 58
858 16 1 -22.943 -22.229 58
859 16 1 -22.943 -22.229 58
860 16 1 -22.943 -22.229 58
861 16 1 -22.943 -22.229 58
862 16 1 -22.943 -22.229 58
863 4 1 60.999 24.274 59
864 4 1 60.999 24.274 59
865 4 1 60.999 24.274 59
866 4 1 60.999 24.274 59
867 4 1 60.999 24.274 59
868 4 1 60.999 24.274 59
869 4 1 60.999 24.274 59
870 4 1 60.999 24.274 59
871 4 1 60.999 24.274 59
872 4 1 60.999 24.274 59
873 4 1 60.999 24.274 59
874 4 1 60.999 24.274 59
875 4 1 60.999 24.274 59
876 4 1 60.999 24.274 59
877 4 1 60.999 24.274 59
878 4 1 60.999 24.274 59
879 4 1 60.999 24.274 59
880 4 1 60.999 24.274 59
881 4 1 60.999 24.274 59
882 4 1 60.999 24.274 59
883 32 1 29.919 70.844 60
884 32 1 29.919 70.844 60
885 32 1 29.919 70.844 60
886 32 1 29.919 70.844 60
887 32 1 29.919 70.844 60
888 32 1 29.919 70.844 60
889 32 1 29.919 70.844 60
890 32 1 29.919 70.844 60
891 32 1 29.919 70.844 60
892 32 1 29.919 70.844 60
893 32 1 29.919 70.844 60
894 32 1 29.919 70.844 60
895 32 1 29.919 70.844 60
896 32 1 29.919 70.844 60
897 32 1 29.919 70.844 60
898 32 1 29.919 70.844 60
899 32 1 29.919 70.844 60
900 32 1 29.919 70.844 60
901 32 1 29.919 70.844 60
902 32 1 29.919 70.844 60
903 32 1 29.919 70.844 60
904 32 1 29.919 70.844 60
905 32 1 29.919 70.844 60
906 32 1 29.919 70.844 60
907 32 1 29.919 70.844 60
908 8 1 0.092 48.114 61
909 8 1 0.092 48.114 61
910 8 1 0.092 48.114 61
911 8 1 0.092 48.114 61
912 8 1 0.092 48.114 61
913 8 1 0.092 48.114 61
914 1 1 -15.686 16.754 62
915 1 1 -15.686 16.754 62
916 1 1 -15.686 16.754 62
917 1 1 -15.686 16.754 62
918 1 1 -15.686 16.754 62
919 1 1 -15.686 16.754 62
920 1 1 -15.686 16.754 62
921 1 1 -15.686 16.754 62
922 8 1 -8.203 10.297 63
923 8 1 -8.203 10.297 63
924 8 1 -8.203 10.297 63
925 8 1 -8.203 10.297 63
926 8 1 -8.203 10.297 63
927 8 1 -8.203 10.297 63
928 8 1 -8.203 10.297 63
929 8 1 -8.203 10.297 63
930 8 1 -8.203 10.297 63
931 8 1 -8.203 10.297 63
932 8 1 -8.203 10.297 63
933 8 1 -8.203 10.297 63
934 8 1 -8.203 10.297 63
935 8 1 -8.203 10.297 63
936 8 1 -8.203 10.297 63
937 8 1 -8.203 10.297 63
938 8 1 -8.203 10.297 63
939 8 1 -8.203 10.297 63
940 8 1 -8.203 10.297 63
941 8 1 -8.203 10.297 63
942 8 1 -8.203 10.297 63
943 8 1 -8.203 10.297 63
944 8 1 -8.203 10.297 63
945 2 1 -1.086 46.759 64
946 2 1 -1.086 46.759 64
947 2 1 -1.086 46.759 64
948 2 1 -1.086 46.759 64
949 2 1 -4.163 56.055 65
950 2 1 -4.163 56.055 65
951 2 1 -4.163 56.055 65
952 2 1 -4.163 56.055 65
953 2 1 -4.163 56.055 65
954 2 1 -4.163 56.055 65
955 2 1 -4.163 56.055 65
956 2 1 -4.163 56.055 65
957 2 1 -4.163 56.055 65
958 2 1 -4.163 56.055 65
959 2 1 -4.163 56.055 65
960 2 1 -4.163 56.055 65
961 2 1 -4.163 56.055 65
962 2 1 -4.163 56.055 65
963 2 1 -4.163 56.055 65
964 2 1 -4.163 56.055 65
965 2 1 -4.163 56.055 65
966 2 1 -4.163 56.055 65
967 2 1 -4.163 56.055 65
968 2 1 -4.163 56.055 65
969 2 1 -4.163 56.055 65
970 2 1 -4.163 56.055 65
971 16 1 -4.559 74.152 66
972 16 1 -4.559 74.152 66
973 16 1 -4.559 74.152 66
974 16 1 -4.559 74.152 66
975 16 1 -4.559 74.152 66
976 16 1 -4.559 74.152 66
977 16 1 -4.559 74.152 66
978 16 1 -4.559 74.152 66
979 16 1 -4.559 74.152 66
980 16 1 -4.559 74.152 66
981 16 1 -4.559 74.152 66
982 16 1 -4.559 74.152 66
983 8 1 -4.657 19.086 67
984 8 1 -4.657 19.086 67
985 8 1 -4.657 19.086 67
986 8 1 -4.657 19.086 67
987 8 1 -4.657 19.086 67
988 8 1 -4.657 19.086 67
989 8 1 -4.657 19.086 67
990 8 1 -4.657 19.086 67
991 8 1 -4.657 19.086 67
992 8 1 -4.657 19.086 67
993 8 1 -4.657 19.086 67
994 8 1 -4.657 19.086 67
995 8 1 -4.657 19.086 67
996 8 1 -4.657 19.086 67
997 8 1 -4.657 19.086 67
998 8 1 -4.657 19.086 67
999 4 1 -16.028 12.732 68
1000 4 1 -16.028 12.732 68
1001 1 1 21.46 6.976 69
1002 1 1 21.46 6.976 69
1003 1 1 21.46 6.976 69
1004 1 1 21.46 6.976 69
1005 1 1 21.46 6.976 69
1006 1 1 21.46 6.976 69
1007 1 1 21.46 6.976 69
1008 1 1 21.46 6.976 69
1009 1 1 21.46 6.976 69
1010 1 1 21.46 6.976 69
1011 1 1 21.46 6.976 69
1012 1 1 21.46 6.976 69
1013 1 1 21.46 6.976 69
1014 1 1 21.46 6.976 69
1015 1 1 21.46 6.976 69
1016 8 1 -23.682 6.573 70
1017 8 1 -23.682 6.573 70
1018 8 1 -23.682 6.573 70
1019 8 1 -23.682 6.573 70
1020 8 1 -23.682 6.573 70
1021 8 1 -23.682 6.573 70
1022 8 1 -23.682 6.573 70
1023 8 1 -23.682 6.573 70
1024 8 1 -23.682 6.573 70
1025 8 1 -23.682 6.573 70
1026 8 1 -23.682 6.573 70
1027 8 1 -23.682 6.573 70
1028 8 1 -23.682 6.573 70
1029 8 1 -23.682 6.573 70
1030 8 1 -23.682 6.573 70
1031 8 1 -23.682 6.573 70
1032 8 1 -23.682 6.573 70
1033 8 1 -23.682 6.573 70
1034 8 1 -23.682 6.573 70
1035 8 1 -23.682 6.573 70
1036 8 1 -23.682 6.573 70
1037 8 1 -23.682 6.573 70
1038 2 1 -16.266 3.18 71
1039 2 1 -16.266 3.18 71
1040 2 1 -16.266 3.18 71
1041 2 1 -16.266 3.18 71
1042 2 1 -16.266 3.18 71
1043 2 1 -16.266 3.18 71
1044 2 1 -16.266 3.18 71
1045 2 1 -16.266 3.18 71
1046 2 1 -16.266 3.18 71
1047 2 1 -16.266 3.18 71
1048 2 1 -16.266 3.18 71
1049 2 1 -16.266 3.18 71
1050 2 1 -16.266 3.18 71
1051 2 1 -16.266 3.18 71
1052 2 1 -16.266 3.18 71
1053 2 1 -16.266 3.18 71
1054 2 1 -16.266 3.18 71
1055 2 1 -16.266 3.18 71
1056 2 1 -16.266 3.18 71
1057 2 1 -16.266 3.18 71
