1
0 4.115 10.762 1057.0 6359.05224609375 32
12201 1 19.0 102.1419448852539 20 500 21
0 0 4.115 10.762 D
820 1 55.072 14.172 1
819 1 55.072 14.172 1
818 1 55.072 14.172 1
817 1 55.072 14.172 1
816 1 55.072 14.172 1
815 1 55.072 14.172 1
814 1 55.072 14.172 1
813 1 55.072 14.172 1
812 1 55.072 14.172 1
811 1 55.072 14.172 1
810 1 55.072 14.172 1
809 1 55.072 14.172 1
808 1 55.072 14.172 1
807 1 55.072 14.172 1
806 1 55.072 14.172 1
805 1 55.072 14.172 1
804 1 55.072 14.172 1
803 1 55.072 14.172 1
802 1 55.072 14.172 1
-1 0 4.115 10.762 D
12202 1 39.0 191.44346618652344 40 500 41
0 0 4.115 10.762 D
199 1 36.218 22.614 1
654 1 49.53 43.127 1
653 1 49.53 43.127 1
652 1 49.53 43.127 1
651 1 49.53 43.127 1
649 1 49.53 43.127 1
648 1 49.53 43.127 1
646 1 49.53 43.127 1
643 1 49.53 43.127 1
642 1 49.53 43.127 1
641 1 49.53 43.127 1
2 1 77.344 53.87 1
1 1 77.344 53.87 1
263 1 70.184 20.117 1
262 1 70.184 20.117 1
254 1 70.184 20.117 1
251 1 70.184 20.117 1
250 1 70.184 20.117 1
248 1 70.184 20.117 1
247 1 70.184 20.117 1
246 1 70.184 20.117 1
245 1 70.184 20.117 1
824 1 55.072 14.172 1
823 1 55.072 14.172 1
822 1 55.072 14.172 1
821 1 55.072 14.172 1
60 1 33.258 18.079 1
58 1 33.258 18.079 1
57 1 33.258 18.079 1
55 1 33.258 18.079 1
52 1 33.258 18.079 1
51 1 33.258 18.079 1
50 1 33.258 18.079 1
46 1 33.258 18.079 1
44 1 33.258 18.079 1
42 1 33.258 18.079 1
41 1 33.258 18.079 1
40 1 33.258 18.079 1
38 1 33.258 18.079 1
-1 0 4.115 10.762 D
12203 1 59.0 256.443603515625 60 500 61
0 0 4.115 10.762 D
313 1 14.929 22.43 1
312 1 14.929 22.43 1
311 1 14.929 22.43 1
226 1 28.461 33.759 1
224 1 28.461 33.759 1
222 1 28.461 33.759 1
220 1 28.461 33.759 1
219 1 35.925 36.414 1
217 1 35.925 36.414 1
215 1 35.925 36.414 1
214 1 35.925 36.414 1
213 1 35.925 36.414 1
209 1 35.925 36.414 1
207 1 35.925 36.414 1
205 1 35.925 36.414 1
204 1 35.925 36.414 1
203 1 35.925 36.414 1
658 1 49.53 43.127 1
657 1 49.53 43.127 1
656 1 49.53 43.127 1
655 1 49.53 43.127 1
623 1 45.477 48.993 1
622 1 45.477 48.993 1
621 1 45.477 48.993 1
620 1 45.477 48.993 1
618 1 45.477 48.993 1
616 1 45.477 48.993 1
615 1 45.477 48.993 1
614 1 45.477 48.993 1
492 1 70.361 64.264 1
490 1 70.361 64.264 1
489 1 70.361 64.264 1
488 1 70.361 64.264 1
487 1 70.361 64.264 1
486 1 70.361 64.264 1
485 1 70.361 64.264 1
484 1 70.361 64.264 1
483 1 70.361 64.264 1
482 1 70.361 64.264 1
481 1 70.361 64.264 1
479 1 70.361 64.264 1
478 1 70.361 64.264 1
476 1 70.361 64.264 1
475 1 70.361 64.264 1
474 1 70.361 64.264 1
473 1 70.361 64.264 1
286 1 98.981 78.912 1
285 1 98.981 78.912 1
280 1 98.981 78.912 1
279 1 98.981 78.912 1
277 1 98.981 78.912 1
275 1 98.981 78.912 1
273 1 98.981 78.912 1
272 1 98.981 78.912 1
271 1 98.981 78.912 1
270 1 98.981 78.912 1
268 1 98.981 78.912 1
267 1 98.981 78.912 1
760 1 33.386 68.726 1
-1 0 4.115 10.762 D
12204 2 39.0 249.9814453125 40 500 41
0 0 4.115 10.762 D
59 1 33.258 18.079 2
49 1 33.258 18.079 2
48 1 33.258 18.079 2
47 1 33.258 18.079 2
45 1 33.258 18.079 2
39 1 33.258 18.079 2
264 1 70.184 20.117 2
261 1 70.184 20.117 2
260 1 70.184 20.117 2
259 1 70.184 20.117 2
257 1 70.184 20.117 2
256 1 70.184 20.117 2
255 1 70.184 20.117 2
253 1 70.184 20.117 2
249 1 70.184 20.117 2
244 1 70.184 20.117 2
284 1 98.981 78.912 2
283 1 98.981 78.912 2
282 1 98.981 78.912 2
281 1 98.981 78.912 2
278 1 98.981 78.912 2
274 1 98.981 78.912 2
269 1 98.981 78.912 2
265 1 98.981 78.912 2
647 1 49.53 43.127 2
645 1 49.53 43.127 2
541 1 48.102 40.991 2
540 1 48.102 40.991 2
539 1 48.102 40.991 2
538 1 48.102 40.991 2
537 1 48.102 40.991 2
536 1 48.102 40.991 2
535 1 48.102 40.991 2
533 1 48.102 40.991 2
532 1 48.102 40.991 2
206 1 35.925 36.414 2
202 1 35.925 36.414 2
201 1 35.925 36.414 2
200 1 35.925 36.414 2
-1 0 4.115 10.762 D
12205 2 79.0 270.19024658203125 80 500 81
0 0 4.115 10.762 D
227 1 28.461 33.759 2
225 1 28.461 33.759 2
223 1 28.461 33.759 2
221 1 28.461 33.759 2
216 1 35.925 36.414 2
212 1 35.925 36.414 2
210 1 35.925 36.414 2
619 1 45.477 48.993 2
617 1 45.477 48.993 2
493 1 70.361 64.264 2
491 1 70.361 64.264 2
477 1 70.361 64.264 2
562 1 27.649 60.168 2
560 1 27.649 60.168 2
559 1 27.649 60.168 2
558 1 27.649 60.168 2
557 1 27.649 60.168 2
556 1 27.649 60.168 2
554 1 27.649 60.168 2
27 1 26.141 63.538 2
25 1 26.141 63.538 2
22 1 26.141 63.538 2
21 1 26.141 63.538 2
20 1 26.141 63.538 2
18 1 26.141 63.538 2
17 1 26.141 63.538 2
13 1 26.141 63.538 2
12 1 26.141 63.538 2
10 1 26.141 63.538 2
9 1 26.141 63.538 2
6 1 26.141 63.538 2
4 1 26.141 63.538 2
3 1 26.141 63.538 2
763 1 33.386 68.726 2
318 1 28.424 91.449 2
314 1 28.424 91.449 2
291 1 5.292 77.161 2
289 1 5.292 77.161 2
287 1 5.292 77.161 2
967 1 -4.163 56.055 2
966 1 -4.163 56.055 2
965 1 -4.163 56.055 2
964 1 -4.163 56.055 2
963 1 -4.163 56.055 2
962 1 -4.163 56.055 2
961 1 -4.163 56.055 2
960 1 -4.163 56.055 2
959 1 -4.163 56.055 2
958 1 -4.163 56.055 2
957 1 -4.163 56.055 2
956 1 -4.163 56.055 2
955 1 -4.163 56.055 2
954 1 -4.163 56.055 2
953 1 -4.163 56.055 2
952 1 -4.163 56.055 2
951 1 -4.163 56.055 2
950 1 -4.163 56.055 2
949 1 -4.163 56.055 2
948 1 -1.086 46.759 2
947 1 -1.086 46.759 2
946 1 -1.086 46.759 2
945 1 -1.086 46.759 2
100 1 8.447 43.396 2
99 1 8.447 43.396 2
96 1 8.447 43.396 2
94 1 8.447 43.396 2
89 1 8.447 43.396 2
88 1 8.447 43.396 2
85 1 8.447 43.396 2
123 1 8.826 39.532 2
122 1 8.826 39.532 2
120 1 8.826 39.532 2
119 1 8.826 39.532 2
116 1 8.826 39.532 2
102 1 8.826 39.532 2
639 1 4.755 36.731 2
637 1 4.755 36.731 2
636 1 4.755 36.731 2
635 1 4.755 36.731 2
-1 0 4.115 10.762 D
12206 2 98.0 207.6385498046875 120 500 100
0 0 4.115 10.762 D
754 1 -9.229 -11.23 2
753 1 -9.229 -11.23 2
752 1 -9.229 -11.23 2
750 1 -9.229 -11.23 2
749 1 -9.229 -11.23 2
748 1 -9.229 -11.23 2
747 1 -9.229 -11.23 2
746 1 -9.229 -11.23 2
744 1 -9.229 -11.23 2
743 1 -9.229 -11.23 2
742 1 -9.229 -11.23 2
741 1 -9.229 -11.23 2
740 1 -9.229 -11.23 2
739 1 -9.229 -11.23 2
738 1 -9.229 -11.23 2
737 1 -9.229 -11.23 2
735 1 -9.229 -11.23 2
197 1 -21.674 -26.318 2
196 1 -21.674 -26.318 2
191 1 -21.674 -26.318 2
184 1 -21.674 -26.318 2
178 1 -21.674 -26.318 2
177 1 -21.674 -26.318 2
176 1 -21.674 -26.318 2
1057 1 -16.266 3.18 2
1056 1 -16.266 3.18 2
1055 1 -16.266 3.18 2
1054 1 -16.266 3.18 2
1053 1 -16.266 3.18 2
1052 1 -16.266 3.18 2
1051 1 -16.266 3.18 2
1050 1 -16.266 3.18 2
1049 1 -16.266 3.18 2
1048 1 -16.266 3.18 2
1047 1 -16.266 3.18 2
1046 1 -16.266 3.18 2
1045 1 -16.266 3.18 2
1044 1 -16.266 3.18 2
1043 1 -16.266 3.18 2
1042 1 -16.266 3.18 2
1041 1 -16.266 3.18 2
1040 1 -16.266 3.18 2
1039 1 -16.266 3.18 2
1038 1 -16.266 3.18 2
243 1 -16.321 15.118 2
241 1 -16.321 15.118 2
240 1 -16.321 15.118 2
238 1 -16.321 15.118 2
237 1 -16.321 15.118 2
235 1 -16.321 15.118 2
232 1 -16.321 15.118 2
229 1 -16.321 15.118 2
228 1 -16.321 15.118 2
353 1 -22.064 42.871 2
695 1 -30.798 48.755 2
693 1 -30.798 48.755 2
692 1 -30.798 48.755 2
691 1 -30.798 48.755 2
690 1 -30.798 48.755 2
689 1 -30.798 48.755 2
688 1 -30.798 48.755 2
687 1 -30.798 48.755 2
686 1 -30.798 48.755 2
685 1 -30.798 48.755 2
684 1 -30.798 48.755 2
683 1 -30.798 48.755 2
681 1 -30.798 48.755 2
680 1 -30.798 48.755 2
679 1 -30.798 48.755 2
678 1 -30.798 48.755 2
677 1 -30.798 48.755 2
676 1 -30.798 48.755 2
675 1 -30.798 48.755 2
673 1 -30.798 48.755 2
37 1 -10.242 54.718 2
32 1 -10.242 54.718 2
970 1 -4.163 56.055 2
969 1 -4.163 56.055 2
968 1 -4.163 56.055 2
468 1 -10.651 44.464 2
463 1 -10.651 44.464 2
460 1 -10.651 44.464 2
459 1 -10.651 44.464 2
417 1 -12.567 28.424 2
416 1 -12.567 28.424 2
415 1 -12.567 28.424 2
385 1 -6.0 23.596 2
384 1 -6.0 23.596 2
381 1 -6.0 23.596 2
380 1 -6.0 23.596 2
379 1 -6.0 23.596 2
378 1 -6.0 23.596 2
377 1 -6.0 23.596 2
375 1 -6.0 23.596 2
374 1 -6.0 23.596 2
373 1 -6.0 23.596 2
372 1 -6.0 23.596 2
371 1 -6.0 23.596 2
-1 0 4.115 10.762 D
12208 4 99.0 492.7703857421875 100 500 101
0 0 4.115 10.762 D
140 1 -0.128 -1.715 4
208 1 35.925 36.414 4
211 1 35.925 36.414 4
218 1 35.925 36.414 4
534 1 48.102 40.991 4
863 1 60.999 24.274 4
864 1 60.999 24.274 4
865 1 60.999 24.274 4
866 1 60.999 24.274 4
867 1 60.999 24.274 4
868 1 60.999 24.274 4
869 1 60.999 24.274 4
870 1 60.999 24.274 4
871 1 60.999 24.274 4
872 1 60.999 24.274 4
873 1 60.999 24.274 4
874 1 60.999 24.274 4
875 1 60.999 24.274 4
876 1 60.999 24.274 4
877 1 60.999 24.274 4
878 1 60.999 24.274 4
879 1 60.999 24.274 4
880 1 60.999 24.274 4
881 1 60.999 24.274 4
882 1 60.999 24.274 4
252 1 70.184 20.117 4
258 1 70.184 20.117 4
43 1 33.258 18.079 4
53 1 33.258 18.079 4
54 1 33.258 18.079 4
56 1 33.258 18.079 4
341 1 24.976 -16.644 4
336 1 24.976 -16.644 4
331 1 24.976 -16.644 4
436 1 -29.669 -61.774 4
432 1 -29.669 -61.774 4
430 1 -29.669 -61.774 4
426 1 -29.669 -61.774 4
152 1 -30.377 -59.79 4
192 1 -21.674 -26.318 4
183 1 -21.674 -26.318 4
182 1 -21.674 -26.318 4
179 1 -21.674 -26.318 4
580 1 -31.171 -18.707 4
577 1 -31.171 -18.707 4
572 1 -31.171 -18.707 4
571 1 -31.171 -18.707 4
702 1 -22.205 -10.803 4
453 1 -16.107 -1.599 4
452 1 -16.107 -1.599 4
451 1 -16.107 -1.599 4
450 1 -16.107 -1.599 4
449 1 -16.107 -1.599 4
447 1 -16.107 -1.599 4
445 1 -16.107 -1.599 4
443 1 -16.107 -1.599 4
1000 1 -16.028 12.732 4
999 1 -16.028 12.732 4
239 1 -16.321 15.118 4
236 1 -16.321 15.118 4
234 1 -16.321 15.118 4
528 1 -52.997 34.442 4
527 1 -52.997 34.442 4
526 1 -52.997 34.442 4
525 1 -52.997 34.442 4
524 1 -52.997 34.442 4
523 1 -52.997 34.442 4
522 1 -52.997 34.442 4
521 1 -52.997 34.442 4
520 1 -52.997 34.442 4
519 1 -52.997 34.442 4
518 1 -52.997 34.442 4
517 1 -52.997 34.442 4
516 1 -52.997 34.442 4
515 1 -52.997 34.442 4
514 1 -52.997 34.442 4
513 1 -52.997 34.442 4
512 1 -52.997 34.442 4
511 1 -52.997 34.442 4
508 1 -52.997 34.442 4
497 1 -31.763 54.352 4
498 1 -31.763 54.352 4
499 1 -31.763 54.352 4
500 1 -31.763 54.352 4
507 1 -31.763 54.352 4
506 1 -31.763 54.352 4
505 1 -31.763 54.352 4
504 1 -31.763 54.352 4
502 1 -31.763 54.352 4
501 1 -31.763 54.352 4
694 1 -30.798 48.755 4
674 1 -30.798 48.755 4
465 1 -10.651 44.464 4
93 1 8.447 43.396 4
104 1 8.826 39.532 4
106 1 8.826 39.532 4
108 1 8.826 39.532 4
115 1 8.826 39.532 4
638 1 4.755 36.731 4
-1 0 4.115 10.762 D
12209 4 18.0 356.1290283203125 160 500 20
0 0 4.115 10.762 D
370 1 -6.0 23.596 4
376 1 -6.0 23.596 4
494 1 -31.763 54.352 4
495 1 -31.763 54.352 4
496 1 -31.763 54.352 4
5 1 26.141 63.538 4
19 1 26.141 63.538 4
26 1 26.141 63.538 4
626 1 7.812 89.618 4
627 1 7.812 89.618 4
628 1 7.812 89.618 4
629 1 7.812 89.618 4
631 1 7.812 89.618 4
632 1 7.812 89.618 4
634 1 7.812 89.618 4
323 1 28.424 91.449 4
266 1 98.981 78.912 4
276 1 98.981 78.912 4
-1 0 4.115 10.762 D
12212 8 107.0 435.4626159667969 160 500 109
0 0 4.115 10.762 D
581 1 26.331 3.424 8
582 1 26.331 3.424 8
583 1 26.331 3.424 8
584 1 26.331 3.424 8
586 1 26.331 3.424 8
588 1 26.331 3.424 8
589 1 26.331 3.424 8
590 1 26.331 3.424 8
591 1 26.331 3.424 8
592 1 26.331 3.424 8
593 1 26.331 3.424 8
594 1 26.331 3.424 8
595 1 26.331 3.424 8
596 1 26.331 3.424 8
597 1 26.331 3.424 8
598 1 26.331 3.424 8
599 1 26.331 3.424 8
600 1 26.331 3.424 8
601 1 26.331 3.424 8
602 1 26.331 3.424 8
603 1 26.331 3.424 8
531 1 48.102 40.991 8
561 1 27.649 60.168 8
555 1 27.649 60.168 8
630 1 7.812 89.618 8
624 1 7.812 89.618 8
682 1 -30.798 48.755 8
913 1 0.092 48.114 8
912 1 0.092 48.114 8
911 1 0.092 48.114 8
910 1 0.092 48.114 8
909 1 0.092 48.114 8
908 1 0.092 48.114 8
640 1 4.755 36.731 8
383 1 -6.0 23.596 8
382 1 -6.0 23.596 8
983 1 -4.657 19.086 8
984 1 -4.657 19.086 8
985 1 -4.657 19.086 8
986 1 -4.657 19.086 8
987 1 -4.657 19.086 8
988 1 -4.657 19.086 8
989 1 -4.657 19.086 8
990 1 -4.657 19.086 8
991 1 -4.657 19.086 8
992 1 -4.657 19.086 8
993 1 -4.657 19.086 8
994 1 -4.657 19.086 8
995 1 -4.657 19.086 8
996 1 -4.657 19.086 8
997 1 -4.657 19.086 8
998 1 -4.657 19.086 8
1021 1 -23.682 6.573 8
1022 1 -23.682 6.573 8
1023 1 -23.682 6.573 8
1024 1 -23.682 6.573 8
1025 1 -23.682 6.573 8
1026 1 -23.682 6.573 8
1027 1 -23.682 6.573 8
1028 1 -23.682 6.573 8
1029 1 -23.682 6.573 8
1030 1 -23.682 6.573 8
1031 1 -23.682 6.573 8
1032 1 -23.682 6.573 8
1033 1 -23.682 6.573 8
1034 1 -23.682 6.573 8
1035 1 -23.682 6.573 8
1036 1 -23.682 6.573 8
1037 1 -23.682 6.573 8
1016 1 -23.682 6.573 8
1017 1 -23.682 6.573 8
1018 1 -23.682 6.573 8
1019 1 -23.682 6.573 8
1020 1 -23.682 6.573 8
444 1 -16.107 -1.599 8
446 1 -16.107 -1.599 8
448 1 -16.107 -1.599 8
442 1 -29.669 -61.774 8
425 1 -29.669 -61.774 8
751 1 -9.229 -11.23 8
745 1 -9.229 -11.23 8
736 1 -9.229 -11.23 8
734 1 -9.052 -2.185 8
733 1 -9.052 -2.185 8
944 1 -8.203 10.297 8
943 1 -8.203 10.297 8
942 1 -8.203 10.297 8
941 1 -8.203 10.297 8
940 1 -8.203 10.297 8
939 1 -8.203 10.297 8
938 1 -8.203 10.297 8
937 1 -8.203 10.297 8
936 1 -8.203 10.297 8
935 1 -8.203 10.297 8
934 1 -8.203 10.297 8
933 1 -8.203 10.297 8
932 1 -8.203 10.297 8
931 1 -8.203 10.297 8
930 1 -8.203 10.297 8
922 1 -8.203 10.297 8
923 1 -8.203 10.297 8
924 1 -8.203 10.297 8
925 1 -8.203 10.297 8
926 1 -8.203 10.297 8
927 1 -8.203 10.297 8
928 1 -8.203 10.297 8
929 1 -8.203 10.297 8
-1 0 4.115 10.762 D
12219 1 19.0 172.4632568359375 20 500 21
0 0 4.115 10.762 D
325 1 28.424 91.449 1
324 1 28.424 91.449 1
322 1 28.424 91.449 1
321 1 28.424 91.449 1
776 1 33.386 68.726 1
775 1 33.386 68.726 1
774 1 33.386 68.726 1
773 1 33.386 68.726 1
772 1 33.386 68.726 1
771 1 33.386 68.726 1
770 1 33.386 68.726 1
769 1 33.386 68.726 1
768 1 33.386 68.726 1
767 1 33.386 68.726 1
766 1 33.386 68.726 1
765 1 33.386 68.726 1
764 1 33.386 68.726 1
762 1 33.386 68.726 1
761 1 33.386 68.726 1
-1 0 4.115 10.762 D
12220 1 19.0 67.10501098632812 20 500 21
0 0 4.115 10.762 D
101 1 8.447 43.396 1
98 1 8.447 43.396 1
97 1 8.447 43.396 1
95 1 8.447 43.396 1
92 1 8.447 43.396 1
91 1 8.447 43.396 1
90 1 8.447 43.396 1
87 1 8.447 43.396 1
86 1 8.447 43.396 1
84 1 8.447 43.396 1
83 1 8.447 43.396 1
82 1 8.447 43.396 1
81 1 8.447 43.396 1
553 1 10.699 25.427 1
552 1 10.699 25.427 1
551 1 10.699 25.427 1
550 1 10.699 25.427 1
549 1 10.699 25.427 1
547 1 10.699 25.427 1
-1 0 4.115 10.762 D
12221 1 19.0 77.63807678222656 20 500 21
0 0 4.115 10.762 D
545 1 10.699 25.427 1
544 1 10.699 25.427 1
543 1 10.699 25.427 1
542 1 10.699 25.427 1
612 1 10.852 48.572 1
611 1 10.852 48.572 1
609 1 10.852 48.572 1
607 1 10.852 48.572 1
606 1 10.852 48.572 1
605 1 10.852 48.572 1
114 1 8.826 39.532 1
113 1 8.826 39.532 1
112 1 8.826 39.532 1
111 1 8.826 39.532 1
110 1 8.826 39.532 1
109 1 8.826 39.532 1
107 1 8.826 39.532 1
105 1 8.826 39.532 1
103 1 8.826 39.532 1
-1 0 4.115 10.762 D
12222 1 19.0 179.32870483398438 20 500 21
0 0 4.115 10.762 D
24 1 26.141 63.538 1
23 1 26.141 63.538 1
16 1 26.141 63.538 1
15 1 26.141 63.538 1
14 1 26.141 63.538 1
11 1 26.141 63.538 1
8 1 26.141 63.538 1
7 1 26.141 63.538 1
320 1 28.424 91.449 1
319 1 28.424 91.449 1
317 1 28.424 91.449 1
316 1 28.424 91.449 1
315 1 28.424 91.449 1
292 1 5.292 77.161 1
290 1 5.292 77.161 1
288 1 5.292 77.161 1
121 1 8.826 39.532 1
118 1 8.826 39.532 1
117 1 8.826 39.532 1
-1 0 4.115 10.762 D
12223 1 19.0 145.84292602539062 20 500 21
0 0 4.115 10.762 D
758 1 -4.523 79.553 1
757 1 -4.523 79.553 1
756 1 -4.523 79.553 1
755 1 -4.523 79.553 1
310 1 5.292 77.161 1
309 1 5.292 77.161 1
308 1 5.292 77.161 1
307 1 5.292 77.161 1
306 1 5.292 77.161 1
305 1 5.292 77.161 1
303 1 5.292 77.161 1
302 1 5.292 77.161 1
301 1 5.292 77.161 1
299 1 5.292 77.161 1
298 1 5.292 77.161 1
297 1 5.292 77.161 1
296 1 5.292 77.161 1
295 1 5.292 77.161 1
293 1 5.292 77.161 1
-1 0 4.115 10.762 D
12224 1 19.0 158.77420043945312 20 500 21
0 0 4.115 10.762 D
856 1 -36.218 77.502 1
855 1 -36.218 77.502 1
854 1 -36.218 77.502 1
853 1 -36.218 77.502 1
852 1 -36.218 77.502 1
851 1 -36.218 77.502 1
850 1 -36.218 77.502 1
849 1 -36.218 77.502 1
848 1 -36.218 77.502 1
847 1 -36.218 77.502 1
846 1 -36.218 77.502 1
36 1 -10.242 54.718 1
35 1 -10.242 54.718 1
34 1 -10.242 54.718 1
33 1 -10.242 54.718 1
31 1 -10.242 54.718 1
30 1 -10.242 54.718 1
29 1 -10.242 54.718 1
28 1 -10.242 54.718 1
-1 0 4.115 10.762 D
12225 1 19.0 89.74705505371094 20 500 21
0 0 4.115 10.762 D
472 1 -10.651 44.464 1
471 1 -10.651 44.464 1
470 1 -10.651 44.464 1
469 1 -10.651 44.464 1
467 1 -10.651 44.464 1
466 1 -10.651 44.464 1
464 1 -10.651 44.464 1
462 1 -10.651 44.464 1
461 1 -10.651 44.464 1
362 1 -22.064 42.871 1
361 1 -22.064 42.871 1
360 1 -22.064 42.871 1
359 1 -22.064 42.871 1
358 1 -22.064 42.871 1
357 1 -22.064 42.871 1
356 1 -22.064 42.871 1
355 1 -22.064 42.871 1
352 1 -22.064 42.871 1
351 1 -22.064 42.871 1
-1 0 4.115 10.762 D
12226 1 19.0 107.59744262695312 20 500 21
0 0 4.115 10.762 D
711 1 -15.387 -0.073 1
710 1 -15.387 -0.073 1
242 1 -16.321 15.118 1
233 1 -16.321 15.118 1
231 1 -16.321 15.118 1
230 1 -16.321 15.118 1
921 1 -15.686 16.754 1
920 1 -15.686 16.754 1
919 1 -15.686 16.754 1
918 1 -15.686 16.754 1
917 1 -15.686 16.754 1
916 1 -15.686 16.754 1
915 1 -15.686 16.754 1
914 1 -15.686 16.754 1
369 1 -22.064 42.871 1
368 1 -22.064 42.871 1
366 1 -22.064 42.871 1
365 1 -22.064 42.871 1
364 1 -22.064 42.871 1
-1 0 4.115 10.762 D
12227 1 19.0 69.04899597167969 20 500 21
0 0 4.115 10.762 D
723 1 -15.387 -0.073 1
722 1 -15.387 -0.073 1
720 1 -15.387 -0.073 1
719 1 -15.387 -0.073 1
716 1 -15.387 -0.073 1
715 1 -15.387 -0.073 1
714 1 -15.387 -0.073 1
713 1 -15.387 -0.073 1
712 1 -15.387 -0.073 1
707 1 -22.205 -10.803 1
706 1 -22.205 -10.803 1
705 1 -22.205 -10.803 1
704 1 -22.205 -10.803 1
703 1 -22.205 -10.803 1
700 1 -22.205 -10.803 1
699 1 -22.205 -10.803 1
698 1 -22.205 -10.803 1
697 1 -22.205 -10.803 1
696 1 -22.205 -10.803 1
-1 0 4.115 10.762 D
12228 1 19.0 92.0448989868164 20 500 21
0 0 4.115 10.762 D
709 1 -22.205 -10.803 1
708 1 -22.205 -10.803 1
579 1 -31.171 -18.707 1
578 1 -31.171 -18.707 1
576 1 -31.171 -18.707 1
575 1 -31.171 -18.707 1
574 1 -31.171 -18.707 1
573 1 -31.171 -18.707 1
569 1 -31.171 -18.707 1
568 1 -31.171 -18.707 1
566 1 -31.171 -18.707 1
565 1 -31.171 -18.707 1
564 1 -31.171 -18.707 1
563 1 -31.171 -18.707 1
406 1 -0.098 5.927 1
404 1 -0.098 5.927 1
403 1 -0.098 5.927 1
402 1 -0.098 5.927 1
401 1 -0.098 5.927 1
-1 0 4.115 10.762 D
12229 1 19.0 90.37708282470703 20 500 21
0 0 4.115 10.762 D
198 1 -21.674 -26.318 1
195 1 -21.674 -26.318 1
194 1 -21.674 -26.318 1
193 1 -21.674 -26.318 1
190 1 -21.674 -26.318 1
189 1 -21.674 -26.318 1
188 1 -21.674 -26.318 1
187 1 -21.674 -26.318 1
186 1 -21.674 -26.318 1
185 1 -21.674 -26.318 1
181 1 -21.674 -26.318 1
180 1 -21.674 -26.318 1
414 1 -0.098 5.927 1
412 1 -0.098 5.927 1
411 1 -0.098 5.927 1
410 1 -0.098 5.927 1
409 1 -0.098 5.927 1
408 1 -0.098 5.927 1
407 1 -0.098 5.927 1
-1 0 4.115 10.762 D
12230 1 19.0 247.65048217773438 20 500 21
0 0 4.115 10.762 D
400 1 -59.503 -95.001 1
399 1 -59.503 -95.001 1
397 1 -59.503 -95.001 1
396 1 -59.503 -95.001 1
395 1 -59.503 -95.001 1
394 1 -59.503 -95.001 1
393 1 -59.503 -95.001 1
392 1 -59.503 -95.001 1
391 1 -59.503 -95.001 1
390 1 -59.503 -95.001 1
389 1 -59.503 -95.001 1
388 1 -59.503 -95.001 1
387 1 -59.503 -95.001 1
386 1 -59.503 -95.001 1
157 1 -30.377 -59.79 1
154 1 -30.377 -59.79 1
153 1 -30.377 -59.79 1
150 1 -30.377 -59.79 1
147 1 -30.377 -59.79 1
-1 0 4.115 10.762 D
12231 1 19.0 229.234619140625 20 500 21
0 0 4.115 10.762 D
665 1 -1.611 -43.243 1
664 1 -1.611 -43.243 1
663 1 -1.611 -43.243 1
662 1 -1.611 -43.243 1
661 1 -1.611 -43.243 1
659 1 -1.611 -43.243 1
175 1 -22.821 -97.266 1
159 1 -30.377 -59.79 1
158 1 -30.377 -59.79 1
145 1 -0.128 -1.715 1
143 1 -0.128 -1.715 1
142 1 -0.128 -1.715 1
139 1 -0.128 -1.715 1
136 1 -0.128 -1.715 1
135 1 -0.128 -1.715 1
134 1 -0.128 -1.715 1
133 1 -0.128 -1.715 1
132 1 -0.128 -1.715 1
128 1 -0.128 -1.715 1
-1 0 4.115 10.762 D
12232 2 35.0 281.4892272949219 40 500 37
0 0 4.115 10.762 D
405 1 -0.098 5.927 2
701 1 -22.205 -10.803 2
570 1 -31.171 -18.707 2
567 1 -31.171 -18.707 2
729 1 23.804 -4.565 2
726 1 23.804 -4.565 2
725 1 23.804 -4.565 2
457 1 30.157 -9.851 2
456 1 30.157 -9.851 2
455 1 30.157 -9.851 2
454 1 30.157 -9.851 2
338 1 24.976 -16.644 2
328 1 24.976 -16.644 2
171 1 28.601 -75.531 2
169 1 28.601 -75.531 2
166 1 28.601 -75.531 2
165 1 28.601 -75.531 2
162 1 28.601 -75.531 2
160 1 28.601 -75.531 2
798 1 13.055 -71.808 2
788 1 13.055 -71.808 2
782 1 13.055 -71.808 2
671 1 -1.611 -43.243 2
146 1 -0.128 -1.715 2
144 1 -0.128 -1.715 2
141 1 -0.128 -1.715 2
138 1 -0.128 -1.715 2
137 1 -0.128 -1.715 2
131 1 -0.128 -1.715 2
130 1 -0.128 -1.715 2
129 1 -0.128 -1.715 2
127 1 -0.128 -1.715 2
126 1 -0.128 -1.715 2
125 1 -0.128 -1.715 2
124 1 -0.128 -1.715 2
-1 0 4.115 10.762 D
12233 1 19.0 112.03900146484375 20 500 21
0 0 4.115 10.762 D
838 1 8.051 -31.848 1
837 1 8.051 -31.848 1
836 1 8.051 -31.848 1
835 1 8.051 -31.848 1
834 1 8.051 -31.848 1
833 1 8.051 -31.848 1
832 1 8.051 -31.848 1
831 1 8.051 -31.848 1
830 1 8.051 -31.848 1
829 1 8.051 -31.848 1
828 1 8.051 -31.848 1
827 1 8.051 -31.848 1
826 1 8.051 -31.848 1
825 1 8.051 -31.848 1
672 1 -1.611 -43.243 1
669 1 -1.611 -43.243 1
668 1 -1.611 -43.243 1
667 1 -1.611 -43.243 1
666 1 -1.611 -43.243 1
-1 0 4.115 10.762 D
12234 1 19.0 166.11605834960938 20 500 21
0 0 4.115 10.762 D
791 1 13.055 -71.808 1
790 1 13.055 -71.808 1
789 1 13.055 -71.808 1
787 1 13.055 -71.808 1
786 1 13.055 -71.808 1
785 1 13.055 -71.808 1
784 1 13.055 -71.808 1
783 1 13.055 -71.808 1
780 1 13.055 -71.808 1
779 1 13.055 -71.808 1
778 1 13.055 -71.808 1
777 1 13.055 -71.808 1
845 1 8.051 -31.848 1
844 1 8.051 -31.848 1
843 1 8.051 -31.848 1
842 1 8.051 -31.848 1
841 1 8.051 -31.848 1
840 1 8.051 -31.848 1
839 1 8.051 -31.848 1
-1 0 4.115 10.762 D
12235 1 19.0 192.4788818359375 20 500 21
0 0 4.115 10.762 D
330 1 24.976 -16.644 1
329 1 24.976 -16.644 1
327 1 24.976 -16.644 1
326 1 24.976 -16.644 1
170 1 28.601 -75.531 1
168 1 28.601 -75.531 1
167 1 28.601 -75.531 1
164 1 28.601 -75.531 1
163 1 28.601 -75.531 1
161 1 28.601 -75.531 1
801 1 13.055 -71.808 1
800 1 13.055 -71.808 1
799 1 13.055 -71.808 1
797 1 13.055 -71.808 1
796 1 13.055 -71.808 1
795 1 13.055 -71.808 1
794 1 13.055 -71.808 1
793 1 13.055 -71.808 1
792 1 13.055 -71.808 1
-1 0 4.115 10.762 D
12236 1 16.0 68.8845443725586 20 500 18
0 0 4.115 10.762 D
350 1 24.976 -16.644 1
349 1 24.976 -16.644 1
348 1 24.976 -16.644 1
347 1 24.976 -16.644 1
346 1 24.976 -16.644 1
345 1 24.976 -16.644 1
344 1 24.976 -16.644 1
343 1 24.976 -16.644 1
342 1 24.976 -16.644 1
340 1 24.976 -16.644 1
339 1 24.976 -16.644 1
337 1 24.976 -16.644 1
335 1 24.976 -16.644 1
334 1 24.976 -16.644 1
333 1 24.976 -16.644 1
332 1 24.976 -16.644 1
-1 0 4.115 10.762 D
12237 2 38.0 335.518798828125 40 500 40
0 0 4.115 10.762 D
156 1 -30.377 -59.79 2
155 1 -30.377 -59.79 2
151 1 -30.377 -59.79 2
149 1 -30.377 -59.79 2
148 1 -30.377 -59.79 2
441 1 -29.669 -61.774 2
440 1 -29.669 -61.774 2
439 1 -29.669 -61.774 2
438 1 -29.669 -61.774 2
437 1 -29.669 -61.774 2
435 1 -29.669 -61.774 2
434 1 -29.669 -61.774 2
433 1 -29.669 -61.774 2
431 1 -29.669 -61.774 2
429 1 -29.669 -61.774 2
428 1 -29.669 -61.774 2
427 1 -29.669 -61.774 2
424 1 -29.669 -61.774 2
423 1 -29.669 -61.774 2
422 1 -29.669 -61.774 2
421 1 -29.669 -61.774 2
420 1 -29.669 -61.774 2
419 1 -29.669 -61.774 2
418 1 -29.669 -61.774 2
174 1 -22.821 -97.266 2
173 1 -22.821 -97.266 2
172 1 -22.821 -97.266 2
398 1 -59.503 -95.001 2
458 1 30.157 -9.851 2
80 1 43.958 -9.076 2
79 1 43.958 -9.076 2
77 1 43.958 -9.076 2
75 1 43.958 -9.076 2
72 1 43.958 -9.076 2
71 1 43.958 -9.076 2
64 1 43.958 -9.076 2
63 1 43.958 -9.076 2
62 1 43.958 -9.076 2
-1 0 4.115 10.762 D
12238 1 17.0 91.20819091796875 20 500 19
0 0 4.115 10.762 D
728 1 23.804 -4.565 1
727 1 23.804 -4.565 1
724 1 23.804 -4.565 1
78 1 43.958 -9.076 1
76 1 43.958 -9.076 1
74 1 43.958 -9.076 1
73 1 43.958 -9.076 1
70 1 43.958 -9.076 1
69 1 43.958 -9.076 1
68 1 43.958 -9.076 1
67 1 43.958 -9.076 1
66 1 43.958 -9.076 1
65 1 43.958 -9.076 1
61 1 43.958 -9.076 1
732 1 23.804 -4.565 1
731 1 23.804 -4.565 1
730 1 23.804 -4.565 1
-1 0 4.115 10.762 D
12239 1 15.0 35.506778717041016 20 500 17
0 0 4.115 10.762 D
1005 1 21.46 6.976 1
1004 1 21.46 6.976 1
1003 1 21.46 6.976 1
1002 1 21.46 6.976 1
1001 1 21.46 6.976 1
1015 1 21.46 6.976 1
1014 1 21.46 6.976 1
1013 1 21.46 6.976 1
1012 1 21.46 6.976 1
1011 1 21.46 6.976 1
1010 1 21.46 6.976 1
1009 1 21.46 6.976 1
1008 1 21.46 6.976 1
1007 1 21.46 6.976 1
1006 1 21.46 6.976 1
-1 0 4.115 10.762 D
12286 16 29.0 307.0687255859375 40 500 31
0 0 4.115 10.762 D
587 1 26.331 3.424 16
604 1 26.331 3.424 16
548 1 10.699 25.427 16
625 1 7.812 89.618 16
633 1 7.812 89.618 16
971 1 -4.559 74.152 16
972 1 -4.559 74.152 16
973 1 -4.559 74.152 16
974 1 -4.559 74.152 16
975 1 -4.559 74.152 16
976 1 -4.559 74.152 16
977 1 -4.559 74.152 16
978 1 -4.559 74.152 16
979 1 -4.559 74.152 16
980 1 -4.559 74.152 16
981 1 -4.559 74.152 16
982 1 -4.559 74.152 16
503 1 -31.763 54.352 16
530 1 -52.997 34.442 16
509 1 -52.997 34.442 16
510 1 -52.997 34.442 16
529 1 -52.997 34.442 16
857 1 -22.943 -22.229 16
858 1 -22.943 -22.229 16
859 1 -22.943 -22.229 16
860 1 -22.943 -22.229 16
861 1 -22.943 -22.229 16
862 1 -22.943 -22.229 16
718 1 -15.387 -0.073 16
-1 0 4.115 10.762 D
12287 32 46.0 479.68792724609375 80 500 48
0 0 4.115 10.762 D
585 1 26.331 3.424 32
644 1 49.53 43.127 32
650 1 49.53 43.127 32
480 1 70.361 64.264 32
613 1 45.477 48.993 32
759 1 33.386 68.726 32
883 1 29.919 70.844 32
884 1 29.919 70.844 32
885 1 29.919 70.844 32
886 1 29.919 70.844 32
887 1 29.919 70.844 32
888 1 29.919 70.844 32
889 1 29.919 70.844 32
890 1 29.919 70.844 32
891 1 29.919 70.844 32
892 1 29.919 70.844 32
893 1 29.919 70.844 32
894 1 29.919 70.844 32
895 1 29.919 70.844 32
896 1 29.919 70.844 32
897 1 29.919 70.844 32
898 1 29.919 70.844 32
899 1 29.919 70.844 32
900 1 29.919 70.844 32
901 1 29.919 70.844 32
902 1 29.919 70.844 32
903 1 29.919 70.844 32
904 1 29.919 70.844 32
905 1 29.919 70.844 32
906 1 29.919 70.844 32
907 1 29.919 70.844 32
294 1 5.292 77.161 32
300 1 5.292 77.161 32
304 1 5.292 77.161 32
608 1 10.852 48.572 32
610 1 10.852 48.572 32
354 1 -22.064 42.871 32
363 1 -22.064 42.871 32
367 1 -22.064 42.871 32
546 1 10.699 25.427 32
717 1 -15.387 -0.073 32
721 1 -15.387 -0.073 32
660 1 -1.611 -43.243 32
670 1 -1.611 -43.243 32
781 1 13.055 -71.808 32
413 1 -0.098 5.927 32
-1 0 4.115 10.762 D
