1
0 -10.674 16.16 1866.0 11431.3857421875 53
12696 1 19.0 134.50729370117188 20 500 21
0 0 -10.674 16.16 D
1754 1 26.086 20.355 1
1753 1 26.086 20.355 1
1752 1 26.086 20.355 1
1751 1 26.086 20.355 1
1750 1 26.086 20.355 1
1749 1 26.086 20.355 1
507 1 56.39 17.596 1
506 1 56.39 17.596 1
505 1 56.39 17.596 1
503 1 56.39 17.596 1
502 1 56.39 17.596 1
501 1 56.39 17.596 1
500 1 56.39 17.596 1
499 1 56.39 17.596 1
498 1 56.39 17.596 1
497 1 56.39 17.596 1
496 1 56.39 17.596 1
495 1 56.39 17.596 1
494 1 56.39 17.596 1
-1 0 -10.674 16.16 D
12698 1 59.0 175.6094512939453 60 500 61
0 0 -10.674 16.16 D
1123 1 -3.168 24.762 1
1122 1 -3.168 24.762 1
1121 1 -3.168 24.762 1
1120 1 -3.168 24.762 1
1119 1 -3.168 24.762 1
1118 1 -3.168 24.762 1
1116 1 -3.168 24.762 1
1115 1 -3.168 24.762 1
1114 1 -3.168 24.762 1
1113 1 -3.168 24.762 1
1111 1 -3.168 24.762 1
1110 1 -3.168 24.762 1
1109 1 -3.168 24.762 1
1108 1 -3.168 24.762 1
1107 1 -3.168 24.762 1
1106 1 -3.168 24.762 1
1105 1 -3.168 24.762 1
1104 1 -3.168 24.762 1
535 1 -8.295 65.088 1
533 1 -8.295 65.088 1
531 1 -8.295 65.088 1
530 1 -8.295 65.088 1
529 1 -8.295 65.088 1
528 1 -8.295 65.088 1
527 1 -8.295 65.088 1
526 1 -8.295 65.088 1
524 1 -8.295 65.088 1
523 1 -8.295 65.088 1
1129 1 -5.243 86.212 1
1128 1 -5.243 86.212 1
1125 1 -5.243 86.212 1
94 1 19.818 74.152 1
93 1 19.818 74.152 1
92 1 19.818 74.152 1
91 1 19.818 74.152 1
89 1 19.818 74.152 1
88 1 19.818 74.152 1
87 1 19.818 74.152 1
85 1 19.818 74.152 1
84 1 19.818 74.152 1
81 1 19.818 74.152 1
79 1 19.818 74.152 1
78 1 19.818 74.152 1
76 1 19.818 74.152 1
74 1 19.818 74.152 1
136 1 11.871 24.915 1
134 1 11.871 24.915 1
132 1 11.871 24.915 1
131 1 11.871 24.915 1
128 1 11.871 24.915 1
127 1 11.871 24.915 1
126 1 11.871 24.915 1
123 1 11.871 24.915 1
121 1 11.871 24.915 1
120 1 11.871 24.915 1
118 1 11.871 24.915 1
783 1 -2.1 21.6 1
782 1 -2.1 21.6 1
781 1 -2.1 21.6 1
-1 0 -10.674 16.16 D
12699 2 33.0 190.75656127929688 40 500 35
0 0 -10.674 16.16 D
315 1 1.892 18.744 2
311 1 1.892 18.744 2
310 1 1.892 18.744 2
307 1 1.892 18.744 2
303 1 1.892 18.744 2
133 1 11.871 24.915 2
130 1 11.871 24.915 2
129 1 11.871 24.915 2
125 1 11.871 24.915 2
124 1 11.871 24.915 2
122 1 11.871 24.915 2
1428 1 11.646 28.143 2
1427 1 11.646 28.143 2
1426 1 11.646 28.143 2
1425 1 11.646 28.143 2
1424 1 11.646 28.143 2
265 1 31.268 31.903 2
262 1 31.268 31.903 2
339 1 54.102 27.997 2
335 1 54.102 27.997 2
334 1 54.102 27.997 2
333 1 54.102 27.997 2
291 1 68.225 28.65 2
290 1 68.225 28.65 2
288 1 68.225 28.65 2
285 1 68.225 28.65 2
282 1 68.225 28.65 2
281 1 68.225 28.65 2
280 1 68.225 28.65 2
1521 1 -5.597 40.9 2
1520 1 -5.597 40.9 2
1519 1 -5.597 40.9 2
806 1 0.708 27.661 2
-1 0 -10.674 16.16 D
12700 2 65.0 144.0096893310547 80 500 67
0 0 -10.674 16.16 D
443 1 -32.465 39.05 2
1849 1 -27.362 46.771 2
1848 1 -27.362 46.771 2
1847 1 -27.362 46.771 2
1846 1 -27.362 46.771 2
1845 1 -27.362 46.771 2
1844 1 -27.362 46.771 2
1843 1 -27.362 46.771 2
1842 1 -27.362 46.771 2
1841 1 -27.362 46.771 2
1840 1 -27.362 46.771 2
1839 1 -27.362 46.771 2
1838 1 -27.362 46.771 2
1837 1 -27.362 46.771 2
1836 1 -27.362 46.771 2
1835 1 -27.362 46.771 2
1834 1 -27.362 46.771 2
1833 1 -27.362 46.771 2
1832 1 -27.362 46.771 2
1831 1 -27.362 46.771 2
1830 1 -27.362 46.771 2
1829 1 -27.362 46.771 2
1828 1 -27.362 46.771 2
1147 1 -31.915 50.098 2
1146 1 -31.915 50.098 2
1145 1 -31.915 50.098 2
1144 1 -31.915 50.098 2
1143 1 -31.915 50.098 2
1142 1 -31.915 50.098 2
1141 1 -31.915 50.098 2
1140 1 -31.915 50.098 2
1139 1 -31.915 50.098 2
1138 1 -31.915 50.098 2
1137 1 -31.915 50.098 2
1136 1 -31.915 50.098 2
1135 1 -31.915 50.098 2
1134 1 -31.915 50.098 2
1133 1 -31.915 50.098 2
1131 1 -31.915 50.098 2
894 1 -39.191 56.683 2
888 1 -39.191 56.683 2
654 1 -45.465 65.552 2
652 1 -45.465 65.552 2
1682 1 -16.174 56.451 2
1681 1 -16.174 56.451 2
1680 1 -16.174 56.451 2
1679 1 -16.174 56.451 2
1678 1 -16.174 56.451 2
1677 1 -16.174 56.451 2
1676 1 -16.174 56.451 2
1675 1 -16.174 56.451 2
1674 1 -16.174 56.451 2
1673 1 -16.174 56.451 2
1672 1 -16.174 56.451 2
1671 1 -16.174 56.451 2
1670 1 -16.174 56.451 2
1529 1 -5.597 40.9 2
1528 1 -5.597 40.9 2
1527 1 -5.597 40.9 2
1526 1 -5.597 40.9 2
1525 1 -5.597 40.9 2
1524 1 -5.597 40.9 2
1523 1 -5.597 40.9 2
1522 1 -5.597 40.9 2
173 1 -13.593 27.863 2
-1 0 -10.674 16.16 D
12701 2 108.0 298.4957580566406 120 500 110
0 0 -10.674 16.16 D
1566 1 -24.371 29.34 2
1565 1 -24.371 29.34 2
1588 1 -24.371 29.34 2
1587 1 -24.371 29.34 2
1586 1 -24.371 29.34 2
1585 1 -24.371 29.34 2
1584 1 -24.371 29.34 2
1583 1 -24.371 29.34 2
1582 1 -24.371 29.34 2
1581 1 -24.371 29.34 2
1580 1 -24.371 29.34 2
1579 1 -24.371 29.34 2
1578 1 -24.371 29.34 2
1577 1 -24.371 29.34 2
1576 1 -24.371 29.34 2
1575 1 -24.371 29.34 2
1574 1 -24.371 29.34 2
1573 1 -24.371 29.34 2
1572 1 -24.371 29.34 2
1571 1 -24.371 29.34 2
1570 1 -24.371 29.34 2
1569 1 -24.371 29.34 2
1568 1 -24.371 29.34 2
1567 1 -24.371 29.34 2
818 1 -26.147 25.952 2
409 1 -26.855 16.559 2
407 1 -26.855 16.559 2
406 1 -26.855 16.559 2
404 1 -26.855 16.559 2
402 1 -26.855 16.559 2
400 1 -26.855 16.559 2
398 1 -26.855 16.559 2
955 1 -44.989 0.69 2
391 1 -48.267 6.116 2
385 1 -48.267 6.116 2
381 1 -48.267 6.116 2
374 1 -48.267 6.116 2
258 1 -59.534 11.157 2
257 1 -59.534 11.157 2
255 1 -59.534 11.157 2
354 1 -60.242 1.483 2
352 1 -60.242 1.483 2
351 1 -60.242 1.483 2
349 1 -60.242 1.483 2
348 1 -60.242 1.483 2
345 1 -60.242 1.483 2
341 1 -60.242 1.483 2
577 1 -70.734 8.746 2
1338 1 -74.139 13.538 2
1337 1 -74.139 13.538 2
372 1 -85.181 -8.716 2
371 1 -85.181 -8.716 2
363 1 -85.181 -8.716 2
361 1 -85.181 -8.716 2
360 1 -85.181 -8.716 2
356 1 -85.181 -8.716 2
247 1 -98.157 -15.424 2
244 1 -98.157 -15.424 2
243 1 -98.157 -15.424 2
241 1 -98.157 -15.424 2
238 1 -98.157 -15.424 2
236 1 -98.157 -15.424 2
235 1 -98.157 -15.424 2
233 1 -98.157 -15.424 2
230 1 -98.157 -15.424 2
229 1 -98.157 -15.424 2
228 1 -98.157 -15.424 2
1656 1 -92.426 -27.319 2
1655 1 -92.426 -27.319 2
1654 1 -92.426 -27.319 2
1653 1 -92.426 -27.319 2
1652 1 -92.426 -27.319 2
1651 1 -92.426 -27.319 2
1650 1 -92.426 -27.319 2
1649 1 -92.426 -27.319 2
1648 1 -92.426 -27.319 2
1647 1 -92.426 -27.319 2
1646 1 -92.426 -27.319 2
1645 1 -92.426 -27.319 2
72 1 -68.463 -44.293 2
71 1 -68.463 -44.293 2
67 1 -68.463 -44.293 2
66 1 -68.463 -44.293 2
61 1 -68.463 -44.293 2
60 1 -68.463 -44.293 2
59 1 -68.463 -44.293 2
58 1 -68.463 -44.293 2
57 1 -68.463 -44.293 2
168 1 -49.896 -29.114 2
167 1 -49.896 -29.114 2
166 1 -49.896 -29.114 2
165 1 -49.896 -29.114 2
164 1 -49.896 -29.114 2
163 1 -49.896 -29.114 2
162 1 -49.896 -29.114 2
159 1 -49.896 -29.114 2
158 1 -49.896 -29.114 2
153 1 -49.896 -29.114 2
919 1 -32.471 -41.089 2
911 1 -32.471 -41.089 2
1155 1 -30.573 -44.318 2
188 1 -20.868 -27.332 2
185 1 -20.868 -27.332 2
184 1 -20.868 -27.332 2
180 1 -20.868 -27.332 2
177 1 -20.868 -27.332 2
176 1 -20.868 -27.332 2
175 1 -20.868 -27.332 2
-1 0 -10.674 16.16 D
12703 4 99.0 494.3137512207031 100 500 101
0 0 -10.674 16.16 D
172 1 -13.593 27.863 4
828 1 -18.665 13.135 4
395 1 -26.855 16.559 4
1261 1 -27.539 23.267 4
1260 1 -27.539 23.267 4
1259 1 -27.539 23.267 4
1258 1 -27.539 23.267 4
1257 1 -27.539 23.267 4
1256 1 -27.539 23.267 4
1255 1 -27.539 23.267 4
1254 1 -27.539 23.267 4
1253 1 -27.539 23.267 4
1252 1 -27.539 23.267 4
819 1 -26.147 25.952 4
727 1 -36.139 41.943 4
728 1 -36.139 41.943 4
729 1 -36.139 41.943 4
730 1 -36.139 41.943 4
731 1 -36.139 41.943 4
732 1 -36.139 41.943 4
733 1 -36.139 41.943 4
734 1 -36.139 41.943 4
735 1 -36.139 41.943 4
736 1 -36.139 41.943 4
739 1 -36.139 41.943 4
738 1 -36.139 41.943 4
737 1 -36.139 41.943 4
890 1 -39.191 56.683 4
900 1 -39.191 56.683 4
1321 1 -50.439 71.295 4
1322 1 -50.439 71.295 4
1323 1 -50.439 71.295 4
415 1 -72.589 96.625 4
418 1 -72.589 96.625 4
1126 1 -5.243 86.212 4
1130 1 -5.243 86.212 4
950 1 -4.443 59.833 4
952 1 -4.443 59.833 4
1203 1 -42.432 30.896 4
1200 1 -42.432 30.896 4
1198 1 -42.432 30.896 4
1196 1 -42.432 30.896 4
1193 1 -42.432 30.896 4
1192 1 -42.432 30.896 4
545 1 -63.043 12.299 4
544 1 -63.043 12.299 4
543 1 -63.043 12.299 4
542 1 -63.043 12.299 4
541 1 -63.043 12.299 4
540 1 -63.043 12.299 4
538 1 -63.043 12.299 4
474 1 -92.95 25.201 4
473 1 -92.95 25.201 4
464 1 -92.95 25.201 4
369 1 -85.181 -8.716 4
366 1 -85.181 -8.716 4
365 1 -85.181 -8.716 4
358 1 -85.181 -8.716 4
231 1 -98.157 -15.424 4
632 1 -63.031 0.684 4
631 1 -63.031 0.684 4
630 1 -63.031 0.684 4
629 1 -63.031 0.684 4
628 1 -63.031 0.684 4
627 1 -63.031 0.684 4
626 1 -63.031 0.684 4
625 1 -63.031 0.684 4
623 1 -63.031 0.684 4
344 1 -60.242 1.483 4
392 1 -48.267 6.116 4
963 1 -44.989 0.69 4
1866 1 -29.883 -5.585 4
1865 1 -29.883 -5.585 4
1864 1 -29.883 -5.585 4
1863 1 -29.883 -5.585 4
1862 1 -29.883 -5.585 4
1861 1 -29.883 -5.585 4
1860 1 -29.883 -5.585 4
1859 1 -29.883 -5.585 4
1858 1 -29.883 -5.585 4
1857 1 -29.883 -5.585 4
1856 1 -29.883 -5.585 4
1855 1 -29.883 -5.585 4
1854 1 -29.883 -5.585 4
1853 1 -29.883 -5.585 4
1852 1 -29.883 -5.585 4
1851 1 -29.883 -5.585 4
1850 1 -29.883 -5.585 4
941 1 -24.951 -7.501 4
940 1 -24.951 -7.501 4
938 1 -24.951 -7.501 4
937 1 -24.951 -7.501 4
936 1 -24.951 -7.501 4
935 1 -24.951 -7.501 4
934 1 -24.951 -7.501 4
931 1 -24.951 -7.501 4
930 1 -24.951 -7.501 4
929 1 -24.951 -7.501 4
927 1 -24.951 -7.501 4
-1 0 -10.674 16.16 D
12704 4 61.0 454.0410461425781 160 500 63
0 0 -10.674 16.16 D
1188 1 -3.54 11.426 4
308 1 1.892 18.744 4
696 1 -13.177 50.763 4
697 1 -13.177 50.763 4
699 1 -13.177 50.763 4
701 1 -13.177 50.763 4
702 1 -13.177 50.763 4
704 1 -13.177 50.763 4
705 1 -13.177 50.763 4
706 1 -13.177 50.763 4
707 1 -13.177 50.763 4
947 1 -4.443 59.833 4
948 1 -4.443 59.833 4
949 1 -4.443 59.833 4
83 1 19.818 74.152 4
1298 1 28.564 92.499 4
1299 1 28.564 92.499 4
1300 1 28.564 92.499 4
1302 1 28.564 92.499 4
1303 1 28.564 92.499 4
1304 1 28.564 92.499 4
1305 1 28.564 92.499 4
1307 1 28.564 92.499 4
1308 1 28.564 92.499 4
1309 1 28.564 92.499 4
1310 1 28.564 92.499 4
1311 1 28.564 92.499 4
1312 1 28.564 92.499 4
1313 1 28.564 92.499 4
1315 1 28.564 92.499 4
1316 1 28.564 92.499 4
1318 1 28.564 92.499 4
1320 1 28.564 92.499 4
119 1 11.871 24.915 4
135 1 11.871 24.915 4
452 1 22.931 -2.979 4
445 1 22.931 -2.979 4
320 1 39.105 -19.037 4
318 1 39.105 -19.037 4
142 1 68.738 -50.494 4
1361 1 52.332 -41.431 4
1360 1 52.332 -41.431 4
1359 1 52.332 -41.431 4
1358 1 52.332 -41.431 4
1357 1 52.332 -41.431 4
1356 1 52.332 -41.431 4
1355 1 52.332 -41.431 4
1354 1 52.332 -41.431 4
1353 1 52.332 -41.431 4
49 1 20.459 -52.02 4
103 1 12.976 -59.015 4
2 1 -2.374 -56.158 4
32 1 -25.366 -51.691 4
196 1 -20.868 -27.332 4
190 1 -20.868 -27.332 4
189 1 -20.868 -27.332 4
181 1 -20.868 -27.332 4
945 1 -24.951 -7.501 4
944 1 -24.951 -7.501 4
943 1 -24.951 -7.501 4
942 1 -24.951 -7.501 4
-1 0 -10.674 16.16 D
12705 8 59.0 234.7055206298828 60 500 61
0 0 -10.674 16.16 D
1559 1 -8.807 44.873 8
1558 1 -8.807 44.873 8
1557 1 -8.807 44.873 8
1556 1 -8.807 44.873 8
1555 1 -8.807 44.873 8
1554 1 -8.807 44.873 8
1553 1 -8.807 44.873 8
1552 1 -8.807 44.873 8
1551 1 -8.807 44.873 8
1550 1 -8.807 44.873 8
1549 1 -8.807 44.873 8
1548 1 -8.807 44.873 8
1547 1 -8.807 44.873 8
700 1 -13.177 50.763 8
698 1 -13.177 50.763 8
951 1 -4.443 59.833 8
946 1 -4.443 59.833 8
1238 1 -18.976 85.504 8
1236 1 -18.976 85.504 8
1235 1 -18.976 85.504 8
1234 1 -18.976 85.504 8
1233 1 -18.976 85.504 8
1232 1 -18.976 85.504 8
805 1 0.403 84.155 8
804 1 0.403 84.155 8
803 1 0.403 84.155 8
802 1 0.403 84.155 8
801 1 0.403 84.155 8
800 1 0.403 84.155 8
799 1 0.403 84.155 8
798 1 0.403 84.155 8
797 1 0.403 84.155 8
794 1 0.403 84.155 8
793 1 0.403 84.155 8
791 1 0.403 84.155 8
790 1 0.403 84.155 8
788 1 0.403 84.155 8
787 1 0.403 84.155 8
786 1 0.403 84.155 8
785 1 0.403 84.155 8
784 1 0.403 84.155 8
1297 1 8.185 67.072 8
1296 1 8.185 67.072 8
1295 1 8.185 67.072 8
1294 1 8.185 67.072 8
1293 1 8.185 67.072 8
1291 1 8.185 67.072 8
1290 1 8.185 67.072 8
1289 1 8.185 67.072 8
1288 1 8.185 67.072 8
1287 1 8.185 67.072 8
1286 1 8.185 67.072 8
1285 1 8.185 67.072 8
1284 1 8.185 67.072 8
1283 1 8.185 67.072 8
1282 1 8.185 67.072 8
1181 1 51.727 38.739 8
1180 1 51.727 38.739 8
1177 1 51.727 38.739 8
-1 0 -10.674 16.16 D
12706 8 91.0 253.57569885253906 100 500 93
0 0 -10.674 16.16 D
1211 1 -36.56 -3.644 8
1207 1 -36.56 -3.644 8
933 1 -24.951 -7.501 8
928 1 -24.951 -7.501 8
1626 1 -34.357 33.667 8
1625 1 -34.357 33.667 8
1624 1 -34.357 33.667 8
1623 1 -34.357 33.667 8
1622 1 -34.357 33.667 8
1621 1 -34.357 33.667 8
1620 1 -34.357 33.667 8
1619 1 -34.357 33.667 8
1618 1 -34.357 33.667 8
1617 1 -34.357 33.667 8
1616 1 -34.357 33.667 8
1615 1 -34.357 33.667 8
1614 1 -34.357 33.667 8
1613 1 -34.357 33.667 8
1612 1 -34.357 33.667 8
1611 1 -34.357 33.667 8
1610 1 -34.357 33.667 8
1609 1 -34.357 33.667 8
1608 1 -34.357 33.667 8
1607 1 -34.357 33.667 8
493 1 -56.763 55.975 8
1712 1 -37.244 75.409 8
1711 1 -37.244 75.409 8
1710 1 -37.244 75.409 8
1709 1 -37.244 75.409 8
1708 1 -37.244 75.409 8
1707 1 -37.244 75.409 8
1706 1 -37.244 75.409 8
1705 1 -37.244 75.409 8
1704 1 -37.244 75.409 8
1703 1 -37.244 75.409 8
1702 1 -37.244 75.409 8
1701 1 -37.244 75.409 8
1700 1 -37.244 75.409 8
1699 1 -37.244 75.409 8
1251 1 -18.976 85.504 8
1249 1 -18.976 85.504 8
1248 1 -18.976 85.504 8
1246 1 -18.976 85.504 8
1245 1 -18.976 85.504 8
1243 1 -18.976 85.504 8
1242 1 -18.976 85.504 8
1239 1 -18.976 85.504 8
1231 1 -37.054 59.918 8
1230 1 -37.054 59.918 8
1229 1 -37.054 59.918 8
1228 1 -37.054 59.918 8
1225 1 -37.054 59.918 8
1224 1 -37.054 59.918 8
1223 1 -37.054 59.918 8
1222 1 -37.054 59.918 8
1221 1 -37.054 59.918 8
1220 1 -37.054 59.918 8
1219 1 -37.054 59.918 8
1218 1 -37.054 59.918 8
1216 1 -37.054 59.918 8
1215 1 -37.054 59.918 8
1214 1 -37.054 59.918 8
1132 1 -31.915 50.098 8
492 1 -33.472 38.977 8
491 1 -33.472 38.977 8
490 1 -33.472 38.977 8
488 1 -33.472 38.977 8
486 1 -33.472 38.977 8
485 1 -33.472 38.977 8
483 1 -33.472 38.977 8
1095 1 -16.962 26.697 8
1094 1 -16.962 26.697 8
1093 1 -16.962 26.697 8
1091 1 -16.962 26.697 8
1090 1 -16.962 26.697 8
1088 1 -16.962 26.697 8
1087 1 -16.962 26.697 8
1086 1 -16.962 26.697 8
1085 1 -16.962 26.697 8
1084 1 -16.962 26.697 8
1083 1 -16.962 26.697 8
1082 1 -16.962 26.697 8
1081 1 -16.962 26.697 8
1080 1 -16.962 26.697 8
1079 1 -16.962 26.697 8
1078 1 -16.962 26.697 8
1077 1 -16.962 26.697 8
1076 1 -16.962 26.697 8
1075 1 -16.962 26.697 8
1074 1 -16.962 26.697 8
1073 1 -16.962 26.697 8
-1 0 -10.674 16.16 D
12707 8 158.0 467.2948303222656 160 500 160
0 0 -10.674 16.16 D
1814 1 -6.329 10.913 8
1813 1 -6.329 10.913 8
1812 1 -6.329 10.913 8
1811 1 -6.329 10.913 8
1810 1 -6.329 10.913 8
1809 1 -6.329 10.913 8
1808 1 -6.329 10.913 8
1807 1 -6.329 10.913 8
1806 1 -6.329 10.913 8
1805 1 -6.329 10.913 8
1804 1 -6.329 10.913 8
1803 1 -6.329 10.913 8
1802 1 -6.329 10.913 8
1801 1 -6.329 10.913 8
1800 1 -6.329 10.913 8
1799 1 -6.329 10.913 8
1798 1 -6.329 10.913 8
1797 1 -6.329 10.913 8
1796 1 -6.329 10.913 8
1795 1 -6.329 10.913 8
1794 1 -6.329 10.913 8
1072 1 1.044 16.125 8
1071 1 1.044 16.125 8
1070 1 1.044 16.125 8
1069 1 1.044 16.125 8
1068 1 1.044 16.125 8
1067 1 1.044 16.125 8
1066 1 1.044 16.125 8
1064 1 1.044 16.125 8
1062 1 1.044 16.125 8
1061 1 1.044 16.125 8
1060 1 1.044 16.125 8
1059 1 1.044 16.125 8
1058 1 1.044 16.125 8
1057 1 1.044 16.125 8
1056 1 1.044 16.125 8
1055 1 1.044 16.125 8
1054 1 1.044 16.125 8
1053 1 1.044 16.125 8
1052 1 1.044 16.125 8
1049 1 1.044 16.125 8
722 1 31.781 2.045 8
721 1 31.781 2.045 8
720 1 31.781 2.045 8
719 1 31.781 2.045 8
717 1 31.781 2.045 8
716 1 31.781 2.045 8
715 1 31.781 2.045 8
714 1 31.781 2.045 8
713 1 31.781 2.045 8
712 1 31.781 2.045 8
710 1 31.781 2.045 8
708 1 31.781 2.045 8
774 1 38.287 -7.281 8
773 1 38.287 -7.281 8
772 1 38.287 -7.281 8
771 1 38.287 -7.281 8
770 1 38.287 -7.281 8
768 1 38.287 -7.281 8
767 1 38.287 -7.281 8
766 1 38.287 -7.281 8
765 1 38.287 -7.281 8
764 1 38.287 -7.281 8
763 1 38.287 -7.281 8
762 1 38.287 -7.281 8
761 1 38.287 -7.281 8
1018 1 62.097 1.562 8
1017 1 62.097 1.562 8
1016 1 62.097 1.562 8
1015 1 62.097 1.562 8
1014 1 62.097 1.562 8
1013 1 62.097 1.562 8
1011 1 62.097 1.562 8
1008 1 62.097 1.562 8
1007 1 62.097 1.562 8
1006 1 62.097 1.562 8
1005 1 62.097 1.562 8
1004 1 62.097 1.562 8
678 1 70.374 -15.564 8
676 1 70.374 -15.564 8
675 1 70.374 -15.564 8
674 1 70.374 -15.564 8
673 1 70.374 -15.564 8
671 1 70.374 -15.564 8
670 1 70.374 -15.564 8
669 1 70.374 -15.564 8
667 1 70.374 -15.564 8
666 1 70.374 -15.564 8
665 1 70.374 -15.564 8
664 1 70.374 -15.564 8
662 1 70.374 -15.564 8
661 1 70.374 -15.564 8
660 1 70.374 -15.564 8
1327 1 63.934 -12.543 8
1172 1 17.926 -31.097 8
1166 1 17.926 -31.097 8
1349 1 9.814 -11.969 8
1341 1 9.814 -11.969 8
624 1 -63.031 0.684 8
1669 1 -66.785 0.879 8
1668 1 -66.785 0.879 8
1667 1 -66.785 0.879 8
1666 1 -66.785 0.879 8
1665 1 -66.785 0.879 8
1664 1 -66.785 0.879 8
1663 1 -66.785 0.879 8
1662 1 -66.785 0.879 8
1661 1 -66.785 0.879 8
1660 1 -66.785 0.879 8
1659 1 -66.785 0.879 8
1658 1 -66.785 0.879 8
1657 1 -66.785 0.879 8
1793 1 -94.25 -28.485 8
1792 1 -94.25 -28.485 8
1791 1 -94.25 -28.485 8
1790 1 -94.25 -28.485 8
1789 1 -94.25 -28.485 8
1788 1 -94.25 -28.485 8
1787 1 -94.25 -28.485 8
1786 1 -94.25 -28.485 8
1785 1 -94.25 -28.485 8
1784 1 -94.25 -28.485 8
1783 1 -94.25 -28.485 8
1782 1 -94.25 -28.485 8
1781 1 -94.25 -28.485 8
1780 1 -94.25 -28.485 8
1779 1 -94.25 -28.485 8
1778 1 -94.25 -28.485 8
1777 1 -94.25 -28.485 8
1776 1 -94.25 -28.485 8
1775 1 -94.25 -28.485 8
1774 1 -94.25 -28.485 8
1773 1 -94.25 -28.485 8
1772 1 -94.25 -28.485 8
1771 1 -94.25 -28.485 8
1770 1 -94.25 -28.485 8
558 1 -86.975 52.936 8
557 1 -86.975 52.936 8
556 1 -86.975 52.936 8
555 1 -86.975 52.936 8
554 1 -86.975 52.936 8
553 1 -86.975 52.936 8
551 1 -86.975 52.936 8
550 1 -86.975 52.936 8
549 1 -86.975 52.936 8
548 1 -86.975 52.936 8
547 1 -86.975 52.936 8
546 1 -86.975 52.936 8
565 1 -86.975 52.936 8
564 1 -86.975 52.936 8
563 1 -86.975 52.936 8
562 1 -86.975 52.936 8
561 1 -86.975 52.936 8
560 1 -86.975 52.936 8
559 1 -86.975 52.936 8
1202 1 -42.432 30.896 8
1197 1 -42.432 30.896 8
1194 1 -42.432 30.896 8
-1 0 -10.674 16.16 D
12708 16 19.0 268.7127685546875 20 500 21
0 0 -10.674 16.16 D
703 1 -13.177 50.763 16
532 1 -8.295 65.088 16
1532 1 -19.989 67.34 16
1531 1 -19.989 67.34 16
1530 1 -19.989 67.34 16
688 1 -13.397 72.491 16
1247 1 -18.976 85.504 16
1244 1 -18.976 85.504 16
1241 1 -18.976 85.504 16
1240 1 -18.976 85.504 16
789 1 0.403 84.155 16
1319 1 28.564 92.499 16
1317 1 28.564 92.499 16
1314 1 28.564 92.499 16
1306 1 28.564 92.499 16
1301 1 28.564 92.499 16
1179 1 51.727 38.739 16
725 1 38.904 19.312 16
1124 1 -3.168 24.762 16
-1 0 -10.674 16.16 D
12709 16 39.0 246.77371215820312 40 500 41
0 0 -10.674 16.16 D
634 1 -13.068 28.094 16
489 1 -33.472 38.977 16
1227 1 -37.054 59.918 16
1226 1 -37.054 59.918 16
1546 1 -19.989 67.34 16
1545 1 -19.989 67.34 16
1544 1 -19.989 67.34 16
1543 1 -19.989 67.34 16
1542 1 -19.989 67.34 16
1541 1 -19.989 67.34 16
1540 1 -19.989 67.34 16
1539 1 -19.989 67.34 16
1538 1 -19.989 67.34 16
1537 1 -19.989 67.34 16
1536 1 -19.989 67.34 16
1535 1 -19.989 67.34 16
1534 1 -19.989 67.34 16
1533 1 -19.989 67.34 16
1265 1 -42.212 83.582 16
552 1 -86.975 52.936 16
862 1 -73.987 37.524 16
858 1 -73.987 37.524 16
1201 1 -42.432 30.896 16
1199 1 -42.432 30.896 16
1195 1 -42.432 30.896 16
1826 1 -42.163 26.801 16
1825 1 -42.163 26.801 16
1824 1 -42.163 26.801 16
1823 1 -42.163 26.801 16
1822 1 -42.163 26.801 16
1821 1 -42.163 26.801 16
1820 1 -42.163 26.801 16
1819 1 -42.163 26.801 16
1818 1 -42.163 26.801 16
1817 1 -42.163 26.801 16
1816 1 -42.163 26.801 16
1815 1 -42.163 26.801 16
1263 1 -27.539 23.267 16
1262 1 -27.539 23.267 16
-1 0 -10.674 16.16 D
12710 16 52.0 380.1322021484375 60 500 54
0 0 -10.674 16.16 D
539 1 -63.043 12.299 16
987 1 -71.448 19.934 16
974 1 -69.299 -15.179 16
971 1 -69.299 -15.179 16
588 1 -36.572 -8.435 16
1209 1 -36.56 -3.644 16
1206 1 -36.56 -3.644 16
610 1 -24.951 -3.9 16
609 1 -24.951 -3.9 16
600 1 -24.951 -3.9 16
592 1 -24.951 -3.9 16
939 1 -24.951 -7.501 16
932 1 -24.951 -7.501 16
1021 1 -8.246 -20.026 16
1019 1 -8.246 -20.026 16
752 1 4.498 -10.706 16
750 1 4.498 -10.706 16
742 1 4.498 -10.706 16
509 1 22.302 -16.028 16
508 1 22.302 -16.028 16
1827 1 32.715 -21.869 16
1450 1 44.22 -30.035 16
1449 1 44.22 -30.035 16
1448 1 44.22 -30.035 16
1447 1 44.22 -30.035 16
621 1 47.26 -29.51 16
1769 1 49.17 -13.33 16
1768 1 49.17 -13.33 16
1767 1 49.17 -13.33 16
1766 1 49.17 -13.33 16
1765 1 49.17 -13.33 16
1764 1 49.17 -13.33 16
1763 1 49.17 -13.33 16
1762 1 49.17 -13.33 16
1761 1 49.17 -13.33 16
1760 1 49.17 -13.33 16
844 1 62.195 -10.602 16
842 1 62.195 -10.602 16
833 1 62.195 -10.602 16
677 1 70.374 -15.564 16
668 1 70.374 -15.564 16
663 1 70.374 -15.564 16
1012 1 62.097 1.562 16
1009 1 62.097 1.562 16
1276 1 40.625 -1.154 16
1272 1 40.625 -1.154 16
1268 1 40.625 -1.154 16
769 1 38.287 -7.281 16
760 1 38.287 -7.281 16
711 1 31.781 2.045 16
1051 1 1.044 16.125 16
1050 1 1.044 16.125 16
-1 0 -10.674 16.16 D
12711 32 39.0 258.9900207519531 40 500 41
0 0 -10.674 16.16 D
642 1 -13.068 28.094 32
534 1 -8.295 65.088 32
525 1 -8.295 65.088 32
1250 1 -18.976 85.504 32
1237 1 -18.976 85.504 32
796 1 0.403 84.155 32
795 1 0.403 84.155 32
792 1 0.403 84.155 32
1292 1 8.185 67.072 32
1281 1 8.185 67.072 32
1182 1 51.727 38.739 32
1178 1 51.727 38.739 32
504 1 56.39 17.596 32
1474 1 10.12 31.567 32
1473 1 10.12 31.567 32
1472 1 10.12 31.567 32
1471 1 10.12 31.567 32
1470 1 10.12 31.567 32
1469 1 10.12 31.567 32
1468 1 10.12 31.567 32
1467 1 10.12 31.567 32
1466 1 10.12 31.567 32
1465 1 10.12 31.567 32
1464 1 10.12 31.567 32
1463 1 10.12 31.567 32
1462 1 10.12 31.567 32
1461 1 10.12 31.567 32
1460 1 10.12 31.567 32
1459 1 10.12 31.567 32
1458 1 10.12 31.567 32
1457 1 10.12 31.567 32
1456 1 10.12 31.567 32
1455 1 10.12 31.567 32
1454 1 10.12 31.567 32
1453 1 10.12 31.567 32
1452 1 10.12 31.567 32
1451 1 10.12 31.567 32
1117 1 -3.168 24.762 32
1112 1 -3.168 24.762 32
-1 0 -10.674 16.16 D
12712 32 67.0 426.9495849609375 80 500 69
0 0 -10.674 16.16 D
1092 1 -16.962 26.697 32
1089 1 -16.962 26.697 32
487 1 -33.472 38.977 32
484 1 -33.472 38.977 32
482 1 -33.472 38.977 32
1217 1 -37.054 59.918 32
651 1 -45.465 65.552 32
1644 1 -49.359 92.407 32
1643 1 -49.359 92.407 32
1642 1 -49.359 92.407 32
1641 1 -49.359 92.407 32
1640 1 -49.359 92.407 32
1639 1 -49.359 92.407 32
1638 1 -49.359 92.407 32
1637 1 -49.359 92.407 32
1636 1 -49.359 92.407 32
1635 1 -49.359 92.407 32
1634 1 -49.359 92.407 32
1633 1 -49.359 92.407 32
1632 1 -49.359 92.407 32
1631 1 -49.359 92.407 32
1630 1 -49.359 92.407 32
1629 1 -49.359 92.407 32
1628 1 -49.359 92.407 32
1627 1 -49.359 92.407 32
854 1 -73.987 37.524 32
1001 1 -71.448 19.934 32
994 1 -71.448 19.934 32
574 1 -70.734 8.746 32
1390 1 -46.783 4.974 32
1389 1 -46.783 4.974 32
1388 1 -46.783 4.974 32
1387 1 -46.783 4.974 32
1386 1 -46.783 4.974 32
1385 1 -46.783 4.974 32
1384 1 -46.783 4.974 32
1383 1 -46.783 4.974 32
1382 1 -46.783 4.974 32
1381 1 -46.783 4.974 32
1380 1 -46.783 4.974 32
1379 1 -46.783 4.974 32
1378 1 -46.783 4.974 32
1377 1 -46.783 4.974 32
1376 1 -46.783 4.974 32
1375 1 -46.783 4.974 32
1374 1 -46.783 4.974 32
1373 1 -46.783 4.974 32
982 1 -69.299 -15.179 32
1724 1 -65.698 -84.882 32
1723 1 -65.698 -84.882 32
1722 1 -65.698 -84.882 32
1721 1 -65.698 -84.882 32
1720 1 -65.698 -84.882 32
1719 1 -65.698 -84.882 32
1718 1 -65.698 -84.882 32
1717 1 -65.698 -84.882 32
1716 1 -65.698 -84.882 32
1715 1 -65.698 -84.882 32
1714 1 -65.698 -84.882 32
1713 1 -65.698 -84.882 32
921 1 -32.471 -41.089 32
915 1 -32.471 -41.089 32
612 1 -24.951 -3.9 32
598 1 -24.951 -3.9 32
591 1 -24.951 -3.9 32
590 1 -24.951 -3.9 32
1097 1 -19.781 -5.804 32
-1 0 -10.674 16.16 D
12713 32 93.0 336.98834228515625 120 500 95
0 0 -10.674 16.16 D
1023 1 -8.246 -20.026 32
753 1 4.498 -10.706 32
746 1 4.498 -10.706 32
1423 1 9.857 -10.901 32
1422 1 9.857 -10.901 32
1421 1 9.857 -10.901 32
1420 1 9.857 -10.901 32
1419 1 9.857 -10.901 32
1418 1 9.857 -10.901 32
1417 1 9.857 -10.901 32
1416 1 9.857 -10.901 32
1415 1 9.857 -10.901 32
1414 1 9.857 -10.901 32
1413 1 9.857 -10.901 32
1412 1 9.857 -10.901 32
1411 1 9.857 -10.901 32
1410 1 9.857 -10.901 32
1409 1 9.857 -10.901 32
1408 1 9.857 -10.901 32
1407 1 9.857 -10.901 32
1406 1 9.857 -10.901 32
1405 1 9.857 -10.901 32
1404 1 9.857 -10.901 32
1403 1 9.857 -10.901 32
1402 1 9.857 -10.901 32
1401 1 9.857 -10.901 32
1400 1 9.857 -10.901 32
1399 1 9.857 -10.901 32
522 1 22.302 -16.028 32
510 1 22.302 -16.028 32
883 1 36.78 -6.824 32
876 1 36.78 -6.824 32
1518 1 53.375 -66.461 32
1517 1 53.375 -66.461 32
1516 1 53.375 -66.461 32
1515 1 53.375 -66.461 32
1514 1 53.375 -66.461 32
1513 1 53.375 -66.461 32
1512 1 53.375 -66.461 32
1511 1 53.375 -66.461 32
1510 1 53.375 -66.461 32
1509 1 53.375 -66.461 32
1508 1 53.375 -66.461 32
1507 1 53.375 -66.461 32
1506 1 53.375 -66.461 32
1505 1 53.375 -66.461 32
1504 1 53.375 -66.461 32
1503 1 53.375 -66.461 32
1502 1 53.375 -66.461 32
1501 1 53.375 -66.461 32
1500 1 53.375 -66.461 32
1499 1 53.375 -66.461 32
1498 1 53.375 -66.461 32
1497 1 53.375 -66.461 32
1496 1 53.375 -66.461 32
1495 1 53.375 -66.461 32
622 1 47.26 -29.51 32
1748 1 59.088 -20.795 32
1747 1 59.088 -20.795 32
1746 1 59.088 -20.795 32
1745 1 59.088 -20.795 32
1744 1 59.088 -20.795 32
1743 1 59.088 -20.795 32
1742 1 59.088 -20.795 32
1741 1 59.088 -20.795 32
1740 1 59.088 -20.795 32
1739 1 59.088 -20.795 32
1738 1 59.088 -20.795 32
1737 1 59.088 -20.795 32
1736 1 59.088 -20.795 32
1735 1 59.088 -20.795 32
1734 1 59.088 -20.795 32
1733 1 59.088 -20.795 32
1732 1 59.088 -20.795 32
1731 1 59.088 -20.795 32
1730 1 59.088 -20.795 32
1729 1 59.088 -20.795 32
1728 1 59.088 -20.795 32
1727 1 59.088 -20.795 32
1726 1 59.088 -20.795 32
1725 1 59.088 -20.795 32
840 1 62.195 -10.602 32
672 1 70.374 -15.564 32
811 1 77.692 -10.785 32
809 1 77.692 -10.785 32
1031 1 76.117 4.23 32
1010 1 62.097 1.562 32
1273 1 40.625 -1.154 32
1270 1 40.625 -1.154 32
718 1 31.781 2.045 32
709 1 31.781 2.045 32
1065 1 1.044 16.125 32
1063 1 1.044 16.125 32
-1 0 -10.674 16.16 D
12714 1 19.0 114.54658508300781 20 500 21
0 0 -10.674 16.16 D
537 1 -8.295 65.088 1
536 1 -8.295 65.088 1
693 1 -13.397 72.491 1
692 1 -13.397 72.491 1
691 1 -13.397 72.491 1
690 1 -13.397 72.491 1
689 1 -13.397 72.491 1
687 1 -13.397 72.491 1
686 1 -13.397 72.491 1
685 1 -13.397 72.491 1
684 1 -13.397 72.491 1
641 1 -13.068 28.094 1
640 1 -13.068 28.094 1
639 1 -13.068 28.094 1
638 1 -13.068 28.094 1
637 1 -13.068 28.094 1
636 1 -13.068 28.094 1
635 1 -13.068 28.094 1
633 1 -13.068 28.094 1
-1 0 -10.674 16.16 D
12715 1 19.0 151.08831787109375 20 500 21
0 0 -10.674 16.16 D
171 1 -13.593 27.863 1
170 1 -13.593 27.863 1
169 1 -13.593 27.863 1
1266 1 -42.212 83.582 1
1264 1 -42.212 83.582 1
331 1 -37.854 82.397 1
329 1 -37.854 82.397 1
328 1 -37.854 82.397 1
327 1 -37.854 82.397 1
326 1 -37.854 82.397 1
759 1 -13.214 28.632 1
758 1 -13.214 28.632 1
757 1 -13.214 28.632 1
756 1 -13.214 28.632 1
755 1 -13.214 28.632 1
646 1 -13.068 28.094 1
645 1 -13.068 28.094 1
644 1 -13.068 28.094 1
643 1 -13.068 28.094 1
-1 0 -10.674 16.16 D
12716 1 19.0 120.83021545410156 20 500 21
0 0 -10.674 16.16 D
658 1 -45.465 65.552 1
657 1 -45.465 65.552 1
656 1 -45.465 65.552 1
655 1 -45.465 65.552 1
653 1 -45.465 65.552 1
650 1 -45.465 65.552 1
649 1 -45.465 65.552 1
648 1 -45.465 65.552 1
647 1 -45.465 65.552 1
901 1 -39.191 56.683 1
899 1 -39.191 56.683 1
898 1 -39.191 56.683 1
897 1 -39.191 56.683 1
896 1 -39.191 56.683 1
895 1 -39.191 56.683 1
893 1 -39.191 56.683 1
892 1 -39.191 56.683 1
891 1 -39.191 56.683 1
889 1 -39.191 56.683 1
-1 0 -10.674 16.16 D
12717 1 19.0 203.546630859375 20 500 21
0 0 -10.674 16.16 D
1564 1 -38.519 53.07 1
1563 1 -38.519 53.07 1
1562 1 -38.519 53.07 1
1561 1 -38.519 53.07 1
1560 1 -38.519 53.07 1
659 1 -45.465 65.552 1
429 1 -72.589 96.625 1
427 1 -72.589 96.625 1
426 1 -72.589 96.625 1
424 1 -72.589 96.625 1
423 1 -72.589 96.625 1
422 1 -72.589 96.625 1
416 1 -72.589 96.625 1
414 1 -72.589 96.625 1
413 1 -72.589 96.625 1
411 1 -72.589 96.625 1
410 1 -72.589 96.625 1
444 1 -32.465 39.05 1
442 1 -32.465 39.05 1
-1 0 -10.674 16.16 D
12718 1 19.0 197.81898498535156 20 500 21
0 0 -10.674 16.16 D
859 1 -73.987 37.524 1
857 1 -73.987 37.524 1
856 1 -73.987 37.524 1
855 1 -73.987 37.524 1
853 1 -73.987 37.524 1
225 1 -86.163 72.308 1
224 1 -86.163 72.308 1
222 1 -86.163 72.308 1
220 1 -86.163 72.308 1
218 1 -86.163 72.308 1
217 1 -86.163 72.308 1
216 1 -86.163 72.308 1
212 1 -86.163 72.308 1
211 1 -86.163 72.308 1
209 1 -86.163 72.308 1
821 1 -26.147 25.952 1
820 1 -26.147 25.952 1
817 1 -26.147 25.952 1
816 1 -26.147 25.952 1
-1 0 -10.674 16.16 D
12719 1 19.0 172.46438598632812 20 500 21
0 0 -10.674 16.16 D
1003 1 -71.448 19.934 1
1002 1 -71.448 19.934 1
1000 1 -71.448 19.934 1
472 1 -92.95 25.201 1
471 1 -92.95 25.201 1
470 1 -92.95 25.201 1
468 1 -92.95 25.201 1
467 1 -92.95 25.201 1
466 1 -92.95 25.201 1
463 1 -92.95 25.201 1
462 1 -92.95 25.201 1
461 1 -92.95 25.201 1
460 1 -92.95 25.201 1
459 1 -92.95 25.201 1
457 1 -92.95 25.201 1
864 1 -73.987 37.524 1
863 1 -73.987 37.524 1
861 1 -73.987 37.524 1
860 1 -73.987 37.524 1
-1 0 -10.674 16.16 D
12720 1 19.0 165.69921875 20 500 21
0 0 -10.674 16.16 D
1442 1 -69.403 20.288 1
1441 1 -69.403 20.288 1
1440 1 -69.403 20.288 1
1439 1 -69.403 20.288 1
1438 1 -69.403 20.288 1
1437 1 -69.403 20.288 1
1436 1 -69.403 20.288 1
1435 1 -69.403 20.288 1
1434 1 -69.403 20.288 1
1433 1 -69.403 20.288 1
1432 1 -69.403 20.288 1
1431 1 -69.403 20.288 1
1430 1 -69.403 20.288 1
1429 1 -69.403 20.288 1
481 1 -92.95 25.201 1
478 1 -92.95 25.201 1
477 1 -92.95 25.201 1
476 1 -92.95 25.201 1
475 1 -92.95 25.201 1
-1 0 -10.674 16.16 D
12721 1 19.0 121.84037780761719 20 500 21
0 0 -10.674 16.16 D
999 1 -71.448 19.934 1
998 1 -71.448 19.934 1
997 1 -71.448 19.934 1
996 1 -71.448 19.934 1
995 1 -71.448 19.934 1
993 1 -71.448 19.934 1
992 1 -71.448 19.934 1
991 1 -71.448 19.934 1
990 1 -71.448 19.934 1
989 1 -71.448 19.934 1
988 1 -71.448 19.934 1
986 1 -71.448 19.934 1
985 1 -71.448 19.934 1
984 1 -71.448 19.934 1
983 1 -71.448 19.934 1
1446 1 -69.403 20.288 1
1445 1 -69.403 20.288 1
1444 1 -69.403 20.288 1
1443 1 -69.403 20.288 1
-1 0 -10.674 16.16 D
12722 1 19.0 80.97937774658203 20 500 21
0 0 -10.674 16.16 D
777 1 -25.69 18.536 1
776 1 -25.69 18.536 1
775 1 -25.69 18.536 1
384 1 -48.267 6.116 1
383 1 -48.267 6.116 1
382 1 -48.267 6.116 1
380 1 -48.267 6.116 1
379 1 -48.267 6.116 1
378 1 -48.267 6.116 1
377 1 -48.267 6.116 1
376 1 -48.267 6.116 1
375 1 -48.267 6.116 1
408 1 -26.855 16.559 1
405 1 -26.855 16.559 1
403 1 -26.855 16.559 1
401 1 -26.855 16.559 1
399 1 -26.855 16.559 1
397 1 -26.855 16.559 1
396 1 -26.855 16.559 1
-1 0 -10.674 16.16 D
12723 1 19.0 102.07818603515625 20 500 21
0 0 -10.674 16.16 D
261 1 -59.534 11.157 1
260 1 -59.534 11.157 1
259 1 -59.534 11.157 1
256 1 -59.534 11.157 1
254 1 -59.534 11.157 1
253 1 -59.534 11.157 1
252 1 -59.534 11.157 1
251 1 -59.534 11.157 1
1494 1 -59.918 14.838 1
1493 1 -59.918 14.838 1
1492 1 -59.918 14.838 1
1491 1 -59.918 14.838 1
1490 1 -59.918 14.838 1
1489 1 -59.918 14.838 1
1488 1 -59.918 14.838 1
1487 1 -59.918 14.838 1
1486 1 -59.918 14.838 1
1485 1 -59.918 14.838 1
1484 1 -59.918 14.838 1
-1 0 -10.674 16.16 D
12724 1 19.0 122.19125366210938 20 500 21
0 0 -10.674 16.16 D
1483 1 -59.918 14.838 1
1482 1 -59.918 14.838 1
1481 1 -59.918 14.838 1
1480 1 -59.918 14.838 1
1479 1 -59.918 14.838 1
1478 1 -59.918 14.838 1
1477 1 -59.918 14.838 1
1476 1 -59.918 14.838 1
1475 1 -59.918 14.838 1
576 1 -70.734 8.746 1
575 1 -70.734 8.746 1
573 1 -70.734 8.746 1
572 1 -70.734 8.746 1
571 1 -70.734 8.746 1
570 1 -70.734 8.746 1
569 1 -70.734 8.746 1
568 1 -70.734 8.746 1
567 1 -70.734 8.746 1
566 1 -70.734 8.746 1
-1 0 -10.674 16.16 D
12725 1 19.0 201.63409423828125 20 500 21
0 0 -10.674 16.16 D
64 1 -68.463 -44.293 1
62 1 -68.463 -44.293 1
56 1 -68.463 -44.293 1
55 1 -68.463 -44.293 1
54 1 -68.463 -44.293 1
52 1 -68.463 -44.293 1
367 1 -85.181 -8.716 1
364 1 -85.181 -8.716 1
362 1 -85.181 -8.716 1
359 1 -85.181 -8.716 1
357 1 -85.181 -8.716 1
355 1 -85.181 -8.716 1
394 1 -48.267 6.116 1
393 1 -48.267 6.116 1
390 1 -48.267 6.116 1
389 1 -48.267 6.116 1
388 1 -48.267 6.116 1
387 1 -48.267 6.116 1
386 1 -48.267 6.116 1
-1 0 -10.674 16.16 D
12726 1 19.0 186.16827392578125 20 500 21
0 0 -10.674 16.16 D
824 1 -18.665 13.135 1
823 1 -18.665 13.135 1
822 1 -18.665 13.135 1
250 1 -98.157 -15.424 1
249 1 -98.157 -15.424 1
248 1 -98.157 -15.424 1
246 1 -98.157 -15.424 1
245 1 -98.157 -15.424 1
242 1 -98.157 -15.424 1
240 1 -98.157 -15.424 1
239 1 -98.157 -15.424 1
237 1 -98.157 -15.424 1
234 1 -98.157 -15.424 1
232 1 -98.157 -15.424 1
227 1 -98.157 -15.424 1
226 1 -98.157 -15.424 1
373 1 -85.181 -8.716 1
370 1 -85.181 -8.716 1
368 1 -85.181 -8.716 1
-1 0 -10.674 16.16 D
12727 1 19.0 133.16871643066406 20 500 21
0 0 -10.674 16.16 D
968 1 -69.299 -15.179 1
967 1 -69.299 -15.179 1
966 1 -69.299 -15.179 1
965 1 -69.299 -15.179 1
964 1 -44.989 0.69 1
962 1 -44.989 0.69 1
961 1 -44.989 0.69 1
960 1 -44.989 0.69 1
959 1 -44.989 0.69 1
958 1 -44.989 0.69 1
957 1 -44.989 0.69 1
956 1 -44.989 0.69 1
954 1 -44.989 0.69 1
953 1 -44.989 0.69 1
830 1 -18.665 13.135 1
829 1 -18.665 13.135 1
827 1 -18.665 13.135 1
826 1 -18.665 13.135 1
825 1 -18.665 13.135 1
-1 0 -10.674 16.16 D
12728 1 19.0 132.9898223876953 20 500 21
0 0 -10.674 16.16 D
1687 1 -12.988 14.661 1
1686 1 -12.988 14.661 1
1685 1 -12.988 14.661 1
1684 1 -12.988 14.661 1
1683 1 -12.988 14.661 1
780 1 -27.454 6.049 1
779 1 -27.454 6.049 1
778 1 -27.454 6.049 1
981 1 -69.299 -15.179 1
980 1 -69.299 -15.179 1
979 1 -69.299 -15.179 1
978 1 -69.299 -15.179 1
977 1 -69.299 -15.179 1
976 1 -69.299 -15.179 1
975 1 -69.299 -15.179 1
973 1 -69.299 -15.179 1
972 1 -69.299 -15.179 1
970 1 -69.299 -15.179 1
969 1 -69.299 -15.179 1
-1 0 -10.674 16.16 D
12729 1 19.0 108.00794982910156 20 500 21
0 0 -10.674 16.16 D
353 1 -60.242 1.483 1
350 1 -60.242 1.483 1
347 1 -60.242 1.483 1
346 1 -60.242 1.483 1
343 1 -60.242 1.483 1
342 1 -60.242 1.483 1
695 1 -27.136 -0.055 1
694 1 -27.136 -0.055 1
1698 1 -12.988 14.661 1
1697 1 -12.988 14.661 1
1696 1 -12.988 14.661 1
1695 1 -12.988 14.661 1
1694 1 -12.988 14.661 1
1693 1 -12.988 14.661 1
1692 1 -12.988 14.661 1
1691 1 -12.988 14.661 1
1690 1 -12.988 14.661 1
1689 1 -12.988 14.661 1
1688 1 -12.988 14.661 1
-1 0 -10.674 16.16 D
12730 1 19.0 167.70306396484375 20 500 21
0 0 -10.674 16.16 D
604 1 -24.951 -3.9 1
603 1 -24.951 -3.9 1
602 1 -24.951 -3.9 1
601 1 -24.951 -3.9 1
599 1 -24.951 -3.9 1
597 1 -24.951 -3.9 1
596 1 -24.951 -3.9 1
595 1 -24.951 -3.9 1
594 1 -24.951 -3.9 1
593 1 -24.951 -3.9 1
589 1 -24.951 -3.9 1
161 1 -49.896 -29.114 1
160 1 -49.896 -29.114 1
157 1 -49.896 -29.114 1
156 1 -49.896 -29.114 1
155 1 -49.896 -29.114 1
154 1 -49.896 -29.114 1
70 1 -68.463 -44.293 1
68 1 -68.463 -44.293 1
-1 0 -10.674 16.16 D
12731 1 19.0 123.83831024169922 20 500 21
0 0 -10.674 16.16 D
1103 1 -19.781 -5.804 1
1102 1 -19.781 -5.804 1
1101 1 -19.781 -5.804 1
1100 1 -19.781 -5.804 1
1099 1 -19.781 -5.804 1
1098 1 -19.781 -5.804 1
1096 1 -19.781 -5.804 1
907 1 -32.471 -41.089 1
906 1 -32.471 -41.089 1
905 1 -32.471 -41.089 1
904 1 -32.471 -41.089 1
903 1 -32.471 -41.089 1
902 1 -32.471 -41.089 1
613 1 -24.951 -3.9 1
611 1 -24.951 -3.9 1
608 1 -24.951 -3.9 1
607 1 -24.951 -3.9 1
606 1 -24.951 -3.9 1
605 1 -24.951 -3.9 1
-1 0 -10.674 16.16 D
12732 1 19.0 128.67120361328125 20 500 21
0 0 -10.674 16.16 D
1151 1 -30.573 -44.318 1
1150 1 -30.573 -44.318 1
1149 1 -30.573 -44.318 1
1148 1 -30.573 -44.318 1
926 1 -32.471 -41.089 1
925 1 -32.471 -41.089 1
924 1 -32.471 -41.089 1
923 1 -32.471 -41.089 1
922 1 -32.471 -41.089 1
920 1 -32.471 -41.089 1
918 1 -32.471 -41.089 1
917 1 -32.471 -41.089 1
916 1 -32.471 -41.089 1
914 1 -32.471 -41.089 1
913 1 -32.471 -41.089 1
912 1 -32.471 -41.089 1
910 1 -32.471 -41.089 1
909 1 -32.471 -41.089 1
908 1 -32.471 -41.089 1
-1 0 -10.674 16.16 D
12733 1 19.0 142.1353759765625 20 500 21
0 0 -10.674 16.16 D
197 1 -20.868 -27.332 1
194 1 -20.868 -27.332 1
192 1 -20.868 -27.332 1
191 1 -20.868 -27.332 1
187 1 -20.868 -27.332 1
186 1 -20.868 -27.332 1
183 1 -20.868 -27.332 1
182 1 -20.868 -27.332 1
179 1 -20.868 -27.332 1
178 1 -20.868 -27.332 1
174 1 -20.868 -27.332 1
28 1 -25.366 -51.691 1
27 1 -25.366 -51.691 1
25 1 -25.366 -51.691 1
24 1 -25.366 -51.691 1
1156 1 -30.573 -44.318 1
1154 1 -30.573 -44.318 1
1153 1 -30.573 -44.318 1
1152 1 -30.573 -44.318 1
-1 0 -10.674 16.16 D
12734 2 39.0 255.16339111328125 40 500 41
0 0 -10.674 16.16 D
1605 1 -10.962 -10.962 2
1604 1 -10.962 -10.962 2
1603 1 -10.962 -10.962 2
1602 1 -10.962 -10.962 2
1601 1 -10.962 -10.962 2
1600 1 -10.962 -10.962 2
1599 1 -10.962 -10.962 2
1598 1 -10.962 -10.962 2
1597 1 -10.962 -10.962 2
1596 1 -10.962 -10.962 2
1595 1 -10.962 -10.962 2
1594 1 -10.962 -10.962 2
1593 1 -10.962 -10.962 2
1592 1 -10.962 -10.962 2
1591 1 -10.962 -10.962 2
1590 1 -10.962 -10.962 2
1589 1 -10.962 -10.962 2
23 1 -2.374 -56.158 2
16 1 -2.374 -56.158 2
14 1 -2.374 -56.158 2
11 1 -2.374 -56.158 2
8 1 -2.374 -56.158 2
7 1 -2.374 -56.158 2
6 1 -2.374 -56.158 2
105 1 12.976 -59.015 2
104 1 12.976 -59.015 2
276 1 -8.502 -99.738 2
275 1 -8.502 -99.738 2
274 1 -8.502 -99.738 2
272 1 -8.502 -99.738 2
270 1 -8.502 -99.738 2
148 1 -22.046 -62.946 2
147 1 -22.046 -62.946 2
35 1 -25.366 -51.691 2
34 1 -25.366 -51.691 2
26 1 -25.366 -51.691 2
198 1 -20.868 -27.332 2
195 1 -20.868 -27.332 2
193 1 -20.868 -27.332 2
-1 0 -10.674 16.16 D
12735 1 19.0 236.5061492919922 20 500 21
0 0 -10.674 16.16 D
1028 1 -8.246 -20.026 1
1027 1 -8.246 -20.026 1
1026 1 -8.246 -20.026 1
1025 1 -8.246 -20.026 1
1024 1 -8.246 -20.026 1
1022 1 -8.246 -20.026 1
1020 1 -8.246 -20.026 1
1339 1 -9.454 -24.591 1
271 1 -8.502 -99.738 1
269 1 -8.502 -99.738 1
268 1 -8.502 -99.738 1
267 1 -8.502 -99.738 1
150 1 -22.046 -62.946 1
149 1 -22.046 -62.946 1
36 1 -25.366 -51.691 1
33 1 -25.366 -51.691 1
31 1 -25.366 -51.691 1
30 1 -25.366 -51.691 1
29 1 -25.366 -51.691 1
-1 0 -10.674 16.16 D
12736 1 19.0 167.29440307617188 20 500 21
0 0 -10.674 16.16 D
108 1 12.976 -59.015 1
102 1 12.976 -59.015 1
22 1 -2.374 -56.158 1
21 1 -2.374 -56.158 1
20 1 -2.374 -56.158 1
19 1 -2.374 -56.158 1
18 1 -2.374 -56.158 1
17 1 -2.374 -56.158 1
15 1 -2.374 -56.158 1
13 1 -2.374 -56.158 1
12 1 -2.374 -56.158 1
10 1 -2.374 -56.158 1
9 1 -2.374 -56.158 1
5 1 -2.374 -56.158 1
4 1 -2.374 -56.158 1
3 1 -2.374 -56.158 1
1 1 -2.374 -56.158 1
1030 1 -8.246 -20.026 1
1029 1 -8.246 -20.026 1
-1 0 -10.674 16.16 D
12737 2 39.0 246.81077575683594 40 500 41
0 0 -10.674 16.16 D
325 1 39.105 -19.037 2
322 1 39.105 -19.037 2
319 1 39.105 -19.037 2
298 1 43.201 -21.716 2
144 1 68.738 -50.494 2
143 1 68.738 -50.494 2
41 1 20.459 -52.02 2
40 1 20.459 -52.02 2
39 1 20.459 -52.02 2
107 1 12.976 -59.015 2
106 1 12.976 -59.015 2
1176 1 17.926 -31.097 2
1175 1 17.926 -31.097 2
1174 1 17.926 -31.097 2
1173 1 17.926 -31.097 2
1171 1 17.926 -31.097 2
1170 1 17.926 -31.097 2
1169 1 17.926 -31.097 2
1168 1 17.926 -31.097 2
1167 1 17.926 -31.097 2
1165 1 17.926 -31.097 2
1164 1 17.926 -31.097 2
1163 1 17.926 -31.097 2
1162 1 17.926 -31.097 2
1161 1 17.926 -31.097 2
1160 1 17.926 -31.097 2
1159 1 17.926 -31.097 2
1158 1 17.926 -31.097 2
1157 1 17.926 -31.097 2
1352 1 9.814 -11.969 2
1351 1 9.814 -11.969 2
1350 1 9.814 -11.969 2
1348 1 9.814 -11.969 2
1347 1 9.814 -11.969 2
1346 1 9.814 -11.969 2
1345 1 9.814 -11.969 2
1344 1 9.814 -11.969 2
1343 1 9.814 -11.969 2
1340 1 9.814 -11.969 2
-1 0 -10.674 16.16 D
12738 1 19.0 164.19467163085938 20 500 21
0 0 -10.674 16.16 D
743 1 4.498 -10.706 1
741 1 4.498 -10.706 1
740 1 4.498 -10.706 1
51 1 20.459 -52.02 1
50 1 20.459 -52.02 1
48 1 20.459 -52.02 1
47 1 20.459 -52.02 1
46 1 20.459 -52.02 1
45 1 20.459 -52.02 1
44 1 20.459 -52.02 1
43 1 20.459 -52.02 1
42 1 20.459 -52.02 1
38 1 20.459 -52.02 1
37 1 20.459 -52.02 1
113 1 12.976 -59.015 1
112 1 12.976 -59.015 1
111 1 12.976 -59.015 1
110 1 12.976 -59.015 1
109 1 12.976 -59.015 1
-1 0 -10.674 16.16 D
12739 1 19.0 115.87257385253906 20 500 21
0 0 -10.674 16.16 D
117 1 11.871 24.915 1
521 1 22.302 -16.028 1
520 1 22.302 -16.028 1
519 1 22.302 -16.028 1
518 1 22.302 -16.028 1
517 1 22.302 -16.028 1
516 1 22.302 -16.028 1
515 1 22.302 -16.028 1
514 1 22.302 -16.028 1
513 1 22.302 -16.028 1
512 1 22.302 -16.028 1
511 1 22.302 -16.028 1
754 1 4.498 -10.706 1
751 1 4.498 -10.706 1
749 1 4.498 -10.706 1
748 1 4.498 -10.706 1
747 1 4.498 -10.706 1
745 1 4.498 -10.706 1
744 1 4.498 -10.706 1
-1 0 -10.674 16.16 D
12740 1 19.0 148.42221069335938 20 500 21
0 0 -10.674 16.16 D
1191 1 -3.54 11.426 1
1189 1 -3.54 11.426 1
1185 1 -3.54 11.426 1
1184 1 -3.54 11.426 1
1183 1 -3.54 11.426 1
324 1 39.105 -19.037 1
323 1 39.105 -19.037 1
321 1 39.105 -19.037 1
300 1 43.201 -21.716 1
297 1 43.201 -21.716 1
296 1 43.201 -21.716 1
294 1 43.201 -21.716 1
620 1 47.26 -29.51 1
619 1 47.26 -29.51 1
618 1 47.26 -29.51 1
617 1 47.26 -29.51 1
616 1 47.26 -29.51 1
615 1 47.26 -29.51 1
614 1 47.26 -29.51 1
-1 0 -10.674 16.16 D
12741 2 39.0 221.63235473632812 40 500 41
0 0 -10.674 16.16 D
1190 1 -3.54 11.426 2
1187 1 -3.54 11.426 2
1186 1 -3.54 11.426 2
454 1 22.931 -2.979 2
450 1 22.931 -2.979 2
449 1 22.931 -2.979 2
448 1 22.931 -2.979 2
446 1 22.931 -2.979 2
885 1 36.78 -6.824 2
880 1 36.78 -6.824 2
1372 1 37.86 -10.37 2
1371 1 37.86 -10.37 2
1370 1 37.86 -10.37 2
1369 1 37.86 -10.37 2
1368 1 37.86 -10.37 2
1367 1 37.86 -10.37 2
1366 1 37.86 -10.37 2
1365 1 37.86 -10.37 2
1364 1 37.86 -10.37 2
1363 1 37.86 -10.37 2
1362 1 37.86 -10.37 2
299 1 43.201 -21.716 2
207 1 81.989 -18.14 2
204 1 81.989 -18.14 2
201 1 81.989 -18.14 2
199 1 81.989 -18.14 2
1046 1 76.117 4.23 2
1033 1 76.117 4.23 2
100 1 52.795 0.311 2
97 1 52.795 0.311 2
1606 1 48.309 0.159 2
1398 1 43.732 4.797 2
1397 1 43.732 4.797 2
1396 1 43.732 4.797 2
1395 1 43.732 4.797 2
1394 1 43.732 4.797 2
1393 1 43.732 4.797 2
1392 1 43.732 4.797 2
1391 1 43.732 4.797 2
-1 0 -10.674 16.16 D
12742 1 19.0 157.5642852783203 20 500 21
0 0 -10.674 16.16 D
439 1 46.869 8.282 1
438 1 46.869 8.282 1
437 1 46.869 8.282 1
435 1 46.869 8.282 1
434 1 46.869 8.282 1
302 1 43.201 -21.716 1
301 1 43.201 -21.716 1
871 1 36.78 -6.824 1
870 1 36.78 -6.824 1
869 1 36.78 -6.824 1
868 1 36.78 -6.824 1
867 1 36.78 -6.824 1
866 1 36.78 -6.824 1
865 1 36.78 -6.824 1
456 1 22.931 -2.979 1
455 1 22.931 -2.979 1
453 1 22.931 -2.979 1
451 1 22.931 -2.979 1
447 1 22.931 -2.979 1
-1 0 -10.674 16.16 D
12743 1 19.0 198.22210693359375 20 500 21
0 0 -10.674 16.16 D
887 1 36.78 -6.824 1
886 1 36.78 -6.824 1
884 1 36.78 -6.824 1
882 1 36.78 -6.824 1
881 1 36.78 -6.824 1
879 1 36.78 -6.824 1
878 1 36.78 -6.824 1
877 1 36.78 -6.824 1
875 1 36.78 -6.824 1
874 1 36.78 -6.824 1
873 1 36.78 -6.824 1
872 1 36.78 -6.824 1
73 1 51.794 -9.241 1
206 1 81.989 -18.14 1
203 1 81.989 -18.14 1
202 1 81.989 -18.14 1
834 1 62.195 -10.602 1
832 1 62.195 -10.602 1
831 1 62.195 -10.602 1
-1 0 -10.674 16.16 D
12744 4 42.0 499.1449890136719 60 500 44
0 0 -10.674 16.16 D
1213 1 -36.56 -3.644 4
1212 1 -36.56 -3.644 4
1210 1 -36.56 -3.644 4
1208 1 -36.56 -3.644 4
1205 1 -36.56 -3.644 4
1204 1 -36.56 -3.644 4
587 1 -36.572 -8.435 4
586 1 -36.572 -8.435 4
585 1 -36.572 -8.435 4
584 1 -36.572 -8.435 4
583 1 -36.572 -8.435 4
582 1 -36.572 -8.435 4
581 1 -36.572 -8.435 4
580 1 -36.572 -8.435 4
579 1 -36.572 -8.435 4
578 1 -36.572 -8.435 4
152 1 -49.896 -29.114 4
151 1 -49.896 -29.114 4
69 1 -68.463 -44.293 4
65 1 -68.463 -44.293 4
63 1 -68.463 -44.293 4
53 1 -68.463 -44.293 4
146 1 -22.046 -62.946 4
277 1 -8.502 -99.738 4
273 1 -8.502 -99.738 4
1342 1 9.814 -11.969 4
295 1 43.201 -21.716 4
726 1 38.904 19.312 4
724 1 38.904 19.312 4
723 1 38.904 19.312 4
99 1 52.795 0.311 4
1333 1 63.934 -12.543 4
1332 1 63.934 -12.543 4
1331 1 63.934 -12.543 4
1330 1 63.934 -12.543 4
1329 1 63.934 -12.543 4
1328 1 63.934 -12.543 4
1326 1 63.934 -12.543 4
1325 1 63.934 -12.543 4
1324 1 63.934 -12.543 4
205 1 81.989 -18.14 4
200 1 81.989 -18.14 4
-1 0 -10.674 16.16 D
12745 1 19.0 155.31845092773438 20 500 21
0 0 -10.674 16.16 D
1274 1 40.625 -1.154 1
1271 1 40.625 -1.154 1
1269 1 40.625 -1.154 1
1267 1 40.625 -1.154 1
852 1 62.195 -10.602 1
851 1 62.195 -10.602 1
850 1 62.195 -10.602 1
849 1 62.195 -10.602 1
848 1 62.195 -10.602 1
847 1 62.195 -10.602 1
846 1 62.195 -10.602 1
845 1 62.195 -10.602 1
843 1 62.195 -10.602 1
841 1 62.195 -10.602 1
839 1 62.195 -10.602 1
838 1 62.195 -10.602 1
837 1 62.195 -10.602 1
836 1 62.195 -10.602 1
835 1 62.195 -10.602 1
-1 0 -10.674 16.16 D
12746 1 19.0 196.36209106445312 20 500 21
0 0 -10.674 16.16 D
1035 1 76.117 4.23 1
1034 1 76.117 4.23 1
1032 1 76.117 4.23 1
815 1 77.692 -10.785 1
814 1 77.692 -10.785 1
813 1 77.692 -10.785 1
812 1 77.692 -10.785 1
810 1 77.692 -10.785 1
808 1 77.692 -10.785 1
807 1 77.692 -10.785 1
101 1 52.795 0.311 1
98 1 52.795 0.311 1
96 1 52.795 0.311 1
95 1 52.795 0.311 1
1280 1 40.625 -1.154 1
1279 1 40.625 -1.154 1
1278 1 40.625 -1.154 1
1277 1 40.625 -1.154 1
1275 1 40.625 -1.154 1
-1 0 -10.674 16.16 D
12747 1 19.0 250.57583618164062 20 500 21
0 0 -10.674 16.16 D
145 1 68.738 -50.494 1
141 1 68.738 -50.494 1
140 1 68.738 -50.494 1
139 1 68.738 -50.494 1
138 1 68.738 -50.494 1
137 1 68.738 -50.494 1
1048 1 76.117 4.23 1
1047 1 76.117 4.23 1
1045 1 76.117 4.23 1
1044 1 76.117 4.23 1
1043 1 76.117 4.23 1
1042 1 76.117 4.23 1
1041 1 76.117 4.23 1
1040 1 76.117 4.23 1
1039 1 76.117 4.23 1
1038 1 76.117 4.23 1
1037 1 76.117 4.23 1
1036 1 76.117 4.23 1
116 1 11.871 24.915 1
-1 0 -10.674 16.16 D
12748 2 39.0 479.66510009765625 40 500 41
0 0 -10.674 16.16 D
480 1 -92.95 25.201 2
479 1 -92.95 25.201 2
469 1 -92.95 25.201 2
465 1 -92.95 25.201 2
458 1 -92.95 25.201 2
223 1 -86.163 72.308 2
221 1 -86.163 72.308 2
219 1 -86.163 72.308 2
215 1 -86.163 72.308 2
214 1 -86.163 72.308 2
213 1 -86.163 72.308 2
210 1 -86.163 72.308 2
208 1 -86.163 72.308 2
432 1 -72.589 96.625 2
431 1 -72.589 96.625 2
430 1 -72.589 96.625 2
428 1 -72.589 96.625 2
425 1 -72.589 96.625 2
421 1 -72.589 96.625 2
420 1 -72.589 96.625 2
419 1 -72.589 96.625 2
417 1 -72.589 96.625 2
412 1 -72.589 96.625 2
330 1 -37.854 82.397 2
1127 1 -5.243 86.212 2
90 1 19.818 74.152 2
86 1 19.818 74.152 2
82 1 19.818 74.152 2
80 1 19.818 74.152 2
77 1 19.818 74.152 2
75 1 19.818 74.152 2
440 1 46.869 8.282 2
436 1 46.869 8.282 2
433 1 46.869 8.282 2
683 1 93.805 16.101 2
682 1 93.805 16.101 2
681 1 93.805 16.101 2
680 1 93.805 16.101 2
679 1 93.805 16.101 2
-1 0 -10.674 16.16 D
13793 1 19.0 163.48248291015625 20 500 21
0 0 -10.674 16.16 D
114 1 11.871 24.915 1
115 1 11.871 24.915 1
263 1 31.268 31.903 1
264 1 31.268 31.903 1
266 1 31.268 31.903 1
441 1 49.261 35.828 1
278 1 68.225 28.65 1
279 1 68.225 28.65 1
283 1 68.225 28.65 1
284 1 68.225 28.65 1
286 1 68.225 28.65 1
287 1 68.225 28.65 1
289 1 68.225 28.65 1
292 1 68.225 28.65 1
293 1 68.225 28.65 1
336 1 54.102 27.997 1
337 1 54.102 27.997 1
338 1 54.102 27.997 1
340 1 54.102 27.997 1
-1 0 -10.674 16.16 D
13794 1 18.0 131.89683532714844 20 500 20
0 0 -10.674 16.16 D
1334 1 -5.463 16.992 1
1335 1 -5.463 16.992 1
1336 1 -5.463 16.992 1
1755 1 26.086 20.355 1
1756 1 26.086 20.355 1
1757 1 26.086 20.355 1
1758 1 26.086 20.355 1
1759 1 26.086 20.355 1
332 1 54.102 27.997 1
304 1 1.892 18.744 1
305 1 1.892 18.744 1
306 1 1.892 18.744 1
309 1 1.892 18.744 1
312 1 1.892 18.744 1
313 1 1.892 18.744 1
314 1 1.892 18.744 1
316 1 1.892 18.744 1
317 1 1.892 18.744 1
-1 0 -10.674 16.16 D
