1866
1 1 1 -2.374 -56.158 1
2 4 1 -2.374 -56.158 1
3 1 1 -2.374 -56.158 1
4 1 1 -2.374 -56.158 1
5 1 1 -2.374 -56.158 1
6 2 1 -2.374 -56.158 1
7 2 1 -2.374 -56.158 1
8 2 1 -2.374 -56.158 1
9 1 1 -2.374 -56.158 1
10 1 1 -2.374 -56.158 1
11 2 1 -2.374 -56.158 1
12 1 1 -2.374 -56.158 1
13 1 1 -2.374 -56.158 1
14 2 1 -2.374 -56.158 1
15 1 1 -2.374 -56.158 1
16 2 1 -2.374 -56.158 1
17 1 1 -2.374 -56.158 1
18 1 1 -2.374 -56.158 1
19 1 1 -2.374 -56.158 1
20 1 1 -2.374 -56.158 1
21 1 1 -2.374 -56.158 1
22 1 1 -2.374 -56.158 1
23 2 1 -2.374 -56.158 1
24 1 1 -25.366 -51.691 2
25 1 1 -25.366 -51.691 2
26 2 1 -25.366 -51.691 2
27 1 1 -25.366 -51.691 2
28 1 1 -25.366 -51.691 2
29 1 1 -25.366 -51.691 2
30 1 1 -25.366 -51.691 2
31 1 1 -25.366 -51.691 2
32 4 1 -25.366 -51.691 2
33 1 1 -25.366 -51.691 2
34 2 1 -25.366 -51.691 2
35 2 1 -25.366 -51.691 2
36 1 1 -25.366 -51.691 2
37 1 1 20.459 -52.02 3
38 1 1 20.459 -52.02 3
39 2 1 20.459 -52.02 3
40 2 1 20.459 -52.02 3
41 2 1 20.459 -52.02 3
42 1 1 20.459 -52.02 3
43 1 1 20.459 -52.02 3
44 1 1 20.459 -52.02 3
45 1 1 20.459 -52.02 3
46 1 1 20.459 -52.02 3
47 1 1 20.459 -52.02 3
48 1 1 20.459 -52.02 3
49 4 1 20.459 -52.02 3
50 1 1 20.459 -52.02 3
51 1 1 20.459 -52.02 3
52 1 1 -68.463 -44.293 4
53 4 1 -68.463 -44.293 4
54 1 1 -68.463 -44.293 4
55 1 1 -68.463 -44.293 4
56 1 1 -68.463 -44.293 4
57 2 1 -68.463 -44.293 4
58 2 1 -68.463 -44.293 4
59 2 1 -68.463 -44.293 4
60 2 1 -68.463 -44.293 4
61 2 1 -68.463 -44.293 4
62 1 1 -68.463 -44.293 4
63 4 1 -68.463 -44.293 4
64 1 1 -68.463 -44.293 4
65 4 1 -68.463 -44.293 4
66 2 1 -68.463 -44.293 4
67 2 1 -68.463 -44.293 4
68 1 1 -68.463 -44.293 4
69 4 1 -68.463 -44.293 4
70 1 1 -68.463 -44.293 4
71 2 1 -68.463 -44.293 4
72 2 1 -68.463 -44.293 4
73 1 1 51.794 -9.241 5
74 1 1 19.818 74.152 6
75 2 1 19.818 74.152 6
76 1 1 19.818 74.152 6
77 2 1 19.818 74.152 6
78 1 1 19.818 74.152 6
79 1 1 19.818 74.152 6
80 2 1 19.818 74.152 6
81 1 1 19.818 74.152 6
82 2 1 19.818 74.152 6
83 4 1 19.818 74.152 6
84 1 1 19.818 74.152 6
85 1 1 19.818 74.152 6
86 2 1 19.818 74.152 6
87 1 1 19.818 74.152 6
88 1 1 19.818 74.152 6
89 1 1 19.818 74.152 6
90 2 1 19.818 74.152 6
91 1 1 19.818 74.152 6
92 1 1 19.818 74.152 6
93 1 1 19.818 74.152 6
94 1 1 19.818 74.152 6
95 1 1 52.795 0.311 7
96 1 1 52.795 0.311 7
97 2 1 52.795 0.311 7
98 1 1 52.795 0.311 7
99 4 1 52.795 0.311 7
100 2 1 52.795 0.311 7
101 1 1 52.795 0.311 7
102 1 1 12.976 -59.015 8
103 4 1 12.976 -59.015 8
104 2 1 12.976 -59.015 8
105 2 1 12.976 -59.015 8
106 2 1 12.976 -59.015 8
107 2 1 12.976 -59.015 8
108 1 1 12.976 -59.015 8
109 1 1 12.976 -59.015 8
110 1 1 12.976 -59.015 8
111 1 1 12.976 -59.015 8
112 1 1 12.976 -59.015 8
113 1 1 12.976 -59.015 8
114 1 1 11.871 24.915 9
115 1 1 11.871 24.915 9
116 1 1 11.871 24.915 9
117 1 1 11.871 24.915 9
118 1 1 11.871 24.915 9
119 4 1 11.871 24.915 9
120 1 1 11.871 24.915 9
121 1 1 11.871 24.915 9
122 2 1 11.871 24.915 9
123 1 1 11.871 24.915 9
124 2 1 11.871 24.915 9
125 2 1 11.871 24.915 9
126 1 1 11.871 24.915 9
127 1 1 11.871 24.915 9
128 1 1 11.871 24.915 9
129 2 1 11.871 24.915 9
130 2 1 11.871 24.915 9
131 1 1 11.871 24.915 9
132 1 1 11.871 24.915 9
133 2 1 11.871 24.915 9
134 1 1 11.871 24.915 9
135 4 1 11.871 24.915 9
136 1 1 11.871 24.915 9
137 1 1 68.738 -50.494 10
138 1 1 68.738 -50.494 10
139 1 1 68.738 -50.494 10
140 1 1 68.738 -50.494 10
141 1 1 68.738 -50.494 10
142 4 1 68.738 -50.494 10
143 2 1 68.738 -50.494 10
144 2 1 68.738 -50.494 10
145 1 1 68.738 -50.494 10
146 4 1 -22.046 -62.946 11
147 2 1 -22.046 -62.946 11
148 2 1 -22.046 -62.946 11
149 1 1 -22.046 -62.946 11
150 1 1 -22.046 -62.946 11
151 4 1 -49.896 -29.114 12
152 4 1 -49.896 -29.114 12
153 2 1 -49.896 -29.114 12
154 1 1 -49.896 -29.114 12
155 1 1 -49.896 -29.114 12
156 1 1 -49.896 -29.114 12
157 1 1 -49.896 -29.114 12
158 2 1 -49.896 -29.114 12
159 2 1 -49.896 -29.114 12
160 1 1 -49.896 -29.114 12
161 1 1 -49.896 -29.114 12
162 2 1 -49.896 -29.114 12
163 2 1 -49.896 -29.114 12
164 2 1 -49.896 -29.114 12
165 2 1 -49.896 -29.114 12
166 2 1 -49.896 -29.114 12
167 2 1 -49.896 -29.114 12
168 2 1 -49.896 -29.114 12
169 1 1 -13.593 27.863 13
170 1 1 -13.593 27.863 13
171 1 1 -13.593 27.863 13
172 4 1 -13.593 27.863 13
173 2 1 -13.593 27.863 13
174 1 1 -20.868 -27.332 14
175 2 1 -20.868 -27.332 14
176 2 1 -20.868 -27.332 14
177 2 1 -20.868 -27.332 14
178 1 1 -20.868 -27.332 14
179 1 1 -20.868 -27.332 14
180 2 1 -20.868 -27.332 14
181 4 1 -20.868 -27.332 14
182 1 1 -20.868 -27.332 14
183 1 1 -20.868 -27.332 14
184 2 1 -20.868 -27.332 14
185 2 1 -20.868 -27.332 14
186 1 1 -20.868 -27.332 14
187 1 1 -20.868 -27.332 14
188 2 1 -20.868 -27.332 14
189 4 1 -20.868 -27.332 14
190 4 1 -20.868 -27.332 14
191 1 1 -20.868 -27.332 14
192 1 1 -20.868 -27.332 14
193 2 1 -20.868 -27.332 14
194 1 1 -20.868 -27.332 14
195 2 1 -20.868 -27.332 14
196 4 1 -20.868 -27.332 14
197 1 1 -20.868 -27.332 14
198 2 1 -20.868 -27.332 14
199 2 1 81.989 -18.14 15
200 4 1 81.989 -18.14 15
201 2 1 81.989 -18.14 15
202 1 1 81.989 -18.14 15
203 1 1 81.989 -18.14 15
204 2 1 81.989 -18.14 15
205 4 1 81.989 -18.14 15
206 1 1 81.989 -18.14 15
207 2 1 81.989 -18.14 15
208 2 1 -86.163 72.308 16
209 1 1 -86.163 72.308 16
210 2 1 -86.163 72.308 16
211 1 1 -86.163 72.308 16
212 1 1 -86.163 72.308 16
213 2 1 -86.163 72.308 16
214 2 1 -86.163 72.308 16
215 2 1 -86.163 72.308 16
216 1 1 -86.163 72.308 16
217 1 1 -86.163 72.308 16
218 1 1 -86.163 72.308 16
219 2 1 -86.163 72.308 16
220 1 1 -86.163 72.308 16
221 2 1 -86.163 72.308 16
222 1 1 -86.163 72.308 16
223 2 1 -86.163 72.308 16
224 1 1 -86.163 72.308 16
225 1 1 -86.163 72.308 16
226 1 1 -98.157 -15.424 17
227 1 1 -98.157 -15.424 17
228 2 1 -98.157 -15.424 17
229 2 1 -98.157 -15.424 17
230 2 1 -98.157 -15.424 17
231 4 1 -98.157 -15.424 17
232 1 1 -98.157 -15.424 17
233 2 1 -98.157 -15.424 17
234 1 1 -98.157 -15.424 17
235 2 1 -98.157 -15.424 17
236 2 1 -98.157 -15.424 17
237 1 1 -98.157 -15.424 17
238 2 1 -98.157 -15.424 17
239 1 1 -98.157 -15.424 17
240 1 1 -98.157 -15.424 17
241 2 1 -98.157 -15.424 17
242 1 1 -98.157 -15.424 17
243 2 1 -98.157 -15.424 17
244 2 1 -98.157 -15.424 17
245 1 1 -98.157 -15.424 17
246 1 1 -98.157 -15.424 17
247 2 1 -98.157 -15.424 17
248 1 1 -98.157 -15.424 17
249 1 1 -98.157 -15.424 17
250 1 1 -98.157 -15.424 17
251 1 1 -59.534 11.157 18
252 1 1 -59.534 11.157 18
253 1 1 -59.534 11.157 18
254 1 1 -59.534 11.157 18
255 2 1 -59.534 11.157 18
256 1 1 -59.534 11.157 18
257 2 1 -59.534 11.157 18
258 2 1 -59.534 11.157 18
259 1 1 -59.534 11.157 18
260 1 1 -59.534 11.157 18
261 1 1 -59.534 11.157 18
262 2 1 31.268 31.903 19
263 1 1 31.268 31.903 19
264 1 1 31.268 31.903 19
265 2 1 31.268 31.903 19
266 1 1 31.268 31.903 19
267 1 1 -8.502 -99.738 20
268 1 1 -8.502 -99.738 20
269 1 1 -8.502 -99.738 20
270 2 1 -8.502 -99.738 20
271 1 1 -8.502 -99.738 20
272 2 1 -8.502 -99.738 20
273 4 1 -8.502 -99.738 20
274 2 1 -8.502 -99.738 20
275 2 1 -8.502 -99.738 20
276 2 1 -8.502 -99.738 20
277 4 1 -8.502 -99.738 20
278 1 1 68.225 28.65 21
279 1 1 68.225 28.65 21
280 2 1 68.225 28.65 21
281 2 1 68.225 28.65 21
282 2 1 68.225 28.65 21
283 1 1 68.225 28.65 21
284 1 1 68.225 28.65 21
285 2 1 68.225 28.65 21
286 1 1 68.225 28.65 21
287 1 1 68.225 28.65 21
288 2 1 68.225 28.65 21
289 1 1 68.225 28.65 21
290 2 1 68.225 28.65 21
291 2 1 68.225 28.65 21
292 1 1 68.225 28.65 21
293 1 1 68.225 28.65 21
294 1 1 43.201 -21.716 22
295 4 1 43.201 -21.716 22
296 1 1 43.201 -21.716 22
297 1 1 43.201 -21.716 22
298 2 1 43.201 -21.716 22
299 2 1 43.201 -21.716 22
300 1 1 43.201 -21.716 22
301 1 1 43.201 -21.716 22
302 1 1 43.201 -21.716 22
303 2 1 1.892 18.744 23
304 1 1 1.892 18.744 23
305 1 1 1.892 18.744 23
306 1 1 1.892 18.744 23
307 2 1 1.892 18.744 23
308 4 1 1.892 18.744 23
309 1 1 1.892 18.744 23
310 2 1 1.892 18.744 23
311 2 1 1.892 18.744 23
312 1 1 1.892 18.744 23
313 1 1 1.892 18.744 23
314 1 1 1.892 18.744 23
315 2 1 1.892 18.744 23
316 1 1 1.892 18.744 23
317 1 1 1.892 18.744 23
318 4 1 39.105 -19.037 24
319 2 1 39.105 -19.037 24
320 4 1 39.105 -19.037 24
321 1 1 39.105 -19.037 24
322 2 1 39.105 -19.037 24
323 1 1 39.105 -19.037 24
324 1 1 39.105 -19.037 24
325 2 1 39.105 -19.037 24
326 1 1 -37.854 82.397 25
327 1 1 -37.854 82.397 25
328 1 1 -37.854 82.397 25
329 1 1 -37.854 82.397 25
330 2 1 -37.854 82.397 25
331 1 1 -37.854 82.397 25
332 1 1 54.102 27.997 26
333 2 1 54.102 27.997 26
334 2 1 54.102 27.997 26
335 2 1 54.102 27.997 26
336 1 1 54.102 27.997 26
337 1 1 54.102 27.997 26
338 1 1 54.102 27.997 26
339 2 1 54.102 27.997 26
340 1 1 54.102 27.997 26
341 2 1 -60.242 1.483 27
342 1 1 -60.242 1.483 27
343 1 1 -60.242 1.483 27
344 4 1 -60.242 1.483 27
345 2 1 -60.242 1.483 27
346 1 1 -60.242 1.483 27
347 1 1 -60.242 1.483 27
348 2 1 -60.242 1.483 27
349 2 1 -60.242 1.483 27
350 1 1 -60.242 1.483 27
351 2 1 -60.242 1.483 27
352 2 1 -60.242 1.483 27
353 1 1 -60.242 1.483 27
354 2 1 -60.242 1.483 27
355 1 1 -85.181 -8.716 28
356 2 1 -85.181 -8.716 28
357 1 1 -85.181 -8.716 28
358 4 1 -85.181 -8.716 28
359 1 1 -85.181 -8.716 28
360 2 1 -85.181 -8.716 28
361 2 1 -85.181 -8.716 28
362 1 1 -85.181 -8.716 28
363 2 1 -85.181 -8.716 28
364 1 1 -85.181 -8.716 28
365 4 1 -85.181 -8.716 28
366 4 1 -85.181 -8.716 28
367 1 1 -85.181 -8.716 28
368 1 1 -85.181 -8.716 28
369 4 1 -85.181 -8.716 28
370 1 1 -85.181 -8.716 28
371 2 1 -85.181 -8.716 28
372 2 1 -85.181 -8.716 28
373 1 1 -85.181 -8.716 28
374 2 1 -48.267 6.116 29
375 1 1 -48.267 6.116 29
376 1 1 -48.267 6.116 29
377 1 1 -48.267 6.116 29
378 1 1 -48.267 6.116 29
379 1 1 -48.267 6.116 29
380 1 1 -48.267 6.116 29
381 2 1 -48.267 6.116 29
382 1 1 -48.267 6.116 29
383 1 1 -48.267 6.116 29
384 1 1 -48.267 6.116 29
385 2 1 -48.267 6.116 29
386 1 1 -48.267 6.116 29
387 1 1 -48.267 6.116 29
388 1 1 -48.267 6.116 29
389 1 1 -48.267 6.116 29
390 1 1 -48.267 6.116 29
391 2 1 -48.267 6.116 29
392 4 1 -48.267 6.116 29
393 1 1 -48.267 6.116 29
394 1 1 -48.267 6.116 29
395 4 1 -26.855 16.559 30
396 1 1 -26.855 16.559 30
397 1 1 -26.855 16.559 30
398 2 1 -26.855 16.559 30
399 1 1 -26.855 16.559 30
400 2 1 -26.855 16.559 30
401 1 1 -26.855 16.559 30
402 2 1 -26.855 16.559 30
403 1 1 -26.855 16.559 30
404 2 1 -26.855 16.559 30
405 1 1 -26.855 16.559 30
406 2 1 -26.855 16.559 30
407 2 1 -26.855 16.559 30
408 1 1 -26.855 16.559 30
409 2 1 -26.855 16.559 30
410 1 1 -72.589 96.625 31
411 1 1 -72.589 96.625 31
412 2 1 -72.589 96.625 31
413 1 1 -72.589 96.625 31
414 1 1 -72.589 96.625 31
415 4 1 -72.589 96.625 31
416 1 1 -72.589 96.625 31
417 2 1 -72.589 96.625 31
418 4 1 -72.589 96.625 31
419 2 1 -72.589 96.625 31
420 2 1 -72.589 96.625 31
421 2 1 -72.589 96.625 31
422 1 1 -72.589 96.625 31
423 1 1 -72.589 96.625 31
424 1 1 -72.589 96.625 31
425 2 1 -72.589 96.625 31
426 1 1 -72.589 96.625 31
427 1 1 -72.589 96.625 31
428 2 1 -72.589 96.625 31
429 1 1 -72.589 96.625 31
430 2 1 -72.589 96.625 31
431 2 1 -72.589 96.625 31
432 2 1 -72.589 96.625 31
433 2 1 46.869 8.282 32
434 1 1 46.869 8.282 32
435 1 1 46.869 8.282 32
436 2 1 46.869 8.282 32
437 1 1 46.869 8.282 32
438 1 1 46.869 8.282 32
439 1 1 46.869 8.282 32
440 2 1 46.869 8.282 32
441 1 1 49.261 35.828 33
442 1 1 -32.465 39.05 34
443 2 1 -32.465 39.05 34
444 1 1 -32.465 39.05 34
445 4 1 22.931 -2.979 35
446 2 1 22.931 -2.979 35
447 1 1 22.931 -2.979 35
448 2 1 22.931 -2.979 35
449 2 1 22.931 -2.979 35
450 2 1 22.931 -2.979 35
451 1 1 22.931 -2.979 35
452 4 1 22.931 -2.979 35
453 1 1 22.931 -2.979 35
454 2 1 22.931 -2.979 35
455 1 1 22.931 -2.979 35
456 1 1 22.931 -2.979 35
457 1 1 -92.95 25.201 36
458 2 1 -92.95 25.201 36
459 1 1 -92.95 25.201 36
460 1 1 -92.95 25.201 36
461 1 1 -92.95 25.201 36
462 1 1 -92.95 25.201 36
463 1 1 -92.95 25.201 36
464 4 1 -92.95 25.201 36
465 2 1 -92.95 25.201 36
466 1 1 -92.95 25.201 36
467 1 1 -92.95 25.201 36
468 1 1 -92.95 25.201 36
469 2 1 -92.95 25.201 36
470 1 1 -92.95 25.201 36
471 1 1 -92.95 25.201 36
472 1 1 -92.95 25.201 36
473 4 1 -92.95 25.201 36
474 4 1 -92.95 25.201 36
475 1 1 -92.95 25.201 36
476 1 1 -92.95 25.201 36
477 1 1 -92.95 25.201 36
478 1 1 -92.95 25.201 36
479 2 1 -92.95 25.201 36
480 2 1 -92.95 25.201 36
481 1 1 -92.95 25.201 36
482 32 1 -33.472 38.977 37
483 8 1 -33.472 38.977 37
484 32 1 -33.472 38.977 37
485 8 1 -33.472 38.977 37
486 8 1 -33.472 38.977 37
487 32 1 -33.472 38.977 37
488 8 1 -33.472 38.977 37
489 16 1 -33.472 38.977 37
490 8 1 -33.472 38.977 37
491 8 1 -33.472 38.977 37
492 8 1 -33.472 38.977 37
493 8 1 -56.763 55.975 38
494 1 1 56.39 17.596 39
495 1 1 56.39 17.596 39
496 1 1 56.39 17.596 39
497 1 1 56.39 17.596 39
498 1 1 56.39 17.596 39
499 1 1 56.39 17.596 39
500 1 1 56.39 17.596 39
501 1 1 56.39 17.596 39
502 1 1 56.39 17.596 39
503 1 1 56.39 17.596 39
504 32 1 56.39 17.596 39
505 1 1 56.39 17.596 39
506 1 1 56.39 17.596 39
507 1 1 56.39 17.596 39
508 16 1 22.302 -16.028 40
509 16 1 22.302 -16.028 40
510 32 1 22.302 -16.028 40
511 1 1 22.302 -16.028 40
512 1 1 22.302 -16.028 40
513 1 1 22.302 -16.028 40
514 1 1 22.302 -16.028 40
515 1 1 22.302 -16.028 40
516 1 1 22.302 -16.028 40
517 1 1 22.302 -16.028 40
518 1 1 22.302 -16.028 40
519 1 1 22.302 -16.028 40
520 1 1 22.302 -16.028 40
521 1 1 22.302 -16.028 40
522 32 1 22.302 -16.028 40
523 1 1 -8.295 65.088 41
524 1 1 -8.295 65.088 41
525 32 1 -8.295 65.088 41
526 1 1 -8.295 65.088 41
527 1 1 -8.295 65.088 41
528 1 1 -8.295 65.088 41
529 1 1 -8.295 65.088 41
530 1 1 -8.295 65.088 41
531 1 1 -8.295 65.088 41
532 16 1 -8.295 65.088 41
533 1 1 -8.295 65.088 41
534 32 1 -8.295 65.088 41
535 1 1 -8.295 65.088 41
536 1 1 -8.295 65.088 41
537 1 1 -8.295 65.088 41
538 4 1 -63.043 12.299 42
539 16 1 -63.043 12.299 42
540 4 1 -63.043 12.299 42
541 4 1 -63.043 12.299 42
542 4 1 -63.043 12.299 42
543 4 1 -63.043 12.299 42
544 4 1 -63.043 12.299 42
545 4 1 -63.043 12.299 42
546 8 1 -86.975 52.936 43
547 8 1 -86.975 52.936 43
548 8 1 -86.975 52.936 43
549 8 1 -86.975 52.936 43
550 8 1 -86.975 52.936 43
551 8 1 -86.975 52.936 43
552 16 1 -86.975 52.936 43
553 8 1 -86.975 52.936 43
554 8 1 -86.975 52.936 43
555 8 1 -86.975 52.936 43
556 8 1 -86.975 52.936 43
557 8 1 -86.975 52.936 43
558 8 1 -86.975 52.936 43
559 8 1 -86.975 52.936 43
560 8 1 -86.975 52.936 43
561 8 1 -86.975 52.936 43
562 8 1 -86.975 52.936 43
563 8 1 -86.975 52.936 43
564 8 1 -86.975 52.936 43
565 8 1 -86.975 52.936 43
566 1 1 -70.734 8.746 44
567 1 1 -70.734 8.746 44
568 1 1 -70.734 8.746 44
569 1 1 -70.734 8.746 44
570 1 1 -70.734 8.746 44
571 1 1 -70.734 8.746 44
572 1 1 -70.734 8.746 44
573 1 1 -70.734 8.746 44
574 32 1 -70.734 8.746 44
575 1 1 -70.734 8.746 44
576 1 1 -70.734 8.746 44
577 2 1 -70.734 8.746 44
578 4 1 -36.572 -8.435 45
579 4 1 -36.572 -8.435 45
580 4 1 -36.572 -8.435 45
581 4 1 -36.572 -8.435 45
582 4 1 -36.572 -8.435 45
583 4 1 -36.572 -8.435 45
584 4 1 -36.572 -8.435 45
585 4 1 -36.572 -8.435 45
586 4 1 -36.572 -8.435 45
587 4 1 -36.572 -8.435 45
588 16 1 -36.572 -8.435 45
589 1 1 -24.951 -3.9 46
590 32 1 -24.951 -3.9 46
591 32 1 -24.951 -3.9 46
592 16 1 -24.951 -3.9 46
593 1 1 -24.951 -3.9 46
594 1 1 -24.951 -3.9 46
595 1 1 -24.951 -3.9 46
596 1 1 -24.951 -3.9 46
597 1 1 -24.951 -3.9 46
598 32 1 -24.951 -3.9 46
599 1 1 -24.951 -3.9 46
600 16 1 -24.951 -3.9 46
601 1 1 -24.951 -3.9 46
602 1 1 -24.951 -3.9 46
603 1 1 -24.951 -3.9 46
604 1 1 -24.951 -3.9 46
605 1 1 -24.951 -3.9 46
606 1 1 -24.951 -3.9 46
607 1 1 -24.951 -3.9 46
608 1 1 -24.951 -3.9 46
609 16 1 -24.951 -3.9 46
610 16 1 -24.951 -3.9 46
611 1 1 -24.951 -3.9 46
612 32 1 -24.951 -3.9 46
613 1 1 -24.951 -3.9 46
614 1 1 47.26 -29.51 47
615 1 1 47.26 -29.51 47
616 1 1 47.26 -29.51 47
617 1 1 47.26 -29.51 47
618 1 1 47.26 -29.51 47
619 1 1 47.26 -29.51 47
620 1 1 47.26 -29.51 47
621 16 1 47.26 -29.51 47
622 32 1 47.26 -29.51 47
623 4 1 -63.031 0.684 48
624 8 1 -63.031 0.684 48
625 4 1 -63.031 0.684 48
626 4 1 -63.031 0.684 48
627 4 1 -63.031 0.684 48
628 4 1 -63.031 0.684 48
629 4 1 -63.031 0.684 48
630 4 1 -63.031 0.684 48
631 4 1 -63.031 0.684 48
632 4 1 -63.031 0.684 48
633 1 1 -13.068 28.094 49
634 16 1 -13.068 28.094 49
635 1 1 -13.068 28.094 49
636 1 1 -13.068 28.094 49
637 1 1 -13.068 28.094 49
638 1 1 -13.068 28.094 49
639 1 1 -13.068 28.094 49
640 1 1 -13.068 28.094 49
641 1 1 -13.068 28.094 49
642 32 1 -13.068 28.094 49
643 1 1 -13.068 28.094 49
644 1 1 -13.068 28.094 49
645 1 1 -13.068 28.094 49
646 1 1 -13.068 28.094 49
647 1 1 -45.465 65.552 50
648 1 1 -45.465 65.552 50
649 1 1 -45.465 65.552 50
650 1 1 -45.465 65.552 50
651 32 1 -45.465 65.552 50
652 2 1 -45.465 65.552 50
653 1 1 -45.465 65.552 50
654 2 1 -45.465 65.552 50
655 1 1 -45.465 65.552 50
656 1 1 -45.465 65.552 50
657 1 1 -45.465 65.552 50
658 1 1 -45.465 65.552 50
659 1 1 -45.465 65.552 50
660 8 1 70.374 -15.564 51
661 8 1 70.374 -15.564 51
662 8 1 70.374 -15.564 51
663 16 1 70.374 -15.564 51
664 8 1 70.374 -15.564 51
665 8 1 70.374 -15.564 51
666 8 1 70.374 -15.564 51
667 8 1 70.374 -15.564 51
668 16 1 70.374 -15.564 51
669 8 1 70.374 -15.564 51
670 8 1 70.374 -15.564 51
671 8 1 70.374 -15.564 51
672 32 1 70.374 -15.564 51
673 8 1 70.374 -15.564 51
674 8 1 70.374 -15.564 51
675 8 1 70.374 -15.564 51
676 8 1 70.374 -15.564 51
677 16 1 70.374 -15.564 51
678 8 1 70.374 -15.564 51
679 2 1 93.805 16.101 52
680 2 1 93.805 16.101 52
681 2 1 93.805 16.101 52
682 2 1 93.805 16.101 52
683 2 1 93.805 16.101 52
684 1 1 -13.397 72.491 53
685 1 1 -13.397 72.491 53
686 1 1 -13.397 72.491 53
687 1 1 -13.397 72.491 53
688 16 1 -13.397 72.491 53
689 1 1 -13.397 72.491 53
690 1 1 -13.397 72.491 53
691 1 1 -13.397 72.491 53
692 1 1 -13.397 72.491 53
693 1 1 -13.397 72.491 53
694 1 1 -27.136 -0.055 54
695 1 1 -27.136 -0.055 54
696 4 1 -13.177 50.763 55
697 4 1 -13.177 50.763 55
698 8 1 -13.177 50.763 55
699 4 1 -13.177 50.763 55
700 8 1 -13.177 50.763 55
701 4 1 -13.177 50.763 55
702 4 1 -13.177 50.763 55
703 16 1 -13.177 50.763 55
704 4 1 -13.177 50.763 55
705 4 1 -13.177 50.763 55
706 4 1 -13.177 50.763 55
707 4 1 -13.177 50.763 55
708 8 1 31.781 2.045 56
709 32 1 31.781 2.045 56
710 8 1 31.781 2.045 56
711 16 1 31.781 2.045 56
712 8 1 31.781 2.045 56
713 8 1 31.781 2.045 56
714 8 1 31.781 2.045 56
715 8 1 31.781 2.045 56
716 8 1 31.781 2.045 56
717 8 1 31.781 2.045 56
718 32 1 31.781 2.045 56
719 8 1 31.781 2.045 56
720 8 1 31.781 2.045 56
721 8 1 31.781 2.045 56
722 8 1 31.781 2.045 56
723 4 1 38.904 19.312 57
724 4 1 38.904 19.312 57
725 16 1 38.904 19.312 57
726 4 1 38.904 19.312 57
727 4 1 -36.139 41.943 58
728 4 1 -36.139 41.943 58
729 4 1 -36.139 41.943 58
730 4 1 -36.139 41.943 58
731 4 1 -36.139 41.943 58
732 4 1 -36.139 41.943 58
733 4 1 -36.139 41.943 58
734 4 1 -36.139 41.943 58
735 4 1 -36.139 41.943 58
736 4 1 -36.139 41.943 58
737 4 1 -36.139 41.943 58
738 4 1 -36.139 41.943 58
739 4 1 -36.139 41.943 58
740 1 1 4.498 -10.706 59
741 1 1 4.498 -10.706 59
742 16 1 4.498 -10.706 59
743 1 1 4.498 -10.706 59
744 1 1 4.498 -10.706 59
745 1 1 4.498 -10.706 59
746 32 1 4.498 -10.706 59
747 1 1 4.498 -10.706 59
748 1 1 4.498 -10.706 59
749 1 1 4.498 -10.706 59
750 16 1 4.498 -10.706 59
751 1 1 4.498 -10.706 59
752 16 1 4.498 -10.706 59
753 32 1 4.498 -10.706 59
754 1 1 4.498 -10.706 59
755 1 1 -13.214 28.632 60
756 1 1 -13.214 28.632 60
757 1 1 -13.214 28.632 60
758 1 1 -13.214 28.632 60
759 1 1 -13.214 28.632 60
760 16 1 38.287 -7.281 61
761 8 1 38.287 -7.281 61
762 8 1 38.287 -7.281 61
763 8 1 38.287 -7.281 61
764 8 1 38.287 -7.281 61
765 8 1 38.287 -7.281 61
766 8 1 38.287 -7.281 61
767 8 1 38.287 -7.281 61
768 8 1 38.287 -7.281 61
769 16 1 38.287 -7.281 61
770 8 1 38.287 -7.281 61
771 8 1 38.287 -7.281 61
772 8 1 38.287 -7.281 61
773 8 1 38.287 -7.281 61
774 8 1 38.287 -7.281 61
775 1 1 -25.69 18.536 62
776 1 1 -25.69 18.536 62
777 1 1 -25.69 18.536 62
778 1 1 -27.454 6.049 63
779 1 1 -27.454 6.049 63
780 1 1 -27.454 6.049 63
781 1 1 -2.1 21.6 64
782 1 1 -2.1 21.6 64
783 1 1 -2.1 21.6 64
784 8 1 0.403 84.155 65
785 8 1 0.403 84.155 65
786 8 1 0.403 84.155 65
787 8 1 0.403 84.155 65
788 8 1 0.403 84.155 65
789 16 1 0.403 84.155 65
790 8 1 0.403 84.155 65
791 8 1 0.403 84.155 65
792 32 1 0.403 84.155 65
793 8 1 0.403 84.155 65
794 8 1 0.403 84.155 65
795 32 1 0.403 84.155 65
796 32 1 0.403 84.155 65
797 8 1 0.403 84.155 65
798 8 1 0.403 84.155 65
799 8 1 0.403 84.155 65
800 8 1 0.403 84.155 65
801 8 1 0.403 84.155 65
802 8 1 0.403 84.155 65
803 8 1 0.403 84.155 65
804 8 1 0.403 84.155 65
805 8 1 0.403 84.155 65
806 2 1 0.708 27.661 66
807 1 1 77.692 -10.785 67
808 1 1 77.692 -10.785 67
809 32 1 77.692 -10.785 67
810 1 1 77.692 -10.785 67
811 32 1 77.692 -10.785 67
812 1 1 77.692 -10.785 67
813 1 1 77.692 -10.785 67
814 1 1 77.692 -10.785 67
815 1 1 77.692 -10.785 67
816 1 1 -26.147 25.952 68
817 1 1 -26.147 25.952 68
818 2 1 -26.147 25.952 68
819 4 1 -26.147 25.952 68
820 1 1 -26.147 25.952 68
821 1 1 -26.147 25.952 68
822 1 1 -18.665 13.135 69
823 1 1 -18.665 13.135 69
824 1 1 -18.665 13.135 69
825 1 1 -18.665 13.135 69
826 1 1 -18.665 13.135 69
827 1 1 -18.665 13.135 69
828 4 1 -18.665 13.135 69
829 1 1 -18.665 13.135 69
830 1 1 -18.665 13.135 69
831 1 1 62.195 -10.602 70
832 1 1 62.195 -10.602 70
833 16 1 62.195 -10.602 70
834 1 1 62.195 -10.602 70
835 1 1 62.195 -10.602 70
836 1 1 62.195 -10.602 70
837 1 1 62.195 -10.602 70
838 1 1 62.195 -10.602 70
839 1 1 62.195 -10.602 70
840 32 1 62.195 -10.602 70
841 1 1 62.195 -10.602 70
842 16 1 62.195 -10.602 70
843 1 1 62.195 -10.602 70
844 16 1 62.195 -10.602 70
845 1 1 62.195 -10.602 70
846 1 1 62.195 -10.602 70
847 1 1 62.195 -10.602 70
848 1 1 62.195 -10.602 70
849 1 1 62.195 -10.602 70
850 1 1 62.195 -10.602 70
851 1 1 62.195 -10.602 70
852 1 1 62.195 -10.602 70
853 1 1 -73.987 37.524 71
854 32 1 -73.987 37.524 71
855 1 1 -73.987 37.524 71
856 1 1 -73.987 37.524 71
857 1 1 -73.987 37.524 71
858 16 1 -73.987 37.524 71
859 1 1 -73.987 37.524 71
860 1 1 -73.987 37.524 71
861 1 1 -73.987 37.524 71
862 16 1 -73.987 37.524 71
863 1 1 -73.987 37.524 71
864 1 1 -73.987 37.524 71
865 1 1 36.78 -6.824 72
866 1 1 36.78 -6.824 72
867 1 1 36.78 -6.824 72
868 1 1 36.78 -6.824 72
869 1 1 36.78 -6.824 72
870 1 1 36.78 -6.824 72
871 1 1 36.78 -6.824 72
872 1 1 36.78 -6.824 72
873 1 1 36.78 -6.824 72
874 1 1 36.78 -6.824 72
875 1 1 36.78 -6.824 72
876 32 1 36.78 -6.824 72
877 1 1 36.78 -6.824 72
878 1 1 36.78 -6.824 72
879 1 1 36.78 -6.824 72
880 2 1 36.78 -6.824 72
881 1 1 36.78 -6.824 72
882 1 1 36.78 -6.824 72
883 32 1 36.78 -6.824 72
884 1 1 36.78 -6.824 72
885 2 1 36.78 -6.824 72
886 1 1 36.78 -6.824 72
887 1 1 36.78 -6.824 72
888 2 1 -39.191 56.683 73
889 1 1 -39.191 56.683 73
890 4 1 -39.191 56.683 73
891 1 1 -39.191 56.683 73
892 1 1 -39.191 56.683 73
893 1 1 -39.191 56.683 73
894 2 1 -39.191 56.683 73
895 1 1 -39.191 56.683 73
896 1 1 -39.191 56.683 73
897 1 1 -39.191 56.683 73
898 1 1 -39.191 56.683 73
899 1 1 -39.191 56.683 73
900 4 1 -39.191 56.683 73
901 1 1 -39.191 56.683 73
902 1 1 -32.471 -41.089 74
903 1 1 -32.471 -41.089 74
904 1 1 -32.471 -41.089 74
905 1 1 -32.471 -41.089 74
906 1 1 -32.471 -41.089 74
907 1 1 -32.471 -41.089 74
908 1 1 -32.471 -41.089 74
909 1 1 -32.471 -41.089 74
910 1 1 -32.471 -41.089 74
911 2 1 -32.471 -41.089 74
912 1 1 -32.471 -41.089 74
913 1 1 -32.471 -41.089 74
914 1 1 -32.471 -41.089 74
915 32 1 -32.471 -41.089 74
916 1 1 -32.471 -41.089 74
917 1 1 -32.471 -41.089 74
918 1 1 -32.471 -41.089 74
919 2 1 -32.471 -41.089 74
920 1 1 -32.471 -41.089 74
921 32 1 -32.471 -41.089 74
922 1 1 -32.471 -41.089 74
923 1 1 -32.471 -41.089 74
924 1 1 -32.471 -41.089 74
925 1 1 -32.471 -41.089 74
926 1 1 -32.471 -41.089 74
927 4 1 -24.951 -7.501 75
928 8 1 -24.951 -7.501 75
929 4 1 -24.951 -7.501 75
930 4 1 -24.951 -7.501 75
931 4 1 -24.951 -7.501 75
932 16 1 -24.951 -7.501 75
933 8 1 -24.951 -7.501 75
934 4 1 -24.951 -7.501 75
935 4 1 -24.951 -7.501 75
936 4 1 -24.951 -7.501 75
937 4 1 -24.951 -7.501 75
938 4 1 -24.951 -7.501 75
939 16 1 -24.951 -7.501 75
940 4 1 -24.951 -7.501 75
941 4 1 -24.951 -7.501 75
942 4 1 -24.951 -7.501 75
943 4 1 -24.951 -7.501 75
944 4 1 -24.951 -7.501 75
945 4 1 -24.951 -7.501 75
946 8 1 -4.443 59.833 76
947 4 1 -4.443 59.833 76
948 4 1 -4.443 59.833 76
949 4 1 -4.443 59.833 76
950 4 1 -4.443 59.833 76
951 8 1 -4.443 59.833 76
952 4 1 -4.443 59.833 76
953 1 1 -44.989 0.69 77
954 1 1 -44.989 0.69 77
955 2 1 -44.989 0.69 77
956 1 1 -44.989 0.69 77
957 1 1 -44.989 0.69 77
958 1 1 -44.989 0.69 77
959 1 1 -44.989 0.69 77
960 1 1 -44.989 0.69 77
961 1 1 -44.989 0.69 77
962 1 1 -44.989 0.69 77
963 4 1 -44.989 0.69 77
964 1 1 -44.989 0.69 77
965 1 1 -69.299 -15.179 78
966 1 1 -69.299 -15.179 78
967 1 1 -69.299 -15.179 78
968 1 1 -69.299 -15.179 78
969 1 1 -69.299 -15.179 78
970 1 1 -69.299 -15.179 78
971 16 1 -69.299 -15.179 78
972 1 1 -69.299 -15.179 78
973 1 1 -69.299 -15.179 78
974 16 1 -69.299 -15.179 78
975 1 1 -69.299 -15.179 78
976 1 1 -69.299 -15.179 78
977 1 1 -69.299 -15.179 78
978 1 1 -69.299 -15.179 78
979 1 1 -69.299 -15.179 78
980 1 1 -69.299 -15.179 78
981 1 1 -69.299 -15.179 78
982 32 1 -69.299 -15.179 78
983 1 1 -71.448 19.934 79
984 1 1 -71.448 19.934 79
985 1 1 -71.448 19.934 79
986 1 1 -71.448 19.934 79
987 16 1 -71.448 19.934 79
988 1 1 -71.448 19.934 79
989 1 1 -71.448 19.934 79
990 1 1 -71.448 19.934 79
991 1 1 -71.448 19.934 79
992 1 1 -71.448 19.934 79
993 1 1 -71.448 19.934 79
994 32 1 -71.448 19.934 79
995 1 1 -71.448 19.934 79
996 1 1 -71.448 19.934 79
997 1 1 -71.448 19.934 79
998 1 1 -71.448 19.934 79
999 1 1 -71.448 19.934 79
1000 1 1 -71.448 19.934 79
1001 32 1 -71.448 19.934 79
1002 1 1 -71.448 19.934 79
1003 1 1 -71.448 19.934 79
1004 8 1 62.097 1.562 80
1005 8 1 62.097 1.562 80
1006 8 1 62.097 1.562 80
1007 8 1 62.097 1.562 80
1008 8 1 62.097 1.562 80
1009 16 1 62.097 1.562 80
1010 32 1 62.097 1.562 80
1011 8 1 62.097 1.562 80
1012 16 1 62.097 1.562 80
1013 8 1 62.097 1.562 80
1014 8 1 62.097 1.562 80
1015 8 1 62.097 1.562 80
1016 8 1 62.097 1.562 80
1017 8 1 62.097 1.562 80
1018 8 1 62.097 1.562 80
1019 16 1 -8.246 -20.026 81
1020 1 1 -8.246 -20.026 81
1021 16 1 -8.246 -20.026 81
1022 1 1 -8.246 -20.026 81
1023 32 1 -8.246 -20.026 81
1024 1 1 -8.246 -20.026 81
1025 1 1 -8.246 -20.026 81
1026 1 1 -8.246 -20.026 81
1027 1 1 -8.246 -20.026 81
1028 1 1 -8.246 -20.026 81
1029 1 1 -8.246 -20.026 81
1030 1 1 -8.246 -20.026 81
1031 32 1 76.117 4.23 82
1032 1 1 76.117 4.23 82
1033 2 1 76.117 4.23 82
1034 1 1 76.117 4.23 82
1035 1 1 76.117 4.23 82
1036 1 1 76.117 4.23 82
1037 1 1 76.117 4.23 82
1038 1 1 76.117 4.23 82
1039 1 1 76.117 4.23 82
1040 1 1 76.117 4.23 82
1041 1 1 76.117 4.23 82
1042 1 1 76.117 4.23 82
1043 1 1 76.117 4.23 82
1044 1 1 76.117 4.23 82
1045 1 1 76.117 4.23 82
1046 2 1 76.117 4.23 82
1047 1 1 76.117 4.23 82
1048 1 1 76.117 4.23 82
1049 8 1 1.044 16.125 83
1050 16 1 1.044 16.125 83
1051 16 1 1.044 16.125 83
1052 8 1 1.044 16.125 83
1053 8 1 1.044 16.125 83
1054 8 1 1.044 16.125 83
1055 8 1 1.044 16.125 83
1056 8 1 1.044 16.125 83
1057 8 1 1.044 16.125 83
1058 8 1 1.044 16.125 83
1059 8 1 1.044 16.125 83
1060 8 1 1.044 16.125 83
1061 8 1 1.044 16.125 83
1062 8 1 1.044 16.125 83
1063 32 1 1.044 16.125 83
1064 8 1 1.044 16.125 83
1065 32 1 1.044 16.125 83
1066 8 1 1.044 16.125 83
1067 8 1 1.044 16.125 83
1068 8 1 1.044 16.125 83
1069 8 1 1.044 16.125 83
1070 8 1 1.044 16.125 83
1071 8 1 1.044 16.125 83
1072 8 1 1.044 16.125 83
1073 8 1 -16.962 26.697 84
1074 8 1 -16.962 26.697 84
1075 8 1 -16.962 26.697 84
1076 8 1 -16.962 26.697 84
1077 8 1 -16.962 26.697 84
1078 8 1 -16.962 26.697 84
1079 8 1 -16.962 26.697 84
1080 8 1 -16.962 26.697 84
1081 8 1 -16.962 26.697 84
1082 8 1 -16.962 26.697 84
1083 8 1 -16.962 26.697 84
1084 8 1 -16.962 26.697 84
1085 8 1 -16.962 26.697 84
1086 8 1 -16.962 26.697 84
1087 8 1 -16.962 26.697 84
1088 8 1 -16.962 26.697 84
1089 32 1 -16.962 26.697 84
1090 8 1 -16.962 26.697 84
1091 8 1 -16.962 26.697 84
1092 32 1 -16.962 26.697 84
1093 8 1 -16.962 26.697 84
1094 8 1 -16.962 26.697 84
1095 8 1 -16.962 26.697 84
1096 1 1 -19.781 -5.804 85
1097 32 1 -19.781 -5.804 85
1098 1 1 -19.781 -5.804 85
1099 1 1 -19.781 -5.804 85
1100 1 1 -19.781 -5.804 85
1101 1 1 -19.781 -5.804 85
1102 1 1 -19.781 -5.804 85
1103 1 1 -19.781 -5.804 85
1104 1 1 -3.168 24.762 86
1105 1 1 -3.168 24.762 86
1106 1 1 -3.168 24.762 86
1107 1 1 -3.168 24.762 86
1108 1 1 -3.168 24.762 86
1109 1 1 -3.168 24.762 86
1110 1 1 -3.168 24.762 86
1111 1 1 -3.168 24.762 86
1112 32 1 -3.168 24.762 86
1113 1 1 -3.168 24.762 86
1114 1 1 -3.168 24.762 86
1115 1 1 -3.168 24.762 86
1116 1 1 -3.168 24.762 86
1117 32 1 -3.168 24.762 86
1118 1 1 -3.168 24.762 86
1119 1 1 -3.168 24.762 86
1120 1 1 -3.168 24.762 86
1121 1 1 -3.168 24.762 86
1122 1 1 -3.168 24.762 86
1123 1 1 -3.168 24.762 86
1124 16 1 -3.168 24.762 86
1125 1 1 -5.243 86.212 87
1126 4 1 -5.243 86.212 87
1127 2 1 -5.243 86.212 87
1128 1 1 -5.243 86.212 87
1129 1 1 -5.243 86.212 87
1130 4 1 -5.243 86.212 87
1131 2 1 -31.915 50.098 88
1132 8 1 -31.915 50.098 88
1133 2 1 -31.915 50.098 88
1134 2 1 -31.915 50.098 88
1135 2 1 -31.915 50.098 88
1136 2 1 -31.915 50.098 88
1137 2 1 -31.915 50.098 88
1138 2 1 -31.915 50.098 88
1139 2 1 -31.915 50.098 88
1140 2 1 -31.915 50.098 88
1141 2 1 -31.915 50.098 88
1142 2 1 -31.915 50.098 88
1143 2 1 -31.915 50.098 88
1144 2 1 -31.915 50.098 88
1145 2 1 -31.915 50.098 88
1146 2 1 -31.915 50.098 88
1147 2 1 -31.915 50.098 88
1148 1 1 -30.573 -44.318 89
1149 1 1 -30.573 -44.318 89
1150 1 1 -30.573 -44.318 89
1151 1 1 -30.573 -44.318 89
1152 1 1 -30.573 -44.318 89
1153 1 1 -30.573 -44.318 89
1154 1 1 -30.573 -44.318 89
1155 2 1 -30.573 -44.318 89
1156 1 1 -30.573 -44.318 89
1157 2 1 17.926 -31.097 90
1158 2 1 17.926 -31.097 90
1159 2 1 17.926 -31.097 90
1160 2 1 17.926 -31.097 90
1161 2 1 17.926 -31.097 90
1162 2 1 17.926 -31.097 90
1163 2 1 17.926 -31.097 90
1164 2 1 17.926 -31.097 90
1165 2 1 17.926 -31.097 90
1166 8 1 17.926 -31.097 90
1167 2 1 17.926 -31.097 90
1168 2 1 17.926 -31.097 90
1169 2 1 17.926 -31.097 90
1170 2 1 17.926 -31.097 90
1171 2 1 17.926 -31.097 90
1172 8 1 17.926 -31.097 90
1173 2 1 17.926 -31.097 90
1174 2 1 17.926 -31.097 90
1175 2 1 17.926 -31.097 90
1176 2 1 17.926 -31.097 90
1177 8 1 51.727 38.739 91
1178 32 1 51.727 38.739 91
1179 16 1 51.727 38.739 91
1180 8 1 51.727 38.739 91
1181 8 1 51.727 38.739 91
1182 32 1 51.727 38.739 91
1183 1 1 -3.54 11.426 92
1184 1 1 -3.54 11.426 92
1185 1 1 -3.54 11.426 92
1186 2 1 -3.54 11.426 92
1187 2 1 -3.54 11.426 92
1188 4 1 -3.54 11.426 92
1189 1 1 -3.54 11.426 92
1190 2 1 -3.54 11.426 92
1191 1 1 -3.54 11.426 92
1192 4 1 -42.432 30.896 93
1193 4 1 -42.432 30.896 93
1194 8 1 -42.432 30.896 93
1195 16 1 -42.432 30.896 93
1196 4 1 -42.432 30.896 93
1197 8 1 -42.432 30.896 93
1198 4 1 -42.432 30.896 93
1199 16 1 -42.432 30.896 93
1200 4 1 -42.432 30.896 93
1201 16 1 -42.432 30.896 93
1202 8 1 -42.432 30.896 93
1203 4 1 -42.432 30.896 93
1204 4 1 -36.56 -3.644 94
1205 4 1 -36.56 -3.644 94
1206 16 1 -36.56 -3.644 94
1207 8 1 -36.56 -3.644 94
1208 4 1 -36.56 -3.644 94
1209 16 1 -36.56 -3.644 94
1210 4 1 -36.56 -3.644 94
1211 8 1 -36.56 -3.644 94
1212 4 1 -36.56 -3.644 94
1213 4 1 -36.56 -3.644 94
1214 8 1 -37.054 59.918 95
1215 8 1 -37.054 59.918 95
1216 8 1 -37.054 59.918 95
1217 32 1 -37.054 59.918 95
1218 8 1 -37.054 59.918 95
1219 8 1 -37.054 59.918 95
1220 8 1 -37.054 59.918 95
1221 8 1 -37.054 59.918 95
1222 8 1 -37.054 59.918 95
1223 8 1 -37.054 59.918 95
1224 8 1 -37.054 59.918 95
1225 8 1 -37.054 59.918 95
1226 16 1 -37.054 59.918 95
1227 16 1 -37.054 59.918 95
1228 8 1 -37.054 59.918 95
1229 8 1 -37.054 59.918 95
1230 8 1 -37.054 59.918 95
1231 8 1 -37.054 59.918 95
1232 8 1 -18.976 85.504 96
1233 8 1 -18.976 85.504 96
1234 8 1 -18.976 85.504 96
1235 8 1 -18.976 85.504 96
1236 8 1 -18.976 85.504 96
1237 32 1 -18.976 85.504 96
1238 8 1 -18.976 85.504 96
1239 8 1 -18.976 85.504 96
1240 16 1 -18.976 85.504 96
1241 16 1 -18.976 85.504 96
1242 8 1 -18.976 85.504 96
1243 8 1 -18.976 85.504 96
1244 16 1 -18.976 85.504 96
1245 8 1 -18.976 85.504 96
1246 8 1 -18.976 85.504 96
1247 16 1 -18.976 85.504 96
1248 8 1 -18.976 85.504 96
1249 8 1 -18.976 85.504 96
1250 32 1 -18.976 85.504 96
1251 8 1 -18.976 85.504 96
1252 4 1 -27.539 23.267 97
1253 4 1 -27.539 23.267 97
1254 4 1 -27.539 23.267 97
1255 4 1 -27.539 23.267 97
1256 4 1 -27.539 23.267 97
1257 4 1 -27.539 23.267 97
1258 4 1 -27.539 23.267 97
1259 4 1 -27.539 23.267 97
1260 4 1 -27.539 23.267 97
1261 4 1 -27.539 23.267 97
1262 16 1 -27.539 23.267 97
1263 16 1 -27.539 23.267 97
1264 1 1 -42.212 83.582 98
1265 16 1 -42.212 83.582 98
1266 1 1 -42.212 83.582 98
1267 1 1 40.625 -1.154 99
1268 16 1 40.625 -1.154 99
1269 1 1 40.625 -1.154 99
1270 32 1 40.625 -1.154 99
1271 1 1 40.625 -1.154 99
1272 16 1 40.625 -1.154 99
1273 32 1 40.625 -1.154 99
1274 1 1 40.625 -1.154 99
1275 1 1 40.625 -1.154 99
1276 16 1 40.625 -1.154 99
1277 1 1 40.625 -1.154 99
1278 1 1 40.625 -1.154 99
1279 1 1 40.625 -1.154 99
1280 1 1 40.625 -1.154 99
1281 32 1 8.185 67.072 100
1282 8 1 8.185 67.072 100
1283 8 1 8.185 67.072 100
1284 8 1 8.185 67.072 100
1285 8 1 8.185 67.072 100
1286 8 1 8.185 67.072 100
1287 8 1 8.185 67.072 100
1288 8 1 8.185 67.072 100
1289 8 1 8.185 67.072 100
1290 8 1 8.185 67.072 100
1291 8 1 8.185 67.072 100
1292 32 1 8.185 67.072 100
1293 8 1 8.185 67.072 100
1294 8 1 8.185 67.072 100
1295 8 1 8.185 67.072 100
1296 8 1 8.185 67.072 100
1297 8 1 8.185 67.072 100
1298 4 1 28.564 92.499 101
1299 4 1 28.564 92.499 101
1300 4 1 28.564 92.499 101
1301 16 1 28.564 92.499 101
1302 4 1 28.564 92.499 101
1303 4 1 28.564 92.499 101
1304 4 1 28.564 92.499 101
1305 4 1 28.564 92.499 101
1306 16 1 28.564 92.499 101
1307 4 1 28.564 92.499 101
1308 4 1 28.564 92.499 101
1309 4 1 28.564 92.499 101
1310 4 1 28.564 92.499 101
1311 4 1 28.564 92.499 101
1312 4 1 28.564 92.499 101
1313 4 1 28.564 92.499 101
1314 16 1 28.564 92.499 101
1315 4 1 28.564 92.499 101
1316 4 1 28.564 92.499 101
1317 16 1 28.564 92.499 101
1318 4 1 28.564 92.499 101
1319 16 1 28.564 92.499 101
1320 4 1 28.564 92.499 101
1321 4 1 -50.439 71.295 102
1322 4 1 -50.439 71.295 102
1323 4 1 -50.439 71.295 102
1324 4 1 63.934 -12.543 103
1325 4 1 63.934 -12.543 103
1326 4 1 63.934 -12.543 103
1327 8 1 63.934 -12.543 103
1328 4 1 63.934 -12.543 103
1329 4 1 63.934 -12.543 103
1330 4 1 63.934 -12.543 103
1331 4 1 63.934 -12.543 103
1332 4 1 63.934 -12.543 103
1333 4 1 63.934 -12.543 103
1334 1 1 -5.463 16.992 104
1335 1 1 -5.463 16.992 104
1336 1 1 -5.463 16.992 104
1337 2 1 -74.139 13.538 105
1338 2 1 -74.139 13.538 105
1339 1 1 -9.454 -24.591 106
1340 2 1 9.814 -11.969 107
1341 8 1 9.814 -11.969 107
1342 4 1 9.814 -11.969 107
1343 2 1 9.814 -11.969 107
1344 2 1 9.814 -11.969 107
1345 2 1 9.814 -11.969 107
1346 2 1 9.814 -11.969 107
1347 2 1 9.814 -11.969 107
1348 2 1 9.814 -11.969 107
1349 8 1 9.814 -11.969 107
1350 2 1 9.814 -11.969 107
1351 2 1 9.814 -11.969 107
1352 2 1 9.814 -11.969 107
1353 4 1 52.332 -41.431 108
1354 4 1 52.332 -41.431 108
1355 4 1 52.332 -41.431 108
1356 4 1 52.332 -41.431 108
1357 4 1 52.332 -41.431 108
1358 4 1 52.332 -41.431 108
1359 4 1 52.332 -41.431 108
1360 4 1 52.332 -41.431 108
1361 4 1 52.332 -41.431 108
1362 2 1 37.86 -10.37 109
1363 2 1 37.86 -10.37 109
1364 2 1 37.86 -10.37 109
1365 2 1 37.86 -10.37 109
1366 2 1 37.86 -10.37 109
1367 2 1 37.86 -10.37 109
1368 2 1 37.86 -10.37 109
1369 2 1 37.86 -10.37 109
1370 2 1 37.86 -10.37 109
1371 2 1 37.86 -10.37 109
1372 2 1 37.86 -10.37 109
1373 32 1 -46.783 4.974 110
1374 32 1 -46.783 4.974 110
1375 32 1 -46.783 4.974 110
1376 32 1 -46.783 4.974 110
1377 32 1 -46.783 4.974 110
1378 32 1 -46.783 4.974 110
1379 32 1 -46.783 4.974 110
1380 32 1 -46.783 4.974 110
1381 32 1 -46.783 4.974 110
1382 32 1 -46.783 4.974 110
1383 32 1 -46.783 4.974 110
1384 32 1 -46.783 4.974 110
1385 32 1 -46.783 4.974 110
1386 32 1 -46.783 4.974 110
1387 32 1 -46.783 4.974 110
1388 32 1 -46.783 4.974 110
1389 32 1 -46.783 4.974 110
1390 32 1 -46.783 4.974 110
1391 2 1 43.732 4.797 111
1392 2 1 43.732 4.797 111
1393 2 1 43.732 4.797 111
1394 2 1 43.732 4.797 111
1395 2 1 43.732 4.797 111
1396 2 1 43.732 4.797 111
1397 2 1 43.732 4.797 111
1398 2 1 43.732 4.797 111
1399 32 1 9.857 -10.901 112
1400 32 1 9.857 -10.901 112
1401 32 1 9.857 -10.901 112
1402 32 1 9.857 -10.901 112
1403 32 1 9.857 -10.901 112
1404 32 1 9.857 -10.901 112
1405 32 1 9.857 -10.901 112
1406 32 1 9.857 -10.901 112
1407 32 1 9.857 -10.901 112
1408 32 1 9.857 -10.901 112
1409 32 1 9.857 -10.901 112
1410 32 1 9.857 -10.901 112
1411 32 1 9.857 -10.901 112
1412 32 1 9.857 -10.901 112
1413 32 1 9.857 -10.901 112
1414 32 1 9.857 -10.901 112
1415 32 1 9.857 -10.901 112
1416 32 1 9.857 -10.901 112
1417 32 1 9.857 -10.901 112
1418 32 1 9.857 -10.901 112
1419 32 1 9.857 -10.901 112
1420 32 1 9.857 -10.901 112
1421 32 1 9.857 -10.901 112
1422 32 1 9.857 -10.901 112
1423 32 1 9.857 -10.901 112
1424 2 1 11.646 28.143 113
1425 2 1 11.646 28.143 113
1426 2 1 11.646 28.143 113
1427 2 1 11.646 28.143 113
1428 2 1 11.646 28.143 113
1429 1 1 -69.403 20.288 114
1430 1 1 -69.403 20.288 114
1431 1 1 -69.403 20.288 114
1432 1 1 -69.403 20.288 114
1433 1 1 -69.403 20.288 114
1434 1 1 -69.403 20.288 114
1435 1 1 -69.403 20.288 114
1436 1 1 -69.403 20.288 114
1437 1 1 -69.403 20.288 114
1438 1 1 -69.403 20.288 114
1439 1 1 -69.403 20.288 114
1440 1 1 -69.403 20.288 114
1441 1 1 -69.403 20.288 114
1442 1 1 -69.403 20.288 114
1443 1 1 -69.403 20.288 114
1444 1 1 -69.403 20.288 114
1445 1 1 -69.403 20.288 114
1446 1 1 -69.403 20.288 114
1447 16 1 44.22 -30.035 115
1448 16 1 44.22 -30.035 115
1449 16 1 44.22 -30.035 115
1450 16 1 44.22 -30.035 115
1451 32 1 10.12 31.567 116
1452 32 1 10.12 31.567 116
1453 32 1 10.12 31.567 116
1454 32 1 10.12 31.567 116
1455 32 1 10.12 31.567 116
1456 32 1 10.12 31.567 116
1457 32 1 10.12 31.567 116
1458 32 1 10.12 31.567 116
1459 32 1 10.12 31.567 116
1460 32 1 10.12 31.567 116
1461 32 1 10.12 31.567 116
1462 32 1 10.12 31.567 116
1463 32 1 10.12 31.567 116
1464 32 1 10.12 31.567 116
1465 32 1 10.12 31.567 116
1466 32 1 10.12 31.567 116
1467 32 1 10.12 31.567 116
1468 32 1 10.12 31.567 116
1469 32 1 10.12 31.567 116
1470 32 1 10.12 31.567 116
1471 32 1 10.12 31.567 116
1472 32 1 10.12 31.567 116
1473 32 1 10.12 31.567 116
1474 32 1 10.12 31.567 116
1475 1 1 -59.918 14.838 117
1476 1 1 -59.918 14.838 117
1477 1 1 -59.918 14.838 117
1478 1 1 -59.918 14.838 117
1479 1 1 -59.918 14.838 117
1480 1 1 -59.918 14.838 117
1481 1 1 -59.918 14.838 117
1482 1 1 -59.918 14.838 117
1483 1 1 -59.918 14.838 117
1484 1 1 -59.918 14.838 117
1485 1 1 -59.918 14.838 117
1486 1 1 -59.918 14.838 117
1487 1 1 -59.918 14.838 117
1488 1 1 -59.918 14.838 117
1489 1 1 -59.918 14.838 117
1490 1 1 -59.918 14.838 117
1491 1 1 -59.918 14.838 117
1492 1 1 -59.918 14.838 117
1493 1 1 -59.918 14.838 117
1494 1 1 -59.918 14.838 117
1495 32 1 53.375 -66.461 118
1496 32 1 53.375 -66.461 118
1497 32 1 53.375 -66.461 118
1498 32 1 53.375 -66.461 118
1499 32 1 53.375 -66.461 118
1500 32 1 53.375 -66.461 118
1501 32 1 53.375 -66.461 118
1502 32 1 53.375 -66.461 118
1503 32 1 53.375 -66.461 118
1504 32 1 53.375 -66.461 118
1505 32 1 53.375 -66.461 118
1506 32 1 53.375 -66.461 118
1507 32 1 53.375 -66.461 118
1508 32 1 53.375 -66.461 118
1509 32 1 53.375 -66.461 118
1510 32 1 53.375 -66.461 118
1511 32 1 53.375 -66.461 118
1512 32 1 53.375 -66.461 118
1513 32 1 53.375 -66.461 118
1514 32 1 53.375 -66.461 118
1515 32 1 53.375 -66.461 118
1516 32 1 53.375 -66.461 118
1517 32 1 53.375 -66.461 118
1518 32 1 53.375 -66.461 118
1519 2 1 -5.597 40.9 119
1520 2 1 -5.597 40.9 119
1521 2 1 -5.597 40.9 119
1522 2 1 -5.597 40.9 119
1523 2 1 -5.597 40.9 119
1524 2 1 -5.597 40.9 119
1525 2 1 -5.597 40.9 119
1526 2 1 -5.597 40.9 119
1527 2 1 -5.597 40.9 119
1528 2 1 -5.597 40.9 119
1529 2 1 -5.597 40.9 119
1530 16 1 -19.989 67.34 120
1531 16 1 -19.989 67.34 120
1532 16 1 -19.989 67.34 120
1533 16 1 -19.989 67.34 120
1534 16 1 -19.989 67.34 120
1535 16 1 -19.989 67.34 120
1536 16 1 -19.989 67.34 120
1537 16 1 -19.989 67.34 120
1538 16 1 -19.989 67.34 120
1539 16 1 -19.989 67.34 120
1540 16 1 -19.989 67.34 120
1541 16 1 -19.989 67.34 120
1542 16 1 -19.989 67.34 120
1543 16 1 -19.989 67.34 120
1544 16 1 -19.989 67.34 120
1545 16 1 -19.989 67.34 120
1546 16 1 -19.989 67.34 120
1547 8 1 -8.807 44.873 121
1548 8 1 -8.807 44.873 121
1549 8 1 -8.807 44.873 121
1550 8 1 -8.807 44.873 121
1551 8 1 -8.807 44.873 121
1552 8 1 -8.807 44.873 121
1553 8 1 -8.807 44.873 121
1554 8 1 -8.807 44.873 121
1555 8 1 -8.807 44.873 121
1556 8 1 -8.807 44.873 121
1557 8 1 -8.807 44.873 121
1558 8 1 -8.807 44.873 121
1559 8 1 -8.807 44.873 121
1560 1 1 -38.519 53.07 122
1561 1 1 -38.519 53.07 122
1562 1 1 -38.519 53.07 122
1563 1 1 -38.519 53.07 122
1564 1 1 -38.519 53.07 122
1565 2 1 -24.371 29.34 123
1566 2 1 -24.371 29.34 123
1567 2 1 -24.371 29.34 123
1568 2 1 -24.371 29.34 123
1569 2 1 -24.371 29.34 123
1570 2 1 -24.371 29.34 123
1571 2 1 -24.371 29.34 123
1572 2 1 -24.371 29.34 123
1573 2 1 -24.371 29.34 123
1574 2 1 -24.371 29.34 123
1575 2 1 -24.371 29.34 123
1576 2 1 -24.371 29.34 123
1577 2 1 -24.371 29.34 123
1578 2 1 -24.371 29.34 123
1579 2 1 -24.371 29.34 123
1580 2 1 -24.371 29.34 123
1581 2 1 -24.371 29.34 123
1582 2 1 -24.371 29.34 123
1583 2 1 -24.371 29.34 123
1584 2 1 -24.371 29.34 123
1585 2 1 -24.371 29.34 123
1586 2 1 -24.371 29.34 123
1587 2 1 -24.371 29.34 123
1588 2 1 -24.371 29.34 123
1589 2 1 -10.962 -10.962 124
1590 2 1 -10.962 -10.962 124
1591 2 1 -10.962 -10.962 124
1592 2 1 -10.962 -10.962 124
1593 2 1 -10.962 -10.962 124
1594 2 1 -10.962 -10.962 124
1595 2 1 -10.962 -10.962 124
1596 2 1 -10.962 -10.962 124
1597 2 1 -10.962 -10.962 124
1598 2 1 -10.962 -10.962 124
1599 2 1 -10.962 -10.962 124
1600 2 1 -10.962 -10.962 124
1601 2 1 -10.962 -10.962 124
1602 2 1 -10.962 -10.962 124
1603 2 1 -10.962 -10.962 124
1604 2 1 -10.962 -10.962 124
1605 2 1 -10.962 -10.962 124
1606 2 1 48.309 0.159 125
1607 8 1 -34.357 33.667 126
1608 8 1 -34.357 33.667 126
1609 8 1 -34.357 33.667 126
1610 8 1 -34.357 33.667 126
1611 8 1 -34.357 33.667 126
1612 8 1 -34.357 33.667 126
1613 8 1 -34.357 33.667 126
1614 8 1 -34.357 33.667 126
1615 8 1 -34.357 33.667 126
1616 8 1 -34.357 33.667 126
1617 8 1 -34.357 33.667 126
1618 8 1 -34.357 33.667 126
1619 8 1 -34.357 33.667 126
1620 8 1 -34.357 33.667 126
1621 8 1 -34.357 33.667 126
1622 8 1 -34.357 33.667 126
1623 8 1 -34.357 33.667 126
1624 8 1 -34.357 33.667 126
1625 8 1 -34.357 33.667 126
1626 8 1 -34.357 33.667 126
1627 32 1 -49.359 92.407 127
1628 32 1 -49.359 92.407 127
1629 32 1 -49.359 92.407 127
1630 32 1 -49.359 92.407 127
1631 32 1 -49.359 92.407 127
1632 32 1 -49.359 92.407 127
1633 32 1 -49.359 92.407 127
1634 32 1 -49.359 92.407 127
1635 32 1 -49.359 92.407 127
1636 32 1 -49.359 92.407 127
1637 32 1 -49.359 92.407 127
1638 32 1 -49.359 92.407 127
1639 32 1 -49.359 92.407 127
1640 32 1 -49.359 92.407 127
1641 32 1 -49.359 92.407 127
1642 32 1 -49.359 92.407 127
1643 32 1 -49.359 92.407 127
1644 32 1 -49.359 92.407 127
1645 2 1 -92.426 -27.319 128
1646 2 1 -92.426 -27.319 128
1647 2 1 -92.426 -27.319 128
1648 2 1 -92.426 -27.319 128
1649 2 1 -92.426 -27.319 128
1650 2 1 -92.426 -27.319 128
1651 2 1 -92.426 -27.319 128
1652 2 1 -92.426 -27.319 128
1653 2 1 -92.426 -27.319 128
1654 2 1 -92.426 -27.319 128
1655 2 1 -92.426 -27.319 128
1656 2 1 -92.426 -27.319 128
1657 8 1 -66.785 0.879 129
1658 8 1 -66.785 0.879 129
1659 8 1 -66.785 0.879 129
1660 8 1 -66.785 0.879 129
1661 8 1 -66.785 0.879 129
1662 8 1 -66.785 0.879 129
1663 8 1 -66.785 0.879 129
1664 8 1 -66.785 0.879 129
1665 8 1 -66.785 0.879 129
1666 8 1 -66.785 0.879 129
1667 8 1 -66.785 0.879 129
1668 8 1 -66.785 0.879 129
1669 8 1 -66.785 0.879 129
1670 2 1 -16.174 56.451 130
1671 2 1 -16.174 56.451 130
1672 2 1 -16.174 56.451 130
1673 2 1 -16.174 56.451 130
1674 2 1 -16.174 56.451 130
1675 2 1 -16.174 56.451 130
1676 2 1 -16.174 56.451 130
1677 2 1 -16.174 56.451 130
1678 2 1 -16.174 56.451 130
1679 2 1 -16.174 56.451 130
1680 2 1 -16.174 56.451 130
1681 2 1 -16.174 56.451 130
1682 2 1 -16.174 56.451 130
1683 1 1 -12.988 14.661 131
1684 1 1 -12.988 14.661 131
1685 1 1 -12.988 14.661 131
1686 1 1 -12.988 14.661 131
1687 1 1 -12.988 14.661 131
1688 1 1 -12.988 14.661 131
1689 1 1 -12.988 14.661 131
1690 1 1 -12.988 14.661 131
1691 1 1 -12.988 14.661 131
1692 1 1 -12.988 14.661 131
1693 1 1 -12.988 14.661 131
1694 1 1 -12.988 14.661 131
1695 1 1 -12.988 14.661 131
1696 1 1 -12.988 14.661 131
1697 1 1 -12.988 14.661 131
1698 1 1 -12.988 14.661 131
1699 8 1 -37.244 75.409 132
1700 8 1 -37.244 75.409 132
1701 8 1 -37.244 75.409 132
1702 8 1 -37.244 75.409 132
1703 8 1 -37.244 75.409 132
1704 8 1 -37.244 75.409 132
1705 8 1 -37.244 75.409 132
1706 8 1 -37.244 75.409 132
1707 8 1 -37.244 75.409 132
1708 8 1 -37.244 75.409 132
1709 8 1 -37.244 75.409 132
1710 8 1 -37.244 75.409 132
1711 8 1 -37.244 75.409 132
1712 8 1 -37.244 75.409 132
1713 32 1 -65.698 -84.882 133
1714 32 1 -65.698 -84.882 133
1715 32 1 -65.698 -84.882 133
1716 32 1 -65.698 -84.882 133
1717 32 1 -65.698 -84.882 133
1718 32 1 -65.698 -84.882 133
1719 32 1 -65.698 -84.882 133
1720 32 1 -65.698 -84.882 133
1721 32 1 -65.698 -84.882 133
1722 32 1 -65.698 -84.882 133
1723 32 1 -65.698 -84.882 133
1724 32 1 -65.698 -84.882 133
1725 32 1 59.088 -20.795 134
1726 32 1 59.088 -20.795 134
1727 32 1 59.088 -20.795 134
1728 32 1 59.088 -20.795 134
1729 32 1 59.088 -20.795 134
1730 32 1 59.088 -20.795 134
1731 32 1 59.088 -20.795 134
1732 32 1 59.088 -20.795 134
1733 32 1 59.088 -20.795 134
1734 32 1 59.088 -20.795 134
1735 32 1 59.088 -20.795 134
1736 32 1 59.088 -20.795 134
1737 32 1 59.088 -20.795 134
1738 32 1 59.088 -20.795 134
1739 32 1 59.088 -20.795 134
1740 32 1 59.088 -20.795 134
1741 32 1 59.088 -20.795 134
1742 32 1 59.088 -20.795 134
1743 32 1 59.088 -20.795 134
1744 32 1 59.088 -20.795 134
1745 32 1 59.088 -20.795 134
1746 32 1 59.088 -20.795 134
1747 32 1 59.088 -20.795 134
1748 32 1 59.088 -20.795 134
1749 1 1 26.086 20.355 135
1750 1 1 26.086 20.355 135
1751 1 1 26.086 20.355 135
1752 1 1 26.086 20.355 135
1753 1 1 26.086 20.355 135
1754 1 1 26.086 20.355 135
1755 1 1 26.086 20.355 135
1756 1 1 26.086 20.355 135
1757 1 1 26.086 20.355 135
1758 1 1 26.086 20.355 135
1759 1 1 26.086 20.355 135
1760 16 1 49.17 -13.33 136
1761 16 1 49.17 -13.33 136
1762 16 1 49.17 -13.33 136
1763 16 1 49.17 -13.33 136
1764 16 1 49.17 -13.33 136
1765 16 1 49.17 -13.33 136
1766 16 1 49.17 -13.33 136
1767 16 1 49.17 -13.33 136
1768 16 1 49.17 -13.33 136
1769 16 1 49.17 -13.33 136
1770 8 1 -94.25 -28.485 137
1771 8 1 -94.25 -28.485 137
1772 8 1 -94.25 -28.485 137
1773 8 1 -94.25 -28.485 137
1774 8 1 -94.25 -28.485 137
1775 8 1 -94.25 -28.485 137
1776 8 1 -94.25 -28.485 137
1777 8 1 -94.25 -28.485 137
1778 8 1 -94.25 -28.485 137
1779 8 1 -94.25 -28.485 137
1780 8 1 -94.25 -28.485 137
1781 8 1 -94.25 -28.485 137
1782 8 1 -94.25 -28.485 137
1783 8 1 -94.25 -28.485 137
1784 8 1 -94.25 -28.485 137
1785 8 1 -94.25 -28.485 137
1786 8 1 -94.25 -28.485 137
1787 8 1 -94.25 -28.485 137
1788 8 1 -94.25 -28.485 137
1789 8 1 -94.25 -28.485 137
1790 8 1 -94.25 -28.485 137
1791 8 1 -94.25 -28.485 137
1792 8 1 -94.25 -28.485 137
1793 8 1 -94.25 -28.485 137
1794 8 1 -6.329 10.913 138
1795 8 1 -6.329 10.913 138
1796 8 1 -6.329 10.913 138
1797 8 1 -6.329 10.913 138
1798 8 1 -6.329 10.913 138
1799 8 1 -6.329 10.913 138
1800 8 1 -6.329 10.913 138
1801 8 1 -6.329 10.913 138
1802 8 1 -6.329 10.913 138
1803 8 1 -6.329 10.913 138
1804 8 1 -6.329 10.913 138
1805 8 1 -6.329 10.913 138
1806 8 1 -6.329 10.913 138
1807 8 1 -6.329 10.913 138
1808 8 1 -6.329 10.913 138
1809 8 1 -6.329 10.913 138
1810 8 1 -6.329 10.913 138
1811 8 1 -6.329 10.913 138
1812 8 1 -6.329 10.913 138
1813 8 1 -6.329 10.913 138
1814 8 1 -6.329 10.913 138
1815 16 1 -42.163 26.801 139
1816 16 1 -42.163 26.801 139
1817 16 1 -42.163 26.801 139
1818 16 1 -42.163 26.801 139
1819 16 1 -42.163 26.801 139
1820 16 1 -42.163 26.801 139
1821 16 1 -42.163 26.801 139
1822 16 1 -42.163 26.801 139
1823 16 1 -42.163 26.801 139
1824 16 1 -42.163 26.801 139
1825 16 1 -42.163 26.801 139
1826 16 1 -42.163 26.801 139
1827 16 1 32.715 -21.869 140
1828 2 1 -27.362 46.771 141
1829 2 1 -27.362 46.771 141
1830 2 1 -27.362 46.771 141
1831 2 1 -27.362 46.771 141
1832 2 1 -27.362 46.771 141
1833 2 1 -27.362 46.771 141
1834 2 1 -27.362 46.771 141
1835 2 1 -27.362 46.771 141
1836 2 1 -27.362 46.771 141
1837 2 1 -27.362 46.771 141
1838 2 1 -27.362 46.771 141
1839 2 1 -27.362 46.771 141
1840 2 1 -27.362 46.771 141
1841 2 1 -27.362 46.771 141
1842 2 1 -27.362 46.771 141
1843 2 1 -27.362 46.771 141
1844 2 1 -27.362 46.771 141
1845 2 1 -27.362 46.771 141
1846 2 1 -27.362 46.771 141
1847 2 1 -27.362 46.771 141
1848 2 1 -27.362 46.771 141
1849 2 1 -27.362 46.771 141
1850 4 1 -29.883 -5.585 142
1851 4 1 -29.883 -5.585 142
1852 4 1 -29.883 -5.585 142
1853 4 1 -29.883 -5.585 142
1854 4 1 -29.883 -5.585 142
1855 4 1 -29.883 -5.585 142
1856 4 1 -29.883 -5.585 142
1857 4 1 -29.883 -5.585 142
1858 4 1 -29.883 -5.585 142
1859 4 1 -29.883 -5.585 142
1860 4 1 -29.883 -5.585 142
1861 4 1 -29.883 -5.585 142
1862 4 1 -29.883 -5.585 142
1863 4 1 -29.883 -5.585 142
1864 4 1 -29.883 -5.585 142
1865 4 1 -29.883 -5.585 142
1866 4 1 -29.883 -5.585 142
