File: pr08 Num Depots: 1 Num Pick Up Points: 142 Num Trucks: 2Processing Time: 49 seconds
Total Demand = 1866.00| Total Distance = 11431.39| Total Travel Time = 8573.54| Total Cost = $2724.83|

Truck #12696 MaxCap: 20 Demand: 19.0 ROUTE:0 1754 1753 1752 1751 1750 1749 507 506 505 503 502 501 500 499 498 497 496 495 494 -1 
Truck #12698 MaxCap: 60 Demand: 59.0 ROUTE:0 1123 1122 1121 1120 1119 1118 1116 1115 1114 1113 1111 1110 1109 1108 1107 1106 1105 1104 535 533 531 530 529 528 527 526 524 523 1129 1128 1125 94 93 92 91 89 88 87 85 84 81 79 78 76 74 136 134 132 131 128 127 126 123 121 120 118 783 782 781 -1 
Truck #12699 MaxCap: 40 Demand: 33.0 ROUTE:0 315 311 310 307 303 133 130 129 125 124 122 1428 1427 1426 1425 1424 265 262 339 335 334 333 291 290 288 285 282 281 280 1521 1520 1519 806 -1 
Truck #12700 MaxCap: 80 Demand: 65.0 ROUTE:0 443 1849 1848 1847 1846 1845 1844 1843 1842 1841 1840 1839 1838 1837 1836 1835 1834 1833 1832 1831 1830 1829 1828 1147 1146 1145 1144 1143 1142 1141 1140 1139 1138 1137 1136 1135 1134 1133 1131 894 888 654 652 1682 1681 1680 1679 1678 1677 1676 1675 1674 1673 1672 1671 1670 1529 1528 1527 1526 1525 1524 1523 1522 173 -1 
Truck #12701 MaxCap: 120 Demand: 108.0 ROUTE:0 1566 1565 1588 1587 1586 1585 1584 1583 1582 1581 1580 1579 1578 1577 1576 1575 1574 1573 1572 1571 1570 1569 1568 1567 818 409 407 406 404 402 400 398 955 391 385 381 374 258 257 255 354 352 351 349 348 345 341 577 1338 1337 372 371 363 361 360 356 247 244 243 241 238 236 235 233 230 229 228 1656 1655 1654 1653 1652 1651 1650 1649 1648 1647 1646 1645 72 71 67 66 61 60 59 58 57 168 167 166 165 164 163 162 159 158 153 919 911 1155 188 185 184 180 177 176 175 -1 
Truck #12703 MaxCap: 100 Demand: 99.0 ROUTE:0 172 828 395 1261 1260 1259 1258 1257 1256 1255 1254 1253 1252 819 727 728 729 730 731 732 733 734 735 736 739 738 737 890 900 1321 1322 1323 415 418 1126 1130 950 952 1203 1200 1198 1196 1193 1192 545 544 543 542 541 540 538 474 473 464 369 366 365 358 231 632 631 630 629 628 627 626 625 623 344 392 963 1866 1865 1864 1863 1862 1861 1860 1859 1858 1857 1856 1855 1854 1853 1852 1851 1850 941 940 938 937 936 935 934 931 930 929 927 -1 
Truck #12704 MaxCap: 160 Demand: 61.0 ROUTE:0 1188 308 696 697 699 701 702 704 705 706 707 947 948 949 83 1298 1299 1300 1302 1303 1304 1305 1307 1308 1309 1310 1311 1312 1313 1315 1316 1318 1320 119 135 452 445 320 318 142 1361 1360 1359 1358 1357 1356 1355 1354 1353 49 103 2 32 196 190 189 181 945 944 943 942 -1 
Truck #12705 MaxCap: 60 Demand: 59.0 ROUTE:0 1559 1558 1557 1556 1555 1554 1553 1552 1551 1550 1549 1548 1547 700 698 951 946 1238 1236 1235 1234 1233 1232 805 804 803 802 801 800 799 798 797 794 793 791 790 788 787 786 785 784 1297 1296 1295 1294 1293 1291 1290 1289 1288 1287 1286 1285 1284 1283 1282 1181 1180 1177 -1 
Truck #12706 MaxCap: 100 Demand: 91.0 ROUTE:0 1211 1207 933 928 1626 1625 1624 1623 1622 1621 1620 1619 1618 1617 1616 1615 1614 1613 1612 1611 1610 1609 1608 1607 493 1712 1711 1710 1709 1708 1707 1706 1705 1704 1703 1702 1701 1700 1699 1251 1249 1248 1246 1245 1243 1242 1239 1231 1230 1229 1228 1225 1224 1223 1222 1221 1220 1219 1218 1216 1215 1214 1132 492 491 490 488 486 485 483 1095 1094 1093 1091 1090 1088 1087 1086 1085 1084 1083 1082 1081 1080 1079 1078 1077 1076 1075 1074 1073 -1 
Truck #12707 MaxCap: 160 Demand: 158.0 ROUTE:0 1814 1813 1812 1811 1810 1809 1808 1807 1806 1805 1804 1803 1802 1801 1800 1799 1798 1797 1796 1795 1794 1072 1071 1070 1069 1068 1067 1066 1064 1062 1061 1060 1059 1058 1057 1056 1055 1054 1053 1052 1049 722 721 720 719 717 716 715 714 713 712 710 708 774 773 772 771 770 768 767 766 765 764 763 762 761 1018 1017 1016 1015 1014 1013 1011 1008 1007 1006 1005 1004 678 676 675 674 673 671 670 669 667 666 665 664 662 661 660 1327 1172 1166 1349 1341 624 1669 1668 1667 1666 1665 1664 1663 1662 1661 1660 1659 1658 1657 1793 1792 1791 1790 1789 1788 1787 1786 1785 1784 1783 1782 1781 1780 1779 1778 1777 1776 1775 1774 1773 1772 1771 1770 558 557 556 555 554 553 551 550 549 548 547 546 565 564 563 562 561 560 559 1202 1197 1194 -1 
Truck #12708 MaxCap: 20 Demand: 19.0 ROUTE:0 703 532 1532 1531 1530 688 1247 1244 1241 1240 789 1319 1317 1314 1306 1301 1179 725 1124 -1 
Truck #12709 MaxCap: 40 Demand: 39.0 ROUTE:0 634 489 1227 1226 1546 1545 1544 1543 1542 1541 1540 1539 1538 1537 1536 1535 1534 1533 1265 552 862 858 1201 1199 1195 1826 1825 1824 1823 1822 1821 1820 1819 1818 1817 1816 1815 1263 1262 -1 
Truck #12710 MaxCap: 60 Demand: 52.0 ROUTE:0 539 987 974 971 588 1209 1206 610 609 600 592 939 932 1021 1019 752 750 742 509 508 1827 1450 1449 1448 1447 621 1769 1768 1767 1766 1765 1764 1763 1762 1761 1760 844 842 833 677 668 663 1012 1009 1276 1272 1268 769 760 711 1051 1050 -1 
Truck #12711 MaxCap: 40 Demand: 39.0 ROUTE:0 642 534 525 1250 1237 796 795 792 1292 1281 1182 1178 504 1474 1473 1472 1471 1470 1469 1468 1467 1466 1465 1464 1463 1462 1461 1460 1459 1458 1457 1456 1455 1454 1453 1452 1451 1117 1112 -1 
Truck #12712 MaxCap: 80 Demand: 67.0 ROUTE:0 1092 1089 487 484 482 1217 651 1644 1643 1642 1641 1640 1639 1638 1637 1636 1635 1634 1633 1632 1631 1630 1629 1628 1627 854 1001 994 574 1390 1389 1388 1387 1386 1385 1384 1383 1382 1381 1380 1379 1378 1377 1376 1375 1374 1373 982 1724 1723 1722 1721 1720 1719 1718 1717 1716 1715 1714 1713 921 915 612 598 591 590 1097 -1 
Truck #12713 MaxCap: 120 Demand: 93.0 ROUTE:0 1023 753 746 1423 1422 1421 1420 1419 1418 1417 1416 1415 1414 1413 1412 1411 1410 1409 1408 1407 1406 1405 1404 1403 1402 1401 1400 1399 522 510 883 876 1518 1517 1516 1515 1514 1513 1512 1511 1510 1509 1508 1507 1506 1505 1504 1503 1502 1501 1500 1499 1498 1497 1496 1495 622 1748 1747 1746 1745 1744 1743 1742 1741 1740 1739 1738 1737 1736 1735 1734 1733 1732 1731 1730 1729 1728 1727 1726 1725 840 672 811 809 1031 1010 1273 1270 718 709 1065 1063 -1 
Truck #12714 MaxCap: 20 Demand: 19.0 ROUTE:0 537 536 693 692 691 690 689 687 686 685 684 641 640 639 638 637 636 635 633 -1 
Truck #12715 MaxCap: 20 Demand: 19.0 ROUTE:0 171 170 169 1266 1264 331 329 328 327 326 759 758 757 756 755 646 645 644 643 -1 
Truck #12716 MaxCap: 20 Demand: 19.0 ROUTE:0 658 657 656 655 653 650 649 648 647 901 899 898 897 896 895 893 892 891 889 -1 
Truck #12717 MaxCap: 20 Demand: 19.0 ROUTE:0 1564 1563 1562 1561 1560 659 429 427 426 424 423 422 416 414 413 411 410 444 442 -1 
Truck #12718 MaxCap: 20 Demand: 19.0 ROUTE:0 859 857 856 855 853 225 224 222 220 218 217 216 212 211 209 821 820 817 816 -1 
Truck #12719 MaxCap: 20 Demand: 19.0 ROUTE:0 1003 1002 1000 472 471 470 468 467 466 463 462 461 460 459 457 864 863 861 860 -1 
Truck #12720 MaxCap: 20 Demand: 19.0 ROUTE:0 1442 1441 1440 1439 1438 1437 1436 1435 1434 1433 1432 1431 1430 1429 481 478 477 476 475 -1 
Truck #12721 MaxCap: 20 Demand: 19.0 ROUTE:0 999 998 997 996 995 993 992 991 990 989 988 986 985 984 983 1446 1445 1444 1443 -1 
Truck #12722 MaxCap: 20 Demand: 19.0 ROUTE:0 777 776 775 384 383 382 380 379 378 377 376 375 408 405 403 401 399 397 396 -1 
Truck #12723 MaxCap: 20 Demand: 19.0 ROUTE:0 261 260 259 256 254 253 252 251 1494 1493 1492 1491 1490 1489 1488 1487 1486 1485 1484 -1 
Truck #12724 MaxCap: 20 Demand: 19.0 ROUTE:0 1483 1482 1481 1480 1479 1478 1477 1476 1475 576 575 573 572 571 570 569 568 567 566 -1 
Truck #12725 MaxCap: 20 Demand: 19.0 ROUTE:0 64 62 56 55 54 52 367 364 362 359 357 355 394 393 390 389 388 387 386 -1 
Truck #12726 MaxCap: 20 Demand: 19.0 ROUTE:0 824 823 822 250 249 248 246 245 242 240 239 237 234 232 227 226 373 370 368 -1 
Truck #12727 MaxCap: 20 Demand: 19.0 ROUTE:0 968 967 966 965 964 962 961 960 959 958 957 956 954 953 830 829 827 826 825 -1 
Truck #12728 MaxCap: 20 Demand: 19.0 ROUTE:0 1687 1686 1685 1684 1683 780 779 778 981 980 979 978 977 976 975 973 972 970 969 -1 
Truck #12729 MaxCap: 20 Demand: 19.0 ROUTE:0 353 350 347 346 343 342 695 694 1698 1697 1696 1695 1694 1693 1692 1691 1690 1689 1688 -1 
Truck #12730 MaxCap: 20 Demand: 19.0 ROUTE:0 604 603 602 601 599 597 596 595 594 593 589 161 160 157 156 155 154 70 68 -1 
Truck #12731 MaxCap: 20 Demand: 19.0 ROUTE:0 1103 1102 1101 1100 1099 1098 1096 907 906 905 904 903 902 613 611 608 607 606 605 -1 
Truck #12732 MaxCap: 20 Demand: 19.0 ROUTE:0 1151 1150 1149 1148 926 925 924 923 922 920 918 917 916 914 913 912 910 909 908 -1 
Truck #12733 MaxCap: 20 Demand: 19.0 ROUTE:0 197 194 192 191 187 186 183 182 179 178 174 28 27 25 24 1156 1154 1153 1152 -1 
Truck #12734 MaxCap: 40 Demand: 39.0 ROUTE:0 1605 1604 1603 1602 1601 1600 1599 1598 1597 1596 1595 1594 1593 1592 1591 1590 1589 23 16 14 11 8 7 6 105 104 276 275 274 272 270 148 147 35 34 26 198 195 193 -1 
Truck #12735 MaxCap: 20 Demand: 19.0 ROUTE:0 1028 1027 1026 1025 1024 1022 1020 1339 271 269 268 267 150 149 36 33 31 30 29 -1 
Truck #12736 MaxCap: 20 Demand: 19.0 ROUTE:0 108 102 22 21 20 19 18 17 15 13 12 10 9 5 4 3 1 1030 1029 -1 
Truck #12737 MaxCap: 40 Demand: 39.0 ROUTE:0 325 322 319 298 144 143 41 40 39 107 106 1176 1175 1174 1173 1171 1170 1169 1168 1167 1165 1164 1163 1162 1161 1160 1159 1158 1157 1352 1351 1350 1348 1347 1346 1345 1344 1343 1340 -1 
Truck #12738 MaxCap: 20 Demand: 19.0 ROUTE:0 743 741 740 51 50 48 47 46 45 44 43 42 38 37 113 112 111 110 109 -1 
Truck #12739 MaxCap: 20 Demand: 19.0 ROUTE:0 117 521 520 519 518 517 516 515 514 513 512 511 754 751 749 748 747 745 744 -1 
Truck #12740 MaxCap: 20 Demand: 19.0 ROUTE:0 1191 1189 1185 1184 1183 324 323 321 300 297 296 294 620 619 618 617 616 615 614 -1 
Truck #12741 MaxCap: 40 Demand: 39.0 ROUTE:0 1190 1187 1186 454 450 449 448 446 885 880 1372 1371 1370 1369 1368 1367 1366 1365 1364 1363 1362 299 207 204 201 199 1046 1033 100 97 1606 1398 1397 1396 1395 1394 1393 1392 1391 -1 
Truck #12742 MaxCap: 20 Demand: 19.0 ROUTE:0 439 438 437 435 434 302 301 871 870 869 868 867 866 865 456 455 453 451 447 -1 
Truck #12743 MaxCap: 20 Demand: 19.0 ROUTE:0 887 886 884 882 881 879 878 877 875 874 873 872 73 206 203 202 834 832 831 -1 
Truck #12744 MaxCap: 60 Demand: 42.0 ROUTE:0 1213 1212 1210 1208 1205 1204 587 586 585 584 583 582 581 580 579 578 152 151 69 65 63 53 146 277 273 1342 295 726 724 723 99 1333 1332 1331 1330 1329 1328 1326 1325 1324 205 200 -1 
Truck #12745 MaxCap: 20 Demand: 19.0 ROUTE:0 1274 1271 1269 1267 852 851 850 849 848 847 846 845 843 841 839 838 837 836 835 -1 
Truck #12746 MaxCap: 20 Demand: 19.0 ROUTE:0 1035 1034 1032 815 814 813 812 810 808 807 101 98 96 95 1280 1279 1278 1277 1275 -1 
Truck #12747 MaxCap: 20 Demand: 19.0 ROUTE:0 145 141 140 139 138 137 1048 1047 1045 1044 1043 1042 1041 1040 1039 1038 1037 1036 116 -1 
Truck #12748 MaxCap: 40 Demand: 39.0 ROUTE:0 480 479 469 465 458 223 221 219 215 214 213 210 208 432 431 430 428 425 421 420 419 417 412 330 1127 90 86 82 80 77 75 440 436 433 683 682 681 680 679 -1 
Truck #13793 MaxCap: 20 Demand: 19.0 ROUTE:0 114 115 263 264 266 441 278 279 283 284 286 287 289 292 293 336 337 338 340 -1 
Truck #13794 MaxCap: 20 Demand: 18.0 ROUTE:0 1334 1335 1336 1755 1756 1757 1758 1759 332 304 305 306 309 312 313 314 316 317 -1 


Inital Solution 0 changes  totQ=1866.00 totD=11797.14 $2832.44
Local One Opt 72 changes  totQ=1866.00 totD=11332.17 $2785.33
Local Two Opt 15 changes  totQ=1866.00 totD=11302.54 $2784.14
Local Three Opt 10 changes  totQ=1866.00 totD=11269.08 $2780.28
K-Two Forward 0 changes  totQ=1866.00 totD=11269.08 $2780.28
K-Two Reverse 0 changes  totQ=1866.00 totD=11269.08 $2780.28
K-Three Forward 0 changes  totQ=1866.00 totD=11269.08 $2780.28
K-Three Reverse 0 changes  totQ=1866.00 totD=11269.08 $2780.28
Exchange 01 10 changes  totQ=1866.00 totD=11287.65 $2767.00
Exchange 01 0 changes  totQ=1866.00 totD=11287.65 $2767.00
Exchange 11 10 changes  totQ=1866.00 totD=11108.25 $2760.82
Exchange 02 4 changes  totQ=1866.00 totD=11214.37 $2755.20
Exchange 20 0 changes  totQ=1866.00 totD=11214.37 $2755.20
Exchange 12 1 changes  totQ=1866.00 totD=11214.41 $2755.19
Exchange 21 0 changes  totQ=1866.00 totD=11214.41 $2755.19
Exchange 22 0 changes  totQ=1866.00 totD=11214.41 $2755.19
Combination 0 changes  totQ=1866.00 totD=11214.41 $2755.19
Reduction 1 changes  totQ=1866.00 totD=11275.34 $2724.99
Reallocation 0 changes  totQ=1866.00 totD=11275.34 $2724.99
Relax/Combine 0 changes  totQ=1866.00 totD=11275.34 $2724.99
Sharing 0 changes  totQ=1866.00 totD=11275.34 $2724.99
Relax/Share 1 changes  totQ=1866.00 totD=11431.39 $2724.83
