File: pr09 Num Depots: 1 Num Pick Up Points: 213 Num Trucks: 3Processing Time: 117 seconds
Total Demand = 2650.00| Total Distance = 14633.17| Total Travel Time = 10974.87| Total Cost = $3580.34|

Truck #13831 MaxCap: 20 Demand: 18.0 ROUTE:0 2381 2380 2379 2378 578 577 574 569 7 259 257 255 250 245 244 241 239 238 -1 
Truck #13832 MaxCap: 40 Demand: 39.0 ROUTE:0 27 26 22 20 17 15 12 11 10 9 8 1388 1387 1386 1385 1384 1383 1382 1381 1380 1379 1378 1377 1376 1375 1374 937 935 934 933 932 931 930 928 927 925 924 923 922 -1 
Truck #13833 MaxCap: 60 Demand: 45.0 ROUTE:0 1478 1477 1476 1474 1473 1471 1470 768 767 766 764 763 761 760 2431 2430 2429 2428 2427 2426 635 634 633 631 630 629 626 625 273 272 269 268 266 519 157 156 155 154 152 148 146 144 141 138 137 -1 
Truck #13834 MaxCap: 40 Demand: 39.0 ROUTE:0 898 897 896 895 894 893 892 891 890 936 1389 1373 25 23 19 16 14 405 403 402 260 258 254 252 251 249 248 247 246 243 242 240 576 573 572 571 570 568 2325 -1 
Truck #13835 MaxCap: 80 Demand: 69.0 ROUTE:0 1015 1014 1012 1011 1009 1008 1007 1004 1002 2102 2101 2100 2099 2098 2097 2096 2095 520 267 265 264 263 262 261 1494 1177 1176 1169 1137 1136 1135 1132 1131 1130 1129 1128 1127 1126 1125 1847 607 605 604 599 598 597 595 594 591 590 624 765 1475 207 204 203 201 198 197 196 195 194 193 190 187 1808 1804 1803 1801 -1 
Truck #13836 MaxCap: 120 Demand: 119.0 ROUTE:0 1875 1871 516 515 514 512 1156 1154 2131 2130 2129 2128 2127 2126 2125 2124 2123 360 358 357 356 811 2435 2434 2433 2432 509 502 501 1864 1854 1852 491 490 486 485 484 326 325 324 322 319 318 317 309 307 496 494 493 79 77 75 72 71 70 69 68 67 63 62 1183 1115 1112 1111 1110 1109 1108 1107 1106 1105 1104 1103 1099 1098 1097 1096 438 542 541 538 537 534 533 532 527 179 178 170 169 168 167 165 164 160 159 618 617 616 615 612 1424 1423 1422 1421 1420 1419 886 880 875 873 185 182 289 288 287 286 284 282 274 -1 
Truck #13837 MaxCap: 60 Demand: 59.0 ROUTE:0 899 136 929 926 575 256 253 24 21 18 13 404 1690 1688 1496 1495 271 270 632 628 627 606 1862 1845 504 1031 1030 1029 1028 1026 1025 1024 1023 821 819 1167 1712 1711 1710 1709 1707 1706 1705 1704 1703 1472 1013 1010 1000 998 997 996 995 994 993 992 991 990 988 -1 
Truck #13838 MaxCap: 100 Demand: 99.0 ROUTE:0 2066 2065 2064 2063 2062 2061 2060 2059 2058 2057 2056 2055 2054 2053 2052 2051 2050 2049 2048 2047 2046 353 351 346 338 335 371 370 1436 1432 1430 1426 37 32 31 953 952 951 950 949 948 947 946 945 944 943 942 941 939 1731 1726 172 171 162 158 2333 2332 2331 2330 2329 2328 2327 2326 540 530 436 80 78 73 495 306 355 1720 1719 1717 1716 1714 1713 1155 1817 1198 1196 711 1114 1113 2108 2107 2106 2105 2104 2103 47 1702 1696 885 884 878 281 280 -1 
Truck #13839 MaxCap: 160 Demand: 138.0 ROUTE:0 481 480 476 474 465 1150 801 788 640 1563 1559 1554 1079 963 962 959 958 956 955 954 566 560 556 544 1400 1397 1395 124 116 112 846 845 842 1355 1354 1353 1350 1598 1166 1091 1090 1089 1088 1086 1085 1630 1616 1121 1120 1119 1118 1117 1116 744 728 1297 1292 1289 2453 2452 2451 2450 2449 2448 2447 2446 2445 2444 2443 2442 2441 2440 2439 2438 2437 2436 2004 1052 584 581 1656 1655 1654 1653 1652 1651 1650 1648 1647 1646 1645 1644 1643 1642 1641 1640 1639 1638 1637 1636 1635 1634 2307 2306 2305 2304 2303 2302 2301 2300 2299 2298 2297 2296 2295 2294 2293 2292 2291 2290 2289 2288 2287 2286 2425 2424 2423 2422 2421 2420 2419 2418 2417 2416 2415 2414 2413 2412 -1 
Truck #13841 MaxCap: 100 Demand: 99.0 ROUTE:0 1687 1686 1685 1684 1683 1682 1681 1679 1678 2195 2194 2193 2192 2191 2190 2189 2188 2187 2186 2185 2184 1255 1254 1253 1252 1250 1249 1248 1245 1244 1243 1242 1241 1240 1435 1434 1429 1428 960 957 940 775 776 777 779 774 773 772 770 769 1621 1622 1351 1732 1721 2621 2620 2619 2618 2617 2616 2615 2614 2613 2612 2611 2610 2609 2608 1223 1222 1221 1218 1217 1216 1215 1214 1213 1212 1206 1204 1203 1202 1201 1102 1101 1100 1168 1027 999 989 1265 1264 1263 1262 1259 1258 1257 1256 -1 
Truck #13842 MaxCap: 160 Demand: 137.0 ROUTE:0 1021 1020 1311 1310 1309 1308 1307 1306 1304 1303 1302 1301 1082 1399 1600 1594 1593 1591 2600 2601 2602 2603 2604 2605 2606 2607 2020 2019 2018 2017 2016 2015 2014 2013 2012 2011 2000 1999 807 1492 1979 1981 1043 1358 1363 1364 1372 1159 1962 1963 1964 1965 1966 1967 1968 1969 1970 1972 1973 1974 1904 1905 1906 1907 1908 1909 1911 1912 1913 1914 1916 1917 1918 1919 1920 1921 1922 1923 1924 900 1296 2153 2152 2151 2150 2149 2148 2147 2146 2145 2144 2143 2142 2141 2140 2139 2138 2137 2136 2135 2134 2133 2132 1649 872 871 869 867 866 865 864 863 862 861 859 858 857 856 855 854 852 851 850 849 848 1448 1447 1446 1445 1444 1443 1442 1441 1440 1439 1200 1199 -1 
Truck #13843 MaxCap: 20 Demand: 16.0 ROUTE:0 1247 1680 1349 1266 1261 1260 1927 1925 1501 1818 1715 1708 903 1001 1604 1835 -1 
Truck #13844 MaxCap: 40 Demand: 35.0 ROUTE:0 2078 2077 2076 2075 2074 2094 2093 2092 2091 2090 2089 2088 2087 2086 2085 2084 2083 2082 2081 2080 2079 1220 1211 1210 1208 1205 1665 1798 1793 2225 2224 2223 2222 2221 2220 -1 
Truck #13845 MaxCap: 60 Demand: 57.0 ROUTE:0 2521 2520 2519 2518 2517 2516 2515 2514 2513 2512 2511 2510 2509 2508 2507 2506 2505 2504 2503 2502 2501 2500 2499 2563 2562 2561 2560 2559 2558 2557 2556 2555 2554 2553 2552 2551 2550 2549 2548 2547 2546 2545 2544 2543 2542 2541 2122 2121 2120 2119 2118 2117 2116 2115 2114 2113 853 -1 
Truck #13846 MaxCap: 40 Demand: 36.0 ROUTE:0 1915 1910 1224 825 1468 1838 1971 1173 762 759 2236 2235 2234 2233 2232 2231 2230 2229 2228 2227 2226 2274 2273 2272 2271 2270 2269 2268 2267 1500 918 909 906 1937 1936 1929 -1 
Truck #13848 MaxCap: 120 Demand: 113.0 ROUTE:0 1022 2474 2475 2476 2477 2478 2479 2480 2481 2482 2483 2484 2485 2486 2487 2488 2489 2490 2491 2492 1785 778 1299 2067 2068 2069 2070 2071 2072 2073 1277 1284 1285 2196 2197 2198 2199 2200 2201 2202 2203 2204 2205 2206 2207 2208 2209 2210 2211 2212 2213 2214 2215 2216 2217 2218 2219 2275 2276 2277 2278 2279 2280 2281 2282 2283 2284 2285 1207 1209 1219 1246 1251 1348 2498 2497 2496 2495 2494 2493 1313 1347 1346 1342 1337 1418 694 1754 1753 1752 1901 1897 1888 2382 2383 2384 2385 2386 2394 2393 2392 2391 2390 2389 2388 2387 870 868 1123 1543 1541 1540 1530 -1 
Truck #13849 MaxCap: 20 Demand: 19.0 ROUTE:0 1811 1810 1809 1807 1806 1805 1802 1800 1799 206 205 202 200 199 192 191 189 188 588 -1 
Truck #13850 MaxCap: 20 Demand: 19.0 ROUTE:0 511 510 508 507 506 505 503 500 610 609 608 603 602 601 600 596 593 592 589 -1 
Truck #13851 MaxCap: 20 Demand: 19.0 ROUTE:0 1855 1853 1851 1850 1849 1848 1846 1844 487 1867 1866 1865 1863 1861 1860 1859 1858 1857 1856 -1 
Truck #13852 MaxCap: 20 Demand: 19.0 ROUTE:0 1870 1869 1868 1903 822 820 818 817 816 815 814 813 812 810 809 1095 492 489 488 -1 
Truck #13853 MaxCap: 20 Demand: 19.0 ROUTE:0 314 313 312 311 310 308 1885 1884 1883 1882 1881 1880 1879 1878 1877 1876 1874 1873 1872 -1 
Truck #13854 MaxCap: 20 Demand: 19.0 ROUTE:0 328 327 323 321 320 316 315 915 914 913 912 911 910 908 907 905 904 902 901 -1 
Truck #13855 MaxCap: 20 Demand: 19.0 ROUTE:0 290 513 921 920 919 917 916 362 361 359 76 74 66 499 498 497 65 64 1926 -1 
Truck #13856 MaxCap: 20 Demand: 19.0 ROUTE:0 1935 1934 1933 1932 1931 1930 1928 186 184 183 181 180 285 283 279 278 277 276 275 -1 
Truck #13857 MaxCap: 20 Demand: 19.0 ROUTE:0 1498 1497 1197 1195 1194 1193 1192 1191 1190 1189 1188 1187 1186 1185 1184 1182 1181 1094 1093 -1 
Truck #13858 MaxCap: 20 Demand: 19.0 ROUTE:0 874 55 54 53 52 51 50 49 48 46 45 44 1507 1506 1505 1504 1503 1502 1499 -1 
Truck #13859 MaxCap: 20 Demand: 19.0 ROUTE:0 1701 1700 1699 1698 1697 1695 1694 1693 1692 1691 889 888 887 883 882 881 879 877 876 -1 
Truck #13860 MaxCap: 20 Demand: 19.0 ROUTE:0 439 437 435 2243 2242 2241 2240 2239 2238 2237 2252 2251 2250 2249 2248 2247 2246 2245 2244 -1 
Truck #13861 MaxCap: 20 Demand: 19.0 ROUTE:0 622 621 620 619 614 613 611 539 536 535 531 529 528 526 525 524 523 522 521 -1 
Truck #13862 MaxCap: 20 Demand: 19.0 ROUTE:0 623 1415 1414 1413 1412 1411 1410 1409 1408 1407 1406 1405 1663 1662 1661 1660 1659 1658 1657 -1 
Truck #13863 MaxCap: 20 Demand: 19.0 ROUTE:0 1843 177 176 175 174 173 166 163 161 1674 1673 1672 1671 1670 1669 1668 1667 1666 1664 -1 
Truck #13864 MaxCap: 40 Demand: 39.0 ROUTE:0 367 366 364 1438 1437 1433 1431 1427 1425 419 417 414 413 411 1737 1736 1735 1734 1733 1730 1729 1728 1727 1725 1724 1723 1722 38 34 33 30 354 350 349 344 343 342 341 333 -1 
Truck #13865 MaxCap: 20 Demand: 19.0 ROUTE:0 1777 1797 1796 1795 1794 1792 1791 1790 1789 1788 1787 1786 1784 1783 1782 1781 1780 1779 1778 -1 
Truck #13866 MaxCap: 20 Demand: 19.0 ROUTE:0 348 347 345 340 339 337 336 334 420 418 416 415 412 410 409 369 368 365 363 -1 
Truck #13867 MaxCap: 20 Demand: 19.0 ROUTE:0 43 42 41 40 36 35 29 28 128 126 122 121 120 119 118 114 113 111 352 -1 
Truck #13868 MaxCap: 40 Demand: 39.0 ROUTE:0 1071 1070 564 563 559 554 552 549 546 2473 2472 2471 2470 2469 2468 2467 2466 2465 2464 2463 2462 2461 2460 2459 2458 2457 2456 2455 2454 134 133 132 131 127 125 123 117 115 39 -1 
Truck #13869 MaxCap: 20 Demand: 19.0 ROUTE:0 1281 1280 1279 1278 1276 1275 1274 1273 1272 1271 1270 1269 1268 1267 135 130 129 2180 2179 -1 
Truck #13870 MaxCap: 20 Demand: 19.0 ROUTE:0 1558 1557 1556 1553 1552 1551 847 844 843 841 840 839 838 837 836 835 2183 2182 2181 -1 
Truck #13871 MaxCap: 40 Demand: 39.0 ROUTE:0 2537 2536 2535 2534 2533 2532 2531 2530 2529 2528 2527 2526 2525 2524 2523 2522 1555 2636 2635 2634 1404 1403 1402 1401 1398 1396 1394 1393 1084 1083 1081 1080 1078 1077 1076 1075 1074 1073 1072 -1 
Truck #13872 MaxCap: 20 Demand: 19.0 ROUTE:0 567 565 562 561 558 557 555 553 551 550 548 547 545 543 1565 1564 1562 1561 1560 -1 
Truck #13873 MaxCap: 40 Demand: 39.0 ROUTE:0 641 639 638 1151 1147 1141 483 478 475 470 464 463 424 423 422 2341 2340 1068 1066 1064 1055 1050 1165 1164 1602 1601 1599 1597 1596 1595 1592 1590 332 331 330 329 2540 2539 2538 -1 
Truck #13874 MaxCap: 20 Demand: 19.0 ROUTE:0 1287 1286 1283 1282 421 1153 1152 1149 1148 1146 1145 1144 1143 1142 1140 1139 1138 637 636 -1 
Truck #13875 MaxCap: 20 Demand: 19.0 ROUTE:0 1069 1067 1065 1063 1062 1061 1060 1059 1058 1057 1056 1054 1053 1051 1049 1048 1047 1046 1045 -1 
Truck #13876 MaxCap: 20 Demand: 19.0 ROUTE:0 2650 2649 2648 2647 2646 2645 2644 2643 2642 2641 2640 2639 2638 2637 693 691 860 1449 1122 -1 
Truck #13877 MaxCap: 20 Demand: 19.0 ROUTE:0 796 795 794 793 792 790 789 787 786 482 479 477 473 472 471 469 468 467 466 -1 
Truck #13878 MaxCap: 40 Demand: 39.0 ROUTE:0 2002 2001 1998 1997 1996 1995 1994 1993 91 89 88 86 84 83 81 2364 2363 2362 2361 2360 2359 2358 2357 2356 2355 2354 2353 2352 2351 2350 2349 2348 2347 2346 2345 2344 2343 2342 791 -1 
Truck #13879 MaxCap: 20 Demand: 19.0 ROUTE:0 742 741 739 738 737 736 734 732 731 729 727 726 725 724 802 800 799 798 797 -1 
Truck #13880 MaxCap: 40 Demand: 39.0 ROUTE:0 587 585 583 579 2010 2009 2008 2007 2006 2005 2003 1633 1632 1631 1629 1628 1627 1626 1625 1624 1623 1620 1619 1618 1617 60 58 56 740 735 733 730 1298 1295 1294 1293 1291 1290 1288 -1 
Truck #13881 MaxCap: 20 Demand: 19.0 ROUTE:0 586 582 580 1902 1900 1899 1898 1896 1748 1747 1746 1745 1744 1743 1742 1741 1740 1739 1738 -1 
Truck #13882 MaxCap: 20 Demand: 19.0 ROUTE:0 745 743 2628 2627 2626 2625 2624 2623 2622 1761 1760 1759 1758 1757 1756 1755 1751 1750 1749 -1 
Truck #13883 MaxCap: 20 Demand: 19.0 ROUTE:0 683 682 681 680 679 678 677 676 675 696 695 692 690 689 688 687 686 685 684 -1 
Truck #13884 MaxCap: 20 Demand: 19.0 ROUTE:0 1895 1894 1893 1892 1891 1890 1889 1887 1886 92 90 87 85 82 2633 2632 2631 2630 2629 -1 
Truck #13885 MaxCap: 20 Demand: 19.0 ROUTE:0 61 59 57 1417 1416 461 457 456 455 454 450 449 448 447 446 445 444 443 1527 -1 
Truck #13886 MaxCap: 40 Demand: 39.0 ROUTE:0 1550 1539 1528 2583 2582 2581 2580 2579 2578 2577 2576 2575 2574 2573 2572 2571 2570 2569 2568 2567 2566 2565 2564 965 233 229 228 808 806 804 803 460 459 458 453 451 442 441 440 -1 
Truck #13887 MaxCap: 20 Demand: 19.0 ROUTE:0 1327 1326 1325 1549 1548 1547 1546 1545 1544 1542 1538 1537 1536 1535 1534 1533 1532 1531 1529 -1 
Truck #13889 MaxCap: 20 Demand: 19.0 ROUTE:0 230 227 226 758 757 756 755 754 753 751 750 749 748 747 232 231 1018 1017 1016 -1 
Truck #13890 MaxCap: 40 Demand: 39.0 ROUTE:0 1569 1567 1566 644 643 642 938 1339 1328 1950 1943 1938 1316 223 219 217 215 517 2366 2365 752 987 986 985 984 983 981 979 978 977 976 975 974 972 970 969 968 967 966 -1 
Truck #13891 MaxCap: 20 Demand: 19.0 ROUTE:0 218 216 214 213 211 1345 1344 1343 1341 1340 1338 1336 1335 1334 1333 1332 1331 1330 1329 -1 
Truck #13892 MaxCap: 20 Demand: 19.0 ROUTE:0 225 224 222 221 518 1939 1324 1323 1322 1321 1320 1319 1318 1317 1315 1314 1312 647 646 -1 
Truck #13893 MaxCap: 60 Demand: 55.0 ROUTE:0 1006 1005 1003 697 2339 2338 2337 2336 2335 2334 1776 1775 1774 1773 1772 1771 1769 1767 1766 1764 1763 1239 1238 1236 1235 1233 1232 1231 1230 1229 1228 1469 1467 1466 1464 1463 1462 1461 1459 1458 1456 1455 1454 1453 1452 1450 1576 1575 1574 1573 1572 1571 1570 1180 700 -1 
Truck #13894 MaxCap: 20 Demand: 19.0 ROUTE:0 826 824 823 1816 1815 1814 1813 1812 1952 1951 1949 1948 1947 1946 1945 1944 1942 1941 1940 -1 
Truck #13895 MaxCap: 20 Demand: 16.0 ROUTE:0 1366 1360 1457 1451 1992 1978 1977 1237 1234 1227 1226 1225 1770 1768 1765 1976 -1 
Truck #13896 MaxCap: 40 Demand: 39.0 ROUTE:0 834 828 2377 2376 2375 2374 2373 2372 2371 2370 2369 2368 2367 434 432 430 426 425 650 648 302 299 295 294 291 2266 2265 2264 2263 2262 2261 2260 2259 2258 2257 2256 2255 2254 2253 -1 
Truck #13897 MaxCap: 20 Demand: 19.0 ROUTE:0 408 407 406 401 400 237 235 833 832 831 830 829 827 433 431 429 428 427 1975 -1 
Truck #13898 MaxCap: 60 Demand: 59.0 ROUTE:0 304 301 298 293 1034 1371 1370 1369 1368 1367 1365 1362 1361 1359 1357 1163 1162 1161 1160 1158 1157 2178 2177 2176 2175 2174 2173 2172 2171 2170 2169 2168 2167 2166 2165 2164 2163 2162 2161 2160 2159 2158 2157 2156 2155 2154 668 660 2 395 383 1991 1990 1989 1988 1987 1986 1985 1984 -1 
Truck #13899 MaxCap: 20 Demand: 17.0 ROUTE:0 2322 2321 2320 2319 2318 2317 2316 2315 2314 2313 208 305 303 300 297 296 292 -1 
Truck #13900 MaxCap: 40 Demand: 39.0 ROUTE:0 96 95 94 375 374 373 372 782 672 670 665 663 655 1827 6 5 399 398 396 393 386 384 378 377 236 1044 1042 1041 1040 1039 1038 1037 1036 1035 1033 1032 210 209 1677 -1 
Truck #13901 MaxCap: 20 Demand: 19.0 ROUTE:0 376 1 397 394 392 391 390 389 388 387 385 382 381 380 379 1676 1675 2324 2323 -1 
Truck #13902 MaxCap: 20 Demand: 19.0 ROUTE:0 4 3 1831 1830 1829 1828 1826 1825 1824 1823 1822 1821 1820 1819 785 784 783 781 780 -1 
Truck #13903 MaxCap: 20 Demand: 19.0 ROUTE:0 2411 2410 2409 2408 2407 2406 2405 2404 2403 2402 2401 2400 2399 2398 2397 2396 2395 1465 1460 -1 
Truck #13904 MaxCap: 20 Demand: 19.0 ROUTE:0 674 673 671 669 667 666 664 662 661 659 658 657 656 654 653 652 1834 1833 1832 -1 
Truck #13906 MaxCap: 20 Demand: 18.0 ROUTE:0 1019 1305 1300 961 771 1356 1352 1762 1092 1087 1520 1509 719 717 713 1588 707 701 -1 
Truck #13907 MaxCap: 60 Demand: 57.0 ROUTE:0 2590 2589 2588 2587 2586 2585 2584 2112 2111 2110 2109 1961 1960 1959 1958 1957 1956 1955 1954 1953 982 964 1842 1841 1840 1839 1837 1836 1615 1614 1613 1612 1611 1610 1609 1608 1607 1606 1605 1603 1689 1589 1587 1586 1585 1584 1583 1582 1581 1580 1579 1578 1577 1134 1133 1124 1718 -1 
Truck #13908 MaxCap: 20 Demand: 18.0 ROUTE:0 2312 2311 2310 2309 2308 651 649 110 108 107 106 105 102 101 100 98 97 93 -1 
Truck #13909 MaxCap: 40 Demand: 14.0 ROUTE:0 153 151 150 149 147 145 143 142 140 139 109 104 103 99 -1 
Truck #13910 MaxCap: 20 Demand: 19.0 ROUTE:0 1179 1178 1175 1174 1172 1171 1170 1392 1391 1390 722 721 720 718 716 715 714 712 723 -1 
Truck #14900 MaxCap: 100 Demand: 90.0 ROUTE:0 1568 645 2037 2038 2039 2040 2041 2042 2043 2044 2045 2021 2022 2023 2024 2025 2026 2027 2028 2029 2030 2031 2032 2033 2034 2035 2036 698 699 702 703 704 705 706 708 709 710 212 220 1980 1982 1983 1479 1480 1481 1482 1483 1484 1485 1486 1487 1488 1489 1490 1491 1493 746 2594 2595 2596 2597 2598 2599 805 234 1508 1510 1511 1512 1513 1514 1515 1516 1517 1518 1519 1521 1522 1523 1524 1525 1526 2591 2592 2593 971 973 980 452 462 -1 


Inital Solution 0 changes  totQ=2650.00 totD=15480.60 $3799.98
Local One Opt 111 changes  totQ=2650.00 totD=14967.23 $3752.67
Local Two Opt 47 changes  totQ=2650.00 totD=14808.44 $3735.47
Local Three Opt 4 changes  totQ=2650.00 totD=14789.79 $3733.77
K-Two Forward 0 changes  totQ=2650.00 totD=14789.79 $3733.77
K-Two Reverse 0 changes  totQ=2650.00 totD=14789.79 $3733.77
K-Three Forward 0 changes  totQ=2650.00 totD=14789.79 $3733.77
K-Three Reverse 3 changes  totQ=2650.00 totD=14772.97 $3731.60
Exchange 01 35 changes  totQ=2650.00 totD=14905.54 $3712.23
Exchange 01 0 changes  totQ=2650.00 totD=14905.54 $3712.23
Exchange 11 9 changes  totQ=2650.00 totD=14819.47 $3708.41
Exchange 02 10 changes  totQ=2650.00 totD=14968.64 $3704.95
Exchange 20 0 changes  totQ=2650.00 totD=14968.64 $3704.95
Exchange 12 22 changes  totQ=2650.00 totD=14682.71 $3683.52
Exchange 21 0 changes  totQ=2650.00 totD=14682.71 $3683.52
Exchange 22 0 changes  totQ=2650.00 totD=14682.71 $3683.52
Combination 1 changes  totQ=2650.00 totD=14682.71 $3683.52
Reduction 2 changes  totQ=2650.00 totD=14633.17 $3580.34
Reallocation 0 changes  totQ=2650.00 totD=14633.17 $3580.34
Relax/Combine 0 changes  totQ=2650.00 totD=14633.17 $3580.34
Sharing 0 changes  totQ=2650.00 totD=14633.17 $3580.34
Relax/Share 0 changes  totQ=2650.00 totD=14633.17 $3580.34
