2650
1 1 1 83.081 -17.816 1
2 4 1 83.081 -17.816 1
3 1 1 83.081 -17.816 1
4 1 1 83.081 -17.816 1
5 2 1 83.081 -17.816 1
6 2 1 83.081 -17.816 1
7 1 1 50.372 7.709 2
8 1 1 50.372 7.709 2
9 1 1 50.372 7.709 2
10 1 1 50.372 7.709 2
11 1 1 50.372 7.709 2
12 1 1 50.372 7.709 2
13 4 1 50.372 7.709 2
14 2 1 50.372 7.709 2
15 1 1 50.372 7.709 2
16 2 1 50.372 7.709 2
17 1 1 50.372 7.709 2
18 4 1 50.372 7.709 2
19 2 1 50.372 7.709 2
20 1 1 50.372 7.709 2
21 4 1 50.372 7.709 2
22 1 1 50.372 7.709 2
23 2 1 50.372 7.709 2
24 4 1 50.372 7.709 2
25 2 1 50.372 7.709 2
26 1 1 50.372 7.709 2
27 1 1 50.372 7.709 2
28 1 1 -52.576 2.002 3
29 1 1 -52.576 2.002 3
30 2 1 -52.576 2.002 3
31 4 1 -52.576 2.002 3
32 4 1 -52.576 2.002 3
33 2 1 -52.576 2.002 3
34 2 1 -52.576 2.002 3
35 1 1 -52.576 2.002 3
36 1 1 -52.576 2.002 3
37 4 1 -52.576 2.002 3
38 2 1 -52.576 2.002 3
39 2 1 -52.576 2.002 3
40 1 1 -52.576 2.002 3
41 1 1 -52.576 2.002 3
42 1 1 -52.576 2.002 3
43 1 1 -52.576 2.002 3
44 1 1 -39.685 38.171 4
45 1 1 -39.685 38.171 4
46 1 1 -39.685 38.171 4
47 4 1 -39.685 38.171 4
48 1 1 -39.685 38.171 4
49 1 1 -39.685 38.171 4
50 1 1 -39.685 38.171 4
51 1 1 -39.685 38.171 4
52 1 1 -39.685 38.171 4
53 1 1 -39.685 38.171 4
54 1 1 -39.685 38.171 4
55 1 1 -39.685 38.171 4
56 2 1 -19.183 -45.148 5
57 1 1 -19.183 -45.148 5
58 2 1 -19.183 -45.148 5
59 1 1 -19.183 -45.148 5
60 2 1 -19.183 -45.148 5
61 1 1 -19.183 -45.148 5
62 2 1 -33.582 77.936 6
63 2 1 -33.582 77.936 6
64 1 1 -33.582 77.936 6
65 1 1 -33.582 77.936 6
66 1 1 -18.182 91.876 7
67 2 1 -18.182 91.876 7
68 2 1 -18.182 91.876 7
69 2 1 -18.182 91.876 7
70 2 1 -18.182 91.876 7
71 2 1 -18.182 91.876 7
72 2 1 -18.182 91.876 7
73 4 1 -18.182 91.876 7
74 1 1 -18.182 91.876 7
75 2 1 -18.182 91.876 7
76 1 1 -18.182 91.876 7
77 2 1 -18.182 91.876 7
78 4 1 -18.182 91.876 7
79 2 1 -18.182 91.876 7
80 4 1 -18.182 91.876 7
81 2 1 -45.154 -55.219 8
82 1 1 -45.154 -55.219 8
83 2 1 -45.154 -55.219 8
84 2 1 -45.154 -55.219 8
85 1 1 -45.154 -55.219 8
86 2 1 -45.154 -55.219 8
87 1 1 -45.154 -55.219 8
88 2 1 -45.154 -55.219 8
89 2 1 -45.154 -55.219 8
90 1 1 -45.154 -55.219 8
91 2 1 -45.154 -55.219 8
92 1 1 -45.154 -55.219 8
93 1 1 30.408 -4.572 9
94 2 1 30.408 -4.572 9
95 2 1 30.408 -4.572 9
96 2 1 30.408 -4.572 9
97 1 1 30.408 -4.572 9
98 1 1 30.408 -4.572 9
99 2 1 30.408 -4.572 9
100 1 1 30.408 -4.572 9
101 1 1 30.408 -4.572 9
102 1 1 30.408 -4.572 9
103 2 1 30.408 -4.572 9
104 2 1 30.408 -4.572 9
105 1 1 30.408 -4.572 9
106 1 1 30.408 -4.572 9
107 1 1 30.408 -4.572 9
108 1 1 30.408 -4.572 9
109 2 1 30.408 -4.572 9
110 1 1 30.408 -4.572 9
111 1 1 -73.322 4.419 10
112 4 1 -73.322 4.419 10
113 1 1 -73.322 4.419 10
114 1 1 -73.322 4.419 10
115 2 1 -73.322 4.419 10
116 4 1 -73.322 4.419 10
117 2 1 -73.322 4.419 10
118 1 1 -73.322 4.419 10
119 1 1 -73.322 4.419 10
120 1 1 -73.322 4.419 10
121 1 1 -73.322 4.419 10
122 1 1 -73.322 4.419 10
123 2 1 -73.322 4.419 10
124 4 1 -73.322 4.419 10
125 2 1 -73.322 4.419 10
126 1 1 -73.322 4.419 10
127 2 1 -73.322 4.419 10
128 1 1 -73.322 4.419 10
129 1 1 -73.322 4.419 10
130 1 1 -73.322 4.419 10
131 2 1 -73.322 4.419 10
132 2 1 -73.322 4.419 10
133 2 1 -73.322 4.419 10
134 2 1 -73.322 4.419 10
135 1 1 -73.322 4.419 10
136 4 1 3.607 7.501 11
137 1 1 3.607 7.501 11
138 1 1 3.607 7.501 11
139 2 1 3.607 7.501 11
140 2 1 3.607 7.501 11
141 1 1 3.607 7.501 11
142 2 1 3.607 7.501 11
143 2 1 3.607 7.501 11
144 1 1 3.607 7.501 11
145 2 1 3.607 7.501 11
146 1 1 3.607 7.501 11
147 2 1 3.607 7.501 11
148 1 1 3.607 7.501 11
149 2 1 3.607 7.501 11
150 2 1 3.607 7.501 11
151 2 1 3.607 7.501 11
152 1 1 3.607 7.501 11
153 2 1 3.607 7.501 11
154 1 1 3.607 7.501 11
155 1 1 3.607 7.501 11
156 1 1 3.607 7.501 11
157 1 1 3.607 7.501 11
158 4 1 -95.233 35.046 12
159 2 1 -95.233 35.046 12
160 2 1 -95.233 35.046 12
161 1 1 -95.233 35.046 12
162 4 1 -95.233 35.046 12
163 1 1 -95.233 35.046 12
164 2 1 -95.233 35.046 12
165 2 1 -95.233 35.046 12
166 1 1 -95.233 35.046 12
167 2 1 -95.233 35.046 12
168 2 1 -95.233 35.046 12
169 2 1 -95.233 35.046 12
170 2 1 -95.233 35.046 12
171 4 1 -95.233 35.046 12
172 4 1 -95.233 35.046 12
173 1 1 -95.233 35.046 12
174 1 1 -95.233 35.046 12
175 1 1 -95.233 35.046 12
176 1 1 -95.233 35.046 12
177 1 1 -95.233 35.046 12
178 2 1 -95.233 35.046 12
179 2 1 -95.233 35.046 12
180 1 1 -21.246 10.272 13
181 1 1 -21.246 10.272 13
182 2 1 -21.246 10.272 13
183 1 1 -21.246 10.272 13
184 1 1 -21.246 10.272 13
185 2 1 -21.246 10.272 13
186 1 1 -21.246 10.272 13
187 2 1 -2.496 20.929 14
188 1 1 -2.496 20.929 14
189 1 1 -2.496 20.929 14
190 2 1 -2.496 20.929 14
191 1 1 -2.496 20.929 14
192 1 1 -2.496 20.929 14
193 2 1 -2.496 20.929 14
194 2 1 -2.496 20.929 14
195 2 1 -2.496 20.929 14
196 2 1 -2.496 20.929 14
197 2 1 -2.496 20.929 14
198 2 1 -2.496 20.929 14
199 1 1 -2.496 20.929 14
200 1 1 -2.496 20.929 14
201 2 1 -2.496 20.929 14
202 1 1 -2.496 20.929 14
203 2 1 -2.496 20.929 14
204 2 1 -2.496 20.929 14
205 1 1 -2.496 20.929 14
206 1 1 -2.496 20.929 14
207 2 1 -2.496 20.929 14
208 1 1 30.676 -19.086 15
209 2 1 30.676 -19.086 15
210 2 1 30.676 -19.086 15
211 1 1 24.591 -37.866 16
212 4 1 24.591 -37.866 16
213 1 1 24.591 -37.866 16
214 1 1 24.591 -37.866 16
215 2 1 24.591 -37.866 16
216 1 1 24.591 -37.866 16
217 2 1 24.591 -37.866 16
218 1 1 24.591 -37.866 16
219 2 1 24.591 -37.866 16
220 4 1 24.591 -37.866 16
221 1 1 24.591 -37.866 16
222 1 1 24.591 -37.866 16
223 2 1 24.591 -37.866 16
224 1 1 24.591 -37.866 16
225 1 1 24.591 -37.866 16
226 1 1 10.425 -60.907 17
227 1 1 10.425 -60.907 17
228 2 1 10.425 -60.907 17
229 2 1 10.425 -60.907 17
230 1 1 10.425 -60.907 17
231 1 1 10.425 -60.907 17
232 1 1 10.425 -60.907 17
233 2 1 10.425 -60.907 17
234 4 1 10.425 -60.907 17
235 1 1 90.692 -33.936 18
236 2 1 90.692 -33.936 18
237 1 1 90.692 -33.936 18
238 1 1 43.073 -2.924 19
239 1 1 43.073 -2.924 19
240 2 1 43.073 -2.924 19
241 1 1 43.073 -2.924 19
242 2 1 43.073 -2.924 19
243 2 1 43.073 -2.924 19
244 1 1 43.073 -2.924 19
245 1 1 43.073 -2.924 19
246 2 1 43.073 -2.924 19
247 2 1 43.073 -2.924 19
248 2 1 43.073 -2.924 19
249 2 1 43.073 -2.924 19
250 1 1 43.073 -2.924 19
251 2 1 43.073 -2.924 19
252 2 1 43.073 -2.924 19
253 4 1 43.073 -2.924 19
254 2 1 43.073 -2.924 19
255 1 1 43.073 -2.924 19
256 4 1 43.073 -2.924 19
257 1 1 43.073 -2.924 19
258 2 1 43.073 -2.924 19
259 1 1 43.073 -2.924 19
260 2 1 43.073 -2.924 19
261 2 1 39.679 35.138 20
262 2 1 39.679 35.138 20
263 2 1 39.679 35.138 20
264 2 1 39.679 35.138 20
265 2 1 39.679 35.138 20
266 1 1 39.679 35.138 20
267 2 1 39.679 35.138 20
268 1 1 39.679 35.138 20
269 1 1 39.679 35.138 20
270 4 1 39.679 35.138 20
271 4 1 39.679 35.138 20
272 1 1 39.679 35.138 20
273 1 1 39.679 35.138 20
274 2 1 -19.623 5.505 21
275 1 1 -19.623 5.505 21
276 1 1 -19.623 5.505 21
277 1 1 -19.623 5.505 21
278 1 1 -19.623 5.505 21
279 1 1 -19.623 5.505 21
280 4 1 -19.623 5.505 21
281 4 1 -19.623 5.505 21
282 2 1 -19.623 5.505 21
283 1 1 -19.623 5.505 21
284 2 1 -19.623 5.505 21
285 1 1 -19.623 5.505 21
286 2 1 -19.623 5.505 21
287 2 1 -19.623 5.505 21
288 2 1 -19.623 5.505 21
289 2 1 -19.623 5.505 21
290 1 1 -17.834 15.631 22
291 2 1 28.259 -19.708 23
292 1 1 28.259 -19.708 23
293 4 1 28.259 -19.708 23
294 2 1 28.259 -19.708 23
295 2 1 28.259 -19.708 23
296 1 1 28.259 -19.708 23
297 1 1 28.259 -19.708 23
298 4 1 28.259 -19.708 23
299 2 1 28.259 -19.708 23
300 1 1 28.259 -19.708 23
301 4 1 28.259 -19.708 23
302 2 1 28.259 -19.708 23
303 1 1 28.259 -19.708 23
304 4 1 28.259 -19.708 23
305 1 1 28.259 -19.708 23
306 4 1 -9.985 90.167 24
307 2 1 -9.985 90.167 24
308 1 1 -9.985 90.167 24
309 2 1 -9.985 90.167 24
310 1 1 -9.985 90.167 24
311 1 1 -9.985 90.167 24
312 1 1 -9.985 90.167 24
313 1 1 -9.985 90.167 24
314 1 1 -9.985 90.167 24
315 1 1 -9.985 90.167 24
316 1 1 -9.985 90.167 24
317 2 1 -9.985 90.167 24
318 2 1 -9.985 90.167 24
319 2 1 -9.985 90.167 24
320 1 1 -9.985 90.167 24
321 1 1 -9.985 90.167 24
322 2 1 -9.985 90.167 24
323 1 1 -9.985 90.167 24
324 2 1 -9.985 90.167 24
325 2 1 -9.985 90.167 24
326 2 1 -9.985 90.167 24
327 1 1 -9.985 90.167 24
328 1 1 -9.985 90.167 24
329 2 1 -61.023 -35.034 25
330 2 1 -61.023 -35.034 25
331 2 1 -61.023 -35.034 25
332 2 1 -61.023 -35.034 25
333 2 1 -41.888 2.106 26
334 1 1 -41.888 2.106 26
335 4 1 -41.888 2.106 26
336 1 1 -41.888 2.106 26
337 1 1 -41.888 2.106 26
338 4 1 -41.888 2.106 26
339 1 1 -41.888 2.106 26
340 1 1 -41.888 2.106 26
341 2 1 -41.888 2.106 26
342 2 1 -41.888 2.106 26
343 2 1 -41.888 2.106 26
344 2 1 -41.888 2.106 26
345 1 1 -41.888 2.106 26
346 4 1 -41.888 2.106 26
347 1 1 -41.888 2.106 26
348 1 1 -41.888 2.106 26
349 2 1 -41.888 2.106 26
350 2 1 -41.888 2.106 26
351 4 1 -41.888 2.106 26
352 1 1 -41.888 2.106 26
353 4 1 -41.888 2.106 26
354 2 1 -41.888 2.106 26
355 4 1 -16.15 39.722 27
356 2 1 -16.15 39.722 27
357 2 1 -16.15 39.722 27
358 2 1 -16.15 39.722 27
359 1 1 -16.15 39.722 27
360 2 1 -16.15 39.722 27
361 1 1 -16.15 39.722 27
362 1 1 -16.15 39.722 27
363 1 1 -43.341 4.871 28
364 2 1 -43.341 4.871 28
365 1 1 -43.341 4.871 28
366 2 1 -43.341 4.871 28
367 2 1 -43.341 4.871 28
368 1 1 -43.341 4.871 28
369 1 1 -43.341 4.871 28
370 4 1 -43.341 4.871 28
371 4 1 -43.341 4.871 28
372 2 1 32.397 -11.572 29
373 2 1 32.397 -11.572 29
374 2 1 32.397 -11.572 29
375 2 1 32.397 -11.572 29
376 1 1 32.397 -11.572 29
377 2 1 90.875 -27.155 30
378 2 1 90.875 -27.155 30
379 1 1 90.875 -27.155 30
380 1 1 90.875 -27.155 30
381 1 1 90.875 -27.155 30
382 1 1 90.875 -27.155 30
383 4 1 90.875 -27.155 30
384 2 1 90.875 -27.155 30
385 1 1 90.875 -27.155 30
386 2 1 90.875 -27.155 30
387 1 1 90.875 -27.155 30
388 1 1 90.875 -27.155 30
389 1 1 90.875 -27.155 30
390 1 1 90.875 -27.155 30
391 1 1 90.875 -27.155 30
392 1 1 90.875 -27.155 30
393 2 1 90.875 -27.155 30
394 1 1 90.875 -27.155 30
395 4 1 90.875 -27.155 30
396 2 1 90.875 -27.155 30
397 1 1 90.875 -27.155 30
398 2 1 90.875 -27.155 30
399 2 1 90.875 -27.155 30
400 1 1 60.193 0.214 31
401 1 1 60.193 0.214 31
402 2 1 60.193 0.214 31
403 2 1 60.193 0.214 31
404 4 1 60.193 0.214 31
405 2 1 60.193 0.214 31
406 1 1 60.193 0.214 31
407 1 1 60.193 0.214 31
408 1 1 60.193 0.214 31
409 1 1 -60.577 9.521 32
410 1 1 -60.577 9.521 32
411 2 1 -60.577 9.521 32
412 1 1 -60.577 9.521 32
413 2 1 -60.577 9.521 32
414 2 1 -60.577 9.521 32
415 1 1 -60.577 9.521 32
416 1 1 -60.577 9.521 32
417 2 1 -60.577 9.521 32
418 1 1 -60.577 9.521 32
419 2 1 -60.577 9.521 32
420 1 1 -60.577 9.521 32
421 1 1 -28.363 -19.72 33
422 2 1 -28.363 -19.72 33
423 2 1 -28.363 -19.72 33
424 2 1 -28.363 -19.72 33
425 2 1 52.185 -34.674 34
426 2 1 52.185 -34.674 34
427 1 1 52.185 -34.674 34
428 1 1 52.185 -34.674 34
429 1 1 52.185 -34.674 34
430 2 1 52.185 -34.674 34
431 1 1 52.185 -34.674 34
432 2 1 52.185 -34.674 34
433 1 1 52.185 -34.674 34
434 2 1 52.185 -34.674 34
435 1 1 -65.106 61.945 35
436 4 1 -65.106 61.945 35
437 1 1 -65.106 61.945 35
438 2 1 -65.106 61.945 35
439 1 1 -65.106 61.945 35
440 2 1 -13.0 -32.41 36
441 2 1 -13.0 -32.41 36
442 2 1 -13.0 -32.41 36
443 1 1 -13.0 -32.41 36
444 1 1 -13.0 -32.41 36
445 1 1 -13.0 -32.41 36
446 1 1 -13.0 -32.41 36
447 1 1 -13.0 -32.41 36
448 1 1 -13.0 -32.41 36
449 1 1 -13.0 -32.41 36
450 1 1 -13.0 -32.41 36
451 2 1 -13.0 -32.41 36
452 4 1 -13.0 -32.41 36
453 2 1 -13.0 -32.41 36
454 1 1 -13.0 -32.41 36
455 1 1 -13.0 -32.41 36
456 1 1 -13.0 -32.41 36
457 1 1 -13.0 -32.41 36
458 2 1 -13.0 -32.41 36
459 2 1 -13.0 -32.41 36
460 2 1 -13.0 -32.41 36
461 1 1 -13.0 -32.41 36
462 4 1 -13.0 -32.41 36
463 2 1 -25.5 -17.505 37
464 2 1 -25.5 -17.505 37
465 4 1 -25.5 -17.505 37
466 1 1 -25.5 -17.505 37
467 1 1 -25.5 -17.505 37
468 1 1 -25.5 -17.505 37
469 1 1 -25.5 -17.505 37
470 2 1 -25.5 -17.505 37
471 1 1 -25.5 -17.505 37
472 1 1 -25.5 -17.505 37
473 1 1 -25.5 -17.505 37
474 4 1 -25.5 -17.505 37
475 2 1 -25.5 -17.505 37
476 4 1 -25.5 -17.505 37
477 1 1 -25.5 -17.505 37
478 2 1 -25.5 -17.505 37
479 1 1 -25.5 -17.505 37
480 4 1 -25.5 -17.505 37
481 4 1 -25.5 -17.505 37
482 1 1 -25.5 -17.505 37
483 2 1 -25.5 -17.505 37
484 2 1 4.944 76.404 38
485 2 1 4.944 76.404 38
486 2 1 4.944 76.404 38
487 1 1 4.944 76.404 38
488 1 1 4.944 76.404 38
489 1 1 4.944 76.404 38
490 2 1 4.944 76.404 38
491 2 1 4.944 76.404 38
492 1 1 4.944 76.404 38
493 2 1 -18.207 97.51 39
494 2 1 -18.207 97.51 39
495 4 1 -18.207 97.51 39
496 2 1 -18.207 97.51 39
497 1 1 -18.207 97.51 39
498 1 1 -18.207 97.51 39
499 1 1 -18.207 97.51 39
500 1 1 0.842 61.102 40
501 2 1 0.842 61.102 40
502 2 1 0.842 61.102 40
503 1 1 0.842 61.102 40
504 4 1 0.842 61.102 40
505 1 1 0.842 61.102 40
506 1 1 0.842 61.102 40
507 1 1 0.842 61.102 40
508 1 1 0.842 61.102 40
509 2 1 0.842 61.102 40
510 1 1 0.842 61.102 40
511 1 1 0.842 61.102 40
512 2 1 -16.553 22.748 41
513 1 1 -16.553 22.748 41
514 2 1 -16.553 22.748 41
515 2 1 -16.553 22.748 41
516 2 1 -16.553 22.748 41
517 2 1 39.966 -39.844 42
518 1 1 39.966 -39.844 42
519 1 1 18.03 16.01 43
520 2 1 18.03 16.01 43
521 1 1 -75.25 59.186 44
522 1 1 -75.25 59.186 44
523 1 1 -75.25 59.186 44
524 1 1 -75.25 59.186 44
525 1 1 -75.25 59.186 44
526 1 1 -75.25 59.186 44
527 2 1 -75.25 59.186 44
528 1 1 -75.25 59.186 44
529 1 1 -75.25 59.186 44
530 4 1 -75.25 59.186 44
531 1 1 -75.25 59.186 44
532 2 1 -75.25 59.186 44
533 2 1 -75.25 59.186 44
534 2 1 -75.25 59.186 44
535 1 1 -75.25 59.186 44
536 1 1 -75.25 59.186 44
537 2 1 -75.25 59.186 44
538 2 1 -75.25 59.186 44
539 1 1 -75.25 59.186 44
540 4 1 -75.25 59.186 44
541 2 1 -75.25 59.186 44
542 2 1 -75.25 59.186 44
543 1 1 -58.881 -1.428 45
544 4 1 -58.881 -1.428 45
545 1 1 -58.881 -1.428 45
546 2 1 -58.881 -1.428 45
547 1 1 -58.881 -1.428 45
548 1 1 -58.881 -1.428 45
549 2 1 -58.881 -1.428 45
550 1 1 -58.881 -1.428 45
551 1 1 -58.881 -1.428 45
552 2 1 -58.881 -1.428 45
553 1 1 -58.881 -1.428 45
554 2 1 -58.881 -1.428 45
555 1 1 -58.881 -1.428 45
556 4 1 -58.881 -1.428 45
557 1 1 -58.881 -1.428 45
558 1 1 -58.881 -1.428 45
559 2 1 -58.881 -1.428 45
560 4 1 -58.881 -1.428 45
561 1 1 -58.881 -1.428 45
562 1 1 -58.881 -1.428 45
563 2 1 -58.881 -1.428 45
564 2 1 -58.881 -1.428 45
565 1 1 -58.881 -1.428 45
566 4 1 -58.881 -1.428 45
567 1 1 -58.881 -1.428 45
568 2 1 37.549 5.212 46
569 1 1 37.549 5.212 46
570 2 1 37.549 5.212 46
571 2 1 37.549 5.212 46
572 2 1 37.549 5.212 46
573 2 1 37.549 5.212 46
574 1 1 37.549 5.212 46
575 4 1 37.549 5.212 46
576 2 1 37.549 5.212 46
577 1 1 37.549 5.212 46
578 1 1 37.549 5.212 46
579 2 1 -31.311 -35.522 47
580 1 1 -31.311 -35.522 47
581 4 1 -31.311 -35.522 47
582 1 1 -31.311 -35.522 47
583 2 1 -31.311 -35.522 47
584 4 1 -31.311 -35.522 47
585 2 1 -31.311 -35.522 47
586 1 1 -31.311 -35.522 47
587 2 1 -31.311 -35.522 47
588 1 1 13.525 61.719 48
589 1 1 13.525 61.719 48
590 2 1 13.525 61.719 48
591 2 1 13.525 61.719 48
592 1 1 13.525 61.719 48
593 1 1 13.525 61.719 48
594 2 1 13.525 61.719 48
595 2 1 13.525 61.719 48
596 1 1 13.525 61.719 48
597 2 1 13.525 61.719 48
598 2 1 13.525 61.719 48
599 2 1 13.525 61.719 48
600 1 1 13.525 61.719 48
601 1 1 13.525 61.719 48
602 1 1 13.525 61.719 48
603 1 1 13.525 61.719 48
604 2 1 13.525 61.719 48
605 2 1 13.525 61.719 48
606 4 1 13.525 61.719 48
607 2 1 13.525 61.719 48
608 1 1 13.525 61.719 48
609 1 1 13.525 61.719 48
610 1 1 13.525 61.719 48
611 1 1 -55.634 33.759 49
612 2 1 -55.634 33.759 49
613 1 1 -55.634 33.759 49
614 1 1 -55.634 33.759 49
615 2 1 -55.634 33.759 49
616 2 1 -55.634 33.759 49
617 2 1 -55.634 33.759 49
618 2 1 -55.634 33.759 49
619 1 1 -55.634 33.759 49
620 1 1 -55.634 33.759 49
621 1 1 -55.634 33.759 49
622 1 1 -55.634 33.759 49
623 1 1 -55.634 33.759 49
624 2 1 30.341 46.661 50
625 1 1 30.341 46.661 50
626 1 1 30.341 46.661 50
627 4 1 30.341 46.661 50
628 4 1 30.341 46.661 50
629 1 1 30.341 46.661 50
630 1 1 30.341 46.661 50
631 1 1 30.341 46.661 50
632 4 1 30.341 46.661 50
633 1 1 30.341 46.661 50
634 1 1 30.341 46.661 50
635 1 1 30.341 46.661 50
636 1 1 -26.91 -12.115 51
637 1 1 -26.91 -12.115 51
638 2 1 -26.91 -12.115 51
639 2 1 -26.91 -12.115 51
640 4 1 -26.91 -12.115 51
641 2 1 -26.91 -12.115 51
642 2 1 -4.797 -11.993 52
643 2 1 -4.797 -11.993 52
644 2 1 -4.797 -11.993 52
645 4 1 -4.797 -11.993 52
646 1 1 -4.797 -11.993 52
647 1 1 -4.797 -11.993 52
648 2 1 39.435 -26.801 53
649 1 1 39.435 -26.801 53
650 2 1 39.435 -26.801 53
651 1 1 39.435 -26.801 53
652 1 1 74.689 -9.857 54
653 1 1 74.689 -9.857 54
654 1 1 74.689 -9.857 54
655 2 1 74.689 -9.857 54
656 1 1 74.689 -9.857 54
657 1 1 74.689 -9.857 54
658 1 1 74.689 -9.857 54
659 1 1 74.689 -9.857 54
660 4 1 74.689 -9.857 54
661 1 1 74.689 -9.857 54
662 1 1 74.689 -9.857 54
663 2 1 74.689 -9.857 54
664 1 1 74.689 -9.857 54
665 2 1 74.689 -9.857 54
666 1 1 74.689 -9.857 54
667 1 1 74.689 -9.857 54
668 4 1 74.689 -9.857 54
669 1 1 74.689 -9.857 54
670 2 1 74.689 -9.857 54
671 1 1 74.689 -9.857 54
672 2 1 74.689 -9.857 54
673 1 1 74.689 -9.857 54
674 1 1 74.689 -9.857 54
675 1 1 -21.899 -33.807 55
676 1 1 -21.899 -33.807 55
677 1 1 -21.899 -33.807 55
678 1 1 -21.899 -33.807 55
679 1 1 -21.899 -33.807 55
680 1 1 -21.899 -33.807 55
681 1 1 -21.899 -33.807 55
682 1 1 -21.899 -33.807 55
683 1 1 -21.899 -33.807 55
684 1 1 -21.899 -33.807 55
685 1 1 -21.899 -33.807 55
686 1 1 -21.899 -33.807 55
687 1 1 -21.899 -33.807 55
688 1 1 -21.899 -33.807 55
689 1 1 -21.899 -33.807 55
690 1 1 -21.899 -33.807 55
691 16 1 -21.899 -33.807 55
692 1 1 -21.899 -33.807 55
693 16 1 -21.899 -33.807 55
694 32 1 -21.899 -33.807 55
695 1 1 -21.899 -33.807 55
696 1 1 -21.899 -33.807 55
697 8 1 -2.039 14.075 56
698 4 1 29.309 -5.408 57
699 4 1 29.309 -5.408 57
700 8 1 29.309 -5.408 57
701 16 1 29.309 -5.408 57
702 4 1 29.309 -5.408 57
703 4 1 29.309 -5.408 57
704 4 1 29.309 -5.408 57
705 4 1 29.309 -5.408 57
706 4 1 29.309 -5.408 57
707 16 1 29.309 -5.408 57
708 4 1 29.309 -5.408 57
709 4 1 29.309 -5.408 57
710 4 1 29.309 -5.408 57
711 4 1 -45.935 48.926 58
712 1 1 64.795 -3.589 59
713 16 1 64.795 -3.589 59
714 1 1 64.795 -3.589 59
715 1 1 64.795 -3.589 59
716 1 1 64.795 -3.589 59
717 16 1 64.795 -3.589 59
718 1 1 64.795 -3.589 59
719 16 1 64.795 -3.589 59
720 1 1 64.795 -3.589 59
721 1 1 64.795 -3.589 59
722 1 1 64.795 -3.589 59
723 1 1 64.795 -3.589 59
724 1 1 -21.198 -42.328 60
725 1 1 -21.198 -42.328 60
726 1 1 -21.198 -42.328 60
727 1 1 -21.198 -42.328 60
728 4 1 -21.198 -42.328 60
729 1 1 -21.198 -42.328 60
730 2 1 -21.198 -42.328 60
731 1 1 -21.198 -42.328 60
732 1 1 -21.198 -42.328 60
733 2 1 -21.198 -42.328 60
734 1 1 -21.198 -42.328 60
735 2 1 -21.198 -42.328 60
736 1 1 -21.198 -42.328 60
737 1 1 -21.198 -42.328 60
738 1 1 -21.198 -42.328 60
739 1 1 -21.198 -42.328 60
740 2 1 -21.198 -42.328 60
741 1 1 -21.198 -42.328 60
742 1 1 -21.198 -42.328 60
743 1 1 -25.165 -53.003 61
744 4 1 -25.165 -53.003 61
745 1 1 -25.165 -53.003 61
746 4 1 45.514 -76.337 62
747 1 1 45.514 -76.337 62
748 1 1 45.514 -76.337 62
749 1 1 45.514 -76.337 62
750 1 1 45.514 -76.337 62
751 1 1 45.514 -76.337 62
752 2 1 45.514 -76.337 62
753 1 1 45.514 -76.337 62
754 1 1 45.514 -76.337 62
755 1 1 45.514 -76.337 62
756 1 1 45.514 -76.337 62
757 1 1 45.514 -76.337 62
758 1 1 45.514 -76.337 62
759 32 1 14.392 29.437 63
760 1 1 14.392 29.437 63
761 1 1 14.392 29.437 63
762 32 1 14.392 29.437 63
763 1 1 14.392 29.437 63
764 1 1 14.392 29.437 63
765 2 1 14.392 29.437 63
766 1 1 14.392 29.437 63
767 1 1 14.392 29.437 63
768 1 1 14.392 29.437 63
769 8 1 -68.439 0.317 64
770 8 1 -68.439 0.317 64
771 16 1 -68.439 0.317 64
772 8 1 -68.439 0.317 64
773 8 1 -68.439 0.317 64
774 8 1 -68.439 0.317 64
775 8 1 -68.439 0.317 64
776 8 1 -68.439 0.317 64
777 8 1 -68.439 0.317 64
778 32 1 -68.439 0.317 64
779 8 1 -68.439 0.317 64
780 1 1 50.5 -11.096 65
781 1 1 50.5 -11.096 65
782 2 1 50.5 -11.096 65
783 1 1 50.5 -11.096 65
784 1 1 50.5 -11.096 65
785 1 1 50.5 -11.096 65
786 1 1 -22.394 -13.745 66
787 1 1 -22.394 -13.745 66
788 4 1 -22.394 -13.745 66
789 1 1 -22.394 -13.745 66
790 1 1 -22.394 -13.745 66
791 2 1 -22.394 -13.745 66
792 1 1 -22.394 -13.745 66
793 1 1 -22.394 -13.745 66
794 1 1 -22.394 -13.745 66
795 1 1 -22.394 -13.745 66
796 1 1 -22.394 -13.745 66
797 1 1 -22.394 -13.745 66
798 1 1 -22.394 -13.745 66
799 1 1 -22.394 -13.745 66
800 1 1 -22.394 -13.745 66
801 4 1 -22.394 -13.745 66
802 1 1 -22.394 -13.745 66
803 2 1 18.03 -78.595 67
804 2 1 18.03 -78.595 67
805 4 1 18.03 -78.595 67
806 2 1 18.03 -78.595 67
807 8 1 18.03 -78.595 67
808 2 1 18.03 -78.595 67
809 1 1 -9.399 39.172 68
810 1 1 -9.399 39.172 68
811 2 1 -9.399 39.172 68
812 1 1 -9.399 39.172 68
813 1 1 -9.399 39.172 68
814 1 1 -9.399 39.172 68
815 1 1 -9.399 39.172 68
816 1 1 -9.399 39.172 68
817 1 1 -9.399 39.172 68
818 1 1 -9.399 39.172 68
819 4 1 -9.399 39.172 68
820 1 1 -9.399 39.172 68
821 4 1 -9.399 39.172 68
822 1 1 -9.399 39.172 68
823 1 1 56.567 -43.518 69
824 1 1 56.567 -43.518 69
825 32 1 56.567 -43.518 69
826 1 1 56.567 -43.518 69
827 1 1 56.567 -43.518 69
828 2 1 56.567 -43.518 69
829 1 1 56.567 -43.518 69
830 1 1 56.567 -43.518 69
831 1 1 56.567 -43.518 69
832 1 1 56.567 -43.518 69
833 1 1 56.567 -43.518 69
834 2 1 56.567 -43.518 69
835 1 1 -82.501 -6.323 70
836 1 1 -82.501 -6.323 70
837 1 1 -82.501 -6.323 70
838 1 1 -82.501 -6.323 70
839 1 1 -82.501 -6.323 70
840 1 1 -82.501 -6.323 70
841 1 1 -82.501 -6.323 70
842 4 1 -82.501 -6.323 70
843 1 1 -82.501 -6.323 70
844 1 1 -82.501 -6.323 70
845 4 1 -82.501 -6.323 70
846 4 1 -82.501 -6.323 70
847 1 1 -82.501 -6.323 70
848 8 1 -31.152 -26.05 71
849 8 1 -31.152 -26.05 71
850 8 1 -31.152 -26.05 71
851 8 1 -31.152 -26.05 71
852 8 1 -31.152 -26.05 71
853 16 1 -31.152 -26.05 71
854 8 1 -31.152 -26.05 71
855 8 1 -31.152 -26.05 71
856 8 1 -31.152 -26.05 71
857 8 1 -31.152 -26.05 71
858 8 1 -31.152 -26.05 71
859 8 1 -31.152 -26.05 71
860 16 1 -31.152 -26.05 71
861 8 1 -31.152 -26.05 71
862 8 1 -31.152 -26.05 71
863 8 1 -31.152 -26.05 71
864 8 1 -31.152 -26.05 71
865 8 1 -31.152 -26.05 71
866 8 1 -31.152 -26.05 71
867 8 1 -31.152 -26.05 71
868 32 1 -31.152 -26.05 71
869 8 1 -31.152 -26.05 71
870 32 1 -31.152 -26.05 71
871 8 1 -31.152 -26.05 71
872 8 1 -31.152 -26.05 71
873 2 1 -28.882 16.229 72
874 1 1 -28.882 16.229 72
875 2 1 -28.882 16.229 72
876 1 1 -28.882 16.229 72
877 1 1 -28.882 16.229 72
878 4 1 -28.882 16.229 72
879 1 1 -28.882 16.229 72
880 2 1 -28.882 16.229 72
881 1 1 -28.882 16.229 72
882 1 1 -28.882 16.229 72
883 1 1 -28.882 16.229 72
884 4 1 -28.882 16.229 72
885 4 1 -28.882 16.229 72
886 2 1 -28.882 16.229 72
887 1 1 -28.882 16.229 72
888 1 1 -28.882 16.229 72
889 1 1 -28.882 16.229 72
890 2 1 -6.427 -0.11 73
891 2 1 -6.427 -0.11 73
892 2 1 -6.427 -0.11 73
893 2 1 -6.427 -0.11 73
894 2 1 -6.427 -0.11 73
895 2 1 -6.427 -0.11 73
896 2 1 -6.427 -0.11 73
897 2 1 -6.427 -0.11 73
898 2 1 -6.427 -0.11 73
899 4 1 -6.427 -0.11 73
900 8 1 -6.427 -0.11 73
901 1 1 -15.253 24.371 74
902 1 1 -15.253 24.371 74
903 16 1 -15.253 24.371 74
904 1 1 -15.253 24.371 74
905 1 1 -15.253 24.371 74
906 32 1 -15.253 24.371 74
907 1 1 -15.253 24.371 74
908 1 1 -15.253 24.371 74
909 32 1 -15.253 24.371 74
910 1 1 -15.253 24.371 74
911 1 1 -15.253 24.371 74
912 1 1 -15.253 24.371 74
913 1 1 -15.253 24.371 74
914 1 1 -15.253 24.371 74
915 1 1 -15.253 24.371 74
916 1 1 -15.253 24.371 74
917 1 1 -15.253 24.371 74
918 32 1 -15.253 24.371 74
919 1 1 -15.253 24.371 74
920 1 1 -15.253 24.371 74
921 1 1 -15.253 24.371 74
922 1 1 8.295 3.833 75
923 1 1 8.295 3.833 75
924 1 1 8.295 3.833 75
925 1 1 8.295 3.833 75
926 4 1 8.295 3.833 75
927 1 1 8.295 3.833 75
928 1 1 8.295 3.833 75
929 4 1 8.295 3.833 75
930 1 1 8.295 3.833 75
931 1 1 8.295 3.833 75
932 1 1 8.295 3.833 75
933 1 1 8.295 3.833 75
934 1 1 8.295 3.833 75
935 1 1 8.295 3.833 75
936 2 1 8.295 3.833 75
937 1 1 8.295 3.833 75
938 2 1 -1.385 -12.097 76
939 4 1 -55.017 -0.586 77
940 8 1 -55.017 -0.586 77
941 4 1 -55.017 -0.586 77
942 4 1 -55.017 -0.586 77
943 4 1 -55.017 -0.586 77
944 4 1 -55.017 -0.586 77
945 4 1 -55.017 -0.586 77
946 4 1 -55.017 -0.586 77
947 4 1 -55.017 -0.586 77
948 4 1 -55.017 -0.586 77
949 4 1 -55.017 -0.586 77
950 4 1 -55.017 -0.586 77
951 4 1 -55.017 -0.586 77
952 4 1 -55.017 -0.586 77
953 4 1 -55.017 -0.586 77
954 4 1 -55.017 -0.586 77
955 4 1 -55.017 -0.586 77
956 4 1 -55.017 -0.586 77
957 8 1 -55.017 -0.586 77
958 4 1 -55.017 -0.586 77
959 4 1 -55.017 -0.586 77
960 8 1 -55.017 -0.586 77
961 16 1 -55.017 -0.586 77
962 4 1 -55.017 -0.586 77
963 4 1 -55.017 -0.586 77
964 8 1 4.736 -42.163 78
965 2 1 4.736 -42.163 78
966 2 1 4.736 -42.163 78
967 2 1 4.736 -42.163 78
968 2 1 4.736 -42.163 78
969 2 1 4.736 -42.163 78
970 2 1 4.736 -42.163 78
971 4 1 4.736 -42.163 78
972 2 1 4.736 -42.163 78
973 4 1 4.736 -42.163 78
974 2 1 4.736 -42.163 78
975 2 1 4.736 -42.163 78
976 2 1 4.736 -42.163 78
977 2 1 4.736 -42.163 78
978 2 1 4.736 -42.163 78
979 2 1 4.736 -42.163 78
980 4 1 4.736 -42.163 78
981 2 1 4.736 -42.163 78
982 8 1 4.736 -42.163 78
983 2 1 4.736 -42.163 78
984 2 1 4.736 -42.163 78
985 2 1 4.736 -42.163 78
986 2 1 4.736 -42.163 78
987 2 1 4.736 -42.163 78
988 4 1 -7.233 11.523 79
989 8 1 -7.233 11.523 79
990 4 1 -7.233 11.523 79
991 4 1 -7.233 11.523 79
992 4 1 -7.233 11.523 79
993 4 1 -7.233 11.523 79
994 4 1 -7.233 11.523 79
995 4 1 -7.233 11.523 79
996 4 1 -7.233 11.523 79
997 4 1 -7.233 11.523 79
998 4 1 -7.233 11.523 79
999 8 1 -7.233 11.523 79
1000 4 1 -7.233 11.523 79
1001 16 1 -7.233 11.523 79
1002 2 1 -1.44 11.2 80
1003 8 1 -1.44 11.2 80
1004 2 1 -1.44 11.2 80
1005 8 1 -1.44 11.2 80
1006 8 1 -1.44 11.2 80
1007 2 1 -1.44 11.2 80
1008 2 1 -1.44 11.2 80
1009 2 1 -1.44 11.2 80
1010 4 1 -1.44 11.2 80
1011 2 1 -1.44 11.2 80
1012 2 1 -1.44 11.2 80
1013 4 1 -1.44 11.2 80
1014 2 1 -1.44 11.2 80
1015 2 1 -1.44 11.2 80
1016 1 1 -4.816 -24.194 81
1017 1 1 -4.816 -24.194 81
1018 1 1 -4.816 -24.194 81
1019 16 1 -42.401 -1.758 82
1020 8 1 -42.401 -1.758 82
1021 8 1 -42.401 -1.758 82
1022 32 1 -42.401 -1.758 82
1023 4 1 5.981 40.881 83
1024 4 1 5.981 40.881 83
1025 4 1 5.981 40.881 83
1026 4 1 5.981 40.881 83
1027 8 1 5.981 40.881 83
1028 4 1 5.981 40.881 83
1029 4 1 5.981 40.881 83
1030 4 1 5.981 40.881 83
1031 4 1 5.981 40.881 83
1032 2 1 48.517 -21.79 84
1033 2 1 48.517 -21.79 84
1034 4 1 48.517 -21.79 84
1035 2 1 48.517 -21.79 84
1036 2 1 48.517 -21.79 84
1037 2 1 48.517 -21.79 84
1038 2 1 48.517 -21.79 84
1039 2 1 48.517 -21.79 84
1040 2 1 48.517 -21.79 84
1041 2 1 48.517 -21.79 84
1042 2 1 48.517 -21.79 84
1043 8 1 48.517 -21.79 84
1044 2 1 48.517 -21.79 84
1045 1 1 -41.876 -41.919 85
1046 1 1 -41.876 -41.919 85
1047 1 1 -41.876 -41.919 85
1048 1 1 -41.876 -41.919 85
1049 1 1 -41.876 -41.919 85
1050 2 1 -41.876 -41.919 85
1051 1 1 -41.876 -41.919 85
1052 4 1 -41.876 -41.919 85
1053 1 1 -41.876 -41.919 85
1054 1 1 -41.876 -41.919 85
1055 2 1 -41.876 -41.919 85
1056 1 1 -41.876 -41.919 85
1057 1 1 -41.876 -41.919 85
1058 1 1 -41.876 -41.919 85
1059 1 1 -41.876 -41.919 85
1060 1 1 -41.876 -41.919 85
1061 1 1 -41.876 -41.919 85
1062 1 1 -41.876 -41.919 85
1063 1 1 -41.876 -41.919 85
1064 2 1 -41.876 -41.919 85
1065 1 1 -41.876 -41.919 85
1066 2 1 -41.876 -41.919 85
1067 1 1 -41.876 -41.919 85
1068 2 1 -41.876 -41.919 85
1069 1 1 -41.876 -41.919 85
1070 2 1 -51.636 -4.407 86
1071 2 1 -51.636 -4.407 86
1072 2 1 -51.636 -4.407 86
1073 2 1 -51.636 -4.407 86
1074 2 1 -51.636 -4.407 86
1075 2 1 -51.636 -4.407 86
1076 2 1 -51.636 -4.407 86
1077 2 1 -51.636 -4.407 86
1078 2 1 -51.636 -4.407 86
1079 4 1 -51.636 -4.407 86
1080 2 1 -51.636 -4.407 86
1081 2 1 -51.636 -4.407 86
1082 8 1 -51.636 -4.407 86
1083 2 1 -51.636 -4.407 86
1084 2 1 -51.636 -4.407 86
1085 4 1 -55.273 -48.853 87
1086 4 1 -55.273 -48.853 87
1087 16 1 -55.273 -48.853 87
1088 4 1 -55.273 -48.853 87
1089 4 1 -55.273 -48.853 87
1090 4 1 -55.273 -48.853 87
1091 4 1 -55.273 -48.853 87
1092 16 1 -55.273 -48.853 87
1093 1 1 -27.094 22.418 88
1094 1 1 -27.094 22.418 88
1095 1 1 -0.934 58.923 89
1096 2 1 -45.642 48.645 90
1097 2 1 -45.642 48.645 90
1098 2 1 -45.642 48.645 90
1099 2 1 -45.642 48.645 90
1100 8 1 -45.642 48.645 90
1101 8 1 -45.642 48.645 90
1102 8 1 -45.642 48.645 90
1103 2 1 -45.642 48.645 90
1104 2 1 -45.642 48.645 90
1105 2 1 -45.642 48.645 90
1106 2 1 -45.642 48.645 90
1107 2 1 -45.642 48.645 90
1108 2 1 -45.642 48.645 90
1109 2 1 -45.642 48.645 90
1110 2 1 -45.642 48.645 90
1111 2 1 -45.642 48.645 90
1112 2 1 -45.642 48.645 90
1113 4 1 -45.642 48.645 90
1114 4 1 -45.642 48.645 90
1115 2 1 -45.642 48.645 90
1116 4 1 -45.367 -88.293 91
1117 4 1 -45.367 -88.293 91
1118 4 1 -45.367 -88.293 91
1119 4 1 -45.367 -88.293 91
1120 4 1 -45.367 -88.293 91
1121 4 1 -45.367 -88.293 91
1122 16 1 -18.066 -18.64 92
1123 32 1 -18.066 -18.64 92
1124 8 1 59.509 86.481 93
1125 2 1 59.509 86.481 93
1126 2 1 59.509 86.481 93
1127 2 1 59.509 86.481 93
1128 2 1 59.509 86.481 93
1129 2 1 59.509 86.481 93
1130 2 1 59.509 86.481 93
1131 2 1 59.509 86.481 93
1132 2 1 59.509 86.481 93
1133 8 1 59.509 86.481 93
1134 8 1 59.509 86.481 93
1135 2 1 59.509 86.481 93
1136 2 1 59.509 86.481 93
1137 2 1 59.509 86.481 93
1138 1 1 -26.819 -13.904 94
1139 1 1 -26.819 -13.904 94
1140 1 1 -26.819 -13.904 94
1141 2 1 -26.819 -13.904 94
1142 1 1 -26.819 -13.904 94
1143 1 1 -26.819 -13.904 94
1144 1 1 -26.819 -13.904 94
1145 1 1 -26.819 -13.904 94
1146 1 1 -26.819 -13.904 94
1147 2 1 -26.819 -13.904 94
1148 1 1 -26.819 -13.904 94
1149 1 1 -26.819 -13.904 94
1150 4 1 -26.819 -13.904 94
1151 2 1 -26.819 -13.904 94
1152 1 1 -26.819 -13.904 94
1153 1 1 -26.819 -13.904 94
1154 2 1 -17.822 25.342 95
1155 4 1 -17.822 25.342 95
1156 2 1 -17.822 25.342 95
1157 4 1 55.164 -13.739 96
1158 4 1 55.164 -13.739 96
1159 8 1 55.164 -13.739 96
1160 4 1 55.164 -13.739 96
1161 4 1 55.164 -13.739 96
1162 4 1 55.164 -13.739 96
1163 4 1 55.164 -13.739 96
1164 2 1 -62.299 -52.118 97
1165 2 1 -62.299 -52.118 97
1166 4 1 -62.299 -52.118 97
1167 4 1 -7.294 33.16 98
1168 8 1 -7.294 33.16 98
1169 2 1 80.884 53.357 99
1170 1 1 80.884 53.357 99
1171 1 1 80.884 53.357 99
1172 1 1 80.884 53.357 99
1173 32 1 80.884 53.357 99
1174 1 1 80.884 53.357 99
1175 1 1 80.884 53.357 99
1176 2 1 80.884 53.357 99
1177 2 1 80.884 53.357 99
1178 1 1 80.884 53.357 99
1179 1 1 80.884 53.357 99
1180 8 1 43.085 -9.717 100
1181 1 1 -39.069 50.055 101
1182 1 1 -39.069 50.055 101
1183 2 1 -39.069 50.055 101
1184 1 1 -39.069 50.055 101
1185 1 1 -39.069 50.055 101
1186 1 1 -39.069 50.055 101
1187 1 1 -39.069 50.055 101
1188 1 1 -39.069 50.055 101
1189 1 1 -39.069 50.055 101
1190 1 1 -39.069 50.055 101
1191 1 1 -39.069 50.055 101
1192 1 1 -39.069 50.055 101
1193 1 1 -39.069 50.055 101
1194 1 1 -39.069 50.055 101
1195 1 1 -39.069 50.055 101
1196 4 1 -39.069 50.055 101
1197 1 1 -39.069 50.055 101
1198 4 1 -39.069 50.055 101
1199 8 1 -27.142 -20.642 102
1200 8 1 -27.142 -20.642 102
1201 8 1 -61.267 36.121 103
1202 8 1 -61.267 36.121 103
1203 8 1 -61.267 36.121 103
1204 8 1 -61.267 36.121 103
1205 16 1 -61.267 36.121 103
1206 8 1 -61.267 36.121 103
1207 32 1 -61.267 36.121 103
1208 16 1 -61.267 36.121 103
1209 32 1 -61.267 36.121 103
1210 16 1 -61.267 36.121 103
1211 16 1 -61.267 36.121 103
1212 8 1 -61.267 36.121 103
1213 8 1 -61.267 36.121 103
1214 8 1 -61.267 36.121 103
1215 8 1 -61.267 36.121 103
1216 8 1 -61.267 36.121 103
1217 8 1 -61.267 36.121 103
1218 8 1 -61.267 36.121 103
1219 32 1 -61.267 36.121 103
1220 16 1 -61.267 36.121 103
1221 8 1 -61.267 36.121 103
1222 8 1 -61.267 36.121 103
1223 8 1 -61.267 36.121 103
1224 32 1 47.595 -30.164 104
1225 16 1 47.595 -30.164 104
1226 16 1 47.595 -30.164 104
1227 16 1 47.595 -30.164 104
1228 8 1 47.595 -30.164 104
1229 8 1 47.595 -30.164 104
1230 8 1 47.595 -30.164 104
1231 8 1 47.595 -30.164 104
1232 8 1 47.595 -30.164 104
1233 8 1 47.595 -30.164 104
1234 16 1 47.595 -30.164 104
1235 8 1 47.595 -30.164 104
1236 8 1 47.595 -30.164 104
1237 16 1 47.595 -30.164 104
1238 8 1 47.595 -30.164 104
1239 8 1 47.595 -30.164 104
1240 8 1 -30.286 13.867 105
1241 8 1 -30.286 13.867 105
1242 8 1 -30.286 13.867 105
1243 8 1 -30.286 13.867 105
1244 8 1 -30.286 13.867 105
1245 8 1 -30.286 13.867 105
1246 32 1 -30.286 13.867 105
1247 16 1 -30.286 13.867 105
1248 8 1 -30.286 13.867 105
1249 8 1 -30.286 13.867 105
1250 8 1 -30.286 13.867 105
1251 32 1 -30.286 13.867 105
1252 8 1 -30.286 13.867 105
1253 8 1 -30.286 13.867 105
1254 8 1 -30.286 13.867 105
1255 8 1 -30.286 13.867 105
1256 8 1 -13.867 11.676 106
1257 8 1 -13.867 11.676 106
1258 8 1 -13.867 11.676 106
1259 8 1 -13.867 11.676 106
1260 16 1 -13.867 11.676 106
1261 16 1 -13.867 11.676 106
1262 8 1 -13.867 11.676 106
1263 8 1 -13.867 11.676 106
1264 8 1 -13.867 11.676 106
1265 8 1 -13.867 11.676 106
1266 16 1 -13.867 11.676 106
1267 1 1 -83.142 -31.775 107
1268 1 1 -83.142 -31.775 107
1269 1 1 -83.142 -31.775 107
1270 1 1 -83.142 -31.775 107
1271 1 1 -83.142 -31.775 107
1272 1 1 -83.142 -31.775 107
1273 1 1 -83.142 -31.775 107
1274 1 1 -83.142 -31.775 107
1275 1 1 -83.142 -31.775 107
1276 1 1 -83.142 -31.775 107
1277 32 1 -83.142 -31.775 107
1278 1 1 -83.142 -31.775 107
1279 1 1 -83.142 -31.775 107
1280 1 1 -83.142 -31.775 107
1281 1 1 -83.142 -31.775 107
1282 1 1 -83.142 -31.775 107
1283 1 1 -83.142 -31.775 107
1284 32 1 -83.142 -31.775 107
1285 32 1 -83.142 -31.775 107
1286 1 1 -83.142 -31.775 107
1287 1 1 -83.142 -31.775 107
1288 2 1 -24.762 -38.818 108
1289 4 1 -24.762 -38.818 108
1290 2 1 -24.762 -38.818 108
1291 2 1 -24.762 -38.818 108
1292 4 1 -24.762 -38.818 108
1293 2 1 -24.762 -38.818 108
1294 2 1 -24.762 -38.818 108
1295 2 1 -24.762 -38.818 108
1296 8 1 -24.762 -38.818 108
1297 4 1 -24.762 -38.818 108
1298 2 1 -24.762 -38.818 108
1299 32 1 -49.243 -4.987 109
1300 16 1 -49.243 -4.987 109
1301 8 1 -49.243 -4.987 109
1302 8 1 -49.243 -4.987 109
1303 8 1 -49.243 -4.987 109
1304 8 1 -49.243 -4.987 109
1305 16 1 -49.243 -4.987 109
1306 8 1 -49.243 -4.987 109
1307 8 1 -49.243 -4.987 109
1308 8 1 -49.243 -4.987 109
1309 8 1 -49.243 -4.987 109
1310 8 1 -49.243 -4.987 109
1311 8 1 -49.243 -4.987 109
1312 1 1 23.291 -28.381 110
1313 32 1 23.291 -28.381 110
1314 1 1 23.291 -28.381 110
1315 1 1 23.291 -28.381 110
1316 2 1 23.291 -28.381 110
1317 1 1 23.291 -28.381 110
1318 1 1 23.291 -28.381 110
1319 1 1 23.291 -28.381 110
1320 1 1 23.291 -28.381 110
1321 1 1 23.291 -28.381 110
1322 1 1 23.291 -28.381 110
1323 1 1 23.291 -28.381 110
1324 1 1 23.291 -28.381 110
1325 1 1 13.489 -32.697 111
1326 1 1 13.489 -32.697 111
1327 1 1 13.489 -32.697 111
1328 2 1 13.489 -32.697 111
1329 1 1 13.489 -32.697 111
1330 1 1 13.489 -32.697 111
1331 1 1 13.489 -32.697 111
1332 1 1 13.489 -32.697 111
1333 1 1 13.489 -32.697 111
1334 1 1 13.489 -32.697 111
1335 1 1 13.489 -32.697 111
1336 1 1 13.489 -32.697 111
1337 32 1 13.489 -32.697 111
1338 1 1 13.489 -32.697 111
1339 2 1 13.489 -32.697 111
1340 1 1 13.489 -32.697 111
1341 1 1 13.489 -32.697 111
1342 32 1 13.489 -32.697 111
1343 1 1 13.489 -32.697 111
1344 1 1 13.489 -32.697 111
1345 1 1 13.489 -32.697 111
1346 32 1 13.489 -32.697 111
1347 32 1 13.489 -32.697 111
1348 32 1 -12.732 0.867 112
1349 16 1 -12.732 0.867 112
1350 4 1 -91.016 -18.201 113
1351 8 1 -91.016 -18.201 113
1352 16 1 -91.016 -18.201 113
1353 4 1 -91.016 -18.201 113
1354 4 1 -91.016 -18.201 113
1355 4 1 -91.016 -18.201 113
1356 16 1 -91.016 -18.201 113
1357 4 1 52.307 -15.839 114
1358 8 1 52.307 -15.839 114
1359 4 1 52.307 -15.839 114
1360 16 1 52.307 -15.839 114
1361 4 1 52.307 -15.839 114
1362 4 1 52.307 -15.839 114
1363 8 1 52.307 -15.839 114
1364 8 1 52.307 -15.839 114
1365 4 1 52.307 -15.839 114
1366 16 1 52.307 -15.839 114
1367 4 1 52.307 -15.839 114
1368 4 1 52.307 -15.839 114
1369 4 1 52.307 -15.839 114
1370 4 1 52.307 -15.839 114
1371 4 1 52.307 -15.839 114
1372 8 1 52.307 -15.839 114
1373 2 1 47.388 20.465 115
1374 1 1 47.388 20.465 115
1375 1 1 47.388 20.465 115
1376 1 1 47.388 20.465 115
1377 1 1 47.388 20.465 115
1378 1 1 47.388 20.465 115
1379 1 1 47.388 20.465 115
1380 1 1 47.388 20.465 115
1381 1 1 47.388 20.465 115
1382 1 1 47.388 20.465 115
1383 1 1 47.388 20.465 115
1384 1 1 47.388 20.465 115
1385 1 1 47.388 20.465 115
1386 1 1 47.388 20.465 115
1387 1 1 47.388 20.465 115
1388 1 1 47.388 20.465 115
1389 2 1 47.388 20.465 115
1390 1 1 47.388 20.465 115
1391 1 1 47.388 20.465 115
1392 1 1 47.388 20.465 115
1393 2 1 -62.585 -13.684 116
1394 2 1 -62.585 -13.684 116
1395 4 1 -62.585 -13.684 116
1396 2 1 -62.585 -13.684 116
1397 4 1 -62.585 -13.684 116
1398 2 1 -62.585 -13.684 116
1399 8 1 -62.585 -13.684 116
1400 4 1 -62.585 -13.684 116
1401 2 1 -62.585 -13.684 116
1402 2 1 -62.585 -13.684 116
1403 2 1 -62.585 -13.684 116
1404 2 1 -62.585 -13.684 116
1405 1 1 -67.34 43.512 117
1406 1 1 -67.34 43.512 117
1407 1 1 -67.34 43.512 117
1408 1 1 -67.34 43.512 117
1409 1 1 -67.34 43.512 117
1410 1 1 -67.34 43.512 117
1411 1 1 -67.34 43.512 117
1412 1 1 -67.34 43.512 117
1413 1 1 -67.34 43.512 117
1414 1 1 -67.34 43.512 117
1415 1 1 -67.34 43.512 117
1416 1 1 -13.33 -37.268 118
1417 1 1 -13.33 -37.268 118
1418 32 1 -13.33 -37.268 118
1419 2 1 -49.384 10.876 119
1420 2 1 -49.384 10.876 119
1421 2 1 -49.384 10.876 119
1422 2 1 -49.384 10.876 119
1423 2 1 -49.384 10.876 119
1424 2 1 -49.384 10.876 119
1425 2 1 -49.384 10.876 119
1426 4 1 -49.384 10.876 119
1427 2 1 -49.384 10.876 119
1428 8 1 -49.384 10.876 119
1429 8 1 -49.384 10.876 119
1430 4 1 -49.384 10.876 119
1431 2 1 -49.384 10.876 119
1432 4 1 -49.384 10.876 119
1433 2 1 -49.384 10.876 119
1434 8 1 -49.384 10.876 119
1435 8 1 -49.384 10.876 119
1436 4 1 -49.384 10.876 119
1437 2 1 -49.384 10.876 119
1438 2 1 -49.384 10.876 119
1439 8 1 -28.217 -22.821 120
1440 8 1 -28.217 -22.821 120
1441 8 1 -28.217 -22.821 120
1442 8 1 -28.217 -22.821 120
1443 8 1 -28.217 -22.821 120
1444 8 1 -28.217 -22.821 120
1445 8 1 -28.217 -22.821 120
1446 8 1 -28.217 -22.821 120
1447 8 1 -28.217 -22.821 120
1448 8 1 -28.217 -22.821 120
1449 16 1 -28.217 -22.821 120
1450 8 1 69.635 -14.581 121
1451 16 1 69.635 -14.581 121
1452 8 1 69.635 -14.581 121
1453 8 1 69.635 -14.581 121
1454 8 1 69.635 -14.581 121
1455 8 1 69.635 -14.581 121
1456 8 1 69.635 -14.581 121
1457 16 1 69.635 -14.581 121
1458 8 1 69.635 -14.581 121
1459 8 1 69.635 -14.581 121
1460 16 1 69.635 -14.581 121
1461 8 1 69.635 -14.581 121
1462 8 1 69.635 -14.581 121
1463 8 1 69.635 -14.581 121
1464 8 1 69.635 -14.581 121
1465 16 1 69.635 -14.581 121
1466 8 1 69.635 -14.581 121
1467 8 1 69.635 -14.581 121
1468 32 1 69.635 -14.581 121
1469 8 1 69.635 -14.581 121
1470 1 1 0.616 19.513 122
1471 1 1 0.616 19.513 122
1472 4 1 0.616 19.513 122
1473 1 1 0.616 19.513 122
1474 1 1 0.616 19.513 122
1475 2 1 0.616 19.513 122
1476 1 1 0.616 19.513 122
1477 1 1 0.616 19.513 122
1478 1 1 0.616 19.513 122
1479 4 1 53.827 -57.684 123
1480 4 1 53.827 -57.684 123
1481 4 1 53.827 -57.684 123
1482 4 1 53.827 -57.684 123
1483 4 1 53.827 -57.684 123
1484 4 1 53.827 -57.684 123
1485 4 1 53.827 -57.684 123
1486 4 1 53.827 -57.684 123
1487 4 1 53.827 -57.684 123
1488 4 1 53.827 -57.684 123
1489 4 1 53.827 -57.684 123
1490 4 1 53.827 -57.684 123
1491 4 1 53.827 -57.684 123
1492 8 1 53.827 -57.684 123
1493 4 1 53.827 -57.684 123
1494 2 1 52.85 28.961 124
1495 4 1 52.85 28.961 124
1496 4 1 52.85 28.961 124
1497 1 1 -38.147 45.514 125
1498 1 1 -38.147 45.514 125
1499 1 1 -38.147 45.514 125
1500 32 1 -38.147 45.514 125
1501 16 1 -38.147 45.514 125
1502 1 1 -38.147 45.514 125
1503 1 1 -38.147 45.514 125
1504 1 1 -38.147 45.514 125
1505 1 1 -38.147 45.514 125
1506 1 1 -38.147 45.514 125
1507 1 1 -38.147 45.514 125
1508 4 1 42.78 -42.81 126
1509 16 1 42.78 -42.81 126
1510 4 1 42.78 -42.81 126
1511 4 1 42.78 -42.81 126
1512 4 1 42.78 -42.81 126
1513 4 1 42.78 -42.81 126
1514 4 1 42.78 -42.81 126
1515 4 1 42.78 -42.81 126
1516 4 1 42.78 -42.81 126
1517 4 1 42.78 -42.81 126
1518 4 1 42.78 -42.81 126
1519 4 1 42.78 -42.81 126
1520 16 1 42.78 -42.81 126
1521 4 1 42.78 -42.81 126
1522 4 1 42.78 -42.81 126
1523 4 1 42.78 -42.81 126
1524 4 1 42.78 -42.81 126
1525 4 1 42.78 -42.81 126
1526 4 1 42.78 -42.81 126
1527 1 1 -12.811 -13.416 127
1528 2 1 -12.811 -13.416 127
1529 1 1 -12.811 -13.416 127
1530 32 1 -12.811 -13.416 127
1531 1 1 -12.811 -13.416 127
1532 1 1 -12.811 -13.416 127
1533 1 1 -12.811 -13.416 127
1534 1 1 -12.811 -13.416 127
1535 1 1 -12.811 -13.416 127
1536 1 1 -12.811 -13.416 127
1537 1 1 -12.811 -13.416 127
1538 1 1 -12.811 -13.416 127
1539 2 1 -12.811 -13.416 127
1540 32 1 -12.811 -13.416 127
1541 32 1 -12.811 -13.416 127
1542 1 1 -12.811 -13.416 127
1543 32 1 -12.811 -13.416 127
1544 1 1 -12.811 -13.416 127
1545 1 1 -12.811 -13.416 127
1546 1 1 -12.811 -13.416 127
1547 1 1 -12.811 -13.416 127
1548 1 1 -12.811 -13.416 127
1549 1 1 -12.811 -13.416 127
1550 2 1 -12.811 -13.416 127
1551 1 1 -48.834 -10.089 128
1552 1 1 -48.834 -10.089 128
1553 1 1 -48.834 -10.089 128
1554 4 1 -48.834 -10.089 128
1555 2 1 -48.834 -10.089 128
1556 1 1 -48.834 -10.089 128
1557 1 1 -48.834 -10.089 128
1558 1 1 -48.834 -10.089 128
1559 4 1 -48.834 -10.089 128
1560 1 1 -48.834 -10.089 128
1561 1 1 -48.834 -10.089 128
1562 1 1 -48.834 -10.089 128
1563 4 1 -48.834 -10.089 128
1564 1 1 -48.834 -10.089 128
1565 1 1 -48.834 -10.089 128
1566 2 1 -8.636 -11.206 129
1567 2 1 -8.636 -11.206 129
1568 4 1 -8.636 -11.206 129
1569 2 1 -8.636 -11.206 129
1570 8 1 72.626 -6.879 130
1571 8 1 72.626 -6.879 130
1572 8 1 72.626 -6.879 130
1573 8 1 72.626 -6.879 130
1574 8 1 72.626 -6.879 130
1575 8 1 72.626 -6.879 130
1576 8 1 72.626 -6.879 130
1577 8 1 72.626 -6.879 130
1578 8 1 72.626 -6.879 130
1579 8 1 72.626 -6.879 130
1580 8 1 72.626 -6.879 130
1581 8 1 72.626 -6.879 130
1582 8 1 72.626 -6.879 130
1583 8 1 72.626 -6.879 130
1584 8 1 72.626 -6.879 130
1585 8 1 72.626 -6.879 130
1586 8 1 72.626 -6.879 130
1587 8 1 72.626 -6.879 130
1588 16 1 72.626 -6.879 130
1589 8 1 72.626 -6.879 130
1590 2 1 -66.73 -33.362 131
1591 8 1 -66.73 -33.362 131
1592 2 1 -66.73 -33.362 131
1593 8 1 -66.73 -33.362 131
1594 8 1 -66.73 -33.362 131
1595 2 1 -66.73 -33.362 131
1596 2 1 -66.73 -33.362 131
1597 2 1 -66.73 -33.362 131
1598 4 1 -66.73 -33.362 131
1599 2 1 -66.73 -33.362 131
1600 8 1 -66.73 -33.362 131
1601 2 1 -66.73 -33.362 131
1602 2 1 -66.73 -33.362 131
1603 8 1 17.706 6.879 132
1604 16 1 17.706 6.879 132
1605 8 1 17.706 6.879 132
1606 8 1 17.706 6.879 132
1607 8 1 17.706 6.879 132
1608 8 1 17.706 6.879 132
1609 8 1 17.706 6.879 132
1610 8 1 17.706 6.879 132
1611 8 1 17.706 6.879 132
1612 8 1 17.706 6.879 132
1613 8 1 17.706 6.879 132
1614 8 1 17.706 6.879 132
1615 8 1 17.706 6.879 132
1616 4 1 -44.379 -64.172 133
1617 2 1 -44.379 -64.172 133
1618 2 1 -44.379 -64.172 133
1619 2 1 -44.379 -64.172 133
1620 2 1 -44.379 -64.172 133
1621 8 1 -44.379 -64.172 133
1622 8 1 -44.379 -64.172 133
1623 2 1 -44.379 -64.172 133
1624 2 1 -44.379 -64.172 133
1625 2 1 -44.379 -64.172 133
1626 2 1 -44.379 -64.172 133
1627 2 1 -44.379 -64.172 133
1628 2 1 -44.379 -64.172 133
1629 2 1 -44.379 -64.172 133
1630 4 1 -44.379 -64.172 133
1631 2 1 -44.379 -64.172 133
1632 2 1 -44.379 -64.172 133
1633 2 1 -44.379 -64.172 133
1634 4 1 -25.195 -27.411 134
1635 4 1 -25.195 -27.411 134
1636 4 1 -25.195 -27.411 134
1637 4 1 -25.195 -27.411 134
1638 4 1 -25.195 -27.411 134
1639 4 1 -25.195 -27.411 134
1640 4 1 -25.195 -27.411 134
1641 4 1 -25.195 -27.411 134
1642 4 1 -25.195 -27.411 134
1643 4 1 -25.195 -27.411 134
1644 4 1 -25.195 -27.411 134
1645 4 1 -25.195 -27.411 134
1646 4 1 -25.195 -27.411 134
1647 4 1 -25.195 -27.411 134
1648 4 1 -25.195 -27.411 134
1649 8 1 -25.195 -27.411 134
1650 4 1 -25.195 -27.411 134
1651 4 1 -25.195 -27.411 134
1652 4 1 -25.195 -27.411 134
1653 4 1 -25.195 -27.411 134
1654 4 1 -25.195 -27.411 134
1655 4 1 -25.195 -27.411 134
1656 4 1 -25.195 -27.411 134
1657 1 1 -65.485 28.015 135
1658 1 1 -65.485 28.015 135
1659 1 1 -65.485 28.015 135
1660 1 1 -65.485 28.015 135
1661 1 1 -65.485 28.015 135
1662 1 1 -65.485 28.015 135
1663 1 1 -65.485 28.015 135
1664 1 1 -65.485 28.015 135
1665 16 1 -65.485 28.015 135
1666 1 1 -65.485 28.015 135
1667 1 1 -65.485 28.015 135
1668 1 1 -65.485 28.015 135
1669 1 1 -65.485 28.015 135
1670 1 1 -65.485 28.015 135
1671 1 1 -65.485 28.015 135
1672 1 1 -65.485 28.015 135
1673 1 1 -65.485 28.015 135
1674 1 1 -65.485 28.015 135
1675 1 1 28.784 -12.848 136
1676 1 1 28.784 -12.848 136
1677 2 1 28.784 -12.848 136
1678 8 1 -21.204 0.543 137
1679 8 1 -21.204 0.543 137
1680 16 1 -21.204 0.543 137
1681 8 1 -21.204 0.543 137
1682 8 1 -21.204 0.543 137
1683 8 1 -21.204 0.543 137
1684 8 1 -21.204 0.543 137
1685 8 1 -21.204 0.543 137
1686 8 1 -21.204 0.543 137
1687 8 1 -21.204 0.543 137
1688 4 1 68.732 9.192 138
1689 8 1 68.732 9.192 138
1690 4 1 68.732 9.192 138
1691 1 1 -33.026 14.313 139
1692 1 1 -33.026 14.313 139
1693 1 1 -33.026 14.313 139
1694 1 1 -33.026 14.313 139
1695 1 1 -33.026 14.313 139
1696 4 1 -33.026 14.313 139
1697 1 1 -33.026 14.313 139
1698 1 1 -33.026 14.313 139
1699 1 1 -33.026 14.313 139
1700 1 1 -33.026 14.313 139
1701 1 1 -33.026 14.313 139
1702 4 1 -33.026 14.313 139
1703 4 1 -11.267 30.835 140
1704 4 1 -11.267 30.835 140
1705 4 1 -11.267 30.835 140
1706 4 1 -11.267 30.835 140
1707 4 1 -11.267 30.835 140
1708 16 1 -11.267 30.835 140
1709 4 1 -11.267 30.835 140
1710 4 1 -11.267 30.835 140
1711 4 1 -11.267 30.835 140
1712 4 1 -11.267 30.835 140
1713 4 1 -11.267 30.835 140
1714 4 1 -11.267 30.835 140
1715 16 1 -11.267 30.835 140
1716 4 1 -11.267 30.835 140
1717 4 1 -11.267 30.835 140
1718 8 1 -11.267 30.835 140
1719 4 1 -11.267 30.835 140
1720 4 1 -11.267 30.835 140
1721 8 1 -92.688 15.833 141
1722 2 1 -92.688 15.833 141
1723 2 1 -92.688 15.833 141
1724 2 1 -92.688 15.833 141
1725 2 1 -92.688 15.833 141
1726 4 1 -92.688 15.833 141
1727 2 1 -92.688 15.833 141
1728 2 1 -92.688 15.833 141
1729 2 1 -92.688 15.833 141
1730 2 1 -92.688 15.833 141
1731 4 1 -92.688 15.833 141
1732 8 1 -92.688 15.833 141
1733 2 1 -92.688 15.833 141
1734 2 1 -92.688 15.833 141
1735 2 1 -92.688 15.833 141
1736 2 1 -92.688 15.833 141
1737 2 1 -92.688 15.833 141
1738 1 1 -37.109 -56.323 142
1739 1 1 -37.109 -56.323 142
1740 1 1 -37.109 -56.323 142
1741 1 1 -37.109 -56.323 142
1742 1 1 -37.109 -56.323 142
1743 1 1 -37.109 -56.323 142
1744 1 1 -37.109 -56.323 142
1745 1 1 -37.109 -56.323 142
1746 1 1 -37.109 -56.323 142
1747 1 1 -37.109 -56.323 142
1748 1 1 -37.109 -56.323 142
1749 1 1 -37.109 -56.323 142
1750 1 1 -37.109 -56.323 142
1751 1 1 -37.109 -56.323 142
1752 32 1 -37.109 -56.323 142
1753 32 1 -37.109 -56.323 142
1754 32 1 -37.109 -56.323 142
1755 1 1 -37.109 -56.323 142
1756 1 1 -37.109 -56.323 142
1757 1 1 -37.109 -56.323 142
1758 1 1 -37.109 -56.323 142
1759 1 1 -37.109 -56.323 142
1760 1 1 -37.109 -56.323 142
1761 1 1 -37.109 -56.323 142
1762 16 1 -37.109 -56.323 142
1763 8 1 34.149 -23.962 143
1764 8 1 34.149 -23.962 143
1765 16 1 34.149 -23.962 143
1766 8 1 34.149 -23.962 143
1767 8 1 34.149 -23.962 143
1768 16 1 34.149 -23.962 143
1769 8 1 34.149 -23.962 143
1770 16 1 34.149 -23.962 143
1771 8 1 34.149 -23.962 143
1772 8 1 34.149 -23.962 143
1773 8 1 34.149 -23.962 143
1774 8 1 34.149 -23.962 143
1775 8 1 34.149 -23.962 143
1776 8 1 34.149 -23.962 143
1777 1 1 -59.54 13.391 144
1778 1 1 -59.54 13.391 144
1779 1 1 -59.54 13.391 144
1780 1 1 -59.54 13.391 144
1781 1 1 -59.54 13.391 144
1782 1 1 -59.54 13.391 144
1783 1 1 -59.54 13.391 144
1784 1 1 -59.54 13.391 144
1785 32 1 -59.54 13.391 144
1786 1 1 -59.54 13.391 144
1787 1 1 -59.54 13.391 144
1788 1 1 -59.54 13.391 144
1789 1 1 -59.54 13.391 144
1790 1 1 -59.54 13.391 144
1791 1 1 -59.54 13.391 144
1792 1 1 -59.54 13.391 144
1793 16 1 -59.54 13.391 144
1794 1 1 -59.54 13.391 144
1795 1 1 -59.54 13.391 144
1796 1 1 -59.54 13.391 144
1797 1 1 -59.54 13.391 144
1798 16 1 -59.54 13.391 144
1799 1 1 -7.849 11.029 145
1800 1 1 -7.849 11.029 145
1801 2 1 -7.849 11.029 145
1802 1 1 -7.849 11.029 145
1803 2 1 -7.849 11.029 145
1804 2 1 -7.849 11.029 145
1805 1 1 -7.849 11.029 145
1806 1 1 -7.849 11.029 145
1807 1 1 -7.849 11.029 145
1808 2 1 -7.849 11.029 145
1809 1 1 -7.849 11.029 145
1810 1 1 -7.849 11.029 145
1811 1 1 -7.849 11.029 145
1812 1 1 56.299 -44.635 146
1813 1 1 56.299 -44.635 146
1814 1 1 56.299 -44.635 146
1815 1 1 56.299 -44.635 146
1816 1 1 56.299 -44.635 146
1817 4 1 -20.331 30.322 147
1818 16 1 -20.331 30.322 147
1819 1 1 86.078 -14.954 148
1820 1 1 86.078 -14.954 148
1821 1 1 86.078 -14.954 148
1822 1 1 86.078 -14.954 148
1823 1 1 86.078 -14.954 148
1824 1 1 86.078 -14.954 148
1825 1 1 86.078 -14.954 148
1826 1 1 86.078 -14.954 148
1827 2 1 86.078 -14.954 148
1828 1 1 86.078 -14.954 148
1829 1 1 86.078 -14.954 148
1830 1 1 86.078 -14.954 148
1831 1 1 86.078 -14.954 148
1832 1 1 86.078 -14.954 148
1833 1 1 86.078 -14.954 148
1834 1 1 86.078 -14.954 148
1835 16 1 31.201 4.633 149
1836 8 1 31.201 4.633 149
1837 8 1 31.201 4.633 149
1838 32 1 31.201 4.633 149
1839 8 1 31.201 4.633 149
1840 8 1 31.201 4.633 149
1841 8 1 31.201 4.633 149
1842 8 1 31.201 4.633 149
1843 1 1 -57.208 10.315 150
1844 1 1 16.62 74.371 151
1845 4 1 16.62 74.371 151
1846 1 1 16.62 74.371 151
1847 2 1 16.62 74.371 151
1848 1 1 16.62 74.371 151
1849 1 1 16.62 74.371 151
1850 1 1 16.62 74.371 151
1851 1 1 16.62 74.371 151
1852 2 1 16.62 74.371 151
1853 1 1 16.62 74.371 151
1854 2 1 16.62 74.371 151
1855 1 1 16.62 74.371 151
1856 1 1 16.62 74.371 151
1857 1 1 16.62 74.371 151
1858 1 1 16.62 74.371 151
1859 1 1 16.62 74.371 151
1860 1 1 16.62 74.371 151
1861 1 1 16.62 74.371 151
1862 4 1 16.62 74.371 151
1863 1 1 16.62 74.371 151
1864 2 1 16.62 74.371 151
1865 1 1 16.62 74.371 151
1866 1 1 16.62 74.371 151
1867 1 1 16.62 74.371 151
1868 1 1 -15.234 5.42 152
1869 1 1 -15.234 5.42 152
1870 1 1 -15.234 5.42 152
1871 2 1 -15.234 5.42 152
1872 1 1 -15.234 5.42 152
1873 1 1 -15.234 5.42 152
1874 1 1 -15.234 5.42 152
1875 2 1 -15.234 5.42 152
1876 1 1 -15.234 5.42 152
1877 1 1 -15.234 5.42 152
1878 1 1 -15.234 5.42 152
1879 1 1 -15.234 5.42 152
1880 1 1 -15.234 5.42 152
1881 1 1 -15.234 5.42 152
1882 1 1 -15.234 5.42 152
1883 1 1 -15.234 5.42 152
1884 1 1 -15.234 5.42 152
1885 1 1 -15.234 5.42 152
1886 1 1 -35.95 -43.951 153
1887 1 1 -35.95 -43.951 153
1888 32 1 -35.95 -43.951 153
1889 1 1 -35.95 -43.951 153
1890 1 1 -35.95 -43.951 153
1891 1 1 -35.95 -43.951 153
1892 1 1 -35.95 -43.951 153
1893 1 1 -35.95 -43.951 153
1894 1 1 -35.95 -43.951 153
1895 1 1 -35.95 -43.951 153
1896 1 1 -35.95 -43.951 153
1897 32 1 -35.95 -43.951 153
1898 1 1 -35.95 -43.951 153
1899 1 1 -35.95 -43.951 153
1900 1 1 -35.95 -43.951 153
1901 32 1 -35.95 -43.951 153
1902 1 1 -35.95 -43.951 153
1903 1 1 -12.073 23.749 154
1904 8 1 15.967 -1.685 155
1905 8 1 15.967 -1.685 155
1906 8 1 15.967 -1.685 155
1907 8 1 15.967 -1.685 155
1908 8 1 15.967 -1.685 155
1909 8 1 15.967 -1.685 155
1910 32 1 15.967 -1.685 155
1911 8 1 15.967 -1.685 155
1912 8 1 15.967 -1.685 155
1913 8 1 15.967 -1.685 155
1914 8 1 15.967 -1.685 155
1915 32 1 15.967 -1.685 155
1916 8 1 15.967 -1.685 155
1917 8 1 15.967 -1.685 155
1918 8 1 15.967 -1.685 155
1919 8 1 15.967 -1.685 155
1920 8 1 15.967 -1.685 155
1921 8 1 15.967 -1.685 155
1922 8 1 15.967 -1.685 155
1923 8 1 15.967 -1.685 155
1924 8 1 15.967 -1.685 155
1925 16 1 -21.399 17.31 156
1926 1 1 -21.399 17.31 156
1927 16 1 -21.399 17.31 156
1928 1 1 -21.399 17.31 156
1929 32 1 -21.399 17.31 156
1930 1 1 -21.399 17.31 156
1931 1 1 -21.399 17.31 156
1932 1 1 -21.399 17.31 156
1933 1 1 -21.399 17.31 156
1934 1 1 -21.399 17.31 156
1935 1 1 -21.399 17.31 156
1936 32 1 -21.399 17.31 156
1937 32 1 -21.399 17.31 156
1938 2 1 22.137 -26.88 157
1939 1 1 22.137 -26.88 157
1940 1 1 22.137 -26.88 157
1941 1 1 22.137 -26.88 157
1942 1 1 22.137 -26.88 157
1943 2 1 22.137 -26.88 157
1944 1 1 22.137 -26.88 157
1945 1 1 22.137 -26.88 157
1946 1 1 22.137 -26.88 157
1947 1 1 22.137 -26.88 157
1948 1 1 22.137 -26.88 157
1949 1 1 22.137 -26.88 157
1950 2 1 22.137 -26.88 157
1951 1 1 22.137 -26.88 157
1952 1 1 22.137 -26.88 157
1953 8 1 6.873 -58.301 158
1954 8 1 6.873 -58.301 158
1955 8 1 6.873 -58.301 158
1956 8 1 6.873 -58.301 158
1957 8 1 6.873 -58.301 158
1958 8 1 6.873 -58.301 158
1959 8 1 6.873 -58.301 158
1960 8 1 6.873 -58.301 158
1961 8 1 6.873 -58.301 158
1962 8 1 49.457 4.272 159
1963 8 1 49.457 4.272 159
1964 8 1 49.457 4.272 159
1965 8 1 49.457 4.272 159
1966 8 1 49.457 4.272 159
1967 8 1 49.457 4.272 159
1968 8 1 49.457 4.272 159
1969 8 1 49.457 4.272 159
1970 8 1 49.457 4.272 159
1971 32 1 49.457 4.272 159
1972 8 1 49.457 4.272 159
1973 8 1 49.457 4.272 159
1974 8 1 49.457 4.272 159
1975 1 1 -11.334 -5.56 160
1976 16 1 -11.334 -5.56 160
1977 16 1 50.903 -35.571 161
1978 16 1 50.903 -35.571 161
1979 8 1 50.903 -35.571 161
1980 4 1 50.903 -35.571 161
1981 8 1 50.903 -35.571 161
1982 4 1 50.903 -35.571 161
1983 4 1 50.903 -35.571 161
1984 4 1 50.903 -35.571 161
1985 4 1 50.903 -35.571 161
1986 4 1 50.903 -35.571 161
1987 4 1 50.903 -35.571 161
1988 4 1 50.903 -35.571 161
1989 4 1 50.903 -35.571 161
1990 4 1 50.903 -35.571 161
1991 4 1 50.903 -35.571 161
1992 16 1 50.903 -35.571 161
1993 2 1 -35.046 -41.058 162
1994 2 1 -35.046 -41.058 162
1995 2 1 -35.046 -41.058 162
1996 2 1 -35.046 -41.058 162
1997 2 1 -35.046 -41.058 162
1998 2 1 -35.046 -41.058 162
1999 8 1 -35.046 -41.058 162
2000 8 1 -35.046 -41.058 162
2001 2 1 -35.046 -41.058 162
2002 2 1 -35.046 -41.058 162
2003 2 1 -35.046 -41.058 162
2004 4 1 -35.046 -41.058 162
2005 2 1 -35.046 -41.058 162
2006 2 1 -35.046 -41.058 162
2007 2 1 -35.046 -41.058 162
2008 2 1 -35.046 -41.058 162
2009 2 1 -35.046 -41.058 162
2010 2 1 -35.046 -41.058 162
2011 8 1 -45.111 -47.046 163
2012 8 1 -45.111 -47.046 163
2013 8 1 -45.111 -47.046 163
2014 8 1 -45.111 -47.046 163
2015 8 1 -45.111 -47.046 163
2016 8 1 -45.111 -47.046 163
2017 8 1 -45.111 -47.046 163
2018 8 1 -45.111 -47.046 163
2019 8 1 -45.111 -47.046 163
2020 8 1 -45.111 -47.046 163
2021 4 1 -3.973 -16.51 164
2022 4 1 -3.973 -16.51 164
2023 4 1 -3.973 -16.51 164
2024 4 1 -3.973 -16.51 164
2025 4 1 -3.973 -16.51 164
2026 4 1 -3.973 -16.51 164
2027 4 1 -3.973 -16.51 164
2028 4 1 -3.973 -16.51 164
2029 4 1 -3.973 -16.51 164
2030 4 1 -3.973 -16.51 164
2031 4 1 -3.973 -16.51 164
2032 4 1 -3.973 -16.51 164
2033 4 1 -3.973 -16.51 164
2034 4 1 -3.973 -16.51 164
2035 4 1 -3.973 -16.51 164
2036 4 1 -3.973 -16.51 164
2037 4 1 -3.973 -16.51 164
2038 4 1 -3.973 -16.51 164
2039 4 1 -3.973 -16.51 164
2040 4 1 -3.973 -16.51 164
2041 4 1 -3.973 -16.51 164
2042 4 1 -3.973 -16.51 164
2043 4 1 -3.973 -16.51 164
2044 4 1 -3.973 -16.51 164
2045 4 1 -3.973 -16.51 164
2046 4 1 -20.221 -1.562 165
2047 4 1 -20.221 -1.562 165
2048 4 1 -20.221 -1.562 165
2049 4 1 -20.221 -1.562 165
2050 4 1 -20.221 -1.562 165
2051 4 1 -20.221 -1.562 165
2052 4 1 -20.221 -1.562 165
2053 4 1 -20.221 -1.562 165
2054 4 1 -20.221 -1.562 165
2055 4 1 -20.221 -1.562 165
2056 4 1 -20.221 -1.562 165
2057 4 1 -20.221 -1.562 165
2058 4 1 -20.221 -1.562 165
2059 4 1 -20.221 -1.562 165
2060 4 1 -20.221 -1.562 165
2061 4 1 -20.221 -1.562 165
2062 4 1 -20.221 -1.562 165
2063 4 1 -20.221 -1.562 165
2064 4 1 -20.221 -1.562 165
2065 4 1 -20.221 -1.562 165
2066 4 1 -20.221 -1.562 165
2067 32 1 -52.228 -12.25 166
2068 32 1 -52.228 -12.25 166
2069 32 1 -52.228 -12.25 166
2070 32 1 -52.228 -12.25 166
2071 32 1 -52.228 -12.25 166
2072 32 1 -52.228 -12.25 166
2073 32 1 -52.228 -12.25 166
2074 16 1 -59.43 63.312 167
2075 16 1 -59.43 63.312 167
2076 16 1 -59.43 63.312 167
2077 16 1 -59.43 63.312 167
2078 16 1 -59.43 63.312 167
2079 16 1 -59.43 63.312 167
2080 16 1 -59.43 63.312 167
2081 16 1 -59.43 63.312 167
2082 16 1 -59.43 63.312 167
2083 16 1 -59.43 63.312 167
2084 16 1 -59.43 63.312 167
2085 16 1 -59.43 63.312 167
2086 16 1 -59.43 63.312 167
2087 16 1 -59.43 63.312 167
2088 16 1 -59.43 63.312 167
2089 16 1 -59.43 63.312 167
2090 16 1 -59.43 63.312 167
2091 16 1 -59.43 63.312 167
2092 16 1 -59.43 63.312 167
2093 16 1 -59.43 63.312 167
2094 16 1 -59.43 63.312 167
2095 2 1 14.484 14.276 168
2096 2 1 14.484 14.276 168
2097 2 1 14.484 14.276 168
2098 2 1 14.484 14.276 168
2099 2 1 14.484 14.276 168
2100 2 1 14.484 14.276 168
2101 2 1 14.484 14.276 168
2102 2 1 14.484 14.276 168
2103 4 1 -38.757 43.207 169
2104 4 1 -38.757 43.207 169
2105 4 1 -38.757 43.207 169
2106 4 1 -38.757 43.207 169
2107 4 1 -38.757 43.207 169
2108 4 1 -38.757 43.207 169
2109 8 1 7.977 -3.54 170
2110 8 1 7.977 -3.54 170
2111 8 1 7.977 -3.54 170
2112 8 1 7.977 -3.54 170
2113 16 1 -50.226 -26.874 171
2114 16 1 -50.226 -26.874 171
2115 16 1 -50.226 -26.874 171
2116 16 1 -50.226 -26.874 171
2117 16 1 -50.226 -26.874 171
2118 16 1 -50.226 -26.874 171
2119 16 1 -50.226 -26.874 171
2120 16 1 -50.226 -26.874 171
2121 16 1 -50.226 -26.874 171
2122 16 1 -50.226 -26.874 171
2123 2 1 -13.593 27.325 172
2124 2 1 -13.593 27.325 172
2125 2 1 -13.593 27.325 172
2126 2 1 -13.593 27.325 172
2127 2 1 -13.593 27.325 172
2128 2 1 -13.593 27.325 172
2129 2 1 -13.593 27.325 172
2130 2 1 -13.593 27.325 172
2131 2 1 -13.593 27.325 172
2132 8 1 -25.043 -27.826 173
2133 8 1 -25.043 -27.826 173
2134 8 1 -25.043 -27.826 173
2135 8 1 -25.043 -27.826 173
2136 8 1 -25.043 -27.826 173
2137 8 1 -25.043 -27.826 173
2138 8 1 -25.043 -27.826 173
2139 8 1 -25.043 -27.826 173
2140 8 1 -25.043 -27.826 173
2141 8 1 -25.043 -27.826 173
2142 8 1 -25.043 -27.826 173
2143 8 1 -25.043 -27.826 173
2144 8 1 -25.043 -27.826 173
2145 8 1 -25.043 -27.826 173
2146 8 1 -25.043 -27.826 173
2147 8 1 -25.043 -27.826 173
2148 8 1 -25.043 -27.826 173
2149 8 1 -25.043 -27.826 173
2150 8 1 -25.043 -27.826 173
2151 8 1 -25.043 -27.826 173
2152 8 1 -25.043 -27.826 173
2153 8 1 -25.043 -27.826 173
2154 4 1 66.571 -16.284 174
2155 4 1 66.571 -16.284 174
2156 4 1 66.571 -16.284 174
2157 4 1 66.571 -16.284 174
2158 4 1 66.571 -16.284 174
2159 4 1 66.571 -16.284 174
2160 4 1 66.571 -16.284 174
2161 4 1 66.571 -16.284 174
2162 4 1 66.571 -16.284 174
2163 4 1 66.571 -16.284 174
2164 4 1 66.571 -16.284 174
2165 4 1 66.571 -16.284 174
2166 4 1 66.571 -16.284 174
2167 4 1 66.571 -16.284 174
2168 4 1 66.571 -16.284 174
2169 4 1 66.571 -16.284 174
2170 4 1 66.571 -16.284 174
2171 4 1 66.571 -16.284 174
2172 4 1 66.571 -16.284 174
2173 4 1 66.571 -16.284 174
2174 4 1 66.571 -16.284 174
2175 4 1 66.571 -16.284 174
2176 4 1 66.571 -16.284 174
2177 4 1 66.571 -16.284 174
2178 4 1 66.571 -16.284 174
2179 1 1 -59.369 -2.856 175
2180 1 1 -59.369 -2.856 175
2181 1 1 -59.369 -2.856 175
2182 1 1 -59.369 -2.856 175
2183 1 1 -59.369 -2.856 175
2184 8 1 -3.717 14.88 176
2185 8 1 -3.717 14.88 176
2186 8 1 -3.717 14.88 176
2187 8 1 -3.717 14.88 176
2188 8 1 -3.717 14.88 176
2189 8 1 -3.717 14.88 176
2190 8 1 -3.717 14.88 176
2191 8 1 -3.717 14.88 176
2192 8 1 -3.717 14.88 176
2193 8 1 -3.717 14.88 176
2194 8 1 -3.717 14.88 176
2195 8 1 -3.717 14.88 176
2196 32 1 -84.845 5.481 177
2197 32 1 -84.845 5.481 177
2198 32 1 -84.845 5.481 177
2199 32 1 -84.845 5.481 177
2200 32 1 -84.845 5.481 177
2201 32 1 -84.845 5.481 177
2202 32 1 -84.845 5.481 177
2203 32 1 -84.845 5.481 177
2204 32 1 -84.845 5.481 177
2205 32 1 -84.845 5.481 177
2206 32 1 -84.845 5.481 177
2207 32 1 -84.845 5.481 177
2208 32 1 -84.845 5.481 177
2209 32 1 -84.845 5.481 177
2210 32 1 -84.845 5.481 177
2211 32 1 -84.845 5.481 177
2212 32 1 -84.845 5.481 177
2213 32 1 -84.845 5.481 177
2214 32 1 -84.845 5.481 177
2215 32 1 -84.845 5.481 177
2216 32 1 -84.845 5.481 177
2217 32 1 -84.845 5.481 177
2218 32 1 -84.845 5.481 177
2219 32 1 -84.845 5.481 177
2220 16 1 -26.343 -3.369 178
2221 16 1 -26.343 -3.369 178
2222 16 1 -26.343 -3.369 178
2223 16 1 -26.343 -3.369 178
2224 16 1 -26.343 -3.369 178
2225 16 1 -26.343 -3.369 178
2226 32 1 -1.074 31.531 179
2227 32 1 -1.074 31.531 179
2228 32 1 -1.074 31.531 179
2229 32 1 -1.074 31.531 179
2230 32 1 -1.074 31.531 179
2231 32 1 -1.074 31.531 179
2232 32 1 -1.074 31.531 179
2233 32 1 -1.074 31.531 179
2234 32 1 -1.074 31.531 179
2235 32 1 -1.074 31.531 179
2236 32 1 -1.074 31.531 179
2237 1 1 -52.881 37.372 180
2238 1 1 -52.881 37.372 180
2239 1 1 -52.881 37.372 180
2240 1 1 -52.881 37.372 180
2241 1 1 -52.881 37.372 180
2242 1 1 -52.881 37.372 180
2243 1 1 -52.881 37.372 180
2244 1 1 -52.881 37.372 180
2245 1 1 -52.881 37.372 180
2246 1 1 -52.881 37.372 180
2247 1 1 -52.881 37.372 180
2248 1 1 -52.881 37.372 180
2249 1 1 -52.881 37.372 180
2250 1 1 -52.881 37.372 180
2251 1 1 -52.881 37.372 180
2252 1 1 -52.881 37.372 180
2253 2 1 -2.606 -8.893 181
2254 2 1 -2.606 -8.893 181
2255 2 1 -2.606 -8.893 181
2256 2 1 -2.606 -8.893 181
2257 2 1 -2.606 -8.893 181
2258 2 1 -2.606 -8.893 181
2259 2 1 -2.606 -8.893 181
2260 2 1 -2.606 -8.893 181
2261 2 1 -2.606 -8.893 181
2262 2 1 -2.606 -8.893 181
2263 2 1 -2.606 -8.893 181
2264 2 1 -2.606 -8.893 181
2265 2 1 -2.606 -8.893 181
2266 2 1 -2.606 -8.893 181
2267 32 1 -56.757 71.478 182
2268 32 1 -56.757 71.478 182
2269 32 1 -56.757 71.478 182
2270 32 1 -56.757 71.478 182
2271 32 1 -56.757 71.478 182
2272 32 1 -56.757 71.478 182
2273 32 1 -56.757 71.478 182
2274 32 1 -56.757 71.478 182
2275 32 1 -67.432 18.28 183
2276 32 1 -67.432 18.28 183
2277 32 1 -67.432 18.28 183
2278 32 1 -67.432 18.28 183
2279 32 1 -67.432 18.28 183
2280 32 1 -67.432 18.28 183
2281 32 1 -67.432 18.28 183
2282 32 1 -67.432 18.28 183
2283 32 1 -67.432 18.28 183
2284 32 1 -67.432 18.28 183
2285 32 1 -67.432 18.28 183
2286 4 1 -22.052 -25.549 184
2287 4 1 -22.052 -25.549 184
2288 4 1 -22.052 -25.549 184
2289 4 1 -22.052 -25.549 184
2290 4 1 -22.052 -25.549 184
2291 4 1 -22.052 -25.549 184
2292 4 1 -22.052 -25.549 184
2293 4 1 -22.052 -25.549 184
2294 4 1 -22.052 -25.549 184
2295 4 1 -22.052 -25.549 184
2296 4 1 -22.052 -25.549 184
2297 4 1 -22.052 -25.549 184
2298 4 1 -22.052 -25.549 184
2299 4 1 -22.052 -25.549 184
2300 4 1 -22.052 -25.549 184
2301 4 1 -22.052 -25.549 184
2302 4 1 -22.052 -25.549 184
2303 4 1 -22.052 -25.549 184
2304 4 1 -22.052 -25.549 184
2305 4 1 -22.052 -25.549 184
2306 4 1 -22.052 -25.549 184
2307 4 1 -22.052 -25.549 184
2308 1 1 26.031 -19.226 185
2309 1 1 26.031 -19.226 185
2310 1 1 26.031 -19.226 185
2311 1 1 26.031 -19.226 185
2312 1 1 26.031 -19.226 185
2313 1 1 23.676 -13.342 186
2314 1 1 23.676 -13.342 186
2315 1 1 23.676 -13.342 186
2316 1 1 23.676 -13.342 186
2317 1 1 23.676 -13.342 186
2318 1 1 23.676 -13.342 186
2319 1 1 23.676 -13.342 186
2320 1 1 23.676 -13.342 186
2321 1 1 23.676 -13.342 186
2322 1 1 23.676 -13.342 186
2323 1 1 23.676 -13.342 186
2324 1 1 23.676 -13.342 186
2325 2 1 27.93 1.965 187
2326 4 1 -99.506 64.618 188
2327 4 1 -99.506 64.618 188
2328 4 1 -99.506 64.618 188
2329 4 1 -99.506 64.618 188
2330 4 1 -99.506 64.618 188
2331 4 1 -99.506 64.618 188
2332 4 1 -99.506 64.618 188
2333 4 1 -99.506 64.618 188
2334 8 1 4.999 -16.595 189
2335 8 1 4.999 -16.595 189
2336 8 1 4.999 -16.595 189
2337 8 1 4.999 -16.595 189
2338 8 1 4.999 -16.595 189
2339 8 1 4.999 -16.595 189
2340 2 1 -35.803 -34.259 190
2341 2 1 -35.803 -34.259 190
2342 2 1 -35.803 -34.259 190
2343 2 1 -35.803 -34.259 190
2344 2 1 -35.803 -34.259 190
2345 2 1 -35.803 -34.259 190
2346 2 1 -35.803 -34.259 190
2347 2 1 -35.803 -34.259 190
2348 2 1 -35.803 -34.259 190
2349 2 1 -35.803 -34.259 190
2350 2 1 -35.803 -34.259 190
2351 2 1 -35.803 -34.259 190
2352 2 1 -35.803 -34.259 190
2353 2 1 -35.803 -34.259 190
2354 2 1 -35.803 -34.259 190
2355 2 1 -35.803 -34.259 190
2356 2 1 -35.803 -34.259 190
2357 2 1 -35.803 -34.259 190
2358 2 1 -35.803 -34.259 190
2359 2 1 -35.803 -34.259 190
2360 2 1 -35.803 -34.259 190
2361 2 1 -35.803 -34.259 190
2362 2 1 -35.803 -34.259 190
2363 2 1 -35.803 -34.259 190
2364 2 1 -35.803 -34.259 190
2365 2 1 66.705 -49.902 191
2366 2 1 66.705 -49.902 191
2367 2 1 66.705 -49.902 191
2368 2 1 66.705 -49.902 191
2369 2 1 66.705 -49.902 191
2370 2 1 66.705 -49.902 191
2371 2 1 66.705 -49.902 191
2372 2 1 66.705 -49.902 191
2373 2 1 66.705 -49.902 191
2374 2 1 66.705 -49.902 191
2375 2 1 66.705 -49.902 191
2376 2 1 66.705 -49.902 191
2377 2 1 66.705 -49.902 191
2378 1 1 2.783 9.723 192
2379 1 1 2.783 9.723 192
2380 1 1 2.783 9.723 192
2381 1 1 2.783 9.723 192
2382 32 1 -35.083 -31.342 193
2383 32 1 -35.083 -31.342 193
2384 32 1 -35.083 -31.342 193
2385 32 1 -35.083 -31.342 193
2386 32 1 -35.083 -31.342 193
2387 32 1 -35.083 -31.342 193
2388 32 1 -35.083 -31.342 193
2389 32 1 -35.083 -31.342 193
2390 32 1 -35.083 -31.342 193
2391 32 1 -35.083 -31.342 193
2392 32 1 -35.083 -31.342 193
2393 32 1 -35.083 -31.342 193
2394 32 1 -35.083 -31.342 193
2395 16 1 30.249 -7.568 194
2396 16 1 30.249 -7.568 194
2397 16 1 30.249 -7.568 194
2398 16 1 30.249 -7.568 194
2399 16 1 30.249 -7.568 194
2400 16 1 30.249 -7.568 194
2401 16 1 30.249 -7.568 194
2402 16 1 30.249 -7.568 194
2403 16 1 30.249 -7.568 194
2404 16 1 30.249 -7.568 194
2405 16 1 30.249 -7.568 194
2406 16 1 30.249 -7.568 194
2407 16 1 30.249 -7.568 194
2408 16 1 30.249 -7.568 194
2409 16 1 30.249 -7.568 194
2410 16 1 30.249 -7.568 194
2411 16 1 30.249 -7.568 194
2412 4 1 -6.573 -15.35 195
2413 4 1 -6.573 -15.35 195
2414 4 1 -6.573 -15.35 195
2415 4 1 -6.573 -15.35 195
2416 4 1 -6.573 -15.35 195
2417 4 1 -6.573 -15.35 195
2418 4 1 -6.573 -15.35 195
2419 4 1 -6.573 -15.35 195
2420 4 1 -6.573 -15.35 195
2421 4 1 -6.573 -15.35 195
2422 4 1 -6.573 -15.35 195
2423 4 1 -6.573 -15.35 195
2424 4 1 -6.573 -15.35 195
2425 4 1 -6.573 -15.35 195
2426 1 1 17.157 46.906 196
2427 1 1 17.157 46.906 196
2428 1 1 17.157 46.906 196
2429 1 1 17.157 46.906 196
2430 1 1 17.157 46.906 196
2431 1 1 17.157 46.906 196
2432 2 1 -4.34 46.32 197
2433 2 1 -4.34 46.32 197
2434 2 1 -4.34 46.32 197
2435 2 1 -4.34 46.32 197
2436 4 1 -28.815 -42.419 198
2437 4 1 -28.815 -42.419 198
2438 4 1 -28.815 -42.419 198
2439 4 1 -28.815 -42.419 198
2440 4 1 -28.815 -42.419 198
2441 4 1 -28.815 -42.419 198
2442 4 1 -28.815 -42.419 198
2443 4 1 -28.815 -42.419 198
2444 4 1 -28.815 -42.419 198
2445 4 1 -28.815 -42.419 198
2446 4 1 -28.815 -42.419 198
2447 4 1 -28.815 -42.419 198
2448 4 1 -28.815 -42.419 198
2449 4 1 -28.815 -42.419 198
2450 4 1 -28.815 -42.419 198
2451 4 1 -28.815 -42.419 198
2452 4 1 -28.815 -42.419 198
2453 4 1 -28.815 -42.419 198
2454 2 1 -77.509 2.087 199
2455 2 1 -77.509 2.087 199
2456 2 1 -77.509 2.087 199
2457 2 1 -77.509 2.087 199
2458 2 1 -77.509 2.087 199
2459 2 1 -77.509 2.087 199
2460 2 1 -77.509 2.087 199
2461 2 1 -77.509 2.087 199
2462 2 1 -77.509 2.087 199
2463 2 1 -77.509 2.087 199
2464 2 1 -77.509 2.087 199
2465 2 1 -77.509 2.087 199
2466 2 1 -77.509 2.087 199
2467 2 1 -77.509 2.087 199
2468 2 1 -77.509 2.087 199
2469 2 1 -77.509 2.087 199
2470 2 1 -77.509 2.087 199
2471 2 1 -77.509 2.087 199
2472 2 1 -77.509 2.087 199
2473 2 1 -77.509 2.087 199
2474 32 1 -39.801 16.296 200
2475 32 1 -39.801 16.296 200
2476 32 1 -39.801 16.296 200
2477 32 1 -39.801 16.296 200
2478 32 1 -39.801 16.296 200
2479 32 1 -39.801 16.296 200
2480 32 1 -39.801 16.296 200
2481 32 1 -39.801 16.296 200
2482 32 1 -39.801 16.296 200
2483 32 1 -39.801 16.296 200
2484 32 1 -39.801 16.296 200
2485 32 1 -39.801 16.296 200
2486 32 1 -39.801 16.296 200
2487 32 1 -39.801 16.296 200
2488 32 1 -39.801 16.296 200
2489 32 1 -39.801 16.296 200
2490 32 1 -39.801 16.296 200
2491 32 1 -39.801 16.296 200
2492 32 1 -39.801 16.296 200
2493 32 1 15.009 1.154 201
2494 32 1 15.009 1.154 201
2495 32 1 15.009 1.154 201
2496 32 1 15.009 1.154 201
2497 32 1 15.009 1.154 201
2498 32 1 15.009 1.154 201
2499 16 1 -32.544 -7.013 202
2500 16 1 -32.544 -7.013 202
2501 16 1 -32.544 -7.013 202
2502 16 1 -32.544 -7.013 202
2503 16 1 -32.544 -7.013 202
2504 16 1 -32.544 -7.013 202
2505 16 1 -32.544 -7.013 202
2506 16 1 -32.544 -7.013 202
2507 16 1 -32.544 -7.013 202
2508 16 1 -32.544 -7.013 202
2509 16 1 -32.544 -7.013 202
2510 16 1 -32.544 -7.013 202
2511 16 1 -32.544 -7.013 202
2512 16 1 -32.544 -7.013 202
2513 16 1 -32.544 -7.013 202
2514 16 1 -32.544 -7.013 202
2515 16 1 -32.544 -7.013 202
2516 16 1 -32.544 -7.013 202
2517 16 1 -32.544 -7.013 202
2518 16 1 -32.544 -7.013 202
2519 16 1 -32.544 -7.013 202
2520 16 1 -32.544 -7.013 202
2521 16 1 -32.544 -7.013 202
2522 2 1 -42.01 -12.531 203
2523 2 1 -42.01 -12.531 203
2524 2 1 -42.01 -12.531 203
2525 2 1 -42.01 -12.531 203
2526 2 1 -42.01 -12.531 203
2527 2 1 -42.01 -12.531 203
2528 2 1 -42.01 -12.531 203
2529 2 1 -42.01 -12.531 203
2530 2 1 -42.01 -12.531 203
2531 2 1 -42.01 -12.531 203
2532 2 1 -42.01 -12.531 203
2533 2 1 -42.01 -12.531 203
2534 2 1 -42.01 -12.531 203
2535 2 1 -42.01 -12.531 203
2536 2 1 -42.01 -12.531 203
2537 2 1 -42.01 -12.531 203
2538 2 1 -42.01 -12.531 203
2539 2 1 -42.01 -12.531 203
2540 2 1 -42.01 -12.531 203
2541 16 1 -33.698 -13.562 204
2542 16 1 -33.698 -13.562 204
2543 16 1 -33.698 -13.562 204
2544 16 1 -33.698 -13.562 204
2545 16 1 -33.698 -13.562 204
2546 16 1 -33.698 -13.562 204
2547 16 1 -33.698 -13.562 204
2548 16 1 -33.698 -13.562 204
2549 16 1 -33.698 -13.562 204
2550 16 1 -33.698 -13.562 204
2551 16 1 -33.698 -13.562 204
2552 16 1 -33.698 -13.562 204
2553 16 1 -33.698 -13.562 204
2554 16 1 -33.698 -13.562 204
2555 16 1 -33.698 -13.562 204
2556 16 1 -33.698 -13.562 204
2557 16 1 -33.698 -13.562 204
2558 16 1 -33.698 -13.562 204
2559 16 1 -33.698 -13.562 204
2560 16 1 -33.698 -13.562 204
2561 16 1 -33.698 -13.562 204
2562 16 1 -33.698 -13.562 204
2563 16 1 -33.698 -13.562 204
2564 2 1 -10.26 -19.104 205
2565 2 1 -10.26 -19.104 205
2566 2 1 -10.26 -19.104 205
2567 2 1 -10.26 -19.104 205
2568 2 1 -10.26 -19.104 205
2569 2 1 -10.26 -19.104 205
2570 2 1 -10.26 -19.104 205
2571 2 1 -10.26 -19.104 205
2572 2 1 -10.26 -19.104 205
2573 2 1 -10.26 -19.104 205
2574 2 1 -10.26 -19.104 205
2575 2 1 -10.26 -19.104 205
2576 2 1 -10.26 -19.104 205
2577 2 1 -10.26 -19.104 205
2578 2 1 -10.26 -19.104 205
2579 2 1 -10.26 -19.104 205
2580 2 1 -10.26 -19.104 205
2581 2 1 -10.26 -19.104 205
2582 2 1 -10.26 -19.104 205
2583 2 1 -10.26 -19.104 205
2584 8 1 -3.04 -1.88 206
2585 8 1 -3.04 -1.88 206
2586 8 1 -3.04 -1.88 206
2587 8 1 -3.04 -1.88 206
2588 8 1 -3.04 -1.88 206
2589 8 1 -3.04 -1.88 206
2590 8 1 -3.04 -1.88 206
2591 4 1 28.68 -41.412 207
2592 4 1 28.68 -41.412 207
2593 4 1 28.68 -41.412 207
2594 4 1 35.797 -69.952 208
2595 4 1 35.797 -69.952 208
2596 4 1 35.797 -69.952 208
2597 4 1 35.797 -69.952 208
2598 4 1 35.797 -69.952 208
2599 4 1 35.797 -69.952 208
2600 8 1 -49.683 -61.951 209
2601 8 1 -49.683 -61.951 209
2602 8 1 -49.683 -61.951 209
2603 8 1 -49.683 -61.951 209
2604 8 1 -49.683 -61.951 209
2605 8 1 -49.683 -61.951 209
2606 8 1 -49.683 -61.951 209
2607 8 1 -49.683 -61.951 209
2608 8 1 -66.827 31.494 210
2609 8 1 -66.827 31.494 210
2610 8 1 -66.827 31.494 210
2611 8 1 -66.827 31.494 210
2612 8 1 -66.827 31.494 210
2613 8 1 -66.827 31.494 210
2614 8 1 -66.827 31.494 210
2615 8 1 -66.827 31.494 210
2616 8 1 -66.827 31.494 210
2617 8 1 -66.827 31.494 210
2618 8 1 -66.827 31.494 210
2619 8 1 -66.827 31.494 210
2620 8 1 -66.827 31.494 210
2621 8 1 -66.827 31.494 210
2622 1 1 -28.18 -73.029 211
2623 1 1 -28.18 -73.029 211
2624 1 1 -28.18 -73.029 211
2625 1 1 -28.18 -73.029 211
2626 1 1 -28.18 -73.029 211
2627 1 1 -28.18 -73.029 211
2628 1 1 -28.18 -73.029 211
2629 1 1 -28.18 -73.029 211
2630 1 1 -28.18 -73.029 211
2631 1 1 -28.18 -73.029 211
2632 1 1 -28.18 -73.029 211
2633 1 1 -28.18 -73.029 211
2634 2 1 -64.221 -16.107 212
2635 2 1 -64.221 -16.107 212
2636 2 1 -64.221 -16.107 212
2637 16 1 36.279 -33.71 213
2638 16 1 36.279 -33.71 213
2639 16 1 36.279 -33.71 213
2640 16 1 36.279 -33.71 213
2641 16 1 36.279 -33.71 213
2642 16 1 36.279 -33.71 213
2643 16 1 36.279 -33.71 213
2644 16 1 36.279 -33.71 213
2645 16 1 36.279 -33.71 213
2646 16 1 36.279 -33.71 213
2647 16 1 36.279 -33.71 213
2648 16 1 36.279 -33.71 213
2649 16 1 36.279 -33.71 213
2650 16 1 36.279 -33.71 213
