1
0 -16.492 -3.464 2650.0 14633.1650390625 77
13831 1 18.0 143.94015502929688 20 500 20
0 0 -16.492 -3.464 D
2381 1 2.783 9.723 1
2380 1 2.783 9.723 1
2379 1 2.783 9.723 1
2378 1 2.783 9.723 1
578 1 37.549 5.212 1
577 1 37.549 5.212 1
574 1 37.549 5.212 1
569 1 37.549 5.212 1
7 1 50.372 7.709 1
259 1 43.073 -2.924 1
257 1 43.073 -2.924 1
255 1 43.073 -2.924 1
250 1 43.073 -2.924 1
245 1 43.073 -2.924 1
244 1 43.073 -2.924 1
241 1 43.073 -2.924 1
239 1 43.073 -2.924 1
238 1 43.073 -2.924 1
-1 0 -16.492 -3.464 D
13832 1 39.0 149.2141571044922 40 500 41
0 0 -16.492 -3.464 D
27 1 50.372 7.709 1
26 1 50.372 7.709 1
22 1 50.372 7.709 1
20 1 50.372 7.709 1
17 1 50.372 7.709 1
15 1 50.372 7.709 1
12 1 50.372 7.709 1
11 1 50.372 7.709 1
10 1 50.372 7.709 1
9 1 50.372 7.709 1
8 1 50.372 7.709 1
1388 1 47.388 20.465 1
1387 1 47.388 20.465 1
1386 1 47.388 20.465 1
1385 1 47.388 20.465 1
1384 1 47.388 20.465 1
1383 1 47.388 20.465 1
1382 1 47.388 20.465 1
1381 1 47.388 20.465 1
1380 1 47.388 20.465 1
1379 1 47.388 20.465 1
1378 1 47.388 20.465 1
1377 1 47.388 20.465 1
1376 1 47.388 20.465 1
1375 1 47.388 20.465 1
1374 1 47.388 20.465 1
937 1 8.295 3.833 1
935 1 8.295 3.833 1
934 1 8.295 3.833 1
933 1 8.295 3.833 1
932 1 8.295 3.833 1
931 1 8.295 3.833 1
930 1 8.295 3.833 1
928 1 8.295 3.833 1
927 1 8.295 3.833 1
925 1 8.295 3.833 1
924 1 8.295 3.833 1
923 1 8.295 3.833 1
922 1 8.295 3.833 1
-1 0 -16.492 -3.464 D
13833 1 45.0 159.85940551757812 60 500 47
0 0 -16.492 -3.464 D
1478 1 0.616 19.513 1
1477 1 0.616 19.513 1
1476 1 0.616 19.513 1
1474 1 0.616 19.513 1
1473 1 0.616 19.513 1
1471 1 0.616 19.513 1
1470 1 0.616 19.513 1
768 1 14.392 29.437 1
767 1 14.392 29.437 1
766 1 14.392 29.437 1
764 1 14.392 29.437 1
763 1 14.392 29.437 1
761 1 14.392 29.437 1
760 1 14.392 29.437 1
2431 1 17.157 46.906 1
2430 1 17.157 46.906 1
2429 1 17.157 46.906 1
2428 1 17.157 46.906 1
2427 1 17.157 46.906 1
2426 1 17.157 46.906 1
635 1 30.341 46.661 1
634 1 30.341 46.661 1
633 1 30.341 46.661 1
631 1 30.341 46.661 1
630 1 30.341 46.661 1
629 1 30.341 46.661 1
626 1 30.341 46.661 1
625 1 30.341 46.661 1
273 1 39.679 35.138 1
272 1 39.679 35.138 1
269 1 39.679 35.138 1
268 1 39.679 35.138 1
266 1 39.679 35.138 1
519 1 18.03 16.01 1
157 1 3.607 7.501 1
156 1 3.607 7.501 1
155 1 3.607 7.501 1
154 1 3.607 7.501 1
152 1 3.607 7.501 1
148 1 3.607 7.501 1
146 1 3.607 7.501 1
144 1 3.607 7.501 1
141 1 3.607 7.501 1
138 1 3.607 7.501 1
137 1 3.607 7.501 1
-1 0 -16.492 -3.464 D
13834 2 39.0 175.9326171875 40 500 41
0 0 -16.492 -3.464 D
898 1 -6.427 -0.11 2
897 1 -6.427 -0.11 2
896 1 -6.427 -0.11 2
895 1 -6.427 -0.11 2
894 1 -6.427 -0.11 2
893 1 -6.427 -0.11 2
892 1 -6.427 -0.11 2
891 1 -6.427 -0.11 2
890 1 -6.427 -0.11 2
936 1 8.295 3.833 2
1389 1 47.388 20.465 2
1373 1 47.388 20.465 2
25 1 50.372 7.709 2
23 1 50.372 7.709 2
19 1 50.372 7.709 2
16 1 50.372 7.709 2
14 1 50.372 7.709 2
405 1 60.193 0.214 2
403 1 60.193 0.214 2
402 1 60.193 0.214 2
260 1 43.073 -2.924 2
258 1 43.073 -2.924 2
254 1 43.073 -2.924 2
252 1 43.073 -2.924 2
251 1 43.073 -2.924 2
249 1 43.073 -2.924 2
248 1 43.073 -2.924 2
247 1 43.073 -2.924 2
246 1 43.073 -2.924 2
243 1 43.073 -2.924 2
242 1 43.073 -2.924 2
240 1 43.073 -2.924 2
576 1 37.549 5.212 2
573 1 37.549 5.212 2
572 1 37.549 5.212 2
571 1 37.549 5.212 2
570 1 37.549 5.212 2
568 1 37.549 5.212 2
2325 1 27.93 1.965 2
-1 0 -16.492 -3.464 D
13835 2 69.0 313.3648376464844 80 500 71
0 0 -16.492 -3.464 D
1015 1 -1.44 11.2 2
1014 1 -1.44 11.2 2
1012 1 -1.44 11.2 2
1011 1 -1.44 11.2 2
1009 1 -1.44 11.2 2
1008 1 -1.44 11.2 2
1007 1 -1.44 11.2 2
1004 1 -1.44 11.2 2
1002 1 -1.44 11.2 2
2102 1 14.484 14.276 2
2101 1 14.484 14.276 2
2100 1 14.484 14.276 2
2099 1 14.484 14.276 2
2098 1 14.484 14.276 2
2097 1 14.484 14.276 2
2096 1 14.484 14.276 2
2095 1 14.484 14.276 2
520 1 18.03 16.01 2
267 1 39.679 35.138 2
265 1 39.679 35.138 2
264 1 39.679 35.138 2
263 1 39.679 35.138 2
262 1 39.679 35.138 2
261 1 39.679 35.138 2
1494 1 52.85 28.961 2
1177 1 80.884 53.357 2
1176 1 80.884 53.357 2
1169 1 80.884 53.357 2
1137 1 59.509 86.481 2
1136 1 59.509 86.481 2
1135 1 59.509 86.481 2
1132 1 59.509 86.481 2
1131 1 59.509 86.481 2
1130 1 59.509 86.481 2
1129 1 59.509 86.481 2
1128 1 59.509 86.481 2
1127 1 59.509 86.481 2
1126 1 59.509 86.481 2
1125 1 59.509 86.481 2
1847 1 16.62 74.371 2
607 1 13.525 61.719 2
605 1 13.525 61.719 2
604 1 13.525 61.719 2
599 1 13.525 61.719 2
598 1 13.525 61.719 2
597 1 13.525 61.719 2
595 1 13.525 61.719 2
594 1 13.525 61.719 2
591 1 13.525 61.719 2
590 1 13.525 61.719 2
624 1 30.341 46.661 2
765 1 14.392 29.437 2
1475 1 0.616 19.513 2
207 1 -2.496 20.929 2
204 1 -2.496 20.929 2
203 1 -2.496 20.929 2
201 1 -2.496 20.929 2
198 1 -2.496 20.929 2
197 1 -2.496 20.929 2
196 1 -2.496 20.929 2
195 1 -2.496 20.929 2
194 1 -2.496 20.929 2
193 1 -2.496 20.929 2
190 1 -2.496 20.929 2
187 1 -2.496 20.929 2
1808 1 -7.849 11.029 2
1804 1 -7.849 11.029 2
1803 1 -7.849 11.029 2
1801 1 -7.849 11.029 2
-1 0 -16.492 -3.464 D
13836 2 119.0 377.277587890625 120 500 121
0 0 -16.492 -3.464 D
1875 1 -15.234 5.42 2
1871 1 -15.234 5.42 2
516 1 -16.553 22.748 2
515 1 -16.553 22.748 2
514 1 -16.553 22.748 2
512 1 -16.553 22.748 2
1156 1 -17.822 25.342 2
1154 1 -17.822 25.342 2
2131 1 -13.593 27.325 2
2130 1 -13.593 27.325 2
2129 1 -13.593 27.325 2
2128 1 -13.593 27.325 2
2127 1 -13.593 27.325 2
2126 1 -13.593 27.325 2
2125 1 -13.593 27.325 2
2124 1 -13.593 27.325 2
2123 1 -13.593 27.325 2
360 1 -16.15 39.722 2
358 1 -16.15 39.722 2
357 1 -16.15 39.722 2
356 1 -16.15 39.722 2
811 1 -9.399 39.172 2
2435 1 -4.34 46.32 2
2434 1 -4.34 46.32 2
2433 1 -4.34 46.32 2
2432 1 -4.34 46.32 2
509 1 0.842 61.102 2
502 1 0.842 61.102 2
501 1 0.842 61.102 2
1864 1 16.62 74.371 2
1854 1 16.62 74.371 2
1852 1 16.62 74.371 2
491 1 4.944 76.404 2
490 1 4.944 76.404 2
486 1 4.944 76.404 2
485 1 4.944 76.404 2
484 1 4.944 76.404 2
326 1 -9.985 90.167 2
325 1 -9.985 90.167 2
324 1 -9.985 90.167 2
322 1 -9.985 90.167 2
319 1 -9.985 90.167 2
318 1 -9.985 90.167 2
317 1 -9.985 90.167 2
309 1 -9.985 90.167 2
307 1 -9.985 90.167 2
496 1 -18.207 97.51 2
494 1 -18.207 97.51 2
493 1 -18.207 97.51 2
79 1 -18.182 91.876 2
77 1 -18.182 91.876 2
75 1 -18.182 91.876 2
72 1 -18.182 91.876 2
71 1 -18.182 91.876 2
70 1 -18.182 91.876 2
69 1 -18.182 91.876 2
68 1 -18.182 91.876 2
67 1 -18.182 91.876 2
63 1 -33.582 77.936 2
62 1 -33.582 77.936 2
1183 1 -39.069 50.055 2
1115 1 -45.642 48.645 2
1112 1 -45.642 48.645 2
1111 1 -45.642 48.645 2
1110 1 -45.642 48.645 2
1109 1 -45.642 48.645 2
1108 1 -45.642 48.645 2
1107 1 -45.642 48.645 2
1106 1 -45.642 48.645 2
1105 1 -45.642 48.645 2
1104 1 -45.642 48.645 2
1103 1 -45.642 48.645 2
1099 1 -45.642 48.645 2
1098 1 -45.642 48.645 2
1097 1 -45.642 48.645 2
1096 1 -45.642 48.645 2
438 1 -65.106 61.945 2
542 1 -75.25 59.186 2
541 1 -75.25 59.186 2
538 1 -75.25 59.186 2
537 1 -75.25 59.186 2
534 1 -75.25 59.186 2
533 1 -75.25 59.186 2
532 1 -75.25 59.186 2
527 1 -75.25 59.186 2
179 1 -95.233 35.046 2
178 1 -95.233 35.046 2
170 1 -95.233 35.046 2
169 1 -95.233 35.046 2
168 1 -95.233 35.046 2
167 1 -95.233 35.046 2
165 1 -95.233 35.046 2
164 1 -95.233 35.046 2
160 1 -95.233 35.046 2
159 1 -95.233 35.046 2
618 1 -55.634 33.759 2
617 1 -55.634 33.759 2
616 1 -55.634 33.759 2
615 1 -55.634 33.759 2
612 1 -55.634 33.759 2
1424 1 -49.384 10.876 2
1423 1 -49.384 10.876 2
1422 1 -49.384 10.876 2
1421 1 -49.384 10.876 2
1420 1 -49.384 10.876 2
1419 1 -49.384 10.876 2
886 1 -28.882 16.229 2
880 1 -28.882 16.229 2
875 1 -28.882 16.229 2
873 1 -28.882 16.229 2
185 1 -21.246 10.272 2
182 1 -21.246 10.272 2
289 1 -19.623 5.505 2
288 1 -19.623 5.505 2
287 1 -19.623 5.505 2
286 1 -19.623 5.505 2
284 1 -19.623 5.505 2
282 1 -19.623 5.505 2
274 1 -19.623 5.505 2
-1 0 -16.492 -3.464 D
13837 4 59.0 312.5755920410156 60 500 61
0 0 -16.492 -3.464 D
899 1 -6.427 -0.11 4
136 1 3.607 7.501 4
929 1 8.295 3.833 4
926 1 8.295 3.833 4
575 1 37.549 5.212 4
256 1 43.073 -2.924 4
253 1 43.073 -2.924 4
24 1 50.372 7.709 4
21 1 50.372 7.709 4
18 1 50.372 7.709 4
13 1 50.372 7.709 4
404 1 60.193 0.214 4
1690 1 68.732 9.192 4
1688 1 68.732 9.192 4
1496 1 52.85 28.961 4
1495 1 52.85 28.961 4
271 1 39.679 35.138 4
270 1 39.679 35.138 4
632 1 30.341 46.661 4
628 1 30.341 46.661 4
627 1 30.341 46.661 4
606 1 13.525 61.719 4
1862 1 16.62 74.371 4
1845 1 16.62 74.371 4
504 1 0.842 61.102 4
1031 1 5.981 40.881 4
1030 1 5.981 40.881 4
1029 1 5.981 40.881 4
1028 1 5.981 40.881 4
1026 1 5.981 40.881 4
1025 1 5.981 40.881 4
1024 1 5.981 40.881 4
1023 1 5.981 40.881 4
821 1 -9.399 39.172 4
819 1 -9.399 39.172 4
1167 1 -7.294 33.16 4
1712 1 -11.267 30.835 4
1711 1 -11.267 30.835 4
1710 1 -11.267 30.835 4
1709 1 -11.267 30.835 4
1707 1 -11.267 30.835 4
1706 1 -11.267 30.835 4
1705 1 -11.267 30.835 4
1704 1 -11.267 30.835 4
1703 1 -11.267 30.835 4
1472 1 0.616 19.513 4
1013 1 -1.44 11.2 4
1010 1 -1.44 11.2 4
1000 1 -7.233 11.523 4
998 1 -7.233 11.523 4
997 1 -7.233 11.523 4
996 1 -7.233 11.523 4
995 1 -7.233 11.523 4
994 1 -7.233 11.523 4
993 1 -7.233 11.523 4
992 1 -7.233 11.523 4
991 1 -7.233 11.523 4
990 1 -7.233 11.523 4
988 1 -7.233 11.523 4
-1 0 -16.492 -3.464 D
13838 4 99.0 425.39300537109375 100 500 101
0 0 -16.492 -3.464 D
2066 1 -20.221 -1.562 4
2065 1 -20.221 -1.562 4
2064 1 -20.221 -1.562 4
2063 1 -20.221 -1.562 4
2062 1 -20.221 -1.562 4
2061 1 -20.221 -1.562 4
2060 1 -20.221 -1.562 4
2059 1 -20.221 -1.562 4
2058 1 -20.221 -1.562 4
2057 1 -20.221 -1.562 4
2056 1 -20.221 -1.562 4
2055 1 -20.221 -1.562 4
2054 1 -20.221 -1.562 4
2053 1 -20.221 -1.562 4
2052 1 -20.221 -1.562 4
2051 1 -20.221 -1.562 4
2050 1 -20.221 -1.562 4
2049 1 -20.221 -1.562 4
2048 1 -20.221 -1.562 4
2047 1 -20.221 -1.562 4
2046 1 -20.221 -1.562 4
353 1 -41.888 2.106 4
351 1 -41.888 2.106 4
346 1 -41.888 2.106 4
338 1 -41.888 2.106 4
335 1 -41.888 2.106 4
371 1 -43.341 4.871 4
370 1 -43.341 4.871 4
1436 1 -49.384 10.876 4
1432 1 -49.384 10.876 4
1430 1 -49.384 10.876 4
1426 1 -49.384 10.876 4
37 1 -52.576 2.002 4
32 1 -52.576 2.002 4
31 1 -52.576 2.002 4
953 1 -55.017 -0.586 4
952 1 -55.017 -0.586 4
951 1 -55.017 -0.586 4
950 1 -55.017 -0.586 4
949 1 -55.017 -0.586 4
948 1 -55.017 -0.586 4
947 1 -55.017 -0.586 4
946 1 -55.017 -0.586 4
945 1 -55.017 -0.586 4
944 1 -55.017 -0.586 4
943 1 -55.017 -0.586 4
942 1 -55.017 -0.586 4
941 1 -55.017 -0.586 4
939 1 -55.017 -0.586 4
1731 1 -92.688 15.833 4
1726 1 -92.688 15.833 4
172 1 -95.233 35.046 4
171 1 -95.233 35.046 4
162 1 -95.233 35.046 4
158 1 -95.233 35.046 4
2333 1 -99.506 64.618 4
2332 1 -99.506 64.618 4
2331 1 -99.506 64.618 4
2330 1 -99.506 64.618 4
2329 1 -99.506 64.618 4
2328 1 -99.506 64.618 4
2327 1 -99.506 64.618 4
2326 1 -99.506 64.618 4
540 1 -75.25 59.186 4
530 1 -75.25 59.186 4
436 1 -65.106 61.945 4
80 1 -18.182 91.876 4
78 1 -18.182 91.876 4
73 1 -18.182 91.876 4
495 1 -18.207 97.51 4
306 1 -9.985 90.167 4
355 1 -16.15 39.722 4
1720 1 -11.267 30.835 4
1719 1 -11.267 30.835 4
1717 1 -11.267 30.835 4
1716 1 -11.267 30.835 4
1714 1 -11.267 30.835 4
1713 1 -11.267 30.835 4
1155 1 -17.822 25.342 4
1817 1 -20.331 30.322 4
1198 1 -39.069 50.055 4
1196 1 -39.069 50.055 4
711 1 -45.935 48.926 4
1114 1 -45.642 48.645 4
1113 1 -45.642 48.645 4
2108 1 -38.757 43.207 4
2107 1 -38.757 43.207 4
2106 1 -38.757 43.207 4
2105 1 -38.757 43.207 4
2104 1 -38.757 43.207 4
2103 1 -38.757 43.207 4
47 1 -39.685 38.171 4
1702 1 -33.026 14.313 4
1696 1 -33.026 14.313 4
885 1 -28.882 16.229 4
884 1 -28.882 16.229 4
878 1 -28.882 16.229 4
281 1 -19.623 5.505 4
280 1 -19.623 5.505 4
-1 0 -16.492 -3.464 D
13839 4 138.0 364.2573547363281 160 500 140
0 0 -16.492 -3.464 D
481 1 -25.5 -17.505 4
480 1 -25.5 -17.505 4
476 1 -25.5 -17.505 4
474 1 -25.5 -17.505 4
465 1 -25.5 -17.505 4
1150 1 -26.819 -13.904 4
801 1 -22.394 -13.745 4
788 1 -22.394 -13.745 4
640 1 -26.91 -12.115 4
1563 1 -48.834 -10.089 4
1559 1 -48.834 -10.089 4
1554 1 -48.834 -10.089 4
1079 1 -51.636 -4.407 4
963 1 -55.017 -0.586 4
962 1 -55.017 -0.586 4
959 1 -55.017 -0.586 4
958 1 -55.017 -0.586 4
956 1 -55.017 -0.586 4
955 1 -55.017 -0.586 4
954 1 -55.017 -0.586 4
566 1 -58.881 -1.428 4
560 1 -58.881 -1.428 4
556 1 -58.881 -1.428 4
544 1 -58.881 -1.428 4
1400 1 -62.585 -13.684 4
1397 1 -62.585 -13.684 4
1395 1 -62.585 -13.684 4
124 1 -73.322 4.419 4
116 1 -73.322 4.419 4
112 1 -73.322 4.419 4
846 1 -82.501 -6.323 4
845 1 -82.501 -6.323 4
842 1 -82.501 -6.323 4
1355 1 -91.016 -18.201 4
1354 1 -91.016 -18.201 4
1353 1 -91.016 -18.201 4
1350 1 -91.016 -18.201 4
1598 1 -66.73 -33.362 4
1166 1 -62.299 -52.118 4
1091 1 -55.273 -48.853 4
1090 1 -55.273 -48.853 4
1089 1 -55.273 -48.853 4
1088 1 -55.273 -48.853 4
1086 1 -55.273 -48.853 4
1085 1 -55.273 -48.853 4
1630 1 -44.379 -64.172 4
1616 1 -44.379 -64.172 4
1121 1 -45.367 -88.293 4
1120 1 -45.367 -88.293 4
1119 1 -45.367 -88.293 4
1118 1 -45.367 -88.293 4
1117 1 -45.367 -88.293 4
1116 1 -45.367 -88.293 4
744 1 -25.165 -53.003 4
728 1 -21.198 -42.328 4
1297 1 -24.762 -38.818 4
1292 1 -24.762 -38.818 4
1289 1 -24.762 -38.818 4
2453 1 -28.815 -42.419 4
2452 1 -28.815 -42.419 4
2451 1 -28.815 -42.419 4
2450 1 -28.815 -42.419 4
2449 1 -28.815 -42.419 4
2448 1 -28.815 -42.419 4
2447 1 -28.815 -42.419 4
2446 1 -28.815 -42.419 4
2445 1 -28.815 -42.419 4
2444 1 -28.815 -42.419 4
2443 1 -28.815 -42.419 4
2442 1 -28.815 -42.419 4
2441 1 -28.815 -42.419 4
2440 1 -28.815 -42.419 4
2439 1 -28.815 -42.419 4
2438 1 -28.815 -42.419 4
2437 1 -28.815 -42.419 4
2436 1 -28.815 -42.419 4
2004 1 -35.046 -41.058 4
1052 1 -41.876 -41.919 4
584 1 -31.311 -35.522 4
581 1 -31.311 -35.522 4
1656 1 -25.195 -27.411 4
1655 1 -25.195 -27.411 4
1654 1 -25.195 -27.411 4
1653 1 -25.195 -27.411 4
1652 1 -25.195 -27.411 4
1651 1 -25.195 -27.411 4
1650 1 -25.195 -27.411 4
1648 1 -25.195 -27.411 4
1647 1 -25.195 -27.411 4
1646 1 -25.195 -27.411 4
1645 1 -25.195 -27.411 4
1644 1 -25.195 -27.411 4
1643 1 -25.195 -27.411 4
1642 1 -25.195 -27.411 4
1641 1 -25.195 -27.411 4
1640 1 -25.195 -27.411 4
1639 1 -25.195 -27.411 4
1638 1 -25.195 -27.411 4
1637 1 -25.195 -27.411 4
1636 1 -25.195 -27.411 4
1635 1 -25.195 -27.411 4
1634 1 -25.195 -27.411 4
2307 1 -22.052 -25.549 4
2306 1 -22.052 -25.549 4
2305 1 -22.052 -25.549 4
2304 1 -22.052 -25.549 4
2303 1 -22.052 -25.549 4
2302 1 -22.052 -25.549 4
2301 1 -22.052 -25.549 4
2300 1 -22.052 -25.549 4
2299 1 -22.052 -25.549 4
2298 1 -22.052 -25.549 4
2297 1 -22.052 -25.549 4
2296 1 -22.052 -25.549 4
2295 1 -22.052 -25.549 4
2294 1 -22.052 -25.549 4
2293 1 -22.052 -25.549 4
2292 1 -22.052 -25.549 4
2291 1 -22.052 -25.549 4
2290 1 -22.052 -25.549 4
2289 1 -22.052 -25.549 4
2288 1 -22.052 -25.549 4
2287 1 -22.052 -25.549 4
2286 1 -22.052 -25.549 4
2425 1 -6.573 -15.35 4
2424 1 -6.573 -15.35 4
2423 1 -6.573 -15.35 4
2422 1 -6.573 -15.35 4
2421 1 -6.573 -15.35 4
2420 1 -6.573 -15.35 4
2419 1 -6.573 -15.35 4
2418 1 -6.573 -15.35 4
2417 1 -6.573 -15.35 4
2416 1 -6.573 -15.35 4
2415 1 -6.573 -15.35 4
2414 1 -6.573 -15.35 4
2413 1 -6.573 -15.35 4
2412 1 -6.573 -15.35 4
-1 0 -16.492 -3.464 D
13841 8 99.0 437.7342529296875 100 500 101
0 0 -16.492 -3.464 D
1687 1 -21.204 0.543 8
1686 1 -21.204 0.543 8
1685 1 -21.204 0.543 8
1684 1 -21.204 0.543 8
1683 1 -21.204 0.543 8
1682 1 -21.204 0.543 8
1681 1 -21.204 0.543 8
1679 1 -21.204 0.543 8
1678 1 -21.204 0.543 8
2195 1 -3.717 14.88 8
2194 1 -3.717 14.88 8
2193 1 -3.717 14.88 8
2192 1 -3.717 14.88 8
2191 1 -3.717 14.88 8
2190 1 -3.717 14.88 8
2189 1 -3.717 14.88 8
2188 1 -3.717 14.88 8
2187 1 -3.717 14.88 8
2186 1 -3.717 14.88 8
2185 1 -3.717 14.88 8
2184 1 -3.717 14.88 8
1255 1 -30.286 13.867 8
1254 1 -30.286 13.867 8
1253 1 -30.286 13.867 8
1252 1 -30.286 13.867 8
1250 1 -30.286 13.867 8
1249 1 -30.286 13.867 8
1248 1 -30.286 13.867 8
1245 1 -30.286 13.867 8
1244 1 -30.286 13.867 8
1243 1 -30.286 13.867 8
1242 1 -30.286 13.867 8
1241 1 -30.286 13.867 8
1240 1 -30.286 13.867 8
1435 1 -49.384 10.876 8
1434 1 -49.384 10.876 8
1429 1 -49.384 10.876 8
1428 1 -49.384 10.876 8
960 1 -55.017 -0.586 8
957 1 -55.017 -0.586 8
940 1 -55.017 -0.586 8
775 1 -68.439 0.317 8
776 1 -68.439 0.317 8
777 1 -68.439 0.317 8
779 1 -68.439 0.317 8
774 1 -68.439 0.317 8
773 1 -68.439 0.317 8
772 1 -68.439 0.317 8
770 1 -68.439 0.317 8
769 1 -68.439 0.317 8
1621 1 -44.379 -64.172 8
1622 1 -44.379 -64.172 8
1351 1 -91.016 -18.201 8
1732 1 -92.688 15.833 8
1721 1 -92.688 15.833 8
2621 1 -66.827 31.494 8
2620 1 -66.827 31.494 8
2619 1 -66.827 31.494 8
2618 1 -66.827 31.494 8
2617 1 -66.827 31.494 8
2616 1 -66.827 31.494 8
2615 1 -66.827 31.494 8
2614 1 -66.827 31.494 8
2613 1 -66.827 31.494 8
2612 1 -66.827 31.494 8
2611 1 -66.827 31.494 8
2610 1 -66.827 31.494 8
2609 1 -66.827 31.494 8
2608 1 -66.827 31.494 8
1223 1 -61.267 36.121 8
1222 1 -61.267 36.121 8
1221 1 -61.267 36.121 8
1218 1 -61.267 36.121 8
1217 1 -61.267 36.121 8
1216 1 -61.267 36.121 8
1215 1 -61.267 36.121 8
1214 1 -61.267 36.121 8
1213 1 -61.267 36.121 8
1212 1 -61.267 36.121 8
1206 1 -61.267 36.121 8
1204 1 -61.267 36.121 8
1203 1 -61.267 36.121 8
1202 1 -61.267 36.121 8
1201 1 -61.267 36.121 8
1102 1 -45.642 48.645 8
1101 1 -45.642 48.645 8
1100 1 -45.642 48.645 8
1168 1 -7.294 33.16 8
1027 1 5.981 40.881 8
999 1 -7.233 11.523 8
989 1 -7.233 11.523 8
1265 1 -13.867 11.676 8
1264 1 -13.867 11.676 8
1263 1 -13.867 11.676 8
1262 1 -13.867 11.676 8
1259 1 -13.867 11.676 8
1258 1 -13.867 11.676 8
1257 1 -13.867 11.676 8
1256 1 -13.867 11.676 8
-1 0 -16.492 -3.464 D
13842 8 137.0 447.1417236328125 160 500 139
0 0 -16.492 -3.464 D
1021 1 -42.401 -1.758 8
1020 1 -42.401 -1.758 8
1311 1 -49.243 -4.987 8
1310 1 -49.243 -4.987 8
1309 1 -49.243 -4.987 8
1308 1 -49.243 -4.987 8
1307 1 -49.243 -4.987 8
1306 1 -49.243 -4.987 8
1304 1 -49.243 -4.987 8
1303 1 -49.243 -4.987 8
1302 1 -49.243 -4.987 8
1301 1 -49.243 -4.987 8
1082 1 -51.636 -4.407 8
1399 1 -62.585 -13.684 8
1600 1 -66.73 -33.362 8
1594 1 -66.73 -33.362 8
1593 1 -66.73 -33.362 8
1591 1 -66.73 -33.362 8
2600 1 -49.683 -61.951 8
2601 1 -49.683 -61.951 8
2602 1 -49.683 -61.951 8
2603 1 -49.683 -61.951 8
2604 1 -49.683 -61.951 8
2605 1 -49.683 -61.951 8
2606 1 -49.683 -61.951 8
2607 1 -49.683 -61.951 8
2020 1 -45.111 -47.046 8
2019 1 -45.111 -47.046 8
2018 1 -45.111 -47.046 8
2017 1 -45.111 -47.046 8
2016 1 -45.111 -47.046 8
2015 1 -45.111 -47.046 8
2014 1 -45.111 -47.046 8
2013 1 -45.111 -47.046 8
2012 1 -45.111 -47.046 8
2011 1 -45.111 -47.046 8
2000 1 -35.046 -41.058 8
1999 1 -35.046 -41.058 8
807 1 18.03 -78.595 8
1492 1 53.827 -57.684 8
1979 1 50.903 -35.571 8
1981 1 50.903 -35.571 8
1043 1 48.517 -21.79 8
1358 1 52.307 -15.839 8
1363 1 52.307 -15.839 8
1364 1 52.307 -15.839 8
1372 1 52.307 -15.839 8
1159 1 55.164 -13.739 8
1962 1 49.457 4.272 8
1963 1 49.457 4.272 8
1964 1 49.457 4.272 8
1965 1 49.457 4.272 8
1966 1 49.457 4.272 8
1967 1 49.457 4.272 8
1968 1 49.457 4.272 8
1969 1 49.457 4.272 8
1970 1 49.457 4.272 8
1972 1 49.457 4.272 8
1973 1 49.457 4.272 8
1974 1 49.457 4.272 8
1904 1 15.967 -1.685 8
1905 1 15.967 -1.685 8
1906 1 15.967 -1.685 8
1907 1 15.967 -1.685 8
1908 1 15.967 -1.685 8
1909 1 15.967 -1.685 8
1911 1 15.967 -1.685 8
1912 1 15.967 -1.685 8
1913 1 15.967 -1.685 8
1914 1 15.967 -1.685 8
1916 1 15.967 -1.685 8
1917 1 15.967 -1.685 8
1918 1 15.967 -1.685 8
1919 1 15.967 -1.685 8
1920 1 15.967 -1.685 8
1921 1 15.967 -1.685 8
1922 1 15.967 -1.685 8
1923 1 15.967 -1.685 8
1924 1 15.967 -1.685 8
900 1 -6.427 -0.11 8
1296 1 -24.762 -38.818 8
2153 1 -25.043 -27.826 8
2152 1 -25.043 -27.826 8
2151 1 -25.043 -27.826 8
2150 1 -25.043 -27.826 8
2149 1 -25.043 -27.826 8
2148 1 -25.043 -27.826 8
2147 1 -25.043 -27.826 8
2146 1 -25.043 -27.826 8
2145 1 -25.043 -27.826 8
2144 1 -25.043 -27.826 8
2143 1 -25.043 -27.826 8
2142 1 -25.043 -27.826 8
2141 1 -25.043 -27.826 8
2140 1 -25.043 -27.826 8
2139 1 -25.043 -27.826 8
2138 1 -25.043 -27.826 8
2137 1 -25.043 -27.826 8
2136 1 -25.043 -27.826 8
2135 1 -25.043 -27.826 8
2134 1 -25.043 -27.826 8
2133 1 -25.043 -27.826 8
2132 1 -25.043 -27.826 8
1649 1 -25.195 -27.411 8
872 1 -31.152 -26.05 8
871 1 -31.152 -26.05 8
869 1 -31.152 -26.05 8
867 1 -31.152 -26.05 8
866 1 -31.152 -26.05 8
865 1 -31.152 -26.05 8
864 1 -31.152 -26.05 8
863 1 -31.152 -26.05 8
862 1 -31.152 -26.05 8
861 1 -31.152 -26.05 8
859 1 -31.152 -26.05 8
858 1 -31.152 -26.05 8
857 1 -31.152 -26.05 8
856 1 -31.152 -26.05 8
855 1 -31.152 -26.05 8
854 1 -31.152 -26.05 8
852 1 -31.152 -26.05 8
851 1 -31.152 -26.05 8
850 1 -31.152 -26.05 8
849 1 -31.152 -26.05 8
848 1 -31.152 -26.05 8
1448 1 -28.217 -22.821 8
1447 1 -28.217 -22.821 8
1446 1 -28.217 -22.821 8
1445 1 -28.217 -22.821 8
1444 1 -28.217 -22.821 8
1443 1 -28.217 -22.821 8
1442 1 -28.217 -22.821 8
1441 1 -28.217 -22.821 8
1440 1 -28.217 -22.821 8
1439 1 -28.217 -22.821 8
1200 1 -27.142 -20.642 8
1199 1 -27.142 -20.642 8
-1 0 -16.492 -3.464 D
13843 16 16.0 242.4856414794922 20 500 18
0 0 -16.492 -3.464 D
1247 1 -30.286 13.867 16
1680 1 -21.204 0.543 16
1349 1 -12.732 0.867 16
1266 1 -13.867 11.676 16
1261 1 -13.867 11.676 16
1260 1 -13.867 11.676 16
1927 1 -21.399 17.31 16
1925 1 -21.399 17.31 16
1501 1 -38.147 45.514 16
1818 1 -20.331 30.322 16
1715 1 -11.267 30.835 16
1708 1 -11.267 30.835 16
903 1 -15.253 24.371 16
1001 1 -7.233 11.523 16
1604 1 17.706 6.879 16
1835 1 31.201 4.633 16
-1 0 -16.492 -3.464 D
13844 16 35.0 178.6058807373047 40 500 37
0 0 -16.492 -3.464 D
2078 1 -59.43 63.312 16
2077 1 -59.43 63.312 16
2076 1 -59.43 63.312 16
2075 1 -59.43 63.312 16
2074 1 -59.43 63.312 16
2094 1 -59.43 63.312 16
2093 1 -59.43 63.312 16
2092 1 -59.43 63.312 16
2091 1 -59.43 63.312 16
2090 1 -59.43 63.312 16
2089 1 -59.43 63.312 16
2088 1 -59.43 63.312 16
2087 1 -59.43 63.312 16
2086 1 -59.43 63.312 16
2085 1 -59.43 63.312 16
2084 1 -59.43 63.312 16
2083 1 -59.43 63.312 16
2082 1 -59.43 63.312 16
2081 1 -59.43 63.312 16
2080 1 -59.43 63.312 16
2079 1 -59.43 63.312 16
1220 1 -61.267 36.121 16
1211 1 -61.267 36.121 16
1210 1 -61.267 36.121 16
1208 1 -61.267 36.121 16
1205 1 -61.267 36.121 16
1665 1 -65.485 28.015 16
1798 1 -59.54 13.391 16
1793 1 -59.54 13.391 16
2225 1 -26.343 -3.369 16
2224 1 -26.343 -3.369 16
2223 1 -26.343 -3.369 16
2222 1 -26.343 -3.369 16
2221 1 -26.343 -3.369 16
2220 1 -26.343 -3.369 16
-1 0 -16.492 -3.464 D
13845 16 57.0 90.33021545410156 60 500 59
0 0 -16.492 -3.464 D
2521 1 -32.544 -7.013 16
2520 1 -32.544 -7.013 16
2519 1 -32.544 -7.013 16
2518 1 -32.544 -7.013 16
2517 1 -32.544 -7.013 16
2516 1 -32.544 -7.013 16
2515 1 -32.544 -7.013 16
2514 1 -32.544 -7.013 16
2513 1 -32.544 -7.013 16
2512 1 -32.544 -7.013 16
2511 1 -32.544 -7.013 16
2510 1 -32.544 -7.013 16
2509 1 -32.544 -7.013 16
2508 1 -32.544 -7.013 16
2507 1 -32.544 -7.013 16
2506 1 -32.544 -7.013 16
2505 1 -32.544 -7.013 16
2504 1 -32.544 -7.013 16
2503 1 -32.544 -7.013 16
2502 1 -32.544 -7.013 16
2501 1 -32.544 -7.013 16
2500 1 -32.544 -7.013 16
2499 1 -32.544 -7.013 16
2563 1 -33.698 -13.562 16
2562 1 -33.698 -13.562 16
2561 1 -33.698 -13.562 16
2560 1 -33.698 -13.562 16
2559 1 -33.698 -13.562 16
2558 1 -33.698 -13.562 16
2557 1 -33.698 -13.562 16
2556 1 -33.698 -13.562 16
2555 1 -33.698 -13.562 16
2554 1 -33.698 -13.562 16
2553 1 -33.698 -13.562 16
2552 1 -33.698 -13.562 16
2551 1 -33.698 -13.562 16
2550 1 -33.698 -13.562 16
2549 1 -33.698 -13.562 16
2548 1 -33.698 -13.562 16
2547 1 -33.698 -13.562 16
2546 1 -33.698 -13.562 16
2545 1 -33.698 -13.562 16
2544 1 -33.698 -13.562 16
2543 1 -33.698 -13.562 16
2542 1 -33.698 -13.562 16
2541 1 -33.698 -13.562 16
2122 1 -50.226 -26.874 16
2121 1 -50.226 -26.874 16
2120 1 -50.226 -26.874 16
2119 1 -50.226 -26.874 16
2118 1 -50.226 -26.874 16
2117 1 -50.226 -26.874 16
2116 1 -50.226 -26.874 16
2115 1 -50.226 -26.874 16
2114 1 -50.226 -26.874 16
2113 1 -50.226 -26.874 16
853 1 -31.152 -26.05 16
-1 0 -16.492 -3.464 D
13846 32 36.0 491.0352783203125 40 500 38
0 0 -16.492 -3.464 D
1915 1 15.967 -1.685 32
1910 1 15.967 -1.685 32
1224 1 47.595 -30.164 32
825 1 56.567 -43.518 32
1468 1 69.635 -14.581 32
1838 1 31.201 4.633 32
1971 1 49.457 4.272 32
1173 1 80.884 53.357 32
762 1 14.392 29.437 32
759 1 14.392 29.437 32
2236 1 -1.074 31.531 32
2235 1 -1.074 31.531 32
2234 1 -1.074 31.531 32
2233 1 -1.074 31.531 32
2232 1 -1.074 31.531 32
2231 1 -1.074 31.531 32
2230 1 -1.074 31.531 32
2229 1 -1.074 31.531 32
2228 1 -1.074 31.531 32
2227 1 -1.074 31.531 32
2226 1 -1.074 31.531 32
2274 1 -56.757 71.478 32
2273 1 -56.757 71.478 32
2272 1 -56.757 71.478 32
2271 1 -56.757 71.478 32
2270 1 -56.757 71.478 32
2269 1 -56.757 71.478 32
2268 1 -56.757 71.478 32
2267 1 -56.757 71.478 32
1500 1 -38.147 45.514 32
918 1 -15.253 24.371 32
909 1 -15.253 24.371 32
906 1 -15.253 24.371 32
1937 1 -21.399 17.31 32
1936 1 -21.399 17.31 32
1929 1 -21.399 17.31 32
-1 0 -16.492 -3.464 D
13848 32 113.0 479.5367126464844 120 500 115
0 0 -16.492 -3.464 D
1022 1 -42.401 -1.758 32
2474 1 -39.801 16.296 32
2475 1 -39.801 16.296 32
2476 1 -39.801 16.296 32
2477 1 -39.801 16.296 32
2478 1 -39.801 16.296 32
2479 1 -39.801 16.296 32
2480 1 -39.801 16.296 32
2481 1 -39.801 16.296 32
2482 1 -39.801 16.296 32
2483 1 -39.801 16.296 32
2484 1 -39.801 16.296 32
2485 1 -39.801 16.296 32
2486 1 -39.801 16.296 32
2487 1 -39.801 16.296 32
2488 1 -39.801 16.296 32
2489 1 -39.801 16.296 32
2490 1 -39.801 16.296 32
2491 1 -39.801 16.296 32
2492 1 -39.801 16.296 32
1785 1 -59.54 13.391 32
778 1 -68.439 0.317 32
1299 1 -49.243 -4.987 32
2067 1 -52.228 -12.25 32
2068 1 -52.228 -12.25 32
2069 1 -52.228 -12.25 32
2070 1 -52.228 -12.25 32
2071 1 -52.228 -12.25 32
2072 1 -52.228 -12.25 32
2073 1 -52.228 -12.25 32
1277 1 -83.142 -31.775 32
1284 1 -83.142 -31.775 32
1285 1 -83.142 -31.775 32
2196 1 -84.845 5.481 32
2197 1 -84.845 5.481 32
2198 1 -84.845 5.481 32
2199 1 -84.845 5.481 32
2200 1 -84.845 5.481 32
2201 1 -84.845 5.481 32
2202 1 -84.845 5.481 32
2203 1 -84.845 5.481 32
2204 1 -84.845 5.481 32
2205 1 -84.845 5.481 32
2206 1 -84.845 5.481 32
2207 1 -84.845 5.481 32
2208 1 -84.845 5.481 32
2209 1 -84.845 5.481 32
2210 1 -84.845 5.481 32
2211 1 -84.845 5.481 32
2212 1 -84.845 5.481 32
2213 1 -84.845 5.481 32
2214 1 -84.845 5.481 32
2215 1 -84.845 5.481 32
2216 1 -84.845 5.481 32
2217 1 -84.845 5.481 32
2218 1 -84.845 5.481 32
2219 1 -84.845 5.481 32
2275 1 -67.432 18.28 32
2276 1 -67.432 18.28 32
2277 1 -67.432 18.28 32
2278 1 -67.432 18.28 32
2279 1 -67.432 18.28 32
2280 1 -67.432 18.28 32
2281 1 -67.432 18.28 32
2282 1 -67.432 18.28 32
2283 1 -67.432 18.28 32
2284 1 -67.432 18.28 32
2285 1 -67.432 18.28 32
1207 1 -61.267 36.121 32
1209 1 -61.267 36.121 32
1219 1 -61.267 36.121 32
1246 1 -30.286 13.867 32
1251 1 -30.286 13.867 32
1348 1 -12.732 0.867 32
2498 1 15.009 1.154 32
2497 1 15.009 1.154 32
2496 1 15.009 1.154 32
2495 1 15.009 1.154 32
2494 1 15.009 1.154 32
2493 1 15.009 1.154 32
1313 1 23.291 -28.381 32
1347 1 13.489 -32.697 32
1346 1 13.489 -32.697 32
1342 1 13.489 -32.697 32
1337 1 13.489 -32.697 32
1418 1 -13.33 -37.268 32
694 1 -21.899 -33.807 32
1754 1 -37.109 -56.323 32
1753 1 -37.109 -56.323 32
1752 1 -37.109 -56.323 32
1901 1 -35.95 -43.951 32
1897 1 -35.95 -43.951 32
1888 1 -35.95 -43.951 32
2382 1 -35.083 -31.342 32
2383 1 -35.083 -31.342 32
2384 1 -35.083 -31.342 32
2385 1 -35.083 -31.342 32
2386 1 -35.083 -31.342 32
2394 1 -35.083 -31.342 32
2393 1 -35.083 -31.342 32
2392 1 -35.083 -31.342 32
2391 1 -35.083 -31.342 32
2390 1 -35.083 -31.342 32
2389 1 -35.083 -31.342 32
2388 1 -35.083 -31.342 32
2387 1 -35.083 -31.342 32
870 1 -31.152 -26.05 32
868 1 -31.152 -26.05 32
1123 1 -18.066 -18.64 32
1543 1 -12.811 -13.416 32
1541 1 -12.811 -13.416 32
1540 1 -12.811 -13.416 32
1530 1 -12.811 -13.416 32
-1 0 -16.492 -3.464 D
13849 1 19.0 143.71490478515625 20 500 21
0 0 -16.492 -3.464 D
1811 1 -7.849 11.029 1
1810 1 -7.849 11.029 1
1809 1 -7.849 11.029 1
1807 1 -7.849 11.029 1
1806 1 -7.849 11.029 1
1805 1 -7.849 11.029 1
1802 1 -7.849 11.029 1
1800 1 -7.849 11.029 1
1799 1 -7.849 11.029 1
206 1 -2.496 20.929 1
205 1 -2.496 20.929 1
202 1 -2.496 20.929 1
200 1 -2.496 20.929 1
199 1 -2.496 20.929 1
192 1 -2.496 20.929 1
191 1 -2.496 20.929 1
189 1 -2.496 20.929 1
188 1 -2.496 20.929 1
588 1 13.525 61.719 1
-1 0 -16.492 -3.464 D
13850 1 19.0 151.31275939941406 20 500 21
0 0 -16.492 -3.464 D
511 1 0.842 61.102 1
510 1 0.842 61.102 1
508 1 0.842 61.102 1
507 1 0.842 61.102 1
506 1 0.842 61.102 1
505 1 0.842 61.102 1
503 1 0.842 61.102 1
500 1 0.842 61.102 1
610 1 13.525 61.719 1
609 1 13.525 61.719 1
608 1 13.525 61.719 1
603 1 13.525 61.719 1
602 1 13.525 61.719 1
601 1 13.525 61.719 1
600 1 13.525 61.719 1
596 1 13.525 61.719 1
593 1 13.525 61.719 1
592 1 13.525 61.719 1
589 1 13.525 61.719 1
-1 0 -16.492 -3.464 D
13851 1 19.0 192.87416076660156 20 500 21
0 0 -16.492 -3.464 D
1855 1 16.62 74.371 1
1853 1 16.62 74.371 1
1851 1 16.62 74.371 1
1850 1 16.62 74.371 1
1849 1 16.62 74.371 1
1848 1 16.62 74.371 1
1846 1 16.62 74.371 1
1844 1 16.62 74.371 1
487 1 4.944 76.404 1
1867 1 16.62 74.371 1
1866 1 16.62 74.371 1
1865 1 16.62 74.371 1
1863 1 16.62 74.371 1
1861 1 16.62 74.371 1
1860 1 16.62 74.371 1
1859 1 16.62 74.371 1
1858 1 16.62 74.371 1
1857 1 16.62 74.371 1
1856 1 16.62 74.371 1
-1 0 -16.492 -3.464 D
13852 1 19.0 165.8512420654297 20 500 21
0 0 -16.492 -3.464 D
1870 1 -15.234 5.42 1
1869 1 -15.234 5.42 1
1868 1 -15.234 5.42 1
1903 1 -12.073 23.749 1
822 1 -9.399 39.172 1
820 1 -9.399 39.172 1
818 1 -9.399 39.172 1
817 1 -9.399 39.172 1
816 1 -9.399 39.172 1
815 1 -9.399 39.172 1
814 1 -9.399 39.172 1
813 1 -9.399 39.172 1
812 1 -9.399 39.172 1
810 1 -9.399 39.172 1
809 1 -9.399 39.172 1
1095 1 -0.934 58.923 1
492 1 4.944 76.404 1
489 1 4.944 76.404 1
488 1 4.944 76.404 1
-1 0 -16.492 -3.464 D
13853 1 19.0 187.73886108398438 20 500 21
0 0 -16.492 -3.464 D
314 1 -9.985 90.167 1
313 1 -9.985 90.167 1
312 1 -9.985 90.167 1
311 1 -9.985 90.167 1
310 1 -9.985 90.167 1
308 1 -9.985 90.167 1
1885 1 -15.234 5.42 1
1884 1 -15.234 5.42 1
1883 1 -15.234 5.42 1
1882 1 -15.234 5.42 1
1881 1 -15.234 5.42 1
1880 1 -15.234 5.42 1
1879 1 -15.234 5.42 1
1878 1 -15.234 5.42 1
1877 1 -15.234 5.42 1
1876 1 -15.234 5.42 1
1874 1 -15.234 5.42 1
1873 1 -15.234 5.42 1
1872 1 -15.234 5.42 1
-1 0 -16.492 -3.464 D
13854 1 19.0 187.72593688964844 20 500 21
0 0 -16.492 -3.464 D
328 1 -9.985 90.167 1
327 1 -9.985 90.167 1
323 1 -9.985 90.167 1
321 1 -9.985 90.167 1
320 1 -9.985 90.167 1
316 1 -9.985 90.167 1
315 1 -9.985 90.167 1
915 1 -15.253 24.371 1
914 1 -15.253 24.371 1
913 1 -15.253 24.371 1
912 1 -15.253 24.371 1
911 1 -15.253 24.371 1
910 1 -15.253 24.371 1
908 1 -15.253 24.371 1
907 1 -15.253 24.371 1
905 1 -15.253 24.371 1
904 1 -15.253 24.371 1
902 1 -15.253 24.371 1
901 1 -15.253 24.371 1
-1 0 -16.492 -3.464 D
13855 1 19.0 209.73179626464844 20 500 21
0 0 -16.492 -3.464 D
290 1 -17.834 15.631 1
513 1 -16.553 22.748 1
921 1 -15.253 24.371 1
920 1 -15.253 24.371 1
919 1 -15.253 24.371 1
917 1 -15.253 24.371 1
916 1 -15.253 24.371 1
362 1 -16.15 39.722 1
361 1 -16.15 39.722 1
359 1 -16.15 39.722 1
76 1 -18.182 91.876 1
74 1 -18.182 91.876 1
66 1 -18.182 91.876 1
499 1 -18.207 97.51 1
498 1 -18.207 97.51 1
497 1 -18.207 97.51 1
65 1 -33.582 77.936 1
64 1 -33.582 77.936 1
1926 1 -21.399 17.31 1
-1 0 -16.492 -3.464 D
13856 1 19.0 42.920841217041016 20 500 21
0 0 -16.492 -3.464 D
1935 1 -21.399 17.31 1
1934 1 -21.399 17.31 1
1933 1 -21.399 17.31 1
1932 1 -21.399 17.31 1
1931 1 -21.399 17.31 1
1930 1 -21.399 17.31 1
1928 1 -21.399 17.31 1
186 1 -21.246 10.272 1
184 1 -21.246 10.272 1
183 1 -21.246 10.272 1
181 1 -21.246 10.272 1
180 1 -21.246 10.272 1
285 1 -19.623 5.505 1
283 1 -19.623 5.505 1
279 1 -19.623 5.505 1
278 1 -19.623 5.505 1
277 1 -19.623 5.505 1
276 1 -19.623 5.505 1
275 1 -19.623 5.505 1
-1 0 -16.492 -3.464 D
13857 1 19.0 116.27445220947266 20 500 21
0 0 -16.492 -3.464 D
1498 1 -38.147 45.514 1
1497 1 -38.147 45.514 1
1197 1 -39.069 50.055 1
1195 1 -39.069 50.055 1
1194 1 -39.069 50.055 1
1193 1 -39.069 50.055 1
1192 1 -39.069 50.055 1
1191 1 -39.069 50.055 1
1190 1 -39.069 50.055 1
1189 1 -39.069 50.055 1
1188 1 -39.069 50.055 1
1187 1 -39.069 50.055 1
1186 1 -39.069 50.055 1
1185 1 -39.069 50.055 1
1184 1 -39.069 50.055 1
1182 1 -39.069 50.055 1
1181 1 -39.069 50.055 1
1094 1 -27.094 22.418 1
1093 1 -27.094 22.418 1
-1 0 -16.492 -3.464 D
13858 1 19.0 108.77767944335938 20 500 21
0 0 -16.492 -3.464 D
874 1 -28.882 16.229 1
55 1 -39.685 38.171 1
54 1 -39.685 38.171 1
53 1 -39.685 38.171 1
52 1 -39.685 38.171 1
51 1 -39.685 38.171 1
50 1 -39.685 38.171 1
49 1 -39.685 38.171 1
48 1 -39.685 38.171 1
46 1 -39.685 38.171 1
45 1 -39.685 38.171 1
44 1 -39.685 38.171 1
1507 1 -38.147 45.514 1
1506 1 -38.147 45.514 1
1505 1 -38.147 45.514 1
1504 1 -38.147 45.514 1
1503 1 -38.147 45.514 1
1502 1 -38.147 45.514 1
1499 1 -38.147 45.514 1
-1 0 -16.492 -3.464 D
13859 1 19.0 52.109375 20 500 21
0 0 -16.492 -3.464 D
1701 1 -33.026 14.313 1
1700 1 -33.026 14.313 1
1699 1 -33.026 14.313 1
1698 1 -33.026 14.313 1
1697 1 -33.026 14.313 1
1695 1 -33.026 14.313 1
1694 1 -33.026 14.313 1
1693 1 -33.026 14.313 1
1692 1 -33.026 14.313 1
1691 1 -33.026 14.313 1
889 1 -28.882 16.229 1
888 1 -28.882 16.229 1
887 1 -28.882 16.229 1
883 1 -28.882 16.229 1
882 1 -28.882 16.229 1
881 1 -28.882 16.229 1
879 1 -28.882 16.229 1
877 1 -28.882 16.229 1
876 1 -28.882 16.229 1
-1 0 -16.492 -3.464 D
13860 1 19.0 163.63916015625 20 500 21
0 0 -16.492 -3.464 D
439 1 -65.106 61.945 1
437 1 -65.106 61.945 1
435 1 -65.106 61.945 1
2243 1 -52.881 37.372 1
2242 1 -52.881 37.372 1
2241 1 -52.881 37.372 1
2240 1 -52.881 37.372 1
2239 1 -52.881 37.372 1
2238 1 -52.881 37.372 1
2237 1 -52.881 37.372 1
2252 1 -52.881 37.372 1
2251 1 -52.881 37.372 1
2250 1 -52.881 37.372 1
2249 1 -52.881 37.372 1
2248 1 -52.881 37.372 1
2247 1 -52.881 37.372 1
2246 1 -52.881 37.372 1
2245 1 -52.881 37.372 1
2244 1 -52.881 37.372 1
-1 0 -16.492 -3.464 D
13861 1 19.0 172.02194213867188 20 500 21
0 0 -16.492 -3.464 D
622 1 -55.634 33.759 1
621 1 -55.634 33.759 1
620 1 -55.634 33.759 1
619 1 -55.634 33.759 1
614 1 -55.634 33.759 1
613 1 -55.634 33.759 1
611 1 -55.634 33.759 1
539 1 -75.25 59.186 1
536 1 -75.25 59.186 1
535 1 -75.25 59.186 1
531 1 -75.25 59.186 1
529 1 -75.25 59.186 1
528 1 -75.25 59.186 1
526 1 -75.25 59.186 1
525 1 -75.25 59.186 1
524 1 -75.25 59.186 1
523 1 -75.25 59.186 1
522 1 -75.25 59.186 1
521 1 -75.25 59.186 1
-1 0 -16.492 -3.464 D
13862 1 19.0 143.09376525878906 20 500 21
0 0 -16.492 -3.464 D
623 1 -55.634 33.759 1
1415 1 -67.34 43.512 1
1414 1 -67.34 43.512 1
1413 1 -67.34 43.512 1
1412 1 -67.34 43.512 1
1411 1 -67.34 43.512 1
1410 1 -67.34 43.512 1
1409 1 -67.34 43.512 1
1408 1 -67.34 43.512 1
1407 1 -67.34 43.512 1
1406 1 -67.34 43.512 1
1405 1 -67.34 43.512 1
1663 1 -65.485 28.015 1
1662 1 -65.485 28.015 1
1661 1 -65.485 28.015 1
1660 1 -65.485 28.015 1
1659 1 -65.485 28.015 1
1658 1 -65.485 28.015 1
1657 1 -65.485 28.015 1
-1 0 -16.492 -3.464 D
13863 1 19.0 177.146240234375 20 500 21
0 0 -16.492 -3.464 D
1843 1 -57.208 10.315 1
177 1 -95.233 35.046 1
176 1 -95.233 35.046 1
175 1 -95.233 35.046 1
174 1 -95.233 35.046 1
173 1 -95.233 35.046 1
166 1 -95.233 35.046 1
163 1 -95.233 35.046 1
161 1 -95.233 35.046 1
1674 1 -65.485 28.015 1
1673 1 -65.485 28.015 1
1672 1 -65.485 28.015 1
1671 1 -65.485 28.015 1
1670 1 -65.485 28.015 1
1669 1 -65.485 28.015 1
1668 1 -65.485 28.015 1
1667 1 -65.485 28.015 1
1666 1 -65.485 28.015 1
1664 1 -65.485 28.015 1
-1 0 -16.492 -3.464 D
13864 2 39.0 159.75021362304688 40 500 41
0 0 -16.492 -3.464 D
367 1 -43.341 4.871 2
366 1 -43.341 4.871 2
364 1 -43.341 4.871 2
1438 1 -49.384 10.876 2
1437 1 -49.384 10.876 2
1433 1 -49.384 10.876 2
1431 1 -49.384 10.876 2
1427 1 -49.384 10.876 2
1425 1 -49.384 10.876 2
419 1 -60.577 9.521 2
417 1 -60.577 9.521 2
414 1 -60.577 9.521 2
413 1 -60.577 9.521 2
411 1 -60.577 9.521 2
1737 1 -92.688 15.833 2
1736 1 -92.688 15.833 2
1735 1 -92.688 15.833 2
1734 1 -92.688 15.833 2
1733 1 -92.688 15.833 2
1730 1 -92.688 15.833 2
1729 1 -92.688 15.833 2
1728 1 -92.688 15.833 2
1727 1 -92.688 15.833 2
1725 1 -92.688 15.833 2
1724 1 -92.688 15.833 2
1723 1 -92.688 15.833 2
1722 1 -92.688 15.833 2
38 1 -52.576 2.002 2
34 1 -52.576 2.002 2
33 1 -52.576 2.002 2
30 1 -52.576 2.002 2
354 1 -41.888 2.106 2
350 1 -41.888 2.106 2
349 1 -41.888 2.106 2
344 1 -41.888 2.106 2
343 1 -41.888 2.106 2
342 1 -41.888 2.106 2
341 1 -41.888 2.106 2
333 1 -41.888 2.106 2
-1 0 -16.492 -3.464 D
13865 1 19.0 92.4601821899414 20 500 21
0 0 -16.492 -3.464 D
1777 1 -59.54 13.391 1
1797 1 -59.54 13.391 1
1796 1 -59.54 13.391 1
1795 1 -59.54 13.391 1
1794 1 -59.54 13.391 1
1792 1 -59.54 13.391 1
1791 1 -59.54 13.391 1
1790 1 -59.54 13.391 1
1789 1 -59.54 13.391 1
1788 1 -59.54 13.391 1
1787 1 -59.54 13.391 1
1786 1 -59.54 13.391 1
1784 1 -59.54 13.391 1
1783 1 -59.54 13.391 1
1782 1 -59.54 13.391 1
1781 1 -59.54 13.391 1
1780 1 -59.54 13.391 1
1779 1 -59.54 13.391 1
1778 1 -59.54 13.391 1
-1 0 -16.492 -3.464 D
13866 1 19.0 92.07112884521484 20 500 21
0 0 -16.492 -3.464 D
348 1 -41.888 2.106 1
347 1 -41.888 2.106 1
345 1 -41.888 2.106 1
340 1 -41.888 2.106 1
339 1 -41.888 2.106 1
337 1 -41.888 2.106 1
336 1 -41.888 2.106 1
334 1 -41.888 2.106 1
420 1 -60.577 9.521 1
418 1 -60.577 9.521 1
416 1 -60.577 9.521 1
415 1 -60.577 9.521 1
412 1 -60.577 9.521 1
410 1 -60.577 9.521 1
409 1 -60.577 9.521 1
369 1 -43.341 4.871 1
368 1 -43.341 4.871 1
365 1 -43.341 4.871 1
363 1 -43.341 4.871 1
-1 0 -16.492 -3.464 D
13867 1 19.0 114.90059661865234 20 500 21
0 0 -16.492 -3.464 D
43 1 -52.576 2.002 1
42 1 -52.576 2.002 1
41 1 -52.576 2.002 1
40 1 -52.576 2.002 1
36 1 -52.576 2.002 1
35 1 -52.576 2.002 1
29 1 -52.576 2.002 1
28 1 -52.576 2.002 1
128 1 -73.322 4.419 1
126 1 -73.322 4.419 1
122 1 -73.322 4.419 1
121 1 -73.322 4.419 1
120 1 -73.322 4.419 1
119 1 -73.322 4.419 1
118 1 -73.322 4.419 1
114 1 -73.322 4.419 1
113 1 -73.322 4.419 1
111 1 -73.322 4.419 1
352 1 -41.888 2.106 1
-1 0 -16.492 -3.464 D
13868 2 39.0 124.12152099609375 40 500 41
0 0 -16.492 -3.464 D
1071 1 -51.636 -4.407 2
1070 1 -51.636 -4.407 2
564 1 -58.881 -1.428 2
563 1 -58.881 -1.428 2
559 1 -58.881 -1.428 2
554 1 -58.881 -1.428 2
552 1 -58.881 -1.428 2
549 1 -58.881 -1.428 2
546 1 -58.881 -1.428 2
2473 1 -77.509 2.087 2
2472 1 -77.509 2.087 2
2471 1 -77.509 2.087 2
2470 1 -77.509 2.087 2
2469 1 -77.509 2.087 2
2468 1 -77.509 2.087 2
2467 1 -77.509 2.087 2
2466 1 -77.509 2.087 2
2465 1 -77.509 2.087 2
2464 1 -77.509 2.087 2
2463 1 -77.509 2.087 2
2462 1 -77.509 2.087 2
2461 1 -77.509 2.087 2
2460 1 -77.509 2.087 2
2459 1 -77.509 2.087 2
2458 1 -77.509 2.087 2
2457 1 -77.509 2.087 2
2456 1 -77.509 2.087 2
2455 1 -77.509 2.087 2
2454 1 -77.509 2.087 2
134 1 -73.322 4.419 2
133 1 -73.322 4.419 2
132 1 -73.322 4.419 2
131 1 -73.322 4.419 2
127 1 -73.322 4.419 2
125 1 -73.322 4.419 2
123 1 -73.322 4.419 2
117 1 -73.322 4.419 2
115 1 -73.322 4.419 2
39 1 -52.576 2.002 2
-1 0 -16.492 -3.464 D
13869 1 19.0 168.53314208984375 20 500 21
0 0 -16.492 -3.464 D
1281 1 -83.142 -31.775 1
1280 1 -83.142 -31.775 1
1279 1 -83.142 -31.775 1
1278 1 -83.142 -31.775 1
1276 1 -83.142 -31.775 1
1275 1 -83.142 -31.775 1
1274 1 -83.142 -31.775 1
1273 1 -83.142 -31.775 1
1272 1 -83.142 -31.775 1
1271 1 -83.142 -31.775 1
1270 1 -83.142 -31.775 1
1269 1 -83.142 -31.775 1
1268 1 -83.142 -31.775 1
1267 1 -83.142 -31.775 1
135 1 -73.322 4.419 1
130 1 -73.322 4.419 1
129 1 -73.322 4.419 1
2180 1 -59.369 -2.856 1
2179 1 -59.369 -2.856 1
-1 0 -16.492 -3.464 D
13870 1 19.0 133.1622314453125 20 500 21
0 0 -16.492 -3.464 D
1558 1 -48.834 -10.089 1
1557 1 -48.834 -10.089 1
1556 1 -48.834 -10.089 1
1553 1 -48.834 -10.089 1
1552 1 -48.834 -10.089 1
1551 1 -48.834 -10.089 1
847 1 -82.501 -6.323 1
844 1 -82.501 -6.323 1
843 1 -82.501 -6.323 1
841 1 -82.501 -6.323 1
840 1 -82.501 -6.323 1
839 1 -82.501 -6.323 1
838 1 -82.501 -6.323 1
837 1 -82.501 -6.323 1
836 1 -82.501 -6.323 1
835 1 -82.501 -6.323 1
2183 1 -59.369 -2.856 1
2182 1 -59.369 -2.856 1
2181 1 -59.369 -2.856 1
-1 0 -16.492 -3.464 D
13871 2 39.0 103.28170776367188 40 500 41
0 0 -16.492 -3.464 D
2537 1 -42.01 -12.531 2
2536 1 -42.01 -12.531 2
2535 1 -42.01 -12.531 2
2534 1 -42.01 -12.531 2
2533 1 -42.01 -12.531 2
2532 1 -42.01 -12.531 2
2531 1 -42.01 -12.531 2
2530 1 -42.01 -12.531 2
2529 1 -42.01 -12.531 2
2528 1 -42.01 -12.531 2
2527 1 -42.01 -12.531 2
2526 1 -42.01 -12.531 2
2525 1 -42.01 -12.531 2
2524 1 -42.01 -12.531 2
2523 1 -42.01 -12.531 2
2522 1 -42.01 -12.531 2
1555 1 -48.834 -10.089 2
2636 1 -64.221 -16.107 2
2635 1 -64.221 -16.107 2
2634 1 -64.221 -16.107 2
1404 1 -62.585 -13.684 2
1403 1 -62.585 -13.684 2
1402 1 -62.585 -13.684 2
1401 1 -62.585 -13.684 2
1398 1 -62.585 -13.684 2
1396 1 -62.585 -13.684 2
1394 1 -62.585 -13.684 2
1393 1 -62.585 -13.684 2
1084 1 -51.636 -4.407 2
1083 1 -51.636 -4.407 2
1081 1 -51.636 -4.407 2
1080 1 -51.636 -4.407 2
1078 1 -51.636 -4.407 2
1077 1 -51.636 -4.407 2
1076 1 -51.636 -4.407 2
1075 1 -51.636 -4.407 2
1074 1 -51.636 -4.407 2
1073 1 -51.636 -4.407 2
1072 1 -51.636 -4.407 2
-1 0 -16.492 -3.464 D
13872 1 19.0 88.71623992919922 20 500 21
0 0 -16.492 -3.464 D
567 1 -58.881 -1.428 1
565 1 -58.881 -1.428 1
562 1 -58.881 -1.428 1
561 1 -58.881 -1.428 1
558 1 -58.881 -1.428 1
557 1 -58.881 -1.428 1
555 1 -58.881 -1.428 1
553 1 -58.881 -1.428 1
551 1 -58.881 -1.428 1
550 1 -58.881 -1.428 1
548 1 -58.881 -1.428 1
547 1 -58.881 -1.428 1
545 1 -58.881 -1.428 1
543 1 -58.881 -1.428 1
1565 1 -48.834 -10.089 1
1564 1 -48.834 -10.089 1
1562 1 -48.834 -10.089 1
1561 1 -48.834 -10.089 1
1560 1 -48.834 -10.089 1
-1 0 -16.492 -3.464 D
13873 2 39.0 153.48300170898438 40 500 41
0 0 -16.492 -3.464 D
641 1 -26.91 -12.115 2
639 1 -26.91 -12.115 2
638 1 -26.91 -12.115 2
1151 1 -26.819 -13.904 2
1147 1 -26.819 -13.904 2
1141 1 -26.819 -13.904 2
483 1 -25.5 -17.505 2
478 1 -25.5 -17.505 2
475 1 -25.5 -17.505 2
470 1 -25.5 -17.505 2
464 1 -25.5 -17.505 2
463 1 -25.5 -17.505 2
424 1 -28.363 -19.72 2
423 1 -28.363 -19.72 2
422 1 -28.363 -19.72 2
2341 1 -35.803 -34.259 2
2340 1 -35.803 -34.259 2
1068 1 -41.876 -41.919 2
1066 1 -41.876 -41.919 2
1064 1 -41.876 -41.919 2
1055 1 -41.876 -41.919 2
1050 1 -41.876 -41.919 2
1165 1 -62.299 -52.118 2
1164 1 -62.299 -52.118 2
1602 1 -66.73 -33.362 2
1601 1 -66.73 -33.362 2
1599 1 -66.73 -33.362 2
1597 1 -66.73 -33.362 2
1596 1 -66.73 -33.362 2
1595 1 -66.73 -33.362 2
1592 1 -66.73 -33.362 2
1590 1 -66.73 -33.362 2
332 1 -61.023 -35.034 2
331 1 -61.023 -35.034 2
330 1 -61.023 -35.034 2
329 1 -61.023 -35.034 2
2540 1 -42.01 -12.531 2
2539 1 -42.01 -12.531 2
2538 1 -42.01 -12.531 2
-1 0 -16.492 -3.464 D
13874 1 19.0 149.853759765625 20 500 21
0 0 -16.492 -3.464 D
1287 1 -83.142 -31.775 1
1286 1 -83.142 -31.775 1
1283 1 -83.142 -31.775 1
1282 1 -83.142 -31.775 1
421 1 -28.363 -19.72 1
1153 1 -26.819 -13.904 1
1152 1 -26.819 -13.904 1
1149 1 -26.819 -13.904 1
1148 1 -26.819 -13.904 1
1146 1 -26.819 -13.904 1
1145 1 -26.819 -13.904 1
1144 1 -26.819 -13.904 1
1143 1 -26.819 -13.904 1
1142 1 -26.819 -13.904 1
1140 1 -26.819 -13.904 1
1139 1 -26.819 -13.904 1
1138 1 -26.819 -13.904 1
637 1 -26.91 -12.115 1
636 1 -26.91 -12.115 1
-1 0 -16.492 -3.464 D
13875 1 19.0 92.15496063232422 20 500 21
0 0 -16.492 -3.464 D
1069 1 -41.876 -41.919 1
1067 1 -41.876 -41.919 1
1065 1 -41.876 -41.919 1
1063 1 -41.876 -41.919 1
1062 1 -41.876 -41.919 1
1061 1 -41.876 -41.919 1
1060 1 -41.876 -41.919 1
1059 1 -41.876 -41.919 1
1058 1 -41.876 -41.919 1
1057 1 -41.876 -41.919 1
1056 1 -41.876 -41.919 1
1054 1 -41.876 -41.919 1
1053 1 -41.876 -41.919 1
1051 1 -41.876 -41.919 1
1049 1 -41.876 -41.919 1
1048 1 -41.876 -41.919 1
1047 1 -41.876 -41.919 1
1046 1 -41.876 -41.919 1
1045 1 -41.876 -41.919 1
-1 0 -16.492 -3.464 D
13876 16 19.0 161.67599487304688 20 500 21
0 0 -16.492 -3.464 D
2650 1 36.279 -33.71 16
2649 1 36.279 -33.71 16
2648 1 36.279 -33.71 16
2647 1 36.279 -33.71 16
2646 1 36.279 -33.71 16
2645 1 36.279 -33.71 16
2644 1 36.279 -33.71 16
2643 1 36.279 -33.71 16
2642 1 36.279 -33.71 16
2641 1 36.279 -33.71 16
2640 1 36.279 -33.71 16
2639 1 36.279 -33.71 16
2638 1 36.279 -33.71 16
2637 1 36.279 -33.71 16
693 1 -21.899 -33.807 16
691 1 -21.899 -33.807 16
860 1 -31.152 -26.05 16
1449 1 -28.217 -22.821 16
1122 1 -18.066 -18.64 16
-1 0 -16.492 -3.464 D
13877 1 19.0 33.41374969482422 20 500 21
0 0 -16.492 -3.464 D
796 1 -22.394 -13.745 1
795 1 -22.394 -13.745 1
794 1 -22.394 -13.745 1
793 1 -22.394 -13.745 1
792 1 -22.394 -13.745 1
790 1 -22.394 -13.745 1
789 1 -22.394 -13.745 1
787 1 -22.394 -13.745 1
786 1 -22.394 -13.745 1
482 1 -25.5 -17.505 1
479 1 -25.5 -17.505 1
477 1 -25.5 -17.505 1
473 1 -25.5 -17.505 1
472 1 -25.5 -17.505 1
471 1 -25.5 -17.505 1
469 1 -25.5 -17.505 1
468 1 -25.5 -17.505 1
467 1 -25.5 -17.505 1
466 1 -25.5 -17.505 1
-1 0 -16.492 -3.464 D
13878 2 39.0 118.63531494140625 40 500 41
0 0 -16.492 -3.464 D
2002 1 -35.046 -41.058 2
2001 1 -35.046 -41.058 2
1998 1 -35.046 -41.058 2
1997 1 -35.046 -41.058 2
1996 1 -35.046 -41.058 2
1995 1 -35.046 -41.058 2
1994 1 -35.046 -41.058 2
1993 1 -35.046 -41.058 2
91 1 -45.154 -55.219 2
89 1 -45.154 -55.219 2
88 1 -45.154 -55.219 2
86 1 -45.154 -55.219 2
84 1 -45.154 -55.219 2
83 1 -45.154 -55.219 2
81 1 -45.154 -55.219 2
2364 1 -35.803 -34.259 2
2363 1 -35.803 -34.259 2
2362 1 -35.803 -34.259 2
2361 1 -35.803 -34.259 2
2360 1 -35.803 -34.259 2
2359 1 -35.803 -34.259 2
2358 1 -35.803 -34.259 2
2357 1 -35.803 -34.259 2
2356 1 -35.803 -34.259 2
2355 1 -35.803 -34.259 2
2354 1 -35.803 -34.259 2
2353 1 -35.803 -34.259 2
2352 1 -35.803 -34.259 2
2351 1 -35.803 -34.259 2
2350 1 -35.803 -34.259 2
2349 1 -35.803 -34.259 2
2348 1 -35.803 -34.259 2
2347 1 -35.803 -34.259 2
2346 1 -35.803 -34.259 2
2345 1 -35.803 -34.259 2
2344 1 -35.803 -34.259 2
2343 1 -35.803 -34.259 2
2342 1 -35.803 -34.259 2
791 1 -22.394 -13.745 2
-1 0 -16.492 -3.464 D
13879 1 19.0 79.61054229736328 20 500 21
0 0 -16.492 -3.464 D
742 1 -21.198 -42.328 1
741 1 -21.198 -42.328 1
739 1 -21.198 -42.328 1
738 1 -21.198 -42.328 1
737 1 -21.198 -42.328 1
736 1 -21.198 -42.328 1
734 1 -21.198 -42.328 1
732 1 -21.198 -42.328 1
731 1 -21.198 -42.328 1
729 1 -21.198 -42.328 1
727 1 -21.198 -42.328 1
726 1 -21.198 -42.328 1
725 1 -21.198 -42.328 1
724 1 -21.198 -42.328 1
802 1 -22.394 -13.745 1
800 1 -22.394 -13.745 1
799 1 -22.394 -13.745 1
798 1 -22.394 -13.745 1
797 1 -22.394 -13.745 1
-1 0 -16.492 -3.464 D
13880 2 39.0 143.27053833007812 40 500 41
0 0 -16.492 -3.464 D
587 1 -31.311 -35.522 2
585 1 -31.311 -35.522 2
583 1 -31.311 -35.522 2
579 1 -31.311 -35.522 2
2010 1 -35.046 -41.058 2
2009 1 -35.046 -41.058 2
2008 1 -35.046 -41.058 2
2007 1 -35.046 -41.058 2
2006 1 -35.046 -41.058 2
2005 1 -35.046 -41.058 2
2003 1 -35.046 -41.058 2
1633 1 -44.379 -64.172 2
1632 1 -44.379 -64.172 2
1631 1 -44.379 -64.172 2
1629 1 -44.379 -64.172 2
1628 1 -44.379 -64.172 2
1627 1 -44.379 -64.172 2
1626 1 -44.379 -64.172 2
1625 1 -44.379 -64.172 2
1624 1 -44.379 -64.172 2
1623 1 -44.379 -64.172 2
1620 1 -44.379 -64.172 2
1619 1 -44.379 -64.172 2
1618 1 -44.379 -64.172 2
1617 1 -44.379 -64.172 2
60 1 -19.183 -45.148 2
58 1 -19.183 -45.148 2
56 1 -19.183 -45.148 2
740 1 -21.198 -42.328 2
735 1 -21.198 -42.328 2
733 1 -21.198 -42.328 2
730 1 -21.198 -42.328 2
1298 1 -24.762 -38.818 2
1295 1 -24.762 -38.818 2
1294 1 -24.762 -38.818 2
1293 1 -24.762 -38.818 2
1291 1 -24.762 -38.818 2
1290 1 -24.762 -38.818 2
1288 1 -24.762 -38.818 2
-1 0 -16.492 -3.464 D
13881 1 19.0 114.10222625732422 20 500 21
0 0 -16.492 -3.464 D
586 1 -31.311 -35.522 1
582 1 -31.311 -35.522 1
580 1 -31.311 -35.522 1
1902 1 -35.95 -43.951 1
1900 1 -35.95 -43.951 1
1899 1 -35.95 -43.951 1
1898 1 -35.95 -43.951 1
1896 1 -35.95 -43.951 1
1748 1 -37.109 -56.323 1
1747 1 -37.109 -56.323 1
1746 1 -37.109 -56.323 1
1745 1 -37.109 -56.323 1
1744 1 -37.109 -56.323 1
1743 1 -37.109 -56.323 1
1742 1 -37.109 -56.323 1
1741 1 -37.109 -56.323 1
1740 1 -37.109 -56.323 1
1739 1 -37.109 -56.323 1
1738 1 -37.109 -56.323 1
-1 0 -16.492 -3.464 D
13882 1 19.0 146.22406005859375 20 500 21
0 0 -16.492 -3.464 D
745 1 -25.165 -53.003 1
743 1 -25.165 -53.003 1
2628 1 -28.18 -73.029 1
2627 1 -28.18 -73.029 1
2626 1 -28.18 -73.029 1
2625 1 -28.18 -73.029 1
2624 1 -28.18 -73.029 1
2623 1 -28.18 -73.029 1
2622 1 -28.18 -73.029 1
1761 1 -37.109 -56.323 1
1760 1 -37.109 -56.323 1
1759 1 -37.109 -56.323 1
1758 1 -37.109 -56.323 1
1757 1 -37.109 -56.323 1
1756 1 -37.109 -56.323 1
1755 1 -37.109 -56.323 1
1751 1 -37.109 -56.323 1
1750 1 -37.109 -56.323 1
1749 1 -37.109 -56.323 1
-1 0 -16.492 -3.464 D
13883 1 19.0 61.64197540283203 20 500 21
0 0 -16.492 -3.464 D
683 1 -21.899 -33.807 1
682 1 -21.899 -33.807 1
681 1 -21.899 -33.807 1
680 1 -21.899 -33.807 1
679 1 -21.899 -33.807 1
678 1 -21.899 -33.807 1
677 1 -21.899 -33.807 1
676 1 -21.899 -33.807 1
675 1 -21.899 -33.807 1
696 1 -21.899 -33.807 1
695 1 -21.899 -33.807 1
692 1 -21.899 -33.807 1
690 1 -21.899 -33.807 1
689 1 -21.899 -33.807 1
688 1 -21.899 -33.807 1
687 1 -21.899 -33.807 1
686 1 -21.899 -33.807 1
685 1 -21.899 -33.807 1
684 1 -21.899 -33.807 1
-1 0 -16.492 -3.464 D
13884 1 19.0 154.61248779296875 20 500 21
0 0 -16.492 -3.464 D
1895 1 -35.95 -43.951 1
1894 1 -35.95 -43.951 1
1893 1 -35.95 -43.951 1
1892 1 -35.95 -43.951 1
1891 1 -35.95 -43.951 1
1890 1 -35.95 -43.951 1
1889 1 -35.95 -43.951 1
1887 1 -35.95 -43.951 1
1886 1 -35.95 -43.951 1
92 1 -45.154 -55.219 1
90 1 -45.154 -55.219 1
87 1 -45.154 -55.219 1
85 1 -45.154 -55.219 1
82 1 -45.154 -55.219 1
2633 1 -28.18 -73.029 1
2632 1 -28.18 -73.029 1
2631 1 -28.18 -73.029 1
2630 1 -28.18 -73.029 1
2629 1 -28.18 -73.029 1
-1 0 -16.492 -3.464 D
13885 1 19.0 86.0617446899414 20 500 21
0 0 -16.492 -3.464 D
61 1 -19.183 -45.148 1
59 1 -19.183 -45.148 1
57 1 -19.183 -45.148 1
1417 1 -13.33 -37.268 1
1416 1 -13.33 -37.268 1
461 1 -13.0 -32.41 1
457 1 -13.0 -32.41 1
456 1 -13.0 -32.41 1
455 1 -13.0 -32.41 1
454 1 -13.0 -32.41 1
450 1 -13.0 -32.41 1
449 1 -13.0 -32.41 1
448 1 -13.0 -32.41 1
447 1 -13.0 -32.41 1
446 1 -13.0 -32.41 1
445 1 -13.0 -32.41 1
444 1 -13.0 -32.41 1
443 1 -13.0 -32.41 1
1527 1 -12.811 -13.416 1
-1 0 -16.492 -3.464 D
13886 2 39.0 167.98985290527344 40 500 41
0 0 -16.492 -3.464 D
1550 1 -12.811 -13.416 2
1539 1 -12.811 -13.416 2
1528 1 -12.811 -13.416 2
2583 1 -10.26 -19.104 2
2582 1 -10.26 -19.104 2
2581 1 -10.26 -19.104 2
2580 1 -10.26 -19.104 2
2579 1 -10.26 -19.104 2
2578 1 -10.26 -19.104 2
2577 1 -10.26 -19.104 2
2576 1 -10.26 -19.104 2
2575 1 -10.26 -19.104 2
2574 1 -10.26 -19.104 2
2573 1 -10.26 -19.104 2
2572 1 -10.26 -19.104 2
2571 1 -10.26 -19.104 2
2570 1 -10.26 -19.104 2
2569 1 -10.26 -19.104 2
2568 1 -10.26 -19.104 2
2567 1 -10.26 -19.104 2
2566 1 -10.26 -19.104 2
2565 1 -10.26 -19.104 2
2564 1 -10.26 -19.104 2
965 1 4.736 -42.163 2
233 1 10.425 -60.907 2
229 1 10.425 -60.907 2
228 1 10.425 -60.907 2
808 1 18.03 -78.595 2
806 1 18.03 -78.595 2
804 1 18.03 -78.595 2
803 1 18.03 -78.595 2
460 1 -13.0 -32.41 2
459 1 -13.0 -32.41 2
458 1 -13.0 -32.41 2
453 1 -13.0 -32.41 2
451 1 -13.0 -32.41 2
442 1 -13.0 -32.41 2
441 1 -13.0 -32.41 2
440 1 -13.0 -32.41 2
-1 0 -16.492 -3.464 D
13887 1 19.0 85.0954360961914 20 500 21
0 0 -16.492 -3.464 D
1327 1 13.489 -32.697 1
1326 1 13.489 -32.697 1
1325 1 13.489 -32.697 1
1549 1 -12.811 -13.416 1
1548 1 -12.811 -13.416 1
1547 1 -12.811 -13.416 1
1546 1 -12.811 -13.416 1
1545 1 -12.811 -13.416 1
1544 1 -12.811 -13.416 1
1542 1 -12.811 -13.416 1
1538 1 -12.811 -13.416 1
1537 1 -12.811 -13.416 1
1536 1 -12.811 -13.416 1
1535 1 -12.811 -13.416 1
1534 1 -12.811 -13.416 1
1533 1 -12.811 -13.416 1
1532 1 -12.811 -13.416 1
1531 1 -12.811 -13.416 1
1529 1 -12.811 -13.416 1
-1 0 -16.492 -3.464 D
13889 1 19.0 203.6431884765625 20 500 21
0 0 -16.492 -3.464 D
230 1 10.425 -60.907 1
227 1 10.425 -60.907 1
226 1 10.425 -60.907 1
758 1 45.514 -76.337 1
757 1 45.514 -76.337 1
756 1 45.514 -76.337 1
755 1 45.514 -76.337 1
754 1 45.514 -76.337 1
753 1 45.514 -76.337 1
751 1 45.514 -76.337 1
750 1 45.514 -76.337 1
749 1 45.514 -76.337 1
748 1 45.514 -76.337 1
747 1 45.514 -76.337 1
232 1 10.425 -60.907 1
231 1 10.425 -60.907 1
1018 1 -4.816 -24.194 1
1017 1 -4.816 -24.194 1
1016 1 -4.816 -24.194 1
-1 0 -16.492 -3.464 D
13890 2 39.0 240.95339965820312 40 500 41
0 0 -16.492 -3.464 D
1569 1 -8.636 -11.206 2
1567 1 -8.636 -11.206 2
1566 1 -8.636 -11.206 2
644 1 -4.797 -11.993 2
643 1 -4.797 -11.993 2
642 1 -4.797 -11.993 2
938 1 -1.385 -12.097 2
1339 1 13.489 -32.697 2
1328 1 13.489 -32.697 2
1950 1 22.137 -26.88 2
1943 1 22.137 -26.88 2
1938 1 22.137 -26.88 2
1316 1 23.291 -28.381 2
223 1 24.591 -37.866 2
219 1 24.591 -37.866 2
217 1 24.591 -37.866 2
215 1 24.591 -37.866 2
517 1 39.966 -39.844 2
2366 1 66.705 -49.902 2
2365 1 66.705 -49.902 2
752 1 45.514 -76.337 2
987 1 4.736 -42.163 2
986 1 4.736 -42.163 2
985 1 4.736 -42.163 2
984 1 4.736 -42.163 2
983 1 4.736 -42.163 2
981 1 4.736 -42.163 2
979 1 4.736 -42.163 2
978 1 4.736 -42.163 2
977 1 4.736 -42.163 2
976 1 4.736 -42.163 2
975 1 4.736 -42.163 2
974 1 4.736 -42.163 2
972 1 4.736 -42.163 2
970 1 4.736 -42.163 2
969 1 4.736 -42.163 2
968 1 4.736 -42.163 2
967 1 4.736 -42.163 2
966 1 4.736 -42.163 2
-1 0 -16.492 -3.464 D
13891 1 19.0 107.70491790771484 20 500 21
0 0 -16.492 -3.464 D
218 1 24.591 -37.866 1
216 1 24.591 -37.866 1
214 1 24.591 -37.866 1
213 1 24.591 -37.866 1
211 1 24.591 -37.866 1
1345 1 13.489 -32.697 1
1344 1 13.489 -32.697 1
1343 1 13.489 -32.697 1
1341 1 13.489 -32.697 1
1340 1 13.489 -32.697 1
1338 1 13.489 -32.697 1
1336 1 13.489 -32.697 1
1335 1 13.489 -32.697 1
1334 1 13.489 -32.697 1
1333 1 13.489 -32.697 1
1332 1 13.489 -32.697 1
1331 1 13.489 -32.697 1
1330 1 13.489 -32.697 1
1329 1 13.489 -32.697 1
-1 0 -16.492 -3.464 D
13892 1 19.0 140.01763916015625 20 500 21
0 0 -16.492 -3.464 D
225 1 24.591 -37.866 1
224 1 24.591 -37.866 1
222 1 24.591 -37.866 1
221 1 24.591 -37.866 1
518 1 39.966 -39.844 1
1939 1 22.137 -26.88 1
1324 1 23.291 -28.381 1
1323 1 23.291 -28.381 1
1322 1 23.291 -28.381 1
1321 1 23.291 -28.381 1
1320 1 23.291 -28.381 1
1319 1 23.291 -28.381 1
1318 1 23.291 -28.381 1
1317 1 23.291 -28.381 1
1315 1 23.291 -28.381 1
1314 1 23.291 -28.381 1
1312 1 23.291 -28.381 1
647 1 -4.797 -11.993 1
646 1 -4.797 -11.993 1
-1 0 -16.492 -3.464 D
13893 8 55.0 225.50027465820312 60 500 57
0 0 -16.492 -3.464 D
1006 1 -1.44 11.2 8
1005 1 -1.44 11.2 8
1003 1 -1.44 11.2 8
697 1 -2.039 14.075 8
2339 1 4.999 -16.595 8
2338 1 4.999 -16.595 8
2337 1 4.999 -16.595 8
2336 1 4.999 -16.595 8
2335 1 4.999 -16.595 8
2334 1 4.999 -16.595 8
1776 1 34.149 -23.962 8
1775 1 34.149 -23.962 8
1774 1 34.149 -23.962 8
1773 1 34.149 -23.962 8
1772 1 34.149 -23.962 8
1771 1 34.149 -23.962 8
1769 1 34.149 -23.962 8
1767 1 34.149 -23.962 8
1766 1 34.149 -23.962 8
1764 1 34.149 -23.962 8
1763 1 34.149 -23.962 8
1239 1 47.595 -30.164 8
1238 1 47.595 -30.164 8
1236 1 47.595 -30.164 8
1235 1 47.595 -30.164 8
1233 1 47.595 -30.164 8
1232 1 47.595 -30.164 8
1231 1 47.595 -30.164 8
1230 1 47.595 -30.164 8
1229 1 47.595 -30.164 8
1228 1 47.595 -30.164 8
1469 1 69.635 -14.581 8
1467 1 69.635 -14.581 8
1466 1 69.635 -14.581 8
1464 1 69.635 -14.581 8
1463 1 69.635 -14.581 8
1462 1 69.635 -14.581 8
1461 1 69.635 -14.581 8
1459 1 69.635 -14.581 8
1458 1 69.635 -14.581 8
1456 1 69.635 -14.581 8
1455 1 69.635 -14.581 8
1454 1 69.635 -14.581 8
1453 1 69.635 -14.581 8
1452 1 69.635 -14.581 8
1450 1 69.635 -14.581 8
1576 1 72.626 -6.879 8
1575 1 72.626 -6.879 8
1574 1 72.626 -6.879 8
1573 1 72.626 -6.879 8
1572 1 72.626 -6.879 8
1571 1 72.626 -6.879 8
1570 1 72.626 -6.879 8
1180 1 43.085 -9.717 8
700 1 29.309 -5.408 8
-1 0 -16.492 -3.464 D
13894 1 19.0 168.13941955566406 20 500 21
0 0 -16.492 -3.464 D
826 1 56.567 -43.518 1
824 1 56.567 -43.518 1
823 1 56.567 -43.518 1
1816 1 56.299 -44.635 1
1815 1 56.299 -44.635 1
1814 1 56.299 -44.635 1
1813 1 56.299 -44.635 1
1812 1 56.299 -44.635 1
1952 1 22.137 -26.88 1
1951 1 22.137 -26.88 1
1949 1 22.137 -26.88 1
1948 1 22.137 -26.88 1
1947 1 22.137 -26.88 1
1946 1 22.137 -26.88 1
1945 1 22.137 -26.88 1
1944 1 22.137 -26.88 1
1942 1 22.137 -26.88 1
1941 1 22.137 -26.88 1
1940 1 22.137 -26.88 1
-1 0 -16.492 -3.464 D
13895 16 16.0 191.1880340576172 20 500 18
0 0 -16.492 -3.464 D
1366 1 52.307 -15.839 16
1360 1 52.307 -15.839 16
1457 1 69.635 -14.581 16
1451 1 69.635 -14.581 16
1992 1 50.903 -35.571 16
1978 1 50.903 -35.571 16
1977 1 50.903 -35.571 16
1237 1 47.595 -30.164 16
1234 1 47.595 -30.164 16
1227 1 47.595 -30.164 16
1226 1 47.595 -30.164 16
1225 1 47.595 -30.164 16
1770 1 34.149 -23.962 16
1768 1 34.149 -23.962 16
1765 1 34.149 -23.962 16
1976 1 -11.334 -5.56 16
-1 0 -16.492 -3.464 D
13896 2 39.0 192.1760711669922 40 500 41
0 0 -16.492 -3.464 D
834 1 56.567 -43.518 2
828 1 56.567 -43.518 2
2377 1 66.705 -49.902 2
2376 1 66.705 -49.902 2
2375 1 66.705 -49.902 2
2374 1 66.705 -49.902 2
2373 1 66.705 -49.902 2
2372 1 66.705 -49.902 2
2371 1 66.705 -49.902 2
2370 1 66.705 -49.902 2
2369 1 66.705 -49.902 2
2368 1 66.705 -49.902 2
2367 1 66.705 -49.902 2
434 1 52.185 -34.674 2
432 1 52.185 -34.674 2
430 1 52.185 -34.674 2
426 1 52.185 -34.674 2
425 1 52.185 -34.674 2
650 1 39.435 -26.801 2
648 1 39.435 -26.801 2
302 1 28.259 -19.708 2
299 1 28.259 -19.708 2
295 1 28.259 -19.708 2
294 1 28.259 -19.708 2
291 1 28.259 -19.708 2
2266 1 -2.606 -8.893 2
2265 1 -2.606 -8.893 2
2264 1 -2.606 -8.893 2
2263 1 -2.606 -8.893 2
2262 1 -2.606 -8.893 2
2261 1 -2.606 -8.893 2
2260 1 -2.606 -8.893 2
2259 1 -2.606 -8.893 2
2258 1 -2.606 -8.893 2
2257 1 -2.606 -8.893 2
2256 1 -2.606 -8.893 2
2255 1 -2.606 -8.893 2
2254 1 -2.606 -8.893 2
2253 1 -2.606 -8.893 2
-1 0 -16.492 -3.464 D
13897 1 19.0 243.31552124023438 20 500 21
0 0 -16.492 -3.464 D
408 1 60.193 0.214 1
407 1 60.193 0.214 1
406 1 60.193 0.214 1
401 1 60.193 0.214 1
400 1 60.193 0.214 1
237 1 90.692 -33.936 1
235 1 90.692 -33.936 1
833 1 56.567 -43.518 1
832 1 56.567 -43.518 1
831 1 56.567 -43.518 1
830 1 56.567 -43.518 1
829 1 56.567 -43.518 1
827 1 56.567 -43.518 1
433 1 52.185 -34.674 1
431 1 52.185 -34.674 1
429 1 52.185 -34.674 1
428 1 52.185 -34.674 1
427 1 52.185 -34.674 1
1975 1 -11.334 -5.56 1
-1 0 -16.492 -3.464 D
13898 4 59.0 239.845947265625 60 500 61
0 0 -16.492 -3.464 D
304 1 28.259 -19.708 4
301 1 28.259 -19.708 4
298 1 28.259 -19.708 4
293 1 28.259 -19.708 4
1034 1 48.517 -21.79 4
1371 1 52.307 -15.839 4
1370 1 52.307 -15.839 4
1369 1 52.307 -15.839 4
1368 1 52.307 -15.839 4
1367 1 52.307 -15.839 4
1365 1 52.307 -15.839 4
1362 1 52.307 -15.839 4
1361 1 52.307 -15.839 4
1359 1 52.307 -15.839 4
1357 1 52.307 -15.839 4
1163 1 55.164 -13.739 4
1162 1 55.164 -13.739 4
1161 1 55.164 -13.739 4
1160 1 55.164 -13.739 4
1158 1 55.164 -13.739 4
1157 1 55.164 -13.739 4
2178 1 66.571 -16.284 4
2177 1 66.571 -16.284 4
2176 1 66.571 -16.284 4
2175 1 66.571 -16.284 4
2174 1 66.571 -16.284 4
2173 1 66.571 -16.284 4
2172 1 66.571 -16.284 4
2171 1 66.571 -16.284 4
2170 1 66.571 -16.284 4
2169 1 66.571 -16.284 4
2168 1 66.571 -16.284 4
2167 1 66.571 -16.284 4
2166 1 66.571 -16.284 4
2165 1 66.571 -16.284 4
2164 1 66.571 -16.284 4
2163 1 66.571 -16.284 4
2162 1 66.571 -16.284 4
2161 1 66.571 -16.284 4
2160 1 66.571 -16.284 4
2159 1 66.571 -16.284 4
2158 1 66.571 -16.284 4
2157 1 66.571 -16.284 4
2156 1 66.571 -16.284 4
2155 1 66.571 -16.284 4
2154 1 66.571 -16.284 4
668 1 74.689 -9.857 4
660 1 74.689 -9.857 4
2 1 83.081 -17.816 4
395 1 90.875 -27.155 4
383 1 90.875 -27.155 4
1991 1 50.903 -35.571 4
1990 1 50.903 -35.571 4
1989 1 50.903 -35.571 4
1988 1 50.903 -35.571 4
1987 1 50.903 -35.571 4
1986 1 50.903 -35.571 4
1985 1 50.903 -35.571 4
1984 1 50.903 -35.571 4
-1 0 -16.492 -3.464 D
13899 1 17.0 100.52351379394531 20 500 19
0 0 -16.492 -3.464 D
2322 1 23.676 -13.342 1
2321 1 23.676 -13.342 1
2320 1 23.676 -13.342 1
2319 1 23.676 -13.342 1
2318 1 23.676 -13.342 1
2317 1 23.676 -13.342 1
2316 1 23.676 -13.342 1
2315 1 23.676 -13.342 1
2314 1 23.676 -13.342 1
2313 1 23.676 -13.342 1
208 1 30.676 -19.086 1
305 1 28.259 -19.708 1
303 1 28.259 -19.708 1
300 1 28.259 -19.708 1
297 1 28.259 -19.708 1
296 1 28.259 -19.708 1
292 1 28.259 -19.708 1
-1 0 -16.492 -3.464 D
13900 2 39.0 246.77993774414062 40 500 41
0 0 -16.492 -3.464 D
96 1 30.408 -4.572 2
95 1 30.408 -4.572 2
94 1 30.408 -4.572 2
375 1 32.397 -11.572 2
374 1 32.397 -11.572 2
373 1 32.397 -11.572 2
372 1 32.397 -11.572 2
782 1 50.5 -11.096 2
672 1 74.689 -9.857 2
670 1 74.689 -9.857 2
665 1 74.689 -9.857 2
663 1 74.689 -9.857 2
655 1 74.689 -9.857 2
1827 1 86.078 -14.954 2
6 1 83.081 -17.816 2
5 1 83.081 -17.816 2
399 1 90.875 -27.155 2
398 1 90.875 -27.155 2
396 1 90.875 -27.155 2
393 1 90.875 -27.155 2
386 1 90.875 -27.155 2
384 1 90.875 -27.155 2
378 1 90.875 -27.155 2
377 1 90.875 -27.155 2
236 1 90.692 -33.936 2
1044 1 48.517 -21.79 2
1042 1 48.517 -21.79 2
1041 1 48.517 -21.79 2
1040 1 48.517 -21.79 2
1039 1 48.517 -21.79 2
1038 1 48.517 -21.79 2
1037 1 48.517 -21.79 2
1036 1 48.517 -21.79 2
1035 1 48.517 -21.79 2
1033 1 48.517 -21.79 2
1032 1 48.517 -21.79 2
210 1 30.676 -19.086 2
209 1 30.676 -19.086 2
1677 1 28.784 -12.848 2
-1 0 -16.492 -3.464 D
13901 1 19.0 223.00253295898438 20 500 21
0 0 -16.492 -3.464 D
376 1 32.397 -11.572 1
1 1 83.081 -17.816 1
397 1 90.875 -27.155 1
394 1 90.875 -27.155 1
392 1 90.875 -27.155 1
391 1 90.875 -27.155 1
390 1 90.875 -27.155 1
389 1 90.875 -27.155 1
388 1 90.875 -27.155 1
387 1 90.875 -27.155 1
385 1 90.875 -27.155 1
382 1 90.875 -27.155 1
381 1 90.875 -27.155 1
380 1 90.875 -27.155 1
379 1 90.875 -27.155 1
1676 1 28.784 -12.848 1
1675 1 28.784 -12.848 1
2324 1 23.676 -13.342 1
2323 1 23.676 -13.342 1
-1 0 -16.492 -3.464 D
13902 1 19.0 207.9579315185547 20 500 21
0 0 -16.492 -3.464 D
4 1 83.081 -17.816 1
3 1 83.081 -17.816 1
1831 1 86.078 -14.954 1
1830 1 86.078 -14.954 1
1829 1 86.078 -14.954 1
1828 1 86.078 -14.954 1
1826 1 86.078 -14.954 1
1825 1 86.078 -14.954 1
1824 1 86.078 -14.954 1
1823 1 86.078 -14.954 1
1822 1 86.078 -14.954 1
1821 1 86.078 -14.954 1
1820 1 86.078 -14.954 1
1819 1 86.078 -14.954 1
785 1 50.5 -11.096 1
784 1 50.5 -11.096 1
783 1 50.5 -11.096 1
781 1 50.5 -11.096 1
780 1 50.5 -11.096 1
-1 0 -16.492 -3.464 D
13903 16 19.0 173.767822265625 20 500 21
0 0 -16.492 -3.464 D
2411 1 30.249 -7.568 16
2410 1 30.249 -7.568 16
2409 1 30.249 -7.568 16
2408 1 30.249 -7.568 16
2407 1 30.249 -7.568 16
2406 1 30.249 -7.568 16
2405 1 30.249 -7.568 16
2404 1 30.249 -7.568 16
2403 1 30.249 -7.568 16
2402 1 30.249 -7.568 16
2401 1 30.249 -7.568 16
2400 1 30.249 -7.568 16
2399 1 30.249 -7.568 16
2398 1 30.249 -7.568 16
2397 1 30.249 -7.568 16
2396 1 30.249 -7.568 16
2395 1 30.249 -7.568 16
1465 1 69.635 -14.581 16
1460 1 69.635 -14.581 16
-1 0 -16.492 -3.464 D
13904 1 19.0 207.09393310546875 20 500 21
0 0 -16.492 -3.464 D
674 1 74.689 -9.857 1
673 1 74.689 -9.857 1
671 1 74.689 -9.857 1
669 1 74.689 -9.857 1
667 1 74.689 -9.857 1
666 1 74.689 -9.857 1
664 1 74.689 -9.857 1
662 1 74.689 -9.857 1
661 1 74.689 -9.857 1
659 1 74.689 -9.857 1
658 1 74.689 -9.857 1
657 1 74.689 -9.857 1
656 1 74.689 -9.857 1
654 1 74.689 -9.857 1
653 1 74.689 -9.857 1
652 1 74.689 -9.857 1
1834 1 86.078 -14.954 1
1833 1 86.078 -14.954 1
1832 1 86.078 -14.954 1
-1 0 -16.492 -3.464 D
13906 16 18.0 410.00225830078125 20 500 20
0 0 -16.492 -3.464 D
1019 1 -42.401 -1.758 16
1305 1 -49.243 -4.987 16
1300 1 -49.243 -4.987 16
961 1 -55.017 -0.586 16
771 1 -68.439 0.317 16
1356 1 -91.016 -18.201 16
1352 1 -91.016 -18.201 16
1762 1 -37.109 -56.323 16
1092 1 -55.273 -48.853 16
1087 1 -55.273 -48.853 16
1520 1 42.78 -42.81 16
1509 1 42.78 -42.81 16
719 1 64.795 -3.589 16
717 1 64.795 -3.589 16
713 1 64.795 -3.589 16
1588 1 72.626 -6.879 16
707 1 29.309 -5.408 16
701 1 29.309 -5.408 16
-1 0 -16.492 -3.464 D
13907 8 57.0 449.79693603515625 60 500 59
0 0 -16.492 -3.464 D
2590 1 -3.04 -1.88 8
2589 1 -3.04 -1.88 8
2588 1 -3.04 -1.88 8
2587 1 -3.04 -1.88 8
2586 1 -3.04 -1.88 8
2585 1 -3.04 -1.88 8
2584 1 -3.04 -1.88 8
2112 1 7.977 -3.54 8
2111 1 7.977 -3.54 8
2110 1 7.977 -3.54 8
2109 1 7.977 -3.54 8
1961 1 6.873 -58.301 8
1960 1 6.873 -58.301 8
1959 1 6.873 -58.301 8
1958 1 6.873 -58.301 8
1957 1 6.873 -58.301 8
1956 1 6.873 -58.301 8
1955 1 6.873 -58.301 8
1954 1 6.873 -58.301 8
1953 1 6.873 -58.301 8
982 1 4.736 -42.163 8
964 1 4.736 -42.163 8
1842 1 31.201 4.633 8
1841 1 31.201 4.633 8
1840 1 31.201 4.633 8
1839 1 31.201 4.633 8
1837 1 31.201 4.633 8
1836 1 31.201 4.633 8
1615 1 17.706 6.879 8
1614 1 17.706 6.879 8
1613 1 17.706 6.879 8
1612 1 17.706 6.879 8
1611 1 17.706 6.879 8
1610 1 17.706 6.879 8
1609 1 17.706 6.879 8
1608 1 17.706 6.879 8
1607 1 17.706 6.879 8
1606 1 17.706 6.879 8
1605 1 17.706 6.879 8
1603 1 17.706 6.879 8
1689 1 68.732 9.192 8
1589 1 72.626 -6.879 8
1587 1 72.626 -6.879 8
1586 1 72.626 -6.879 8
1585 1 72.626 -6.879 8
1584 1 72.626 -6.879 8
1583 1 72.626 -6.879 8
1582 1 72.626 -6.879 8
1581 1 72.626 -6.879 8
1580 1 72.626 -6.879 8
1579 1 72.626 -6.879 8
1578 1 72.626 -6.879 8
1577 1 72.626 -6.879 8
1134 1 59.509 86.481 8
1133 1 59.509 86.481 8
1124 1 59.509 86.481 8
1718 1 -11.267 30.835 8
-1 0 -16.492 -3.464 D
13908 1 18.0 131.6516876220703 20 500 20
0 0 -16.492 -3.464 D
2312 1 26.031 -19.226 1
2311 1 26.031 -19.226 1
2310 1 26.031 -19.226 1
2309 1 26.031 -19.226 1
2308 1 26.031 -19.226 1
651 1 39.435 -26.801 1
649 1 39.435 -26.801 1
110 1 30.408 -4.572 1
108 1 30.408 -4.572 1
107 1 30.408 -4.572 1
106 1 30.408 -4.572 1
105 1 30.408 -4.572 1
102 1 30.408 -4.572 1
101 1 30.408 -4.572 1
100 1 30.408 -4.572 1
98 1 30.408 -4.572 1
97 1 30.408 -4.572 1
93 1 30.408 -4.572 1
-1 0 -16.492 -3.464 D
13909 2 14.0 99.2032699584961 40 500 16
0 0 -16.492 -3.464 D
153 1 3.607 7.501 2
151 1 3.607 7.501 2
150 1 3.607 7.501 2
149 1 3.607 7.501 2
147 1 3.607 7.501 2
145 1 3.607 7.501 2
143 1 3.607 7.501 2
142 1 3.607 7.501 2
140 1 3.607 7.501 2
139 1 3.607 7.501 2
109 1 30.408 -4.572 2
104 1 30.408 -4.572 2
103 1 30.408 -4.572 2
99 1 30.408 -4.572 2
-1 0 -16.492 -3.464 D
13910 1 19.0 270.66595458984375 20 500 21
0 0 -16.492 -3.464 D
1179 1 80.884 53.357 1
1178 1 80.884 53.357 1
1175 1 80.884 53.357 1
1174 1 80.884 53.357 1
1172 1 80.884 53.357 1
1171 1 80.884 53.357 1
1170 1 80.884 53.357 1
1392 1 47.388 20.465 1
1391 1 47.388 20.465 1
1390 1 47.388 20.465 1
722 1 64.795 -3.589 1
721 1 64.795 -3.589 1
720 1 64.795 -3.589 1
718 1 64.795 -3.589 1
716 1 64.795 -3.589 1
715 1 64.795 -3.589 1
714 1 64.795 -3.589 1
712 1 64.795 -3.589 1
723 1 64.795 -3.589 1
-1 0 -16.492 -3.464 D
14900 4 90.0 331.79510498046875 100 500 92
0 0 -16.492 -3.464 D
1568 1 -8.636 -11.206 4
645 1 -4.797 -11.993 4
2037 1 -3.973 -16.51 4
2038 1 -3.973 -16.51 4
2039 1 -3.973 -16.51 4
2040 1 -3.973 -16.51 4
2041 1 -3.973 -16.51 4
2042 1 -3.973 -16.51 4
2043 1 -3.973 -16.51 4
2044 1 -3.973 -16.51 4
2045 1 -3.973 -16.51 4
2021 1 -3.973 -16.51 4
2022 1 -3.973 -16.51 4
2023 1 -3.973 -16.51 4
2024 1 -3.973 -16.51 4
2025 1 -3.973 -16.51 4
2026 1 -3.973 -16.51 4
2027 1 -3.973 -16.51 4
2028 1 -3.973 -16.51 4
2029 1 -3.973 -16.51 4
2030 1 -3.973 -16.51 4
2031 1 -3.973 -16.51 4
2032 1 -3.973 -16.51 4
2033 1 -3.973 -16.51 4
2034 1 -3.973 -16.51 4
2035 1 -3.973 -16.51 4
2036 1 -3.973 -16.51 4
698 1 29.309 -5.408 4
699 1 29.309 -5.408 4
702 1 29.309 -5.408 4
703 1 29.309 -5.408 4
704 1 29.309 -5.408 4
705 1 29.309 -5.408 4
706 1 29.309 -5.408 4
708 1 29.309 -5.408 4
709 1 29.309 -5.408 4
710 1 29.309 -5.408 4
212 1 24.591 -37.866 4
220 1 24.591 -37.866 4
1980 1 50.903 -35.571 4
1982 1 50.903 -35.571 4
1983 1 50.903 -35.571 4
1479 1 53.827 -57.684 4
1480 1 53.827 -57.684 4
1481 1 53.827 -57.684 4
1482 1 53.827 -57.684 4
1483 1 53.827 -57.684 4
1484 1 53.827 -57.684 4
1485 1 53.827 -57.684 4
1486 1 53.827 -57.684 4
1487 1 53.827 -57.684 4
1488 1 53.827 -57.684 4
1489 1 53.827 -57.684 4
1490 1 53.827 -57.684 4
1491 1 53.827 -57.684 4
1493 1 53.827 -57.684 4
746 1 45.514 -76.337 4
2594 1 35.797 -69.952 4
2595 1 35.797 -69.952 4
2596 1 35.797 -69.952 4
2597 1 35.797 -69.952 4
2598 1 35.797 -69.952 4
2599 1 35.797 -69.952 4
805 1 18.03 -78.595 4
234 1 10.425 -60.907 4
1508 1 42.78 -42.81 4
1510 1 42.78 -42.81 4
1511 1 42.78 -42.81 4
1512 1 42.78 -42.81 4
1513 1 42.78 -42.81 4
1514 1 42.78 -42.81 4
1515 1 42.78 -42.81 4
1516 1 42.78 -42.81 4
1517 1 42.78 -42.81 4
1518 1 42.78 -42.81 4
1519 1 42.78 -42.81 4
1521 1 42.78 -42.81 4
1522 1 42.78 -42.81 4
1523 1 42.78 -42.81 4
1524 1 42.78 -42.81 4
1525 1 42.78 -42.81 4
1526 1 42.78 -42.81 4
2591 1 28.68 -41.412 4
2592 1 28.68 -41.412 4
2593 1 28.68 -41.412 4
971 1 4.736 -42.163 4
973 1 4.736 -42.163 4
980 1 4.736 -42.163 4
452 1 -13.0 -32.41 4
462 1 -13.0 -32.41 4
-1 0 -16.492 -3.464 D
