File: pr10 Num Depots: 1 Num Pick Up Points: 284 Num Trucks: 4Processing Time: 359 seconds
Total Demand = 3794.00| Total Distance = 19885.65| Total Travel Time = 14914.24| Total Cost = $4790.57|

Truck #15984 MaxCap: 20 Demand: 19.0 ROUTE:0 2613 2612 1367 1365 1363 1361 1360 465 464 461 460 457 456 455 452 451 450 448 447 -1 
Truck #15986 MaxCap: 60 Demand: 59.0 ROUTE:0 869 868 862 860 859 858 857 856 853 851 849 977 975 971 969 967 965 963 2289 3626 3625 3624 3623 3622 3621 3620 3619 3618 3617 3616 3615 3614 3613 3612 3611 3610 3609 3608 550 549 547 546 545 542 540 536 2630 2629 2628 2627 2626 2625 2623 2621 2620 2619 2618 2617 2614 -1 
Truck #15987 MaxCap: 40 Demand: 32.0 ROUTE:0 3159 3158 3157 3156 3155 3154 3108 3107 3106 3105 3104 3103 3102 3101 3100 3099 3098 3097 3096 3095 3094 3093 3092 3091 3090 3089 3088 3087 459 454 453 449 -1 
Truck #15988 MaxCap: 80 Demand: 79.0 ROUTE:0 2624 2622 2615 872 867 866 865 861 855 854 852 850 553 552 551 548 543 541 539 537 976 973 972 970 968 964 962 2288 2287 624 623 622 621 620 353 352 350 349 348 347 346 344 3631 3630 3629 3628 3627 1942 1939 1938 1936 1935 1932 1931 1930 1929 1928 1927 1926 1925 1924 1923 1922 1921 1920 1919 1359 1358 1357 1356 1355 1354 1352 1351 1350 1349 577 2435 2424 -1 
Truck #15989 MaxCap: 120 Demand: 119.0 ROUTE:0 1701 1700 1699 1698 1696 1695 1694 1693 1692 1691 1690 1689 1688 1687 1686 1685 1684 1683 1682 1681 1680 1677 336 332 371 369 368 1781 3205 3204 3203 3202 3201 1102 1101 2533 2532 2531 2530 2880 2879 2878 2877 2876 2875 2874 2873 2872 2871 2870 2869 2868 2867 2866 2865 2864 2863 2962 2961 2960 2959 2958 2957 2956 2955 2954 2953 2952 2951 2950 2949 2948 284 282 279 273 270 267 265 264 2020 2019 2018 2017 2016 2015 2014 2013 2012 2011 2009 2008 2007 359 358 356 355 1069 1067 1066 1064 1062 1061 1060 1059 1058 1056 1054 1053 1052 1051 129 125 124 119 118 113 2567 2559 -1 
Truck #15990 MaxCap: 60 Demand: 59.0 ROUTE:0 2286 2282 864 863 544 538 974 966 1318 1317 1316 1315 1314 1313 1312 1311 1310 1309 1308 1306 1305 1304 1303 1302 3792 3791 3790 3789 3788 3787 3786 3785 1933 2310 2309 2308 2307 2306 2304 2302 2300 2297 2296 2295 2293 2291 2290 578 560 559 1257 1256 1255 1254 1252 1251 463 462 458 -1 
Truck #15991 MaxCap: 100 Demand: 99.0 ROUTE:0 1697 1679 1678 2609 2608 2606 2605 2604 2602 2601 2600 2599 2598 2597 2596 2595 2594 2593 2592 2591 122 121 120 117 112 1063 1057 3013 3012 3011 3010 3009 3008 3007 3006 3005 3004 1555 1554 1552 1550 1549 1548 1547 1546 1545 1544 1543 1542 1540 1538 1537 1533 1890 1889 1378 1377 1376 1375 488 487 2840 2839 2838 2837 2836 2835 2834 2833 2832 2831 2830 2829 2828 2827 2826 2825 2824 2823 2822 2821 2820 2819 2818 281 280 278 276 269 1322 1320 1319 361 1806 1804 1803 1802 74 72 -1 
Truck #15992 MaxCap: 160 Demand: 159.0 ROUTE:0 12 11 8 5 1755 1753 1752 1750 1748 1747 1746 1745 195 442 1389 1388 1386 1385 1384 1383 1380 1379 2516 2515 2512 2511 2510 2509 2508 1647 1637 2711 414 410 407 394 393 2167 2166 2165 1014 1013 1012 1011 1010 1009 1006 1005 1212 1211 1209 1208 1207 1206 1205 1204 1203 1201 1340 3227 3226 3225 3224 3223 3222 3221 3220 3219 3218 2187 2186 674 672 2450 2448 2447 2445 773 882 877 876 110 3332 3331 3330 3329 3328 3327 3326 3325 3324 3323 3322 3321 3320 3319 3318 3317 3316 3315 3314 3313 3312 3311 981 1451 1450 1449 1448 1978 1977 1976 1975 1974 1972 1971 1970 1969 1967 1965 1963 1962 1961 1959 1958 1957 2657 3513 3512 3511 3510 3509 3508 3507 3506 3505 3504 3503 3502 3501 3500 3499 3498 3497 3496 3495 3494 3493 3492 3491 258 256 255 1797 993 992 991 990 989 -1 
Truck #15993 MaxCap: 60 Demand: 58.0 ROUTE:0 2284 2283 3657 3656 3655 3654 3653 3652 3651 3650 3649 3648 3647 3646 3645 3644 3643 3642 3641 3640 3639 3638 3637 3636 3635 3634 1353 2303 2301 2298 2294 1941 1940 1937 1934 1511 1510 1509 1508 1507 1506 1505 1504 1501 1497 1496 1495 1494 1493 1492 1491 2021 2010 2006 1307 1801 2519 2518 -1 
Truck #15994 MaxCap: 100 Demand: 99.0 ROUTE:0 1754 1751 1749 1826 2603 1068 1065 1055 1551 1541 1535 1532 2529 2528 2527 2526 2525 2524 2523 2522 2521 2520 2005 2004 2003 2002 2000 1999 1997 1996 1995 1993 1992 1645 1640 1635 2514 2507 1382 1381 1374 2168 1015 2776 2775 2773 2772 2771 2770 2768 2767 2766 2765 2764 2763 2762 2761 2760 2759 2757 2756 2755 2754 2753 3274 3273 3272 3271 3270 3269 3268 3267 3266 3265 3264 3263 2661 1973 1956 1370 1369 1368 2394 2392 2391 2390 2388 2386 2385 2383 2381 2380 1447 2330 2328 2327 2326 2325 2324 -1 
Truck #15995 MaxCap: 160 Demand: 159.0 ROUTE:0 3287 3286 3285 3284 3283 3282 3281 3280 3279 3278 3277 3276 3275 1516 3454 3453 3452 3451 3450 3449 3448 3447 3446 3445 3444 3443 3442 3441 3440 3439 3438 3437 3436 3435 3434 3433 3432 2403 2402 2401 2400 2399 2397 2396 2395 2451 2446 2347 2337 2118 2117 2116 2115 2114 2113 2112 2111 2110 2108 2107 2106 2105 2104 2103 2102 2101 2100 2098 2097 2096 2095 2467 2466 2465 2464 2463 2462 2461 2459 2458 2457 2456 2455 2453 2452 1477 1476 3700 3699 3698 3697 3696 3695 3694 3693 3692 3691 3690 3689 3688 3687 3686 3685 3684 3683 3682 3681 3680 3679 3678 3677 3676 3675 3674 3673 3672 3671 3670 3669 3668 3667 3666 3665 3664 3663 3662 3661 3660 3659 3658 2051 2050 2048 2075 2074 2073 2072 2071 2065 2064 2063 2062 2061 2059 2058 2057 2056 1337 1330 2797 2795 2778 1171 1170 3217 3216 3215 3214 1990 -1 
Truck #15996 MaxCap: 20 Demand: 16.0 ROUTE:0 1362 2260 2249 1503 2970 2969 2968 2967 2966 2965 2964 2963 2305 2299 2292 2285 -1 
Truck #15997 MaxCap: 40 Demand: 39.0 ROUTE:0 3583 3582 3581 3580 3579 1553 1539 1536 1534 2001 1994 1991 3732 3731 3730 3729 3728 3727 3726 3725 3724 3723 3722 3721 3720 3719 3718 3717 3716 3715 3714 1210 1202 1008 1007 1387 2610 2607 1756 -1 
Truck #15998 MaxCap: 60 Demand: 55.0 ROUTE:0 2579 3574 3573 3572 3571 3570 3569 3568 3567 3566 3565 3564 3563 3562 3561 3560 3559 3558 3557 3556 3555 3554 3553 3552 3551 3550 2986 2985 2984 2983 2982 2981 2980 2979 2978 2977 2976 2975 2974 2973 2972 2971 2449 2911 2910 2909 2908 2907 2906 2905 1968 1966 1964 1960 2769 -1 
Truck #15999 MaxCap: 40 Demand: 39.0 ROUTE:0 2616 2611 2256 2252 2246 2503 2489 1502 1500 1499 1498 3431 3430 3429 3428 3427 3426 3425 3424 3423 3422 3421 3420 3419 3418 3417 3416 3415 3414 3413 3412 3411 3410 3409 3408 2440 2432 1366 1364 -1 
Truck #16000 MaxCap: 80 Demand: 77.0 ROUTE:0 2565 1784 1783 1782 2517 2504 1405 3310 3309 3308 3307 3306 3305 3304 3303 3302 3301 3300 3299 3298 3297 3296 3295 3294 3293 3292 3291 3290 3289 3288 2737 1998 1113 1108 1107 1097 2774 2758 1587 1586 1584 2398 2393 2389 2387 2384 2382 2271 2329 3084 3083 3082 3081 3080 3079 3078 3077 3076 3075 3074 3713 3712 3711 3710 3709 3708 3707 3706 3705 3704 3703 3702 3701 3073 3072 3071 3070 -1 
Truck #16001 MaxCap: 120 Demand: 96.0 ROUTE:0 3086 3085 2817 2816 2815 2814 2813 2812 2811 2810 2809 2808 2807 2806 2805 2804 2803 2802 2801 2800 1425 1226 1216 1165 1158 1148 2279 2129 1071 1070 2137 1475 1471 1766 2109 1908 1903 1902 1726 1725 1604 1603 3488 3487 3486 3485 3484 3483 3482 3481 3480 3479 3407 3406 3405 3404 3403 3402 3401 3400 3399 3398 3397 3396 3395 3394 3393 3392 3391 3390 3389 3388 3387 3386 3385 3384 3587 3586 3585 3584 1297 1290 2454 2679 2669 1002 2069 2067 2066 2060 1742 1734 2418 2416 1989 1988 -1 
Truck #16002 MaxCap: 20 Demand: 19.0 ROUTE:0 2752 2751 2750 2749 2748 2747 2746 2745 2744 2743 363 362 360 357 354 351 345 871 870 -1 
Truck #16003 MaxCap: 20 Demand: 19.0 ROUTE:0 73 283 277 275 274 272 271 268 266 2248 2247 2245 2244 2243 2242 2241 2240 2239 2238 -1 
Truck #16004 MaxCap: 20 Demand: 19.0 ROUTE:0 2494 2493 2492 2491 2490 2488 2487 2486 2485 2484 2261 2259 2258 2257 2255 2254 2253 2251 2250 -1 
Truck #16005 MaxCap: 20 Demand: 19.0 ROUTE:0 1778 1777 1776 1775 1774 1773 1772 1771 1770 2506 2505 2502 2501 2500 2499 2498 2497 2496 2495 -1 
Truck #16006 MaxCap: 20 Demand: 19.0 ROUTE:0 116 115 114 3200 3199 3198 3197 3196 3195 3194 3193 3192 3191 3190 3189 3188 3187 3186 3185 -1 
Truck #16007 MaxCap: 20 Demand: 19.0 ROUTE:0 2570 2569 2568 2566 2564 2563 2562 2561 2560 2558 2557 2556 2555 2554 2553 128 127 126 123 -1 
Truck #16008 MaxCap: 20 Demand: 19.0 ROUTE:0 2576 2575 2574 2573 2572 1795 1794 1793 1792 1791 1790 1789 1788 1787 1786 1785 1780 1779 2571 -1 
Truck #16009 MaxCap: 20 Demand: 19.0 ROUTE:0 338 337 335 334 333 331 330 2578 2577 1400 1399 1398 1397 1396 1395 1394 1393 1392 1391 -1 
Truck #16010 MaxCap: 20 Demand: 19.0 ROUTE:0 1115 1114 1112 1111 1110 1109 1106 1105 1104 1103 1100 1099 1098 1096 1406 1404 1403 1402 1401 -1 
Truck #16011 MaxCap: 20 Demand: 19.0 ROUTE:0 475 473 472 471 469 468 467 466 377 376 375 374 373 372 370 367 366 365 364 -1 
Truck #16012 MaxCap: 40 Demand: 39.0 ROUTE:0 1888 489 484 483 482 477 474 470 2735 2723 2722 2721 2720 2719 2718 2717 2716 2715 2714 2713 2712 2710 2709 2708 1646 1644 1643 1642 1641 1639 1638 1636 1634 1633 2054 2053 402 400 396 -1 
Truck #16013 MaxCap: 20 Demand: 19.0 ROUTE:0 2736 2734 2733 2732 2731 2730 2729 2728 2727 2726 2725 2724 486 485 481 480 479 478 476 -1 
Truck #16014 MaxCap: 20 Demand: 19.0 ROUTE:0 2742 2741 2740 2739 2738 385 384 382 380 378 409 405 404 403 401 399 398 397 395 -1 
Truck #16015 MaxCap: 40 Demand: 39.0 ROUTE:0 445 444 440 439 438 1142 1141 1140 1139 1138 1137 1136 1135 1134 1133 1132 1131 1130 1129 1128 1127 1126 383 381 379 413 412 411 408 406 1830 1829 1828 1827 1825 1824 1823 1822 1821 -1 
Truck #16016 MaxCap: 20 Demand: 19.0 ROUTE:0 17 15 10 7 4 3 1 200 197 196 194 193 446 443 441 437 388 387 386 -1 
Truck #16017 MaxCap: 40 Demand: 39.0 ROUTE:0 22 21 16 14 13 9 6 2 3357 848 845 843 841 840 839 837 836 835 834 832 831 830 203 202 201 199 198 192 1390 1145 1144 1143 417 392 391 2658 2656 2655 2654 -1 
Truck #16018 MaxCap: 20 Demand: 19.0 ROUTE:0 20 19 18 416 415 1348 1347 1346 1345 1344 1343 1342 1341 1339 842 838 833 3490 3489 -1 
Truck #16019 MaxCap: 20 Demand: 19.0 ROUTE:0 580 1513 1512 130 1591 1590 1589 1588 1585 1583 1582 1581 1580 1579 1578 1577 847 846 844 -1 
Truck #16020 MaxCap: 40 Demand: 39.0 ROUTE:0 257 254 251 249 247 245 244 242 144 143 141 140 138 137 135 134 131 2469 2185 2184 2183 2182 2181 2180 2179 2178 2177 2176 2175 2174 77 76 75 2664 2663 2662 2660 2659 581 -1 
Truck #16021 MaxCap: 20 Demand: 19.0 ROUTE:0 250 248 246 243 241 240 1676 1675 1674 1673 1672 1671 1670 2468 142 139 136 133 132 -1 
Truck #16022 MaxCap: 20 Demand: 19.0 ROUTE:0 262 261 259 253 252 682 680 679 676 675 670 665 986 985 984 983 982 2581 2580 -1 
Truck #16023 MaxCap: 40 Demand: 39.0 ROUTE:0 263 260 681 678 677 673 671 669 668 667 666 664 3119 3118 3117 3116 3115 3114 3113 3112 3111 3110 3109 3243 3242 3241 3240 3239 3238 3237 3236 3235 3234 3233 3232 3231 3230 3229 3228 -1 
Truck #16024 MaxCap: 20 Demand: 19.0 ROUTE:0 554 3341 3340 3339 3338 3337 3336 1464 1463 1461 1460 1459 1458 1457 1456 1455 1453 1452 987 -1 
Truck #16025 MaxCap: 40 Demand: 39.0 ROUTE:0 2933 2932 2931 2930 2929 2928 2927 2926 2925 2924 2923 2922 2921 2920 2919 772 771 769 768 765 763 1462 1454 3129 3128 3127 3126 3125 3124 3123 3122 3121 3120 980 874 873 111 109 107 -1 
Truck #16026 MaxCap: 20 Demand: 19.0 ROUTE:0 2552 2551 2550 1423 3356 3355 3354 3353 3352 3351 3350 3349 3348 3347 3346 3345 3344 3343 3342 -1 
Truck #16027 MaxCap: 20 Demand: 19.0 ROUTE:0 988 1514 2918 2917 2916 2915 2914 2913 2912 1435 1157 1154 3578 3577 3576 3575 2278 2987 2263 -1 
Truck #16028 MaxCap: 20 Demand: 19.0 ROUTE:0 2264 2262 108 881 880 879 878 875 979 978 2215 2214 2213 2212 770 767 766 764 762 -1 
Truck #16029 MaxCap: 40 Demand: 39.0 ROUTE:0 1372 1371 883 2138 2120 593 592 590 588 586 585 584 583 1763 522 520 517 515 514 508 506 505 789 781 780 776 1078 1077 1076 1075 1074 1225 165 161 160 151 150 146 145 -1 
Truck #16030 MaxCap: 60 Demand: 59.0 ROUTE:0 1834 1833 1832 1831 159 152 512 591 3160 1373 3335 3334 3333 1518 1517 1515 3536 3535 3534 3533 3532 3531 3530 3529 3528 3527 3526 3525 3524 3523 3522 3521 3520 3519 3518 3517 3516 3515 3514 1278 1277 1276 1275 1274 1273 1272 1271 1270 1269 1268 1267 1266 1265 1264 1263 1262 1260 1259 1258 -1 
Truck #16031 MaxCap: 20 Demand: 19.0 ROUTE:0 1149 1147 1146 2094 2093 2281 2280 2277 2276 2275 2274 2273 2272 2270 2269 2268 2267 2266 2265 -1 
Truck #16032 MaxCap: 20 Demand: 19.0 ROUTE:0 2124 2123 2122 2121 2119 2141 2140 2139 2136 2135 2134 2133 2132 2131 2130 2128 2127 2126 2125 -1 
Truck #16033 MaxCap: 20 Demand: 19.0 ROUTE:0 731 730 727 725 1227 1905 1904 1901 1900 1899 1897 1895 1894 1893 1892 153 149 148 147 -1 
Truck #16034 MaxCap: 20 Demand: 19.0 ROUTE:0 1215 1214 1213 595 594 589 587 582 1073 1072 166 164 163 162 158 157 156 155 154 -1 
Truck #16035 MaxCap: 20 Demand: 19.0 ROUTE:0 3003 3002 3001 3000 2999 2998 2997 2996 2995 2994 2993 1224 1223 1222 1221 1220 1219 1218 1217 -1 
Truck #16036 MaxCap: 20 Demand: 19.0 ROUTE:0 1472 1470 1442 1441 1440 1439 1438 1437 1436 1434 1433 1432 1431 1430 1429 1428 1427 1426 1424 -1 
Truck #16037 MaxCap: 20 Demand: 19.0 ROUTE:0 787 786 784 783 782 777 1769 1768 1767 1765 1764 1762 1761 1760 1759 1758 1757 1474 1473 -1 
Truck #16038 MaxCap: 60 Demand: 59.0 ROUTE:0 1084 1648 684 3062 3061 3060 3059 3058 3057 3056 3055 3054 1335 1328 2798 2780 738 2173 2172 2171 2170 2169 1669 1664 1661 2024 785 779 778 2348 2346 2344 2343 2342 2340 2339 2338 2336 2335 2334 2332 2331 798 1181 1172 32 1835 1853 1852 1851 1850 1849 1848 1847 1526 498 495 492 491 -1 
Truck #16039 MaxCap: 20 Demand: 19.0 ROUTE:0 3601 3600 3599 3598 3597 3596 3595 3594 3593 3592 3591 3590 3589 3588 794 793 792 790 788 -1 
Truck #16040 MaxCap: 40 Demand: 39.0 ROUTE:0 2036 2035 2034 2033 2032 2031 2030 3759 3758 3757 3756 3755 3754 3753 3752 3751 3750 3749 3748 3747 3746 3745 3744 3743 3742 3741 3740 3739 3738 3737 3736 2029 2028 2027 2026 2025 2023 2022 791 -1 
Truck #16041 MaxCap: 20 Demand: 19.0 ROUTE:0 3462 3461 3460 3459 3458 3457 3456 3455 805 802 800 799 795 3607 3606 3605 3604 3603 3602 -1 
Truck #16042 MaxCap: 40 Demand: 39.0 ROUTE:0 807 806 804 803 801 797 796 3378 3377 3376 3375 3374 3373 3372 3371 3370 3369 3368 3367 3366 3365 3364 3363 3362 3361 3360 3359 3358 1179 1178 1177 1176 1175 1174 1173 1169 1168 36 34 -1 
Truck #16043 MaxCap: 20 Demand: 19.0 ROUTE:0 35 33 31 3478 3477 3476 3475 3474 3473 3472 3471 3470 3469 3468 3467 3466 3465 3464 3463 -1 
Truck #16044 MaxCap: 20 Demand: 19.0 ROUTE:0 2992 2991 2990 2989 2988 390 389 1167 1166 1163 1161 1160 1159 1156 1155 1153 1152 1151 1150 -1 
Truck #16045 MaxCap: 20 Demand: 18.0 ROUTE:0 1261 1736 1490 1483 2320 1296 1289 1285 2099 2460 1164 1162 2345 2341 2333 2070 2068 2055 -1 
Truck #16046 MaxCap: 40 Demand: 39.0 ROUTE:0 2697 1332 1331 1329 1327 1326 1325 1324 1323 744 742 740 736 733 732 729 728 726 2677 2670 2799 2796 2794 2793 2792 2791 2790 2789 2788 2787 2786 2785 2784 2783 2782 2781 2779 2777 1180 -1 
Truck #16047 MaxCap: 20 Demand: 19.0 ROUTE:0 743 741 739 737 735 734 2667 2666 2665 1004 1003 1001 1000 999 998 997 996 995 994 -1 
Truck #16048 MaxCap: 20 Demand: 19.0 ROUTE:0 1667 1666 1665 1663 1662 1660 1659 1658 1657 2681 2680 2678 2676 2675 2674 2673 2672 2671 2668 -1 
Truck #16049 MaxCap: 20 Demand: 19.0 ROUTE:0 2700 2699 2698 2696 2695 2694 2693 2692 2691 2690 2689 2688 2687 2686 2685 2684 2683 2682 1668 -1 
Truck #16050 MaxCap: 20 Demand: 19.0 ROUTE:0 176 175 174 171 170 168 2549 1125 1124 1123 1122 1121 1120 1119 1118 1117 1116 2702 2701 -1 
Truck #16051 MaxCap: 40 Demand: 39.0 ROUTE:0 501 500 496 490 2904 2903 2902 2901 2900 2899 2898 2897 2896 2895 2894 2893 2892 2891 2890 2889 2888 2887 2886 2885 2884 2883 2882 2881 1338 1336 1334 1333 2052 2049 2047 2046 2045 2044 2043 -1 
Truck #16052 MaxCap: 40 Demand: 39.0 ROUTE:0 1981 1980 1979 705 704 702 700 698 694 693 692 691 690 689 687 683 1952 1949 1907 1906 1898 1896 1891 1249 1235 1234 1232 179 178 177 173 172 169 167 2410 1528 1527 1524 502 -1 
Truck #16053 MaxCap: 20 Demand: 19.0 ROUTE:0 1800 1799 1798 1796 504 503 499 497 494 493 1531 1530 1529 1525 1523 1522 1521 1520 1519 -1 
Truck #16054 MaxCap: 20 Demand: 19.0 ROUTE:0 2411 2420 2419 2417 2415 2414 2413 2412 1095 1094 1093 1092 1091 1090 1089 1088 1087 1086 1085 -1 
Truck #16055 MaxCap: 20 Demand: 19.0 ROUTE:0 1250 1248 1247 1246 1245 1244 1243 1242 1241 1240 1239 1238 1237 1236 1233 1231 1230 1229 1228 -1 
Truck #16056 MaxCap: 20 Demand: 19.0 ROUTE:0 523 521 519 518 516 513 511 510 509 507 1740 1739 1738 1737 1735 1733 1732 1731 1730 -1 
Truck #16057 MaxCap: 20 Demand: 19.0 ROUTE:0 706 703 701 699 697 696 695 688 686 685 1744 1743 1741 1948 1947 1946 1945 1944 1943 -1 
Truck #16058 MaxCap: 20 Demand: 19.0 ROUTE:0 598 597 659 658 657 656 654 650 648 647 643 640 1446 1445 1444 1954 1953 1951 1950 -1 
Truck #16059 MaxCap: 60 Demand: 59.0 ROUTE:0 1656 1655 1654 1653 1652 1651 1650 1649 614 226 663 653 645 101 2323 2322 2319 2317 2316 2315 2313 2312 2311 944 943 927 207 2369 2368 2367 2366 2363 2362 2361 2359 2358 2357 2356 2355 2352 2351 2349 821 820 817 815 954 949 1955 1199 1194 1192 1887 1875 904 895 1032 1031 1030 -1 
Truck #16060 MaxCap: 40 Demand: 39.0 ROUTE:0 1987 1986 1985 1984 1983 1982 662 661 660 655 652 651 649 646 644 642 641 639 637 1628 103 102 99 239 232 230 229 228 619 612 611 609 608 607 606 603 602 601 596 -1 
Truck #16061 MaxCap: 60 Demand: 59.0 ROUTE:0 1489 1488 1487 1486 1485 1484 1482 1481 1480 1479 1478 1301 1300 1299 1298 1295 1294 1293 1292 1291 1288 1287 1286 1284 1283 1282 1281 1280 1279 2321 2318 2314 3053 3052 3051 3050 3049 3048 3047 3046 3045 3044 3043 3042 3041 3040 3039 3038 3037 3036 3035 3034 3016 3015 3014 1468 1467 1466 1465 -1 
Truck #16062 MaxCap: 20 Demand: 19.0 ROUTE:0 1593 1592 1729 1728 1727 1724 1723 1722 1721 618 617 616 615 613 610 605 604 600 599 -1 
Truck #16063 MaxCap: 20 Demand: 19.0 ROUTE:0 234 233 231 227 638 1609 1608 1607 1606 1605 1602 1601 1600 1599 1598 1597 1596 1595 1594 -1 
Truck #16064 MaxCap: 20 Demand: 19.0 ROUTE:0 238 237 236 235 106 104 100 1632 1631 1630 1629 1627 1626 1625 1624 1623 928 182 180 -1 
Truck #16065 MaxCap: 40 Demand: 39.0 ROUTE:0 85 84 80 775 774 183 181 105 946 942 938 932 929 225 819 811 951 948 1200 1198 1197 1195 1193 1189 1188 1187 1186 1185 1184 1182 1621 1619 1017 903 902 901 898 893 891 -1 
Truck #16066 MaxCap: 20 Demand: 19.0 ROUTE:0 1882 1881 1880 1879 1878 1877 1876 1874 945 941 940 939 937 936 935 934 933 931 930 -1 
Truck #16067 MaxCap: 20 Demand: 19.0 ROUTE:0 2205 2204 2203 2202 2201 2199 2198 2197 2196 2195 2193 2192 2191 2190 2188 1886 1885 1884 1883 -1 
Truck #16068 MaxCap: 60 Demand: 59.0 ROUTE:0 1196 1191 1190 1183 2353 2350 3033 3032 3031 3030 3029 3028 3027 3026 3025 3024 3023 3022 3021 3020 3019 3018 3017 1418 1416 2373 2372 2371 2370 2483 2482 2481 2476 2475 2474 2473 2472 2471 2470 3262 3261 3260 3259 3258 3257 3256 3255 3254 3253 3252 3251 3250 3249 3248 3247 3246 3245 3244 1048 -1 
Truck #16069 MaxCap: 40 Demand: 36.0 ROUTE:0 1443 1029 1023 1021 3184 3183 3182 3181 3180 3179 3178 3177 3176 3175 3174 3173 3172 3171 3170 3169 3168 3167 3166 3165 3164 3163 3162 3161 1622 2844 2843 2842 2841 2479 2478 2477 -1 
Truck #16070 MaxCap: 20 Demand: 19.0 ROUTE:0 905 900 899 897 896 894 892 890 1620 1618 1617 1616 1615 1614 1613 1612 1611 1610 1016 -1 
Truck #16071 MaxCap: 20 Demand: 17.0 ROUTE:0 1041 2480 2161 2156 2152 3213 3212 3211 3210 3209 3208 3207 3206 3633 3632 2365 2364 -1 
Truck #16072 MaxCap: 20 Demand: 19.0 ROUTE:0 960 959 958 957 956 955 953 952 950 947 1028 1027 1026 1025 1024 1022 1020 1019 1018 -1 
Truck #16073 MaxCap: 20 Demand: 19.0 ROUTE:0 86 83 82 81 79 78 827 825 823 822 818 816 814 813 812 810 809 808 961 -1 
Truck #16074 MaxCap: 40 Demand: 39.0 ROUTE:0 2211 2200 1422 1421 1420 1419 1417 1415 1414 1413 1412 1411 1409 1408 1407 2943 2942 2941 2940 2939 2938 2937 2936 2935 2934 221 220 219 218 217 216 214 212 211 208 829 828 826 824 -1 
Truck #16075 MaxCap: 20 Demand: 19.0 ROUTE:0 1710 1709 1708 1707 1706 1705 1704 1703 1702 213 210 209 206 205 204 224 223 222 215 -1 
Truck #16076 MaxCap: 60 Demand: 59.0 ROUTE:0 1050 1049 1047 1046 1045 1044 1043 1042 1040 1039 1038 1037 1036 1035 1034 1033 291 926 919 1720 1719 1718 1716 1715 1714 1713 1712 1711 2543 2194 2189 1410 724 723 718 2164 2162 2160 2159 2157 2155 2154 2153 2151 2150 2149 2148 2147 2146 2144 2143 2142 50 45 41 38 69 67 1469 -1 
Truck #16077 MaxCap: 20 Demand: 19.0 ROUTE:0 2548 2547 2546 2545 2544 2542 2541 2540 2539 2538 2537 2536 2535 2534 2210 2209 2208 2207 2206 -1 
Truck #16078 MaxCap: 60 Demand: 58.0 ROUTE:0 1253 2707 2705 2703 1871 3383 3382 3381 3380 3379 3153 3152 3151 3150 3149 3148 3147 3146 3145 3144 3143 3142 3141 3140 3139 3138 3137 3136 3135 3134 3133 3132 3131 3130 2158 2145 2379 2377 2376 2374 1717 1576 1575 1573 1572 1571 1570 1569 1568 1567 1566 1564 1562 1561 1560 1559 1557 1556 -1 
Truck #16079 MaxCap: 40 Demand: 39.0 ROUTE:0 925 924 916 57 54 53 51 49 48 44 42 40 37 722 717 716 715 714 713 712 710 707 418 2947 2946 2945 2944 304 303 301 298 297 295 293 290 289 288 287 285 -1 
Truck #16080 MaxCap: 20 Demand: 19.0 ROUTE:0 300 299 296 294 292 286 3549 3548 3547 3546 3545 3544 3543 3542 3541 3540 3539 3538 3537 -1 
Truck #16081 MaxCap: 20 Demand: 19.0 ROUTE:0 923 922 921 920 918 917 61 60 59 58 56 55 52 47 46 43 39 708 302 -1 
Truck #16082 MaxCap: 40 Demand: 39.0 ROUTE:0 1841 1837 2704 1913 1912 2639 2079 2226 2216 2862 2861 2860 2859 2858 2857 2856 2855 2854 2853 2852 2851 2850 2849 2848 2847 2846 2845 1574 1565 1558 3069 3068 3067 3066 3065 3064 3063 3794 3793 -1 
Truck #16083 MaxCap: 20 Demand: 19.0 ROUTE:0 3735 3734 3733 2513 1321 1805 2706 1873 1863 1859 2645 2638 2633 2378 2375 2360 2354 2163 1563 -1 
Truck #16084 MaxCap: 20 Demand: 19.0 ROUTE:0 2231 2230 2229 2228 2227 2225 2224 2223 2222 2221 2220 2219 2218 2217 721 720 719 711 709 -1 
Truck #16085 MaxCap: 20 Demand: 19.0 ROUTE:0 2237 2236 2235 2234 2233 2232 435 430 429 428 427 426 425 422 421 420 65 64 62 -1 
Truck #16086 MaxCap: 40 Demand: 39.0 ROUTE:0 635 634 632 328 327 326 325 321 319 314 312 310 307 306 1808 1807 98 95 93 91 90 87 535 533 529 528 2091 2088 2087 2082 436 434 433 432 431 424 423 419 63 -1 
Truck #16087 MaxCap: 20 Demand: 19.0 ROUTE:0 525 524 2590 2092 2090 2089 2086 2085 2084 2083 2081 2080 2078 2077 2076 71 70 68 66 -1 
Truck #16088 MaxCap: 60 Demand: 58.0 ROUTE:0 185 913 911 908 26 24 757 2407 2404 1872 1870 1869 1868 1867 1866 1865 1864 1862 1861 1860 1858 1857 1856 1855 1854 2588 2586 2585 89 3784 3783 3782 3781 3780 3779 3778 3777 3776 3775 3774 3773 3772 3771 3770 3769 3768 3767 3766 3765 3764 3763 3762 3761 3760 309 308 636 630 -1 
Truck #16089 MaxCap: 20 Demand: 19.0 ROUTE:0 2632 2631 2653 2652 2651 2650 2649 2648 2647 2646 2644 2643 2642 2641 2640 2637 2636 2635 2634 -1 
Truck #16090 MaxCap: 20 Demand: 19.0 ROUTE:0 534 532 531 530 527 526 97 96 94 92 88 1918 1917 1916 1915 1914 1911 1910 1909 -1 
Truck #16091 MaxCap: 20 Demand: 19.0 ROUTE:0 633 631 629 628 627 626 625 329 324 323 322 320 318 317 316 315 313 311 305 -1 
Truck #16092 MaxCap: 20 Demand: 19.0 ROUTE:0 1846 1845 1844 1843 1842 1840 1839 1838 1836 30 29 28 27 25 343 342 341 340 339 -1 
Truck #16093 MaxCap: 40 Demand: 39.0 ROUTE:0 1079 573 571 562 561 558 557 23 760 759 754 1820 1819 1818 1817 1816 1815 1814 1813 1812 1811 1810 1809 2589 2587 2584 2583 2582 889 2405 914 912 907 906 191 190 189 186 184 -1 
Truck #16094 MaxCap: 20 Demand: 19.0 ROUTE:0 761 758 756 755 888 887 886 885 884 2409 2408 2406 2038 2037 915 910 909 188 187 -1 
Truck #16095 MaxCap: 20 Demand: 19.0 ROUTE:0 753 752 751 750 749 748 747 746 745 2042 2041 2040 2039 1080 1081 2441 2442 2443 2444 -1 
Truck #20624 MaxCap: 20 Demand: 19.0 ROUTE:0 575 576 579 2421 2422 2423 2425 2426 2427 2428 2429 2430 2431 2433 2434 2436 2437 2438 2439 -1 
Truck #20625 MaxCap: 20 Demand: 14.0 ROUTE:0 1082 1083 555 556 563 564 565 566 567 568 569 570 572 574 -1 


Inital Solution 0 changes  totQ=3794.00 totD=20681.92 $4843.06
Local One Opt 120 changes  totQ=3794.00 totD=20208.70 $4811.88
Local Two Opt 39 changes  totQ=3794.00 totD=20160.74 $4807.17
Local Three Opt 7 changes  totQ=3794.00 totD=20147.69 $4805.67
K-Two Forward 1 changes  totQ=3794.00 totD=20141.13 $4804.62
K-Two Reverse 0 changes  totQ=3794.00 totD=20141.13 $4804.62
K-Three Forward 0 changes  totQ=3794.00 totD=20141.13 $4804.62
K-Three Reverse 0 changes  totQ=3794.00 totD=20141.13 $4804.62
Exchange 01 11 changes  totQ=3794.00 totD=20226.19 $4800.43
Exchange 01 0 changes  totQ=3794.00 totD=20226.19 $4800.43
Exchange 11 18 changes  totQ=3794.00 totD=19871.14 $4792.81
Exchange 02 1 changes  totQ=3794.00 totD=19865.78 $4792.60
Exchange 20 0 changes  totQ=3794.00 totD=19865.78 $4792.60
Exchange 12 5 changes  totQ=3794.00 totD=19812.62 $4791.53
Exchange 21 0 changes  totQ=3794.00 totD=19812.62 $4791.53
Exchange 22 0 changes  totQ=3794.00 totD=19812.62 $4791.53
Combination 0 changes  totQ=3794.00 totD=19812.62 $4791.53
Reduction 0 changes  totQ=3794.00 totD=19812.62 $4791.53
Reallocation 0 changes  totQ=3794.00 totD=19812.62 $4791.53
Relax/Combine 0 changes  totQ=3794.00 totD=19812.62 $4791.53
Sharing 0 changes  totQ=3794.00 totD=19812.62 $4791.53
Relax/Share 1 changes  totQ=3794.00 totD=19885.65 $4790.57
