1
0 -2.497 7.199 3794.0 19885.650390625 113
15984 1 19.0 62.21998977661133 20 500 21
0 0 -2.497 7.199 D
2613 1 23.785 18.103 1
2612 1 23.785 18.103 1
1367 1 21.741 8.856 1
1365 1 21.741 8.856 1
1363 1 21.741 8.856 1
1361 1 21.741 8.856 1
1360 1 21.741 8.856 1
465 1 14.154 8.234 1
464 1 14.154 8.234 1
461 1 14.154 8.234 1
460 1 14.154 8.234 1
457 1 14.154 8.234 1
456 1 14.154 8.234 1
455 1 14.154 8.234 1
452 1 14.154 8.234 1
451 1 14.154 8.234 1
450 1 14.154 8.234 1
448 1 14.154 8.234 1
447 1 14.154 8.234 1
-1 0 -2.497 7.199 D
15986 1 59.0 150.6751251220703 60 500 61
0 0 -2.497 7.199 D
869 1 27.203 28.119 1
868 1 27.203 28.119 1
862 1 27.203 28.119 1
860 1 27.203 28.119 1
859 1 27.203 28.119 1
858 1 27.203 28.119 1
857 1 27.203 28.119 1
856 1 27.203 28.119 1
853 1 27.203 28.119 1
851 1 27.203 28.119 1
849 1 27.203 28.119 1
977 1 37.311 30.365 1
975 1 37.311 30.365 1
971 1 37.311 30.365 1
969 1 37.311 30.365 1
967 1 37.311 30.365 1
965 1 37.311 30.365 1
963 1 37.311 30.365 1
2289 1 40.845 31.671 1
3626 1 64.294 40.881 1
3625 1 64.294 40.881 1
3624 1 64.294 40.881 1
3623 1 64.294 40.881 1
3622 1 64.294 40.881 1
3621 1 64.294 40.881 1
3620 1 64.294 40.881 1
3619 1 64.294 40.881 1
3618 1 64.294 40.881 1
3617 1 64.294 40.881 1
3616 1 64.294 40.881 1
3615 1 64.294 40.881 1
3614 1 64.294 40.881 1
3613 1 64.294 40.881 1
3612 1 64.294 40.881 1
3611 1 64.294 40.881 1
3610 1 64.294 40.881 1
3609 1 64.294 40.881 1
3608 1 64.294 40.881 1
550 1 38.995 24.945 1
549 1 38.995 24.945 1
547 1 38.995 24.945 1
546 1 38.995 24.945 1
545 1 38.995 24.945 1
542 1 38.995 24.945 1
540 1 38.995 24.945 1
536 1 38.995 24.945 1
2630 1 23.785 18.103 1
2629 1 23.785 18.103 1
2628 1 23.785 18.103 1
2627 1 23.785 18.103 1
2626 1 23.785 18.103 1
2625 1 23.785 18.103 1
2623 1 23.785 18.103 1
2621 1 23.785 18.103 1
2620 1 23.785 18.103 1
2619 1 23.785 18.103 1
2618 1 23.785 18.103 1
2617 1 23.785 18.103 1
2614 1 23.785 18.103 1
-1 0 -2.497 7.199 D
15987 2 32.0 62.12885284423828 40 500 34
0 0 -2.497 7.199 D
3159 1 28.406 10.217 2
3158 1 28.406 10.217 2
3157 1 28.406 10.217 2
3156 1 28.406 10.217 2
3155 1 28.406 10.217 2
3154 1 28.406 10.217 2
3108 1 22.614 9.198 2
3107 1 22.614 9.198 2
3106 1 22.614 9.198 2
3105 1 22.614 9.198 2
3104 1 22.614 9.198 2
3103 1 22.614 9.198 2
3102 1 22.614 9.198 2
3101 1 22.614 9.198 2
3100 1 22.614 9.198 2
3099 1 22.614 9.198 2
3098 1 22.614 9.198 2
3097 1 22.614 9.198 2
3096 1 22.614 9.198 2
3095 1 22.614 9.198 2
3094 1 22.614 9.198 2
3093 1 22.614 9.198 2
3092 1 22.614 9.198 2
3091 1 22.614 9.198 2
3090 1 22.614 9.198 2
3089 1 22.614 9.198 2
3088 1 22.614 9.198 2
3087 1 22.614 9.198 2
459 1 14.154 8.234 2
454 1 14.154 8.234 2
453 1 14.154 8.234 2
449 1 14.154 8.234 2
-1 0 -2.497 7.199 D
15988 2 79.0 187.36219787597656 80 500 81
0 0 -2.497 7.199 D
2624 1 23.785 18.103 2
2622 1 23.785 18.103 2
2615 1 23.785 18.103 2
872 1 27.203 28.119 2
867 1 27.203 28.119 2
866 1 27.203 28.119 2
865 1 27.203 28.119 2
861 1 27.203 28.119 2
855 1 27.203 28.119 2
854 1 27.203 28.119 2
852 1 27.203 28.119 2
850 1 27.203 28.119 2
553 1 38.995 24.945 2
552 1 38.995 24.945 2
551 1 38.995 24.945 2
548 1 38.995 24.945 2
543 1 38.995 24.945 2
541 1 38.995 24.945 2
539 1 38.995 24.945 2
537 1 38.995 24.945 2
976 1 37.311 30.365 2
973 1 37.311 30.365 2
972 1 37.311 30.365 2
970 1 37.311 30.365 2
968 1 37.311 30.365 2
964 1 37.311 30.365 2
962 1 37.311 30.365 2
2288 1 40.845 31.671 2
2287 1 40.845 31.671 2
624 1 36.078 35.925 2
623 1 36.078 35.925 2
622 1 36.078 35.925 2
621 1 36.078 35.925 2
620 1 36.078 35.925 2
353 1 42.712 45.27 2
352 1 42.712 45.27 2
350 1 42.712 45.27 2
349 1 42.712 45.27 2
348 1 42.712 45.27 2
347 1 42.712 45.27 2
346 1 42.712 45.27 2
344 1 42.712 45.27 2
3631 1 47.04 48.212 2
3630 1 47.04 48.212 2
3629 1 47.04 48.212 2
3628 1 47.04 48.212 2
3627 1 47.04 48.212 2
1942 1 66.113 34.296 2
1939 1 66.113 34.296 2
1938 1 66.113 34.296 2
1936 1 66.113 34.296 2
1935 1 66.113 34.296 2
1932 1 66.113 34.296 2
1931 1 66.113 34.296 2
1930 1 66.113 34.296 2
1929 1 66.113 34.296 2
1928 1 66.113 34.296 2
1927 1 66.113 34.296 2
1926 1 66.113 34.296 2
1925 1 66.113 34.296 2
1924 1 66.113 34.296 2
1923 1 66.113 34.296 2
1922 1 66.113 34.296 2
1921 1 66.113 34.296 2
1920 1 66.113 34.296 2
1919 1 66.113 34.296 2
1359 1 47.369 25.323 2
1358 1 47.369 25.323 2
1357 1 47.369 25.323 2
1356 1 47.369 25.323 2
1355 1 47.369 25.323 2
1354 1 47.369 25.323 2
1352 1 47.369 25.323 2
1351 1 47.369 25.323 2
1350 1 47.369 25.323 2
1349 1 47.369 25.323 2
577 1 42.535 12.451 2
2435 1 37.231 12.848 2
2424 1 37.231 12.848 2
-1 0 -2.497 7.199 D
15989 2 119.0 208.60379028320312 120 500 121
0 0 -2.497 7.199 D
1701 1 6.433 23.553 2
1700 1 6.433 23.553 2
1699 1 6.433 23.553 2
1698 1 6.433 23.553 2
1696 1 6.433 23.553 2
1695 1 6.433 23.553 2
1694 1 6.433 23.553 2
1693 1 6.433 23.553 2
1692 1 6.433 23.553 2
1691 1 6.433 23.553 2
1690 1 6.433 23.553 2
1689 1 6.433 23.553 2
1688 1 6.433 23.553 2
1687 1 6.433 23.553 2
1686 1 6.433 23.553 2
1685 1 6.433 23.553 2
1684 1 6.433 23.553 2
1683 1 6.433 23.553 2
1682 1 6.433 23.553 2
1681 1 6.433 23.553 2
1680 1 6.433 23.553 2
1677 1 6.433 23.553 2
336 1 13.403 41.626 2
332 1 13.403 41.626 2
371 1 13.049 48.462 2
369 1 13.049 48.462 2
368 1 13.049 48.462 2
1781 1 23.132 50.415 2
3205 1 24.286 65.668 2
3204 1 24.286 65.668 2
3203 1 24.286 65.668 2
3202 1 24.286 65.668 2
3201 1 24.286 65.668 2
1102 1 23.206 66.211 2
1101 1 23.206 66.211 2
2533 1 25.818 68.225 2
2532 1 25.818 68.225 2
2531 1 25.818 68.225 2
2530 1 25.818 68.225 2
2880 1 27.124 81.622 2
2879 1 27.124 81.622 2
2878 1 27.124 81.622 2
2877 1 27.124 81.622 2
2876 1 27.124 81.622 2
2875 1 27.124 81.622 2
2874 1 27.124 81.622 2
2873 1 27.124 81.622 2
2872 1 27.124 81.622 2
2871 1 27.124 81.622 2
2870 1 27.124 81.622 2
2869 1 27.124 81.622 2
2868 1 27.124 81.622 2
2867 1 27.124 81.622 2
2866 1 27.124 81.622 2
2865 1 27.124 81.622 2
2864 1 27.124 81.622 2
2863 1 27.124 81.622 2
2962 1 30.951 83.569 2
2961 1 30.951 83.569 2
2960 1 30.951 83.569 2
2959 1 30.951 83.569 2
2958 1 30.951 83.569 2
2957 1 30.951 83.569 2
2956 1 30.951 83.569 2
2955 1 30.951 83.569 2
2954 1 30.951 83.569 2
2953 1 30.951 83.569 2
2952 1 30.951 83.569 2
2951 1 30.951 83.569 2
2950 1 30.951 83.569 2
2949 1 30.951 83.569 2
2948 1 30.951 83.569 2
284 1 48.236 59.326 2
282 1 48.236 59.326 2
279 1 48.236 59.326 2
273 1 48.236 59.326 2
270 1 48.236 59.326 2
267 1 48.236 59.326 2
265 1 48.236 59.326 2
264 1 48.236 59.326 2
2020 1 44.794 58.502 2
2019 1 44.794 58.502 2
2018 1 44.794 58.502 2
2017 1 44.794 58.502 2
2016 1 44.794 58.502 2
2015 1 44.794 58.502 2
2014 1 44.794 58.502 2
2013 1 44.794 58.502 2
2012 1 44.794 58.502 2
2011 1 44.794 58.502 2
2009 1 44.794 58.502 2
2008 1 44.794 58.502 2
2007 1 44.794 58.502 2
359 1 42.712 45.27 2
358 1 42.712 45.27 2
356 1 42.712 45.27 2
355 1 42.712 45.27 2
1069 1 18.866 43.915 2
1067 1 18.866 43.915 2
1066 1 18.866 43.915 2
1064 1 18.866 43.915 2
1062 1 18.866 43.915 2
1061 1 18.866 43.915 2
1060 1 18.866 43.915 2
1059 1 18.866 43.915 2
1058 1 18.866 43.915 2
1056 1 18.866 43.915 2
1054 1 18.866 43.915 2
1053 1 18.866 43.915 2
1052 1 18.866 43.915 2
1051 1 18.866 43.915 2
129 1 20.343 38.843 2
125 1 20.343 38.843 2
124 1 20.343 38.843 2
119 1 20.343 38.843 2
118 1 20.343 38.843 2
113 1 20.343 38.843 2
2567 1 17.78 38.727 2
2559 1 17.78 38.727 2
-1 0 -2.497 7.199 D
15990 4 59.0 197.13116455078125 60 500 61
0 0 -2.497 7.199 D
2286 1 13.55 11.749 4
2282 1 13.55 11.749 4
864 1 27.203 28.119 4
863 1 27.203 28.119 4
544 1 38.995 24.945 4
538 1 38.995 24.945 4
974 1 37.311 30.365 4
966 1 37.311 30.365 4
1318 1 46.936 42.871 4
1317 1 46.936 42.871 4
1316 1 46.936 42.871 4
1315 1 46.936 42.871 4
1314 1 46.936 42.871 4
1313 1 46.936 42.871 4
1312 1 46.936 42.871 4
1311 1 46.936 42.871 4
1310 1 46.936 42.871 4
1309 1 46.936 42.871 4
1308 1 46.936 42.871 4
1306 1 46.936 42.871 4
1305 1 46.936 42.871 4
1304 1 46.936 42.871 4
1303 1 46.936 42.871 4
1302 1 46.936 42.871 4
3792 1 66.119 45.239 4
3791 1 66.119 45.239 4
3790 1 66.119 45.239 4
3789 1 66.119 45.239 4
3788 1 66.119 45.239 4
3787 1 66.119 45.239 4
3786 1 66.119 45.239 4
3785 1 66.119 45.239 4
1933 1 66.113 34.296 4
2310 1 72.65 18.707 4
2309 1 72.65 18.707 4
2308 1 72.65 18.707 4
2307 1 72.65 18.707 4
2306 1 72.65 18.707 4
2304 1 72.65 18.707 4
2302 1 72.65 18.707 4
2300 1 72.65 18.707 4
2297 1 72.65 18.707 4
2296 1 72.65 18.707 4
2295 1 72.65 18.707 4
2293 1 72.65 18.707 4
2291 1 72.65 18.707 4
2290 1 72.65 18.707 4
578 1 42.535 12.451 4
560 1 42.535 12.451 4
559 1 42.535 12.451 4
1257 1 38.293 7.275 4
1256 1 38.293 7.275 4
1255 1 38.293 7.275 4
1254 1 38.293 7.275 4
1252 1 38.293 7.275 4
1251 1 38.293 7.275 4
463 1 14.154 8.234 4
462 1 14.154 8.234 4
458 1 14.154 8.234 4
-1 0 -2.497 7.199 D
15991 4 99.0 214.70791625976562 100 500 101
0 0 -2.497 7.199 D
1697 1 6.433 23.553 4
1679 1 6.433 23.553 4
1678 1 6.433 23.553 4
2609 1 10.73 38.843 4
2608 1 10.73 38.843 4
2606 1 10.73 38.843 4
2605 1 10.73 38.843 4
2604 1 10.73 38.843 4
2602 1 10.73 38.843 4
2601 1 10.73 38.843 4
2600 1 10.73 38.843 4
2599 1 10.73 38.843 4
2598 1 10.73 38.843 4
2597 1 10.73 38.843 4
2596 1 10.73 38.843 4
2595 1 10.73 38.843 4
2594 1 10.73 38.843 4
2593 1 10.73 38.843 4
2592 1 10.73 38.843 4
2591 1 10.73 38.843 4
122 1 20.343 38.843 4
121 1 20.343 38.843 4
120 1 20.343 38.843 4
117 1 20.343 38.843 4
112 1 20.343 38.843 4
1063 1 18.866 43.915 4
1057 1 18.866 43.915 4
3013 1 17.487 45.19 4
3012 1 17.487 45.19 4
3011 1 17.487 45.19 4
3010 1 17.487 45.19 4
3009 1 17.487 45.19 4
3008 1 17.487 45.19 4
3007 1 17.487 45.19 4
3006 1 17.487 45.19 4
3005 1 17.487 45.19 4
3004 1 17.487 45.19 4
1555 1 20.178 50.519 4
1554 1 20.178 50.519 4
1552 1 20.178 50.519 4
1550 1 20.178 50.519 4
1549 1 20.178 50.519 4
1548 1 20.178 50.519 4
1547 1 20.178 50.519 4
1546 1 20.178 50.519 4
1545 1 20.178 50.519 4
1544 1 20.178 50.519 4
1543 1 20.178 50.519 4
1542 1 20.178 50.519 4
1540 1 20.178 50.519 4
1538 1 20.178 50.519 4
1537 1 20.178 50.519 4
1533 1 20.178 50.519 4
1890 1 9.57 50.092 4
1889 1 9.57 50.092 4
1378 1 9.271 51.581 4
1377 1 9.271 51.581 4
1376 1 9.271 51.581 4
1375 1 9.271 51.581 4
488 1 21.405 79.81 4
487 1 21.405 79.81 4
2840 1 36.383 69.714 4
2839 1 36.383 69.714 4
2838 1 36.383 69.714 4
2837 1 36.383 69.714 4
2836 1 36.383 69.714 4
2835 1 36.383 69.714 4
2834 1 36.383 69.714 4
2833 1 36.383 69.714 4
2832 1 36.383 69.714 4
2831 1 36.383 69.714 4
2830 1 36.383 69.714 4
2829 1 36.383 69.714 4
2828 1 36.383 69.714 4
2827 1 36.383 69.714 4
2826 1 36.383 69.714 4
2825 1 36.383 69.714 4
2824 1 36.383 69.714 4
2823 1 36.383 69.714 4
2822 1 36.383 69.714 4
2821 1 36.383 69.714 4
2820 1 36.383 69.714 4
2819 1 36.383 69.714 4
2818 1 36.383 69.714 4
281 1 48.236 59.326 4
280 1 48.236 59.326 4
278 1 48.236 59.326 4
276 1 48.236 59.326 4
269 1 48.236 59.326 4
1322 1 46.936 42.871 4
1320 1 46.936 42.871 4
1319 1 46.936 42.871 4
361 1 42.712 45.27 4
1806 1 36.359 38.342 4
1804 1 36.359 38.342 4
1803 1 36.359 38.342 4
1802 1 36.359 38.342 4
74 1 18.353 26.764 4
72 1 18.353 26.764 4
-1 0 -2.497 7.199 D
15992 4 159.0 364.63287353515625 160 500 161
0 0 -2.497 7.199 D
12 1 -5.713 17.725 4
11 1 -5.713 17.725 4
8 1 -5.713 17.725 4
5 1 -5.713 17.725 4
1755 1 2.502 26.849 4
1753 1 2.502 26.849 4
1752 1 2.502 26.849 4
1750 1 2.502 26.849 4
1748 1 2.502 26.849 4
1747 1 2.502 26.849 4
1746 1 2.502 26.849 4
1745 1 2.502 26.849 4
195 1 -8.344 29.761 4
442 1 -6.708 37.024 4
1389 1 9.271 51.581 4
1388 1 9.271 51.581 4
1386 1 9.271 51.581 4
1385 1 9.271 51.581 4
1384 1 9.271 51.581 4
1383 1 9.271 51.581 4
1380 1 9.271 51.581 4
1379 1 9.271 51.581 4
2516 1 9.57 64.038 4
2515 1 9.57 64.038 4
2512 1 9.57 64.038 4
2511 1 9.57 64.038 4
2510 1 9.57 64.038 4
2509 1 9.57 64.038 4
2508 1 9.57 64.038 4
1647 1 10.144 65.186 4
1637 1 10.144 65.186 4
2711 1 9.747 77.747 4
414 1 6.555 59.93 4
410 1 6.555 59.93 4
407 1 6.555 59.93 4
394 1 6.555 59.93 4
393 1 6.555 59.93 4
2167 1 0.732 54.944 4
2166 1 0.732 54.944 4
2165 1 0.732 54.944 4
1014 1 -0.165 53.345 4
1013 1 -0.165 53.345 4
1012 1 -0.165 53.345 4
1011 1 -0.165 53.345 4
1010 1 -0.165 53.345 4
1009 1 -0.165 53.345 4
1006 1 -0.165 53.345 4
1005 1 -0.165 53.345 4
1212 1 -12.866 47.046 4
1211 1 -12.866 47.046 4
1209 1 -12.866 47.046 4
1208 1 -12.866 47.046 4
1207 1 -12.866 47.046 4
1206 1 -12.866 47.046 4
1205 1 -12.866 47.046 4
1204 1 -12.866 47.046 4
1203 1 -12.866 47.046 4
1201 1 -12.866 47.046 4
1340 1 -24.475 48.938 4
3227 1 -29.724 42.725 4
3226 1 -29.724 42.725 4
3225 1 -29.724 42.725 4
3224 1 -29.724 42.725 4
3223 1 -29.724 42.725 4
3222 1 -29.724 42.725 4
3221 1 -29.724 42.725 4
3220 1 -29.724 42.725 4
3219 1 -29.724 42.725 4
3218 1 -29.724 42.725 4
2187 1 -53.699 44.574 4
2186 1 -53.699 44.574 4
674 1 -70.764 50.854 4
672 1 -70.764 50.854 4
2450 1 -72.626 21.002 4
2448 1 -72.626 21.002 4
2447 1 -72.626 21.002 4
2445 1 -72.626 21.002 4
773 1 -56.72 13.538 4
882 1 -59.143 5.707 4
877 1 -59.143 5.707 4
876 1 -59.143 5.707 4
110 1 -57.111 5.804 4
3332 1 -40.161 5.762 4
3331 1 -40.161 5.762 4
3330 1 -40.161 5.762 4
3329 1 -40.161 5.762 4
3328 1 -40.161 5.762 4
3327 1 -40.161 5.762 4
3326 1 -40.161 5.762 4
3325 1 -40.161 5.762 4
3324 1 -40.161 5.762 4
3323 1 -40.161 5.762 4
3322 1 -40.161 5.762 4
3321 1 -40.161 5.762 4
3320 1 -40.161 5.762 4
3319 1 -40.161 5.762 4
3318 1 -40.161 5.762 4
3317 1 -40.161 5.762 4
3316 1 -40.161 5.762 4
3315 1 -40.161 5.762 4
3314 1 -40.161 5.762 4
3313 1 -40.161 5.762 4
3312 1 -40.161 5.762 4
3311 1 -40.161 5.762 4
981 1 -43.597 23.92 4
1451 1 -40.118 31.744 4
1450 1 -40.118 31.744 4
1449 1 -40.118 31.744 4
1448 1 -40.118 31.744 4
1978 1 -26.019 36.792 4
1977 1 -26.019 36.792 4
1976 1 -26.019 36.792 4
1975 1 -26.019 36.792 4
1974 1 -26.019 36.792 4
1972 1 -26.019 36.792 4
1971 1 -26.019 36.792 4
1970 1 -26.019 36.792 4
1969 1 -26.019 36.792 4
1967 1 -26.019 36.792 4
1965 1 -26.019 36.792 4
1963 1 -26.019 36.792 4
1962 1 -26.019 36.792 4
1961 1 -26.019 36.792 4
1959 1 -26.019 36.792 4
1958 1 -26.019 36.792 4
1957 1 -26.019 36.792 4
2657 1 -17.383 24.005 4
3513 1 -21.13 22.534 4
3512 1 -21.13 22.534 4
3511 1 -21.13 22.534 4
3510 1 -21.13 22.534 4
3509 1 -21.13 22.534 4
3508 1 -21.13 22.534 4
3507 1 -21.13 22.534 4
3506 1 -21.13 22.534 4
3505 1 -21.13 22.534 4
3504 1 -21.13 22.534 4
3503 1 -21.13 22.534 4
3502 1 -21.13 22.534 4
3501 1 -21.13 22.534 4
3500 1 -21.13 22.534 4
3499 1 -21.13 22.534 4
3498 1 -21.13 22.534 4
3497 1 -21.13 22.534 4
3496 1 -21.13 22.534 4
3495 1 -21.13 22.534 4
3494 1 -21.13 22.534 4
3493 1 -21.13 22.534 4
3492 1 -21.13 22.534 4
3491 1 -21.13 22.534 4
258 1 -19.25 18.634 4
256 1 -19.25 18.634 4
255 1 -19.25 18.634 4
1797 1 -22.9 9.644 4
993 1 -21.265 10.071 4
992 1 -21.265 10.071 4
991 1 -21.265 10.071 4
990 1 -21.265 10.071 4
989 1 -21.265 10.071 4
-1 0 -2.497 7.199 D
15993 8 58.0 239.1197509765625 60 500 60
0 0 -2.497 7.199 D
2284 1 13.55 11.749 8
2283 1 13.55 11.749 8
3657 1 41.663 30.383 8
3656 1 41.663 30.383 8
3655 1 41.663 30.383 8
3654 1 41.663 30.383 8
3653 1 41.663 30.383 8
3652 1 41.663 30.383 8
3651 1 41.663 30.383 8
3650 1 41.663 30.383 8
3649 1 41.663 30.383 8
3648 1 41.663 30.383 8
3647 1 41.663 30.383 8
3646 1 41.663 30.383 8
3645 1 41.663 30.383 8
3644 1 41.663 30.383 8
3643 1 41.663 30.383 8
3642 1 41.663 30.383 8
3641 1 41.663 30.383 8
3640 1 41.663 30.383 8
3639 1 41.663 30.383 8
3638 1 41.663 30.383 8
3637 1 41.663 30.383 8
3636 1 41.663 30.383 8
3635 1 41.663 30.383 8
3634 1 41.663 30.383 8
1353 1 47.369 25.323 8
2303 1 72.65 18.707 8
2301 1 72.65 18.707 8
2298 1 72.65 18.707 8
2294 1 72.65 18.707 8
1941 1 66.113 34.296 8
1940 1 66.113 34.296 8
1937 1 66.113 34.296 8
1934 1 66.113 34.296 8
1511 1 61.011 56.879 8
1510 1 61.011 56.879 8
1509 1 61.011 56.879 8
1508 1 61.011 56.879 8
1507 1 61.011 56.879 8
1506 1 61.011 56.879 8
1505 1 61.011 56.879 8
1504 1 61.011 56.879 8
1501 1 61.011 56.879 8
1497 1 61.011 56.879 8
1496 1 61.011 56.879 8
1495 1 61.011 56.879 8
1494 1 61.011 56.879 8
1493 1 61.011 56.879 8
1492 1 61.011 56.879 8
1491 1 61.011 56.879 8
2021 1 44.794 58.502 8
2010 1 44.794 58.502 8
2006 1 44.794 58.502 8
1307 1 46.936 42.871 8
1801 1 36.359 38.342 8
2519 1 25.214 52.618 8
2518 1 25.214 52.618 8
-1 0 -2.497 7.199 D
15994 8 99.0 367.99139404296875 100 500 101
0 0 -2.497 7.199 D
1754 1 2.502 26.849 8
1751 1 2.502 26.849 8
1749 1 2.502 26.849 8
1826 1 -0.317 28.333 8
2603 1 10.73 38.843 8
1068 1 18.866 43.915 8
1065 1 18.866 43.915 8
1055 1 18.866 43.915 8
1551 1 20.178 50.519 8
1541 1 20.178 50.519 8
1535 1 20.178 50.519 8
1532 1 20.178 50.519 8
2529 1 25.214 52.618 8
2528 1 25.214 52.618 8
2527 1 25.214 52.618 8
2526 1 25.214 52.618 8
2525 1 25.214 52.618 8
2524 1 25.214 52.618 8
2523 1 25.214 52.618 8
2522 1 25.214 52.618 8
2521 1 25.214 52.618 8
2520 1 25.214 52.618 8
2005 1 12.189 80.023 8
2004 1 12.189 80.023 8
2003 1 12.189 80.023 8
2002 1 12.189 80.023 8
2000 1 12.189 80.023 8
1999 1 12.189 80.023 8
1997 1 12.189 80.023 8
1996 1 12.189 80.023 8
1995 1 12.189 80.023 8
1993 1 12.189 80.023 8
1992 1 12.189 80.023 8
1645 1 10.144 65.186 8
1640 1 10.144 65.186 8
1635 1 10.144 65.186 8
2514 1 9.57 64.038 8
2507 1 9.57 64.038 8
1382 1 9.271 51.581 8
1381 1 9.271 51.581 8
1374 1 9.271 51.581 8
2168 1 0.732 54.944 8
1015 1 -0.165 53.345 8
2776 1 -14.441 33.813 8
2775 1 -14.441 33.813 8
2773 1 -14.441 33.813 8
2772 1 -14.441 33.813 8
2771 1 -14.441 33.813 8
2770 1 -14.441 33.813 8
2768 1 -14.441 33.813 8
2767 1 -14.441 33.813 8
2766 1 -14.441 33.813 8
2765 1 -14.441 33.813 8
2764 1 -14.441 33.813 8
2763 1 -14.441 33.813 8
2762 1 -14.441 33.813 8
2761 1 -14.441 33.813 8
2760 1 -14.441 33.813 8
2759 1 -14.441 33.813 8
2757 1 -14.441 33.813 8
2756 1 -14.441 33.813 8
2755 1 -14.441 33.813 8
2754 1 -14.441 33.813 8
2753 1 -14.441 33.813 8
3274 1 -12.219 27.203 8
3273 1 -12.219 27.203 8
3272 1 -12.219 27.203 8
3271 1 -12.219 27.203 8
3270 1 -12.219 27.203 8
3269 1 -12.219 27.203 8
3268 1 -12.219 27.203 8
3267 1 -12.219 27.203 8
3266 1 -12.219 27.203 8
3265 1 -12.219 27.203 8
3264 1 -12.219 27.203 8
3263 1 -12.219 27.203 8
2661 1 -17.383 24.005 8
1973 1 -26.019 36.792 8
1956 1 -26.019 36.792 8
1370 1 -51.996 78.772 8
1369 1 -51.996 78.772 8
1368 1 -51.996 78.772 8
2394 1 -63.007 19.159 8
2392 1 -63.007 19.159 8
2391 1 -63.007 19.159 8
2390 1 -63.007 19.159 8
2388 1 -63.007 19.159 8
2386 1 -63.007 19.159 8
2385 1 -63.007 19.159 8
2383 1 -63.007 19.159 8
2381 1 -63.007 19.159 8
2380 1 -63.007 19.159 8
1447 1 -40.118 31.744 8
2330 1 -27.747 12.543 8
2328 1 -27.747 12.543 8
2327 1 -27.747 12.543 8
2326 1 -27.747 12.543 8
2325 1 -27.747 12.543 8
2324 1 -27.747 12.543 8
-1 0 -2.497 7.199 D
15995 8 159.0 346.24029541015625 160 500 161
0 0 -2.497 7.199 D
3287 1 -24.042 0.574 8
3286 1 -24.042 0.574 8
3285 1 -24.042 0.574 8
3284 1 -24.042 0.574 8
3283 1 -24.042 0.574 8
3282 1 -24.042 0.574 8
3281 1 -24.042 0.574 8
3280 1 -24.042 0.574 8
3279 1 -24.042 0.574 8
3278 1 -24.042 0.574 8
3277 1 -24.042 0.574 8
3276 1 -24.042 0.574 8
3275 1 -24.042 0.574 8
1516 1 -32.721 3.033 8
3454 1 -52.759 6.403 8
3453 1 -52.759 6.403 8
3452 1 -52.759 6.403 8
3451 1 -52.759 6.403 8
3450 1 -52.759 6.403 8
3449 1 -52.759 6.403 8
3448 1 -52.759 6.403 8
3447 1 -52.759 6.403 8
3446 1 -52.759 6.403 8
3445 1 -52.759 6.403 8
3444 1 -52.759 6.403 8
3443 1 -52.759 6.403 8
3442 1 -52.759 6.403 8
3441 1 -52.759 6.403 8
3440 1 -52.759 6.403 8
3439 1 -52.759 6.403 8
3438 1 -52.759 6.403 8
3437 1 -52.759 6.403 8
3436 1 -52.759 6.403 8
3435 1 -52.759 6.403 8
3434 1 -52.759 6.403 8
3433 1 -52.759 6.403 8
3432 1 -52.759 6.403 8
2403 1 -63.007 19.159 8
2402 1 -63.007 19.159 8
2401 1 -63.007 19.159 8
2400 1 -63.007 19.159 8
2399 1 -63.007 19.159 8
2397 1 -63.007 19.159 8
2396 1 -63.007 19.159 8
2395 1 -63.007 19.159 8
2451 1 -72.626 21.002 8
2446 1 -72.626 21.002 8
2347 1 -57.648 -19.995 8
2337 1 -57.648 -19.995 8
2118 1 -68.787 -80.823 8
2117 1 -68.787 -80.823 8
2116 1 -68.787 -80.823 8
2115 1 -68.787 -80.823 8
2114 1 -68.787 -80.823 8
2113 1 -68.787 -80.823 8
2112 1 -68.787 -80.823 8
2111 1 -68.787 -80.823 8
2110 1 -68.787 -80.823 8
2108 1 -68.787 -80.823 8
2107 1 -68.787 -80.823 8
2106 1 -68.787 -80.823 8
2105 1 -68.787 -80.823 8
2104 1 -68.787 -80.823 8
2103 1 -68.787 -80.823 8
2102 1 -68.787 -80.823 8
2101 1 -68.787 -80.823 8
2100 1 -68.787 -80.823 8
2098 1 -68.787 -80.823 8
2097 1 -68.787 -80.823 8
2096 1 -68.787 -80.823 8
2095 1 -68.787 -80.823 8
2467 1 -45.544 -51.996 8
2466 1 -45.544 -51.996 8
2465 1 -45.544 -51.996 8
2464 1 -45.544 -51.996 8
2463 1 -45.544 -51.996 8
2462 1 -45.544 -51.996 8
2461 1 -45.544 -51.996 8
2459 1 -45.544 -51.996 8
2458 1 -45.544 -51.996 8
2457 1 -45.544 -51.996 8
2456 1 -45.544 -51.996 8
2455 1 -45.544 -51.996 8
2453 1 -45.544 -51.996 8
2452 1 -45.544 -51.996 8
1477 1 -21.179 -37.701 8
1476 1 -21.179 -37.701 8
3700 1 -27.429 -27.454 8
3699 1 -27.429 -27.454 8
3698 1 -27.429 -27.454 8
3697 1 -27.429 -27.454 8
3696 1 -27.429 -27.454 8
3695 1 -27.429 -27.454 8
3694 1 -27.429 -27.454 8
3693 1 -27.429 -27.454 8
3692 1 -27.429 -27.454 8
3691 1 -27.429 -27.454 8
3690 1 -27.429 -27.454 8
3689 1 -27.429 -27.454 8
3688 1 -27.429 -27.454 8
3687 1 -27.429 -27.454 8
3686 1 -27.429 -27.454 8
3685 1 -27.429 -27.454 8
3684 1 -27.429 -27.454 8
3683 1 -27.429 -27.454 8
3682 1 -27.429 -27.454 8
3681 1 -27.429 -27.454 8
3680 1 -26.556 -21.509 8
3679 1 -26.556 -21.509 8
3678 1 -26.556 -21.509 8
3677 1 -26.556 -21.509 8
3676 1 -26.556 -21.509 8
3675 1 -26.556 -21.509 8
3674 1 -26.556 -21.509 8
3673 1 -26.556 -21.509 8
3672 1 -26.556 -21.509 8
3671 1 -26.556 -21.509 8
3670 1 -26.556 -21.509 8
3669 1 -26.556 -21.509 8
3668 1 -26.556 -21.509 8
3667 1 -26.556 -21.509 8
3666 1 -26.556 -21.509 8
3665 1 -26.556 -21.509 8
3664 1 -26.556 -21.509 8
3663 1 -26.556 -21.509 8
3662 1 -26.556 -21.509 8
3661 1 -26.556 -21.509 8
3660 1 -26.556 -21.509 8
3659 1 -26.556 -21.509 8
3658 1 -26.556 -21.509 8
2051 1 -31.018 -18.738 8
2050 1 -31.018 -18.738 8
2048 1 -31.018 -18.738 8
2075 1 -33.984 -20.026 8
2074 1 -33.984 -20.026 8
2073 1 -33.984 -20.026 8
2072 1 -33.984 -20.026 8
2071 1 -33.984 -20.026 8
2065 1 -33.984 -20.026 8
2064 1 -33.984 -20.026 8
2063 1 -33.984 -20.026 8
2062 1 -33.984 -20.026 8
2061 1 -33.984 -20.026 8
2059 1 -33.984 -20.026 8
2058 1 -33.984 -20.026 8
2057 1 -33.984 -20.026 8
2056 1 -33.984 -20.026 8
1337 1 -37.939 -24.353 8
1330 1 -37.939 -24.353 8
2797 1 -45.081 -22.284 8
2795 1 -45.081 -22.284 8
2778 1 -45.081 -22.284 8
1171 1 -41.382 -17.096 8
1170 1 -41.382 -17.096 8
3217 1 -34.21 -11.206 8
3216 1 -34.21 -11.206 8
3215 1 -34.21 -11.206 8
3214 1 -34.21 -11.206 8
1990 1 -12.793 -10.602 8
-1 0 -2.497 7.199 D
15996 16 16.0 210.57513427734375 20 500 18
0 0 -2.497 7.199 D
1362 1 21.741 8.856 16
2260 1 22.614 34.668 16
2249 1 22.614 34.668 16
1503 1 61.011 56.879 16
2970 1 70.19 26.44 16
2969 1 70.19 26.44 16
2968 1 70.19 26.44 16
2967 1 70.19 26.44 16
2966 1 70.19 26.44 16
2965 1 70.19 26.44 16
2964 1 70.19 26.44 16
2963 1 70.19 26.44 16
2305 1 72.65 18.707 16
2299 1 72.65 18.707 16
2292 1 72.65 18.707 16
2285 1 13.55 11.749 16
-1 0 -2.497 7.199 D
15997 16 39.0 273.835693359375 40 500 41
0 0 -2.497 7.199 D
3583 1 32.709 33.667 16
3582 1 32.709 33.667 16
3581 1 32.709 33.667 16
3580 1 32.709 33.667 16
3579 1 32.709 33.667 16
1553 1 20.178 50.519 16
1539 1 20.178 50.519 16
1536 1 20.178 50.519 16
1534 1 20.178 50.519 16
2001 1 12.189 80.023 16
1994 1 12.189 80.023 16
1991 1 12.189 80.023 16
3732 1 -35.992 97.54 16
3731 1 -35.992 97.54 16
3730 1 -35.992 97.54 16
3729 1 -35.992 97.54 16
3728 1 -35.992 97.54 16
3727 1 -35.992 97.54 16
3726 1 -35.992 97.54 16
3725 1 -35.992 97.54 16
3724 1 -35.992 97.54 16
3723 1 -35.992 97.54 16
3722 1 -35.992 97.54 16
3721 1 -35.992 97.54 16
3720 1 -35.992 97.54 16
3719 1 -35.992 97.54 16
3718 1 -35.992 97.54 16
3717 1 -35.992 97.54 16
3716 1 -35.992 97.54 16
3715 1 -35.992 97.54 16
3714 1 -35.992 97.54 16
1210 1 -12.866 47.046 16
1202 1 -12.866 47.046 16
1008 1 -0.165 53.345 16
1007 1 -0.165 53.345 16
1387 1 9.271 51.581 16
2610 1 10.73 38.843 16
2607 1 10.73 38.843 16
1756 1 2.502 26.849 16
-1 0 -2.497 7.199 D
15998 16 55.0 183.52316284179688 60 500 57
0 0 -2.497 7.199 D
2579 1 -18.683 14.941 16
3574 1 -22.827 21.033 16
3573 1 -22.827 21.033 16
3572 1 -22.827 21.033 16
3571 1 -22.827 21.033 16
3570 1 -22.827 21.033 16
3569 1 -22.827 21.033 16
3568 1 -22.827 21.033 16
3567 1 -22.827 21.033 16
3566 1 -22.827 21.033 16
3565 1 -22.827 21.033 16
3564 1 -22.827 21.033 16
3563 1 -22.827 21.033 16
3562 1 -22.827 21.033 16
3561 1 -22.827 21.033 16
3560 1 -22.827 21.033 16
3559 1 -22.827 21.033 16
3558 1 -22.827 21.033 16
3557 1 -22.827 21.033 16
3556 1 -22.827 21.033 16
3555 1 -22.827 21.033 16
3554 1 -22.827 21.033 16
3553 1 -22.827 21.033 16
3552 1 -22.827 21.033 16
3551 1 -22.827 21.033 16
3550 1 -22.827 21.033 16
2986 1 -61.493 15.594 16
2985 1 -61.493 15.594 16
2984 1 -61.493 15.594 16
2983 1 -61.493 15.594 16
2982 1 -61.493 15.594 16
2981 1 -61.493 15.594 16
2980 1 -61.493 15.594 16
2979 1 -61.493 15.594 16
2978 1 -61.493 15.594 16
2977 1 -61.493 15.594 16
2976 1 -61.493 15.594 16
2975 1 -61.493 15.594 16
2974 1 -61.493 15.594 16
2973 1 -61.493 15.594 16
2972 1 -61.493 15.594 16
2971 1 -61.493 15.594 16
2449 1 -72.626 21.002 16
2911 1 -65.607 45.197 16
2910 1 -65.607 45.197 16
2909 1 -65.607 45.197 16
2908 1 -65.607 45.197 16
2907 1 -65.607 45.197 16
2906 1 -65.607 45.197 16
2905 1 -65.607 45.197 16
1968 1 -26.019 36.792 16
1966 1 -26.019 36.792 16
1964 1 -26.019 36.792 16
1960 1 -26.019 36.792 16
2769 1 -14.441 33.813 16
-1 0 -2.497 7.199 D
15999 32 39.0 206.93817138671875 40 500 41
0 0 -2.497 7.199 D
2616 1 23.785 18.103 32
2611 1 23.785 18.103 32
2256 1 22.614 34.668 32
2252 1 22.614 34.668 32
2246 1 22.614 34.668 32
2503 1 37.585 51.349 32
2489 1 37.585 51.349 32
1502 1 61.011 56.879 32
1500 1 61.011 56.879 32
1499 1 61.011 56.879 32
1498 1 61.011 56.879 32
3431 1 63.19 8.197 32
3430 1 63.19 8.197 32
3429 1 63.19 8.197 32
3428 1 63.19 8.197 32
3427 1 63.19 8.197 32
3426 1 63.19 8.197 32
3425 1 63.19 8.197 32
3424 1 63.19 8.197 32
3423 1 63.19 8.197 32
3422 1 63.19 8.197 32
3421 1 63.19 8.197 32
3420 1 63.19 8.197 32
3419 1 63.19 8.197 32
3418 1 63.19 8.197 32
3417 1 63.19 8.197 32
3416 1 63.19 8.197 32
3415 1 63.19 8.197 32
3414 1 63.19 8.197 32
3413 1 63.19 8.197 32
3412 1 63.19 8.197 32
3411 1 63.19 8.197 32
3410 1 63.19 8.197 32
3409 1 63.19 8.197 32
3408 1 63.19 8.197 32
2440 1 37.231 12.848 32
2432 1 37.231 12.848 32
1366 1 21.741 8.856 32
1364 1 21.741 8.856 32
-1 0 -2.497 7.199 D
16000 32 77.0 335.2684020996094 80 500 79
0 0 -2.497 7.199 D
2565 1 17.78 38.727 32
1784 1 23.132 50.415 32
1783 1 23.132 50.415 32
1782 1 23.132 50.415 32
2517 1 25.214 52.618 32
2504 1 37.585 51.349 32
1405 1 36.182 95.209 32
3310 1 33.331 93.042 32
3309 1 33.331 93.042 32
3308 1 33.331 93.042 32
3307 1 33.331 93.042 32
3306 1 33.331 93.042 32
3305 1 33.331 93.042 32
3304 1 33.331 93.042 32
3303 1 33.331 93.042 32
3302 1 33.331 93.042 32
3301 1 33.331 93.042 32
3300 1 33.331 93.042 32
3299 1 33.331 93.042 32
3298 1 33.331 93.042 32
3297 1 33.331 93.042 32
3296 1 33.331 93.042 32
3295 1 33.331 93.042 32
3294 1 33.331 93.042 32
3293 1 33.331 93.042 32
3292 1 33.331 93.042 32
3291 1 33.331 93.042 32
3290 1 33.331 93.042 32
3289 1 33.331 93.042 32
3288 1 33.331 93.042 32
2737 1 22.711 85.693 32
1998 1 12.189 80.023 32
1113 1 23.206 66.211 32
1108 1 23.206 66.211 32
1107 1 23.206 66.211 32
1097 1 23.206 66.211 32
2774 1 -14.441 33.813 32
2758 1 -14.441 33.813 32
1587 1 -18.652 30.988 32
1586 1 -18.652 30.988 32
1584 1 -18.652 30.988 32
2398 1 -63.007 19.159 32
2393 1 -63.007 19.159 32
2389 1 -63.007 19.159 32
2387 1 -63.007 19.159 32
2384 1 -63.007 19.159 32
2382 1 -63.007 19.159 32
2271 1 -32.666 5.585 32
2329 1 -27.747 12.543 32
3084 1 -21.283 10.26 32
3083 1 -21.283 10.26 32
3082 1 -21.283 10.26 32
3081 1 -21.283 10.26 32
3080 1 -21.283 10.26 32
3079 1 -21.283 10.26 32
3078 1 -21.283 10.26 32
3077 1 -21.283 10.26 32
3076 1 -21.283 10.26 32
3075 1 -21.283 10.26 32
3074 1 -21.283 10.26 32
3713 1 -16.553 20.068 32
3712 1 -16.553 20.068 32
3711 1 -16.553 20.068 32
3710 1 -16.553 20.068 32
3709 1 -16.553 20.068 32
3708 1 -16.553 20.068 32
3707 1 -16.553 20.068 32
3706 1 -16.553 20.068 32
3705 1 -16.553 20.068 32
3704 1 -16.553 20.068 32
3703 1 -16.553 20.068 32
3702 1 -16.553 20.068 32
3701 1 -16.553 20.068 32
3073 1 -11.108 17.065 32
3072 1 -11.108 17.065 32
3071 1 -11.108 17.065 32
3070 1 -11.108 17.065 32
-1 0 -2.497 7.199 D
16001 32 96.0 490.94970703125 120 500 98
0 0 -2.497 7.199 D
3086 1 -14.868 1.917 32
3085 1 -14.868 1.917 32
2817 1 -47.333 -14.667 32
2816 1 -47.333 -14.667 32
2815 1 -47.333 -14.667 32
2814 1 -47.333 -14.667 32
2813 1 -47.333 -14.667 32
2812 1 -47.333 -14.667 32
2811 1 -47.333 -14.667 32
2810 1 -47.333 -14.667 32
2809 1 -47.333 -14.667 32
2808 1 -47.333 -14.667 32
2807 1 -47.333 -14.667 32
2806 1 -47.333 -14.667 32
2805 1 -47.333 -14.667 32
2804 1 -47.333 -14.667 32
2803 1 -47.333 -14.667 32
2802 1 -47.333 -14.667 32
2801 1 -47.333 -14.667 32
2800 1 -47.333 -14.667 32
1425 1 -51.544 -7.245 32
1226 1 -56.238 -7.581 32
1216 1 -56.238 -7.581 32
1165 1 -58.789 -19.824 32
1158 1 -58.789 -19.824 32
1148 1 -58.789 -19.824 32
2279 1 -70.917 1.385 32
2129 1 -80.621 -5.713 32
1071 1 -74.237 -9.357 32
1070 1 -74.237 -9.357 32
2137 1 -80.621 -5.713 32
1475 1 -75.055 -18.445 32
1471 1 -75.055 -18.445 32
1766 1 -81.464 -21.259 32
2109 1 -68.787 -80.823 32
1908 1 -49.554 -76.062 32
1903 1 -49.554 -76.062 32
1902 1 -49.554 -76.062 32
1726 1 -22.675 -90.125 32
1725 1 -22.675 -90.125 32
1604 1 -19.885 -88.281 32
1603 1 -19.885 -88.281 32
3488 1 5.933 -89.929 32
3487 1 5.933 -89.929 32
3486 1 5.933 -89.929 32
3485 1 5.933 -89.929 32
3484 1 5.933 -89.929 32
3483 1 5.933 -89.929 32
3482 1 5.933 -89.929 32
3481 1 5.933 -89.929 32
3480 1 5.933 -89.929 32
3479 1 5.933 -89.929 32
3407 1 14.044 -73.004 32
3406 1 14.044 -73.004 32
3405 1 14.044 -73.004 32
3404 1 14.044 -73.004 32
3403 1 14.044 -73.004 32
3402 1 14.044 -73.004 32
3401 1 14.044 -73.004 32
3400 1 14.044 -73.004 32
3399 1 14.044 -73.004 32
3398 1 14.044 -73.004 32
3397 1 14.044 -73.004 32
3396 1 14.044 -73.004 32
3395 1 14.044 -73.004 32
3394 1 14.044 -73.004 32
3393 1 14.044 -73.004 32
3392 1 14.044 -73.004 32
3391 1 14.044 -73.004 32
3390 1 14.044 -73.004 32
3389 1 14.044 -73.004 32
3388 1 14.044 -73.004 32
3387 1 14.044 -73.004 32
3386 1 14.044 -73.004 32
3385 1 14.044 -73.004 32
3384 1 14.044 -73.004 32
3587 1 8.301 -50.592 32
3586 1 8.301 -50.592 32
3585 1 8.301 -50.592 32
3584 1 8.301 -50.592 32
1297 1 -18.561 -72.882 32
1290 1 -18.561 -72.882 32
2454 1 -45.544 -51.996 32
2679 1 -48.395 -25.269 32
2669 1 -48.395 -25.269 32
1002 1 -41.327 -19.958 32
2069 1 -33.984 -20.026 32
2067 1 -33.984 -20.026 32
2066 1 -33.984 -20.026 32
2060 1 -33.984 -20.026 32
1742 1 -16.077 -19.287 32
1734 1 -16.077 -19.287 32
2418 1 -14.764 -10.876 32
2416 1 -14.764 -10.876 32
1989 1 -12.793 -10.602 32
1988 1 -12.793 -10.602 32
-1 0 -2.497 7.199 D
16002 1 19.0 142.96136474609375 20 500 21
0 0 -2.497 7.199 D
2752 1 47.845 56.934 1
2751 1 47.845 56.934 1
2750 1 47.845 56.934 1
2749 1 47.845 56.934 1
2748 1 47.845 56.934 1
2747 1 47.845 56.934 1
2746 1 47.845 56.934 1
2745 1 47.845 56.934 1
2744 1 47.845 56.934 1
2743 1 47.845 56.934 1
363 1 42.712 45.27 1
362 1 42.712 45.27 1
360 1 42.712 45.27 1
357 1 42.712 45.27 1
354 1 42.712 45.27 1
351 1 42.712 45.27 1
345 1 42.712 45.27 1
871 1 27.203 28.119 1
870 1 27.203 28.119 1
-1 0 -2.497 7.199 D
16003 1 19.0 145.56497192382812 20 500 21
0 0 -2.497 7.199 D
73 1 18.353 26.764 1
283 1 48.236 59.326 1
277 1 48.236 59.326 1
275 1 48.236 59.326 1
274 1 48.236 59.326 1
272 1 48.236 59.326 1
271 1 48.236 59.326 1
268 1 48.236 59.326 1
266 1 48.236 59.326 1
2248 1 22.614 34.668 1
2247 1 22.614 34.668 1
2245 1 22.614 34.668 1
2244 1 22.614 34.668 1
2243 1 22.614 34.668 1
2242 1 22.614 34.668 1
2241 1 22.614 34.668 1
2240 1 22.614 34.668 1
2239 1 22.614 34.668 1
2238 1 22.614 34.668 1
-1 0 -2.497 7.199 D
16004 1 19.0 119.26145935058594 20 500 21
0 0 -2.497 7.199 D
2494 1 37.585 51.349 1
2493 1 37.585 51.349 1
2492 1 37.585 51.349 1
2491 1 37.585 51.349 1
2490 1 37.585 51.349 1
2488 1 37.585 51.349 1
2487 1 37.585 51.349 1
2486 1 37.585 51.349 1
2485 1 37.585 51.349 1
2484 1 37.585 51.349 1
2261 1 22.614 34.668 1
2259 1 22.614 34.668 1
2258 1 22.614 34.668 1
2257 1 22.614 34.668 1
2255 1 22.614 34.668 1
2254 1 22.614 34.668 1
2253 1 22.614 34.668 1
2251 1 22.614 34.668 1
2250 1 22.614 34.668 1
-1 0 -2.497 7.199 D
16005 1 19.0 119.31365966796875 20 500 21
0 0 -2.497 7.199 D
1778 1 7.642 20.032 1
1777 1 7.642 20.032 1
1776 1 7.642 20.032 1
1775 1 7.642 20.032 1
1774 1 7.642 20.032 1
1773 1 7.642 20.032 1
1772 1 7.642 20.032 1
1771 1 7.642 20.032 1
1770 1 7.642 20.032 1
2506 1 37.585 51.349 1
2505 1 37.585 51.349 1
2502 1 37.585 51.349 1
2501 1 37.585 51.349 1
2500 1 37.585 51.349 1
2499 1 37.585 51.349 1
2498 1 37.585 51.349 1
2497 1 37.585 51.349 1
2496 1 37.585 51.349 1
2495 1 37.585 51.349 1
-1 0 -2.497 7.199 D
16006 1 19.0 118.05563354492188 20 500 21
0 0 -2.497 7.199 D
116 1 20.343 38.843 1
115 1 20.343 38.843 1
114 1 20.343 38.843 1
3200 1 33.008 54.34 1
3199 1 33.008 54.34 1
3198 1 33.008 54.34 1
3197 1 33.008 54.34 1
3196 1 33.008 54.34 1
3195 1 33.008 54.34 1
3194 1 33.008 54.34 1
3193 1 33.008 54.34 1
3192 1 33.008 54.34 1
3191 1 33.008 54.34 1
3190 1 33.008 54.34 1
3189 1 33.008 54.34 1
3188 1 33.008 54.34 1
3187 1 33.008 54.34 1
3186 1 33.008 54.34 1
3185 1 33.008 54.34 1
-1 0 -2.497 7.199 D
16007 1 19.0 79.07698059082031 20 500 21
0 0 -2.497 7.199 D
2570 1 17.78 38.727 1
2569 1 17.78 38.727 1
2568 1 17.78 38.727 1
2566 1 17.78 38.727 1
2564 1 17.78 38.727 1
2563 1 17.78 38.727 1
2562 1 17.78 38.727 1
2561 1 17.78 38.727 1
2560 1 17.78 38.727 1
2558 1 17.78 38.727 1
2557 1 17.78 38.727 1
2556 1 17.78 38.727 1
2555 1 17.78 38.727 1
2554 1 17.78 38.727 1
2553 1 17.78 38.727 1
128 1 20.343 38.843 1
127 1 20.343 38.843 1
126 1 20.343 38.843 1
123 1 20.343 38.843 1
-1 0 -2.497 7.199 D
16008 1 19.0 101.75322723388672 20 500 21
0 0 -2.497 7.199 D
2576 1 15.045 45.02 1
2575 1 15.045 45.02 1
2574 1 15.045 45.02 1
2573 1 15.045 45.02 1
2572 1 15.045 45.02 1
1795 1 23.132 50.415 1
1794 1 23.132 50.415 1
1793 1 23.132 50.415 1
1792 1 23.132 50.415 1
1791 1 23.132 50.415 1
1790 1 23.132 50.415 1
1789 1 23.132 50.415 1
1788 1 23.132 50.415 1
1787 1 23.132 50.415 1
1786 1 23.132 50.415 1
1785 1 23.132 50.415 1
1780 1 23.132 50.415 1
1779 1 23.132 50.415 1
2571 1 17.78 38.727 1
-1 0 -2.497 7.199 D
16009 1 19.0 192.28440856933594 20 500 21
0 0 -2.497 7.199 D
338 1 13.403 41.626 1
337 1 13.403 41.626 1
335 1 13.403 41.626 1
334 1 13.403 41.626 1
333 1 13.403 41.626 1
331 1 13.403 41.626 1
330 1 13.403 41.626 1
2578 1 15.045 45.02 1
2577 1 15.045 45.02 1
1400 1 36.182 95.209 1
1399 1 36.182 95.209 1
1398 1 36.182 95.209 1
1397 1 36.182 95.209 1
1396 1 36.182 95.209 1
1395 1 36.182 95.209 1
1394 1 36.182 95.209 1
1393 1 36.182 95.209 1
1392 1 36.182 95.209 1
1391 1 36.182 95.209 1
-1 0 -2.497 7.199 D
16010 1 19.0 192.26988220214844 20 500 21
0 0 -2.497 7.199 D
1115 1 23.206 66.211 1
1114 1 23.206 66.211 1
1112 1 23.206 66.211 1
1111 1 23.206 66.211 1
1110 1 23.206 66.211 1
1109 1 23.206 66.211 1
1106 1 23.206 66.211 1
1105 1 23.206 66.211 1
1104 1 23.206 66.211 1
1103 1 23.206 66.211 1
1100 1 23.206 66.211 1
1099 1 23.206 66.211 1
1098 1 23.206 66.211 1
1096 1 23.206 66.211 1
1406 1 36.182 95.209 1
1404 1 36.182 95.209 1
1403 1 36.182 95.209 1
1402 1 36.182 95.209 1
1401 1 36.182 95.209 1
-1 0 -2.497 7.199 D
16011 1 19.0 152.98077392578125 20 500 21
0 0 -2.497 7.199 D
475 1 21.405 79.81 1
473 1 21.405 79.81 1
472 1 21.405 79.81 1
471 1 21.405 79.81 1
469 1 21.405 79.81 1
468 1 21.405 79.81 1
467 1 21.405 79.81 1
466 1 21.405 79.81 1
377 1 13.049 48.462 1
376 1 13.049 48.462 1
375 1 13.049 48.462 1
374 1 13.049 48.462 1
373 1 13.049 48.462 1
372 1 13.049 48.462 1
370 1 13.049 48.462 1
367 1 13.049 48.462 1
366 1 13.049 48.462 1
365 1 13.049 48.462 1
364 1 13.049 48.462 1
-1 0 -2.497 7.199 D
16012 2 39.0 171.14755249023438 40 500 41
0 0 -2.497 7.199 D
1888 1 9.57 50.092 2
489 1 21.405 79.81 2
484 1 21.405 79.81 2
483 1 21.405 79.81 2
482 1 21.405 79.81 2
477 1 21.405 79.81 2
474 1 21.405 79.81 2
470 1 21.405 79.81 2
2735 1 22.711 85.693 2
2723 1 9.747 77.747 2
2722 1 9.747 77.747 2
2721 1 9.747 77.747 2
2720 1 9.747 77.747 2
2719 1 9.747 77.747 2
2718 1 9.747 77.747 2
2717 1 9.747 77.747 2
2716 1 9.747 77.747 2
2715 1 9.747 77.747 2
2714 1 9.747 77.747 2
2713 1 9.747 77.747 2
2712 1 9.747 77.747 2
2710 1 9.747 77.747 2
2709 1 9.747 77.747 2
2708 1 9.747 77.747 2
1646 1 10.144 65.186 2
1644 1 10.144 65.186 2
1643 1 10.144 65.186 2
1642 1 10.144 65.186 2
1641 1 10.144 65.186 2
1639 1 10.144 65.186 2
1638 1 10.144 65.186 2
1636 1 10.144 65.186 2
1634 1 10.144 65.186 2
1633 1 10.144 65.186 2
2054 1 7.996 59.747 2
2053 1 7.996 59.747 2
402 1 6.555 59.93 2
400 1 6.555 59.93 2
396 1 6.555 59.93 2
-1 0 -2.497 7.199 D
16013 1 19.0 164.91249084472656 20 500 21
0 0 -2.497 7.199 D
2736 1 22.711 85.693 1
2734 1 22.711 85.693 1
2733 1 22.711 85.693 1
2732 1 22.711 85.693 1
2731 1 22.711 85.693 1
2730 1 22.711 85.693 1
2729 1 22.711 85.693 1
2728 1 22.711 85.693 1
2727 1 22.711 85.693 1
2726 1 22.711 85.693 1
2725 1 22.711 85.693 1
2724 1 22.711 85.693 1
486 1 21.405 79.81 1
485 1 21.405 79.81 1
481 1 21.405 79.81 1
480 1 21.405 79.81 1
479 1 21.405 79.81 1
478 1 21.405 79.81 1
476 1 21.405 79.81 1
-1 0 -2.497 7.199 D
16014 1 19.0 187.2141876220703 20 500 21
0 0 -2.497 7.199 D
2742 1 22.711 85.693 1
2741 1 22.711 85.693 1
2740 1 22.711 85.693 1
2739 1 22.711 85.693 1
2738 1 22.711 85.693 1
385 1 8.478 94.44 1
384 1 8.478 94.44 1
382 1 8.478 94.44 1
380 1 8.478 94.44 1
378 1 8.478 94.44 1
409 1 6.555 59.93 1
405 1 6.555 59.93 1
404 1 6.555 59.93 1
403 1 6.555 59.93 1
401 1 6.555 59.93 1
399 1 6.555 59.93 1
398 1 6.555 59.93 1
397 1 6.555 59.93 1
395 1 6.555 59.93 1
-1 0 -2.497 7.199 D
16015 2 39.0 185.07286071777344 40 500 41
0 0 -2.497 7.199 D
445 1 -6.708 37.024 2
444 1 -6.708 37.024 2
440 1 -6.708 37.024 2
439 1 -6.708 37.024 2
438 1 -6.708 37.024 2
1142 1 -12.958 72.906 2
1141 1 -12.958 72.906 2
1140 1 -12.958 72.906 2
1139 1 -12.958 72.906 2
1138 1 -12.958 72.906 2
1137 1 -12.958 72.906 2
1136 1 -12.958 72.906 2
1135 1 -12.958 72.906 2
1134 1 -12.958 72.906 2
1133 1 -12.958 72.906 2
1132 1 -12.958 72.906 2
1131 1 -12.958 72.906 2
1130 1 -12.958 72.906 2
1129 1 -12.958 72.906 2
1128 1 -12.958 72.906 2
1127 1 -12.958 72.906 2
1126 1 -12.958 72.906 2
383 1 8.478 94.44 2
381 1 8.478 94.44 2
379 1 8.478 94.44 2
413 1 6.555 59.93 2
412 1 6.555 59.93 2
411 1 6.555 59.93 2
408 1 6.555 59.93 2
406 1 6.555 59.93 2
1830 1 -0.317 28.333 2
1829 1 -0.317 28.333 2
1828 1 -0.317 28.333 2
1827 1 -0.317 28.333 2
1825 1 -0.317 28.333 2
1824 1 -0.317 28.333 2
1823 1 -0.317 28.333 2
1822 1 -0.317 28.333 2
1821 1 -0.317 28.333 2
-1 0 -2.497 7.199 D
16016 1 19.0 178.09048461914062 20 500 21
0 0 -2.497 7.199 D
17 1 -5.713 17.725 1
15 1 -5.713 17.725 1
10 1 -5.713 17.725 1
7 1 -5.713 17.725 1
4 1 -5.713 17.725 1
3 1 -5.713 17.725 1
1 1 -5.713 17.725 1
200 1 -8.344 29.761 1
197 1 -8.344 29.761 1
196 1 -8.344 29.761 1
194 1 -8.344 29.761 1
193 1 -8.344 29.761 1
446 1 -6.708 37.024 1
443 1 -6.708 37.024 1
441 1 -6.708 37.024 1
437 1 -6.708 37.024 1
388 1 8.478 94.44 1
387 1 8.478 94.44 1
386 1 8.478 94.44 1
-1 0 -2.497 7.199 D
16017 2 39.0 146.83265686035156 40 500 41
0 0 -2.497 7.199 D
22 1 -5.713 17.725 2
21 1 -5.713 17.725 2
16 1 -5.713 17.725 2
14 1 -5.713 17.725 2
13 1 -5.713 17.725 2
9 1 -5.713 17.725 2
6 1 -5.713 17.725 2
2 1 -5.713 17.725 2
3357 1 -11.627 23.56 2
848 1 -12.494 26.123 2
845 1 -12.494 26.123 2
843 1 -12.494 26.123 2
841 1 -12.494 26.123 2
840 1 -12.494 26.123 2
839 1 -12.494 26.123 2
837 1 -12.494 26.123 2
836 1 -12.494 26.123 2
835 1 -12.494 26.123 2
834 1 -12.494 26.123 2
832 1 -12.494 26.123 2
831 1 -12.494 26.123 2
830 1 -12.494 26.123 2
203 1 -8.344 29.761 2
202 1 -8.344 29.761 2
201 1 -8.344 29.761 2
199 1 -8.344 29.761 2
198 1 -8.344 29.761 2
192 1 -8.344 29.761 2
1390 1 -9.369 32.239 2
1145 1 -12.958 72.906 2
1144 1 -12.958 72.906 2
1143 1 -12.958 72.906 2
417 1 -24.286 54.797 2
392 1 -24.786 54.529 2
391 1 -24.786 54.529 2
2658 1 -17.383 24.005 2
2656 1 -17.383 24.005 2
2655 1 -17.383 24.005 2
2654 1 -17.383 24.005 2
-1 0 -2.497 7.199 D
16018 1 19.0 105.50501251220703 20 500 21
0 0 -2.497 7.199 D
20 1 -5.713 17.725 1
19 1 -5.713 17.725 1
18 1 -5.713 17.725 1
416 1 -24.286 54.797 1
415 1 -24.286 54.797 1
1348 1 -24.475 48.938 1
1347 1 -24.475 48.938 1
1346 1 -24.475 48.938 1
1345 1 -24.475 48.938 1
1344 1 -24.475 48.938 1
1343 1 -24.475 48.938 1
1342 1 -24.475 48.938 1
1341 1 -24.475 48.938 1
1339 1 -24.475 48.938 1
842 1 -12.494 26.123 1
838 1 -12.494 26.123 1
833 1 -12.494 26.123 1
3490 1 -9.302 20.227 1
3489 1 -9.302 20.227 1
-1 0 -2.497 7.199 D
16019 1 19.0 68.57704162597656 20 500 21
0 0 -2.497 7.199 D
580 1 -9.766 14.752 1
1513 1 -19.421 26.886 1
1512 1 -19.421 26.886 1
130 1 -25.366 28.339 1
1591 1 -18.652 30.988 1
1590 1 -18.652 30.988 1
1589 1 -18.652 30.988 1
1588 1 -18.652 30.988 1
1585 1 -18.652 30.988 1
1583 1 -18.652 30.988 1
1582 1 -18.652 30.988 1
1581 1 -18.652 30.988 1
1580 1 -18.652 30.988 1
1579 1 -18.652 30.988 1
1578 1 -18.652 30.988 1
1577 1 -18.652 30.988 1
847 1 -12.494 26.123 1
846 1 -12.494 26.123 1
844 1 -12.494 26.123 1
-1 0 -2.497 7.199 D
16020 2 39.0 153.9095001220703 40 500 41
0 0 -2.497 7.199 D
257 1 -19.25 18.634 2
254 1 -19.25 18.634 2
251 1 -19.25 18.634 2
249 1 -19.25 18.634 2
247 1 -19.25 18.634 2
245 1 -19.25 18.634 2
244 1 -19.25 18.634 2
242 1 -19.25 18.634 2
144 1 -25.366 28.339 2
143 1 -25.366 28.339 2
141 1 -25.366 28.339 2
140 1 -25.366 28.339 2
138 1 -25.366 28.339 2
137 1 -25.366 28.339 2
135 1 -25.366 28.339 2
134 1 -25.366 28.339 2
131 1 -25.366 28.339 2
2469 1 -37.482 37.079 2
2185 1 -53.699 44.574 2
2184 1 -53.699 44.574 2
2183 1 -53.699 44.574 2
2182 1 -53.699 44.574 2
2181 1 -53.699 44.574 2
2180 1 -53.699 44.574 2
2179 1 -53.699 44.574 2
2178 1 -53.699 44.574 2
2177 1 -53.699 44.574 2
2176 1 -53.699 44.574 2
2175 1 -53.699 44.574 2
2174 1 -53.699 44.574 2
77 1 -50.891 61.176 2
76 1 -50.891 61.176 2
75 1 -50.891 61.176 2
2664 1 -17.383 24.005 2
2663 1 -17.383 24.005 2
2662 1 -17.383 24.005 2
2660 1 -17.383 24.005 2
2659 1 -17.383 24.005 2
581 1 -9.766 14.752 2
-1 0 -2.497 7.199 D
16021 1 19.0 92.74764251708984 20 500 21
0 0 -2.497 7.199 D
250 1 -19.25 18.634 1
248 1 -19.25 18.634 1
246 1 -19.25 18.634 1
243 1 -19.25 18.634 1
241 1 -19.25 18.634 1
240 1 -19.25 18.634 1
1676 1 -32.41 28.625 1
1675 1 -32.41 28.625 1
1674 1 -32.41 28.625 1
1673 1 -32.41 28.625 1
1672 1 -32.41 28.625 1
1671 1 -32.41 28.625 1
1670 1 -32.41 28.625 1
2468 1 -37.482 37.079 1
142 1 -25.366 28.339 1
139 1 -25.366 28.339 1
136 1 -25.366 28.339 1
133 1 -25.366 28.339 1
132 1 -25.366 28.339 1
-1 0 -2.497 7.199 D
16022 1 19.0 163.72434997558594 20 500 21
0 0 -2.497 7.199 D
262 1 -19.25 18.634 1
261 1 -19.25 18.634 1
259 1 -19.25 18.634 1
253 1 -19.25 18.634 1
252 1 -19.25 18.634 1
682 1 -70.764 50.854 1
680 1 -70.764 50.854 1
679 1 -70.764 50.854 1
676 1 -70.764 50.854 1
675 1 -70.764 50.854 1
670 1 -70.764 50.854 1
665 1 -70.764 50.854 1
986 1 -43.597 23.92 1
985 1 -43.597 23.92 1
984 1 -43.597 23.92 1
983 1 -43.597 23.92 1
982 1 -43.597 23.92 1
2581 1 -18.683 14.941 1
2580 1 -18.683 14.941 1
-1 0 -2.497 7.199 D
16023 2 39.0 171.4834442138672 40 500 41
0 0 -2.497 7.199 D
263 1 -19.25 18.634 2
260 1 -19.25 18.634 2
681 1 -70.764 50.854 2
678 1 -70.764 50.854 2
677 1 -70.764 50.854 2
673 1 -70.764 50.854 2
671 1 -70.764 50.854 2
669 1 -70.764 50.854 2
668 1 -70.764 50.854 2
667 1 -70.764 50.854 2
666 1 -70.764 50.854 2
664 1 -70.764 50.854 2
3119 1 -71.71 35.132 2
3118 1 -71.71 35.132 2
3117 1 -71.71 35.132 2
3116 1 -71.71 35.132 2
3115 1 -71.71 35.132 2
3114 1 -71.71 35.132 2
3113 1 -71.71 35.132 2
3112 1 -71.71 35.132 2
3111 1 -71.71 35.132 2
3110 1 -71.71 35.132 2
3109 1 -71.71 35.132 2
3243 1 -22.528 16.656 2
3242 1 -22.528 16.656 2
3241 1 -22.528 16.656 2
3240 1 -22.528 16.656 2
3239 1 -22.528 16.656 2
3238 1 -22.528 16.656 2
3237 1 -22.528 16.656 2
3236 1 -22.528 16.656 2
3235 1 -22.528 16.656 2
3234 1 -22.528 16.656 2
3233 1 -22.528 16.656 2
3232 1 -22.528 16.656 2
3231 1 -22.528 16.656 2
3230 1 -22.528 16.656 2
3229 1 -22.528 16.656 2
3228 1 -22.528 16.656 2
-1 0 -2.497 7.199 D
16024 1 19.0 145.7321319580078 20 500 21
0 0 -2.497 7.199 D
554 1 -34.729 16.705 1
3341 1 -53.4 18.292 1
3340 1 -53.4 18.292 1
3339 1 -53.4 18.292 1
3338 1 -53.4 18.292 1
3337 1 -53.4 18.292 1
3336 1 -53.4 18.292 1
1464 1 -70.697 30.45 1
1463 1 -70.697 30.45 1
1461 1 -70.697 30.45 1
1460 1 -70.697 30.45 1
1459 1 -70.697 30.45 1
1458 1 -70.697 30.45 1
1457 1 -70.697 30.45 1
1456 1 -70.697 30.45 1
1455 1 -70.697 30.45 1
1453 1 -70.697 30.45 1
1452 1 -70.697 30.45 1
987 1 -43.597 23.92 1
-1 0 -2.497 7.199 D
16025 2 39.0 208.58731079101562 40 500 41
0 0 -2.497 7.199 D
2933 1 -34.692 14.728 2
2932 1 -34.692 14.728 2
2931 1 -34.692 14.728 2
2930 1 -34.692 14.728 2
2929 1 -34.692 14.728 2
2928 1 -34.692 14.728 2
2927 1 -34.692 14.728 2
2926 1 -34.692 14.728 2
2925 1 -34.692 14.728 2
2924 1 -34.692 14.728 2
2923 1 -34.692 14.728 2
2922 1 -34.692 14.728 2
2921 1 -34.692 14.728 2
2920 1 -34.692 14.728 2
2919 1 -34.692 14.728 2
772 1 -56.72 13.538 2
771 1 -56.72 13.538 2
769 1 -56.72 13.538 2
768 1 -56.72 13.538 2
765 1 -56.72 13.538 2
763 1 -56.72 13.538 2
1462 1 -70.697 30.45 2
1454 1 -70.697 30.45 2
3129 1 -71.71 35.132 2
3128 1 -71.71 35.132 2
3127 1 -71.71 35.132 2
3126 1 -71.71 35.132 2
3125 1 -71.71 35.132 2
3124 1 -71.71 35.132 2
3123 1 -71.71 35.132 2
3122 1 -71.71 35.132 2
3121 1 -71.71 35.132 2
3120 1 -71.71 35.132 2
980 1 -96.143 14.362 2
874 1 -59.143 5.707 2
873 1 -59.143 5.707 2
111 1 -57.111 5.804 2
109 1 -57.111 5.804 2
107 1 -57.111 5.804 2
-1 0 -2.497 7.199 D
16026 1 19.0 164.1038360595703 20 500 21
0 0 -2.497 7.199 D
2552 1 -40.601 -34.827 1
2551 1 -40.601 -34.827 1
2550 1 -40.601 -34.827 1
1423 1 -51.544 -7.245 1
3356 1 -53.4 18.292 1
3355 1 -53.4 18.292 1
3354 1 -53.4 18.292 1
3353 1 -53.4 18.292 1
3352 1 -53.4 18.292 1
3351 1 -53.4 18.292 1
3350 1 -53.4 18.292 1
3349 1 -53.4 18.292 1
3348 1 -53.4 18.292 1
3347 1 -53.4 18.292 1
3346 1 -53.4 18.292 1
3345 1 -53.4 18.292 1
3344 1 -53.4 18.292 1
3343 1 -53.4 18.292 1
3342 1 -53.4 18.292 1
-1 0 -2.497 7.199 D
16027 16 19.0 174.48916625976562 20 500 21
0 0 -2.497 7.199 D
988 1 -21.265 10.071 16
1514 1 -32.721 3.033 16
2918 1 -45.367 -5.151 16
2917 1 -45.367 -5.151 16
2916 1 -45.367 -5.151 16
2915 1 -45.367 -5.151 16
2914 1 -45.367 -5.151 16
2913 1 -45.367 -5.151 16
2912 1 -45.367 -5.151 16
1435 1 -51.544 -7.245 16
1157 1 -58.789 -19.824 16
1154 1 -58.789 -19.824 16
3578 1 -64.349 1.05 16
3577 1 -64.349 1.05 16
3576 1 -64.349 1.05 16
3575 1 -64.349 1.05 16
2278 1 -70.917 1.385 16
2987 1 -61.493 15.594 16
2263 1 -32.666 5.585 16
-1 0 -2.497 7.199 D
16028 1 19.0 188.71701049804688 20 500 21
0 0 -2.497 7.199 D
2264 1 -32.666 5.585 1
2262 1 -32.666 5.585 1
108 1 -57.111 5.804 1
881 1 -59.143 5.707 1
880 1 -59.143 5.707 1
879 1 -59.143 5.707 1
878 1 -59.143 5.707 1
875 1 -59.143 5.707 1
979 1 -96.143 14.362 1
978 1 -96.143 14.362 1
2215 1 -80.652 14.227 1
2214 1 -80.652 14.227 1
2213 1 -80.652 14.227 1
2212 1 -80.652 14.227 1
770 1 -56.72 13.538 1
767 1 -56.72 13.538 1
766 1 -56.72 13.538 1
764 1 -56.72 13.538 1
762 1 -56.72 13.538 1
-1 0 -2.497 7.199 D
16029 2 39.0 196.63824462890625 40 500 41
0 0 -2.497 7.199 D
1372 1 -45.032 1.398 2
1371 1 -45.032 1.398 2
883 1 -59.143 5.707 2
2138 1 -80.621 -5.713 2
2120 1 -80.621 -5.713 2
593 1 -87.018 -15.735 2
592 1 -87.018 -15.735 2
590 1 -87.018 -15.735 2
588 1 -87.018 -15.735 2
586 1 -87.018 -15.735 2
585 1 -87.018 -15.735 2
584 1 -87.018 -15.735 2
583 1 -87.018 -15.735 2
1763 1 -81.464 -21.259 2
522 1 -78.955 -14.075 2
520 1 -78.955 -14.075 2
517 1 -78.955 -14.075 2
515 1 -78.955 -14.075 2
514 1 -78.955 -14.075 2
508 1 -78.955 -14.075 2
506 1 -78.955 -14.075 2
505 1 -78.955 -14.075 2
789 1 -59.68 -16.437 2
781 1 -59.68 -16.437 2
780 1 -59.68 -16.437 2
776 1 -59.68 -16.437 2
1078 1 -61.786 -12.103 2
1077 1 -61.786 -12.103 2
1076 1 -61.786 -12.103 2
1075 1 -61.786 -12.103 2
1074 1 -61.786 -12.103 2
1225 1 -56.238 -7.581 2
165 1 -41.962 -1.66 2
161 1 -41.962 -1.66 2
160 1 -41.962 -1.66 2
151 1 -41.962 -1.66 2
150 1 -41.962 -1.66 2
146 1 -41.962 -1.66 2
145 1 -41.962 -1.66 2
-1 0 -2.497 7.199 D
16030 4 59.0 180.9337158203125 60 500 61
0 0 -2.497 7.199 D
1834 1 -34.583 -5.542 4
1833 1 -34.583 -5.542 4
1832 1 -34.583 -5.542 4
1831 1 -34.583 -5.542 4
159 1 -41.962 -1.66 4
152 1 -41.962 -1.66 4
512 1 -78.955 -14.075 4
591 1 -87.018 -15.735 4
3160 1 -76.666 -11.005 4
1373 1 -45.032 1.398 4
3335 1 -40.161 5.762 4
3334 1 -40.161 5.762 4
3333 1 -40.161 5.762 4
1518 1 -32.721 3.033 4
1517 1 -32.721 3.033 4
1515 1 -32.721 3.033 4
3536 1 -30.194 4.852 4
3535 1 -30.194 4.852 4
3534 1 -30.194 4.852 4
3533 1 -30.194 4.852 4
3532 1 -30.194 4.852 4
3531 1 -30.194 4.852 4
3530 1 -30.194 4.852 4
3529 1 -30.194 4.852 4
3528 1 -30.194 4.852 4
3527 1 -30.194 4.852 4
3526 1 -30.194 4.852 4
3525 1 -30.194 4.852 4
3524 1 -30.194 4.852 4
3523 1 -30.194 4.852 4
3522 1 -30.194 4.852 4
3521 1 -30.194 4.852 4
3520 1 -30.194 4.852 4
3519 1 -30.194 4.852 4
3518 1 -30.194 4.852 4
3517 1 -30.194 4.852 4
3516 1 -30.194 4.852 4
3515 1 -30.194 4.852 4
3514 1 -30.194 4.852 4
1278 1 -11.774 5.377 4
1277 1 -11.774 5.377 4
1276 1 -11.774 5.377 4
1275 1 -11.774 5.377 4
1274 1 -11.774 5.377 4
1273 1 -11.774 5.377 4
1272 1 -11.774 5.377 4
1271 1 -11.774 5.377 4
1270 1 -11.774 5.377 4
1269 1 -11.774 5.377 4
1268 1 -11.774 5.377 4
1267 1 -11.774 5.377 4
1266 1 -11.774 5.377 4
1265 1 -11.774 5.377 4
1264 1 -11.774 5.377 4
1263 1 -11.774 5.377 4
1262 1 -11.774 5.377 4
1260 1 -11.774 5.377 4
1259 1 -11.774 5.377 4
1258 1 -11.774 5.377 4
-1 0 -2.497 7.199 D
16031 1 19.0 173.17413330078125 20 500 21
0 0 -2.497 7.199 D
1149 1 -58.789 -19.824 1
1147 1 -58.789 -19.824 1
1146 1 -58.789 -19.824 1
2094 1 -82.99 -6.378 1
2093 1 -82.99 -6.378 1
2281 1 -70.917 1.385 1
2280 1 -70.917 1.385 1
2277 1 -70.917 1.385 1
2276 1 -70.917 1.385 1
2275 1 -70.917 1.385 1
2274 1 -32.666 5.585 1
2273 1 -32.666 5.585 1
2272 1 -32.666 5.585 1
2270 1 -32.666 5.585 1
2269 1 -32.666 5.585 1
2268 1 -32.666 5.585 1
2267 1 -32.666 5.585 1
2266 1 -32.666 5.585 1
2265 1 -32.666 5.585 1
-1 0 -2.497 7.199 D
16032 1 19.0 158.36766052246094 20 500 21
0 0 -2.497 7.199 D
2124 1 -80.621 -5.713 1
2123 1 -80.621 -5.713 1
2122 1 -80.621 -5.713 1
2121 1 -80.621 -5.713 1
2119 1 -80.621 -5.713 1
2141 1 -80.621 -5.713 1
2140 1 -80.621 -5.713 1
2139 1 -80.621 -5.713 1
2136 1 -80.621 -5.713 1
2135 1 -80.621 -5.713 1
2134 1 -80.621 -5.713 1
2133 1 -80.621 -5.713 1
2132 1 -80.621 -5.713 1
2131 1 -80.621 -5.713 1
2130 1 -80.621 -5.713 1
2128 1 -80.621 -5.713 1
2127 1 -80.621 -5.713 1
2126 1 -80.621 -5.713 1
2125 1 -80.621 -5.713 1
-1 0 -2.497 7.199 D
16033 1 19.0 241.90907287597656 20 500 21
0 0 -2.497 7.199 D
731 1 -55.542 -28.204 1
730 1 -55.542 -28.204 1
727 1 -55.542 -28.204 1
725 1 -55.542 -28.204 1
1227 1 -54.077 -82.892 1
1905 1 -49.554 -76.062 1
1904 1 -49.554 -76.062 1
1901 1 -49.554 -76.062 1
1900 1 -49.554 -76.062 1
1899 1 -49.554 -76.062 1
1897 1 -49.554 -76.062 1
1895 1 -49.554 -76.062 1
1894 1 -49.554 -76.062 1
1893 1 -49.554 -76.062 1
1892 1 -49.554 -76.062 1
153 1 -41.962 -1.66 1
149 1 -41.962 -1.66 1
148 1 -41.962 -1.66 1
147 1 -41.962 -1.66 1
-1 0 -2.497 7.199 D
16034 1 19.0 175.48931884765625 20 500 21
0 0 -2.497 7.199 D
1215 1 -56.238 -7.581 1
1214 1 -56.238 -7.581 1
1213 1 -56.238 -7.581 1
595 1 -87.018 -15.735 1
594 1 -87.018 -15.735 1
589 1 -87.018 -15.735 1
587 1 -87.018 -15.735 1
582 1 -87.018 -15.735 1
1073 1 -74.237 -9.357 1
1072 1 -74.237 -9.357 1
166 1 -41.962 -1.66 1
164 1 -41.962 -1.66 1
163 1 -41.962 -1.66 1
162 1 -41.962 -1.66 1
158 1 -41.962 -1.66 1
157 1 -41.962 -1.66 1
156 1 -41.962 -1.66 1
155 1 -41.962 -1.66 1
154 1 -41.962 -1.66 1
-1 0 -2.497 7.199 D
16035 1 19.0 116.76887512207031 20 500 21
0 0 -2.497 7.199 D
3003 1 -57.086 -1.965 1
3002 1 -57.086 -1.965 1
3001 1 -57.086 -1.965 1
3000 1 -57.086 -1.965 1
2999 1 -57.086 -1.965 1
2998 1 -57.086 -1.965 1
2997 1 -57.086 -1.965 1
2996 1 -57.086 -1.965 1
2995 1 -57.086 -1.965 1
2994 1 -57.086 -1.965 1
2993 1 -57.086 -1.965 1
1224 1 -56.238 -7.581 1
1223 1 -56.238 -7.581 1
1222 1 -56.238 -7.581 1
1221 1 -56.238 -7.581 1
1220 1 -56.238 -7.581 1
1219 1 -56.238 -7.581 1
1218 1 -56.238 -7.581 1
1217 1 -56.238 -7.581 1
-1 0 -2.497 7.199 D
16036 1 19.0 154.12835693359375 20 500 21
0 0 -2.497 7.199 D
1472 1 -75.055 -18.445 1
1470 1 -75.055 -18.445 1
1442 1 -51.544 -7.245 1
1441 1 -51.544 -7.245 1
1440 1 -51.544 -7.245 1
1439 1 -51.544 -7.245 1
1438 1 -51.544 -7.245 1
1437 1 -51.544 -7.245 1
1436 1 -51.544 -7.245 1
1434 1 -51.544 -7.245 1
1433 1 -51.544 -7.245 1
1432 1 -51.544 -7.245 1
1431 1 -51.544 -7.245 1
1430 1 -51.544 -7.245 1
1429 1 -51.544 -7.245 1
1428 1 -51.544 -7.245 1
1427 1 -51.544 -7.245 1
1426 1 -51.544 -7.245 1
1424 1 -51.544 -7.245 1
-1 0 -2.497 7.199 D
16037 1 19.0 168.14251708984375 20 500 21
0 0 -2.497 7.199 D
787 1 -59.68 -16.437 1
786 1 -59.68 -16.437 1
784 1 -59.68 -16.437 1
783 1 -59.68 -16.437 1
782 1 -59.68 -16.437 1
777 1 -59.68 -16.437 1
1769 1 -81.464 -21.259 1
1768 1 -81.464 -21.259 1
1767 1 -81.464 -21.259 1
1765 1 -81.464 -21.259 1
1764 1 -81.464 -21.259 1
1762 1 -81.464 -21.259 1
1761 1 -81.464 -21.259 1
1760 1 -81.464 -21.259 1
1759 1 -81.464 -21.259 1
1758 1 -81.464 -21.259 1
1757 1 -81.464 -21.259 1
1474 1 -75.055 -18.445 1
1473 1 -75.055 -18.445 1
-1 0 -2.497 7.199 D
16038 4 59.0 259.17169189453125 60 500 61
0 0 -2.497 7.199 D
1084 1 -3.748 5.109 4
1648 1 -5.89 -0.446 4
684 1 -9.943 -7.458 4
3062 1 -25.256 -24.121 4
3061 1 -25.256 -24.121 4
3060 1 -25.256 -24.121 4
3059 1 -25.256 -24.121 4
3058 1 -25.256 -24.121 4
3057 1 -25.256 -24.121 4
3056 1 -25.256 -24.121 4
3055 1 -25.256 -24.121 4
3054 1 -25.256 -24.121 4
1335 1 -37.939 -24.353 4
1328 1 -37.939 -24.353 4
2798 1 -45.081 -22.284 4
2780 1 -45.081 -22.284 4
738 1 -55.542 -28.204 4
2173 1 -50.092 -41.864 4
2172 1 -50.092 -41.864 4
2171 1 -50.092 -41.864 4
2170 1 -50.092 -41.864 4
2169 1 -50.092 -41.864 4
1669 1 -90.149 -55.536 4
1664 1 -90.149 -55.536 4
1661 1 -90.149 -55.536 4
2024 1 -72.308 -24.86 4
785 1 -59.68 -16.437 4
779 1 -59.68 -16.437 4
778 1 -59.68 -16.437 4
2348 1 -57.648 -19.995 4
2346 1 -57.648 -19.995 4
2344 1 -57.648 -19.995 4
2343 1 -57.648 -19.995 4
2342 1 -57.648 -19.995 4
2340 1 -57.648 -19.995 4
2339 1 -57.648 -19.995 4
2338 1 -57.648 -19.995 4
2336 1 -57.648 -19.995 4
2335 1 -57.648 -19.995 4
2334 1 -57.648 -19.995 4
2332 1 -57.648 -19.995 4
2331 1 -57.648 -19.995 4
798 1 -44.348 -11.981 4
1181 1 -41.382 -17.096 4
1172 1 -41.382 -17.096 4
32 1 -38.031 -14.679 4
1835 1 -34.583 -5.542 4
1853 1 -24.921 -11.139 4
1852 1 -24.921 -11.139 4
1851 1 -24.921 -11.139 4
1850 1 -24.921 -11.139 4
1849 1 -24.921 -11.139 4
1848 1 -24.921 -11.139 4
1847 1 -24.921 -11.139 4
1526 1 -12.347 -4.669 4
498 1 -9.161 0.079 4
495 1 -9.161 0.079 4
492 1 -9.161 0.079 4
491 1 -9.161 0.079 4
-1 0 -2.497 7.199 D
16039 1 19.0 130.56512451171875 20 500 21
0 0 -2.497 7.199 D
3601 1 -62.775 -17.865 1
3600 1 -62.775 -17.865 1
3599 1 -62.775 -17.865 1
3598 1 -62.775 -17.865 1
3597 1 -62.775 -17.865 1
3596 1 -62.775 -17.865 1
3595 1 -62.775 -17.865 1
3594 1 -62.775 -17.865 1
3593 1 -62.775 -17.865 1
3592 1 -62.775 -17.865 1
3591 1 -62.775 -17.865 1
3590 1 -62.775 -17.865 1
3589 1 -62.775 -17.865 1
3588 1 -62.775 -17.865 1
794 1 -59.68 -16.437 1
793 1 -59.68 -16.437 1
792 1 -59.68 -16.437 1
790 1 -59.68 -16.437 1
788 1 -59.68 -16.437 1
-1 0 -2.497 7.199 D
16040 2 39.0 162.41946411132812 40 500 41
0 0 -2.497 7.199 D
2036 1 -72.308 -24.86 2
2035 1 -72.308 -24.86 2
2034 1 -72.308 -24.86 2
2033 1 -72.308 -24.86 2
2032 1 -72.308 -24.86 2
2031 1 -72.308 -24.86 2
2030 1 -72.308 -24.86 2
3759 1 -68.481 -22.961 2
3758 1 -68.481 -22.961 2
3757 1 -68.481 -22.961 2
3756 1 -68.481 -22.961 2
3755 1 -68.481 -22.961 2
3754 1 -68.481 -22.961 2
3753 1 -68.481 -22.961 2
3752 1 -68.481 -22.961 2
3751 1 -68.481 -22.961 2
3750 1 -68.481 -22.961 2
3749 1 -68.481 -22.961 2
3748 1 -68.481 -22.961 2
3747 1 -68.481 -22.961 2
3746 1 -68.481 -22.961 2
3745 1 -68.481 -22.961 2
3744 1 -68.481 -22.961 2
3743 1 -68.481 -22.961 2
3742 1 -68.481 -22.961 2
3741 1 -68.481 -22.961 2
3740 1 -68.481 -22.961 2
3739 1 -68.481 -22.961 2
3738 1 -68.481 -22.961 2
3737 1 -68.481 -22.961 2
3736 1 -68.481 -22.961 2
2029 1 -72.308 -24.86 2
2028 1 -72.308 -24.86 2
2027 1 -72.308 -24.86 2
2026 1 -72.308 -24.86 2
2025 1 -72.308 -24.86 2
2023 1 -72.308 -24.86 2
2022 1 -72.308 -24.86 2
791 1 -59.68 -16.437 2
-1 0 -2.497 7.199 D
16041 1 19.0 130.66278076171875 20 500 21
0 0 -2.497 7.199 D
3462 1 -20.288 -1.135 1
3461 1 -20.288 -1.135 1
3460 1 -20.288 -1.135 1
3459 1 -20.288 -1.135 1
3458 1 -20.288 -1.135 1
3457 1 -20.288 -1.135 1
3456 1 -20.288 -1.135 1
3455 1 -20.288 -1.135 1
805 1 -44.348 -11.981 1
802 1 -44.348 -11.981 1
800 1 -44.348 -11.981 1
799 1 -44.348 -11.981 1
795 1 -44.348 -11.981 1
3607 1 -62.775 -17.865 1
3606 1 -62.775 -17.865 1
3605 1 -62.775 -17.865 1
3604 1 -62.775 -17.865 1
3603 1 -62.775 -17.865 1
3602 1 -62.775 -17.865 1
-1 0 -2.497 7.199 D
16042 2 39.0 107.34981536865234 40 500 41
0 0 -2.497 7.199 D
807 1 -44.348 -11.981 2
806 1 -44.348 -11.981 2
804 1 -44.348 -11.981 2
803 1 -44.348 -11.981 2
801 1 -44.348 -11.981 2
797 1 -44.348 -11.981 2
796 1 -44.348 -11.981 2
3378 1 -37.72 -9.546 2
3377 1 -37.72 -9.546 2
3376 1 -37.72 -9.546 2
3375 1 -37.72 -9.546 2
3374 1 -37.72 -9.546 2
3373 1 -37.72 -9.546 2
3372 1 -37.72 -9.546 2
3371 1 -37.72 -9.546 2
3370 1 -37.72 -9.546 2
3369 1 -37.72 -9.546 2
3368 1 -37.72 -9.546 2
3367 1 -37.72 -9.546 2
3366 1 -37.72 -9.546 2
3365 1 -37.72 -9.546 2
3364 1 -37.72 -9.546 2
3363 1 -37.72 -9.546 2
3362 1 -37.72 -9.546 2
3361 1 -37.72 -9.546 2
3360 1 -37.72 -9.546 2
3359 1 -37.72 -9.546 2
3358 1 -37.72 -9.546 2
1179 1 -41.382 -17.096 2
1178 1 -41.382 -17.096 2
1177 1 -41.382 -17.096 2
1176 1 -41.382 -17.096 2
1175 1 -41.382 -17.096 2
1174 1 -41.382 -17.096 2
1173 1 -41.382 -17.096 2
1169 1 -41.382 -17.096 2
1168 1 -41.382 -17.096 2
36 1 -38.031 -14.679 2
34 1 -38.031 -14.679 2
-1 0 -2.497 7.199 D
16043 1 19.0 83.69688415527344 20 500 21
0 0 -2.497 7.199 D
35 1 -38.031 -14.679 1
33 1 -38.031 -14.679 1
31 1 -38.031 -14.679 1
3478 1 -20.288 -1.135 1
3477 1 -20.288 -1.135 1
3476 1 -20.288 -1.135 1
3475 1 -20.288 -1.135 1
3474 1 -20.288 -1.135 1
3473 1 -20.288 -1.135 1
3472 1 -20.288 -1.135 1
3471 1 -20.288 -1.135 1
3470 1 -20.288 -1.135 1
3469 1 -20.288 -1.135 1
3468 1 -20.288 -1.135 1
3467 1 -20.288 -1.135 1
3466 1 -20.288 -1.135 1
3465 1 -20.288 -1.135 1
3464 1 -20.288 -1.135 1
3463 1 -20.288 -1.135 1
-1 0 -2.497 7.199 D
16044 1 19.0 135.79000854492188 20 500 21
0 0 -2.497 7.199 D
2992 1 -57.086 -1.965 1
2991 1 -57.086 -1.965 1
2990 1 -57.086 -1.965 1
2989 1 -57.086 -1.965 1
2988 1 -57.086 -1.965 1
390 1 -57.91 -4.999 1
389 1 -57.91 -4.999 1
1167 1 -58.789 -19.824 1
1166 1 -58.789 -19.824 1
1163 1 -58.789 -19.824 1
1161 1 -58.789 -19.824 1
1160 1 -58.789 -19.824 1
1159 1 -58.789 -19.824 1
1156 1 -58.789 -19.824 1
1155 1 -58.789 -19.824 1
1153 1 -58.789 -19.824 1
1152 1 -58.789 -19.824 1
1151 1 -58.789 -19.824 1
1150 1 -58.789 -19.824 1
-1 0 -2.497 7.199 D
16045 16 18.0 280.5317077636719 20 500 20
0 0 -2.497 7.199 D
1261 1 -11.774 5.377 16
1736 1 -16.077 -19.287 16
1490 1 -21.179 -37.701 16
1483 1 -21.179 -37.701 16
2320 1 -16.968 -73.547 16
1296 1 -18.561 -72.882 16
1289 1 -18.561 -72.882 16
1285 1 -18.561 -72.882 16
2099 1 -68.787 -80.823 16
2460 1 -45.544 -51.996 16
1164 1 -58.789 -19.824 16
1162 1 -58.789 -19.824 16
2345 1 -57.648 -19.995 16
2341 1 -57.648 -19.995 16
2333 1 -57.648 -19.995 16
2070 1 -33.984 -20.026 16
2068 1 -33.984 -20.026 16
2055 1 -33.984 -20.026 16
-1 0 -2.497 7.199 D
16046 2 39.0 129.8876190185547 40 500 41
0 0 -2.497 7.199 D
2697 1 -34.357 -20.807 2
1332 1 -37.939 -24.353 2
1331 1 -37.939 -24.353 2
1329 1 -37.939 -24.353 2
1327 1 -37.939 -24.353 2
1326 1 -37.939 -24.353 2
1325 1 -37.939 -24.353 2
1324 1 -37.939 -24.353 2
1323 1 -37.939 -24.353 2
744 1 -55.542 -28.204 2
742 1 -55.542 -28.204 2
740 1 -55.542 -28.204 2
736 1 -55.542 -28.204 2
733 1 -55.542 -28.204 2
732 1 -55.542 -28.204 2
729 1 -55.542 -28.204 2
728 1 -55.542 -28.204 2
726 1 -55.542 -28.204 2
2677 1 -48.395 -25.269 2
2670 1 -48.395 -25.269 2
2799 1 -45.081 -22.284 2
2796 1 -45.081 -22.284 2
2794 1 -45.081 -22.284 2
2793 1 -45.081 -22.284 2
2792 1 -45.081 -22.284 2
2791 1 -45.081 -22.284 2
2790 1 -45.081 -22.284 2
2789 1 -45.081 -22.284 2
2788 1 -45.081 -22.284 2
2787 1 -45.081 -22.284 2
2786 1 -45.081 -22.284 2
2785 1 -45.081 -22.284 2
2784 1 -45.081 -22.284 2
2783 1 -45.081 -22.284 2
2782 1 -45.081 -22.284 2
2781 1 -45.081 -22.284 2
2779 1 -45.081 -22.284 2
2777 1 -45.081 -22.284 2
1180 1 -41.382 -17.096 2
-1 0 -2.497 7.199 D
16047 1 19.0 127.72564697265625 20 500 21
0 0 -2.497 7.199 D
743 1 -55.542 -28.204 1
741 1 -55.542 -28.204 1
739 1 -55.542 -28.204 1
737 1 -55.542 -28.204 1
735 1 -55.542 -28.204 1
734 1 -55.542 -28.204 1
2667 1 -48.395 -25.269 1
2666 1 -48.395 -25.269 1
2665 1 -48.395 -25.269 1
1004 1 -41.327 -19.958 1
1003 1 -41.327 -19.958 1
1001 1 -41.327 -19.958 1
1000 1 -41.327 -19.958 1
999 1 -41.327 -19.958 1
998 1 -41.327 -19.958 1
997 1 -41.327 -19.958 1
996 1 -41.327 -19.958 1
995 1 -41.327 -19.958 1
994 1 -41.327 -19.958 1
-1 0 -2.497 7.199 D
16048 1 19.0 215.58058166503906 20 500 21
0 0 -2.497 7.199 D
1667 1 -90.149 -55.536 1
1666 1 -90.149 -55.536 1
1665 1 -90.149 -55.536 1
1663 1 -90.149 -55.536 1
1662 1 -90.149 -55.536 1
1660 1 -90.149 -55.536 1
1659 1 -90.149 -55.536 1
1658 1 -90.149 -55.536 1
1657 1 -90.149 -55.536 1
2681 1 -48.395 -25.269 1
2680 1 -48.395 -25.269 1
2678 1 -48.395 -25.269 1
2676 1 -48.395 -25.269 1
2675 1 -48.395 -25.269 1
2674 1 -48.395 -25.269 1
2673 1 -48.395 -25.269 1
2672 1 -48.395 -25.269 1
2671 1 -48.395 -25.269 1
2668 1 -48.395 -25.269 1
-1 0 -2.497 7.199 D
16049 1 19.0 215.9266357421875 20 500 21
0 0 -2.497 7.199 D
2700 1 -34.357 -20.807 1
2699 1 -34.357 -20.807 1
2698 1 -34.357 -20.807 1
2696 1 -34.357 -20.807 1
2695 1 -34.357 -20.807 1
2694 1 -34.357 -20.807 1
2693 1 -34.357 -20.807 1
2692 1 -34.357 -20.807 1
2691 1 -34.357 -20.807 1
2690 1 -34.357 -20.807 1
2689 1 -34.357 -20.807 1
2688 1 -34.357 -20.807 1
2687 1 -34.357 -20.807 1
2686 1 -34.357 -20.807 1
2685 1 -34.357 -20.807 1
2684 1 -34.357 -20.807 1
2683 1 -34.357 -20.807 1
2682 1 -34.357 -20.807 1
1668 1 -90.149 -55.536 1
-1 0 -2.497 7.199 D
16050 1 19.0 121.24250793457031 20 500 21
0 0 -2.497 7.199 D
176 1 -31.512 -31.396 1
175 1 -31.512 -31.396 1
174 1 -31.512 -31.396 1
171 1 -31.512 -31.396 1
170 1 -31.512 -31.396 1
168 1 -31.512 -31.396 1
2549 1 -40.601 -34.827 1
1125 1 -45.142 -31.555 1
1124 1 -45.142 -31.555 1
1123 1 -45.142 -31.555 1
1122 1 -45.142 -31.555 1
1121 1 -45.142 -31.555 1
1120 1 -45.142 -31.555 1
1119 1 -45.142 -31.555 1
1118 1 -45.142 -31.555 1
1117 1 -45.142 -31.555 1
1116 1 -45.142 -31.555 1
2702 1 -34.357 -20.807 1
2701 1 -34.357 -20.807 1
-1 0 -2.497 7.199 D
16051 2 39.0 134.56924438476562 40 500 41
0 0 -2.497 7.199 D
501 1 -9.161 0.079 2
500 1 -9.161 0.079 2
496 1 -9.161 0.079 2
490 1 -9.161 0.079 2
2904 1 -51.141 -39.197 2
2903 1 -51.141 -39.197 2
2902 1 -51.141 -39.197 2
2901 1 -51.141 -39.197 2
2900 1 -51.141 -39.197 2
2899 1 -51.141 -39.197 2
2898 1 -51.141 -39.197 2
2897 1 -51.141 -39.197 2
2896 1 -51.141 -39.197 2
2895 1 -51.141 -39.197 2
2894 1 -51.141 -39.197 2
2893 1 -51.141 -39.197 2
2892 1 -51.141 -39.197 2
2891 1 -51.141 -39.197 2
2890 1 -51.141 -39.197 2
2889 1 -51.141 -39.197 2
2888 1 -51.141 -39.197 2
2887 1 -51.141 -39.197 2
2886 1 -51.141 -39.197 2
2885 1 -51.141 -39.197 2
2884 1 -51.141 -39.197 2
2883 1 -51.141 -39.197 2
2882 1 -51.141 -39.197 2
2881 1 -51.141 -39.197 2
1338 1 -37.939 -24.353 2
1336 1 -37.939 -24.353 2
1334 1 -37.939 -24.353 2
1333 1 -37.939 -24.353 2
2052 1 -31.018 -18.738 2
2049 1 -31.018 -18.738 2
2047 1 -31.018 -18.738 2
2046 1 -31.018 -18.738 2
2045 1 -31.018 -18.738 2
2044 1 -31.018 -18.738 2
2043 1 -31.018 -18.738 2
-1 0 -2.497 7.199 D
16052 2 39.0 209.00677490234375 40 500 41
0 0 -2.497 7.199 D
1981 1 -7.916 -5.634 2
1980 1 -7.916 -5.634 2
1979 1 -7.916 -5.634 2
705 1 -9.943 -7.458 2
704 1 -9.943 -7.458 2
702 1 -9.943 -7.458 2
700 1 -9.943 -7.458 2
698 1 -9.943 -7.458 2
694 1 -9.943 -7.458 2
693 1 -9.943 -7.458 2
692 1 -9.943 -7.458 2
691 1 -9.943 -7.458 2
690 1 -9.943 -7.458 2
689 1 -9.943 -7.458 2
687 1 -9.943 -7.458 2
683 1 -9.943 -7.458 2
1952 1 -12.787 -14.734 2
1949 1 -12.787 -14.734 2
1907 1 -49.554 -76.062 2
1906 1 -49.554 -76.062 2
1898 1 -49.554 -76.062 2
1896 1 -49.554 -76.062 2
1891 1 -49.554 -76.062 2
1249 1 -54.077 -82.892 2
1235 1 -54.077 -82.892 2
1234 1 -54.077 -82.892 2
1232 1 -54.077 -82.892 2
179 1 -31.512 -31.396 2
178 1 -31.512 -31.396 2
177 1 -31.512 -31.396 2
173 1 -31.512 -31.396 2
172 1 -31.512 -31.396 2
169 1 -31.512 -31.396 2
167 1 -31.512 -31.396 2
2410 1 -14.764 -10.876 2
1528 1 -12.347 -4.669 2
1527 1 -12.347 -4.669 2
1524 1 -12.347 -4.669 2
502 1 -9.161 0.079 2
-1 0 -2.497 7.199 D
16053 1 19.0 58.43060302734375 20 500 21
0 0 -2.497 7.199 D
1800 1 -22.9 9.644 1
1799 1 -22.9 9.644 1
1798 1 -22.9 9.644 1
1796 1 -22.9 9.644 1
504 1 -9.161 0.079 1
503 1 -9.161 0.079 1
499 1 -9.161 0.079 1
497 1 -9.161 0.079 1
494 1 -9.161 0.079 1
493 1 -9.161 0.079 1
1531 1 -12.347 -4.669 1
1530 1 -12.347 -4.669 1
1529 1 -12.347 -4.669 1
1525 1 -12.347 -4.669 1
1523 1 -12.347 -4.669 1
1522 1 -12.347 -4.669 1
1521 1 -12.347 -4.669 1
1520 1 -12.347 -4.669 1
1519 1 -12.347 -4.669 1
-1 0 -2.497 7.199 D
16054 1 19.0 43.69356155395508 20 500 21
0 0 -2.497 7.199 D
2411 1 -14.764 -10.876 1
2420 1 -14.764 -10.876 1
2419 1 -14.764 -10.876 1
2417 1 -14.764 -10.876 1
2415 1 -14.764 -10.876 1
2414 1 -14.764 -10.876 1
2413 1 -14.764 -10.876 1
2412 1 -14.764 -10.876 1
1095 1 -3.748 5.109 1
1094 1 -3.748 5.109 1
1093 1 -3.748 5.109 1
1092 1 -3.748 5.109 1
1091 1 -3.748 5.109 1
1090 1 -3.748 5.109 1
1089 1 -3.748 5.109 1
1088 1 -3.748 5.109 1
1087 1 -3.748 5.109 1
1086 1 -3.748 5.109 1
1085 1 -3.748 5.109 1
-1 0 -2.497 7.199 D
16055 1 19.0 207.62353515625 20 500 21
0 0 -2.497 7.199 D
1250 1 -54.077 -82.892 1
1248 1 -54.077 -82.892 1
1247 1 -54.077 -82.892 1
1246 1 -54.077 -82.892 1
1245 1 -54.077 -82.892 1
1244 1 -54.077 -82.892 1
1243 1 -54.077 -82.892 1
1242 1 -54.077 -82.892 1
1241 1 -54.077 -82.892 1
1240 1 -54.077 -82.892 1
1239 1 -54.077 -82.892 1
1238 1 -54.077 -82.892 1
1237 1 -54.077 -82.892 1
1236 1 -54.077 -82.892 1
1233 1 -54.077 -82.892 1
1231 1 -54.077 -82.892 1
1230 1 -54.077 -82.892 1
1229 1 -54.077 -82.892 1
1228 1 -54.077 -82.892 1
-1 0 -2.497 7.199 D
16056 1 19.0 172.22064208984375 20 500 21
0 0 -2.497 7.199 D
523 1 -78.955 -14.075 1
521 1 -78.955 -14.075 1
519 1 -78.955 -14.075 1
518 1 -78.955 -14.075 1
516 1 -78.955 -14.075 1
513 1 -78.955 -14.075 1
511 1 -78.955 -14.075 1
510 1 -78.955 -14.075 1
509 1 -78.955 -14.075 1
507 1 -78.955 -14.075 1
1740 1 -16.077 -19.287 1
1739 1 -16.077 -19.287 1
1738 1 -16.077 -19.287 1
1737 1 -16.077 -19.287 1
1735 1 -16.077 -19.287 1
1733 1 -16.077 -19.287 1
1732 1 -16.077 -19.287 1
1731 1 -16.077 -19.287 1
1730 1 -16.077 -19.287 1
-1 0 -2.497 7.199 D
16057 1 19.0 59.60888671875 20 500 21
0 0 -2.497 7.199 D
706 1 -9.943 -7.458 1
703 1 -9.943 -7.458 1
701 1 -9.943 -7.458 1
699 1 -9.943 -7.458 1
697 1 -9.943 -7.458 1
696 1 -9.943 -7.458 1
695 1 -9.943 -7.458 1
688 1 -9.943 -7.458 1
686 1 -9.943 -7.458 1
685 1 -9.943 -7.458 1
1744 1 -16.077 -19.287 1
1743 1 -16.077 -19.287 1
1741 1 -16.077 -19.287 1
1948 1 -12.787 -14.734 1
1947 1 -12.787 -14.734 1
1946 1 -12.787 -14.734 1
1945 1 -12.787 -14.734 1
1944 1 -12.787 -14.734 1
1943 1 -12.787 -14.734 1
-1 0 -2.497 7.199 D
16058 1 19.0 95.92124938964844 20 500 21
0 0 -2.497 7.199 D
598 1 -8.789 -21.448 1
597 1 -8.789 -21.448 1
659 1 -14.307 -38.519 1
658 1 -14.307 -38.519 1
657 1 -14.307 -38.519 1
656 1 -14.307 -38.519 1
654 1 -14.307 -38.519 1
650 1 -14.307 -38.519 1
648 1 -14.307 -38.519 1
647 1 -14.307 -38.519 1
643 1 -14.307 -38.519 1
640 1 -14.307 -38.519 1
1446 1 -16.296 -28.253 1
1445 1 -16.296 -28.253 1
1444 1 -16.296 -28.253 1
1954 1 -12.787 -14.734 1
1953 1 -12.787 -14.734 1
1951 1 -12.787 -14.734 1
1950 1 -12.787 -14.734 1
-1 0 -2.497 7.199 D
16059 4 59.0 232.35267639160156 60 500 61
0 0 -2.497 7.199 D
1656 1 -5.89 -0.446 4
1655 1 -5.89 -0.446 4
1654 1 -5.89 -0.446 4
1653 1 -5.89 -0.446 4
1652 1 -5.89 -0.446 4
1651 1 -5.89 -0.446 4
1650 1 -5.89 -0.446 4
1649 1 -5.89 -0.446 4
614 1 -8.789 -21.448 4
226 1 -8.148 -25.415 4
663 1 -14.307 -38.519 4
653 1 -14.307 -38.519 4
645 1 -14.307 -38.519 4
101 1 -8.099 -53.857 4
2323 1 -16.968 -73.547 4
2322 1 -16.968 -73.547 4
2319 1 -16.968 -73.547 4
2317 1 -16.968 -73.547 4
2316 1 -16.968 -73.547 4
2315 1 -16.968 -73.547 4
2313 1 -16.968 -73.547 4
2312 1 -16.968 -73.547 4
2311 1 -16.968 -73.547 4
944 1 -1.782 -64.014 4
943 1 -1.782 -64.014 4
927 1 -1.782 -64.014 4
207 1 23.73 -77.106 4
2369 1 13.47 -52.692 4
2368 1 13.47 -52.692 4
2367 1 13.47 -52.692 4
2366 1 13.47 -52.692 4
2363 1 13.47 -52.692 4
2362 1 13.47 -52.692 4
2361 1 13.47 -52.692 4
2359 1 13.47 -52.692 4
2358 1 13.47 -52.692 4
2357 1 13.47 -52.692 4
2356 1 13.47 -52.692 4
2355 1 13.47 -52.692 4
2352 1 13.47 -52.692 4
2351 1 13.47 -52.692 4
2349 1 13.47 -52.692 4
821 1 13.849 -45.526 4
820 1 13.849 -45.526 4
817 1 13.849 -45.526 4
815 1 13.849 -45.526 4
954 1 13.08 -44.489 4
949 1 13.08 -44.489 4
1955 1 11.078 -40.088 4
1199 1 7.367 -40.9 4
1194 1 7.367 -40.9 4
1192 1 7.367 -40.9 4
1887 1 -1.91 -37.811 4
1875 1 -1.91 -37.811 4
904 1 2.765 -14.154 4
895 1 2.765 -14.154 4
1032 1 0.702 -2.002 4
1031 1 0.702 -2.002 4
1030 1 0.702 -2.002 4
-1 0 -2.497 7.199 D
16060 2 39.0 155.01902770996094 40 500 41
0 0 -2.497 7.199 D
1987 1 -7.916 -5.634 2
1986 1 -7.916 -5.634 2
1985 1 -7.916 -5.634 2
1984 1 -7.916 -5.634 2
1983 1 -7.916 -5.634 2
1982 1 -7.916 -5.634 2
662 1 -14.307 -38.519 2
661 1 -14.307 -38.519 2
660 1 -14.307 -38.519 2
655 1 -14.307 -38.519 2
652 1 -14.307 -38.519 2
651 1 -14.307 -38.519 2
649 1 -14.307 -38.519 2
646 1 -14.307 -38.519 2
644 1 -14.307 -38.519 2
642 1 -14.307 -38.519 2
641 1 -14.307 -38.519 2
639 1 -14.307 -38.519 2
637 1 -14.386 -61.194 2
1628 1 -10.229 -68.457 2
103 1 -8.099 -53.857 2
102 1 -8.099 -53.857 2
99 1 -8.099 -53.857 2
239 1 -8.148 -25.415 2
232 1 -8.148 -25.415 2
230 1 -8.148 -25.415 2
229 1 -8.148 -25.415 2
228 1 -8.148 -25.415 2
619 1 -8.789 -21.448 2
612 1 -8.789 -21.448 2
611 1 -8.789 -21.448 2
609 1 -8.789 -21.448 2
608 1 -8.789 -21.448 2
607 1 -8.789 -21.448 2
606 1 -8.789 -21.448 2
603 1 -8.789 -21.448 2
602 1 -8.789 -21.448 2
601 1 -8.789 -21.448 2
596 1 -8.789 -21.448 2
-1 0 -2.497 7.199 D
16061 8 59.0 217.63079833984375 60 500 61
0 0 -2.497 7.199 D
1489 1 -21.179 -37.701 8
1488 1 -21.179 -37.701 8
1487 1 -21.179 -37.701 8
1486 1 -21.179 -37.701 8
1485 1 -21.179 -37.701 8
1484 1 -21.179 -37.701 8
1482 1 -21.179 -37.701 8
1481 1 -21.179 -37.701 8
1480 1 -21.179 -37.701 8
1479 1 -21.179 -37.701 8
1478 1 -21.179 -37.701 8
1301 1 -18.561 -72.882 8
1300 1 -18.561 -72.882 8
1299 1 -18.561 -72.882 8
1298 1 -18.561 -72.882 8
1295 1 -18.561 -72.882 8
1294 1 -18.561 -72.882 8
1293 1 -18.561 -72.882 8
1292 1 -18.561 -72.882 8
1291 1 -18.561 -72.882 8
1288 1 -18.561 -72.882 8
1287 1 -18.561 -72.882 8
1286 1 -18.561 -72.882 8
1284 1 -18.561 -72.882 8
1283 1 -18.561 -72.882 8
1282 1 -18.561 -72.882 8
1281 1 -18.561 -72.882 8
1280 1 -18.561 -72.882 8
1279 1 -18.561 -72.882 8
2321 1 -16.968 -73.547 8
2318 1 -16.968 -73.547 8
2314 1 -16.968 -73.547 8
3053 1 0.836 -86.279 8
3052 1 0.836 -86.279 8
3051 1 0.836 -86.279 8
3050 1 0.836 -86.279 8
3049 1 0.836 -86.279 8
3048 1 0.836 -86.279 8
3047 1 0.836 -86.279 8
3046 1 0.836 -86.279 8
3045 1 0.836 -86.279 8
3044 1 0.836 -86.279 8
3043 1 0.836 -86.279 8
3042 1 0.836 -86.279 8
3041 1 0.836 -86.279 8
3040 1 0.836 -86.279 8
3039 1 0.836 -86.279 8
3038 1 0.836 -86.279 8
3037 1 0.836 -86.279 8
3036 1 0.836 -86.279 8
3035 1 0.836 -86.279 8
3034 1 0.836 -86.279 8
3016 1 9.21 -91.73 8
3015 1 9.21 -91.73 8
3014 1 9.21 -91.73 8
1468 1 2.954 -72.662 8
1467 1 2.954 -72.662 8
1466 1 2.954 -72.662 8
1465 1 2.954 -72.662 8
-1 0 -2.497 7.199 D
16062 1 19.0 199.79129028320312 20 500 21
0 0 -2.497 7.199 D
1593 1 -19.885 -88.281 1
1592 1 -19.885 -88.281 1
1729 1 -22.675 -90.125 1
1728 1 -22.675 -90.125 1
1727 1 -22.675 -90.125 1
1724 1 -22.675 -90.125 1
1723 1 -22.675 -90.125 1
1722 1 -22.675 -90.125 1
1721 1 -22.675 -90.125 1
618 1 -8.789 -21.448 1
617 1 -8.789 -21.448 1
616 1 -8.789 -21.448 1
615 1 -8.789 -21.448 1
613 1 -8.789 -21.448 1
610 1 -8.789 -21.448 1
605 1 -8.789 -21.448 1
604 1 -8.789 -21.448 1
600 1 -8.789 -21.448 1
599 1 -8.789 -21.448 1
-1 0 -2.497 7.199 D
16063 1 19.0 194.10858154296875 20 500 21
0 0 -2.497 7.199 D
234 1 -8.148 -25.415 1
233 1 -8.148 -25.415 1
231 1 -8.148 -25.415 1
227 1 -8.148 -25.415 1
638 1 -14.386 -61.194 1
1609 1 -19.885 -88.281 1
1608 1 -19.885 -88.281 1
1607 1 -19.885 -88.281 1
1606 1 -19.885 -88.281 1
1605 1 -19.885 -88.281 1
1602 1 -19.885 -88.281 1
1601 1 -19.885 -88.281 1
1600 1 -19.885 -88.281 1
1599 1 -19.885 -88.281 1
1598 1 -19.885 -88.281 1
1597 1 -19.885 -88.281 1
1596 1 -19.885 -88.281 1
1595 1 -19.885 -88.281 1
1594 1 -19.885 -88.281 1
-1 0 -2.497 7.199 D
16064 1 19.0 157.09967041015625 20 500 21
0 0 -2.497 7.199 D
238 1 -8.148 -25.415 1
237 1 -8.148 -25.415 1
236 1 -8.148 -25.415 1
235 1 -8.148 -25.415 1
106 1 -8.099 -53.857 1
104 1 -8.099 -53.857 1
100 1 -8.099 -53.857 1
1632 1 -10.229 -68.457 1
1631 1 -10.229 -68.457 1
1630 1 -10.229 -68.457 1
1629 1 -10.229 -68.457 1
1627 1 -10.229 -68.457 1
1626 1 -10.229 -68.457 1
1625 1 -10.229 -68.457 1
1624 1 -10.229 -68.457 1
1623 1 -10.229 -68.457 1
928 1 -1.782 -64.014 1
182 1 -3.204 -39.069 1
180 1 -3.204 -39.069 1
-1 0 -2.497 7.199 D
16065 2 39.0 201.31797790527344 40 500 41
0 0 -2.497 7.199 D
85 1 0.25 -36.53 2
84 1 0.25 -36.53 2
80 1 0.25 -36.53 2
775 1 -2.271 -37.628 2
774 1 -2.271 -37.628 2
183 1 -3.204 -39.069 2
181 1 -3.204 -39.069 2
105 1 -8.099 -53.857 2
946 1 -1.782 -64.014 2
942 1 -1.782 -64.014 2
938 1 -1.782 -64.014 2
932 1 -1.782 -64.014 2
929 1 -1.782 -64.014 2
225 1 15.411 -85.101 2
819 1 13.849 -45.526 2
811 1 13.849 -45.526 2
951 1 13.08 -44.489 2
948 1 13.08 -44.489 2
1200 1 7.367 -40.9 2
1198 1 7.367 -40.9 2
1197 1 7.367 -40.9 2
1195 1 7.367 -40.9 2
1193 1 7.367 -40.9 2
1189 1 7.367 -40.9 2
1188 1 7.367 -40.9 2
1187 1 7.367 -40.9 2
1186 1 7.367 -40.9 2
1185 1 7.367 -40.9 2
1184 1 7.367 -40.9 2
1182 1 7.367 -40.9 2
1621 1 8.112 -40.57 2
1619 1 8.112 -40.57 2
1017 1 9.827 -34.778 2
903 1 2.765 -14.154 2
902 1 2.765 -14.154 2
901 1 2.765 -14.154 2
898 1 2.765 -14.154 2
893 1 2.765 -14.154 2
891 1 2.765 -14.154 2
-1 0 -2.497 7.199 D
16066 1 19.0 142.4337158203125 20 500 21
0 0 -2.497 7.199 D
1882 1 -1.91 -37.811 1
1881 1 -1.91 -37.811 1
1880 1 -1.91 -37.811 1
1879 1 -1.91 -37.811 1
1878 1 -1.91 -37.811 1
1877 1 -1.91 -37.811 1
1876 1 -1.91 -37.811 1
1874 1 -1.91 -37.811 1
945 1 -1.782 -64.014 1
941 1 -1.782 -64.014 1
940 1 -1.782 -64.014 1
939 1 -1.782 -64.014 1
937 1 -1.782 -64.014 1
936 1 -1.782 -64.014 1
935 1 -1.782 -64.014 1
934 1 -1.782 -64.014 1
933 1 -1.782 -64.014 1
931 1 -1.782 -64.014 1
930 1 -1.782 -64.014 1
-1 0 -2.497 7.199 D
16067 1 19.0 157.86521911621094 20 500 21
0 0 -2.497 7.199 D
2205 1 25.482 -63.043 1
2204 1 25.482 -63.043 1
2203 1 25.482 -63.043 1
2202 1 25.482 -63.043 1
2201 1 25.482 -63.043 1
2199 1 25.482 -63.043 1
2198 1 25.482 -63.043 1
2197 1 25.482 -63.043 1
2196 1 25.482 -63.043 1
2195 1 25.482 -63.043 1
2193 1 25.482 -63.043 1
2192 1 25.482 -63.043 1
2191 1 25.482 -63.043 1
2190 1 25.482 -63.043 1
2188 1 25.482 -63.043 1
1886 1 -1.91 -37.811 1
1885 1 -1.91 -37.811 1
1884 1 -1.91 -37.811 1
1883 1 -1.91 -37.811 1
-1 0 -2.497 7.199 D
16068 8 59.0 211.1277618408203 60 500 61
0 0 -2.497 7.199 D
1196 1 7.367 -40.9 8
1191 1 7.367 -40.9 8
1190 1 7.367 -40.9 8
1183 1 7.367 -40.9 8
2353 1 13.47 -52.692 8
2350 1 13.47 -52.692 8
3033 1 9.21 -91.73 8
3032 1 9.21 -91.73 8
3031 1 9.21 -91.73 8
3030 1 9.21 -91.73 8
3029 1 9.21 -91.73 8
3028 1 9.21 -91.73 8
3027 1 9.21 -91.73 8
3026 1 9.21 -91.73 8
3025 1 9.21 -91.73 8
3024 1 9.21 -91.73 8
3023 1 9.21 -91.73 8
3022 1 9.21 -91.73 8
3021 1 9.21 -91.73 8
3020 1 9.21 -91.73 8
3019 1 9.21 -91.73 8
3018 1 9.21 -91.73 8
3017 1 9.21 -91.73 8
1418 1 25.519 -66.394 8
1416 1 25.519 -66.394 8
2373 1 22.925 -51.392 8
2372 1 22.925 -51.392 8
2371 1 22.925 -51.392 8
2370 1 22.925 -51.392 8
2483 1 13.245 -35.309 8
2482 1 13.245 -35.309 8
2481 1 13.245 -35.309 8
2476 1 13.245 -35.309 8
2475 1 13.245 -35.309 8
2474 1 13.245 -35.309 8
2473 1 13.245 -35.309 8
2472 1 13.245 -35.309 8
2471 1 13.245 -35.309 8
2470 1 13.245 -35.309 8
3262 1 9.436 -23.535 8
3261 1 9.436 -23.535 8
3260 1 9.436 -23.535 8
3259 1 9.436 -23.535 8
3258 1 9.436 -23.535 8
3257 1 9.436 -23.535 8
3256 1 9.436 -23.535 8
3255 1 9.436 -23.535 8
3254 1 9.436 -23.535 8
3253 1 9.436 -23.535 8
3252 1 9.436 -23.535 8
3251 1 9.436 -23.535 8
3250 1 9.436 -23.535 8
3249 1 9.436 -23.535 8
3248 1 9.436 -23.535 8
3247 1 9.436 -23.535 8
3246 1 9.436 -23.535 8
3245 1 9.436 -23.535 8
3244 1 9.436 -23.535 8
1048 1 0.702 -2.002 8
-1 0 -2.497 7.199 D
16069 32 36.0 127.4302978515625 40 500 38
0 0 -2.497 7.199 D
1443 1 -1.483 -25.531 32
1029 1 9.827 -34.778 32
1023 1 9.827 -34.778 32
1021 1 9.827 -34.778 32
3184 1 7.007 -38.861 32
3183 1 7.007 -38.861 32
3182 1 7.007 -38.861 32
3181 1 7.007 -38.861 32
3180 1 7.007 -38.861 32
3179 1 7.007 -38.861 32
3178 1 7.007 -38.861 32
3177 1 7.007 -38.861 32
3176 1 7.007 -38.861 32
3175 1 7.007 -38.861 32
3174 1 7.007 -38.861 32
3173 1 7.007 -38.861 32
3172 1 7.007 -38.861 32
3171 1 7.007 -38.861 32
3170 1 7.007 -38.861 32
3169 1 7.007 -38.861 32
3168 1 7.007 -38.861 32
3167 1 7.007 -38.861 32
3166 1 7.007 -38.861 32
3165 1 7.007 -38.861 32
3164 1 7.007 -38.861 32
3163 1 7.007 -38.861 32
3162 1 7.007 -38.861 32
3161 1 7.007 -38.861 32
1622 1 8.112 -40.57 32
2844 1 23.456 -42.2 32
2843 1 23.456 -42.2 32
2842 1 23.456 -42.2 32
2841 1 23.456 -42.2 32
2479 1 13.245 -35.309 32
2478 1 13.245 -35.309 32
2477 1 13.245 -35.309 32
-1 0 -2.497 7.199 D
16070 1 19.0 98.73280334472656 20 500 21
0 0 -2.497 7.199 D
905 1 2.765 -14.154 1
900 1 2.765 -14.154 1
899 1 2.765 -14.154 1
897 1 2.765 -14.154 1
896 1 2.765 -14.154 1
894 1 2.765 -14.154 1
892 1 2.765 -14.154 1
890 1 2.765 -14.154 1
1620 1 8.112 -40.57 1
1618 1 8.112 -40.57 1
1617 1 8.112 -40.57 1
1616 1 8.112 -40.57 1
1615 1 8.112 -40.57 1
1614 1 8.112 -40.57 1
1613 1 8.112 -40.57 1
1612 1 8.112 -40.57 1
1611 1 8.112 -40.57 1
1610 1 8.112 -40.57 1
1016 1 9.827 -34.778 1
-1 0 -2.497 7.199 D
16071 16 17.0 186.09329223632812 20 500 19
0 0 -2.497 7.199 D
1041 1 0.702 -2.002 16
2480 1 13.245 -35.309 16
2161 1 30.212 -52.557 16
2156 1 30.212 -52.557 16
2152 1 30.212 -52.557 16
3213 1 35.748 -74.152 16
3212 1 35.748 -74.152 16
3211 1 35.748 -74.152 16
3210 1 35.748 -74.152 16
3209 1 35.748 -74.152 16
3208 1 35.748 -74.152 16
3207 1 35.748 -74.152 16
3206 1 35.748 -74.152 16
3633 1 23.267 -56.158 16
3632 1 23.267 -56.158 16
2365 1 13.47 -52.692 16
2364 1 13.47 -52.692 16
-1 0 -2.497 7.199 D
16072 1 19.0 107.97425842285156 20 500 21
0 0 -2.497 7.199 D
960 1 13.08 -44.489 1
959 1 13.08 -44.489 1
958 1 13.08 -44.489 1
957 1 13.08 -44.489 1
956 1 13.08 -44.489 1
955 1 13.08 -44.489 1
953 1 13.08 -44.489 1
952 1 13.08 -44.489 1
950 1 13.08 -44.489 1
947 1 13.08 -44.489 1
1028 1 9.827 -34.778 1
1027 1 9.827 -34.778 1
1026 1 9.827 -34.778 1
1025 1 9.827 -34.778 1
1024 1 9.827 -34.778 1
1022 1 9.827 -34.778 1
1020 1 9.827 -34.778 1
1019 1 9.827 -34.778 1
1018 1 9.827 -34.778 1
-1 0 -2.497 7.199 D
16073 1 19.0 115.39564514160156 20 500 21
0 0 -2.497 7.199 D
86 1 0.25 -36.53 1
83 1 0.25 -36.53 1
82 1 0.25 -36.53 1
81 1 0.25 -36.53 1
79 1 0.25 -36.53 1
78 1 0.25 -36.53 1
827 1 13.849 -45.526 1
825 1 13.849 -45.526 1
823 1 13.849 -45.526 1
822 1 13.849 -45.526 1
818 1 13.849 -45.526 1
816 1 13.849 -45.526 1
814 1 13.849 -45.526 1
813 1 13.849 -45.526 1
812 1 13.849 -45.526 1
810 1 13.849 -45.526 1
809 1 13.849 -45.526 1
808 1 13.849 -45.526 1
961 1 13.08 -44.489 1
-1 0 -2.497 7.199 D
16074 2 39.0 186.03480529785156 40 500 41
0 0 -2.497 7.199 D
2211 1 25.482 -63.043 2
2200 1 25.482 -63.043 2
1422 1 25.519 -66.394 2
1421 1 25.519 -66.394 2
1420 1 25.519 -66.394 2
1419 1 25.519 -66.394 2
1417 1 25.519 -66.394 2
1415 1 25.519 -66.394 2
1414 1 25.519 -66.394 2
1413 1 25.519 -66.394 2
1412 1 25.519 -66.394 2
1411 1 25.519 -66.394 2
1409 1 25.519 -66.394 2
1408 1 25.519 -66.394 2
1407 1 25.519 -66.394 2
2943 1 32.324 -71.722 2
2942 1 32.324 -71.722 2
2941 1 32.324 -71.722 2
2940 1 32.324 -71.722 2
2939 1 32.324 -71.722 2
2938 1 32.324 -71.722 2
2937 1 32.324 -71.722 2
2936 1 32.324 -71.722 2
2935 1 32.324 -71.722 2
2934 1 32.324 -71.722 2
221 1 23.73 -77.106 2
220 1 23.73 -77.106 2
219 1 23.73 -77.106 2
218 1 23.73 -77.106 2
217 1 23.73 -77.106 2
216 1 23.73 -77.106 2
214 1 23.73 -77.106 2
212 1 23.73 -77.106 2
211 1 23.73 -77.106 2
208 1 23.73 -77.106 2
829 1 13.849 -45.526 2
828 1 13.849 -45.526 2
826 1 13.849 -45.526 2
824 1 13.849 -45.526 2
-1 0 -2.497 7.199 D
16075 1 19.0 190.2041015625 20 500 21
0 0 -2.497 7.199 D
1710 1 1.434 -71.667 1
1709 1 1.434 -71.667 1
1708 1 1.434 -71.667 1
1707 1 1.434 -71.667 1
1706 1 1.434 -71.667 1
1705 1 1.434 -71.667 1
1704 1 1.434 -71.667 1
1703 1 1.434 -71.667 1
1702 1 1.434 -71.667 1
213 1 23.73 -77.106 1
210 1 23.73 -77.106 1
209 1 23.73 -77.106 1
206 1 23.73 -77.106 1
205 1 23.73 -77.106 1
204 1 23.73 -77.106 1
224 1 23.73 -77.106 1
223 1 23.73 -77.106 1
222 1 23.73 -77.106 1
215 1 23.73 -77.106 1
-1 0 -2.497 7.199 D
16076 4 59.0 176.23095703125 60 500 61
0 0 -2.497 7.199 D
1050 1 0.702 -2.002 4
1049 1 0.702 -2.002 4
1047 1 0.702 -2.002 4
1046 1 0.702 -2.002 4
1045 1 0.702 -2.002 4
1044 1 0.702 -2.002 4
1043 1 0.702 -2.002 4
1042 1 0.702 -2.002 4
1040 1 0.702 -2.002 4
1039 1 0.702 -2.002 4
1038 1 0.702 -2.002 4
1037 1 0.702 -2.002 4
1036 1 0.702 -2.002 4
1035 1 0.702 -2.002 4
1034 1 0.702 -2.002 4
1033 1 0.702 -2.002 4
291 1 12.048 -22.076 4
926 1 14.069 -22.229 4
919 1 14.069 -22.229 4
1720 1 17.23 -33.679 4
1719 1 17.23 -33.679 4
1718 1 17.23 -33.679 4
1716 1 17.23 -33.679 4
1715 1 17.23 -33.679 4
1714 1 17.23 -33.679 4
1713 1 17.23 -33.679 4
1712 1 17.23 -33.679 4
1711 1 17.23 -33.679 4
2543 1 24.31 -57.623 4
2194 1 25.482 -63.043 4
2189 1 25.482 -63.043 4
1410 1 25.519 -66.394 4
724 1 38.434 -60.419 4
723 1 38.434 -60.419 4
718 1 38.434 -60.419 4
2164 1 30.212 -52.557 4
2162 1 30.212 -52.557 4
2160 1 30.212 -52.557 4
2159 1 30.212 -52.557 4
2157 1 30.212 -52.557 4
2155 1 30.212 -52.557 4
2154 1 30.212 -52.557 4
2153 1 30.212 -52.557 4
2151 1 30.212 -52.557 4
2150 1 30.212 -52.557 4
2149 1 30.212 -52.557 4
2148 1 30.212 -52.557 4
2147 1 30.212 -52.557 4
2146 1 30.212 -52.557 4
2144 1 30.212 -52.557 4
2143 1 30.212 -52.557 4
2142 1 30.212 -52.557 4
50 1 31.158 -48.444 4
45 1 31.158 -48.444 4
41 1 31.158 -48.444 4
38 1 31.158 -48.444 4
69 1 28.027 -35.413 4
67 1 28.027 -35.413 4
1469 1 18.835 -21.552 4
-1 0 -2.497 7.199 D
16077 1 19.0 151.30087280273438 20 500 21
0 0 -2.497 7.199 D
2548 1 24.31 -57.623 1
2547 1 24.31 -57.623 1
2546 1 24.31 -57.623 1
2545 1 24.31 -57.623 1
2544 1 24.31 -57.623 1
2542 1 24.31 -57.623 1
2541 1 24.31 -57.623 1
2540 1 24.31 -57.623 1
2539 1 24.31 -57.623 1
2538 1 24.31 -57.623 1
2537 1 24.31 -57.623 1
2536 1 24.31 -57.623 1
2535 1 24.31 -57.623 1
2534 1 24.31 -57.623 1
2210 1 25.482 -63.043 1
2209 1 25.482 -63.043 1
2208 1 25.482 -63.043 1
2207 1 25.482 -63.043 1
2206 1 25.482 -63.043 1
-1 0 -2.497 7.199 D
16078 8 58.0 261.4284362792969 60 500 60
0 0 -2.497 7.199 D
1253 1 38.293 7.275 8
2707 1 50.598 3.894 8
2705 1 50.598 3.894 8
2703 1 50.598 3.894 8
1871 1 75.177 -5.115 8
3383 1 88.824 -7.55 8
3382 1 88.824 -7.55 8
3381 1 88.824 -7.55 8
3380 1 88.824 -7.55 8
3379 1 88.824 -7.55 8
3153 1 44.965 -64.453 8
3152 1 44.965 -64.453 8
3151 1 44.965 -64.453 8
3150 1 44.965 -64.453 8
3149 1 44.965 -64.453 8
3148 1 44.965 -64.453 8
3147 1 44.965 -64.453 8
3146 1 44.965 -64.453 8
3145 1 44.965 -64.453 8
3144 1 44.965 -64.453 8
3143 1 44.965 -64.453 8
3142 1 44.965 -64.453 8
3141 1 44.965 -64.453 8
3140 1 44.965 -64.453 8
3139 1 44.965 -64.453 8
3138 1 44.965 -64.453 8
3137 1 44.965 -64.453 8
3136 1 44.965 -64.453 8
3135 1 44.965 -64.453 8
3134 1 44.965 -64.453 8
3133 1 44.965 -64.453 8
3132 1 44.965 -64.453 8
3131 1 44.965 -64.453 8
3130 1 44.965 -64.453 8
2158 1 30.212 -52.557 8
2145 1 30.212 -52.557 8
2379 1 22.925 -51.392 8
2377 1 22.925 -51.392 8
2376 1 22.925 -51.392 8
2374 1 22.925 -51.392 8
1717 1 17.23 -33.679 8
1576 1 22.406 -22.656 8
1575 1 22.406 -22.656 8
1573 1 22.406 -22.656 8
1572 1 22.406 -22.656 8
1571 1 22.406 -22.656 8
1570 1 22.406 -22.656 8
1569 1 22.406 -22.656 8
1568 1 22.406 -22.656 8
1567 1 22.406 -22.656 8
1566 1 22.406 -22.656 8
1564 1 22.406 -22.656 8
1562 1 22.406 -22.656 8
1561 1 22.406 -22.656 8
1560 1 22.406 -22.656 8
1559 1 22.406 -22.656 8
1557 1 22.406 -22.656 8
1556 1 22.406 -22.656 8
-1 0 -2.497 7.199 D
16079 2 39.0 186.2239227294922 40 500 41
0 0 -2.497 7.199 D
925 1 14.069 -22.229 2
924 1 14.069 -22.229 2
916 1 14.069 -22.229 2
57 1 31.158 -48.444 2
54 1 31.158 -48.444 2
53 1 31.158 -48.444 2
51 1 31.158 -48.444 2
49 1 31.158 -48.444 2
48 1 31.158 -48.444 2
44 1 31.158 -48.444 2
42 1 31.158 -48.444 2
40 1 31.158 -48.444 2
37 1 31.158 -48.444 2
722 1 38.434 -60.419 2
717 1 38.434 -60.419 2
716 1 38.434 -60.419 2
715 1 38.434 -60.419 2
714 1 38.434 -60.419 2
713 1 38.434 -60.419 2
712 1 38.434 -60.419 2
710 1 38.434 -60.419 2
707 1 38.434 -60.419 2
418 1 43.561 -60.767 2
2947 1 32.324 -71.722 2
2946 1 32.324 -71.722 2
2945 1 32.324 -71.722 2
2944 1 32.324 -71.722 2
304 1 12.048 -22.076 2
303 1 12.048 -22.076 2
301 1 12.048 -22.076 2
298 1 12.048 -22.076 2
297 1 12.048 -22.076 2
295 1 12.048 -22.076 2
293 1 12.048 -22.076 2
290 1 12.048 -22.076 2
289 1 12.048 -22.076 2
288 1 12.048 -22.076 2
287 1 12.048 -22.076 2
285 1 12.048 -22.076 2
-1 0 -2.497 7.199 D
16080 1 19.0 89.94410705566406 20 500 21
0 0 -2.497 7.199 D
300 1 12.048 -22.076 1
299 1 12.048 -22.076 1
296 1 12.048 -22.076 1
294 1 12.048 -22.076 1
292 1 12.048 -22.076 1
286 1 12.048 -22.076 1
3549 1 16.174 -33.679 1
3548 1 16.174 -33.679 1
3547 1 16.174 -33.679 1
3546 1 16.174 -33.679 1
3545 1 16.174 -33.679 1
3544 1 16.174 -33.679 1
3543 1 16.174 -33.679 1
3542 1 16.174 -33.679 1
3541 1 16.174 -33.679 1
3540 1 16.174 -33.679 1
3539 1 16.174 -33.679 1
3538 1 16.174 -33.679 1
3537 1 16.174 -33.679 1
-1 0 -2.497 7.199 D
16081 1 19.0 158.30953979492188 20 500 21
0 0 -2.497 7.199 D
923 1 14.069 -22.229 1
922 1 14.069 -22.229 1
921 1 14.069 -22.229 1
920 1 14.069 -22.229 1
918 1 14.069 -22.229 1
917 1 14.069 -22.229 1
61 1 31.158 -48.444 1
60 1 31.158 -48.444 1
59 1 31.158 -48.444 1
58 1 31.158 -48.444 1
56 1 31.158 -48.444 1
55 1 31.158 -48.444 1
52 1 31.158 -48.444 1
47 1 31.158 -48.444 1
46 1 31.158 -48.444 1
43 1 31.158 -48.444 1
39 1 31.158 -48.444 1
708 1 38.434 -60.419 1
302 1 12.048 -22.076 1
-1 0 -2.497 7.199 D
16082 32 39.0 280.66473388671875 40 500 41
0 0 -2.497 7.199 D
1841 1 16.376 5.896 32
1837 1 16.376 5.896 32
2704 1 50.598 3.894 32
1913 1 86.804 -71.698 32
1912 1 86.804 -71.698 32
2639 1 67.444 -77.087 32
2079 1 45.416 -58.716 32
2226 1 28.156 -42.242 32
2216 1 28.156 -42.242 32
2862 1 23.456 -42.2 32
2861 1 23.456 -42.2 32
2860 1 23.456 -42.2 32
2859 1 23.456 -42.2 32
2858 1 23.456 -42.2 32
2857 1 23.456 -42.2 32
2856 1 23.456 -42.2 32
2855 1 23.456 -42.2 32
2854 1 23.456 -42.2 32
2853 1 23.456 -42.2 32
2852 1 23.456 -42.2 32
2851 1 23.456 -42.2 32
2850 1 23.456 -42.2 32
2849 1 23.456 -42.2 32
2848 1 23.456 -42.2 32
2847 1 23.456 -42.2 32
2846 1 23.456 -42.2 32
2845 1 23.456 -42.2 32
1574 1 22.406 -22.656 32
1565 1 22.406 -22.656 32
1558 1 22.406 -22.656 32
3069 1 25.134 -7.745 32
3068 1 25.134 -7.745 32
3067 1 25.134 -7.745 32
3066 1 25.134 -7.745 32
3065 1 25.134 -7.745 32
3064 1 25.134 -7.745 32
3063 1 25.134 -7.745 32
3794 1 8.087 -0.342 32
3793 1 8.087 -0.342 32
-1 0 -2.497 7.199 D
16083 16 19.0 490.66314697265625 20 500 21
0 0 -2.497 7.199 D
3735 1 -35.992 97.54 16
3734 1 -35.992 97.54 16
3733 1 -35.992 97.54 16
2513 1 9.57 64.038 16
1321 1 46.936 42.871 16
1805 1 36.359 38.342 16
2706 1 50.598 3.894 16
1873 1 75.177 -5.115 16
1863 1 75.177 -5.115 16
1859 1 75.177 -5.115 16
2645 1 67.444 -77.087 16
2638 1 67.444 -77.087 16
2633 1 67.444 -77.087 16
2378 1 22.925 -51.392 16
2375 1 22.925 -51.392 16
2360 1 13.47 -52.692 16
2354 1 13.47 -52.692 16
2163 1 30.212 -52.557 16
1563 1 22.406 -22.656 16
-1 0 -2.497 7.199 D
16084 1 19.0 158.09527587890625 20 500 21
0 0 -2.497 7.199 D
2231 1 28.156 -42.242 1
2230 1 28.156 -42.242 1
2229 1 28.156 -42.242 1
2228 1 28.156 -42.242 1
2227 1 28.156 -42.242 1
2225 1 28.156 -42.242 1
2224 1 28.156 -42.242 1
2223 1 28.156 -42.242 1
2222 1 28.156 -42.242 1
2221 1 28.156 -42.242 1
2220 1 28.156 -42.242 1
2219 1 28.156 -42.242 1
2218 1 28.156 -42.242 1
2217 1 28.156 -42.242 1
721 1 38.434 -60.419 1
720 1 38.434 -60.419 1
719 1 38.434 -60.419 1
711 1 38.434 -60.419 1
709 1 38.434 -60.419 1
-1 0 -2.497 7.199 D
16085 1 19.0 164.41656494140625 20 500 21
0 0 -2.497 7.199 D
2237 1 28.156 -42.242 1
2236 1 28.156 -42.242 1
2235 1 28.156 -42.242 1
2234 1 28.156 -42.242 1
2233 1 28.156 -42.242 1
2232 1 28.156 -42.242 1
435 1 43.561 -60.767 1
430 1 43.561 -60.767 1
429 1 43.561 -60.767 1
428 1 43.561 -60.767 1
427 1 43.561 -60.767 1
426 1 43.561 -60.767 1
425 1 43.561 -60.767 1
422 1 43.561 -60.767 1
421 1 43.561 -60.767 1
420 1 43.561 -60.767 1
65 1 28.027 -35.413 1
64 1 28.027 -35.413 1
62 1 28.027 -35.413 1
-1 0 -2.497 7.199 D
16086 2 39.0 243.03744506835938 40 500 41
0 0 -2.497 7.199 D
635 1 39.105 -15.649 2
634 1 39.105 -15.649 2
632 1 39.105 -15.649 2
328 1 43.085 -26.385 2
327 1 43.085 -26.385 2
326 1 43.085 -26.385 2
325 1 43.085 -26.385 2
321 1 43.085 -26.385 2
319 1 43.085 -26.385 2
314 1 43.085 -26.385 2
312 1 43.085 -26.385 2
310 1 43.085 -26.385 2
307 1 43.085 -26.385 2
306 1 43.085 -26.385 2
1808 1 83.71 -34.198 2
1807 1 83.71 -34.198 2
98 1 64.972 -60.602 2
95 1 64.972 -60.602 2
93 1 64.972 -60.602 2
91 1 64.972 -60.602 2
90 1 64.972 -60.602 2
87 1 64.972 -60.602 2
535 1 49.921 -51.971 2
533 1 49.921 -51.971 2
529 1 49.921 -51.971 2
528 1 49.921 -51.971 2
2091 1 45.416 -58.716 2
2088 1 45.416 -58.716 2
2087 1 45.416 -58.716 2
2082 1 45.416 -58.716 2
436 1 43.561 -60.767 2
434 1 43.561 -60.767 2
433 1 43.561 -60.767 2
432 1 43.561 -60.767 2
431 1 43.561 -60.767 2
424 1 43.561 -60.767 2
423 1 43.561 -60.767 2
419 1 43.561 -60.767 2
63 1 28.027 -35.413 2
-1 0 -2.497 7.199 D
16087 1 19.0 173.41558837890625 20 500 21
0 0 -2.497 7.199 D
525 1 49.921 -51.971 1
524 1 49.921 -51.971 1
2590 1 51.251 -58.881 1
2092 1 45.416 -58.716 1
2090 1 45.416 -58.716 1
2089 1 45.416 -58.716 1
2086 1 45.416 -58.716 1
2085 1 45.416 -58.716 1
2084 1 45.416 -58.716 1
2083 1 45.416 -58.716 1
2081 1 45.416 -58.716 1
2080 1 45.416 -58.716 1
2078 1 45.416 -58.716 1
2077 1 45.416 -58.716 1
2076 1 45.416 -58.716 1
71 1 28.027 -35.413 1
70 1 28.027 -35.413 1
68 1 28.027 -35.413 1
66 1 28.027 -35.413 1
-1 0 -2.497 7.199 D
16088 4 58.0 256.5790100097656 60 500 60
0 0 -2.497 7.199 D
185 1 12.891 3.247 4
913 1 17.389 3.278 4
911 1 17.389 3.278 4
908 1 17.389 3.278 4
26 1 38.647 -9.479 4
24 1 38.647 -9.479 4
757 1 60.089 -17.572 4
2407 1 74.786 -5.347 4
2404 1 74.786 -5.347 4
1872 1 75.177 -5.115 4
1870 1 75.177 -5.115 4
1869 1 75.177 -5.115 4
1868 1 75.177 -5.115 4
1867 1 75.177 -5.115 4
1866 1 75.177 -5.115 4
1865 1 75.177 -5.115 4
1864 1 75.177 -5.115 4
1862 1 75.177 -5.115 4
1861 1 75.177 -5.115 4
1860 1 75.177 -5.115 4
1858 1 75.177 -5.115 4
1857 1 75.177 -5.115 4
1856 1 75.177 -5.115 4
1855 1 75.177 -5.115 4
1854 1 75.177 -5.115 4
2588 1 82.605 -27.258 4
2586 1 82.605 -27.258 4
2585 1 82.605 -27.258 4
89 1 64.972 -60.602 4
3784 1 40.35 -46.997 4
3783 1 40.35 -46.997 4
3782 1 40.35 -46.997 4
3781 1 40.35 -46.997 4
3780 1 40.35 -46.997 4
3779 1 40.35 -46.997 4
3778 1 40.35 -46.997 4
3777 1 40.35 -46.997 4
3776 1 40.35 -46.997 4
3775 1 40.35 -46.997 4
3774 1 40.35 -46.997 4
3773 1 40.35 -46.997 4
3772 1 40.35 -46.997 4
3771 1 40.35 -46.997 4
3770 1 40.35 -46.997 4
3769 1 40.35 -46.997 4
3768 1 40.35 -46.997 4
3767 1 40.35 -46.997 4
3766 1 40.35 -46.997 4
3765 1 40.35 -46.997 4
3764 1 40.35 -46.997 4
3763 1 40.35 -46.997 4
3762 1 40.35 -46.997 4
3761 1 40.35 -46.997 4
3760 1 40.35 -46.997 4
309 1 43.085 -26.385 4
308 1 43.085 -26.385 4
636 1 39.105 -15.649 4
630 1 39.105 -15.649 4
-1 0 -2.497 7.199 D
16089 1 19.0 219.0513458251953 20 500 21
0 0 -2.497 7.199 D
2632 1 67.444 -77.087 1
2631 1 67.444 -77.087 1
2653 1 67.444 -77.087 1
2652 1 67.444 -77.087 1
2651 1 67.444 -77.087 1
2650 1 67.444 -77.087 1
2649 1 67.444 -77.087 1
2648 1 67.444 -77.087 1
2647 1 67.444 -77.087 1
2646 1 67.444 -77.087 1
2644 1 67.444 -77.087 1
2643 1 67.444 -77.087 1
2642 1 67.444 -77.087 1
2641 1 67.444 -77.087 1
2640 1 67.444 -77.087 1
2637 1 67.444 -77.087 1
2636 1 67.444 -77.087 1
2635 1 67.444 -77.087 1
2634 1 67.444 -77.087 1
-1 0 -2.497 7.199 D
16090 1 19.0 240.05026245117188 20 500 21
0 0 -2.497 7.199 D
534 1 49.921 -51.971 1
532 1 49.921 -51.971 1
531 1 49.921 -51.971 1
530 1 49.921 -51.971 1
527 1 49.921 -51.971 1
526 1 49.921 -51.971 1
97 1 64.972 -60.602 1
96 1 64.972 -60.602 1
94 1 64.972 -60.602 1
92 1 64.972 -60.602 1
88 1 64.972 -60.602 1
1918 1 86.804 -71.698 1
1917 1 86.804 -71.698 1
1916 1 86.804 -71.698 1
1915 1 86.804 -71.698 1
1914 1 86.804 -71.698 1
1911 1 86.804 -71.698 1
1910 1 86.804 -71.698 1
1909 1 86.804 -71.698 1
-1 0 -2.497 7.199 D
16091 1 19.0 115.53125762939453 20 500 21
0 0 -2.497 7.199 D
633 1 39.105 -15.649 1
631 1 39.105 -15.649 1
629 1 39.105 -15.649 1
628 1 39.105 -15.649 1
627 1 39.105 -15.649 1
626 1 39.105 -15.649 1
625 1 39.105 -15.649 1
329 1 43.085 -26.385 1
324 1 43.085 -26.385 1
323 1 43.085 -26.385 1
322 1 43.085 -26.385 1
320 1 43.085 -26.385 1
318 1 43.085 -26.385 1
317 1 43.085 -26.385 1
316 1 43.085 -26.385 1
315 1 43.085 -26.385 1
313 1 43.085 -26.385 1
311 1 43.085 -26.385 1
305 1 43.085 -26.385 1
-1 0 -2.497 7.199 D
16092 1 19.0 91.12100982666016 20 500 21
0 0 -2.497 7.199 D
1846 1 16.376 5.896 1
1845 1 16.376 5.896 1
1844 1 16.376 5.896 1
1843 1 16.376 5.896 1
1842 1 16.376 5.896 1
1840 1 16.376 5.896 1
1839 1 16.376 5.896 1
1838 1 16.376 5.896 1
1836 1 16.376 5.896 1
30 1 38.647 -9.479 1
29 1 38.647 -9.479 1
28 1 38.647 -9.479 1
27 1 38.647 -9.479 1
25 1 38.647 -9.479 1
343 1 28.021 -8.887 1
342 1 28.021 -8.887 1
341 1 28.021 -8.887 1
340 1 28.021 -8.887 1
339 1 28.021 -8.887 1
-1 0 -2.497 7.199 D
16093 2 39.0 238.7642059326172 40 500 41
0 0 -2.497 7.199 D
1079 1 47.583 11.737 2
573 1 42.535 12.451 2
571 1 42.535 12.451 2
562 1 42.535 12.451 2
561 1 42.535 12.451 2
558 1 42.535 12.451 2
557 1 42.535 12.451 2
23 1 38.647 -9.479 2
760 1 60.089 -17.572 2
759 1 60.089 -17.572 2
754 1 60.089 -17.572 2
1820 1 83.71 -34.198 2
1819 1 83.71 -34.198 2
1818 1 83.71 -34.198 2
1817 1 83.71 -34.198 2
1816 1 83.71 -34.198 2
1815 1 83.71 -34.198 2
1814 1 83.71 -34.198 2
1813 1 83.71 -34.198 2
1812 1 83.71 -34.198 2
1811 1 83.71 -34.198 2
1810 1 83.71 -34.198 2
1809 1 83.71 -34.198 2
2589 1 82.605 -27.258 2
2587 1 82.605 -27.258 2
2584 1 82.605 -27.258 2
2583 1 82.605 -27.258 2
2582 1 82.605 -27.258 2
889 1 78.003 -8.386 2
2405 1 74.786 -5.347 2
914 1 17.389 3.278 2
912 1 17.389 3.278 2
907 1 17.389 3.278 2
906 1 17.389 3.278 2
191 1 12.891 3.247 2
190 1 12.891 3.247 2
189 1 12.891 3.247 2
186 1 12.891 3.247 2
184 1 12.891 3.247 2
-1 0 -2.497 7.199 D
16094 1 19.0 172.2184295654297 20 500 21
0 0 -2.497 7.199 D
761 1 60.089 -17.572 1
758 1 60.089 -17.572 1
756 1 60.089 -17.572 1
755 1 60.089 -17.572 1
888 1 78.003 -8.386 1
887 1 78.003 -8.386 1
886 1 78.003 -8.386 1
885 1 78.003 -8.386 1
884 1 78.003 -8.386 1
2409 1 74.786 -5.347 1
2408 1 74.786 -5.347 1
2406 1 74.786 -5.347 1
2038 1 69.714 0.25 1
2037 1 69.714 0.25 1
915 1 17.389 3.278 1
910 1 17.389 3.278 1
909 1 17.389 3.278 1
188 1 12.891 3.247 1
187 1 12.891 3.247 1
-1 0 -2.497 7.199 D
16095 1 19.0 163.0384063720703 20 500 21
0 0 -2.497 7.199 D
753 1 60.089 -17.572 1
752 1 60.089 -17.572 1
751 1 60.089 -17.572 1
750 1 60.089 -17.572 1
749 1 60.089 -17.572 1
748 1 60.089 -17.572 1
747 1 60.089 -17.572 1
746 1 60.089 -17.572 1
745 1 60.089 -17.572 1
2042 1 69.714 0.25 1
2041 1 69.714 0.25 1
2040 1 69.714 0.25 1
2039 1 69.714 0.25 1
1080 1 47.583 11.737 1
1081 1 47.583 11.737 1
2441 1 37.231 12.848 1
2442 1 37.231 12.848 1
2443 1 37.231 12.848 1
2444 1 37.231 12.848 1
-1 0 -2.497 7.199 D
20624 1 19.0 90.78367614746094 20 500 21
0 0 -2.497 7.199 D
575 1 42.535 12.451 1
576 1 42.535 12.451 1
579 1 42.535 12.451 1
2421 1 37.231 12.848 1
2422 1 37.231 12.848 1
2423 1 37.231 12.848 1
2425 1 37.231 12.848 1
2426 1 37.231 12.848 1
2427 1 37.231 12.848 1
2428 1 37.231 12.848 1
2429 1 37.231 12.848 1
2430 1 37.231 12.848 1
2431 1 37.231 12.848 1
2433 1 37.231 12.848 1
2434 1 37.231 12.848 1
2436 1 37.231 12.848 1
2437 1 37.231 12.848 1
2438 1 37.231 12.848 1
2439 1 37.231 12.848 1
-1 0 -2.497 7.199 D
20625 1 14.0 100.72065734863281 20 500 16
0 0 -2.497 7.199 D
1082 1 47.583 11.737 1
1083 1 47.583 11.737 1
555 1 42.535 12.451 1
556 1 42.535 12.451 1
563 1 42.535 12.451 1
564 1 42.535 12.451 1
565 1 42.535 12.451 1
566 1 42.535 12.451 1
567 1 42.535 12.451 1
568 1 42.535 12.451 1
569 1 42.535 12.451 1
570 1 42.535 12.451 1
572 1 42.535 12.451 1
574 1 42.535 12.451 1
-1 0 -2.497 7.199 D
