File: pr11 Num Depots: 1 Num Pick Up Points: 987 Num Trucks: 21Processing Time: 33359 seconds
Total Demand = 12994.00| Total Distance = 67251.05| Total Travel Time = 50438.29| Total Cost = $15768.05|

Truck #20674 MaxCap: 20 Demand: 19.0 ROUTE:0 1149 1148 1146 1144 1143 1142 1141 1140 1139 5072 5071 5070 5069 5068 5067 5066 5065 5064 5063 -1 
Truck #20675 MaxCap: 40 Demand: 39.0 ROUTE:0 1012 1011 1009 1008 967 966 965 964 962 961 960 959 958 957 956 954 953 952 951 950 948 947 946 945 944 943 1155 1152 1151 1150 12447 12446 12445 12444 12443 12442 12441 12440 12439 -1 
Truck #20676 MaxCap: 60 Demand: 59.0 ROUTE:0 2634 2630 2629 2627 2625 2624 2623 2622 2621 2620 2619 2618 2617 2616 2615 2613 10048 10047 10046 10045 10044 10043 10040 10038 10037 10036 10034 338 337 336 334 332 331 330 329 328 327 326 325 324 12156 12155 12154 12153 12152 12151 12150 12149 12148 12147 12146 12145 12144 12142 12141 12139 12136 12135 12134 -1 
Truck #20677 MaxCap: 40 Demand: 38.0 ROUTE:0 12143 12140 12138 12137 335 333 1154 1153 1147 1145 520 519 518 517 516 515 514 513 512 10336 10331 10330 8285 8284 8283 8282 8281 8280 10133 10132 4749 4748 4747 4745 4744 10041 10039 10035 -1 
Truck #20678 MaxCap: 80 Demand: 65.0 ROUTE:0 207 205 203 198 195 194 188 9722 9716 9711 9710 12886 12885 12884 12883 12882 12881 12880 12879 12878 12877 12876 12875 12874 12873 12872 10989 10988 10986 10985 10984 16 15 13 12 6 823 820 818 992 991 990 989 988 987 1510 1509 1508 1507 1506 1505 1504 1503 1502 1501 1500 1499 11618 356 4755 4754 4753 4752 4751 4750 -1 
Truck #20679 MaxCap: 120 Demand: 108.0 ROUTE:0 12871 12870 12869 12868 12867 12866 12865 12864 8253 8251 8250 8249 8248 8247 8246 8245 8241 8240 8239 8238 8237 11926 11925 11921 11915 11908 11664 11663 11662 11660 11659 11656 11655 11652 11651 11650 11649 11648 11647 11646 11645 11644 12851 12850 12849 12848 12847 12846 12845 12844 12843 12842 12841 12840 12839 12838 7369 7368 7366 7365 7362 7361 7360 7359 7358 7357 7356 7354 7353 7352 7351 7350 10623 10622 10620 10619 10618 10616 10615 10614 10613 10612 10611 10610 4782 4781 4779 388 386 383 6335 6334 6332 1598 1597 1596 1595 1594 1593 1592 1591 1590 1589 1588 1587 1586 1585 1584 -1 
Truck #20681 MaxCap: 100 Demand: 99.0 ROUTE:0 8254 8252 8244 8243 8242 8440 8438 8437 8436 8435 8434 8432 8431 8430 8429 8428 8427 8426 8424 8423 8422 8421 8419 4780 10585 10584 10583 10582 10581 10580 10579 10578 10577 10576 10574 10572 10571 11110 11106 11103 11102 11098 9879 10170 10167 6546 6544 12283 12281 569 568 567 566 565 564 563 562 561 560 559 558 557 556 555 554 553 552 551 19 10997 10987 11661 11658 11657 11654 11653 11643 10621 10617 7367 7364 7363 7355 7349 7348 9713 11376 11373 12133 12132 12131 12130 12129 12126 12125 12124 12123 12122 12121 -1 
Truck #20682 MaxCap: 160 Demand: 159.0 ROUTE:0 98 95 91 11634 11632 12948 12947 12946 12945 12944 12943 12942 12941 12940 12939 12938 12937 12936 12935 12934 12933 12932 12931 12930 12929 12928 12927 12926 63 634 626 624 8234 8232 8225 10184 10182 10179 10177 8985 8984 8983 8982 8981 8980 8979 159 11772 11771 11770 11769 11768 11767 11766 11765 11763 11761 11760 11759 11758 11757 11755 11754 11753 11752 11751 7469 7468 7464 7462 7459 7525 7519 7518 7516 7512 3747 3740 2769 1824 1823 1822 1821 1820 1819 1818 1817 1816 1815 1814 1813 1812 1811 1810 1809 1808 1807 1806 1805 1804 1803 1802 1801 12684 12683 12682 12681 11156 11155 11154 11153 11152 11151 11150 11149 11148 11147 11146 11145 11144 11143 11142 11141 11140 9942 9937 9931 11468 11467 11465 11464 11462 11461 11460 11459 11458 11456 11455 11454 11453 11452 11451 11450 11449 11447 12574 12573 12572 12571 12570 12569 12568 12567 12566 12565 12564 12563 12562 134 -1 
Truck #20684 MaxCap: 100 Demand: 99.0 ROUTE:0 11128 11125 454 453 452 451 450 449 448 447 10575 10573 12337 12336 12335 12334 12333 12332 12331 12330 12329 12328 12327 12326 12325 12324 12323 12322 11738 11735 11331 11320 11319 11604 11600 11599 11598 11593 11590 11586 2768 2767 1315 12280 12276 11764 11762 11756 7254 7252 7247 7246 7245 8392 8390 8387 8385 12026 12020 12019 12014 12013 12009 12008 1168 12004 12000 8949 8948 8947 8946 8945 8944 8943 8942 8941 8940 8939 8938 8937 8936 8935 8934 8933 8932 8931 8930 8929 8928 8927 8926 8925 8439 8433 8425 8420 8110 8105 8103 -1 
Truck #20685 MaxCap: 160 Demand: 159.0 ROUTE:0 1834 1833 1832 1831 1830 1829 1828 1827 1826 1825 11710 11708 11702 7168 7163 7158 7157 7155 11469 11466 11463 11457 11448 6945 11874 11993 11992 11991 11983 11388 11387 11383 7075 7071 7056 7153 10546 10539 10536 10528 10526 10525 10524 10523 11584 11583 11582 11581 11580 11575 11569 8101 8096 8094 12969 12968 12967 12966 12965 12964 12963 12962 12961 12960 924 919 918 916 915 913 5672 5671 5670 5669 5668 5667 5666 5665 5664 1135 1132 1131 1126 5289 5285 5283 5279 1207 7389 7388 7382 7381 7380 7373 1162 8978 8977 8976 8975 8974 8973 8972 8971 8970 8969 8968 8967 8966 8965 8964 8963 8962 8961 8960 11218 11688 11684 10845 5236 5231 5222 12233 12229 12226 2509 2506 2504 1520 11819 11817 11805 887 880 8924 8923 8922 8921 8920 8919 8918 8917 8916 8915 8914 8913 8912 8911 8910 8909 8908 8907 8906 8905 8904 8903 8902 8901 1413 1412 -1 
Truck #20686 MaxCap: 20 Demand: 19.0 ROUTE:0 11803 9895 9894 9893 9892 9891 9890 9889 9888 9886 9885 9884 9883 9881 9880 9878 9877 9876 10049 -1 
Truck #20687 MaxCap: 20 Demand: 19.0 ROUTE:0 8746 8745 8744 8743 8742 8741 8740 8739 8738 8737 8111 8109 8108 8107 8106 8104 6413 6414 11619 -1 
Truck #20688 MaxCap: 20 Demand: 19.0 ROUTE:0 9392 9391 9390 822 821 819 6725 6724 6723 6722 6721 8333 206 204 202 201 200 199 197 -1 
Truck #20689 MaxCap: 20 Demand: 19.0 ROUTE:0 10138 10137 10135 10131 10130 10129 10128 12216 12215 12214 12213 12212 12211 12210 12209 12208 12207 12206 12204 -1 
Truck #20690 MaxCap: 20 Demand: 19.0 ROUTE:0 18 17 14 11 10 9 8 7 5 4 3 2 1 12222 12221 12220 12219 12218 12217 -1 
Truck #20691 MaxCap: 20 Demand: 19.0 ROUTE:0 55 12118 12117 12116 12033 12655 12654 12653 12652 12651 12650 12649 12648 12647 12646 23 22 21 20 -1 
Truck #20692 MaxCap: 20 Demand: 19.0 ROUTE:0 6421 6420 6419 6418 6417 6416 6415 9724 9723 9721 9720 9719 9718 9717 9715 9714 9712 9709 8605 -1 
Truck #20693 MaxCap: 20 Demand: 19.0 ROUTE:0 12028 12027 12025 12024 12023 12022 12021 12018 12017 12016 12015 12012 12011 12010 12007 12006 8608 8607 8606 -1 
Truck #20694 MaxCap: 20 Demand: 19.0 ROUTE:0 8403 8402 8401 8400 8399 8398 8397 8396 8395 8394 8393 8391 8389 8388 8386 8384 8383 8382 8381 -1 
Truck #20695 MaxCap: 20 Demand: 19.0 ROUTE:0 196 193 192 191 190 189 187 186 185 184 6412 12005 12003 12002 12001 11999 11998 11997 11996 -1 
Truck #20696 MaxCap: 20 Demand: 19.0 ROUTE:0 10162 10161 10160 10159 10158 10157 11928 11927 11924 11923 11922 11920 11919 11918 7253 7251 7250 7249 7248 -1 
Truck #20697 MaxCap: 20 Demand: 19.0 ROUTE:0 6336 6333 396 395 394 393 392 391 390 389 387 385 384 382 1172 1171 1170 1169 1167 -1 
Truck #20698 MaxCap: 20 Demand: 19.0 ROUTE:0 11740 11739 11737 11736 11734 11733 11732 11731 11730 11802 11801 11800 11799 11798 11797 11796 11794 11793 6337 -1 
Truck #20699 MaxCap: 40 Demand: 39.0 ROUTE:0 9396 9395 9394 9393 10181 6555 6541 6540 6537 9896 9887 9882 9875 9874 11111 11109 11108 11107 11105 11104 11101 11100 11099 11097 9807 9805 9802 9797 9796 11515 11509 1606 1605 1604 1603 1602 1601 1600 1599 -1 
Truck #20700 MaxCap: 20 Demand: 19.0 ROUTE:0 6411 11596 11595 11594 11592 11591 11589 11588 11587 11585 11609 11608 11607 11606 11605 11603 11602 11601 11597 -1 
Truck #20701 MaxCap: 20 Demand: 19.0 ROUTE:0 10694 10693 10692 10691 10690 10689 10688 360 359 358 357 355 354 11511 11510 11508 11507 11506 11505 -1 
Truck #20702 MaxCap: 20 Demand: 19.0 ROUTE:0 6549 6548 6547 6545 6543 6542 6539 6538 11523 11522 11521 11520 11519 11518 11517 11516 11514 11513 11512 -1 
Truck #20703 MaxCap: 20 Demand: 19.0 ROUTE:0 11330 11329 11328 11327 11326 11325 11324 11323 11322 11321 10172 10171 10169 10168 6554 6553 6552 6551 6550 -1 
Truck #20704 MaxCap: 20 Demand: 19.0 ROUTE:0 9808 9806 9804 9803 9801 9800 9799 9798 9795 10187 10186 10185 10183 10180 10178 10176 10175 10174 10173 -1 
Truck #20705 MaxCap: 40 Demand: 39.0 ROUTE:0 103 93 92 89 88 11623 11622 11621 11620 12351 12350 12349 12348 12347 12346 12345 12344 12343 12342 12341 12340 12339 12338 10920 10913 10730 10729 10728 10727 12072 12062 12058 164 163 158 9397 11795 631 628 -1 
Truck #20706 MaxCap: 20 Demand: 19.0 ROUTE:0 11917 11916 11914 11913 11912 11911 11910 11909 11907 11906 8404 635 633 632 630 629 627 625 623 -1 
Truck #20707 MaxCap: 20 Demand: 19.0 ROUTE:0 12076 12075 12074 12073 12071 12070 12069 12068 12067 12066 12065 12064 12063 12061 12060 12059 12057 12056 12055 -1 
Truck #20709 MaxCap: 20 Demand: 19.0 ROUTE:0 2798 2797 2796 2794 2793 2792 2791 2790 2789 2788 2787 2785 62 61 60 59 58 57 56 -1 
Truck #20710 MaxCap: 20 Demand: 19.0 ROUTE:0 168 167 166 165 162 161 160 157 12054 12053 10923 10922 10921 10919 10918 10917 10916 10915 10914 -1 
Truck #20711 MaxCap: 20 Demand: 19.0 ROUTE:0 10685 10683 10681 10338 10337 10335 10334 10333 10332 10329 10328 10327 101 100 99 97 96 94 90 -1 
Truck #20712 MaxCap: 20 Demand: 19.0 ROUTE:0 4467 4466 4465 4464 4463 4462 4461 4459 4458 4457 4454 4453 4452 4451 4450 4449 4448 104 102 -1 
Truck #20713 MaxCap: 40 Demand: 39.0 ROUTE:0 7514 7513 7467 7466 7465 7463 7461 7460 7458 7457 7456 7455 7454 8236 8235 8233 8231 8230 8229 8228 8227 8226 8224 8223 11640 11639 11638 11637 11636 11635 11633 11631 11630 11629 11628 11627 11626 11625 11624 -1 
Truck #20714 MaxCap: 40 Demand: 39.0 ROUTE:0 11369 11368 11367 11366 6283 6282 6280 6279 7524 7523 7522 7521 7520 7517 7515 3751 3749 3746 3742 3735 6701 11959 11952 10267 9928 1554 1553 1552 1551 1550 1549 1548 1547 1546 1545 1544 1543 1542 1541 -1 
Truck #20715 MaxCap: 20 Demand: 19.0 ROUTE:0 12279 12278 12277 3733 3732 3731 3730 3729 6281 6278 6277 6276 7169 7167 7166 7165 7164 7162 7161 -1 
Truck #20716 MaxCap: 20 Demand: 19.0 ROUTE:0 6696 6695 6694 6693 6692 6691 6690 3752 3750 3748 3745 3744 3743 3741 3739 3738 3737 3736 3734 -1 
Truck #20717 MaxCap: 20 Demand: 19.0 ROUTE:0 12625 12624 12623 12622 12621 12620 12619 12618 12617 12616 12615 12614 12613 6703 6702 6700 6699 6698 6697 -1 
Truck #20718 MaxCap: 20 Demand: 19.0 ROUTE:0 11955 11954 11953 11951 11950 11949 11948 11947 11946 11945 11944 11943 12632 12631 12630 12629 12628 12627 12626 -1 
Truck #20719 MaxCap: 20 Demand: 19.0 ROUTE:0 6947 6946 6944 6943 6942 11958 11957 11956 11984 11982 11981 11980 11979 11978 11977 11876 11875 11873 11872 -1 
Truck #20720 MaxCap: 20 Demand: 19.0 ROUTE:0 10270 10269 10268 10266 10265 10264 10263 10262 10261 10260 10259 11995 11994 11990 11989 11988 11987 11986 11985 -1 
Truck #20721 MaxCap: 20 Demand: 19.0 ROUTE:0 9941 9939 9938 9936 9935 9934 9933 9932 9930 9929 9927 9926 9925 9924 9923 10272 10271 6249 6247 -1 
Truck #20722 MaxCap: 40 Demand: 39.0 ROUTE:0 7591 7590 7589 7588 7587 7585 7584 7583 7582 7580 7579 7578 136 135 133 131 125 9940 6250 6248 6211 6207 6206 6204 6200 6198 2802 2800 2795 2786 12612 12611 12610 12609 12608 12607 12606 930 929 -1 
Truck #20723 MaxCap: 20 Demand: 19.0 ROUTE:0 7160 7159 7156 7154 132 130 129 128 127 126 124 6251 11709 11707 11706 11705 11704 11703 11701 -1 
Truck #20724 MaxCap: 60 Demand: 59.0 ROUTE:0 7586 7581 8900 8899 8898 8897 8896 8895 12585 12584 12583 12582 12581 12580 12579 12578 12577 12576 12575 11393 11392 11391 11390 11389 11386 11385 11384 11382 11381 11380 11379 6214 7074 7073 7072 7070 7069 7068 7067 7066 7065 7064 7063 7062 7061 7060 7059 7058 7057 7055 10488 10481 10478 10469 10468 10194 10193 10190 939 -1 
Truck #20725 MaxCap: 20 Demand: 19.0 ROUTE:0 12735 12734 12733 12732 12750 12749 12748 12747 12746 12745 12744 12743 12742 12741 12740 12739 12738 12737 12736 -1 
Truck #20726 MaxCap: 20 Demand: 19.0 ROUTE:0 10912 10911 10910 10909 10908 10907 10906 10905 10904 10903 10902 10901 6213 6212 6210 6209 6208 6205 6203 -1 
Truck #20727 MaxCap: 20 Demand: 19.0 ROUTE:0 5085 5084 5559 5558 5557 5556 5555 5552 5551 5550 5549 5548 10051 10050 2805 2804 2803 2801 2799 -1 
Truck #20728 MaxCap: 40 Demand: 39.0 ROUTE:0 3261 1322 1321 1320 3967 3963 3961 10491 10489 10487 10486 10485 10484 10483 10482 10480 10479 10477 10476 10475 10474 10473 10472 10471 10470 10202 10196 9772 942 941 940 938 937 936 935 934 933 932 931 -1 
Truck #20729 MaxCap: 20 Demand: 19.0 ROUTE:0 6426 6425 6423 6422 3981 3980 3979 3977 3976 3975 3972 3971 3970 3968 3966 3964 9774 9773 9771 -1 
Truck #20730 MaxCap: 60 Demand: 59.0 ROUTE:0 6436 6429 6424 3985 3982 3978 3965 3962 4718 4717 4716 1166 1165 1164 1163 1161 1160 1159 10490 11579 11578 11577 11576 11574 11573 11572 11571 11570 11568 11225 11224 11223 11222 11221 11220 11219 11217 1735 1734 1733 1732 1731 1730 1729 1728 1727 1726 1725 1724 1723 1722 1721 1720 1719 1718 1717 1716 1715 1714 -1 
Truck #20731 MaxCap: 40 Demand: 39.0 ROUTE:0 6442 6441 6440 6439 6435 6434 6433 6428 6427 3984 3983 3974 3973 3969 11286 11281 4719 4715 4714 4713 4712 4711 4710 4709 4708 4707 1841 1840 1839 1838 1837 1836 1835 8018 8017 9516 4460 4456 4455 -1 
Truck #20732 MaxCap: 20 Demand: 19.0 ROUTE:0 11960 2782 2781 2780 2779 7152 7151 7150 7149 7148 7147 7146 7145 10533 10532 10531 10530 10529 10527 -1 
Truck #20733 MaxCap: 20 Demand: 19.0 ROUTE:0 11282 11280 11279 11278 11277 11276 11275 11274 11273 10545 10544 10543 10542 10541 10540 10538 10537 10535 10534 -1 
Truck #20734 MaxCap: 20 Demand: 19.0 ROUTE:0 11687 11686 11685 11683 6515 6514 6513 8019 11294 11293 11292 11291 11290 11289 11288 11287 11285 11284 11283 -1 
Truck #20735 MaxCap: 60 Demand: 59.0 ROUTE:0 1737 1736 9765 791 11871 11870 11869 11868 11867 11866 11865 11864 11863 11862 11861 11860 10967 10964 6528 7391 7390 7387 7386 7385 7384 7383 7379 7378 7377 7376 7375 7374 7372 7371 7370 12487 12486 12485 2716 2712 2710 2703 12271 12259 12253 10844 10843 10842 10841 10840 10839 10838 10837 10836 8855 8854 8853 8852 8851 -1 
Truck #20736 MaxCap: 20 Demand: 19.0 ROUTE:0 2670 2669 2667 2666 2665 6055 6054 6053 6052 6051 6050 6049 6048 7927 7926 7925 7924 11690 11689 -1 
Truck #20737 MaxCap: 20 Demand: 19.0 ROUTE:0 1319 1318 1317 1316 1314 1313 1312 1311 1310 1309 1308 1307 1306 6202 6201 6199 6197 2784 2783 -1 
Truck #20738 MaxCap: 20 Demand: 19.0 ROUTE:0 4469 4468 9763 9762 9760 9759 9758 9757 9756 9755 9752 9751 9750 9749 9748 9747 9745 9744 9743 -1 
Truck #20739 MaxCap: 40 Demand: 39.0 ROUTE:0 803 796 790 787 12261 12260 12258 12257 12256 12255 12254 6536 9413 9412 9411 9410 9409 9408 9407 9406 9405 9404 9403 9402 9401 9400 9399 9398 10969 10968 10966 10965 10963 10962 10961 9761 9754 9753 9746 -1 
Truck #20740 MaxCap: 20 Demand: 19.0 ROUTE:0 572 571 570 8102 8100 8099 8098 8097 8095 8093 8092 8091 8090 8089 8088 8087 8086 8085 9764 -1 
Truck #20741 MaxCap: 20 Demand: 19.0 ROUTE:0 6535 6534 6533 6532 6531 6530 6529 6527 6526 6525 6524 6523 6522 6521 6520 6519 6518 6517 6516 -1 
Truck #20742 MaxCap: 20 Demand: 19.0 ROUTE:0 9770 9769 804 802 801 800 799 798 797 795 794 793 792 789 788 786 785 784 783 -1 
Truck #20743 MaxCap: 20 Demand: 19.0 ROUTE:0 11667 11666 1125 1124 1123 1122 1121 1120 1119 1118 5094 5093 5092 5091 5090 5089 5088 5087 5086 -1 
Truck #20744 MaxCap: 40 Demand: 39.0 ROUTE:0 1238 1236 1234 1231 1228 1478 1477 1476 2715 2714 2713 2711 2709 2708 2707 2706 2705 2704 2702 5568 5554 5553 12275 12274 12273 12272 12270 12269 12268 12267 12266 12265 12264 12263 12262 1437 1435 1432 1425 -1 
Truck #20745 MaxCap: 20 Demand: 19.0 ROUTE:0 688 687 686 685 684 683 682 681 680 679 678 5567 5566 5565 5564 5563 5562 5561 5560 -1 
Truck #20746 MaxCap: 20 Demand: 19.0 ROUTE:0 12696 12695 12694 12693 12692 12691 12690 12689 12688 12687 12686 12685 1441 1440 1439 1438 1436 1434 1433 -1 
Truck #20747 MaxCap: 20 Demand: 19.0 ROUTE:0 10201 10200 10199 10198 10197 10195 10192 10191 10189 10188 12705 12704 12703 12702 12701 12700 12699 12698 12697 -1 
Truck #20748 MaxCap: 20 Demand: 19.0 ROUTE:0 1225 1224 1223 1222 12925 12924 12923 12922 12921 12920 12919 12918 12917 12916 12915 12914 12913 12912 12911 -1 
Truck #20749 MaxCap: 20 Demand: 19.0 ROUTE:0 12910 12909 12908 12907 12906 12905 12904 12903 12902 12901 1239 1237 1235 1233 1232 1230 1229 1227 1226 -1 
Truck #20750 MaxCap: 20 Demand: 19.0 ROUTE:0 9515 9514 9513 9512 9511 9510 9509 9508 5227 5226 5225 5224 5223 5221 5220 5219 2037 2036 2035 -1 
Truck #20751 MaxCap: 60 Demand: 59.0 ROUTE:0 1419 1418 1417 1416 1415 1414 1898 2068 2063 2057 2488 11674 11670 5995 7280 7272 7267 7262 549 548 547 546 545 544 543 928 927 926 925 923 922 921 920 917 914 912 911 1487 1482 1479 8874 8873 8872 8871 8870 8869 8868 8867 8866 8865 8864 8863 8862 8861 8860 8859 8858 8857 8856 -1 
Truck #20752 MaxCap: 40 Demand: 39.0 ROUTE:0 2060 2055 2052 7281 7279 7278 7277 7276 7275 7274 7273 7271 7270 7269 7268 7266 7265 7264 7263 7261 7260 7259 1498 1497 1496 1495 1494 1493 1492 1491 1490 1489 1488 1486 1485 1484 1483 1481 1480 -1 
Truck #20753 MaxCap: 20 Demand: 19.0 ROUTE:0 2064 2062 2061 2059 2058 2056 2054 2053 2051 2050 2049 2048 5235 5234 5233 5232 5230 5229 5228 -1 
Truck #20754 MaxCap: 20 Demand: 19.0 ROUTE:0 1901 1900 1899 1897 2072 2071 2070 2069 2066 2065 1210 1209 1208 10145 10143 10142 10141 10140 10139 -1 
Truck #20755 MaxCap: 40 Demand: 39.0 ROUTE:0 10144 2067 11682 11681 11680 11679 11678 11677 11676 11675 11673 11672 11671 11669 11668 3848 10900 10898 10897 10896 10895 10894 10893 10892 10891 10888 10886 10885 10884 10883 10882 10880 10878 215 214 213 2013 2012 2011 -1 
Truck #20756 MaxCap: 20 Demand: 19.0 ROUTE:0 3193 2152 2151 2150 2149 2148 2147 2146 10156 10155 10154 10153 10152 10151 10150 10149 10148 10147 10146 -1 
Truck #20757 MaxCap: 20 Demand: 19.0 ROUTE:0 2019 2018 2017 2016 2015 2014 5277 5276 5275 5274 1138 1137 1136 1134 1133 1130 1129 1128 1127 -1 
Truck #20758 MaxCap: 20 Demand: 19.0 ROUTE:0 3844 3843 3842 3841 3840 3839 5294 5293 5292 5291 5290 5288 5287 5286 5284 5282 5281 5280 5278 -1 
Truck #20759 MaxCap: 60 Demand: 59.0 ROUTE:0 10899 10890 10889 10887 10881 10879 2511 2510 2508 2507 2505 2503 2502 2501 2500 2499 2498 2497 2496 2495 2494 2493 2492 2491 2490 2489 12240 12239 12238 12237 12236 12235 12234 12232 12231 12230 12228 12227 12225 12224 12223 227 11823 11822 11821 11820 11818 11816 11815 11814 11813 11812 11811 11810 11809 11808 11807 11806 11804 -1 
Truck #20760 MaxCap: 20 Demand: 19.0 ROUTE:0 11308 11307 11306 11305 11304 11303 11302 11301 11300 11299 11298 11297 11296 11295 3850 3849 3847 3846 3845 -1 
Truck #20761 MaxCap: 20 Demand: 19.0 ROUTE:0 2529 2528 2526 2525 2524 2522 2521 2520 2519 11318 11317 11316 11315 11314 11313 11312 11311 11310 11309 -1 
Truck #20762 MaxCap: 20 Demand: 19.0 ROUTE:0 1431 1430 1429 1428 1427 1426 1424 1423 1422 1421 1420 892 891 890 889 888 886 885 884 -1 
Truck #20763 MaxCap: 40 Demand: 39.0 ROUTE:0 228 226 225 224 223 222 221 220 219 218 217 216 11665 12731 12730 12729 12728 12727 12726 12725 12724 12723 12722 12721 12720 12719 12718 12717 12716 142 140 139 137 10448 10445 10444 10434 10433 262 -1 
Truck #20764 MaxCap: 20 Demand: 19.0 ROUTE:0 6325 6324 6323 6322 6320 6318 6317 6316 6315 6314 8599 8598 8597 8596 8595 8594 8593 8592 8591 -1 
Truck #20765 MaxCap: 20 Demand: 19.0 ROUTE:0 6047 6046 6045 6044 6043 6042 6041 6040 6039 6038 141 138 10447 10446 10443 10442 10441 10440 10439 -1 
Truck #20766 MaxCap: 40 Demand: 39.0 ROUTE:0 622 621 620 698 697 691 690 6274 6269 7486 7480 7474 7471 7470 3165 3161 3160 3159 3158 3157 3156 3155 7937 7936 7935 7934 7930 7928 145 2533 2531 2527 2523 271 269 265 263 661 659 -1 
Truck #20767 MaxCap: 20 Demand: 19.0 ROUTE:0 662 660 658 657 656 655 3650 3649 3648 3647 3646 3645 3644 3643 3642 274 273 272 270 -1 
Truck #20768 MaxCap: 20 Demand: 19.0 ROUTE:0 5872 5871 5870 5869 5868 5867 5866 5865 5864 5863 5862 5861 5860 5859 5858 5857 5856 3652 3651 -1 
Truck #20769 MaxCap: 60 Demand: 59.0 ROUTE:0 4196 696 6270 11792 11790 11789 11788 11786 11785 11783 11781 11780 11779 11778 11777 11776 11774 11773 3174 3170 3169 3168 3167 3166 3164 3163 3162 2638 2637 2636 8850 8849 8848 8847 8846 8845 8844 8843 8842 8841 8840 8839 8838 8837 8836 8835 8834 8833 8832 8831 8830 8829 8828 8827 8826 7933 7932 7931 7929 -1 
Truck #20770 MaxCap: 60 Demand: 59.0 ROUTE:0 1539 1538 1537 1536 1535 1534 1533 1532 1531 1530 1529 1528 1527 1526 1525 1524 1523 1522 1521 3593 3592 3591 3590 3589 3588 3587 3586 3585 3584 3583 3582 3581 3580 3579 3578 3577 3576 11846 11844 11791 11787 11784 11782 11775 7687 7686 7672 7669 7665 2647 2646 2643 2642 2640 2639 11749 995 2676 2668 -1 
Truck #20771 MaxCap: 20 Demand: 19.0 ROUTE:0 7675 7674 7673 7671 7670 7668 7667 7666 7664 7685 7684 7683 7682 7681 7680 7679 7678 7677 7676 -1 
Truck #20772 MaxCap: 20 Demand: 19.0 ROUTE:0 2134 2133 2131 2130 2126 2125 2124 2122 2121 2120 2119 2118 2117 1864 1863 1860 1859 2532 2530 -1 
Truck #20773 MaxCap: 20 Demand: 19.0 ROUTE:0 8590 8589 8588 8587 8586 8585 8584 8583 8582 8581 8580 619 618 617 616 615 614 613 612 -1 
Truck #20774 MaxCap: 20 Demand: 19.0 ROUTE:0 10522 10521 10520 10519 10518 10517 10516 700 699 695 694 693 692 689 6275 6273 6272 6271 6268 -1 
Truck #20775 MaxCap: 20 Demand: 19.0 ROUTE:0 7490 7489 7488 7487 7485 7484 7483 7482 7481 7479 7478 7477 7476 7475 7473 7472 8084 8083 8082 -1 
Truck #20776 MaxCap: 20 Demand: 19.0 ROUTE:0 4198 4197 11851 11850 11849 11848 11847 11845 11843 11842 11841 11840 11839 11838 11837 11836 11835 7492 7491 -1 
Truck #20777 MaxCap: 20 Demand: 19.0 ROUTE:0 7694 7693 7692 7691 7690 7689 2154 10326 10325 10324 10323 10319 10318 10317 10316 10315 10314 4200 4199 -1 
Truck #20778 MaxCap: 40 Demand: 39.0 ROUTE:0 7696 7695 7688 10320 3173 3172 3171 6559 6556 9822 9816 9814 9812 10832 10829 10826 10825 10822 9353 9352 9351 9350 9349 9348 9347 9346 9345 4048 8167 8156 8374 8372 8370 8368 8367 8364 8362 6328 6319 -1 
Truck #20779 MaxCap: 60 Demand: 59.0 ROUTE:0 604 6330 6321 1006 1004 1002 1001 999 998 997 996 4840 4837 7739 7732 7726 2886 2885 2884 2883 2882 2881 2879 2004 1999 9831 9821 9811 9306 9305 9304 9303 9302 9301 9300 9299 9298 9297 9296 9295 9294 9293 9292 9291 9290 9289 9288 9287 9286 9285 2648 2645 2644 2641 6561 10322 10321 2155 2153 -1 
Truck #20780 MaxCap: 20 Demand: 19.0 ROUTE:0 156 155 154 153 152 151 150 149 148 147 146 144 143 11746 11745 11744 11743 11742 11741 -1 
Truck #20781 MaxCap: 20 Demand: 19.0 ROUTE:0 1870 1868 1867 1866 1865 10835 10834 10833 10831 10830 10828 10827 10824 10823 10821 10820 11750 11748 11747 -1 
Truck #20782 MaxCap: 20 Demand: 19.0 ROUTE:0 883 882 881 879 878 877 876 875 874 611 610 609 608 2677 2675 2674 2673 2672 2671 -1 
Truck #20783 MaxCap: 20 Demand: 19.0 ROUTE:0 10438 10437 10436 10435 10432 10431 10430 10429 10428 10427 6726 9832 9830 9829 9828 9827 9826 9825 9824 -1 
Truck #20784 MaxCap: 20 Demand: 19.0 ROUTE:0 8355 8354 8353 8166 8165 8164 8163 8162 8161 8160 8159 8158 8157 8155 4047 6331 6329 6327 6326 -1 
Truck #20785 MaxCap: 20 Demand: 19.0 ROUTE:0 3192 3191 3190 3189 3188 3187 2930 8373 8371 8369 8366 8365 8363 8361 8360 8359 8358 8357 8356 -1 
Truck #20786 MaxCap: 40 Demand: 39.0 ROUTE:0 603 601 600 1861 12099 12097 2000 9369 9368 9367 9366 9365 9364 9363 9362 9361 9360 9359 9358 9357 9356 9355 9354 7738 7737 7736 7735 7734 7733 7731 7730 7729 7728 7727 7725 7724 7723 7722 2929 -1 
Truck #20787 MaxCap: 20 Demand: 19.0 ROUTE:0 268 267 266 264 261 260 259 258 3655 3654 3653 255 254 253 251 607 606 605 602 -1 
Truck #20788 MaxCap: 60 Demand: 59.0 ROUTE:0 252 1007 1005 1003 1000 4839 4838 7781 7779 7772 2880 11247 11241 11235 11232 11231 11230 11226 2854 2852 2834 7222 4871 4870 4869 4868 4860 9113 9112 9111 9110 9109 9108 9107 9106 9105 9104 9103 9102 9101 9100 9099 9098 9097 9167 9166 9165 9164 9163 9162 9161 9160 9159 9158 9157 9156 9155 7425 7417 -1 
Truck #20789 MaxCap: 20 Demand: 19.0 ROUTE:0 11729 11728 11727 11726 11725 11724 12101 12100 12098 12096 12095 12094 12093 6562 6560 6558 6557 257 256 -1 
Truck #20790 MaxCap: 20 Demand: 19.0 ROUTE:0 7771 7770 7769 7768 7789 7788 7787 7786 7785 7784 7783 7782 7780 7778 7777 7776 7775 7774 7773 -1 
Truck #20791 MaxCap: 40 Demand: 39.0 ROUTE:0 2102 1869 1862 8154 8153 8152 8151 8150 8148 8147 8146 8145 8144 8143 8142 8141 8140 8139 8138 8137 8135 8133 8132 717 713 708 8376 8375 8173 8172 8170 8169 8168 2138 2137 2136 2129 2127 2123 -1 
Truck #20792 MaxCap: 20 Demand: 19.0 ROUTE:0 6221 6220 6219 6218 6215 1517 1516 1515 1514 1512 1511 718 716 715 714 712 711 710 707 -1 
Truck #20793 MaxCap: 60 Demand: 59.0 ROUTE:0 7050 7047 7040 2135 2132 2128 8171 5918 5917 5916 5915 5914 2853 2851 2850 2849 2848 2847 2846 2845 2844 2843 2842 2841 2840 2839 2838 2837 2836 2835 2833 2832 724 719 709 7225 7224 7223 7221 7220 7219 7218 4876 4875 4874 4873 4872 4867 4866 4865 4864 4863 4862 4861 4859 4858 8149 8136 8134 -1 
Truck #20794 MaxCap: 20 Demand: 19.0 ROUTE:0 8177 8174 2010 2009 2008 2007 2006 2005 2003 2002 2001 1998 1997 1996 1995 723 722 721 720 -1 
Truck #20795 MaxCap: 40 Demand: 39.0 ROUTE:0 1893 4486 4485 4484 4483 4482 4481 4480 4479 4478 4476 6841 6839 6829 6825 6822 8377 7054 7053 7052 7051 7049 7048 7046 7045 7044 7043 7042 7041 7039 7038 7037 7036 7035 7034 7033 7032 7031 7030 -1 
Truck #20796 MaxCap: 60 Demand: 59.0 ROUTE:0 7424 7423 7422 7421 7420 7419 7418 7416 2872 5920 5919 4477 11248 11246 11245 11244 11243 11242 11240 11239 11238 11237 11236 11234 11233 11229 11228 11227 4179 4176 4169 5350 5349 5348 5346 5345 5344 5343 5342 5341 2336 2335 2334 7609 7608 7607 7606 7605 7604 7603 7602 7600 7599 7598 7597 7596 7595 7594 7592 -1 
Truck #20797 MaxCap: 20 Demand: 19.0 ROUTE:0 5733 6842 6840 6838 6837 6836 6835 6834 6833 6832 6831 6830 6828 6827 6826 6824 6823 6821 6820 -1 
Truck #20798 MaxCap: 20 Demand: 19.0 ROUTE:0 4984 4983 4982 4981 4980 3676 3675 3674 3673 3671 3670 6658 1896 1895 1894 5737 5736 5735 5734 -1 
Truck #20799 MaxCap: 40 Demand: 39.0 ROUTE:0 3542 3541 3540 3539 3538 3537 3536 3535 3534 3533 3532 3531 6689 6492 6491 4182 4177 4171 4163 4162 5680 5679 5678 5677 5676 5675 5674 5673 3683 3681 3680 6677 6674 6673 6662 6657 1519 1518 1513 -1 
Truck #20800 MaxCap: 20 Demand: 19.0 ROUTE:0 3684 3682 3679 3678 6676 6675 6672 6671 6670 6669 6668 6667 6666 6665 6664 6663 6661 6660 6659 -1 
Truck #20801 MaxCap: 20 Demand: 19.0 ROUTE:0 3668 3667 4935 4934 4933 4932 4931 4930 4929 4928 4926 4925 4924 3690 3689 3688 3687 3686 3685 -1 
Truck #20802 MaxCap: 60 Demand: 59.0 ROUTE:0 7611 7610 7601 7593 6019 6018 6017 6016 6015 6014 6013 6012 6011 6010 6009 6008 6007 6006 6005 6004 6003 6002 6001 6000 5999 5998 5997 5996 9378 9377 9376 9375 9374 9373 9372 5347 3395 3394 3393 3392 3391 3390 3389 3388 3387 3386 3385 3384 3383 3382 3381 3380 3379 3378 3377 9168 4361 4356 4352 -1 
Truck #20803 MaxCap: 20 Demand: 19.0 ROUTE:0 1690 1689 1688 1687 1686 1685 1684 1683 1682 1681 1680 1679 1678 1692 1691 6688 6687 6686 6685 -1 
Truck #20804 MaxCap: 20 Demand: 19.0 ROUTE:0 6243 6242 6241 6493 4181 4180 4178 4175 4174 4173 4172 4170 4168 4167 4166 4165 4164 4161 4160 -1 
Truck #20805 MaxCap: 60 Demand: 59.0 ROUTE:0 7613 7612 6216 6490 12248 7322 7317 6705 4686 4685 4684 4682 4681 4680 4679 4678 4677 4676 4675 4674 3705 3697 3691 84 71 64 4078 4957 4953 4951 4950 4949 4948 4947 4946 4945 4943 4942 4940 4939 4938 4937 4936 2112 3066 3065 3064 3063 3062 3061 3060 3059 3056 3054 3053 3052 3050 3049 3048 -1 
Truck #20806 MaxCap: 40 Demand: 39.0 ROUTE:0 6246 6240 12252 12251 12250 12249 12247 12246 12245 12244 12243 12242 12241 3560 3559 3558 3557 3556 3555 3554 3553 3552 3551 3550 3549 3548 3547 3546 3545 3544 3543 6714 8951 8950 6217 11534 11530 11529 11528 -1 
Truck #20807 MaxCap: 20 Demand: 19.0 ROUTE:0 3235 3234 3233 3232 3231 6819 6818 3102 3101 3100 3098 3097 3095 3091 3090 3089 3088 3087 11524 -1 
Truck #20808 MaxCap: 60 Demand: 59.0 ROUTE:0 4956 4955 4954 4952 4944 4941 9389 9388 9387 9386 9385 9384 9383 9382 9381 9380 9379 5960 5959 5958 5957 5956 5955 5954 5953 5952 5951 5950 5949 5948 3099 3096 3094 3093 3092 4683 8747 5931 5930 5929 5928 5927 5926 5925 5924 5923 5922 5921 3154 3149 3145 3067 3058 3057 3055 3051 2332 2330 2328 -1 
Truck #20809 MaxCap: 20 Demand: 19.0 ROUTE:0 2106 2105 2104 2103 2101 2100 11541 11540 11539 11538 11537 11536 11535 11533 11532 11531 11527 11526 11525 -1 
Truck #20810 MaxCap: 20 Demand: 19.0 ROUTE:0 2116 2115 2114 2113 2111 2110 2109 2108 2107 6718 6717 6716 6715 6713 6712 6711 3146 3144 3143 -1 
Truck #20811 MaxCap: 20 Demand: 19.0 ROUTE:0 86 83 76 72 69 68 67 66 65 3153 3152 3151 3150 3148 3147 4075 4074 4073 4072 -1 
Truck #20812 MaxCap: 40 Demand: 39.0 ROUTE:0 4088 4087 4084 8257 8255 3709 3703 3701 3699 7328 7327 7326 7325 7324 7323 7321 7320 7319 7318 87 85 82 81 80 79 78 77 75 74 73 70 8959 8958 8957 8956 8955 8954 8953 8952 -1 
Truck #20813 MaxCap: 20 Demand: 19.0 ROUTE:0 7190 7189 7188 7187 7184 7182 7180 7179 7178 7177 7176 7175 7173 7172 7171 7170 3694 3693 3692 -1 
Truck #20814 MaxCap: 20 Demand: 19.0 ROUTE:0 3710 3708 3707 3706 3704 3702 3700 3698 3696 3695 1970 1967 1966 1965 1964 1962 1961 1960 1956 -1 
Truck #20815 MaxCap: 60 Demand: 59.0 ROUTE:0 1969 1959 1958 3724 3720 8270 8269 8267 8265 8260 8256 4693 4692 4691 4690 4689 4688 4687 9284 9283 9282 9281 9280 9279 9278 9277 9276 9275 9274 9273 9272 9271 9270 9269 9266 9265 9264 9263 9262 9261 2972 2970 2969 2968 2967 2966 2965 2964 2963 2962 2960 2956 2955 2954 2333 2331 2329 2327 2326 -1 
Truck #20816 MaxCap: 40 Demand: 39.0 ROUTE:0 7629 7628 7627 7626 7624 7623 7620 7619 7618 7617 7616 3677 3672 5456 6810 3726 3718 5905 5904 5903 5902 5901 7186 7185 7183 7181 7174 8268 8266 8264 8263 8262 8261 8259 8258 1968 1963 1957 1955 -1 
Truck #20817 MaxCap: 20 Demand: 19.0 ROUTE:0 4095 4094 4093 4092 4091 4090 4089 4086 4085 4083 4082 4081 4080 4079 4077 4076 6808 1972 1971 -1 
Truck #20818 MaxCap: 20 Demand: 19.0 ROUTE:0 6813 6812 6811 6809 3728 3727 3725 3723 3722 3721 3719 3717 3716 3715 3714 3713 3712 3711 441 -1 
Truck #20819 MaxCap: 60 Demand: 59.0 ROUTE:0 2973 2971 2961 2959 2958 2957 5217 5215 5206 5201 5195 8771 8770 8769 8768 8767 8766 8765 8764 8763 8762 8761 8760 8759 8758 8757 8756 8755 8754 8753 8752 8751 8750 8749 8748 9344 9343 9342 9341 9340 9339 9338 9337 9336 9335 9334 9333 9332 9331 9330 9329 6071 6070 6069 6068 6067 5273 5271 5270 -1 
Truck #20820 MaxCap: 20 Demand: 19.0 ROUTE:0 6710 6709 6708 6707 6706 6704 5209 5208 5207 5205 5204 5203 5202 5200 5199 5198 5197 5196 5194 -1 
Truck #20821 MaxCap: 20 Demand: 19.0 ROUTE:0 4240 4239 4238 4237 4236 4234 4232 4230 7798 7797 7795 7793 5218 5216 5214 5213 5212 5211 5210 -1 
Truck #20822 MaxCap: 20 Demand: 19.0 ROUTE:0 6356 6355 6353 6350 6349 6348 6347 6346 6344 6343 6342 6341 6340 6339 6338 5458 5457 5455 5454 -1 
Truck #20823 MaxCap: 60 Demand: 59.0 ROUTE:0 7632 7625 7622 7621 7615 5855 5854 5853 5852 5851 5850 5849 5848 5847 5846 5845 5844 5843 5842 5841 5840 5839 5838 5837 5836 5835 5834 6352 8825 8824 8823 8822 8821 8820 8819 8818 8817 8816 8815 8814 8813 8812 8811 8810 8809 8808 8807 5264 5263 5262 5261 5260 5259 6888 6886 6874 6872 3930 3926 -1 
Truck #20824 MaxCap: 40 Demand: 39.0 ROUTE:0 7634 7633 7631 7630 6890 6883 6880 6873 7799 7796 7794 7792 6359 6354 6351 6345 8332 8994 8993 8992 8991 8990 8989 8988 8987 8986 3260 3259 3258 3257 3256 3255 3254 3253 3252 3251 3250 6037 6036 -1 
Truck #20825 MaxCap: 20 Demand: 19.0 ROUTE:0 642 641 640 639 638 637 636 3932 3931 3929 3928 3927 3925 3924 3923 3922 3921 3920 3919 -1 
Truck #20826 MaxCap: 20 Demand: 19.0 ROUTE:0 3444 3443 4109 4108 3824 8784 8783 8782 8781 8780 8779 8778 8777 8776 8775 8774 8773 8772 3933 -1 
Truck #20827 MaxCap: 60 Demand: 59.0 ROUTE:0 2983 2979 2978 2977 2975 2974 5272 5269 5268 5267 5266 5265 8720 8719 8718 8717 8716 8715 8714 8713 8712 8711 8710 8709 8708 8707 8706 8705 8704 8703 8544 8543 8542 8540 8538 8537 8535 9012 9011 9010 9009 9008 9007 9006 9005 9004 9003 9002 9001 9000 8999 8998 8997 4258 2443 2442 2441 2439 2436 -1 
Truck #20828 MaxCap: 60 Demand: 59.0 ROUTE:0 6084 6083 6082 6081 6080 6079 6078 6077 6076 6075 6074 6073 6072 5509 7979 7973 7971 7970 7969 7962 7957 7956 5048 5046 5043 8541 8539 8536 5962 5961 4332 4316 4548 4540 4538 4537 4532 7859 5972 5971 5970 5969 5968 5967 5966 5965 5964 5963 4673 4672 4671 5059 5057 7989 4927 4923 7744 7743 7740 -1 
Truck #20829 MaxCap: 40 Demand: 39.0 ROUTE:0 2254 2253 2982 2981 2980 2976 3956 3954 4228 4226 4225 4217 4216 4215 4269 4265 4261 9581 8996 8995 6991 6990 6988 6986 10702 4231 8183 8182 8178 8176 8175 6897 6896 643 6258 2444 2440 2438 2437 -1 
Truck #20830 MaxCap: 20 Demand: 19.0 ROUTE:0 4254 9582 9580 9579 7955 7954 7953 7952 4268 4267 4266 4264 4263 4262 4260 4259 4257 4256 4255 -1 
Truck #20831 MaxCap: 20 Demand: 19.0 ROUTE:0 4247 4246 3959 3958 3957 3955 3953 3952 3951 4229 4227 4224 4223 4222 4221 4220 4219 4218 4214 -1 
Truck #20832 MaxCap: 20 Demand: 19.0 ROUTE:0 4363 4362 4360 4359 4358 4357 4355 4354 4353 4351 4350 4349 4348 8186 8185 8184 8181 8180 8179 -1 
Truck #20833 MaxCap: 60 Demand: 59.0 ROUTE:0 6265 6257 6901 4235 4233 5510 5508 5507 5506 5505 5504 7002 6993 6989 6987 9017 9016 9015 9014 9013 7137 7133 7128 7123 3609 3608 3607 3606 3605 3604 3603 3602 3601 3600 9268 9267 6374 7980 7978 7977 7976 7975 7974 7972 7968 7967 7966 7965 7964 7963 7961 7960 7959 7958 3072 3071 3070 3069 3068 -1 
Truck #20834 MaxCap: 20 Demand: 19.0 ROUTE:0 5050 5049 5047 5045 5044 4333 4331 4330 4329 4328 4327 4326 4325 8649 8648 8647 8646 8645 8644 -1 
Truck #20835 MaxCap: 20 Demand: 19.0 ROUTE:0 5036 5035 5034 5033 8664 8663 8662 8661 8660 8659 8658 8657 8656 8655 8654 8653 8652 8651 8650 -1 
Truck #20836 MaxCap: 20 Demand: 19.0 ROUTE:0 6360 6358 6357 7217 7216 7215 7214 7745 7742 7741 6267 6266 6264 6263 6262 6261 6260 6259 6256 -1 
Truck #20837 MaxCap: 20 Demand: 19.0 ROUTE:0 3442 3441 3440 3439 3438 3437 3436 3435 10699 10698 10697 10701 10700 5042 5041 5040 5039 5038 5037 -1 
Truck #20838 MaxCap: 40 Demand: 39.0 ROUTE:0 4250 4249 7005 7004 7003 7001 7000 6999 6998 6997 6996 6995 6994 6992 7138 7136 7135 7134 7132 7131 7130 7129 7127 7126 7125 7124 7122 6383 6379 6373 6372 6370 5518 5517 5515 5514 5513 5512 5511 -1 
Truck #20839 MaxCap: 20 Demand: 19.0 ROUTE:0 173 172 171 170 169 1751 1750 1749 1748 1747 1746 1745 1744 1743 1742 1741 1740 1739 1738 -1 
Truck #20840 MaxCap: 20 Demand: 19.0 ROUTE:0 6889 6887 6885 6884 6882 6881 6879 6878 6877 6876 6875 6871 6870 1757 1756 1755 1754 1753 1752 -1 
Truck #20841 MaxCap: 20 Demand: 19.0 ROUTE:0 4324 4323 4322 4321 4320 4319 4318 4317 4315 4314 4313 4312 4311 4310 4309 4253 4252 4251 4248 -1 
Truck #20842 MaxCap: 20 Demand: 19.0 ROUTE:0 6807 6806 6804 6803 6802 6801 6800 6798 5732 5731 5730 5729 5728 5727 5726 5725 6479 6478 6477 -1 
Truck #20843 MaxCap: 60 Demand: 59.0 ROUTE:0 5516 6482 9096 9095 9094 9093 9092 9091 9090 9089 9088 9087 9086 9085 9084 9083 9082 9081 9080 9079 9078 9077 9076 3615 3614 3613 3612 3611 3610 4547 4546 4545 4544 4543 4542 4541 4539 4536 4535 4534 4533 4531 4530 4529 7860 7858 7857 7856 7855 7854 3829 4119 4118 4663 4910 4909 3641 3640 3639 -1 
Truck #20844 MaxCap: 20 Demand: 19.0 ROUTE:0 6156 6155 6154 6153 6152 6150 6148 6147 6146 6145 6143 6142 7987 7986 7985 7984 7983 7982 7981 -1 
Truck #20845 MaxCap: 40 Demand: 39.0 ROUTE:0 4911 4908 4907 4906 4758 4757 6484 6481 8346 8344 8337 8336 3831 3826 6302 6293 6290 6286 4125 4115 4113 6815 3530 3529 3528 3527 3526 3525 3524 3523 3522 3521 3520 3519 3518 3517 3516 5461 5460 -1 
Truck #20846 MaxCap: 20 Demand: 19.0 ROUTE:0 4213 6817 6816 6814 5062 5061 5060 5058 5056 5055 5054 5053 5052 5051 6891 7992 7991 7990 7988 -1 
Truck #20847 MaxCap: 20 Demand: 19.0 ROUTE:0 2927 2926 2925 2924 2923 2922 2921 2920 3838 3837 3836 3835 3834 3833 3832 3830 3828 3827 3825 -1 
Truck #20848 MaxCap: 20 Demand: 19.0 ROUTE:0 4046 4045 5940 5939 8352 8351 8350 8349 8348 8347 8345 8343 8342 8341 8340 8339 8338 8335 3802 -1 
Truck #20849 MaxCap: 20 Demand: 19.0 ROUTE:0 4762 4761 4760 4759 4756 4128 4127 4126 4124 4123 4122 4121 4120 4117 4116 4114 4112 4111 4110 -1 
Truck #20850 MaxCap: 60 Demand: 59.0 ROUTE:0 5472 5463 5462 5459 2663 2660 2657 2655 2654 2650 6144 4805 4804 4803 4802 4801 4799 4797 4795 4794 4793 4791 4790 4788 4787 4786 4785 4784 4783 4670 4669 4668 4667 4666 4665 4664 6799 8068 8067 8066 8065 8064 8063 3085 3083 3081 3075 6864 3248 3247 3246 3245 3244 3243 3242 3241 3240 3239 3238 -1 
Truck #20851 MaxCap: 60 Demand: 59.0 ROUTE:0 10424 2999 2698 8078 8069 2458 2457 8682 8681 8680 8679 8678 8677 8676 8675 8674 8673 8672 8671 8670 8669 8668 8667 8666 8665 9328 9327 9326 9325 9324 9323 9322 9321 9320 9319 9318 9317 9316 9315 9314 4338 4337 4335 7554 7546 7539 2928 2919 5976 5975 5974 5973 4806 4800 4798 4796 4792 4789 5340 -1 
Truck #20852 MaxCap: 20 Demand: 19.0 ROUTE:0 6289 6288 6287 6285 6284 6489 6488 6487 6486 6485 6483 6480 6974 6973 6970 6968 6967 6966 6965 -1 
Truck #20853 MaxCap: 40 Demand: 39.0 ROUTE:0 5473 5471 5470 5469 5468 5467 5466 5465 5464 6162 6161 6160 6151 6149 6141 6140 6410 6407 6401 6389 6981 6978 6977 6972 6971 6969 9030 9029 9028 9027 9026 9025 9024 9023 9022 9021 9020 9019 9018 -1 
Truck #20854 MaxCap: 20 Demand: 19.0 ROUTE:0 6400 6399 6398 6397 6396 6395 6394 6393 6392 6391 6390 6985 6984 6983 6982 6980 6979 6976 6975 -1 
Truck #20855 MaxCap: 20 Demand: 19.0 ROUTE:0 6304 6303 6301 6300 6299 6298 6297 6296 6295 6294 6292 6291 6409 6408 6406 6405 6404 6403 6402 -1 
Truck #20856 MaxCap: 20 Demand: 19.0 ROUTE:0 4474 4473 4472 4471 4470 5536 5535 5533 5531 5530 5529 5527 5526 5524 5521 6163 6159 6158 6157 -1 
Truck #20857 MaxCap: 40 Demand: 39.0 ROUTE:0 6868 6866 3082 3080 3079 3078 3077 3076 3074 3073 4475 5539 5534 5532 5528 5525 5523 5522 9041 9040 9039 9038 9037 9036 9035 9034 9033 9032 9031 2664 2662 2661 2659 2658 2656 2653 2652 2651 2649 -1 
Truck #20858 MaxCap: 20 Demand: 19.0 ROUTE:0 11859 11858 11857 11856 11855 11854 11853 11852 9823 9820 9819 9818 9817 9815 9813 9810 9809 5538 5537 -1 
Truck #20859 MaxCap: 20 Demand: 19.0 ROUTE:0 585 584 583 582 581 579 576 575 6498 6497 6496 6494 5879 5878 5877 5876 5875 5874 5873 -1 
Truck #20860 MaxCap: 20 Demand: 19.0 ROUTE:0 2459 6382 6381 6380 6378 6377 6376 6375 6371 8789 8788 8787 8786 8785 6869 6867 6865 6863 6862 -1 
Truck #20861 MaxCap: 40 Demand: 39.0 ROUTE:0 6927 6926 6923 6922 6909 6907 7144 7143 7142 8441 4155 4149 4147 4145 4143 8061 8048 7852 7850 7847 7845 7844 7843 7841 7840 7839 7838 7837 7836 6805 3669 3086 3084 5445 5438 5437 5434 5427 5426 -1 
Truck #20862 MaxCap: 20 Demand: 19.0 ROUTE:0 5724 5723 5722 5721 5720 5719 5718 5717 5716 5715 5714 5713 5712 5711 2464 2463 2462 2461 2460 -1 
Truck #20863 MaxCap: 20 Demand: 19.0 ROUTE:0 2567 2566 2565 2564 2563 2561 2560 2559 2558 2557 2556 2555 2554 2552 2551 2550 5429 5428 5425 -1 
Truck #20864 MaxCap: 20 Demand: 19.0 ROUTE:0 6739 6737 6736 6735 6734 6732 6731 5444 5443 5442 5441 5440 5439 5436 5435 5433 5432 5431 5430 -1 
Truck #20865 MaxCap: 60 Demand: 59.0 ROUTE:0 3666 3665 8081 8080 8079 8077 8076 8075 8074 8073 8072 8071 8070 7853 7851 7849 7848 7846 7842 7835 7556 7555 7553 7552 7551 7550 7549 7548 7547 7545 7544 7543 7542 7541 7540 7538 7537 7536 7535 7534 7533 7532 8380 8379 8378 8728 8727 8726 8725 8724 8723 8722 8721 4148 5596 5595 5594 5593 5592 -1 
Truck #20866 MaxCap: 20 Demand: 19.0 ROUTE:0 6255 6254 6253 6252 4157 4156 4154 4153 4152 4151 4150 4146 4144 4142 4141 4140 4139 4138 4137 -1 
Truck #20867 MaxCap: 20 Demand: 19.0 ROUTE:0 6438 6437 6432 6431 6430 6924 6921 6920 6919 6918 6917 6916 6915 6914 6913 6912 6911 6910 6908 -1 
Truck #20868 MaxCap: 20 Demand: 19.0 ROUTE:0 6245 6244 4302 4301 4159 4158 8451 8450 8449 8448 8447 8446 8445 8444 8443 8442 6929 6928 6925 -1 
Truck #20869 MaxCap: 60 Demand: 59.0 ROUTE:0 10116 2487 2485 2484 2483 2479 2478 2477 2476 2475 2474 7140 7139 6066 6065 6064 6063 6062 6061 6060 6059 6238 6237 6227 6226 9689 9686 9685 2635 8736 8735 8734 8733 8732 8731 8730 8729 8461 8460 8457 8456 8455 10247 3007 3006 3005 3004 3003 3002 3001 3000 2998 2997 2996 6752 6745 6740 6733 4106 -1 
Truck #20870 MaxCap: 20 Demand: 19.0 ROUTE:0 8057 8056 8055 8054 8053 8052 8051 8050 8049 8047 8046 8045 8044 8043 8042 8041 8040 8039 8038 -1 
Truck #20871 MaxCap: 20 Demand: 19.0 ROUTE:0 3664 4592 4591 4589 9688 9684 9683 9682 9681 9680 9679 9678 9677 9676 9675 8062 8060 8059 8058 -1 
Truck #20872 MaxCap: 40 Demand: 39.0 ROUTE:0 1677 1676 1675 1674 1673 1672 1671 1670 1669 1668 1667 1666 1665 1664 1663 1662 3047 3046 4600 4599 4598 4590 9687 8465 8464 8463 8462 8459 8458 8454 8453 8452 2757 2750 6741 6738 6730 5152 5149 -1 
Truck #20873 MaxCap: 20 Demand: 19.0 ROUTE:0 2753 2752 2751 2749 2748 2747 4608 4607 4606 4605 4604 4603 4602 4601 4597 4596 4595 4594 4593 -1 
Truck #20874 MaxCap: 20 Demand: 19.0 ROUTE:0 6236 6235 6234 6231 6230 6229 6228 2766 2765 2764 2763 2762 2761 2760 2759 2758 2756 2755 2754 -1 
Truck #20875 MaxCap: 20 Demand: 19.0 ROUTE:0 2918 2917 2916 2915 2914 2913 2912 2911 2910 2909 2908 2907 6225 6224 6223 5154 5151 5150 5148 -1 
Truck #20876 MaxCap: 40 Demand: 39.0 ROUTE:0 7614 9249 9248 9247 9246 9245 9244 9243 9242 9241 9240 9239 9238 12366 12365 12364 12363 12362 12361 12360 12359 12358 12357 12356 12355 12354 12353 12352 2562 2553 6239 6233 6232 10256 10250 10241 5153 4107 4103 -1 
Truck #20877 MaxCap: 20 Demand: 19.0 ROUTE:0 2701 2700 2699 5938 5937 5936 5935 5934 5933 5932 4342 4341 4340 4339 4336 4334 2568 10242 10240 -1 
Truck #20878 MaxCap: 20 Demand: 19.0 ROUTE:0 5079 5078 5077 5076 5074 5073 10258 10257 10255 10254 10253 10252 10251 10249 10248 10246 10245 10244 10243 -1 
Truck #20879 MaxCap: 20 Demand: 19.0 ROUTE:0 6902 6900 6899 6898 6895 6894 6893 6892 5453 5452 5451 5450 5449 5448 5447 5446 4105 4104 4102 -1 
Truck #20880 MaxCap: 20 Demand: 19.0 ROUTE:0 4300 10125 10124 10123 10121 10120 10119 10118 10115 10114 10113 10112 10111 10110 10109 5008 5007 5005 5004 -1 
Truck #20881 MaxCap: 60 Demand: 59.0 ROUTE:0 5307 5300 5297 4613 3479 3478 3477 3476 3475 3474 3473 3472 10751 10749 10743 10734 10732 4306 4305 7028 7015 7014 7010 7007 7006 7945 7944 8687 8686 8685 8684 8683 2428 2421 2416 3296 3295 3294 3293 3292 3291 3290 3289 3288 3287 3286 3285 3284 3283 3282 3281 3280 3279 3278 8129 2486 2482 2481 2480 -1 
Truck #20882 MaxCap: 40 Demand: 39.0 ROUTE:0 11047 11041 6035 6034 6033 6032 5075 6575 6572 6570 6567 2861 2860 12367 182 176 5017 5016 5014 5012 5006 10127 10126 10122 10117 2598 2597 2596 2595 2594 2592 2591 53 47 41 40 35 34 32 -1 
Truck #20883 MaxCap: 20 Demand: 19.0 ROUTE:0 4298 4297 4296 4295 4294 5026 5025 5024 5023 5022 5021 5020 5019 5018 5015 5013 5011 5010 5009 -1 
Truck #20884 MaxCap: 20 Demand: 19.0 ROUTE:0 52 49 46 44 43 42 38 37 36 33 31 183 181 180 179 178 177 175 174 -1 
Truck #20885 MaxCap: 20 Demand: 19.0 ROUTE:0 1981 1980 1979 1978 7940 7939 7938 2426 2425 2424 2423 2422 2420 2419 2418 2417 2415 2414 495 -1 
Truck #20886 MaxCap: 60 Demand: 59.0 ROUTE:0 54 51 50 48 45 39 2593 6578 2862 3918 3915 3914 3900 7141 10753 10752 10750 10748 10747 10746 10745 10744 10742 10741 10740 10739 10738 10737 10736 10735 10733 10731 7287 7286 7283 6729 3599 3598 3597 3596 3595 3594 599 598 591 590 577 12676 12675 12674 12673 12672 12671 1056 1049 1047 1038 9949 9944 -1 
Truck #20887 MaxCap: 20 Demand: 19.0 ROUTE:0 11032 11031 11030 511 510 509 508 507 506 505 504 503 502 501 500 499 498 497 496 -1 
Truck #20888 MaxCap: 20 Demand: 19.0 ROUTE:0 4101 4100 4099 4098 4097 4096 11046 11045 11044 11043 11042 11040 11039 11038 11037 11036 11035 11034 11033 -1 
Truck #20889 MaxCap: 20 Demand: 19.0 ROUTE:0 8117 8116 8115 8114 8113 8112 8131 8130 8128 8127 8126 8125 8124 8123 8122 8121 8120 8119 8118 -1 
Truck #20890 MaxCap: 20 Demand: 19.0 ROUTE:0 2157 2156 7020 7019 7018 7017 7016 7013 7012 7011 7009 7008 2430 2429 2427 5083 5082 5081 5080 -1 
Truck #20891 MaxCap: 20 Demand: 19.0 ROUTE:0 11899 11898 11897 11896 11895 11894 11893 11892 11891 11890 7951 7950 7949 7948 7947 7946 7943 7942 7941 -1 
Truck #20892 MaxCap: 20 Demand: 19.0 ROUTE:0 4308 4307 4304 4303 8631 8630 8629 8628 8627 8626 8625 8624 8623 5313 5312 5311 5310 5309 5308 -1 
Truck #20893 MaxCap: 20 Demand: 19.0 ROUTE:0 5945 5944 5943 5942 5941 8643 8642 8641 8640 8639 8638 8637 8636 8635 8634 8633 8632 3902 3901 -1 
Truck #20894 MaxCap: 40 Demand: 39.0 ROUTE:0 9948 9947 9946 9945 589 580 578 3575 3574 3573 3572 3571 3570 3569 3568 3567 3566 3565 3564 3563 3562 3561 2871 2870 2869 2868 2867 2866 2865 2864 2863 3916 3910 3899 3898 1037 1036 1035 1034 -1 
Truck #20895 MaxCap: 20 Demand: 19.0 ROUTE:0 2287 2285 2282 2281 2280 2279 2277 2276 3917 3913 3912 3911 3909 3908 3907 3906 3905 3904 3903 -1 
Truck #20896 MaxCap: 20 Demand: 19.0 ROUTE:0 5591 6751 6750 6749 6748 6747 6746 6744 6743 6742 597 596 595 594 593 592 588 587 586 -1 
Truck #20897 MaxCap: 20 Demand: 19.0 ROUTE:0 3872 3871 3870 3869 9206 9205 9204 9203 9202 9201 9200 9199 9198 9197 4812 4811 4810 4809 4808 -1 
Truck #20898 MaxCap: 20 Demand: 19.0 ROUTE:0 2818 2817 2816 2815 2814 2813 2812 2811 2810 2809 2808 2806 9213 9212 9211 9210 9209 9208 9207 -1 
Truck #20899 MaxCap: 40 Demand: 39.0 ROUTE:0 6512 6511 2232 2230 2228 8302 8301 8300 8298 8297 8295 8294 7294 7293 7292 7291 7290 7289 7288 7285 7284 7282 1058 1057 1055 1054 1053 1052 1051 1050 1048 1046 1045 1044 1043 1042 1041 1040 1039 -1 
Truck #20900 MaxCap: 20 Demand: 19.0 ROUTE:0 6906 6905 6904 6903 2231 2229 2227 2226 2225 6728 6727 7029 7027 7026 7025 7024 7023 7022 7021 -1 
Truck #20901 MaxCap: 60 Demand: 59.0 ROUTE:0 12680 12679 12678 12677 6500 6495 4292 7258 7256 7255 2224 5404 5403 5401 5399 5398 5397 5396 8306 8299 8296 4832 4831 4830 4828 4827 4826 4825 4824 4823 4822 4821 4820 4819 4818 4817 4816 4815 4813 2859 2858 2857 2855 7577 5193 5192 10726 10725 10724 10723 10722 10721 10719 10718 10716 10715 10713 10712 10711 -1 
Truck #20902 MaxCap: 20 Demand: 19.0 ROUTE:0 2368 2367 2366 2365 2364 2363 2361 2360 6510 6509 6508 6507 6506 6505 6504 6503 6502 6501 6499 -1 
Truck #20903 MaxCap: 60 Demand: 59.0 ROUTE:0 3471 3470 3469 3468 3467 3466 3465 3464 3463 3462 3461 3460 3459 3458 3457 3456 3455 3454 3453 3452 3451 11370 5191 5652 5651 5650 5649 5648 5647 5646 5645 5644 5643 2991 2988 2986 5388 5385 5378 5376 5375 6961 6958 7883 4835 4829 4814 11014 2953 2856 5402 5400 7257 10720 10717 10714 2381 2379 2362 -1 
Truck #20904 MaxCap: 20 Demand: 19.0 ROUTE:0 6171 6167 6166 6165 6164 2384 2383 2382 2380 2378 2377 2376 2375 2374 2373 2372 2371 2370 2369 -1 
Truck #20905 MaxCap: 40 Demand: 39.0 ROUTE:0 2294 2286 2284 2283 2278 3045 3044 3043 3042 3041 3040 3039 3038 3037 3036 3033 3031 3030 10934 10933 10932 10931 10929 10928 10927 10926 8309 8308 8307 8305 8304 8303 9742 9741 9735 9732 4299 4293 1019 -1 
Truck #20906 MaxCap: 20 Demand: 19.0 ROUTE:0 4807 9740 9739 9738 9737 9736 9734 9733 9731 9730 9729 9728 9727 9726 9725 1016 1015 1014 1013 -1 
Truck #20907 MaxCap: 20 Demand: 19.0 ROUTE:0 10426 10425 10423 1033 1032 1031 1030 1029 1028 1027 1026 1025 1024 1023 1022 1021 1020 1018 1017 -1 
Truck #20908 MaxCap: 20 Demand: 19.0 ROUTE:0 4614 4612 4611 4610 4609 3504 3503 3502 3515 3514 3513 3512 3511 3510 3509 3508 3507 3506 3505 -1 
Truck #20909 MaxCap: 20 Demand: 19.0 ROUTE:0 11371 2296 2295 2293 2292 2291 2290 2289 2288 11013 2223 2221 2220 2219 2217 2216 2211 2210 2209 -1 
Truck #20910 MaxCap: 60 Demand: 59.0 ROUTE:0 2433 1255 1253 1250 1246 1243 6964 6963 6962 6960 6959 6957 6956 6955 6954 6953 6952 6951 6950 6949 6948 2222 2218 2215 2214 2213 2212 5887 5886 5885 5884 5883 5882 5881 5880 3138 3132 3131 3127 4836 4834 4833 10930 10925 10924 4571 4570 4562 3035 3034 3032 3029 10639 10637 10634 10632 10630 10624 2159 -1 
Truck #20911 MaxCap: 40 Demand: 39.0 ROUTE:0 4573 4572 4569 4568 4567 4566 4565 4564 4563 4561 4560 4559 4558 4557 4556 4555 4554 4553 4552 4551 4550 4549 10946 10945 10944 10943 10942 10941 10940 10939 10938 10937 10936 10935 3126 2693 2691 2689 2682 -1 
Truck #20912 MaxCap: 20 Demand: 19.0 ROUTE:0 11272 11271 2697 2696 2695 2694 2692 2690 2688 2687 2686 2685 2684 2683 2681 2680 2679 2678 5373 -1 
Truck #20913 MaxCap: 20 Demand: 19.0 ROUTE:0 2985 2984 5395 5394 5393 5392 5391 5390 5389 5387 5386 5384 5383 5382 5381 5380 5379 5377 5374 -1 
Truck #20914 MaxCap: 20 Demand: 19.0 ROUTE:0 6579 6577 6576 6574 6573 6571 6569 6568 6566 6565 6564 6563 2995 2994 2993 2992 2990 2989 2987 -1 
Truck #20915 MaxCap: 40 Demand: 39.0 ROUTE:0 2271 2269 2268 2267 2266 2265 2263 2262 2261 2259 2258 2257 2256 2255 2823 2822 2807 3142 3141 3140 3139 3137 3136 3135 3134 3133 3130 3129 3128 4975 1251 1249 1248 1247 1245 1244 1242 1241 1240 -1 
Truck #20916 MaxCap: 20 Demand: 19.0 ROUTE:0 1933 1932 1931 1928 1927 9462 4979 4978 4977 4976 4974 4973 4972 4971 4970 2824 2821 2820 2819 -1 
Truck #20917 MaxCap: 20 Demand: 19.0 ROUTE:0 5759 5758 5757 5756 5755 5754 5753 5752 5751 2170 2168 2167 2166 2165 2163 2162 2161 2160 2158 -1 
Truck #20918 MaxCap: 60 Demand: 59.0 ROUTE:0 5663 5662 5661 5660 5659 5658 5657 5656 5655 5654 5653 5254 5241 3230 3229 3228 2950 2946 2944 2943 2937 2935 11887 11885 11884 3434 3433 3432 3431 3430 3429 3428 3427 3426 3425 3424 3423 3422 3421 3420 3419 3418 3417 8702 8701 8700 8699 8698 8697 8696 8695 8694 8693 8692 8691 8690 7790 11115 11112 -1 
Truck #20919 MaxCap: 40 Demand: 39.0 ROUTE:0 986 2169 2164 1263 1262 1261 1260 1259 1258 1257 1256 1254 1252 12383 12382 12381 12380 12379 12378 12377 12376 12375 12374 12373 12372 12371 12370 12369 12368 3024 3023 3022 3021 3020 3019 2435 2434 2432 2431 -1 
Truck #20920 MaxCap: 60 Demand: 59.0 ROUTE:0 984 975 972 10867 3767 3762 3760 7791 2831 2830 2829 2828 2827 2826 2825 2272 2270 2264 2260 5786 5785 5784 5783 5782 5781 5780 5779 5778 5777 5776 5775 5774 5773 5889 5888 3018 2021 5258 5257 5256 5255 5253 5252 5251 5250 5249 5248 5247 5246 5245 5244 5243 5242 5240 5239 5238 5237 3778 3777 -1 
Truck #20921 MaxCap: 20 Demand: 19.0 ROUTE:0 5306 5305 5304 5303 5302 5301 5299 5298 5296 5295 3786 3785 3784 3782 3781 3780 3776 3775 3774 -1 
Truck #20922 MaxCap: 20 Demand: 19.0 ROUTE:0 2940 2939 2938 2936 2934 2933 2932 2931 2033 2032 2031 2028 2027 2026 2025 2023 2022 8689 8688 -1 
Truck #20923 MaxCap: 40 Demand: 39.0 ROUTE:0 10641 10640 10638 10636 10635 10633 10631 10629 10628 10627 10626 10625 3783 3779 3773 3768 3766 3763 3757 2034 2030 2029 2024 2020 3028 3027 3026 3025 10877 10876 10875 10874 10873 10872 10871 10870 10869 10868 10866 -1 
Truck #20924 MaxCap: 20 Demand: 19.0 ROUTE:0 3770 3769 3765 3764 3761 3759 3758 3756 3755 3754 3753 2952 2951 2949 2948 2947 2945 2942 2941 -1 
Truck #20925 MaxCap: 20 Demand: 19.0 ROUTE:0 2878 2877 2876 2875 2874 2873 11116 11114 11113 5750 5749 5748 12388 12387 12386 12385 12384 3772 3771 -1 
Truck #20926 MaxCap: 40 Demand: 39.0 ROUTE:0 985 983 982 981 980 979 978 977 976 974 973 971 970 969 968 4721 4720 1071 1068 1067 1065 1064 1063 1062 1061 1060 1059 2585 2583 2582 2581 2579 2578 2575 2574 2573 2572 2570 2569 -1 
Truck #20927 MaxCap: 60 Demand: 59.0 ROUTE:0 1158 1157 1156 10971 10970 8292 8291 8290 4694 11829 11827 4068 4050 2737 2728 2723 1892 1890 1883 2047 1713 1712 1711 1710 1709 1708 1707 1706 1705 1704 1703 1702 1701 1700 1699 1698 1697 4397 4396 4395 4394 4393 4392 4391 4390 4389 4388 757 756 755 1070 1069 1066 2588 2584 2580 2577 2576 2571 -1 
Truck #20928 MaxCap: 20 Demand: 19.0 ROUTE:0 9957 9956 9955 9954 9953 9952 9951 9950 9943 9521 9520 9519 9518 9517 762 761 760 758 754 -1 
Truck #20929 MaxCap: 60 Demand: 59.0 ROUTE:0 6126 6125 6124 6123 6122 6121 6120 6119 6118 11613 11610 12113 12108 12104 2410 2408 2403 2401 2399 12636 12635 12634 12633 12031 1653 1652 1651 1650 1649 1648 1647 1646 1645 1644 1643 1642 1641 1640 1639 1638 1637 1636 1635 1634 12887 11350 4702 4701 6031 6030 6029 6028 6027 6026 6025 6024 6023 6022 8293 -1 
Truck #20930 MaxCap: 40 Demand: 39.0 ROUTE:0 12461 2044 2041 2039 2038 1888 1884 1875 1874 2740 2739 2738 2736 2735 2734 2733 2732 2731 2730 2729 2727 2726 2725 2724 2722 2721 2720 2719 2718 2717 759 753 752 2082 2081 2590 2589 2587 2586 -1 
Truck #20931 MaxCap: 20 Demand: 19.0 ROUTE:0 12032 12030 12029 1891 1889 1887 1886 1885 1882 1881 1880 1879 1878 1877 1876 1873 1872 1871 763 -1 
Truck #20932 MaxCap: 20 Demand: 19.0 ROUTE:0 4067 4066 4063 4062 4061 4060 4058 4057 4056 4054 4053 4052 4051 4049 2046 2045 2043 2042 2040 -1 
Truck #20933 MaxCap: 40 Demand: 39.0 ROUTE:0 12660 12659 12658 12657 12656 12321 12320 12319 9674 9671 9667 9661 9659 9658 9652 9651 4071 4065 4064 4059 4055 11831 11830 11828 11826 11825 11824 435 434 433 432 431 11942 11940 11935 11934 11932 11931 11930 -1 
Truck #20934 MaxCap: 20 Demand: 19.0 ROUTE:0 7885 7884 7889 7888 7887 7886 9666 9665 9664 9663 9662 9660 9657 9656 9655 9654 9653 4070 4069 -1 
Truck #20935 MaxCap: 20 Demand: 19.0 ROUTE:0 11356 11355 11354 11353 11352 11351 9042 4653 4652 4651 4650 4649 11941 11939 11938 11937 11936 11933 11929 -1 
Truck #20936 MaxCap: 60 Demand: 59.0 ROUTE:0 3339 3338 3337 3336 3335 3334 3333 3332 3331 3330 3329 3328 3327 3326 3325 3324 3323 3322 3321 3320 2413 2412 2411 2409 2407 2406 2405 2404 2402 2400 3447 3446 3445 10555 10553 10547 10390 10385 10382 1178 1177 1176 1175 1174 1173 4706 4705 4704 4703 4700 4699 4698 4697 4696 4695 437 436 430 429 -1 
Truck #20937 MaxCap: 20 Demand: 19.0 ROUTE:0 5176 5175 5174 5172 5171 5170 5169 12115 12114 12112 12111 12110 12109 12107 12106 12105 12103 12102 11617 -1 
Truck #20938 MaxCap: 40 Demand: 39.0 ROUTE:0 7530 12670 12669 12668 12667 12666 12665 12664 12663 12662 12661 10384 10379 10375 10374 10570 10569 10568 10567 10566 10565 10564 10563 10562 10561 10560 10559 10558 10557 10556 10554 10552 10551 10550 10549 10548 4658 4656 4655 -1 
Truck #20939 MaxCap: 20 Demand: 19.0 ROUTE:0 9673 9672 9670 9669 9668 10863 10862 10861 10860 10857 10855 10854 10853 10851 10850 10849 10848 10846 7531 -1 
Truck #20940 MaxCap: 20 Demand: 19.0 ROUTE:0 10391 10389 10388 10387 10386 10383 10381 10380 10378 10377 10376 10373 10372 4662 4661 4660 4659 4657 4654 -1 
Truck #20941 MaxCap: 60 Demand: 59.0 ROUTE:0 6139 6138 6137 6136 6135 6134 6133 6132 6131 6130 6129 6128 6127 8474 7450 7445 9371 9370 8325 8312 8311 2778 2777 2776 2770 5123 5122 5118 5117 12317 12314 12312 12309 12308 12307 11489 11482 11481 11477 11472 12757 12756 12755 12754 12753 12752 12751 4854 4852 4849 4846 4842 12201 12200 12196 12188 12186 5520 11365 -1 
Truck #20942 MaxCap: 40 Demand: 39.0 ROUTE:0 10696 10695 5031 5029 5028 5027 10509 10503 10502 10501 10497 11503 11502 11500 11499 11498 11497 11496 11495 11494 11493 11492 10865 10864 10859 10858 10856 10852 10847 1607 275 5502 5501 5500 5498 5497 5496 5495 9498 -1 
Truck #20943 MaxCap: 60 Demand: 59.0 ROUTE:0 3450 3449 3448 5503 5499 2775 2774 2773 2772 2771 5124 5121 5120 5119 5116 5115 5114 5113 5112 5111 5110 5109 5108 5107 8314 8313 8310 9496 8478 8477 8476 8475 8473 8472 8471 8470 8469 8468 8467 8466 5900 5899 5898 5897 5896 5895 5894 5893 5892 5891 5890 11364 11363 11362 11361 11360 11359 11358 11357 -1 
Truck #20944 MaxCap: 20 Demand: 19.0 ROUTE:0 1974 1973 9507 9506 9505 9504 9503 9502 9501 9500 9499 9497 9495 9494 9493 9492 12601 12600 12599 -1 
Truck #20945 MaxCap: 20 Demand: 19.0 ROUTE:0 2273 12598 12597 12596 12595 12594 12593 12592 12591 12590 12589 12588 12587 12586 7447 7446 1977 1976 1975 -1 
Truck #20946 MaxCap: 20 Demand: 19.0 ROUTE:0 7119 7118 7117 7116 7114 7113 7112 7111 7110 7108 5947 5946 2275 2274 7453 7452 7451 7449 7448 -1 
Truck #20947 MaxCap: 60 Demand: 59.0 ROUTE:0 6175 6170 6616 6607 6604 10233 10231 10226 10215 9692 9460 9456 12527 12526 12525 12524 12523 12522 12521 12520 12519 12518 12517 12516 12515 12514 11501 7242 7239 8331 8330 8329 8328 8327 8326 8324 8323 8322 8321 8320 8319 8318 8317 8316 8315 5032 5030 4857 4856 4855 4853 4851 4850 4848 4847 4845 4844 4843 4841 -1 
Truck #20948 MaxCap: 20 Demand: 19.0 ROUTE:0 10609 10608 10607 10606 10605 3117 3116 3115 3113 3112 3111 3110 3109 3107 3104 3103 12203 12202 12199 -1 
Truck #20949 MaxCap: 20 Demand: 19.0 ROUTE:0 10512 10511 10510 10508 10507 10506 10505 10504 10500 10499 10498 10496 10495 10494 10493 10492 10515 10514 10513 -1 
Truck #20950 MaxCap: 40 Demand: 39.0 ROUTE:0 2206 3121 3114 3108 3106 3105 11504 7244 7243 7241 7240 1925 1920 1918 6614 6603 12547 12546 12545 12544 12543 12542 12541 12540 12539 12538 12537 12536 12535 12534 12533 12532 12531 12530 12529 12528 6179 6169 6168 -1 
Truck #20951 MaxCap: 20 Demand: 19.0 ROUTE:0 11889 11888 11886 11883 11882 440 439 438 12305 3125 3124 3123 3122 3120 3119 3118 2208 2207 2205 -1 
Truck #20952 MaxCap: 20 Demand: 19.0 ROUTE:0 6602 6601 6600 6599 6598 6621 6620 6619 6618 6617 6615 6613 6612 6611 6610 6609 6608 6606 6605 -1 
Truck #20953 MaxCap: 20 Demand: 19.0 ROUTE:0 1917 1916 1913 1910 1909 1908 1907 1903 1926 1924 1923 1922 1921 1919 9461 9459 9457 9455 9454 -1 
Truck #20954 MaxCap: 40 Demand: 39.0 ROUTE:0 9857 9853 9851 5167 5166 5162 5161 5160 5159 5158 5157 5156 5155 10232 10228 10227 10224 10221 10218 10217 10216 323 5424 5423 5422 5421 5420 5417 5416 5415 5414 5412 5410 5409 5407 5406 9458 9698 9693 -1 
Truck #20955 MaxCap: 20 Demand: 19.0 ROUTE:0 6222 5519 11256 11255 9707 9706 9705 9704 9703 9702 9701 9700 9699 9697 9696 9695 9694 9691 9690 -1 
Truck #20956 MaxCap: 20 Demand: 19.0 ROUTE:0 1858 1857 1856 1854 1853 2143 2141 2140 10236 10235 10234 10230 10229 10225 10223 10222 10220 10219 9708 -1 
Truck #20957 MaxCap: 60 Demand: 59.0 ROUTE:0 3205 3204 3203 3202 3201 3200 3199 3198 3197 3196 3195 3194 12994 12993 12992 12991 12990 12989 12988 12987 12986 12985 12984 12983 12982 12981 12980 12979 12978 12977 12976 12975 12974 12973 12972 12971 12970 9536 5419 5418 5413 5411 5408 5405 1852 1851 1850 1849 1848 1847 1846 1845 1844 1843 1842 5165 5164 5163 9868 -1 
Truck #20958 MaxCap: 40 Demand: 39.0 ROUTE:0 9862 9859 9538 9532 9530 9526 9522 10599 10597 10593 10592 10590 10588 1930 1929 1387 1386 1385 1384 1383 1382 1381 1380 4245 4243 3820 3818 3816 3811 6444 9847 12178 12175 12174 12173 12172 12167 12161 12157 -1 
Truck #20959 MaxCap: 20 Demand: 19.0 ROUTE:0 9860 9858 9856 9855 9854 9852 9850 9849 9873 9872 9871 9870 9869 9867 9866 9865 9864 9863 9861 -1 
Truck #20960 MaxCap: 20 Demand: 19.0 ROUTE:0 7347 7346 7345 7343 7342 7340 7339 7338 7337 7336 7335 7334 7332 7331 3663 3662 3661 3660 3659 -1 
Truck #20961 MaxCap: 60 Demand: 59.0 ROUTE:0 9844 9843 9557 9553 12855 12854 12853 12852 1915 1911 1902 4244 7316 7315 7314 7313 7311 7310 7308 7307 7306 7302 7301 7299 7298 7297 7295 10349 3805 3804 212 211 210 209 208 2906 2905 2904 2903 2902 2901 2900 2899 2897 2896 2895 2894 2892 2891 2889 2888 2887 6460 6456 6443 3209 3208 3207 3206 -1 
Truck #20962 MaxCap: 20 Demand: 19.0 ROUTE:0 8620 8619 8618 8617 8616 8615 8614 8613 8612 8611 8610 8609 12318 12316 12315 12313 12311 12310 12306 -1 
Truck #20963 MaxCap: 20 Demand: 19.0 ROUTE:0 10239 11491 11490 11488 11487 11486 11485 11484 11483 11480 11479 11478 11476 11475 11474 11473 11471 11470 10604 -1 
Truck #20964 MaxCap: 60 Demand: 59.0 ROUTE:0 11193 11187 11184 11182 4500 4499 4492 11427 11425 7344 7341 7333 7330 7329 4919 9447 9446 9445 9444 9443 9442 9441 9440 9439 8553 445 11692 11691 7312 7309 7305 7304 7303 7300 7296 12774 12773 12772 12771 12770 12769 12768 12767 12766 12765 12764 12763 12762 12761 12760 12759 12758 4965 11833 2898 2893 2890 11551 10800 -1 
Truck #20965 MaxCap: 20 Demand: 19.0 ROUTE:0 7529 7528 7527 7526 12180 12179 12177 12176 12171 12170 12169 12168 12166 12165 12164 12163 12162 12160 12159 -1 
Truck #20966 MaxCap: 20 Demand: 19.0 ROUTE:0 751 749 3819 3817 3815 3814 3813 3812 3810 3809 3808 3807 3806 3803 9848 9846 9845 9842 9841 -1 
Truck #20967 MaxCap: 20 Demand: 19.0 ROUTE:0 2085 2084 2083 12711 12710 12709 12708 12707 12706 6461 6459 6458 6455 6454 6453 6452 6451 6449 6447 -1 
Truck #20968 MaxCap: 40 Demand: 39.0 ROUTE:0 5705 5704 5703 5702 5701 5700 5699 3249 9560 9559 9555 9554 9552 9549 9548 739 730 728 835 833 828 824 4421 4419 4417 4412 4408 4403 4399 1914 1912 1906 1905 1904 6457 6450 6448 6446 6445 -1 
Truck #20969 MaxCap: 20 Demand: 19.0 ROUTE:0 6181 6180 6178 6177 6176 6174 6173 6172 9562 9561 9558 9556 9551 9550 9547 12715 12714 12713 12712 -1 
Truck #20970 MaxCap: 20 Demand: 19.0 ROUTE:0 834 832 831 830 829 827 826 825 4969 4968 4967 4966 4964 4963 4962 4961 4960 4959 4958 -1 
Truck #20971 MaxCap: 60 Demand: 59.0 ROUTE:0 3416 3415 3414 3413 3412 3411 3410 3409 3408 3407 3406 3405 3404 3403 3402 3401 3400 3399 3398 3397 3396 727 12863 12862 12861 12860 12859 12858 12857 12856 2079 8554 8552 8551 11832 3354 3353 3352 3351 3350 3349 3348 3347 3346 3345 3344 3343 3342 3341 3340 11550 11549 11548 11547 11546 11545 11544 11543 11542 -1 
Truck #20972 MaxCap: 20 Demand: 19.0 ROUTE:0 12158 740 738 737 736 735 734 733 732 731 729 726 725 841 840 839 838 837 836 -1 
Truck #20973 MaxCap: 20 Demand: 19.0 ROUTE:0 1221 1220 1219 4420 4418 4416 4415 4414 4413 4411 4410 4409 4407 4406 4405 4404 4402 4401 4400 -1 
Truck #20974 MaxCap: 40 Demand: 39.0 ROUTE:0 1218 1216 1215 1213 229 2075 2073 10238 10237 11073 5618 5617 5616 5615 5614 5613 5612 5611 5610 5609 5608 5607 5606 5605 5604 5603 5602 5601 5600 5599 5598 5597 2142 2139 5710 5709 5708 5707 5706 -1 
Truck #20975 MaxCap: 20 Demand: 19.0 ROUTE:0 5474 1217 1214 1212 1211 11426 11424 11423 11422 11421 11420 11419 11418 11417 11416 11415 11414 2145 2144 -1 
Truck #20976 MaxCap: 20 Demand: 19.0 ROUTE:0 3658 3657 3656 12198 12197 12195 12194 12193 12192 12191 12190 12189 12187 11616 11615 11614 11612 11611 10799 -1 
Truck #20977 MaxCap: 60 Demand: 59.0 ROUTE:0 9438 9437 9436 9435 9434 9433 9432 9431 9430 9429 9428 9427 9426 9425 9424 11905 11904 11902 11901 11900 10289 10285 10282 10281 10278 7442 7441 7433 7432 1295 12605 12604 12603 12602 247 243 242 236 9219 9218 9217 9216 9215 9214 11834 4503 4502 4501 4498 4497 4496 4495 4494 4493 4491 4490 4489 4488 4487 -1 
Truck #20978 MaxCap: 40 Demand: 39.0 ROUTE:0 8548 9833 1294 1293 1292 1291 7115 7109 250 249 248 246 245 244 241 240 239 238 237 235 234 233 232 231 230 494 493 492 491 490 489 488 487 486 485 484 483 482 481 -1 
Truck #20979 MaxCap: 20 Demand: 19.0 ROUTE:0 7121 7120 9838 9837 9836 9834 11700 11699 11698 11697 11696 11695 11694 11693 8550 8549 8547 8546 8545 -1 
Truck #20980 MaxCap: 40 Demand: 39.0 ROUTE:0 3895 3893 3888 3887 1195 1191 1189 1188 1184 750 10292 10274 10366 10360 10359 10422 574 573 7444 7443 7440 7439 7438 7437 7436 7435 7434 7431 7430 7429 7428 7427 7426 9835 409 9545 9543 3237 3236 -1 
Truck #20981 MaxCap: 20 Demand: 19.0 ROUTE:0 3823 3822 3821 4398 9540 9539 9537 9535 9534 9533 9531 9529 9528 9527 9525 9524 9523 9840 9839 -1 
Truck #20982 MaxCap: 20 Demand: 19.0 ROUTE:0 9307 9546 9544 9542 9541 413 412 411 410 408 407 406 405 404 403 402 401 400 399 -1 
Truck #20983 MaxCap: 20 Demand: 19.0 ROUTE:0 2080 2078 2077 2076 2074 10293 10291 10290 10288 10287 10286 10284 10283 10280 10279 10277 10276 10275 10273 -1 
Truck #20984 MaxCap: 60 Demand: 59.0 ROUTE:0 9065 9064 9063 9062 9061 9060 9059 9058 9057 9056 9055 9054 9053 9052 9051 9050 9049 9048 9047 9046 9045 9044 9043 6720 446 444 443 442 7414 7408 7404 7395 10370 10365 10357 748 745 4922 4921 4920 4918 4917 4916 4915 4914 4913 4912 3891 1583 1582 1581 1580 1579 1578 1577 1576 1575 1574 1573 -1 
Truck #20985 MaxCap: 20 Demand: 19.0 ROUTE:0 10603 10602 10601 10600 10598 10596 10595 10594 10591 10589 10587 10586 1194 1193 1192 1190 1187 1186 1185 -1 
Truck #20986 MaxCap: 20 Demand: 19.0 ROUTE:0 4242 4241 10371 10369 10368 10367 10364 10363 10362 10361 10358 10356 10355 3878 3877 3876 3875 3874 3873 -1 
Truck #20987 MaxCap: 20 Demand: 19.0 ROUTE:0 307 306 305 304 303 3897 3896 3894 3892 3890 3889 3886 3885 3884 3883 3882 3881 3880 3879 -1 
Truck #20988 MaxCap: 40 Demand: 39.0 ROUTE:0 7403 7402 7401 7400 7399 7398 7397 7396 7394 7393 7392 7576 7573 7563 7558 7557 3319 3318 3317 3316 3315 3314 3313 3312 3311 3310 3309 3308 3307 3306 3305 3304 3303 3302 3301 3300 3299 3298 3297 -1 
Truck #20989 MaxCap: 20 Demand: 19.0 ROUTE:0 4133 4131 4130 7575 7574 7572 7571 7570 7569 7568 7567 7566 7565 7564 7562 7561 7560 7559 308 -1 
Truck #20990 MaxCap: 40 Demand: 39.0 ROUTE:0 12045 12036 12034 9477 9475 9470 11723 11722 11721 11720 11719 11718 11717 11716 11715 11714 11713 11711 4205 4203 4201 4193 4191 4185 4183 7415 7413 7412 7411 7410 7409 7407 7406 7405 1368 1359 1348 4134 6719 -1 
Truck #20991 MaxCap: 60 Demand: 59.0 ROUTE:0 9260 9259 9258 9257 9256 9255 9254 9253 9252 9251 9250 9766 8576 8575 8571 8568 8566 9568 7922 7921 7919 7918 7917 7916 7914 7913 7912 7911 7910 7909 7908 7907 7906 7905 6623 4207 9649 9640 9453 1206 1205 1204 1203 1200 1199 1198 1196 11712 4132 4129 9789 9786 9779 9481 9476 9472 3945 3937 3934 -1 
Truck #20992 MaxCap: 20 Demand: 19.0 ROUTE:0 1366 1365 1364 1363 1362 1361 1360 1358 1357 1356 1355 1354 1353 1352 1351 1350 1349 4136 4135 -1 
Truck #20993 MaxCap: 20 Demand: 19.0 ROUTE:0 10421 10420 10419 10418 4202 4195 4194 4192 4190 4189 4188 4187 4186 4184 1372 1371 1370 1369 1367 -1 
Truck #20994 MaxCap: 60 Demand: 59.0 ROUTE:0 5831 5830 5829 5828 5827 5826 5825 5824 5823 5822 5821 5820 5819 5818 5817 5816 5815 5367 5366 5353 5351 6101 6100 6099 6098 6097 6096 6095 6094 6093 6092 1102 1101 1100 1098 7920 7915 1202 1201 1197 9452 9451 9450 9449 9448 12402 12401 12400 12399 12398 12397 12396 12395 12394 12393 12392 12391 12390 12389 -1 
Truck #20995 MaxCap: 20 Demand: 19.0 ROUTE:0 6656 6655 6652 6651 6650 6649 2518 2517 2516 2514 2513 2512 4212 4211 4210 4209 4208 4206 4204 -1 
Truck #20996 MaxCap: 20 Demand: 19.0 ROUTE:0 2472 1623 1622 1621 1620 1619 1618 1617 1616 1615 1614 1613 1612 1611 1610 1609 1608 8622 8621 -1 
Truck #20997 MaxCap: 20 Demand: 19.0 ROUTE:0 3367 3366 3365 3364 3363 3362 3361 3360 3359 3358 3357 3356 3355 9313 9312 9311 9310 9309 9308 -1 
Truck #20998 MaxCap: 20 Demand: 19.0 ROUTE:0 6475 6474 6471 6470 6469 6468 6467 6466 6464 6463 3376 3375 3374 3373 3372 3371 3370 3369 3368 -1 
Truck #20999 MaxCap: 20 Demand: 19.0 ROUTE:0 6622 30 29 28 26 25 24 9648 9647 9646 9644 9643 9641 9639 12052 12051 12050 12048 12047 -1 
Truck #21000 MaxCap: 40 Demand: 39.0 ROUTE:0 12049 9784 8579 8578 8577 8574 8573 8572 8570 8569 8567 9566 6654 6653 2515 9650 9645 9642 27 7639 7636 7635 4044 4043 4037 4028 2456 2453 2449 2446 1994 1993 1985 1983 1855 3949 3948 3947 3939 -1 
Truck #21001 MaxCap: 20 Demand: 19.0 ROUTE:0 1696 1695 1694 1693 9794 9793 9792 9791 9790 9788 9787 9785 9783 9782 9781 9780 9778 9777 9776 -1 
Truck #21002 MaxCap: 20 Demand: 19.0 ROUTE:0 9154 9153 9152 9151 9150 9149 9148 9147 9146 9145 9144 9143 9142 9141 9140 9139 9138 9137 3935 -1 
Truck #21004 MaxCap: 20 Demand: 19.0 ROUTE:0 1104 1103 1099 1097 5372 5371 5370 5369 5368 5365 5364 5363 5362 5361 5360 5359 5358 5357 5356 -1 
Truck #21005 MaxCap: 20 Demand: 19.0 ROUTE:0 2455 2454 2452 2451 2450 2448 2447 2445 4042 4041 4040 4039 4038 4036 4035 4034 1107 1106 1105 -1 
Truck #21006 MaxCap: 20 Demand: 19.0 ROUTE:0 1183 1182 1181 1180 1179 9578 9577 9576 9575 4033 4032 4031 4030 4029 4027 4026 4025 4024 4023 -1 
Truck #21007 MaxCap: 20 Demand: 19.0 ROUTE:0 10796 10795 10794 10793 10792 10791 10790 10789 10788 10786 5101 5100 5098 5097 5096 5095 9768 9767 1982 -1 
Truck #21008 MaxCap: 60 Demand: 59.0 ROUTE:0 2546 2544 2540 5913 5912 5911 5910 5909 5908 5907 5906 3862 3858 3853 5626 5625 5624 5623 5622 5621 5620 5619 7923 7646 7640 7638 7637 4381 4377 4370 5133 5132 5131 5130 5128 5127 5126 5125 8279 8278 8277 8276 8275 8274 8273 8271 322 320 319 318 317 316 315 314 313 312 311 310 309 -1 
Truck #21009 MaxCap: 20 Demand: 19.0 ROUTE:0 3864 3863 3861 3860 3859 3857 3856 3855 3854 3852 3851 1992 1991 1990 1989 1988 1987 1986 1984 -1 
Truck #21010 MaxCap: 40 Demand: 39.0 ROUTE:0 4527 4521 4519 4518 4513 4509 7647 7645 7644 7643 7642 7641 4380 4379 4378 4376 4375 4374 4373 4372 4371 4369 4368 4367 4366 4365 4364 3273 3272 3271 3270 3269 3268 3267 3266 3265 3264 3263 3262 -1 
Truck #21011 MaxCap: 20 Demand: 19.0 ROUTE:0 4516 4515 4514 4512 4511 4510 4508 4507 4506 4505 4504 4528 4526 4525 4524 4523 4522 4520 4517 -1 
Truck #21012 MaxCap: 60 Demand: 59.0 ROUTE:0 2633 2632 2631 2628 2626 2614 5833 5832 297 294 281 8272 398 397 12288 12284 8534 8533 8523 8518 8516 3227 3226 3225 3224 3223 3222 3221 3220 3219 3218 3217 3216 3215 3214 3213 3212 3211 3210 7505 7502 7499 5140 5129 376 375 373 370 368 367 363 2352 2351 2345 2343 2340 2337 4424 321 -1 
Truck #21013 MaxCap: 40 Demand: 39.0 ROUTE:0 2549 2548 2547 2545 2543 2542 2541 2539 2538 2537 2536 2535 2534 3865 8418 8415 8410 8408 8406 3277 3276 3275 3274 302 301 300 299 298 12819 12818 12817 12816 12815 12814 6680 6473 6472 6465 6462 -1 
Truck #21014 MaxCap: 20 Demand: 19.0 ROUTE:0 9491 9490 9489 9488 9487 9486 9485 9484 9483 9482 9480 9479 9478 9474 9473 9471 3868 3867 3866 -1 
Truck #21015 MaxCap: 20 Demand: 19.0 ROUTE:0 464 463 462 461 460 459 458 457 456 455 8417 8416 8414 8413 8412 8411 8409 8407 8405 -1 
Truck #21016 MaxCap: 20 Demand: 19.0 ROUTE:0 5355 5354 5352 6684 6683 6682 6681 6679 6678 3183 3182 3181 3180 3179 3178 3177 3176 3175 6476 -1 
Truck #21017 MaxCap: 20 Demand: 19.0 ROUTE:0 10309 10308 10307 10306 10305 10304 9136 9135 9134 9133 747 746 744 743 742 741 3186 3185 3184 -1 
Truck #21018 MaxCap: 20 Demand: 19.0 ROUTE:0 292 291 290 289 288 287 286 285 284 283 282 280 279 278 277 276 296 295 293 -1 
Truck #21019 MaxCap: 60 Demand: 59.0 ROUTE:0 2359 2358 2357 2356 2355 2354 2353 2350 2349 2348 2347 2346 2344 2342 2341 2339 2338 365 364 362 361 6368 6366 6365 4778 8532 8531 8530 8529 8528 8527 8526 8525 8524 8522 8521 8520 8519 8517 8515 8514 8513 2250 2244 5147 5146 5145 5144 5143 5142 5141 5139 5138 5137 5136 5135 5134 10343 10342 -1 
Truck #21020 MaxCap: 20 Demand: 19.0 ROUTE:0 6369 6367 6364 6363 6361 7497 7496 7495 7494 7493 2241 2240 2239 2238 2236 2235 2234 2233 1624 -1 
Truck #21021 MaxCap: 40 Demand: 39.0 ROUTE:0 7663 7657 7655 7653 12832 12831 12830 12829 12828 12827 12826 12825 12824 12823 12822 12821 12820 2247 2242 2237 8806 8805 8804 8803 8802 8801 8800 8799 8798 8797 8796 8795 8794 8793 8792 8791 8790 6362 10341 -1 
Truck #21022 MaxCap: 20 Demand: 19.0 ROUTE:0 7662 7661 7660 7659 7658 7656 7654 7652 7651 7650 7649 7648 2252 2251 2249 2248 2246 2245 2243 -1 
Truck #21023 MaxCap: 20 Demand: 19.0 ROUTE:0 9574 9573 9572 9571 9570 9569 9567 9565 9564 9563 12287 12286 12285 4769 4768 4765 4764 4423 4422 -1 
Truck #21024 MaxCap: 20 Demand: 19.0 ROUTE:0 10348 10347 10346 10345 10344 10340 10339 9775 7511 7510 7509 7508 7507 7506 7504 7503 7501 7500 7498 -1 
Truck #21025 MaxCap: 60 Demand: 59.0 ROUTE:0 380 379 377 374 372 371 369 366 4648 4647 4646 4644 4642 4640 4638 4637 4635 4634 4633 4632 4631 4630 4629 4628 4627 6637 6628 471 470 469 468 467 466 465 11270 11269 11268 11264 11263 11260 11258 11257 6853 6843 1117 1116 1114 1113 1112 1110 1109 1108 5590 5584 5579 120 117 116 114 -1 
Truck #21026 MaxCap: 60 Demand: 59.0 ROUTE:0 381 378 1115 1111 10661 10657 10654 10645 10644 11267 11266 11265 11262 11261 11259 12484 12483 12482 12481 12480 12479 12478 12477 12476 12475 12474 12473 12472 12471 12470 12469 12468 12467 12466 12465 12464 12463 12462 4645 4643 4641 4639 4636 4626 4625 8512 8508 8503 8604 8603 8602 8601 8600 4728 4726 7230 7229 7227 11075 -1 
Truck #21027 MaxCap: 40 Demand: 39.0 ROUTE:0 5589 5588 5587 5586 5585 5583 5582 5581 5580 5578 5577 5576 5575 5574 5573 5572 5571 5570 5569 6858 6857 6856 6847 7721 7718 7715 7712 7711 7709 7707 7703 11336 10704 6646 6645 6635 6627 11117 105 -1 
Truck #21028 MaxCap: 20 Demand: 19.0 ROUTE:0 10665 10664 10663 10662 10660 10659 10658 10656 10655 10653 10652 10651 10650 10649 10648 10647 10646 10643 10642 -1 
Truck #21029 MaxCap: 20 Demand: 19.0 ROUTE:0 10710 10709 10708 10707 10706 10705 10703 11343 11342 11341 11340 11339 11338 11337 11335 11334 11333 11332 10666 -1 
Truck #21030 MaxCap: 20 Demand: 19.0 ROUTE:0 4002 4001 4000 3998 3997 3996 3995 3994 3993 3992 3991 3990 3989 3988 3987 12406 12405 12404 12403 -1 
Truck #21031 MaxCap: 20 Demand: 19.0 ROUTE:0 6849 6848 6846 6845 6844 12420 12419 12418 12417 12416 12415 12414 12413 12412 12411 12410 12409 12408 12407 -1 
Truck #21032 MaxCap: 20 Demand: 19.0 ROUTE:0 1954 1952 1951 1950 1948 1947 1943 1941 1940 1937 1936 6861 6860 6859 6855 6854 6852 6851 6850 -1 
Truck #21033 MaxCap: 20 Demand: 19.0 ROUTE:0 10416 10414 10413 346 345 344 343 342 341 340 339 123 113 112 111 110 109 108 106 -1 
Truck #21034 MaxCap: 40 Demand: 39.0 ROUTE:0 9621 9616 4021 4019 4013 4010 4008 8485 8484 8483 8482 8481 8479 7100 7099 7098 7097 7096 7095 7092 7091 7090 7087 7086 7084 7083 7082 7081 7080 7079 7078 7077 7076 122 121 119 118 115 107 -1 
Truck #21035 MaxCap: 60 Demand: 59.0 ROUTE:0 9617 7238 7237 7236 7235 7234 7233 7232 7231 7228 7226 4020 4017 4009 476 475 474 473 472 6760 7094 7093 7089 7088 7085 8480 8511 8510 8509 8507 8506 8505 8504 8502 8501 9969 4986 4985 9237 9236 9235 9234 9233 9232 9231 9230 9229 9228 9227 9226 9225 9224 9223 9222 9221 9220 4003 3960 10415 -1 
Truck #21036 MaxCap: 20 Demand: 19.0 ROUTE:0 1281 1280 1279 1278 1277 1276 3801 3799 3798 3796 3795 3793 3792 3789 3787 10756 10754 4005 4004 -1 
Truck #21037 MaxCap: 20 Demand: 19.0 ROUTE:0 5186 5185 5184 5183 5182 5181 5180 5179 5178 5177 4022 4018 4016 4015 4014 4012 4011 4007 4006 -1 
Truck #21038 MaxCap: 40 Demand: 39.0 ROUTE:0 8034 8031 8030 8026 3999 3986 5187 7107 8490 8489 8488 8487 8486 2473 6762 6759 6756 9196 9195 9194 9193 9192 9191 9190 9189 9188 9187 9186 9185 9184 9183 9182 10757 10755 4430 4426 4425 10417 10411 -1 
Truck #21039 MaxCap: 20 Demand: 19.0 ROUTE:0 9637 9636 9635 9634 9633 9632 11084 11083 11082 11081 11080 11079 11078 11077 11076 11074 5190 5189 5188 -1 
Truck #21040 MaxCap: 20 Demand: 19.0 ROUTE:0 676 675 674 673 670 6632 6631 6630 6629 6626 6625 6624 2471 2470 2469 2468 2467 2466 2465 -1 
Truck #21041 MaxCap: 20 Demand: 19.0 ROUTE:0 9631 9630 9629 9628 9627 9626 9625 9624 9623 9622 9620 9619 9618 9615 9614 9613 9612 9611 8020 -1 
Truck #21042 MaxCap: 20 Demand: 19.0 ROUTE:0 4777 4776 4774 4773 4772 4771 8037 8036 8035 8033 8032 8029 8028 8027 8025 8024 8023 8022 8021 -1 
Truck #21043 MaxCap: 20 Demand: 19.0 ROUTE:0 4743 4742 4741 4740 4737 4736 4734 4733 4732 4731 4730 4729 4727 4725 4724 4723 4722 10412 10410 -1 
Truck #21044 MaxCap: 60 Demand: 59.0 ROUTE:0 12900 12899 12898 12897 12896 12895 12894 12893 12892 12891 12890 12889 12888 5639 5638 5637 5636 5635 5634 5633 5632 5631 5630 5629 5628 5627 9075 9074 9073 9072 9071 9070 9069 9068 9067 9066 11444 11438 11903 4739 4738 4735 2320 2318 2311 2305 2304 2302 2300 4999 4992 4991 7823 7822 7821 7819 8195 8193 8187 -1 
Truck #21045 MaxCap: 20 Demand: 19.0 ROUTE:0 6765 6764 6763 4445 4444 4441 4440 4439 4438 4437 4436 4435 4434 4433 4432 4431 4429 4428 4427 -1 
Truck #21046 MaxCap: 40 Demand: 39.0 ROUTE:0 4775 4770 6783 6782 6769 6767 4443 4442 9962 9961 9132 9131 9130 9129 9128 9127 706 704 701 5814 5813 5812 5811 5810 5809 5808 5807 5806 5805 5804 5803 9469 9467 9465 10780 10775 10773 10771 10770 -1 
Truck #21047 MaxCap: 20 Demand: 19.0 ROUTE:0 817 816 813 811 810 809 808 806 9968 9967 9966 9965 9964 9963 9960 9959 9958 4447 4446 -1 
Truck #21048 MaxCap: 60 Demand: 59.0 ROUTE:0 11201 11200 11199 11198 11197 11196 11195 11194 11192 11191 11190 11189 11188 11186 11185 11183 11181 11180 11179 11178 6772 5003 5002 5001 5000 4998 4997 4996 4995 4994 4993 4990 4989 4988 4987 7816 7815 542 541 540 539 538 537 536 535 534 533 532 531 530 529 528 527 526 525 524 523 522 521 -1 
Truck #21049 MaxCap: 20 Demand: 19.0 ROUTE:0 677 11119 11118 2321 2319 2317 2316 2315 2314 2313 2312 2310 2309 2308 2307 2306 2303 2301 2299 -1 
Truck #21050 MaxCap: 20 Demand: 19.0 ROUTE:0 480 479 478 477 6785 6784 6781 6780 6779 6778 6777 6776 6775 6774 6773 6771 6770 6768 6766 -1 
Truck #21051 MaxCap: 20 Demand: 19.0 ROUTE:0 2298 2297 11096 11095 11094 11093 11092 11091 11090 11089 11088 11087 11086 11085 8198 8197 8196 8194 8192 -1 
Truck #21052 MaxCap: 20 Demand: 19.0 ROUTE:0 11122 11121 11120 6596 6595 6594 6593 6592 6590 6589 6588 6587 6583 6581 6580 10779 10778 10777 10776 -1 
Truck #21053 MaxCap: 20 Demand: 19.0 ROUTE:0 6786 9468 9464 9463 6388 6387 6386 6385 6384 7767 7766 7765 7764 7763 7762 7761 7760 7759 7758 -1 
Truck #21054 MaxCap: 60 Demand: 59.0 ROUTE:0 8288 8287 1942 1935 1934 7882 7879 7878 7876 7875 7874 7873 7872 7871 7870 7869 7868 7866 7865 7864 7862 7861 11215 11214 6597 6586 6582 5316 5315 5314 10819 10818 10817 4281 4279 4272 5477 8500 8496 8492 2172 2171 9466 7834 7833 7832 7831 7830 7829 7828 7827 7826 7825 7824 7820 7818 7817 6795 2195 -1 
Truck #21055 MaxCap: 40 Demand: 39.0 ROUTE:0 5985 5984 5983 5982 5981 5980 5979 5978 5977 351 349 1953 1949 1946 1945 1944 1939 1938 10213 4767 4766 4763 9897 12959 12958 12957 12956 12955 12954 12953 12952 12951 12950 12949 10087 10084 6797 6794 6789 -1 
Truck #21056 MaxCap: 20 Demand: 19.0 ROUTE:0 8191 8190 8189 8188 10086 10085 10083 10082 10081 10080 10079 10078 6796 6793 6792 6791 6790 6788 6787 -1 
Truck #21057 MaxCap: 20 Demand: 19.0 ROUTE:0 12793 12792 12791 12790 12789 12788 12787 12786 12785 12784 12783 12782 12781 12780 12779 12778 12777 12776 12775 -1 
Truck #21058 MaxCap: 20 Demand: 19.0 ROUTE:0 7720 7719 7717 7716 7714 7713 6021 6020 10354 10353 10352 10351 10350 10077 10076 12797 12796 12795 12794 -1 
Truck #21059 MaxCap: 20 Demand: 19.0 ROUTE:0 10774 10772 10769 10768 10767 10766 10765 10764 10763 10762 10761 10760 10759 10758 353 352 350 348 347 -1 
Truck #21060 MaxCap: 20 Demand: 19.0 ROUTE:0 7710 7708 7706 7705 7704 7702 7701 7700 7699 7698 7697 1077 1076 1075 1074 10206 10205 10204 10203 -1 
Truck #21061 MaxCap: 60 Demand: 59.0 ROUTE:0 8289 8286 7881 7880 7877 7867 7863 2745 5642 5641 5640 11974 11971 5993 5992 5991 5990 5989 5988 5987 5986 8563 1572 1571 1570 1569 1568 1567 1566 1565 1564 1563 1562 1561 1560 1559 1558 1557 1556 1555 5173 5168 12425 12424 12423 12422 12421 5747 5746 5745 5744 5743 5742 5741 5740 5739 5738 11878 11877 -1 
Truck #21062 MaxCap: 20 Demand: 19.0 ROUTE:0 11446 11445 11443 11442 11441 11440 11439 11437 11436 11435 11434 11433 10214 10212 10211 10210 10209 10208 10207 -1 
Truck #21063 MaxCap: 40 Demand: 39.0 ROUTE:0 8015 8013 8004 8002 7999 7993 11216 11213 11212 11211 11210 11209 11208 11207 11206 11205 11204 11203 11202 12513 12512 12511 12510 12509 12508 12507 12506 4291 4289 4287 4273 6591 6585 6584 2203 2201 2196 2190 2185 -1 
Truck #21064 MaxCap: 20 Demand: 19.0 ROUTE:0 10108 10106 10105 10104 10103 10102 10099 10098 10095 10094 10093 10091 10088 4387 4386 4385 4384 4383 4382 -1 
Truck #21065 MaxCap: 20 Demand: 19.0 ROUTE:0 10054 10053 10052 10074 10073 10072 10071 10070 10068 10067 10066 10064 10062 10061 10060 10059 10057 10055 2204 -1 
Truck #21066 MaxCap: 20 Demand: 19.0 ROUTE:0 9910 9908 9907 9906 9904 11976 11975 11973 11972 11970 11969 11968 11967 11966 11965 11964 11963 11962 11961 -1 
Truck #21067 MaxCap: 40 Demand: 39.0 ROUTE:0 3800 3794 3791 3790 10026 10023 10011 12185 12184 12183 12182 4884 4882 654 8499 8498 8497 5494 5493 5492 5491 5490 5488 5487 5486 5485 5484 5483 5482 5481 5480 5479 5476 5475 815 814 812 807 805 -1 
Truck #21068 MaxCap: 20 Demand: 19.0 ROUTE:0 7106 7105 7104 7103 7102 7101 1073 1072 653 652 651 650 649 648 647 646 645 644 6085 -1 
Truck #21069 MaxCap: 60 Demand: 59.0 ROUTE:0 2746 2744 2743 2742 2741 11174 11172 11167 11166 11160 11157 9638 3797 3788 5489 5478 10028 10027 12181 9914 9909 9903 7901 7894 7892 9996 9995 10166 4892 6193 6187 12460 12459 12458 12457 12456 12455 12454 12453 12452 12451 12450 12449 12448 1661 1660 1659 10075 10065 10063 11881 11880 11879 5547 5545 5543 5542 5541 5540 -1 
Truck #21070 MaxCap: 20 Demand: 19.0 ROUTE:0 4290 4288 4286 4285 4284 4283 4282 4280 4278 4277 4276 4275 4274 4271 4270 10014 10013 10012 10010 -1 
Truck #21071 MaxCap: 20 Demand: 19.0 ROUTE:0 4880 4879 4878 4877 10033 10032 10031 10030 10029 10025 10024 10022 10021 10020 10019 10018 10017 10016 10015 -1 
Truck #21072 MaxCap: 20 Demand: 19.0 ROUTE:0 7757 7756 7755 7754 7753 7752 7751 7750 7749 7748 7747 7746 4891 4889 4888 4886 4885 4883 4881 -1 
Truck #21073 MaxCap: 40 Demand: 39.0 ROUTE:0 672 671 8495 8494 8493 8491 665 664 7904 7903 7902 7900 7899 7898 7897 7896 7895 7893 7891 7890 4890 4887 9917 9905 11177 11176 11175 11173 11171 11170 11169 11168 11165 11164 11163 11162 11161 11159 11158 -1 
Truck #21074 MaxCap: 20 Demand: 19.0 ROUTE:0 6761 6758 6757 6755 6754 6753 705 703 702 9922 9921 9920 9919 9918 9916 9915 9913 9912 9911 -1 
Truck #21075 MaxCap: 20 Demand: 19.0 ROUTE:0 12550 12549 12548 669 668 667 666 663 12561 12560 12559 12558 12557 12556 12555 12554 12553 12552 12551 -1 
Truck #21076 MaxCap: 20 Demand: 19.0 ROUTE:0 873 5106 5105 5104 5103 8014 8012 8011 8010 8009 8008 8007 8006 8005 8003 8001 8000 7998 7997 -1 
Truck #21077 MaxCap: 40 Demand: 39.0 ROUTE:0 1411 1409 1408 1405 1398 1390 10069 10058 10056 5763 5762 5761 5760 4905 4904 4903 4902 4901 4900 4899 4898 4897 4896 4895 4894 4893 906 905 10005 10000 9992 1474 1471 1470 6194 6190 6189 6183 8016 -1 
Truck #21078 MaxCap: 20 Demand: 19.0 ROUTE:0 8565 8564 8562 8561 8560 8559 8558 8557 8556 8555 1466 1465 1464 1463 1462 6196 6195 6192 6191 -1 
Truck #21079 MaxCap: 20 Demand: 19.0 ROUTE:0 12438 12437 12436 12435 12434 12433 12432 12431 12430 12429 12428 12427 12426 1475 1473 1472 1469 1468 1467 -1 
Truck #21080 MaxCap: 60 Demand: 59.0 ROUTE:0 5546 5544 6940 1290 1288 1283 9181 9180 9179 9178 9177 9176 9175 9174 9173 9172 9171 9170 9169 10798 10797 10787 5338 5337 5319 11069 11064 11059 11054 11053 11052 11049 8894 8893 8892 8891 8890 8889 8888 8887 8886 8885 8884 8883 8882 8881 8880 8879 8878 8877 8876 8875 3617 3616 10980 10982 10983 10958 1010 -1 
Truck #21081 MaxCap: 20 Demand: 19.0 ROUTE:0 7996 7995 7994 6941 6939 6938 6937 6936 6935 6934 6933 6932 6931 6930 1410 1407 1406 1404 1403 -1 
Truck #21082 MaxCap: 20 Demand: 19.0 ROUTE:0 6058 6057 6056 6648 6647 6644 6643 6642 6641 6640 6639 6638 6636 6634 6633 1460 1459 1458 1457 -1 
Truck #21083 MaxCap: 20 Demand: 19.0 ROUTE:0 910 909 908 907 904 903 902 901 900 899 898 897 896 895 894 893 1461 10164 10163 -1 
Truck #21084 MaxCap: 20 Demand: 19.0 ROUTE:0 6091 6090 6089 6088 6087 6086 10008 10007 10006 10004 10003 10002 9999 9998 9997 9994 9993 9991 10165 -1 
Truck #21085 MaxCap: 60 Demand: 59.0 ROUTE:0 12837 12836 12835 12834 12833 12813 12812 12811 12810 12809 12808 12807 12806 12805 12804 12803 12802 12801 12800 12799 12798 10100 10097 10096 10092 12645 12644 12643 12642 12641 12640 12639 12638 12637 10009 10001 1800 1799 1798 1797 1796 1795 1794 1793 1792 1791 1790 1789 1788 1787 1786 1785 1784 1783 1782 1781 1780 1779 1778 -1 
Truck #21086 MaxCap: 40 Demand: 39.0 ROUTE:0 10107 10101 10090 10089 5772 5771 5770 5769 5768 5767 5766 5765 5764 994 993 11413 11412 11411 11410 11408 11407 11406 11405 11404 11402 11401 11399 11398 11395 11394 11254 11253 2394 2392 2391 2390 2389 6313 6307 -1 
Truck #21087 MaxCap: 20 Demand: 19.0 ROUTE:0 847 846 844 9610 9609 9608 9606 9605 9603 9602 9601 9599 9598 1289 1287 1286 1285 1284 1282 -1 
Truck #21088 MaxCap: 20 Demand: 19.0 ROUTE:0 2202 2200 2199 2198 2197 2194 2193 2192 2191 2189 2188 2187 2186 6312 6311 6310 6308 6306 6305 -1 
Truck #21089 MaxCap: 60 Demand: 59.0 ROUTE:0 2178 7195 7194 5339 5336 5335 5334 5333 5332 5331 5330 5329 5328 5327 5326 5325 5324 5323 5322 5321 5320 5318 5317 3501 3500 3499 3498 3497 3496 3495 3494 3493 3492 3491 3490 3489 3488 3487 3486 3485 3484 3483 3482 3481 3480 4624 4623 4621 4618 4617 4615 11409 11403 11400 11397 11396 7811 7804 6309 -1 
Truck #21090 MaxCap: 20 Demand: 19.0 ROUTE:0 6188 6186 6185 6184 6182 11252 11251 11250 11249 12120 2398 2397 2396 2395 2393 2388 2387 2386 2385 -1 
Truck #21091 MaxCap: 40 Demand: 39.0 ROUTE:0 5102 5099 12119 774 772 771 770 765 11349 11348 11347 11346 11345 11344 7814 7813 7812 7810 7809 7808 7807 7806 7805 7803 7802 7801 7800 1769 1768 1767 1766 1765 1764 1763 1762 1761 1760 1759 1758 -1 
Truck #21092 MaxCap: 20 Demand: 19.0 ROUTE:0 2181 2179 2176 2175 2174 2173 11072 11071 11070 11068 11067 11066 11065 11063 11062 11061 11060 11058 11057 -1 
Truck #21093 MaxCap: 20 Demand: 19.0 ROUTE:0 1301 1300 1299 1298 1296 782 781 780 779 778 777 776 775 773 769 768 767 766 764 -1 
Truck #21094 MaxCap: 40 Demand: 39.0 ROUTE:0 2325 7201 7200 7199 7198 7197 7196 7193 7192 7191 1270 1269 1268 1267 1266 1265 868 867 865 864 858 11428 10678 10670 10669 10667 2184 2183 2182 2180 2177 1777 1776 1775 1774 1773 1772 1771 1770 -1 
Truck #21095 MaxCap: 20 Demand: 19.0 ROUTE:0 10785 10784 10783 10782 10781 11432 11431 11430 11429 10680 10679 10677 10676 10675 10674 10673 10672 10671 10668 -1 
Truck #21096 MaxCap: 20 Demand: 19.0 ROUTE:0 1305 1304 1303 1302 9595 9594 9592 9591 9590 9589 9588 9587 9586 9585 9584 9583 2324 2323 2322 -1 
Truck #21097 MaxCap: 20 Demand: 19.0 ROUTE:0 1633 1632 1631 1630 1629 1628 1627 1626 1625 872 871 870 869 862 861 859 857 856 1373 -1 
Truck #21098 MaxCap: 60 Demand: 59.0 ROUTE:0 424 422 416 415 414 2090 9607 9604 9600 1273 1264 866 863 860 2612 2611 2610 2608 2607 2605 2603 2602 2601 2599 10396 10393 852 842 8222 8221 8220 8218 8216 8215 8214 8213 8212 8208 8207 8206 8205 8204 8203 8202 8201 8199 1095 1093 1092 1090 10467 10462 10454 10453 4582 4578 4576 5682 5681 -1 
Truck #21099 MaxCap: 20 Demand: 19.0 ROUTE:0 1456 1455 1453 1452 1450 1449 1447 1446 1445 1444 1443 1442 1379 1378 1377 1376 1375 1374 9597 -1 
Truck #21101 MaxCap: 40 Demand: 39.0 ROUTE:0 10466 10465 10464 10463 10461 10460 10459 10458 10457 10456 10455 10452 10451 10450 10449 10397 10392 848 845 843 7206 7203 1275 1274 1272 1271 9596 2096 2093 428 427 426 425 423 421 420 419 418 417 -1 
Truck #21102 MaxCap: 20 Demand: 19.0 ROUTE:0 7213 7212 7211 7210 7209 7208 7207 7205 7204 7202 12302 12298 12296 12295 12294 12292 12291 12290 12289 -1 
Truck #21103 MaxCap: 20 Demand: 19.0 ROUTE:0 3014 3013 3011 3010 3009 3008 2099 2098 2097 2095 2094 2092 2091 2089 2088 2087 2086 12304 12303 -1 
Truck #21104 MaxCap: 20 Demand: 19.0 ROUTE:0 1402 1401 1400 1399 1397 1396 1395 1394 1393 1392 1391 1389 1388 3016 3015 10313 10312 10311 10310 -1 
Truck #21105 MaxCap: 60 Demand: 59.0 ROUTE:0 12505 10949 10953 10955 4343 949 955 963 12079 12081 12082 12085 12301 12300 12299 12297 12293 2609 2606 2604 2600 4622 4620 4619 4616 5994 5802 5801 5800 5799 5798 5797 5796 5795 5794 5793 5792 5791 5790 5789 5788 5787 1297 8219 8217 8211 8210 8209 8200 1345 1343 1341 1338 1324 1323 9423 9422 10811 10801 -1 
Truck #21106 MaxCap: 20 Demand: 19.0 ROUTE:0 10409 10408 10407 10406 10405 10403 10402 10401 10400 10399 10395 10394 855 854 853 851 850 849 1325 -1 
Truck #21107 MaxCap: 40 Demand: 39.0 ROUTE:0 9984 9982 9979 9972 9971 10295 10404 10398 1096 1094 1091 1089 1088 1087 1086 1085 1084 1083 1082 1081 1080 1079 1078 11028 11027 11026 11023 4588 4587 4586 4585 4584 4583 4581 4580 4579 4577 4575 4574 -1 
Truck #21108 MaxCap: 20 Demand: 19.0 ROUTE:0 10294 1347 1346 1344 1342 1340 1339 1337 1336 1335 1334 1333 1332 1331 1330 1329 1328 1327 1326 -1 
Truck #21110 MaxCap: 20 Demand: 19.0 ROUTE:0 11029 11025 11024 11022 11021 11020 11019 11018 11017 11016 11015 10303 10302 10301 10300 10299 10298 10297 10296 -1 
Truck #21111 MaxCap: 20 Demand: 19.0 ROUTE:0 11056 11055 11051 11050 11048 10816 10815 10814 10813 10812 10810 10809 10808 10807 10806 10805 10804 10803 10802 -1 
Truck #21112 MaxCap: 20 Demand: 19.0 ROUTE:0 9902 9901 9900 9899 4347 4346 4345 4344 9990 9989 9988 9986 9981 9978 9976 9975 9974 9973 9970 -1 
Truck #21113 MaxCap: 40 Demand: 32.0 ROUTE:0 11378 11377 11375 11374 11372 1540 11007 11006 11005 11004 11003 11002 11001 11000 10999 10998 10996 10995 10994 10993 10992 10991 10990 12282 9898 9593 11012 11011 11010 11009 11008 9987 -1 
Truck #21887 MaxCap: 100 Demand: 88.0 ROUTE:0 5683 5684 5685 5686 5687 5688 5689 5690 5691 5692 5693 5694 5695 5696 5697 5698 1654 1655 1656 1657 1658 10972 10973 10974 10975 10976 10977 10978 10979 10981 9977 9980 9983 9985 12077 12078 12080 12083 12084 12086 12087 12088 12089 12090 12091 12092 10947 10948 10950 10951 10952 10954 10956 10957 10959 10960 11641 550 10134 10136 4746 10042 11553 11554 11555 11557 11559 11561 11563 11564 11565 11566 6102 6103 6104 6105 6106 6107 6108 6109 6110 6111 6112 6113 6114 6115 6116 6117 -1 
Truck #22692 MaxCap: 100 Demand: 79.0 ROUTE:0 1448 1451 1454 3012 3017 3618 3619 3620 3621 3622 3623 3624 3625 3626 3627 3628 3629 3630 3631 3632 3633 3634 3635 3636 3637 3638 9414 9415 9416 9417 9418 9419 9420 9421 11552 11556 11558 11560 11562 11567 8334 12205 11642 12488 12489 12490 12491 12492 12493 12494 12495 12496 12497 12498 12499 12500 12501 12502 12503 12504 9114 9115 9116 9117 9118 9119 9120 9121 9122 9123 9124 9125 9126 12127 12128 10682 10684 10686 10687 -1 
Truck #28699 MaxCap: 40 Demand: 34.0 ROUTE:0 11123 11124 11126 11127 11129 11130 11131 11132 11133 11134 11135 11136 11137 11138 11139 3936 3938 3940 3941 3942 3943 3944 3946 3950 12035 12037 12038 12039 12040 12041 12042 12043 12044 12046 -1 


Inital Solution 0 changes  totQ=12994.00 totD=71719.36 $15918.42
Local One Opt 290 changes  totQ=12994.00 totD=71415.90 $15892.29
Local Two Opt 110 changes  totQ=12994.00 totD=71381.42 $15890.10
Local Three Opt 10 changes  totQ=12994.00 totD=71366.33 $15887.95
K-Two Forward 0 changes  totQ=12994.00 totD=71366.33 $15887.95
K-Two Reverse 0 changes  totQ=12994.00 totD=71366.33 $15887.95
K-Three Forward 1 changes  totQ=12994.00 totD=71366.32 $15887.95
K-Three Reverse 1 changes  totQ=12994.00 totD=71366.20 $15887.94
Exchange 01 8 changes  totQ=12994.00 totD=71275.37 $15883.71
Exchange 01 0 changes  totQ=12994.00 totD=71275.37 $15883.71
Exchange 11 292 changes  totQ=12994.00 totD=68066.12 $15818.37
Exchange 02 2 changes  totQ=12994.00 totD=68004.61 $15814.68
Exchange 20 0 changes  totQ=12994.00 totD=68004.61 $15814.68
Exchange 12 69 changes  totQ=12994.00 totD=67268.95 $15793.96
Exchange 21 0 changes  totQ=12994.00 totD=67268.95 $15793.96
Exchange 22 0 changes  totQ=12994.00 totD=67268.95 $15793.96
Combination 1 changes  totQ=12994.00 totD=67268.95 $15793.96
Reduction 0 changes  totQ=12994.00 totD=67233.35 $15777.78
Reallocation 0 changes  totQ=12994.00 totD=67233.35 $15777.78
Relax/Combine 2 changes  totQ=12994.00 totD=67251.05 $15768.05
Sharing 0 changes  totQ=12994.00 totD=67251.05 $15768.05
Relax/Share 0 changes  totQ=12994.00 totD=67251.05 $15768.05
