File: pr12 Num Depots: 1 Num Pick Up Points: 710 Num Trucks: 10Processing Time: 6715 seconds
Total Demand = 9342.00| Total Distance = 49108.92| Total Travel Time = 36831.69| Total Cost = $11521.85|

Truck #69034 MaxCap: 20 Demand: 19.0 ROUTE:0 8067 8066 8065 8064 6220 6219 6218 6217 6215 6214 6213 6211 6206 6203 6202 6200 6724 6722 6721 -1 
Truck #69035 MaxCap: 40 Demand: 39.0 ROUTE:0 8086 8085 8082 8081 8080 8079 8078 8075 8073 8072 8070 8069 824 823 822 821 820 819 818 817 816 815 814 813 812 811 810 809 808 807 806 805 804 803 802 1570 1569 1568 1566 -1 
Truck #69036 MaxCap: 60 Demand: 59.0 ROUTE:0 8254 8253 1408 1406 1405 1404 1365 1364 1363 1360 1359 1357 1356 1355 1353 1351 1350 262 261 256 255 254 248 247 244 1579 1578 1577 1576 1575 1574 1573 1571 4349 4348 4347 4346 4345 4344 4343 4341 4340 4339 4336 4335 4334 4333 4332 4330 58 56 55 54 52 48 45 44 39 38 -1 
Truck #69037 MaxCap: 40 Demand: 39.0 ROUTE:0 5716 1572 1567 259 258 257 253 252 250 249 246 245 2957 2956 2955 2954 2953 2952 2951 2950 2949 2948 2947 1755 1754 1753 6221 6216 6212 6210 6209 6208 6207 6205 6204 6199 6198 6197 8074 -1 
Truck #69038 MaxCap: 80 Demand: 73.0 ROUTE:0 5059 5058 5057 5056 5055 5054 5053 5052 8268 60 59 51 50 47 46 43 42 41 40 199 6192 6190 6187 6186 6184 6181 4342 7000 6999 6998 6997 6994 6992 6991 4452 4451 1412 1411 1410 1409 264 263 260 1361 1358 1354 1352 7584 7583 7582 7581 7580 7579 7578 7577 7575 7574 7573 7572 7571 7570 7568 7567 7566 7564 7563 6619 6617 6612 6610 6609 6608 6606 -1 
Truck #69039 MaxCap: 120 Demand: 104.0 ROUTE:0 1208 1207 1205 1201 1197 1196 1195 1191 1189 1188 1187 1186 3719 5771 5768 5767 5766 5764 5763 5762 5756 3586 3583 3581 762 4094 4093 4092 4091 4089 4088 4087 4086 4085 4083 4082 4081 5926 5924 5923 5922 5921 5919 5917 5914 5913 5912 5906 7663 7662 7660 7659 7657 7655 7653 7652 7651 7650 7648 9273 9272 9271 9270 9269 654 541 540 539 538 537 6003 6001 6000 5999 5996 5994 5992 5991 219 217 216 214 213 212 210 207 203 6264 6263 1337 1335 227 222 221 6514 6512 6510 6509 6505 6502 6501 6498 6491 313 -1 
Truck #69041 MaxCap: 100 Demand: 92.0 ROUTE:0 3477 6513 6504 6496 6493 7447 7445 7444 7443 218 201 6004 5988 5987 6964 6963 6962 6961 6960 6959 6957 6956 6954 6953 6952 6951 6950 6949 6948 6947 6946 6945 6944 535 531 7569 1 281 277 267 266 4084 8390 5918 5915 7656 8482 8481 8480 8479 8478 8477 8476 8475 8474 8473 8472 8471 8470 8469 8468 8467 8466 8465 8464 8463 8462 8461 8460 19 4 558 556 555 7196 7194 7193 7192 7191 7190 7189 7188 7187 7186 7184 7183 7178 7177 7176 7175 7174 1198 -1 
Truck #69042 MaxCap: 160 Demand: 159.0 ROUTE:0 7338 118 117 113 108 8252 8251 8250 8248 8247 8246 8245 8244 8243 8242 8241 8240 8239 8238 8237 8234 8233 5978 6014 8655 8654 8653 8652 8651 8650 8649 8648 8647 8646 7197 3560 3553 3551 7282 8158 8157 8156 8154 8153 8152 8151 8150 8149 6044 6037 3444 8355 4823 4815 4814 1164 6125 6119 6115 6112 6110 319 2392 2390 2389 2388 2387 2386 2384 2383 2382 2381 2377 2375 2373 2372 2371 2370 6030 6029 6021 634 633 632 631 630 627 625 624 2200 2199 3284 3281 3271 3031 6781 2024 2023 2022 2021 2020 2019 36 30 1775 1774 1773 1772 1771 1770 1769 1768 6657 6656 6655 6654 6653 6652 6651 6650 6649 6647 7810 7809 7807 7031 7030 7029 7028 7026 7025 7024 7023 7020 7019 7018 7016 96 94 86 85 3988 3987 3986 3985 3984 3983 3982 3981 3980 635 7466 7397 7393 7391 7389 7388 7387 1382 -1 
Truck #69043 MaxCap: 60 Demand: 59.0 ROUTE:0 9299 9298 9297 9296 9295 9294 9293 9292 9291 9290 9289 9288 9287 9286 9285 9284 9283 9282 9281 9280 9279 9278 9277 9276 2254 2253 2252 2251 2250 2249 536 532 6958 7152 7151 7149 7146 7145 7144 7143 7142 7140 7138 7137 7136 7135 7134 7133 7576 7565 7562 7561 1752 1751 7932 4453 7001 1796 7925 -1 
Truck #69044 MaxCap: 100 Demand: 99.0 ROUTE:0 7448 7661 7658 7654 7649 7153 4090 2391 2380 2379 2376 2374 7647 7646 7645 7644 7643 7642 7639 7638 7636 7635 7634 7633 1877 1876 1875 1873 1872 1871 1869 1868 1867 1866 1864 1863 1861 1860 1859 1858 1857 1856 2369 2368 2367 2366 2365 2364 2363 2362 2361 2360 2359 2357 2356 2355 2354 2353 8155 7283 7278 8172 562 8171 8170 8169 8168 8167 8166 8165 8163 8162 8161 8160 7195 7181 7179 6711 6700 6696 7531 7021 7017 7808 2018 6648 913 912 911 910 909 908 8249 8236 1878 7394 7343 7327 7319 -1 
Truck #69045 MaxCap: 160 Demand: 159.0 ROUTE:0 998 997 996 995 994 993 992 991 990 989 988 987 986 985 984 983 375 8916 8915 8914 8913 8912 8911 8910 8909 8908 8907 8906 8905 2157 2156 2155 2154 2153 2152 2151 2150 2149 2148 2147 2145 415 4676 4668 8418 8417 8416 8415 8414 8413 8412 8411 8410 8409 8408 8407 8406 8405 8403 8402 8400 8398 8397 8396 8395 7607 1807 4071 4068 694 693 679 2204 504 495 2303 2301 2300 2299 2298 2297 2294 2293 2292 2291 2290 2289 2288 7012 7011 7010 2784 2783 2782 2781 2780 2779 2778 2777 2776 2775 2774 2773 2772 2771 2322 2319 2318 2317 2316 2315 2314 2313 2312 2311 2310 2308 2307 2306 2304 6784 6772 6770 1779 6852 6849 2631 2630 2629 2628 2627 2626 2625 2624 2623 2622 2621 2620 2619 7468 7463 2143 2142 2139 2138 2136 2135 2134 2133 2132 2130 2129 2128 2126 2125 2124 2123 2122 2121 -1 
Truck #69046 MaxCap: 20 Demand: 19.0 ROUTE:0 9225 9224 9223 9222 9221 7446 6955 7148 7141 8612 8611 8610 8609 8608 8607 8606 8605 7951 7948 -1 
Truck #69047 MaxCap: 40 Demand: 39.0 ROUTE:0 7398 7396 7395 7392 7390 8235 8215 8214 7027 7022 982 981 980 979 978 977 976 975 974 973 972 971 1874 1865 629 628 626 7640 2385 2378 8139 8130 8164 7185 7182 7180 7893 7415 7413 -1 
Truck #69048 MaxCap: 60 Demand: 59.0 ROUTE:0 2144 2141 2140 2131 1602 2618 2617 2616 2615 2614 2613 2612 2611 2610 2609 2608 2607 2606 2605 2604 2603 2602 1760 2323 2321 2320 5051 5050 5049 5048 5047 5046 5045 5044 5043 5042 5041 5040 5039 5038 5037 5036 5035 5034 5033 5032 5031 2296 499 1803 1802 1800 7618 8404 8401 4673 1713 1705 3871 -1 
Truck #69049 MaxCap: 40 Demand: 32.0 ROUTE:0 8272 8256 658 657 653 646 4127 490 485 475 7150 7147 7139 622 618 8147 764 890 889 888 887 886 885 884 883 8159 8212 8207 7889 3718 3717 549 -1 
Truck #69050 MaxCap: 80 Demand: 79.0 ROUTE:0 2302 2295 2287 2286 1765 2358 7641 7637 8381 8380 8952 8951 8950 8949 8948 8947 8946 8945 8944 8943 8942 8941 8940 8939 8938 8937 8936 8935 8934 8933 8932 8931 8930 7039 7035 907 906 905 904 903 902 901 900 899 898 897 896 895 894 893 892 891 6752 6738 8218 2546 2545 2544 2543 2542 2541 2540 2539 2538 2537 2536 2535 2534 2533 2532 2531 2530 2529 2528 2527 2526 2525 2524 2523 -1 
Truck #69051 MaxCap: 120 Demand: 100.0 ROUTE:0 2137 2127 2182 5193 5192 5191 5190 5189 5188 5187 5186 5185 5184 5183 299 296 294 293 291 308 1870 1862 757 2309 2305 2337 2716 2715 2714 2713 2712 2711 2710 2709 2708 2707 2706 2705 2704 2703 2702 2701 2700 2699 5231 5230 5229 5228 5227 5226 5225 5224 1636 1629 1621 1931 7105 7102 7098 4618 4174 4168 4458 368 359 357 354 8399 7232 7231 1718 1712 4860 3872 2159 2146 5449 5448 5447 5446 5445 5444 5443 5442 5441 5440 5439 5438 5437 5436 5435 5434 5433 5432 5431 4882 8715 8714 8713 8712 -1 
Truck #69052 MaxCap: 20 Demand: 19.0 ROUTE:0 3476 8271 8270 8269 8267 8266 8265 8264 8263 8262 8261 8260 8259 8258 8257 8255 6180 6179 6178 -1 
Truck #69053 MaxCap: 20 Demand: 19.0 ROUTE:0 2831 2830 2829 2828 2827 2826 2825 2824 2823 2822 2821 6194 6193 6189 6185 6183 6182 9251 9250 -1 
Truck #69054 MaxCap: 20 Demand: 19.0 ROUTE:0 312 311 9268 9267 9266 9265 9264 9263 9262 9261 9260 9259 9258 9257 9256 9255 9254 9253 9252 -1 
Truck #69055 MaxCap: 20 Demand: 19.0 ROUTE:0 6616 6615 6614 6613 6611 6605 2 4136 4135 4134 4133 4132 4131 4130 4129 1513 7931 7930 7929 -1 
Truck #69056 MaxCap: 20 Demand: 19.0 ROUTE:0 3227 3226 3225 3224 3223 3222 3220 3219 3218 650 649 648 647 645 644 643 642 641 6618 -1 
Truck #69057 MaxCap: 20 Demand: 19.0 ROUTE:0 492 489 488 487 486 484 483 481 480 478 477 476 474 6500 6499 6497 6495 6494 6492 -1 
Truck #69058 MaxCap: 20 Demand: 19.0 ROUTE:0 211 209 208 206 205 204 202 200 6266 6265 6262 1338 1336 1334 6511 6508 6507 6506 6503 -1 
Truck #69059 MaxCap: 20 Demand: 19.0 ROUTE:0 623 621 620 619 617 616 615 614 613 6005 6002 5998 5997 5995 5993 5990 5989 5986 215 -1 
Truck #69060 MaxCap: 20 Demand: 19.0 ROUTE:0 656 655 652 651 4128 4126 286 284 279 278 274 273 271 268 265 226 224 223 220 -1 
Truck #69061 MaxCap: 20 Demand: 19.0 ROUTE:0 8386 8385 8394 8393 8392 8391 8389 8388 8387 5925 5920 5916 5911 5910 5909 5908 5907 5715 5714 -1 
Truck #69062 MaxCap: 20 Demand: 19.0 ROUTE:0 8146 8145 8144 8143 8142 8141 8140 8138 8137 8136 8135 8134 8133 8132 8131 8129 8128 8127 8126 -1 
Truck #69063 MaxCap: 20 Demand: 19.0 ROUTE:0 8220 7899 7898 7897 7896 7895 7894 7892 7891 7890 7888 7887 7886 7885 7884 7883 7882 7881 7880 -1 
Truck #69064 MaxCap: 20 Demand: 19.0 ROUTE:0 8833 8832 8831 8830 8829 8828 8827 3592 3591 3590 3589 3588 3585 3584 3582 7903 7902 7901 7900 -1 
Truck #69065 MaxCap: 20 Demand: 19.0 ROUTE:0 5770 5769 5765 5761 5760 5759 5758 5757 5755 5754 8842 8841 8840 8839 8838 8837 8836 8835 8834 -1 
Truck #69066 MaxCap: 20 Demand: 19.0 ROUTE:0 1206 1204 1203 1202 1200 1199 1194 1193 1192 1190 3725 3724 3723 3722 3721 3720 3716 760 759 -1 
Truck #69067 MaxCap: 20 Demand: 19.0 ROUTE:0 3567 3566 3565 3561 3558 3557 3556 3554 3549 3546 3545 607 606 605 8199 8198 8197 8196 8195 -1 
Truck #69068 MaxCap: 20 Demand: 19.0 ROUTE:0 122 121 114 112 109 106 105 103 8213 8211 8210 8208 8206 8205 8204 8203 8202 8201 8200 -1 
Truck #69069 MaxCap: 40 Demand: 39.0 ROUTE:0 2500 2499 2498 2497 2496 6710 6709 6708 6707 6706 6705 6704 6703 6702 6701 6699 6698 6697 6695 6694 6693 21 20 12 11 8 6 5 7045 7044 7033 561 560 559 557 554 7436 7421 8209 -1 
Truck #69070 MaxCap: 20 Demand: 19.0 ROUTE:0 8148 7048 7047 7046 7043 7042 7041 7040 7038 7037 7036 7034 7437 7435 7434 7433 7432 7431 7430 -1 
Truck #69071 MaxCap: 20 Demand: 19.0 ROUTE:0 7417 7416 7414 7412 27 26 25 24 23 22 18 17 16 15 14 13 10 9 7 -1 
Truck #69072 MaxCap: 20 Demand: 19.0 ROUTE:0 553 552 551 550 548 547 546 545 544 543 542 5387 5386 5385 5384 5383 7420 7419 7418 -1 
Truck #69073 MaxCap: 40 Demand: 39.0 ROUTE:0 8847 8846 8845 8844 8843 8175 8174 8173 8604 8603 8602 8601 8600 8599 8598 8597 8596 8595 8594 8593 8592 8591 8590 8517 8516 8515 8514 8513 8512 8511 8510 8509 8508 8507 8506 8505 6749 6747 6746 -1 
Truck #69074 MaxCap: 20 Demand: 19.0 ROUTE:0 8219 8217 8216 6757 6756 6755 6754 6753 6751 6750 6748 6745 6744 6743 6742 6741 6740 6739 5388 -1 
Truck #69075 MaxCap: 40 Demand: 39.0 ROUTE:0 3564 3563 3562 3559 3555 3552 3550 3548 3547 1166 1163 1162 1160 1157 1155 1154 1150 1148 1146 6126 6121 6117 6114 6113 6111 6109 6108 8374 8373 322 320 315 8522 8521 8520 8519 8518 5977 5973 -1 
Truck #69076 MaxCap: 20 Demand: 19.0 ROUTE:0 6122 6120 6118 6116 325 324 323 321 318 317 316 314 3 5980 5979 5976 5975 5974 5972 -1 
Truck #69077 MaxCap: 20 Demand: 19.0 ROUTE:0 8379 8378 8377 8376 8375 8372 8371 8370 8369 8368 8367 8366 6131 6130 6129 6128 6127 6124 6123 -1 
Truck #69078 MaxCap: 20 Demand: 19.0 ROUTE:0 1165 1161 1159 1158 1156 1153 1152 1151 1149 1147 8384 8383 8382 6015 6012 6010 6009 6007 6006 -1 
Truck #69079 MaxCap: 20 Demand: 19.0 ROUTE:0 6019 6018 6017 4818 4817 4816 4813 4812 4811 4810 4809 4808 4807 4806 4805 4804 4803 4802 4801 -1 
Truck #69080 MaxCap: 20 Demand: 19.0 ROUTE:0 776 775 774 773 772 771 770 769 768 767 766 765 763 761 4824 4822 4821 4820 4819 -1 
Truck #69081 MaxCap: 40 Demand: 39.0 ROUTE:0 6016 6013 6011 6008 82 81 7532 7530 123 120 119 116 115 111 110 107 104 102 7342 7341 7340 7339 7337 7336 7335 7334 7333 7332 7331 7330 7329 7328 7326 7325 7324 7323 7322 7321 7320 -1 
Truck #69082 MaxCap: 20 Demand: 19.0 ROUTE:0 7429 7428 7427 7426 7425 7424 7423 7422 612 611 610 609 608 98 97 92 91 89 84 -1 
Truck #69083 MaxCap: 40 Demand: 39.0 ROUTE:0 6035 6028 6020 8365 8364 8363 8362 8361 8360 8359 8358 8357 8356 8354 8353 8352 8351 8350 7289 7288 7287 7286 7285 7284 7281 7280 7279 7277 7276 7275 7696 7695 99 95 93 90 88 87 83 -1 
Truck #69084 MaxCap: 20 Demand: 19.0 ROUTE:0 101 100 6027 6026 6025 6024 6023 6022 6055 6053 6052 6051 6047 6046 6045 6041 6040 6039 6036 -1 
Truck #69085 MaxCap: 40 Demand: 39.0 ROUTE:0 948 947 946 945 954 953 952 951 950 949 3466 3465 3464 3463 3460 3282 3280 3276 3275 3274 3270 3268 290 288 3449 3442 3441 6054 6050 6049 6048 6043 6042 6038 640 639 638 637 636 -1 
Truck #69086 MaxCap: 20 Demand: 19.0 ROUTE:0 3445 3443 310 309 307 306 305 304 303 302 301 300 298 297 295 292 289 287 6056 -1 
Truck #69087 MaxCap: 20 Demand: 19.0 ROUTE:0 4052 758 756 755 3263 2202 2201 2198 2197 3448 3447 3446 3468 3467 3462 3461 3459 3458 3457 -1 
Truck #69088 MaxCap: 20 Demand: 19.0 ROUTE:0 1601 1600 1599 1598 1597 1596 1595 3285 3283 3279 3278 3277 3273 3272 3269 3267 3266 3265 3264 -1 
Truck #69089 MaxCap: 40 Demand: 39.0 ROUTE:0 7472 7471 7470 7469 7467 7465 7464 5392 5391 5390 5389 6775 6774 6773 6771 6769 6768 3455 3454 3453 3452 3451 3450 970 969 968 967 966 965 964 963 962 961 960 959 958 957 956 955 -1 
Truck #69090 MaxCap: 20 Demand: 19.0 ROUTE:0 1609 1608 1607 1606 1605 1604 1603 3456 3036 3034 3032 3030 3029 3028 3026 3025 3024 1376 1375 -1 
Truck #69091 MaxCap: 40 Demand: 39.0 ROUTE:0 4431 4430 6088 6084 6083 6082 6080 34 3037 3035 3033 3027 3023 6787 6786 6785 6783 6782 6780 6779 6778 6777 6776 2601 2600 2599 2598 2597 2596 2595 2594 2593 2592 2591 1389 1387 1385 1378 1377 -1 
Truck #69092 MaxCap: 20 Demand: 19.0 ROUTE:0 4435 4434 4433 4432 4429 4428 4427 6087 6086 6085 6081 6079 1388 1386 1384 1383 1381 1380 1379 -1 
Truck #69093 MaxCap: 20 Demand: 19.0 ROUTE:0 32 31 29 28 1764 1763 1762 1761 1759 1758 1757 1756 465 464 463 460 37 35 33 -1 
Truck #69094 MaxCap: 60 Demand: 59.0 ROUTE:0 3161 3159 4125 4124 3768 459 6854 6853 6851 6850 6848 6847 6846 6845 6844 6843 1778 1777 1776 6034 6058 1400 1502 1501 1499 2395 2394 2393 507 506 505 503 502 501 500 498 497 496 494 6985 4677 4675 4674 4672 4671 4670 4669 4667 4666 4665 4664 4663 4662 4661 4660 5844 381 377 376 -1 
Truck #69095 MaxCap: 40 Demand: 39.0 ROUTE:0 3160 3156 3151 3150 3148 3146 3145 5845 5842 5841 5840 5838 5835 7032 3315 3313 1403 1399 1398 3022 3021 3020 3019 2754 2753 2752 2751 2750 2749 2748 2747 2746 2745 2744 2743 2742 462 461 1855 -1 
Truck #69096 MaxCap: 20 Demand: 19.0 ROUTE:0 3778 3777 3776 3775 3774 3773 3772 3771 3770 3769 3767 3766 472 471 470 469 468 467 466 -1 
Truck #69097 MaxCap: 20 Demand: 19.0 ROUTE:0 2194 2193 2192 2191 2190 2189 2188 2187 2186 2185 2184 2183 2181 2180 2179 2178 2177 2176 3779 -1 
Truck #69098 MaxCap: 20 Demand: 19.0 ROUTE:0 1503 1497 2338 2336 1402 1401 856 855 854 853 852 851 850 849 848 847 846 2196 2195 -1 
Truck #69099 MaxCap: 20 Demand: 19.0 ROUTE:0 1854 1853 5843 5839 5837 5836 5834 3164 3163 3162 3158 3157 3155 3154 3153 3152 3149 3147 3144 -1 
Truck #69100 MaxCap: 20 Demand: 19.0 ROUTE:0 355 353 352 351 6989 6988 6987 6986 6984 6983 6982 6981 6033 3319 3318 3317 3316 3314 3312 -1 
Truck #69101 MaxCap: 40 Demand: 39.0 ROUTE:0 4113 2647 2646 2645 2644 2643 2642 2641 2640 2639 2638 2637 6990 1489 1487 1485 1483 2921 2920 2919 2918 2917 2916 2915 2914 2913 2912 2911 2910 2909 2908 2907 2906 2905 2904 2903 2902 2901 2900 -1 
Truck #69102 MaxCap: 20 Demand: 19.0 ROUTE:0 1715 1714 1711 1710 1709 1708 1707 1706 369 367 366 365 364 363 362 361 360 358 356 -1 
Truck #69103 MaxCap: 40 Demand: 39.0 ROUTE:0 695 692 691 690 689 688 687 686 684 683 682 681 680 677 676 675 674 2219 2218 2217 2216 2215 2214 2213 2212 2210 2209 2208 2207 2206 2203 1730 1726 1504 1500 1498 1496 1492 1490 -1 
Truck #69104 MaxCap: 20 Demand: 19.0 ROUTE:0 6059 6057 1731 1729 1728 1727 1725 1724 1723 1722 1721 1720 1719 1965 1964 1963 1962 1961 1960 -1 
Truck #69105 MaxCap: 60 Demand: 59.0 ROUTE:0 416 7620 7619 7617 7616 7615 7614 7613 7612 7611 7610 7609 7608 7606 7605 7604 7603 7602 7601 7600 7599 7598 8869 8868 8867 8866 8865 8864 8863 8862 8861 8860 685 678 673 2211 2205 1968 4151 4149 4148 4142 3668 1811 1810 1809 1808 1806 1805 1804 1801 1799 1515 4775 4774 6489 6487 6482 6472 -1 
Truck #69106 MaxCap: 20 Demand: 19.0 ROUTE:0 1495 1494 1493 1491 1488 1486 1484 1482 1973 1971 1970 1969 1967 1966 1831 1830 1829 1828 1827 -1 
Truck #69107 MaxCap: 40 Demand: 39.0 ROUTE:0 417 1972 5718 5717 4067 4066 4065 4063 4062 4061 4059 4058 4057 4056 4055 4054 4053 7233 7225 7222 1245 1241 5088 5087 5086 5085 5084 5083 5082 5081 5080 6490 6484 6480 6478 6475 6474 6473 8999 -1 
Truck #69108 MaxCap: 20 Demand: 19.0 ROUTE:0 7442 7441 7440 7439 7438 7224 7223 7221 7220 7219 5719 6488 6486 6485 6483 6481 6479 6477 6476 -1 
Truck #69109 MaxCap: 20 Demand: 19.0 ROUTE:0 2636 2635 2634 2633 2632 4155 4154 4153 4152 4150 4147 4146 4145 4144 4143 4141 4140 4139 4138 -1 
Truck #69110 MaxCap: 20 Demand: 19.0 ROUTE:0 5644 1516 1514 3394 4464 4463 4462 4461 4460 4459 4457 4456 4455 4454 7230 7229 7228 7227 7226 -1 
Truck #69111 MaxCap: 60 Demand: 59.0 ROUTE:0 3469 8296 4111 5065 5064 5063 5062 5061 5060 4064 4060 3395 1294 1281 5290 5289 5288 5287 5286 5285 5284 5283 3491 3480 6322 6315 7827 2266 2265 2264 7093 7092 7091 7089 5781 5774 9155 9154 9153 9152 9151 9150 9149 9148 9147 9146 9145 9144 9143 9142 9141 9140 9139 9138 9137 9136 9135 9134 9133 -1 
Truck #69112 MaxCap: 40 Demand: 39.0 ROUTE:0 3496 3495 3494 3492 3490 3489 3487 3485 3484 3483 3481 3479 1295 1293 1292 1290 1289 1288 1287 1286 1285 1284 1282 1280 3396 3393 3392 4072 4070 4069 5663 5657 5656 5655 5653 5651 5650 5649 5643 -1 
Truck #69113 MaxCap: 60 Demand: 59.0 ROUTE:0 3654 5152 5151 5150 5149 5148 5147 5146 5145 5144 5143 5142 5141 4112 2698 2697 2696 2695 2694 2693 2692 2691 2690 2689 2688 2687 2686 2685 2684 2683 2682 2681 2680 2679 7090 7823 1619 1618 1565 1564 1563 1562 1561 1560 1559 1558 1557 1556 1555 1554 2167 2166 2165 2164 2163 2162 2161 2160 2158 -1 
Truck #69114 MaxCap: 20 Demand: 19.0 ROUTE:0 2261 2260 2259 2258 2257 2256 2255 5664 5662 5661 5660 5659 5658 5654 5652 5648 5647 5646 5645 -1 
Truck #69115 MaxCap: 20 Demand: 19.0 ROUTE:0 1717 1716 3877 3876 3874 3873 3870 3869 3868 3867 3866 3865 3864 3863 3143 3142 3141 3137 2406 -1 
Truck #69116 MaxCap: 20 Demand: 19.0 ROUTE:0 3878 3875 8553 8552 8551 8550 8549 8548 8547 1625 4362 4162 530 529 513 2270 2335 2330 2328 -1 
Truck #69117 MaxCap: 40 Demand: 39.0 ROUTE:0 385 384 383 382 380 379 378 374 373 372 371 370 8306 8305 8304 8303 8302 8301 8300 8299 8298 8297 3009 3008 3007 3004 2660 2659 2658 2657 2656 2655 2654 2653 2652 2651 2650 2649 2648 -1 
Truck #69118 MaxCap: 20 Demand: 19.0 ROUTE:0 7155 7154 8111 8110 3012 3011 3010 3006 3005 3003 3002 3001 3499 3493 3488 3486 3482 3478 5772 -1 
Truck #69119 MaxCap: 40 Demand: 39.0 ROUTE:0 3472 3471 5786 5785 5783 5782 5779 5778 5776 5775 7829 7828 7826 7825 7824 7822 7821 7820 7819 7818 7817 7816 3498 3497 6324 6321 6318 6314 6313 6311 6308 6307 6306 3576 3572 3571 3570 3569 1893 -1 
Truck #69120 MaxCap: 20 Demand: 19.0 ROUTE:0 2762 2761 2760 2759 2758 2757 2756 2755 3473 3470 5784 5780 5777 5773 1892 1891 1890 1889 1888 -1 
Truck #69121 MaxCap: 20 Demand: 19.0 ROUTE:0 5205 5204 5203 5202 5201 5200 5199 5198 5197 5196 5195 5194 7318 7317 7316 7315 7314 7313 7312 -1 
Truck #69122 MaxCap: 20 Demand: 19.0 ROUTE:0 4892 4891 4890 4889 4888 4887 4886 4885 4884 4883 3577 3575 3574 3573 3568 5209 5208 5207 5206 -1 
Truck #69123 MaxCap: 60 Demand: 59.0 ROUTE:0 8036 8035 8034 8032 8031 8030 8029 8027 8026 8025 8024 8022 5578 5577 5576 5575 5574 5573 5572 5571 5570 5569 5568 5567 5566 5565 1637 1635 1634 1633 1632 1631 1630 1628 1627 1626 1624 1623 1622 1620 4180 4179 4178 4177 4176 4173 4171 4170 4169 4167 4165 4164 4163 4161 4160 4159 4158 523 2273 -1 
Truck #69124 MaxCap: 60 Demand: 59.0 ROUTE:0 240 5897 5896 5892 2334 2333 2332 2331 2329 2327 2326 2325 2324 2275 2274 2272 2271 2269 2268 2267 528 527 526 525 524 522 521 520 519 518 517 516 515 514 512 511 510 509 508 3134 3128 1542 1537 1529 8093 8092 8091 8090 8089 8088 4657 3845 3840 1479 1473 1899 1000 999 2262 -1 
Truck #69125 MaxCap: 20 Demand: 19.0 ROUTE:0 9207 9206 9205 9204 9203 9202 9201 9200 9199 9198 9197 9196 9195 9194 9193 9192 4175 4172 4166 -1 
Truck #69126 MaxCap: 20 Demand: 19.0 ROUTE:0 4051 4050 3578 1936 1935 1934 1933 1932 1930 1929 1928 1927 1926 1925 5899 5895 5894 5891 5885 -1 
Truck #69127 MaxCap: 40 Demand: 39.0 ROUTE:0 6223 6222 7095 8771 8770 8769 8768 8767 8766 8765 8764 8763 8762 8761 8760 8759 8758 8757 8756 8755 8754 8753 8752 8751 3580 3579 5905 5904 5900 5898 5893 5890 5889 5888 5887 5886 5884 5883 5882 -1 
Truck #69128 MaxCap: 20 Demand: 19.0 ROUTE:0 2896 2895 2894 2893 2892 2891 2890 2889 2888 2887 9216 9215 9214 9213 9212 9211 9210 9209 9208 -1 
Truck #69129 MaxCap: 20 Demand: 19.0 ROUTE:0 7114 8621 8620 8619 8618 8617 8616 8615 8614 8613 8033 8028 2074 2055 8087 4627 4614 2898 2897 -1 
Truck #69130 MaxCap: 20 Demand: 19.0 ROUTE:0 921 920 919 918 917 916 915 914 6629 6628 6627 6626 6625 6624 6623 7094 5903 5902 5901 -1 
Truck #69131 MaxCap: 20 Demand: 19.0 ROUTE:0 4372 4371 4370 4369 4368 4367 4366 4365 4364 4363 7106 7104 7103 7101 7100 7099 7096 1849 1848 -1 
Truck #69132 MaxCap: 40 Demand: 39.0 ROUTE:0 242 239 235 234 228 8885 8884 8883 8882 8881 8880 8879 8878 8877 8876 8875 8874 8873 8872 8871 8870 1481 1478 1477 1476 1474 1471 1469 1468 3835 3131 3130 3127 3124 3123 3119 3115 7097 1847 -1 
Truck #69133 MaxCap: 20 Demand: 19.0 ROUTE:0 3117 3116 4631 4630 4629 4628 4626 4625 4624 4623 4622 4621 4620 4619 4617 4616 4615 4894 4893 -1 
Truck #69134 MaxCap: 20 Demand: 19.0 ROUTE:0 6323 6320 6319 6317 6316 6312 6310 6309 3136 3135 3133 3132 3129 3126 3125 3122 3121 3120 3118 -1 
Truck #69135 MaxCap: 20 Demand: 19.0 ROUTE:0 243 241 238 237 236 233 232 231 230 229 3247 2770 2769 2768 2767 2766 2765 2764 2763 -1 
Truck #69136 MaxCap: 20 Demand: 19.0 ROUTE:0 8223 8222 8221 1480 1475 1472 1470 1467 3842 3841 3839 3838 3837 3836 3834 3833 3832 3831 3830 -1 
Truck #69137 MaxCap: 20 Demand: 19.0 ROUTE:0 9112 9111 9110 9109 9108 9107 9106 9105 9104 9103 9102 9101 9100 9099 9098 9097 3846 3844 3843 -1 
Truck #69138 MaxCap: 40 Demand: 39.0 ROUTE:0 6196 1553 1550 1549 1546 1545 1544 1541 1539 1538 1532 4679 4678 8575 8574 8573 8572 8571 8570 8569 8568 8567 8566 8565 8564 8563 8562 8561 4651 3972 3971 3970 3969 3966 3965 3963 3961 3960 3959 -1 
Truck #69139 MaxCap: 20 Demand: 19.0 ROUTE:0 4649 4648 8998 8997 8996 8995 8994 8993 8992 8991 8990 8989 8988 8987 8986 8985 8984 8983 8982 -1 
Truck #69140 MaxCap: 20 Demand: 19.0 ROUTE:0 2061 2060 2058 2518 2517 2516 2515 2514 2513 2512 2511 2510 2509 2508 2507 2506 2505 2504 2503 -1 
Truck #69141 MaxCap: 40 Demand: 39.0 ROUTE:0 8724 8723 8722 8721 8720 8719 8718 8717 8716 7971 4751 4749 4737 5242 5241 5240 5239 5238 5237 5236 5235 5234 5233 5232 2073 2071 2067 2064 2059 2057 2056 8043 8023 4211 4208 4201 4221 4213 4760 -1 
Truck #69142 MaxCap: 60 Demand: 59.0 ROUTE:0 2882 2881 2880 2879 2878 2877 2876 2875 2874 2873 2872 2871 2870 2869 2868 2867 2866 4223 4222 4220 4219 4218 4217 4216 4214 7972 7970 7969 7968 7967 7966 1612 4693 4689 4680 8045 8044 8042 8041 8040 8039 8038 8037 4212 4210 4209 4206 4205 4204 4203 4202 4200 4199 4198 4197 3957 3947 3968 3962 -1 
Truck #69143 MaxCap: 20 Demand: 19.0 ROUTE:0 1685 1684 1683 1682 1681 1680 1679 1678 1676 1767 1766 1902 1901 1900 1898 1897 1896 1895 1894 -1 
Truck #69144 MaxCap: 20 Demand: 19.0 ROUTE:0 9132 9131 3862 3861 3860 3859 3858 4659 4658 4656 4655 4654 4653 4652 4650 2550 2549 2548 2547 -1 
Truck #69145 MaxCap: 60 Demand: 59.0 ROUTE:0 8968 8967 8966 8965 8964 8963 8962 8961 8960 8959 8958 8957 8956 8955 8954 8953 1466 1460 6517 3085 3071 4690 4687 4684 1617 1616 1615 1614 1613 1611 1610 3374 1330 6412 6407 6404 4385 4379 6635 6634 6633 6632 6631 6630 3138 3958 3956 3955 3954 3952 3951 3950 3949 3948 3946 3945 2263 3967 3964 -1 
Truck #69146 MaxCap: 20 Demand: 19.0 ROUTE:0 4207 7915 7906 9219 9218 9217 7922 8629 8628 8627 8626 8625 8624 8623 8622 4741 4740 4735 3953 -1 
Truck #69147 MaxCap: 20 Demand: 19.0 ROUTE:0 1297 1296 1291 1283 1552 1551 1548 1547 1543 1540 1536 1535 1534 1533 1531 1530 6413 6409 6408 -1 
Truck #69148 MaxCap: 40 Demand: 39.0 ROUTE:0 6415 6414 6411 6410 6406 6405 4694 4692 4691 4688 4686 4685 4683 4682 4681 6622 2410 2409 1332 1331 1329 1327 1325 4391 4390 4389 4388 4387 4386 4384 4383 4382 4381 4380 4378 4377 4376 4768 4765 -1 
Truck #69149 MaxCap: 20 Demand: 19.0 ROUTE:0 1244 1243 1242 4755 4754 4753 4752 4750 4748 4747 4746 4745 4744 4743 4742 4739 4738 4736 4734 -1 
Truck #69150 MaxCap: 20 Demand: 19.0 ROUTE:0 3505 3503 3501 4800 1333 1328 1326 1324 1323 4767 4766 4764 4763 4762 4761 4759 4758 4757 4756 -1 
Truck #69151 MaxCap: 60 Demand: 59.0 ROUTE:0 2737 2736 2735 2734 2733 2732 2731 2730 2729 9096 9095 9094 9093 9092 9091 9090 9089 9088 9087 9086 9085 9084 9083 9082 9081 9080 9079 9078 9077 9076 9075 9074 944 943 942 941 940 939 938 937 936 935 934 933 932 931 930 929 928 927 926 925 924 923 922 2886 2885 2884 2883 -1 
Truck #69152 MaxCap: 40 Demand: 39.0 ROUTE:0 3140 3139 4395 4394 4393 4392 3377 3372 3368 3367 3366 1639 6523 6519 6518 5631 5630 5629 5628 5627 5626 5625 5624 5623 5622 5621 5620 5619 5618 5617 5616 5615 5614 5613 5612 5611 5610 5609 5608 -1 
Truck #69153 MaxCap: 20 Demand: 19.0 ROUTE:0 8981 8980 8979 8978 3376 3375 3373 3371 3370 3369 1647 1646 1645 1644 1643 1642 1641 1640 1638 -1 
Truck #69154 MaxCap: 40 Demand: 39.0 ROUTE:0 2457 2456 2455 2454 2453 2452 2451 2450 2449 2448 2447 2446 2445 5176 5175 5174 5173 5172 5171 5170 5169 5168 5167 5166 5165 5164 5163 5162 5161 5160 5159 5158 5157 5156 5155 5154 5153 8726 8725 -1 
Truck #69155 MaxCap: 20 Demand: 19.0 ROUTE:0 2502 2501 7856 7855 7854 1649 1648 3072 3070 6525 6522 6521 6520 6516 6515 5753 5752 5750 5749 -1 
Truck #69156 MaxCap: 40 Demand: 39.0 ROUTE:0 7678 7676 7675 7674 7673 7672 7671 7670 7668 5411 3091 3090 3088 3086 3084 3082 3080 3077 3075 3074 3069 3068 6524 5751 1072 1071 1070 1069 1068 1067 1066 1065 1064 1063 1062 1061 1060 1059 1058 -1 
Truck #69157 MaxCap: 20 Demand: 19.0 ROUTE:0 1465 1462 1454 1453 1452 1451 1450 1449 1448 1446 3092 3089 3087 3083 3081 3079 3078 3076 3073 -1 
Truck #69158 MaxCap: 40 Demand: 39.0 ROUTE:0 3328 3324 3320 5430 5429 5428 5427 5426 5425 5424 5423 5422 5421 5420 5419 5418 5417 5416 5415 5414 5413 5412 1426 1425 1423 1422 1415 1414 2998 2997 2996 2994 2993 2987 2986 3298 3295 3294 3291 -1 
Truck #69159 MaxCap: 60 Demand: 59.0 ROUTE:0 9178 9177 9176 9175 9174 9173 9172 9171 9170 9169 9168 9167 9166 9165 9164 9163 9162 9161 9160 9159 9158 9157 9156 7014 3916 3915 3914 3913 3912 3911 3910 3909 3908 3907 3905 3904 3902 3901 3900 3899 3897 3896 1704 1703 1702 1700 1699 1698 1696 3326 8977 8976 8975 8974 8973 8972 8971 8970 8969 -1 
Truck #69160 MaxCap: 40 Demand: 39.0 ROUTE:0 8728 8727 4640 4639 4636 4261 7084 7073 7065 6867 6862 6855 5030 5029 5028 5027 5026 5025 5024 6794 6792 6789 2054 2053 2045 2043 4226 7409 6714 6712 7772 7923 3726 2462 2461 2460 2459 2458 7907 -1 
Truck #69161 MaxCap: 20 Demand: 19.0 ROUTE:0 4842 4841 4840 4839 4838 7914 7913 7912 7911 7910 7909 7908 7905 7904 3327 3325 3323 3322 3321 -1 
Truck #69162 MaxCap: 60 Demand: 59.0 ROUTE:0 1037 1036 1035 1034 1033 1032 1031 1030 1029 1028 1027 1026 1025 1024 1023 1022 1021 1020 1019 1018 1017 1016 3917 3898 1701 1697 1695 2741 2740 2739 2738 3736 3734 3733 3732 3730 3729 3728 3727 4311 4308 4039 4268 4267 4266 4265 4264 4263 4262 4259 4257 4256 3979 3978 3977 3976 7159 7158 6915 -1 
Truck #69163 MaxCap: 20 Demand: 19.0 ROUTE:0 1852 1851 1850 2995 2992 2991 2990 2989 2988 2985 1424 1421 1420 1419 1418 1417 1416 1413 7916 -1 
Truck #69164 MaxCap: 20 Demand: 19.0 ROUTE:0 3906 3903 9220 3735 3731 7075 7067 4260 4258 8560 8559 8558 8557 8556 8555 8554 6920 6913 6903 -1 
Truck #69165 MaxCap: 20 Demand: 19.0 ROUTE:0 7857 6621 6620 6165 6162 6161 6159 7771 7770 7769 7768 7767 7766 7765 7764 7763 7761 3000 2999 -1 
Truck #69166 MaxCap: 40 Demand: 39.0 ROUTE:0 3306 3302 3301 3299 7015 7013 3523 3522 3521 3520 3518 3517 3513 3506 3504 3502 3500 7762 3797 3795 1444 1443 1442 1440 1438 1437 1434 1430 1429 2034 2030 3242 3240 3239 3238 3237 3235 3234 3232 -1 
Truck #69167 MaxCap: 60 Demand: 59.0 ROUTE:0 4834 3241 3236 7160 7157 7156 2036 2032 2029 2026 3920 3919 3918 3514 3510 3794 1445 1436 1433 1431 1311 1306 1298 4313 4312 4310 4309 4307 6156 6152 8802 6719 6031 5805 5792 2285 2283 2282 2280 2279 2278 2277 2276 6919 6918 6917 6914 6912 6911 6910 6909 6908 6907 6906 6905 6904 6902 6901 6900 -1 
Truck #69168 MaxCap: 20 Demand: 19.0 ROUTE:0 6868 6866 6864 6863 6861 6860 6859 6858 6857 6856 3524 3519 3516 3515 3512 3511 3509 3508 3507 -1 
Truck #69169 MaxCap: 20 Demand: 19.0 ROUTE:0 3800 3799 3798 3796 3793 3792 7736 7735 7783 7782 7781 7780 7779 7778 7777 7776 7775 7774 7773 -1 
Truck #69170 MaxCap: 20 Demand: 19.0 ROUTE:0 2035 2033 2031 2028 2027 2025 8638 8637 8636 8635 8634 8633 8632 8631 8630 3804 3803 3802 3801 -1 
Truck #69171 MaxCap: 20 Demand: 19.0 ROUTE:0 3231 5140 5139 5138 5137 5136 1441 1439 1435 1432 1428 1427 8645 8644 8643 8642 8641 8640 8639 -1 
Truck #69172 MaxCap: 20 Demand: 19.0 ROUTE:0 2566 2565 2564 2563 2562 2561 2560 2559 2558 2557 2556 2555 2554 2553 2552 2551 5790 5789 5787 -1 
Truck #69173 MaxCap: 40 Demand: 39.0 ROUTE:0 3245 3243 6032 6715 1322 1321 1319 1316 1312 1309 1307 1304 1301 1300 6225 4041 4040 4038 4037 4036 4035 4034 4033 4032 4031 4030 4029 4028 4027 5806 5804 5803 5800 5799 5797 5794 5788 4833 4826 -1 
Truck #69174 MaxCap: 20 Demand: 19.0 ROUTE:0 4837 4836 4835 4832 4831 4830 4829 4828 4827 4825 5808 5807 5802 5801 5798 5796 5795 5793 5791 -1 
Truck #69175 MaxCap: 20 Demand: 19.0 ROUTE:0 7921 7920 7919 7918 7917 6237 6235 6234 6233 6231 6227 6226 6224 6158 6155 6153 6150 6149 6148 -1 
Truck #69176 MaxCap: 40 Demand: 39.0 ROUTE:0 6865 6164 6163 6160 6157 6154 6151 6147 6236 6232 6230 6229 6228 4361 4359 4358 4356 4355 4354 4353 4351 4350 6720 6718 6717 6716 1050 1049 1048 1047 1046 1045 1044 1043 1042 1041 1040 1039 1038 -1 
Truck #69177 MaxCap: 20 Demand: 19.0 ROUTE:0 3311 3310 3309 3308 3307 3305 3304 3303 3300 3297 3296 3293 3292 3290 7071 7070 7069 7068 7066 -1 
Truck #69178 MaxCap: 20 Demand: 19.0 ROUTE:0 2075 2072 2070 2069 2068 2066 2065 2063 2062 7083 7082 7081 7080 7079 7078 7077 7076 7074 7072 -1 
Truck #69179 MaxCap: 60 Demand: 59.0 ROUTE:0 450 2014 8859 8858 8857 8856 6819 6810 8440 8430 7677 7669 2865 2864 2863 2862 2861 2860 2859 2858 2857 2856 2855 2854 2853 2852 2851 2850 2849 2848 2847 2846 2845 2844 2843 2842 1655 1652 8929 8928 8927 8926 8925 8924 8923 8922 8921 8920 8919 8918 8917 4644 4643 4642 4641 4638 4637 4635 6916 -1 
Truck #69180 MaxCap: 20 Demand: 19.0 ROUTE:0 1230 1229 1227 1226 1223 3289 3288 7117 7116 7115 7113 7112 2052 2051 2050 2049 2048 2047 2046 -1 
Truck #69181 MaxCap: 20 Demand: 19.0 ROUTE:0 4215 2284 2281 1659 1654 1651 5462 5461 5460 5459 5458 5457 5456 5182 5181 5180 5179 5178 5177 -1 
Truck #69182 MaxCap: 60 Demand: 59.0 ROUTE:0 7477 7476 7475 7474 7473 4517 4512 4511 4360 4357 4352 6434 7989 7988 7987 7986 7985 7983 7982 7981 7980 7979 7978 7977 7976 7975 7974 1660 1658 1657 1656 1653 1650 2938 2937 2936 2935 2934 2933 2932 2931 2930 2929 2928 2927 2926 2925 2924 2923 2922 5011 5010 5009 5008 5007 5006 5005 5004 5003 -1 
Truck #69183 MaxCap: 40 Demand: 39.0 ROUTE:0 6435 6432 6431 6430 6428 6427 6426 6425 6424 6420 6419 7667 7666 7665 7664 2728 2727 2726 2725 2724 2723 2722 2721 2720 2719 2718 2717 7399 5593 5592 5591 4521 1057 1056 1055 1054 1053 1052 1051 -1 
Truck #69184 MaxCap: 20 Demand: 19.0 ROUTE:0 6384 6381 6378 6377 6376 6374 6373 6372 6370 6369 6367 7411 7410 7408 7407 6423 6422 6421 6418 -1 
Truck #69185 MaxCap: 20 Demand: 19.0 ROUTE:0 6436 6433 6429 9245 9244 9243 9242 9241 9240 9239 9238 9237 9236 9235 9234 9233 9232 9231 9230 -1 
Truck #69186 MaxCap: 20 Demand: 19.0 ROUTE:0 6447 6446 6440 6438 6802 6801 6800 6799 6797 6796 6795 6793 6791 6790 6788 9249 9248 9247 9246 -1 
Truck #69187 MaxCap: 40 Demand: 39.0 ROUTE:0 1464 1463 1461 1459 1458 1457 1456 1455 1447 9020 9019 9018 9017 9016 9015 9014 9013 9012 9011 9010 9009 9008 9007 9006 9005 9004 9003 9002 9001 9000 6449 6448 6445 6444 6443 6442 6441 6439 6437 -1 
Truck #69188 MaxCap: 20 Demand: 19.0 ROUTE:0 7708 7707 7705 5478 5477 5476 5475 5474 5473 5472 5471 5470 5469 5468 5467 5466 5465 5464 5463 -1 
Truck #69189 MaxCap: 20 Demand: 19.0 ROUTE:0 6713 1320 1318 1317 1315 1314 1313 1310 1308 1305 1303 1302 1299 6809 6808 6807 6805 6804 6803 -1 
Truck #69190 MaxCap: 40 Demand: 39.0 ROUTE:0 5497 5496 5495 5494 5493 5492 5491 5490 5489 5488 5487 5486 5485 5484 5483 5482 5481 5480 5479 4244 4242 4231 4227 4551 4550 4549 6823 6822 6821 6820 6818 6817 6816 6814 6813 6812 6811 5674 5673 -1 
Truck #69191 MaxCap: 20 Demand: 19.0 ROUTE:0 1144 1143 1142 4239 4238 4237 4236 4235 4234 4233 4232 4230 4229 4228 4225 4224 4243 4241 4240 -1 
Truck #69192 MaxCap: 20 Demand: 19.0 ROUTE:0 1675 1674 1673 1672 1670 1669 1667 1666 1665 1663 1661 9120 9119 9118 9117 9116 9115 9114 9113 -1 
Truck #69193 MaxCap: 40 Demand: 39.0 ROUTE:0 4305 720 713 1677 1671 1668 1662 8459 8458 8457 8456 8455 8454 8453 8452 8451 8450 8449 8448 8447 8446 8445 8444 8443 8442 5635 5634 5633 5632 8313 6642 2946 2945 2944 2943 2942 2941 2940 2939 -1 
Truck #69194 MaxCap: 20 Demand: 19.0 ROUTE:0 723 716 714 1664 7990 7984 5509 5508 5507 5506 5505 5504 5503 5502 5501 5500 5499 5498 446 -1 
Truck #69195 MaxCap: 20 Demand: 19.0 ROUTE:0 1998 1997 1996 2223 2220 3544 3541 3537 3536 8333 8332 8331 8330 8329 8328 8327 8325 8324 4306 -1 
Truck #69196 MaxCap: 60 Demand: 59.0 ROUTE:0 6732 453 452 451 449 448 447 445 444 443 7495 7494 7493 7492 7491 7490 7489 4103 4101 1234 1139 4548 4547 6383 8423 8422 6815 5678 5675 2017 2016 2015 2013 2012 2011 2010 2009 2008 2007 2006 2005 2004 2003 2002 2001 2000 1999 5023 5022 5021 5020 5019 5018 5017 5016 5015 5014 5013 5012 -1 
Truck #69197 MaxCap: 20 Demand: 19.0 ROUTE:0 4522 4520 4519 4518 4516 4515 4514 4513 4510 4509 4508 6641 6640 6639 6638 6637 6636 5677 5676 -1 
Truck #69198 MaxCap: 40 Demand: 39.0 ROUTE:0 8439 8438 8437 8436 8435 8434 8433 8432 8431 8429 8428 8427 8426 8425 8424 8421 8420 8419 6386 6385 6382 6380 6379 6375 6371 6368 4559 4558 4557 4556 4555 4554 4553 4552 7310 3287 3286 8323 6729 -1 
Truck #69199 MaxCap: 20 Demand: 19.0 ROUTE:0 5077 5076 5075 5074 5073 5072 5071 5070 5520 5519 5518 5517 5516 5515 5514 5513 5512 5511 5510 -1 
Truck #69200 MaxCap: 60 Demand: 59.0 ROUTE:0 734 733 4157 9309 9308 9307 9306 9305 9304 9303 9302 9301 9300 4405 4404 4403 4401 4400 4398 4396 3828 3827 3826 3825 3824 3823 3822 3820 3819 3817 3816 3814 3813 3812 3811 3810 3808 3807 3806 3805 7812 8441 7717 7716 7715 7714 7712 7711 7710 7709 7706 7704 7703 7702 7701 7700 7699 7698 7697 -1 
Truck #69201 MaxCap: 20 Demand: 19.0 ROUTE:0 8322 8321 8320 8319 8318 8317 8316 8315 8314 8312 8311 8310 8309 8308 8307 6646 6645 6644 6643 -1 
Truck #69202 MaxCap: 20 Demand: 19.0 ROUTE:0 6806 6798 7973 5079 5078 4043 4042 8194 3829 3821 3818 3815 3809 4402 4397 4156 858 857 4933 -1 
Truck #69203 MaxCap: 20 Demand: 19.0 ROUTE:0 7386 7385 7384 7383 7382 7381 7380 7378 7377 7376 7374 7372 2174 2173 2172 2171 2170 2169 2168 -1 
Truck #69204 MaxCap: 40 Demand: 39.0 ROUTE:0 2175 7713 8337 8193 7748 7744 7738 2791 2790 2789 2788 2787 2786 2785 8104 8101 4857 4854 4852 5351 5350 5349 5348 5347 5346 5345 5344 5343 5342 5341 5340 5339 4406 4399 4080 8062 8060 408 406 -1 
Truck #69205 MaxCap: 20 Demand: 19.0 ROUTE:0 1140 1138 1137 1136 1135 1134 1133 1132 1131 1129 1128 1127 1126 1125 8192 8191 3598 3594 3593 -1 
Truck #69206 MaxCap: 40 Demand: 39.0 ROUTE:0 6735 3597 3596 3595 1239 1237 1236 1231 1228 1225 1224 1141 1130 1124 6975 6974 6973 6972 6971 6970 6969 6968 6967 6966 6965 8342 8326 4097 703 702 6146 6144 6142 6141 6140 6139 6137 6136 6134 -1 
Truck #69207 MaxCap: 20 Demand: 19.0 ROUTE:0 2044 2042 2041 2040 2039 2038 2037 7406 7405 7404 7403 7402 7401 7400 1240 1238 1235 1233 1232 -1 
Truck #69208 MaxCap: 20 Demand: 19.0 ROUTE:0 6366 6363 6362 6359 6358 6357 6352 6350 6349 1348 1347 1339 5745 5744 5742 5338 5337 5336 5335 -1 
Truck #69209 MaxCap: 60 Demand: 59.0 ROUTE:0 6143 6135 6133 7168 704 700 4110 4108 4106 4104 7694 7686 576 570 569 7815 7814 7813 7811 4049 4048 4047 4046 4045 4044 4023 4014 4010 4007 4601 4598 4597 4596 4595 4594 4593 4591 8704 8703 8702 8701 8700 8699 8698 8697 8696 3434 6337 6330 6326 3854 3849 7298 7297 7295 7293 7292 7291 7290 -1 
Truck #69210 MaxCap: 20 Demand: 19.0 ROUTE:0 722 721 719 718 717 715 712 711 710 709 708 707 706 705 701 699 698 697 696 -1 
Truck #69211 MaxCap: 20 Demand: 19.0 ROUTE:0 577 574 573 572 571 568 567 566 565 563 8344 8343 8341 8340 8339 8338 8336 8335 8334 -1 
Truck #69212 MaxCap: 40 Demand: 39.0 ROUTE:0 8544 8543 8542 8541 8540 8539 8538 8537 8536 8535 8534 8533 8532 8531 8530 8529 8528 8527 8526 8525 8524 8523 6765 6764 6980 6979 6978 6977 6976 575 564 7693 7692 7691 7690 7689 7688 7687 7685 -1 
Truck #69213 MaxCap: 20 Demand: 19.0 ROUTE:0 3751 3750 3749 3748 3747 3746 3744 3743 6767 6766 6763 6762 6761 6760 6759 6758 580 579 578 -1 
Truck #69214 MaxCap: 40 Demand: 39.0 ROUTE:0 7171 7164 3745 3439 3438 3436 3435 3433 3430 3427 3381 3380 3379 3378 8546 8545 4123 4122 4121 5307 5306 5305 5304 5303 5302 5301 5300 5299 5298 5297 3857 3856 3855 3853 3852 3851 3850 3848 3847 -1 
Truck #69215 MaxCap: 20 Demand: 19.0 ROUTE:0 7173 7172 7170 7169 7167 7166 7165 7163 7162 7161 3759 3758 3757 3756 3755 3754 3753 3752 3420 -1 
Truck #69216 MaxCap: 20 Demand: 19.0 ROUTE:0 2408 2407 8055 8054 8053 8052 4932 3440 3437 3432 3431 3429 3428 3426 3425 3424 3423 3422 3421 -1 
Truck #69217 MaxCap: 60 Demand: 59.0 ROUTE:0 9342 9341 9340 9339 9338 9337 9336 9335 9334 9333 9332 9331 9330 9329 9328 9327 9326 9325 9324 9323 7754 7752 7751 7750 7749 7747 7746 7745 7743 7742 7741 7740 7739 7737 4977 4976 4975 4974 4973 4972 4971 4970 4969 4968 9322 9321 9320 9319 9318 9317 9316 9315 9314 9313 9312 9311 9310 7296 7294 -1 
Truck #69218 MaxCap: 40 Demand: 39.0 ROUTE:0 410 8058 5821 5820 5817 5816 5815 5814 5813 5812 5811 5809 5321 5320 5319 5318 5317 5316 5315 5314 5313 5312 5311 5310 5309 5308 4022 4017 3540 6348 6347 6346 6343 6341 6340 6335 6334 6331 6325 -1 
Truck #69219 MaxCap: 20 Demand: 19.0 ROUTE:0 4005 4004 4003 4002 4026 4025 4024 4021 4020 4019 4018 4016 4015 4013 4012 4011 4009 4008 4006 -1 
Truck #69220 MaxCap: 20 Demand: 19.0 ROUTE:0 414 413 412 411 409 407 405 404 403 402 401 6145 6138 6132 8061 8059 8057 8056 6327 -1 
Truck #69221 MaxCap: 20 Demand: 19.0 ROUTE:0 6682 6673 4375 6922 7760 7758 7753 8095 4701 7127 7118 3651 4613 4600 862 861 860 859 7375 -1 
Truck #69222 MaxCap: 60 Demand: 59.0 ROUTE:0 4079 5110 5109 5108 5107 5106 5105 5104 5103 5102 5101 5100 5099 5098 5097 5096 5095 5094 5093 5092 5091 5090 5089 4578 4577 7759 7757 7756 7755 5564 5563 5562 5561 5560 5559 5558 5557 8109 8108 8107 8106 8105 8103 8102 8100 8099 8098 8097 8096 8094 4965 4609 4608 4605 4599 4592 7632 7631 7630 -1 
Truck #69223 MaxCap: 20 Demand: 19.0 ROUTE:0 4109 4107 4105 4102 4100 4099 4098 4096 4095 6345 6344 6342 6339 6338 6336 6333 6332 6329 6328 -1 
Truck #69224 MaxCap: 60 Demand: 59.0 ROUTE:0 5264 5263 5262 5261 5260 5259 5258 5257 5256 5255 5254 5253 5252 5251 5250 5249 5248 5247 5246 5245 5244 5243 182 4612 4611 4610 4607 4606 4604 4603 4602 3539 3538 4967 4962 4955 4580 4575 2221 5410 5409 5408 5407 5406 5405 5404 5403 5402 5401 5400 5399 5398 5397 5396 5395 5394 5393 1269 1263 -1 
Truck #69225 MaxCap: 40 Demand: 39.0 ROUTE:0 7629 7628 7627 7626 7625 7624 7623 7622 7621 3543 3542 4966 4964 4963 4961 4960 4959 4958 4957 4956 4954 4953 4952 4951 4950 3045 3042 3040 3038 196 194 191 187 4502 4498 4494 2663 2662 2661 -1 
Truck #69226 MaxCap: 20 Demand: 19.0 ROUTE:0 6885 6884 6882 6881 6880 6879 6877 6876 6875 6874 6873 6872 6871 6869 3049 3048 3047 1975 1974 -1 
Truck #69227 MaxCap: 40 Demand: 39.0 ROUTE:0 1816 1815 2098 3975 3973 7110 7274 7265 6939 7248 7245 7241 7239 7234 393 392 2796 2795 2794 2793 2792 6890 6883 6878 6870 7550 7549 4708 1981 7130 7119 3644 3633 7379 7373 7596 7595 7592 7589 -1 
Truck #69228 MaxCap: 20 Demand: 19.0 ROUTE:0 1995 1994 1993 1992 1991 1990 1989 1988 1987 1986 1985 1984 1983 1982 1980 1979 1978 1977 1976 -1 
Truck #69229 MaxCap: 20 Demand: 19.0 ROUTE:0 3246 3244 3233 4501 4500 4499 4497 4496 4495 4493 4492 4491 4490 4489 4488 4487 4486 4485 4484 -1 
Truck #69230 MaxCap: 20 Demand: 19.0 ROUTE:0 192 190 189 188 186 185 184 183 181 180 179 178 177 176 4507 4506 4505 4504 4503 -1 
Truck #69231 MaxCap: 20 Demand: 19.0 ROUTE:0 789 788 787 786 785 784 783 781 780 779 778 777 7088 7087 7086 198 197 195 193 -1 
Truck #69232 MaxCap: 40 Demand: 39.0 ROUTE:0 7590 1266 1265 1260 1258 1257 1255 1252 1251 1248 1246 4590 4589 4588 4587 4586 4585 4584 4583 4582 4581 4579 4576 4574 4573 2677 2676 2675 2674 2673 2672 2671 2670 2669 2668 2667 2666 2665 2664 -1 
Truck #69233 MaxCap: 20 Demand: 19.0 ROUTE:0 3398 3397 1270 1268 1267 1264 1262 1261 1259 1256 1254 1253 1250 1249 1247 7594 7593 7591 7588 -1 
Truck #69234 MaxCap: 40 Demand: 39.0 ROUTE:0 754 753 752 750 749 748 746 745 744 742 741 738 737 736 735 4255 4253 4252 4251 4250 4249 4248 4247 4246 4245 2222 7548 7544 7539 400 399 396 155 152 150 4526 4525 4524 4523 -1 
Truck #69235 MaxCap: 20 Demand: 19.0 ROUTE:0 4859 4858 4856 4855 4853 4851 4850 4849 4848 4847 4846 4845 4844 4843 2228 2227 2226 2225 2224 -1 
Truck #69236 MaxCap: 20 Demand: 19.0 ROUTE:0 6892 6891 6889 6888 6887 6886 7547 7546 7545 7543 7542 7541 7540 7538 7537 7536 7535 7534 7533 -1 
Truck #69237 MaxCap: 20 Demand: 19.0 ROUTE:0 4715 4714 4713 4712 4711 4710 4709 4707 4706 4705 4704 4703 4702 4700 4699 4698 4697 4696 4695 -1 
Truck #69238 MaxCap: 20 Demand: 19.0 ROUTE:0 3046 3044 3043 3041 3039 398 397 395 394 391 390 389 388 387 386 4719 4718 4717 4716 -1 
Truck #69239 MaxCap: 60 Demand: 59.0 ROUTE:0 6690 6679 6678 7085 8683 8682 8681 8680 8679 8678 8677 8676 7963 7955 6943 6942 6941 6940 6938 6937 6936 6935 6934 6933 6932 6931 6930 6929 6928 6927 6926 6925 6924 6923 6921 4073 440 4254 7132 7131 7129 7128 7126 7125 7124 7123 7122 7121 7120 751 740 739 5547 5546 5545 5544 5543 5542 5541 -1 
Truck #69240 MaxCap: 60 Demand: 59.0 ROUTE:0 747 743 5382 5381 5380 5379 5378 5377 5376 5375 5374 5373 5372 5371 5370 5369 6255 6248 3690 3682 1108 1102 151 420 4078 4077 4076 4075 4074 1221 6303 6298 6286 6284 6282 3411 4997 4996 4995 4994 4993 4992 4991 4990 4989 4988 4987 4986 4985 4984 4983 4982 4981 4980 4979 4978 3604 3602 140 -1 
Truck #69241 MaxCap: 20 Demand: 19.0 ROUTE:0 3637 3636 3635 3634 3632 3653 3652 3650 3649 3648 3647 3646 3645 3643 3642 3641 3640 3639 3638 -1 
Truck #69242 MaxCap: 20 Demand: 19.0 ROUTE:0 3697 3696 3694 3693 3692 3691 3689 3688 3687 3686 3685 3684 3683 3681 157 156 154 153 149 -1 
Truck #69243 MaxCap: 40 Demand: 39.0 ROUTE:0 5540 5539 5538 5537 5536 5535 5534 5533 5532 5531 5530 5529 5528 5527 5526 5525 5524 5523 5522 5521 3695 1107 1106 1105 1104 1100 1099 428 427 426 425 424 423 422 421 419 418 159 158 -1 
Truck #69244 MaxCap: 20 Demand: 19.0 ROUTE:0 3018 3017 3702 3701 3700 5590 5589 5588 5587 5586 5585 5584 1103 1101 1098 1097 1096 3699 3698 -1 
Truck #69245 MaxCap: 40 Demand: 39.0 ROUTE:0 3601 3599 6254 6253 6252 6247 6246 6245 6244 6243 6240 3418 3417 3416 3410 3409 3402 3401 3400 6292 6288 6281 3016 3015 3014 3013 442 441 439 438 437 436 435 434 433 432 431 430 429 -1 
Truck #69246 MaxCap: 20 Demand: 19.0 ROUTE:0 3603 3600 6261 6260 6259 6258 6257 6256 6251 6250 6249 6242 6241 6239 6238 2102 2101 2100 2099 -1 
Truck #69247 MaxCap: 20 Demand: 19.0 ROUTE:0 7311 7309 7308 7307 7306 7305 7304 7303 7302 7301 7300 7299 148 147 5583 5582 5581 5580 5579 -1 
Truck #69248 MaxCap: 20 Demand: 19.0 ROUTE:0 2097 2096 2095 2094 2093 2092 2091 2411 6299 6297 6296 6291 6290 6289 6287 6285 6283 4374 4373 -1 
Truck #69249 MaxCap: 40 Demand: 39.0 ROUTE:0 146 145 139 136 131 129 128 127 126 125 124 5223 5222 5221 5220 5219 5218 5217 5216 5215 5214 5213 5212 5211 5210 5878 5876 5875 5873 5870 1220 6305 6304 6302 6301 6300 6295 6294 6293 -1 
Truck #69250 MaxCap: 20 Demand: 19.0 ROUTE:0 6547 6546 6545 6543 6541 6540 6537 6536 144 143 142 141 138 137 135 134 133 132 130 -1 
Truck #69251 MaxCap: 20 Demand: 19.0 ROUTE:0 1222 1219 1218 7237 7236 7235 175 174 7371 7370 7369 7368 7367 7366 7365 7364 7363 5881 5877 -1 
Truck #69252 MaxCap: 40 Demand: 39.0 ROUTE:0 3895 5880 5879 5748 5747 5743 5741 7250 173 172 1349 1346 1344 1343 1342 1341 1340 1091 1089 1088 1086 1084 1083 1076 1074 5825 5822 6417 6416 5721 5720 3114 3112 3111 3110 3107 3101 3100 3097 -1 
Truck #69253 MaxCap: 60 Demand: 59.0 ROUTE:0 6692 6691 6689 6688 6687 6686 6685 6684 6683 6681 6680 6677 6676 6675 6674 6672 5002 5001 5000 4999 4998 5722 7526 7523 5746 1090 1085 1080 1078 1075 6574 6572 6571 7965 7964 7962 7961 7960 7959 7958 7957 7956 7954 1345 7347 3186 1183 7993 7992 7991 7597 6837 6834 6826 6544 3113 3106 3096 3093 -1 
Truck #69254 MaxCap: 20 Demand: 19.0 ROUTE:0 8018 9275 9274 8855 8854 8853 8852 8851 8850 8849 8848 7953 4916 4912 4910 8002 1824 1821 1818 -1 
Truck #69255 MaxCap: 20 Demand: 19.0 ROUTE:0 6280 6279 7273 7272 7271 7270 7269 7268 7267 7266 7251 7249 7247 7246 7244 7243 7242 7240 7238 -1 
Truck #69256 MaxCap: 20 Demand: 19.0 ROUTE:0 6737 6736 6734 6733 6731 6730 6728 6727 6726 3109 3108 3105 3104 3103 3102 3099 3098 3095 3094 -1 
Truck #69257 MaxCap: 20 Demand: 19.0 ROUTE:0 5819 5818 5810 7529 7528 7527 7525 7524 7522 668 667 666 665 664 663 662 661 660 659 -1 
Truck #69258 MaxCap: 20 Demand: 19.0 ROUTE:0 838 837 836 835 834 833 832 831 830 829 828 827 826 825 5728 5726 5725 5724 5723 -1 
Truck #69259 MaxCap: 40 Demand: 39.0 ROUTE:0 3944 3942 3941 3940 3939 3937 3936 3935 3934 3933 3932 3931 3930 3929 3928 3927 3926 3925 3924 3923 3922 7349 7346 6586 6585 6583 6582 6578 6576 6573 6569 5727 6542 6539 6538 6535 6534 6533 6532 -1 
Truck #69260 MaxCap: 20 Demand: 19.0 ROUTE:0 7521 7520 7519 7518 7517 7516 5824 5823 7345 7344 6588 6587 6584 6581 6580 6579 6577 6575 6570 -1 
Truck #69261 MaxCap: 60 Demand: 59.0 ROUTE:0 5296 5295 5294 5293 5292 5291 3943 3938 3921 4918 4917 4915 4914 4913 4911 7109 7108 7107 8695 8694 8693 8692 8691 8690 8689 8688 8687 8686 8685 8684 8675 8674 8673 8672 8671 8670 8669 8668 8667 8666 8665 8664 8663 8662 8661 8660 8659 8658 8657 8656 8003 8893 8892 8891 8890 8889 8888 8887 8886 -1 
Truck #69262 MaxCap: 20 Demand: 19.0 ROUTE:0 6603 6598 6596 6594 6593 6592 6590 6589 7352 7351 7350 7348 7260 7259 7258 7257 7256 7255 7253 -1 
Truck #69263 MaxCap: 40 Demand: 39.0 ROUTE:0 8826 8825 8824 8823 8822 8821 8820 8819 8818 8817 8816 8815 8814 8813 8812 8811 8810 8809 8808 8807 8806 8805 8804 8803 9228 9227 9226 9130 9129 9128 9127 9126 9125 9124 9123 9122 9121 1823 1822 -1 
Truck #69264 MaxCap: 40 Demand: 39.0 ROUTE:0 7263 7254 7252 1184 1181 1180 3764 3763 3762 3761 3760 5867 800 798 796 795 794 790 3190 3187 3185 3184 3183 6842 6841 6840 6839 6838 6836 6835 6833 6832 6831 6830 6829 6828 6827 6825 6824 -1 
Truck #69265 MaxCap: 40 Demand: 39.0 ROUTE:0 2476 2475 2474 2473 2472 2471 4288 4283 8119 8116 8112 9049 9048 9047 9046 9045 9044 9043 9042 9041 9040 9039 9038 9037 9036 9035 9034 9033 9032 9031 9030 9029 9028 9027 9026 797 782 9229 7264 -1 
Truck #69266 MaxCap: 20 Demand: 19.0 ROUTE:0 6671 6670 6669 6668 6667 6666 6665 6664 6663 6662 6661 6660 6659 6658 3191 3189 3188 7262 7261 -1 
Truck #69267 MaxCap: 20 Demand: 19.0 ROUTE:0 3419 3415 3414 3413 3412 3408 3407 3406 3405 3404 3403 3399 845 844 843 842 841 840 839 -1 
Truck #69268 MaxCap: 20 Demand: 19.0 ROUTE:0 672 671 670 669 1095 1094 1093 1092 1087 1082 1081 1079 1077 1073 801 799 793 792 791 -1 
Truck #69269 MaxCap: 20 Demand: 19.0 ROUTE:0 7587 7586 7585 5874 5872 5871 5869 5868 6452 6451 6450 1185 1182 1179 1178 1177 1176 1175 1174 -1 
Truck #69270 MaxCap: 60 Demand: 59.0 ROUTE:0 6558 2243 7362 7361 7360 7359 7358 7357 7355 7354 7353 1123 1112 7792 7791 7790 7788 7786 7785 7784 5556 5555 5554 5553 5552 5551 165 5856 3765 7059 7834 7833 8177 8176 8011 8010 8009 8008 8007 8006 8005 8004 8001 8000 7999 7998 7997 7996 7995 7994 6468 6464 6456 6600 6599 5944 5933 2416 2413 -1 
Truck #69271 MaxCap: 60 Demand: 59.0 ROUTE:0 5069 5068 5067 5066 2421 2420 2247 2245 2233 7356 7801 7796 7789 8786 8785 8784 8783 8782 8781 8780 8779 8778 8777 8776 8775 8774 8773 8772 7062 7057 7051 8021 8017 8016 8015 8014 8012 8125 8124 8123 8122 8121 8120 8118 8117 8115 8114 8113 8904 8903 8902 8901 8900 8899 8898 8897 8896 8895 8894 -1 
Truck #69272 MaxCap: 40 Demand: 39.0 ROUTE:0 2248 2246 2244 2242 2241 2240 2239 2238 2424 2423 2422 2419 2418 2417 2415 2414 2412 5945 5941 5940 5930 5929 5927 4303 4286 6471 6470 6466 6465 6462 6461 6460 6455 6454 6602 6601 6597 6595 6591 -1 
Truck #69273 MaxCap: 20 Demand: 19.0 ROUTE:0 6469 6467 6463 6459 6458 6457 6453 4296 4295 4294 4293 4292 4291 4290 4289 4287 4285 4284 4282 -1 
Truck #69274 MaxCap: 20 Demand: 19.0 ROUTE:0 4908 4907 4905 4904 4903 4902 4901 4900 4899 4897 4896 4895 4304 4302 4301 4300 4299 4298 4297 -1 
Truck #69275 MaxCap: 20 Demand: 19.0 ROUTE:0 6567 6566 6565 6564 6563 6562 6559 5946 5943 5942 5939 5938 5937 5936 5935 5934 5932 5931 5928 -1 
Truck #69276 MaxCap: 40 Demand: 39.0 ROUTE:0 6568 6561 6560 2237 2236 2235 2234 2232 2231 2230 2229 8187 8185 8179 7851 7830 170 169 167 166 164 163 161 7064 7063 7061 7060 7058 7056 7055 7054 7053 7052 7050 7049 1118 1113 1111 1109 -1 
Truck #69277 MaxCap: 20 Demand: 19.0 ROUTE:0 9191 9190 9189 9188 9187 9186 9185 9184 9183 9182 9181 9180 9179 171 168 162 160 1122 1121 -1 
Truck #69278 MaxCap: 40 Demand: 39.0 ROUTE:0 8499 8498 8497 8496 8495 8494 8493 8492 8491 8490 8489 8488 8487 8486 8485 8484 8483 8020 8019 8013 2495 2494 2493 2492 2491 2490 2489 2488 2487 2486 2485 2484 2483 2482 2481 2480 2479 2478 2477 -1 
Truck #69279 MaxCap: 20 Demand: 19.0 ROUTE:0 7852 7850 7849 7848 7847 7846 7845 7844 7843 7842 7841 7840 7839 7838 7837 7836 7835 7832 7831 -1 
Truck #69280 MaxCap: 20 Demand: 19.0 ROUTE:0 1120 1119 1117 1116 1115 1114 1110 8190 8189 8188 8186 8184 8183 8182 8181 8180 8178 7853 3168 -1 
Truck #69281 MaxCap: 40 Demand: 39.0 ROUTE:0 5865 5864 5863 5862 5861 5859 5855 5853 8589 8588 8587 8586 8585 8584 8583 8582 8581 8580 8579 8578 8577 8576 3714 3708 3706 6354 5699 5697 5689 5687 5682 5681 5680 3178 3174 3173 3172 3170 3169 -1 
Truck #69282 MaxCap: 40 Demand: 39.0 ROUTE:0 1593 7216 4906 4898 7865 7863 7861 7860 7858 7725 2590 2589 2588 2587 2586 2585 2584 2583 2582 2581 2580 2579 2578 2577 2576 2575 2574 2573 2572 2571 2570 2569 2568 2567 8504 8503 8502 8501 8500 -1 
Truck #69283 MaxCap: 20 Demand: 19.0 ROUTE:0 7205 7879 7868 7803 7802 7800 7798 7787 8293 4469 5602 5601 5600 5599 5598 5597 5596 5595 5594 -1 
Truck #69284 MaxCap: 60 Demand: 59.0 ROUTE:0 3893 3880 338 329 3252 3250 3474 4483 4482 4480 4479 4478 4477 4476 4475 4474 4473 4472 4471 4470 4468 4467 4466 4465 2425 6175 4450 4449 4448 4447 4445 4444 4443 4441 4439 4437 4436 3711 3704 6068 6361 6353 6351 7806 7805 7804 7799 7797 7795 7794 7793 5696 5695 5691 5679 5550 5549 5548 7111 -1 
Truck #69285 MaxCap: 20 Demand: 19.0 ROUTE:0 7874 7873 7872 7871 7870 7869 7867 7866 7864 7862 7859 3182 3181 3180 3179 3177 3176 3175 3171 -1 
Truck #69286 MaxCap: 20 Demand: 19.0 ROUTE:0 3248 5703 5702 5701 5700 5698 5694 5693 5692 5690 5688 5686 5685 5684 5683 7878 7877 7876 7875 -1 
Truck #69287 MaxCap: 20 Demand: 19.0 ROUTE:0 5866 5860 5858 5857 5854 5852 5851 5850 5849 5848 5847 5846 3715 3713 3712 3710 3709 3707 3705 -1 
Truck #69288 MaxCap: 20 Demand: 19.0 ROUTE:0 6272 6271 6270 6269 6267 6277 6275 6274 6273 4277 4276 4275 4274 4273 4272 4271 4270 4269 4909 -1 
Truck #69289 MaxCap: 40 Demand: 39.0 ROUTE:0 327 3261 3259 3255 3251 3249 6177 6174 6173 6169 6167 6166 5735 5734 5732 5729 7727 6078 6075 6072 6070 6066 6064 6061 6060 6365 6364 6360 6356 6355 5713 5712 5710 5708 5706 5705 5704 3891 3883 -1 
Truck #69290 MaxCap: 20 Demand: 19.0 ROUTE:0 7719 7718 6077 6076 6074 6073 6071 6069 6067 6065 6063 6062 5711 5709 5707 4281 4280 4279 4278 -1 
Truck #69291 MaxCap: 60 Demand: 59.0 ROUTE:0 7218 7217 7215 7214 7213 7212 7211 7210 7209 7208 7207 7206 7204 7203 7202 7201 7200 7199 7198 4481 8795 8794 8793 8792 8791 8790 8789 8788 8787 4442 4440 4438 2432 4733 4731 4730 4729 4726 4725 4724 4723 4721 4720 4877 4876 4875 4874 4873 4872 4871 4870 4869 4868 4866 4865 4864 4863 4862 4861 -1 
Truck #69292 MaxCap: 20 Demand: 6.0 ROUTE:0 3886 3885 3884 3882 3881 3879 -1 
Truck #69293 MaxCap: 20 Demand: 18.0 ROUTE:0 3066 3064 3061 3057 3055 3054 3053 3052 5985 5983 5982 5981 3894 3892 3890 3889 3888 3887 -1 
Truck #69294 MaxCap: 20 Demand: 19.0 ROUTE:0 3703 8288 8287 8286 8285 8284 8283 8282 8281 8280 8279 8278 8277 8276 8275 8274 8273 1594 1592 -1 
Truck #69295 MaxCap: 20 Demand: 19.0 ROUTE:0 1395 1393 1392 1390 6176 6172 6171 6170 6168 8295 8294 8292 8290 8289 5269 5268 5267 5266 5265 -1 
Truck #69296 MaxCap: 40 Demand: 39.0 ROUTE:0 2810 2809 2808 2807 2806 2805 2804 2803 2802 2801 2800 2799 2798 2797 8291 4773 3790 3782 3780 4191 4190 4188 1689 1686 4727 4722 8711 8710 8709 8708 8707 8706 8705 5455 5454 5453 5452 5451 5450 -1 
Truck #69297 MaxCap: 20 Demand: 19.0 ROUTE:0 5607 5606 5605 5604 5603 4446 7555 2428 4945 4942 2522 2521 2520 2519 4732 4728 2899 4879 4867 -1 
Truck #69298 MaxCap: 20 Demand: 18.0 ROUTE:0 350 349 348 347 346 345 344 343 342 341 340 339 337 336 335 334 333 332 -1 
Truck #69299 MaxCap: 20 Demand: 19.0 ROUTE:0 1591 1590 1589 1588 1587 1586 1585 1584 1583 1582 1581 1580 3262 3260 3258 3257 3256 3254 3253 -1 
Truck #69300 MaxCap: 20 Demand: 19.0 ROUTE:0 3608 3605 3786 3785 3784 3783 3781 4772 4771 4770 4769 5740 5739 5736 5733 5731 5730 3167 3166 -1 
Truck #69301 MaxCap: 40 Demand: 39.0 ROUTE:0 5829 5828 5826 5966 5963 5960 5958 5957 5955 5952 5950 5948 5947 3390 3389 3388 3385 3384 3383 5334 5333 5332 5331 5330 5329 5328 5327 5326 5325 5324 5323 5322 1211 1209 5738 5737 3607 3606 3165 -1 
Truck #69302 MaxCap: 60 Demand: 59.0 ROUTE:0 3065 3062 3059 5668 4324 4323 4322 4321 4320 4319 4318 4317 4316 4315 4314 7457 7449 2433 2431 2430 2429 2427 2426 4949 4948 4947 4944 4943 4941 4940 4939 4938 4937 4936 4935 4934 5970 5969 5968 5964 3994 3990 6276 3667 3666 3665 3664 3663 3662 3661 3660 3659 3658 3657 3656 3655 1528 1527 1523 -1 
Truck #69303 MaxCap: 60 Demand: 59.0 ROUTE:0 4881 4880 4878 457 3999 4196 4195 4194 4193 4192 4189 4187 4186 4185 4184 4183 4181 4946 7460 1750 1749 1748 1747 1746 1745 1744 1743 1742 1741 1740 1739 1736 1735 1733 1732 4413 4412 4411 4410 4409 4408 2400 2396 4120 4137 1846 1845 1844 1843 1842 1841 1840 1839 1838 1837 1836 1835 1833 1832 -1 
Truck #69304 MaxCap: 20 Demand: 19.0 ROUTE:0 4634 4633 4632 5953 5951 5949 7560 7559 7558 7557 7556 7554 7553 7552 7551 3791 3789 3788 3787 -1 
Truck #69305 MaxCap: 20 Demand: 19.0 ROUTE:0 3391 3387 3386 3382 1217 1216 1215 1214 1213 1212 1210 5971 5967 5965 5962 5961 5959 5956 5954 -1 
Truck #69306 MaxCap: 20 Demand: 19.0 ROUTE:0 5368 5367 5366 5365 5364 5363 5362 5361 5360 5359 5358 5357 5356 5355 5354 5353 5352 4326 4182 -1 
Truck #69307 MaxCap: 20 Demand: 19.0 ROUTE:0 1374 1373 1372 1371 1694 1693 1692 1691 1690 1688 1687 1370 1368 1367 5833 5832 5831 5830 5827 -1 
Truck #69308 MaxCap: 40 Demand: 39.0 ROUTE:0 727 726 725 5984 458 456 455 454 3333 3332 3331 3330 3329 1397 1396 1394 1391 1369 1366 4001 4000 3998 3997 3996 3995 3993 3992 3991 3989 6278 6268 2435 2434 1526 1525 1524 1522 1520 1518 -1 
Truck #69309 MaxCap: 20 Demand: 19.0 ROUTE:0 1913 1912 1910 1909 1908 1907 1906 1905 1903 5671 5670 5669 5666 732 731 730 729 728 724 -1 
Truck #69310 MaxCap: 20 Demand: 19.0 ROUTE:0 5281 5280 5279 5278 5277 5276 5275 5274 5273 5272 5271 5270 331 330 328 326 1521 1519 1517 -1 
Truck #69311 MaxCap: 40 Demand: 39.0 ROUTE:0 1944 5672 5667 5665 6388 3194 7462 7461 7459 7458 7456 7455 7454 7453 7452 7451 7450 2444 2443 2442 2441 2440 2439 2438 2437 2436 3067 3063 3060 3058 3056 3051 3050 6555 6554 6553 6551 6550 6549 -1 
Truck #69312 MaxCap: 40 Demand: 37.0 ROUTE:0 7480 1957 1952 1951 1939 3737 2820 2819 2818 2817 2816 2815 2814 2813 2812 2811 1920 1918 4426 1737 1734 1884 4539 3675 3674 2090 9051 9050 4927 4922 4921 2341 2340 597 590 586 4560 -1 
Truck #69313 MaxCap: 20 Demand: 19.0 ROUTE:0 1955 1954 1953 1950 1949 1948 1947 1946 1945 1943 1942 1941 1940 1938 1937 6557 6556 6552 6548 -1 
Truck #69314 MaxCap: 60 Demand: 56.0 ROUTE:0 3531 3526 76 75 68 4329 4328 4327 4325 6400 6398 5135 5134 5133 5132 5131 5130 5129 5128 5127 5126 5125 5124 5123 5122 5121 5120 5119 5118 5117 5116 5115 5114 5113 5112 5111 8224 3193 2958 1277 1271 3630 2405 2402 2401 2399 2397 4119 4118 4117 4116 4115 4114 1145 6104 6096 -1 
Truck #69315 MaxCap: 20 Demand: 19.0 ROUTE:0 1924 1923 1922 1921 1919 1917 1915 1914 1959 1958 1956 77 73 71 70 69 67 63 61 -1 
Truck #69316 MaxCap: 20 Demand: 19.0 ROUTE:0 1834 2841 2840 2839 2838 2837 2836 2835 2834 2833 2832 1738 4407 2404 2403 2398 1916 1911 1904 -1 
Truck #69317 MaxCap: 40 Demand: 39.0 ROUTE:0 78 74 72 66 65 64 62 6401 6399 6396 6394 6393 6392 6391 8231 8230 8229 8228 8227 8226 8225 3355 3354 3351 3349 3348 3347 3346 3344 3343 3341 3336 3335 3334 1279 1278 1276 1273 1272 -1 
Truck #69318 MaxCap: 20 Demand: 19.0 ROUTE:0 3192 2962 2961 2960 2959 1275 1274 3356 3353 3352 3350 3345 3342 3340 3339 3338 3337 80 79 -1 
Truck #69319 MaxCap: 20 Demand: 19.0 ROUTE:0 3974 1826 1825 1820 1819 1817 1814 1813 1812 7479 7478 7488 7487 7486 7485 7484 7483 7482 7481 -1 
Truck #69320 MaxCap: 60 Demand: 59.0 ROUTE:0 4571 4570 4569 4568 4567 4566 4565 4564 4563 4562 4561 604 603 602 601 600 599 598 596 594 593 592 591 588 585 583 582 581 1794 1793 1792 1791 1790 1789 1787 1786 1785 1784 1783 1782 1781 1780 4532 4531 4530 4528 4527 4425 4424 4423 4422 4421 4420 4419 4418 4417 4416 4415 4414 -1 
Truck #69321 MaxCap: 40 Demand: 39.0 ROUTE:0 2982 2981 2980 2973 2970 2968 2966 2964 1508 1506 2678 1173 1167 8049 6529 6528 6527 6526 4790 4781 3631 3627 3625 3624 3623 3622 3621 3619 3615 3614 3612 3216 3212 3211 3204 3202 3200 3198 5282 -1 
Truck #69322 MaxCap: 20 Demand: 19.0 ROUTE:0 3742 3741 3740 3739 3738 6403 6402 6397 6395 6390 6389 6387 5642 5641 5640 5639 5638 5637 5636 -1 
Truck #69323 MaxCap: 20 Demand: 19.0 ROUTE:0 3217 3215 3214 3213 3210 3209 3208 3207 3206 3205 3203 3201 3199 3197 3196 3195 2963 2342 2339 -1 
Truck #69324 MaxCap: 20 Demand: 18.0 ROUTE:0 4794 4793 1788 6896 2343 4924 8345 4645 2076 7514 7511 7499 1880 4546 4542 4529 3671 4572 -1 
Truck #69325 MaxCap: 20 Demand: 19.0 ROUTE:0 4786 4785 4784 4783 4782 4780 4779 4778 4777 4776 2352 2351 2350 2349 2348 2347 2346 2345 2344 -1 
Truck #69326 MaxCap: 20 Demand: 19.0 ROUTE:0 3620 3618 3617 3616 3613 3611 3610 3609 1887 1886 1885 1883 1882 1881 1879 4791 4789 4788 4787 -1 
Truck #69327 MaxCap: 20 Demand: 19.0 ROUTE:0 2113 2112 2111 2109 2108 2107 2106 2104 2103 8051 8050 8048 8047 8046 6531 6530 3629 3628 3626 -1 
Truck #69328 MaxCap: 60 Demand: 52.0 ROUTE:0 4799 4798 4797 4796 4795 4792 4545 4544 4543 4541 4540 4538 4537 4536 4535 4534 4533 9025 9024 9023 9022 9021 7513 7496 2089 2088 2087 2086 2085 2084 2083 2082 2081 2080 2079 2078 2077 8349 8348 8347 8346 4931 4930 4929 4928 4926 4925 4923 4920 4919 6898 6897 -1 
Truck #69329 MaxCap: 20 Demand: 19.0 ROUTE:0 6107 6105 6101 6098 6093 6091 6090 1012 1011 1010 1009 1008 1007 1006 1005 1004 1003 1002 1001 -1 
Truck #69331 MaxCap: 20 Demand: 19.0 ROUTE:0 7009 7007 7006 7005 7003 3535 3534 3530 3529 3528 3525 1172 1171 1170 1169 1168 1015 1014 1013 -1 
Truck #69332 MaxCap: 40 Demand: 39.0 ROUTE:0 3230 3229 3228 3221 534 533 493 491 482 479 473 285 283 282 280 276 275 272 270 269 6723 2110 2105 7684 3365 3363 3360 3357 2470 2469 2468 2467 2466 2465 2464 2463 3533 3532 3527 -1 
Truck #69333 MaxCap: 20 Demand: 19.0 ROUTE:0 3678 3677 3676 3673 3672 3670 3669 3680 3679 3364 3362 3361 3359 3358 7683 7682 7681 7680 7679 -1 
Truck #69334 MaxCap: 20 Demand: 5.0 ROUTE:0 595 589 587 584 7008 -1 
Truck #69335 MaxCap: 20 Demand: 19.0 ROUTE:0 1507 2984 2978 2977 2976 2975 2974 2972 2971 2969 2967 2965 2120 2119 2118 2117 2116 2115 2114 -1 
Truck #69336 MaxCap: 40 Demand: 38.0 ROUTE:0 6106 6103 6102 6100 6099 6097 6095 6094 6092 6089 8749 8748 8747 8746 8745 8744 8743 8742 8741 8740 8739 8738 8737 8736 8735 8734 8733 8732 8731 8730 8729 8801 8800 8799 8798 8797 8796 8750 -1 
Truck #69337 MaxCap: 20 Demand: 17.0 ROUTE:0 3475 8232 7734 7733 7732 7731 7730 7729 7728 7726 7724 7723 7722 7721 7720 1512 1509 -1 
Truck #69338 MaxCap: 40 Demand: 31.0 ROUTE:0 7004 7002 8084 8083 8077 8076 8071 8068 8063 9073 9072 9071 9070 9069 9068 9067 9066 9065 9064 9063 9062 9061 9060 9059 9058 9057 9056 9055 9054 9053 9052 -1 
Truck #69801 MaxCap: 100 Demand: 92.0 ROUTE:0 7924 7926 7927 7928 6893 6894 6895 6899 6201 1505 1510 1511 2979 2983 6725 6993 6995 6996 1407 1362 7933 7934 7935 7936 7937 7938 7939 7940 7941 7942 7943 7944 7945 7946 7947 7949 7950 7952 7503 7504 7505 7506 7507 7508 7509 7510 7512 7515 7497 7498 7500 7501 7502 4646 4647 251 863 864 865 866 867 868 869 870 871 872 873 874 875 876 877 878 879 880 881 882 4331 4337 4338 1795 1797 1798 49 53 57 6188 6191 6195 6604 6607 225 3587 -1 


Inital Solution 0 changes  totQ=9342.00 totD=51885.56 $11633.79
Local One Opt 228 changes  totQ=9342.00 totD=51390.17 $11595.28
Local Two Opt 99 changes  totQ=9342.00 totD=51324.19 $11590.49
Local Three Opt 16 changes  totQ=9342.00 totD=51286.85 $11586.68
K-Two Forward 0 changes  totQ=9342.00 totD=51286.85 $11586.68
K-Two Reverse 0 changes  totQ=9342.00 totD=51286.85 $11586.68
K-Three Forward 0 changes  totQ=9342.00 totD=51286.85 $11586.68
K-Three Reverse 1 changes  totQ=9342.00 totD=51283.78 $11586.32
Exchange 01 7 changes  totQ=9342.00 totD=51133.91 $11582.54
Exchange 01 0 changes  totQ=9342.00 totD=51133.91 $11582.54
Exchange 11 129 changes  totQ=9342.00 totD=49739.13 $11553.80
Exchange 02 6 changes  totQ=9342.00 totD=49850.54 $11551.04
Exchange 20 0 changes  totQ=9342.00 totD=49850.54 $11551.04
Exchange 12 47 changes  totQ=9342.00 totD=49188.05 $11535.70
Exchange 21 0 changes  totQ=9342.00 totD=49188.05 $11535.70
Exchange 22 0 changes  totQ=9342.00 totD=49188.05 $11535.70
Combination 1 changes  totQ=9342.00 totD=49188.05 $11535.70
Reduction 0 changes  totQ=9342.00 totD=49108.92 $11521.85
Reallocation 0 changes  totQ=9342.00 totD=49108.92 $11521.85
Relax/Combine 0 changes  totQ=9342.00 totD=49108.92 $11521.85
Sharing 0 changes  totQ=9342.00 totD=49108.92 $11521.85
Relax/Share 0 changes  totQ=9342.00 totD=49108.92 $11521.85
