50
-1 null 0 0.0 0.0 0.0
1 1 7 37.0 52.0 0.16434029094839275
2 1 30 49.0 49.0 0.5228602265156865
3 1 16 52.0 64.0 0.20400113138678921
4 1 9 20.0 26.0 0.8031405531810941
5 1 21 40.0 30.0 0.7266420837210202
6 1 15 21.0 47.0 0.7940061842358846
7 1 19 17.0 63.0 0.26587654150677076
8 1 23 31.0 62.0 0.5380698009048502
9 1 11 52.0 33.0 0.46769423804021826
10 1 5 51.0 21.0 0.28143657816820156
11 1 19 42.0 41.0 0.6340354383986174
12 1 29 31.0 32.0 0.15942453238854748
13 1 23 5.0 25.0 0.525108382811208
14 1 21 12.0 42.0 0.9020911025561319
15 1 10 36.0 16.0 0.16371856192206702
16 1 15 52.0 41.0 0.8694557889554335
17 1 3 27.0 23.0 0.9985440981353049
18 1 41 17.0 33.0 0.14762317937352631
19 1 9 13.0 13.0 0.585740951484636
20 1 28 57.0 58.0 0.961657383274702
21 1 8 62.0 42.0 0.1318730485821955
22 1 8 42.0 57.0 0.9892337341448856
23 1 16 16.0 57.0 0.8264492052720298
24 1 10 8.0 52.0 0.9441155914671484
25 1 28 7.0 38.0 0.9779376142080518
26 1 7 27.0 68.0 0.8968213329506015
27 1 15 30.0 48.0 0.9797830536737533
28 1 14 43.0 67.0 0.5210257357299416
29 1 6 58.0 48.0 0.0775506928329589
30 1 19 58.0 27.0 0.8109794167998924
31 1 11 37.0 69.0 0.6178730561273684
32 1 12 38.0 46.0 0.7733482695399412
33 1 23 46.0 10.0 0.8455162201416555
34 1 26 61.0 33.0 0.3253180703214459
35 1 17 62.0 63.0 0.6158644279884586
36 1 6 63.0 69.0 0.7516476559029014
37 1 9 32.0 22.0 0.4238329431717628
38 1 15 45.0 35.0 0.9117821681758813
39 1 14 59.0 15.0 0.5621643413405606
40 1 7 5.0 6.0 0.2224777174168283
41 1 27 10.0 17.0 0.735876312843138
42 1 13 21.0 10.0 0.7530832223975161
43 1 11 5.0 64.0 0.12706781729116312
44 1 16 30.0 15.0 0.4942469072861526
45 1 10 39.0 10.0 0.35523671619194097
46 1 5 32.0 39.0 0.6340579427582079
47 1 25 25.0 32.0 0.4707257607737504
48 1 17 25.0 55.0 0.08931815921949993
49 1 18 48.0 28.0 0.5890247415548092
50 1 10 56.0 37.0 0.38771145163776877
