4
1 20.0 20.0 0.0 150.29417419433594 1
0 1 0.0 150.29417419433594 80.0 1.0E9 18
0 0 20.0 20.0 D
37 0 32.0 22.0 1
5 0 40.0 30.0 1
38 0 45.0 35.0 1
11 0 42.0 41.0 1
16 0 52.0 41.0 1
50 0 56.0 37.0 1
21 0 62.0 42.0 1
34 0 61.0 33.0 1
30 0 58.0 27.0 1
10 0 51.0 21.0 1
39 0 59.0 15.0 1
33 0 46.0 10.0 1
45 0 39.0 10.0 1
15 0 36.0 16.0 1
44 0 30.0 15.0 1
4 0 20.0 26.0 1
-1 0 20.0 20.0 D
2 30.0 40.0 0.0 121.51293182373047 1
1 1 0.0 121.51293182373047 80.0 1.0E9 14
0 0 30.0 40.0 D
46 0 32.0 39.0 1
12 0 31.0 32.0 1
17 0 27.0 23.0 1
42 0 21.0 10.0 1
19 0 13.0 13.0 1
40 0 5.0 6.0 1
41 0 10.0 17.0 1
13 0 5.0 25.0 1
25 0 7.0 38.0 1
14 0 12.0 42.0 1
18 0 17.0 33.0 1
47 0 25.0 32.0 1
-1 0 30.0 40.0 D
3 50.0 30.0 0.0 12.837102890014648 1
2 1 0.0 12.837102890014648 80.0 1.0E9 4
0 0 50.0 30.0 D
9 0 52.0 33.0 1
49 0 48.0 28.0 1
-1 0 50.0 30.0 D
4 60.0 50.0 0.0 183.6890869140625 1
3 1 0.0 183.6890869140625 80.0 1.0E9 22
0 0 60.0 50.0 D
29 0 58.0 48.0 1
2 0 49.0 49.0 1
22 0 42.0 57.0 1
1 0 37.0 52.0 1
32 0 38.0 46.0 1
27 0 30.0 48.0 1
48 0 25.0 55.0 1
6 0 21.0 47.0 1
23 0 16.0 57.0 1
24 0 8.0 52.0 1
43 0 5.0 64.0 1
7 0 17.0 63.0 1
26 0 27.0 68.0 1
8 0 31.0 62.0 1
31 0 37.0 69.0 1
28 0 43.0 67.0 1
3 0 52.0 64.0 1
36 0 63.0 69.0 1
35 0 62.0 63.0 1
20 0 57.0 58.0 1
-1 0 60.0 50.0 D
